t sp li co sp.sd li.sd co.sd
7 49.925 755.225 0.303008667221991 0.266746782836918 54.3122442161514 0.0217567511720896
17 49.95 691.5 0.277194164931279 0.220721427863152 52.5444866462988 0.0215224167969839
27 49.9 637.25 0.255931232819658 0.3038218101251 48.5728371913821 0.0194584536369307
37 49.825 586 0.236069929196168 0.384807644254793 43.518342728626 0.0177220238829337
47 49.65 542.55 0.22018943453104 0.533493565673837 38.733772449958 0.016869792941513
57 49.575 497.875 0.202556760449928 0.594310632754562 34.4630515636228 0.013216838848802
67 49.275 460.275 0.189852625070862 0.750640751932333 34.66394528273 0.0175071836451372
77 49.25 421.5 0.173831681078561 0.742483704388218 31.6276412700614 0.0133083387327132
87 49.075 386.775 0.160637081293709 0.971055465948634 31.0512293823263 0.0126689505260325
97 48.7 356.025 0.150087898638698 0.966091783079296 29.5361469111828 0.0113044449816239
107 48.275 328.45 0.141047249495416 1.0618682133693 27.9431198816086 0.0124993705733448
117 47.875 300.9 0.131229458283411 1.13651514141549 25.2949777117098 0.00923639907774374
127 47.625 275.925 0.121815659974438 1.39021304399445 23.907286197587 0.0114005376672544
137 46.975 256.575 0.116364858409806 1.54401242189769 22.7887595999116 0.00999948046125169
147 46.525 235.125 0.108888066145178 1.85344447185677 22.8890159526803 0.0115249370770327
157 45.65 217.75 0.104617633056921 1.91552362794897 21.565344944241 0.00967101923573942
167 45.125 200.95 0.0989358225906463 1.72741840877489 20.2939298743144 0.0109706385639411
177 44.675 186 0.0934415731437356 1.95313685893836 19.2886309014218 0.0104580500971706
187 43.625 173.225 0.0912796791021638 1.9959895688541 17.1486524849996 0.00954009257165356
197 43.85 162.075 0.0845105050573187 2.08228178590157 18.5795414091511 0.00998874378894428
207 43.225 150.35 0.0805641343567257 1.95444923056901 16.4839471250217 0.00794781082493761
217 42.9 139.375 0.0759036932197349 2.04813861710378 15.8546078394765 0.00879573548264104
227 41.875 131.225 0.0751200709533043 2.36629646797669 15.9959730509323 0.00962694531193412
237 40.55 121.175 0.073977377226248 2.58149231339211 15.3871199884339 0.00941423213950725
247 40.275 113.525 0.0701007837851023 2.51138433578998 14.7038936060993 0.00812448150015144
257 39.65 107.05 0.0684442277669751 2.55754289133646 12.8321511276988 0.0089137494257485
267 39.1 100.425 0.0662736821204142 2.65832027165025 11.5022573035436 0.00985571070210437
277 38.35 93.725 0.0640570266772462 2.4863731180278 10.5999213833563 0.00781918378670103
287 38.075 89.4 0.0621494243994827 2.85897148441847 11.9631914102362 0.00906318873133072
297 37.1 83.2 0.0611820704913569 3.11159947326954 9.62688542971833 0.00948379905112949
307 36.7 80.125 0.0600430104728202 2.8840854214029 10.5979860205752 0.0093302004942332
317 36.25 76.55 0.0591102899147618 3.27186922188651 9.26794862927454 0.0102393776306002
327 36.7 72.725 0.0542827146537072 3.12311481598838 10.6409646275668 0.00698597408970428
337 35.5 69.9 0.0564311234628968 3.74165738677394 10.6741960605219 0.0105708121958051
347 35.925 66.725 0.0521338918871534 3.132849116977 10.1576988611519 0.00789007497586957
357 34.425 64.625 0.0548824473612659 3.07085138115282 9.13625491359309 0.00723438232892562
367 34.425 61.975 0.052928511065988 2.9775872180384 8.71923161752227 0.00911567149734336
377 33.625 60.05 0.0537737383934503 3.05242652529225 8.35417905555703 0.00882747455436072
387 33.9 58.975 0.052377811982823 3.2486683662458 7.9015983452879 0.0109114960602327
397 34.325 57.75 0.0497260404163798 2.74924231986439 7.85036337555181 0.00950963577856493
407 33.725 57.15 0.0509206579364669 2.55189723287978 6.39531078212779 0.00886370891909956
417 33.775 55.675 0.0497106275260945 2.84188002056421 6.60375767155454 0.00986832121257072
427 33.025 54.3 0.0503347858342735 2.70315580055077 7.64333126460661 0.00870698079817067
437 32.65 52.8 0.0500954581215497 2.76006317281846 7.2931298898171 0.00837564649083154
447 32.525 51.875 0.049383228504132 2.57191438227317 6.4577026160178 0.00663708333635006
457 32.4 50.225 0.0485765152307135 3.06175749764069 6.65827998117324 0.00883704707179953
467 31.825 49.7 0.049572294426106 2.63007750690121 6.2108259494498 0.00723583674151032
477 33.025 48.925 0.0455635363712768 3.29325262020891 6.19920383639127 0.00794427453963492
487 32.45 48.25 0.0463822529248296 2.48017782654431 6.14253768655669 0.00814787759492298
497 31.65 47.025 0.0475993583692135 2.61700553089174 5.47950727711899 0.00816599928178369
507 31.7 45.6 0.0460544430980922 2.91943092452569 5.7726143923769 0.00822278444505076
517 31.225 46 0.0476148032757555 2.39108922717403 6.00854092959049 0.00744966077767074
527 31.125 44.7 0.0467477024115915 2.25533555408912 6.3818653329732 0.00910508685222386
537 31.875 44.5 0.0443727955961848 3.12301218828956 6.43707211672337 0.00756740483084996
547 31.3 43.3 0.045057911596524 3.37562909616442 6.30913054272363 0.00900668971429402
557 31.025 43.475 0.0462859179739076 3.31652815069599 5.76010817206119 0.0100136217213767
567 31.6 44.25 0.0452568916046072 3.5213633723318 6.04576562986708 0.00898635286911822
577 30.25 43.025 0.047723684940133 2.74329018254377 5.65906352676836 0.00852516937960245
587 30.45 42.575 0.0464994243573365 2.52119222916664 5.6427284725906 0.00810405085073133
597 30.325 41.9 0.0463488494947649 2.99903830739635 5.7592734584521 0.00857079691144209
607 30 40.925 0.0462611162617115 3.30500785522167 6.50202138194593 0.00872111167998226
617 30.15 41.75 0.0464214385206221 2.60718927150215 6.29101923991042 0.00770455244194003
627 31.05 41.55 0.0435177264976393 3.01236766918631 6.36073693521233 0.00699342552791711
637 30.825 41.425 0.0442029286050704 3.26510297477697 6.13057700049305 0.00756866327277836
647 30.775 41.625 0.0447274357005186 3.3625959141787 6.17558260513294 0.00877440526278124
657 30.775 41.625 0.044527579947035 3.19845716012083 6.13392207319265 0.00740497038950893
667 31.1 41.975 0.0440283706374975 3.26441576034828 5.6906919051179 0.00724560608388487
677 30.4 41.625 0.045875936150635 3.01109061083632 5.19707758116188 0.0086148075928283
687 31.475 41.325 0.0424949336054661 3.242249140208 5.56724624650561 0.00801754261352269
697 30.65 40.925 0.0439189583842495 2.62678510731274 5.68122188013125 0.00644117822991724
707 30.875 40.275 0.0427941234235581 2.8661373989646 5.44900602556711 0.00763468985684594
717 30.15 40 0.044550891147032 2.95738970143501 5.04848288965898 0.00681806634590814
727 30.525 39.725 0.0431565704817338 2.84638772427845 5.09392549249367 0.00689134125085071
737 30.3 39.6 0.0438355312224354 3.31430466080223 6.39230306396204 0.00817524736670933
747 30.25 39.25 0.0437203530793009 3.0697030675746 4.71631103126053 0.00825143165140807
757 30.45 39.4 0.0432748130052279 3.12926631853342 5.34837622135244 0.00812438361196131
767 30.25 39.45 0.0435335437077856 2.66746782836919 6.09308140645117 0.00699987055907644
777 29.65 39.45 0.0457688963525113 3.15049853604807 5.56523089114862 0.00899068250595242
787 29.825 39.275 0.0452300634686195 3.63661930919364 5.50052445052008 0.00917057383746827
797 30.425 39.85 0.0436082691811444 2.71640316482038 5.01561663770371 0.007453244016819
807 30 39.35 0.044645606927874 3.58057437019716 5.29416708540684 0.00804821859399744
817 30.85 40.1 0.0424140516067682 2.68471456726638 5.07785539225128 0.00511576846520786
827 29.5 39.4 0.0464472637587753 3.56622331296691 5.18281182964792 0.00946354152184502
837 30.425 39.125 0.0432867399753618 3.41855795058947 4.47321085850146 0.00819944522752533
847 30.3 39.825 0.0440464549349147 2.56405128153845 3.99927878113426 0.00734399227845132
857 30.25 39.175 0.0433354571106152 2.83521807599725 5.50937429552623 0.00718448559542933
867 30.45 39.8 0.043687122703824 3.05463078468892 5.18973345494095 0.00807086504040604
877 30.925 39.8 0.042733164233391 3.85232197711778 5.40749716976585 0.00872742339681396
887 30.175 39.05 0.0438455761137737 3.04569894298206 4.44308739966092 0.00871408647060857
897 30.2 39.35 0.0440353696518075 3.09009999008413 4.90708540576656 0.0086669803988908
907 30.3 39.2 0.0433844269809993 3.10665126000362 6.42989811300224 0.00891427010180212
917 30.075 39.075 0.0435356405731316 2.50525089587491 5.8502136713115 0.00683996942034209
927 29.725 38.8 0.044606551279128 2.99561645554266 4.47328250955117 0.0069741419919918
937 30.1 38.725 0.0431932132746103 2.72500294048301 5.2622872086828 0.00666885390163087
947 29.75 38.525 0.0439751811746851 2.7804260879889 5.26715755583111 0.0068704460721195
957 29.8 39.325 0.0452920383939797 3.21215639686936 4.92709671625005 0.00874015135386908
967 30.625 39.2 0.0422665747836706 2.77061041131409 4.80491201659088 0.00634825033162142
977 30.1 37.75 0.0425574642875285 3.57197065483108 4.7971679679599 0.00750861278106938
987 29.525 37.95 0.0451055279577768 3.68633999572782 4.87247633560448 0.0114059758356992
997 29.4 37.825 0.0443970654618494 2.72500294048301 4.88266163228465 0.00768778263053254
1007 30.175 37.75 0.0421724454324525 3.30413493857435 4.93937606357685 0.00709769743219459
1017 30.375 38.925 0.0429072091017146 2.96723561239872 4.87477810145873 0.00768469681003465
1027 29.3 38.55 0.0458837900333374 2.85728937353264 3.85606415522755 0.00905725758101005
1037 30.075 39.025 0.0440685336815707 2.9646420634037 4.52620574670866 0.00861865590283056
1047 29.975 38.675 0.0437235678199059 2.99989316049072 5.55802722795298 0.00799257013323217
1057 30.75 39.075 0.0417793340182106 3.0613387384925 5.54879289252199 0.00635754673730793
1067 30.475 38.825 0.042344032845043 2.8373651554992 4.90362241822439 0.00677882081534957
1077 29.7 38.475 0.0443850762183576 2.73814460856908 4.8250813730351 0.00860911281844238
1087 29.9 38.7 0.0436925541562141 2.49923065085115 4.55282386307719 0.00603824451597832
1097 29.95 38.85 0.0442406244006659 3.55145329588051 5.25039681040078 0.00812113886357227
1107 29.825 40 0.0456244540690009 2.7445750686932 4.39113325715029 0.00737041613898986
1117 30.475 39.575 0.0432657924193714 3.25802756123143 5.51402640358996 0.00713510983278356
1127 30.5 39.15 0.0425318576119266 2.48069469178417 4.95906318696462 0.00665969389838549
1137 30.275 37.925 0.0418874202263331 2.75483258367955 4.78987982291296 0.00695197149283033
1147 30.45 38.35 0.0421200965237682 2.87295077469945 4.92273636642603 0.00814115210302509
1157 29.05 38.2 0.0457298572099971 2.37454449073113 5.05964425626941 0.00729203200566168
1167 29.75 38.4 0.0441480570748066 2.74329018254377 4.60100323508154 0.0086163504761224
1177 29.425 38.975 0.0460356940952763 3.24935891112898 5.68618433641509 0.00964630811127208
1187 29.925 39.05 0.0444585132768132 3.40728856785207 6.14754485077642 0.00872789026317243
1197 29.95 38.875 0.0436419169384196 2.74515890904287 6.22314744342154 0.00667605419882066
1207 29.875 39.25 0.0450665924236484 3.77024449999514 6.01600429623415 0.00923180725292669
1217 30.9 39.675 0.0420690266261539 3.24076597466773 6.47831689126039 0.00731293663972577
1227 30.225 39.625 0.04388224698635 3.3625959141787 6.51108522208324 0.00700115814015397
1237 29.775 39.525 0.0455032480034953 3.32425044568562 5.60671529598716 0.00894594817102083
1247 30.05 39.2 0.0442293902663526 3.27343620915157 5.56177429723046 0.00821476234191118
1257 31.1 40.325 0.0424797697098406 3.49945050631579 5.8282578652278 0.00765114750179914
1267 30.575 40.25 0.0438058135264101 3.16136533308486 5.60562903901756 0.00808475507080696
1277 30.35 40.475 0.0443291894979412 2.50691351757802 5.27688476475589 0.006371601020719
1287 30.475 40 0.0435722625241755 2.77338541617761 5.90089084973725 0.0078207375839271
1297 30.1 39.8 0.0444819339184901 2.92469590792721 5.43587324619678 0.00717031282926875
1307 29.375 39.175 0.0457180565246325 2.50831949054874 5.29580143325945 0.00635565411230004
1317 29.4 39.4 0.0465344265658561 3.00256300772933 5.06774617379869 0.00932168281383967
1327 30.05 39.75 0.0447202743196198 2.97812537835981 5.61933475394758 0.00843775354091048
1337 29.775 38.95 0.0447137720854896 3.12547432297719 5.71525174984467 0.0085041818734574
1347 29.7 40.05 0.0457109777735957 2.4305744810008 5.82193024647941 0.00644184125697413
1357 30.075 39.325 0.0441870020698396 3.17350812920872 5.51635098639746 0.00777171386198094
1367 29.975 39.375 0.0451318670280836 3.33964146701485 5.52703147476807 0.0111147888429069
1377 29.375 38.2 0.0449496633936382 2.90611644992296 5.57098711503603 0.00813173225715542
1387 29.25 38.3 0.0456547182487605 3.24827370325871 5.88871149547361 0.00893798081116889
1397 29.75 38.5 0.0445556586715816 4.01120226238264 6.0806544856914 0.00858895559833328
1407 30.125 38.65 0.0431111691475841 3.12301218828956 6.15421473255191 0.00779122228778109
1417 29.575 38.675 0.0449340468195323 3.20166222853708 5.40364312055848 0.00774292547819972
1427 29.425 39 0.0458790546501453 3.37325453439941 6.27571632442189 0.00897918713948591
1437 29.2 38.65 0.0458322983342087 2.94566173837443 6.26978918387663 0.00779897280890679
1447 30.475 38.675 0.0422630945078529 3.38917961482399 6.43861547467848 0.00791723159193351
1457 30.475 38.625 0.0421304537860033 3.08002247744046 6.47158483343997 0.00796377909014525
1467 29.95 38.2 0.0433296735036865 3.57304725222976 6.01792195158633 0.00777797334074355
1477 29.95 38.65 0.0437559946890419 3.21016015256688 5.43752394630742 0.00729751025163462
1487 30.275 38.55 0.0425855393532166 2.95250871163959 5.97408935234012 0.00770454400558369
1497 29.125 38.3 0.0456446995483467 2.81194795151889 5.49685224609363 0.0072980166718153
1507 30.025 38.725 0.0437129258384972 3.28545746726856 5.41123001326041 0.00778828308164297
1517 30.25 39.475 0.0438392214397661 2.81707249390168 4.72303411823917 0.00784617101677374
1527 30.65 40.2 0.0432573837905265 2.52728698156333 4.97789987640242 0.00678160485633377
1537 29.375 39.5 0.0469538527178129 3.32579275299851 4.96138938356834 0.00991104090897051
1547 29.525 39.05 0.0454386403949276 2.8373651554992 5.37777954368834 0.00798117543516071
1557 29.975 38.525 0.0433416382975329 2.7872189981395 5.15397531411061 0.00668231213229382
1567 30.35 38.3 0.0424324037361673 3.3630724658051 5.6396035503507 0.00837486573371276
1577 30.55 38.7 0.0419074706821284 2.40672135742958 5.33108927148222 0.00712570910806133
1587 29.975 39.075 0.0441611382129101 2.48572849560167 4.76303878438319 0.00788247866585544
1597 30.275 38.55 0.0431858294231059 3.19444630248924 4.65722488073569 0.0098289084798881
1607 30.15 37.925 0.0423269677966474 2.68471456726638 5.06059437068566 0.00792726013132579
1617 29.675 38.35 0.0442661100980918 3.08335065830198 4.74773900304404 0.00718492449884635
1627 30.025 38.8 0.0440250957993404 3.67589165879239 5.33589681982278 0.00867338844419871
1637 30.525 38.925 0.0427005061678161 2.90876218276734 4.84311565325145 0.00925863665729628
1647 29.35 39.175 0.0465253792932699 3.06803202604218 5.21284163856125 0.00991891903388347
1657 30.15 38.975 0.0436501645429394 3.47555566485234 5.50285473698973 0.00784492022901518
1667 30.375 39.875 0.044321235526288 3.80746567572117 5.82297615331295 0.00901281023877222
1677 30.075 39.95 0.0450500283094128 3.31575493202238 5.23768396653839 0.00863762500709939
1687 30.175 39.75 0.0441992999902569 3.11232043040855 5.51803569657881 0.00688896135567146
1697 30.125 40.225 0.0451155292736869 3.27529603281354 5.10649410567388 0.00799742781673783
1707 30.45 39.825 0.0435792422060061 3.28125992061992 5.45793940641544 0.00700699562606642
1717 29.575 39.425 0.0456836771340218 3.12054811096072 5.44382736778605 0.00701011944171809
1727 29.925 39.95 0.0453924221000743 3.1976553910639 5.7465708838469 0.00861741619899214
1737 29.35 40.325 0.0476493589189991 2.76006317281846 5.3798651207952 0.00896802357574535
1747 29.925 39.975 0.045419284343368 2.91228608766554 4.86477395579955 0.00771512317558107
1757 30.2 40.1 0.0449390439696492 2.8483013381348 4.31930668700548 0.00926486221352443
1767 29.425 39.575 0.0472000645315619 3.24145820303938 4.40796191058047 0.0116122554628557
1777 29.2 39.75 0.0476003467834498 2.72876416096259 4.85560738496463 0.00962332945717615
1787 30.375 39.9 0.044068150432544 2.80738494980832 4.77063668276828 0.00831344905451808
1797 29.75 39.125 0.0454662077638337 3.10293492168384 4.17063913198334 0.0103390150461651
1807 29.65 38.6 0.0453113132113454 3.48292538403699 5.02710601358226 0.0113004849082764
1817 29.825 39.625 0.045193112200731 2.55089225214459 4.33641409225263 0.00754252630920851
1827 29.9 38.95 0.044183504711943 2.3837053681299 4.02524087509855 0.0073623711012394
1837 30.3 39.5 0.04349101071247 2.31162058815666 4.85692738155962 0.00690637235567225
1847 29.45 38.925 0.0455748101861156 2.93476072496899 5.88952786405994 0.0087024168797914
1857 28.925 38.825 0.0479605491060439 3.28467693451008 5.34879569479106 0.0130130620671397
1867 29.625 39.35 0.0452911259215987 2.55892104666731 5.86405827794877 0.00760735213850457
1877 30.225 38.75 0.0427639514265244 2.50627417821959 6.06270651247529 0.00694544004955525
1887 29.45 38.65 0.045244813811505 2.96950310960415 5.48447692852173 0.00813902293781326
1897 30.3 38.275 0.0427120950460096 2.87518115371304 5.56540366448993 0.0101684364585472
1907 29.65 38.6 0.044599072849228 2.89606275608445 5.32435141108454 0.00801334986286272
1917 29.525 39.15 0.0457362839824612 2.91756396453951 5.43752394630742 0.00913982287407228
1927 29.95 39.325 0.0448144483332346 3.29685164501389 5.66313992818064 0.00943092749119734
1937 29.9 38.85 0.0446942525091818 3.43287275974735 5.46574413729356 0.0104361671565385
1947 29.85 38.95 0.0446332774918613 2.77858108042807 5.00743037638657 0.00968103679352758
1957 29.275 38.725 0.0465094377423573 3.27372993576252 4.71760206363034 0.0111695866686352
1967 29.45 38.8 0.0455519069637185 2.98672275588358 5.02914582134061 0.00853650648950503
1977 29.425 38.175 0.044629826178955 2.96031443236382 5.28125616370449 0.00696695461497104
1987 29.55 38.5 0.0445020014890503 2.7264140062238 5.36847397502426 0.00665344082684202
1997 30.2 39.425 0.0440725441486667 3.03990553159562 4.41377505729622 0.00788344920082605
2007 29.4 38.75 0.0456773415026195 3.01109061083632 5.04213019695812 0.00851594351629291
2017 30.075 40.075 0.0449259501410217 3.17350812920872 5.85459495194006 0.00747526562294789
2027 29.5 40.2 0.0471756952290937 3.15415883378088 5.38373619195958 0.0095269606863724
2037 29.95 39.65 0.044926232532616 3.0462250703924 5.70447417743526 0.00842155101069115
2047 29.95 40.05 0.0453695907703322 3.09631708440519 5.47230790856599 0.00818815835908359
2057 30.175 40.875 0.0457510087609113 3.12875415526733 5.30692580864492 0.00858528614106893
2067 29.6 39.75 0.0455139098909139 2.55001256909924 5.90849019718713 0.00546827604149575
2077 30.225 39.525 0.0442825589765443 3.61965786738513 6.66020520204395 0.00987290822007334
2087 30.075 39.225 0.04387465316723 2.84097762155105 5.49819317641061 0.00711782734579991
2097 30.2 38.9 0.0432541851292342 2.83023963830917 5.42926542700972 0.00784154324374001
2107 30.025 38.95 0.0435907411567371 2.14221907472195 5.57903585090121 0.00749232973608637
2117 30.175 38.8 0.0430126213061678 3.23353819070832 5.87126859135186 0.00598274368787559
2127 30.15 37.9 0.0421889816536645 2.52728698156333 5.09298159612437 0.00724613180758123
2137 30.775 39.325 0.0420248323690391 2.62617495072108 5.52099721575824 0.00747234415926085
2147 30.05 38.375 0.0435503237738502 3.58021629485548 5.68708613597057 0.00935429433805511
2157 30.375 39.225 0.0431574439996794 2.97586445100734 5.36602560273717 0.00765191706009824
2167 29.6 38.925 0.0449061422105159 2.78088714861523 5.62680170575589 0.00713685686499861
2177 29.875 37.825 0.0428774605191085 2.81194795151889 5.23737798952188 0.00667858108558429
2187 30.05 38.125 0.042972939520744 3.33551210845367 5.26813108494892 0.00762582263259138
2197 29.65 38.625 0.0446080993399292 3.00896097579316 5.7498606449111 0.00817208960080591
2207 29.625 38.075 0.0440924401189449 2.91492622064348 5.19065975748254 0.00780781363798936
2217 29.4 37.1 0.04392212455278 3.16065556328803 5.23205112497565 0.0093479137207551
2227 29.725 36.8 0.0423245804118273 2.62128858505771 4.24988687632253 0.00741741694871207
2237 29.925 37.45 0.0429337594913624 3.31575493202238 4.57389471025655 0.00913253641231148
2247 30.3 37.9 0.0418851227106044 2.58397427946237 4.63984968810468 0.00718649750075871
2257 30.625 38.65 0.0420170868327645 3.03557961347476 5.38540287281872 0.00854416133670197
2267 30.175 38.925 0.0430195616396337 2.76319677371272 5.55802722795298 0.00558793610368402
2277 30.775 38.5 0.0413624849245542 2.97414068606595 5.21831095573742 0.00797767375321095
2287 30.35 38.45 0.042304987246133 3.10128178628591 5.44882956145112 0.00695040548184559
2297 29.95 38.175 0.0432986453285403 3.49321687024498 5.92209032742273 0.00792333975290447
2307 30.375 38.9 0.0427079500370262 3.02712099831862 5.97344551176716 0.00723634753627196
2317 30.325 39.525 0.0436967483985926 2.88575191285809 5.02296010387582 0.00767449969492632
2327 30.8 39.75 0.0426140772834646 2.91943092452569 5.52732141740301 0.00858525557439642
2337 30.275 39.475 0.0439906983241698 3.28155294694292 5.93549730057459 0.00956322354213398
2347 30.8 39.625 0.0423916810138594 3.05672860155915 5.30934106684648 0.00780618216269983
2357 30.125 39.4 0.0438037267033705 2.89285149006819 5.72802377877889 0.0066402290566208
2367 29.75 38.75 0.0444580220248447 2.90666784286027 4.98073210559375 0.00772539439538918
2377 29.725 38.425 0.0439187002197988 2.37494939217336 5.33439492639692 0.00741926698529701
2387 29.675 37.85 0.0438328951777446 2.89462366359535 4.95906318696462 0.00912723898351681
2397 29.875 38 0.0438253399733496 3.3679294407616 4.5573271518765 0.0100623907283393
2407 30.05 38.05 0.0424040806142226 2.7264140062238 5.70627185310501 0.00605529769726386
2417 29.975 38.025 0.043237296094056 3.39296028376099 5.54925497424932 0.00880100563868951
2427 29.925 38.6 0.044019406255237 3.39220448706314 5.04746699612024 0.00838364109324229
2437 29.775 39.2 0.0447702775934965 3.03388977708274 5.82743291329676 0.00787819525451543
2447 29.925 38.675 0.0441509986720623 2.84097762155105 5.74852266417319 0.0106269194733852
2457 30.625 38.85 0.0421700127271976 3.46178774031199 6.09139788596412 0.00821222493102308
2467 30.625 39.175 0.0423759623386299 3.16784728329135 6.19713540109357 0.0078711320428411
2477 30 38.9 0.0441712440184636 3.65148371670111 5.54145218401209 0.0085025965456685
2487 29.825 38.275 0.0434355409557907 2.64950406583417 5.3827240268026 0.00674635586048865
2497 30.3 38.125 0.0421187059032173 3.06510551121357 4.83145409974562 0.00673025008434044
2507 30.325 38.775 0.043280123207075 3.59763098690634 5.70868658835836 0.0099448081084428
2517 30.275 39.65 0.0443260935739288 3.82962473893013 5.39491688584062 0.00829287808598872
2527 30.15 39.175 0.044070920945006 3.27030148378889 5.44853544189064 0.00927997919716841
2537 29.15 38.875 0.0466187566516237 3.05127127772285 4.93125822608264 0.00874280869320956
2547 29.15 38.55 0.0462568281845864 3.41602558088062 4.93522139892531 0.0080136886865424
2557 30 38.525 0.0431339542526964 2.49100947511811 5.71990451776144 0.00684624008994022
2567 30.45 39.3 0.0435201625887643 3.30461992073413 4.6087987199514 0.00925429129429596
2577 30.25 39.55 0.0441236272266963 3.54277886005916 5.03806026979147 0.00779171035066334
2587 30.55 40.125 0.0438128390821433 3.59451148565599 5.60305548511085 0.0078033840969475
2597 30.275 39.675 0.0437304924233987 2.66974982021988 5.75298138983561 0.006984065189238
2607 30.4 39.5 0.0431427690862337 2.58000198767564 6 0.00741911690911339
2617 30.525 39.9 0.0431663322888988 2.89107823023406 6.43627540007736 0.00681768002913422
2627 29.925 40.125 0.0451479997365927 2.50525089587491 5.94930506607543 0.00679830024869632
2637 29.55 39.425 0.0465101253210528 3.34319055348675 5.89170429393563 0.011120386956382
2647 29.625 39.35 0.0459604762600082 3.29480943770186 4.92273636642603 0.00938880797101815
2657 29.7 38.275 0.044566231789514 3.05672860155915 5.69294435109069 0.0106196928692862
2667 29.85 38.875 0.0441906838519984 2.76933760477678 5.49212723254492 0.00748956597870754
2677 30.225 38.725 0.0428167312431224 2.81468220185439 6.02978717147905 0.00709871492074947
2687 29.925 38.75 0.0438019846360774 3.16541810743412 5.68285771376266 0.00675453766376782
2697 30 39.125 0.0438341768143321 2.92644879745103 6.15270422097221 0.00670397356972126
2707 29.95 38.5 0.0433446689334291 3.03779609720684 5.98288156283173 0.00674662834895082
2717 29.825 38.35 0.0443905376543909 3.8356459022151 5.43752394630742 0.0100789905552271
2727 30.7 38.35 0.0415467582776155 3.3451074107932 6.04067410060695 0.00895180348463795
2737 29.9 38.175 0.0433034407699034 3.06175749764069 5.60168243957529 0.00767316541898242
2747 29.55 37.7 0.0442192500051563 3.72758256714346 6.06883590408978 0.00941772714495955
2757 30.25 37.7 0.0418354080406294 3.59308452589922 6.10254255544569 0.00733029664076398
2767 29.65 37.375 0.0429654015163854 3.15049853604807 5.54093160731326 0.00682767961020023
2777 29.325 37.35 0.0443426566093069 3.3694517548416 5.76705942044768 0.00929144787160391
2787 29.725 37.725 0.0432830952389588 2.65047165613971 4.88843480797227 0.0074077475058008
2797 29.8 38.325 0.0437933726137067 2.85728937353264 5.60397066190457 0.0081449936322458
2807 30.025 38.65 0.0438403192131046 3.39296028376099 4.99512582937428 0.00833865784750853
2817 29.6 38.875 0.0453969461277428 3.46262091337524 5.40743789750605 0.00922609493583818
2827 29.35 37.85 0.0443245166464234 2.45524034021216 5.4186288359269 0.00696634638805496
2837 29.65 38.2 0.0442806340522648 2.91371645664838 4.84741538321567 0.0088630481039045
2847 29.575 37.825 0.0440127987631306 3.09579947008432 5.33919949824422 0.00845686090064651
2857 29.75 38.575 0.0445080005866472 3.46225063898896 5.94801194970607 0.00936235411517283
2867 30.05 38.725 0.0435674911176894 3.24985206763915 6.11424356392304 0.00824354339937839
2877 29.25 38.7 0.045791273603984 3.15212585978058 6.21495301877987 0.00787232604049967
2887 29.375 38.375 0.0451146379999061 3.05242652529225 5.59618688861511 0.00778990227771252
2897 30 38.625 0.0434620295403833 2.97855583660855 5.68257570707744 0.00770622431361088
2907 29.925 38.175 0.0434108170944371 3.33887360094343 5.80842668136738 0.00848850920550086
2917 29.8 38.425 0.0440465701507594 3.67388566744202 7.13922893200588 0.00892035733304826
2927 29.5 37.25 0.0433589261080559 3.16227766016838 6.65929079152982 0.00833167141692056
2937 29.75 38.95 0.0448625016578277 3.38738231889448 6.31217789226427 0.00899269924255738
2947 30.1 39.525 0.0444388974910316 3.22490309931942 5.57000897665345 0.00840086306891496
2957 29.975 39.1 0.0444942507814448 3.0423295730031 5.13310022780755 0.00955715112456583
2967 29.475 37.875 0.0440526202352595 3.02118587686427 5.76099839993925 0.00692571018997615
2977 29.55 38.625 0.0449285866938734 3.07971027608367 6.0624421752463 0.00870580365582823
2987 29.6 38.25 0.0441680423081506 2.91591565422666 5.29513564873097 0.00683395345030617
2997 30.1 38.65 0.0430454108719629 2.40512273795234 5.22592158477875 0.00666382607709219
3007 29.325 38.55 0.0455180346095112 3.04990542097998 5.6972778025101 0.00823857973723714
3017 29.8 38.65 0.0441035617210535 2.8483013381348 5.34238014755836 0.00729217151097206
3027 29.2 39.2 0.0468241406946789 3.1476486950885 5.31181556677043 0.00865067397846121
3037 29.925 38.85 0.0435896534617489 2.9034683062035 6.05339489407306 0.00557910523713052
3047 30.1 38.775 0.0431400844967606 2.71557709784844 6.22438340062281 0.00695491580873258
3057 29.9 38.125 0.0432539287162921 3.44777892086768 6.79436984115978 0.00814392905617184
3067 28.95 38.075 0.0463128340401124 3.39645365578532 6.64247212244326 0.00938504410198657
3077 30.15 37.725 0.0418235071636588 2.67514677287252 5.55156480596884 0.00619548419974934
3087 29.45 38.075 0.044566030656918 2.93476072496899 5.71272758060949 0.00819380544376475
3097 29.5 38.175 0.0442026500129455 2.53184841770917 5.03774216825813 0.00597598049620131
3107 30.75 38.35 0.0410832410117391 2.79880927062444 4.79609884203444 0.00681936887589784
3117 30.275 39.025 0.0433777873839776 3.25014792562762 4.57130122304305 0.00747064271888698
3127 30.225 38.95 0.0434060741212231 2.77800426427097 3.93504960383162 0.00774116554278255
3137 29.8 38.575 0.0440855170775554 2.95435358889303 4.57914727253773 0.00689025773799085
3147 29.9 39.65 0.0451950790019834 3.16875774413659 4.96423103245505 0.00840542202456116
3157 29.05 37.95 0.0453412606290969 2.52119222916664 5.26697499908872 0.00697521792719522
3167 29.9 37.975 0.0429540249581537 2.95087992092059 5.36124507161804 0.00652254704859569
3177 29.675 38.675 0.0448046156642524 3.11643698591508 5.17581902350754 0.00886590136184737
3187 30.275 39.15 0.0436592103939643 3.10489687677137 5.70896730524074 0.0093927668198488
3197 29.225 39.475 0.0468894599915078 2.67454764926803 5.53769136382894 0.00912501553579601
3207 29.25 39.275 0.0465470744628279 2.80795573052984 5.638637314922 0.0083188657164109
3217 29.85 38.625 0.0438295029298415 3.08470170606245 5.69159299047558 0.00680973745568185
3227 29.475 37.825 0.0445588577223235 3.48614473712798 4.86688180065414 0.00843785402003273
3237 29.75 37.75 0.0432303057602959 2.88008190766718 4.9652639561101 0.00713546944342412
3247 29.1 38 0.045702452089821 2.88941481077362 4.52344320861205 0.00838529346353299
3257 29.025 38.675 0.0467176985564106 2.97414068606595 4.86424685186694 0.00826439104898194
3267 30.175 38.65 0.0433790888150843 3.3808472614314 4.58285545294242 0.00784637034551147
3277 29.25 38.575 0.0460272279821324 3.60732872258968 6.02510772326297 0.00874791470927292
3287 28.85 38.175 0.0467502238237686 2.93999825571202 4.91928439657223 0.00889306971645812
3297 29.15 38.9 0.0463588892384248 2.38101465120036 5.21241122411027 0.00809591673283179
3307 30 39.625 0.0448587764832973 3.27382783877661 4.75387830874529 0.00764169018650012
3317 30.2 39.975 0.0445142782729758 3.00597695199039 5.08636941699616 0.00749054930956453
3327 29.9 39.875 0.045506464296232 3.3420399113761 5.18967169555959 0.00832793731428367
3337 29.55 39.7 0.0459959003325814 2.62092174038653 5.02914582134061 0.00734026140920043
3347 29.9 38.975 0.0443454761845224 3.02807377209188 5.46075743783514 0.0084472433766011
3357 30.05 38.85 0.0437909518335706 2.88186193373801 4.09846750596316 0.00765876913318519
3367 29.775 38.425 0.0440504166044449 2.77800426427097 4.57354432495277 0.00777310064801704
3377 29.725 38.175 0.043797746418099 2.71734693386295 4.70617434048898 0.00725328423114619
3387 30.175 38.65 0.0429342476594603 2.47953159348231 5.25039681040078 0.00749664092474062
3397 30.15 38 0.04220340513938 2.49666444147653 5.20354908470393 0.00681682061556249
3407 29.425 37.925 0.0440453239599977 2.50012820184106 6.01445907365891 0.00655102329711847
3417 29.875 37.4 0.0421129827237243 2.46188899747682 5.74143732562697 0.00625329891441001
3427 29 36.95 0.0446032679382837 3.51553329652478 5.8614341467264 0.00775653936827249
3437 30.25 37.35 0.0415893856289135 2.99358288035232 5.61385648332629 0.00884574115296879
3447 29.975 38.575 0.0436800154885185 2.92195491286579 5.11351903517303 0.00833105881784814
3457 29.2 38.6 0.0461119301268422 2.93694416454263 4.95518376590073 0.00848315667944911
3467 29.925 38.65 0.0436582828921568 2.6639810194134 5.30867698038327 0.00718486500063822
3477 28.825 37.6 0.0462097401541436 3.27294660622191 6.05021720313645 0.00979566704413472
3487 29.6 37.625 0.0439438405634413 3.69198716557483 5.87339721726659 0.00892094687504022
3497 29.525 37.65 0.0438551588731511 2.8192333927997 4.74773900304404 0.00763197809639903
3507 30.275 38.775 0.0430444768536218 2.81012363994805 4.393978980611 0.00767262379494425
3517 29.875 39.15 0.0444663060163902 2.2439377019553 4.4001748217018 0.00796003451334021
3527 29.35 38.825 0.0459443480613288 3.05966312876736 4.7657296909476 0.00862892581981848
3537 29.825 38.95 0.0443839419934582 2.8901911923271 4.80357772648252 0.00709102108223508
3547 29.2 37.925 0.0453107791630953 2.81206193169573 4.63756954471319 0.00860264485465355
3557 29.65 38.025 0.044350460101501 3.23086080456301 5.21579209511721 0.00996218150561026
3567 29.85 38.15 0.043455571309134 2.80612882355015 4.83867962494114 0.00743366923897689
3577 29.1 38.425 0.0461852463181063 2.83567022783427 4.8983906305266 0.00854489748029935
3587 29.95 38.65 0.043709787866547 3.21016015256688 5.43280632964075 0.00724706569098495
3597 30.1 38.725 0.0437438582786907 3.25655158183134 4.98195461589844 0.008941171027343
3607 29.525 38.9 0.0451586177136419 2.6310522414874 5.23694959166508 0.00736846176692458
3617 29.425 38.5 0.0452919544609263 3.24145820303938 5.29150262212918 0.0082079584168203
3627 29.65 38.4 0.0445401686092824 3.50494156650512 5.50431066505479 0.00817020906406131
3637 29.5 38.2 0.0448192469390456 3.2264928963592 5.19960550771858 0.00892217070028877
3647 29.775 38.2 0.0434461622378299 2.41244104484893 5.52012634563692 0.00721109501523206
3657 30.075 38.4 0.0435578742082056 3.52563869463792 5.76372386747603 0.00997053920303204
3667 30.8 38.525 0.0407083866739155 2.4305744810008 6.61384522936156 0.00602267440831597
3677 30.725 38.725 0.0421652965689265 3.87620948866286 5.87470675754795 0.00986041984168752
3687 29.6 38.6 0.0445416102731276 2.80841227158327 5.6423308513324 0.00745578229093292
3697 30.475 38.725 0.0421488391575724 2.92633927261716 5.82649782657446 0.00689430363857676
3707 29.375 38.3 0.0446200494108147 2.73334115070802 6.40192278808604 0.00666747096648837
3717 29.4 37.8 0.0442310398781482 2.83567022783427 5.99230275500932 0.00764371131276628
3727 30.075 38.675 0.0430815610750885 2.69270143640936 5.86334769170703 0.00647765401955536
3737 29.575 38.6 0.0446096474460053 2.83646132011576 6.24622963197677 0.00781937472464935
3747 29.95 38.825 0.0439424089675978 2.97812537835981 5.81283945796739 0.00823104660480569
3757 29.65 38.475 0.0444734785377487 3.48292538403699 6.19754914338042 0.00800336411887717
3767 29.725 37.825 0.0434449079559787 3.18640944139405 5.22757726892335 0.00720066988787553
3777 29.1 37.775 0.0454756340705838 3.40286455497235 4.94838746073289 0.00807522527572681
3787 29.85 38.55 0.0443232545120395 3.5340831328286 4.73367640504633 0.00857073440935507
3797 29.9 38.225 0.0434859836933104 3.17683926132684 4.88056060252014 0.00751170595617379
3807 29.6 37.975 0.0440220803797395 2.74375748348959 4.88581148287097 0.00790282377337522
3817 29.275 37.575 0.0445069398288019 3.02118587686427 5.74629200396845 0.00810828846210356
3827 29.65 37.675 0.0435749509440619 3.10953867466394 5.35598155911113 0.00802526994072472
3837 29.5 37.825 0.0441134909572902 3.28945479076895 5.60168243957529 0.00700566905720166
3847 29.475 36.95 0.0430587830450207 3.17027459782919 5.61111534230187 0.0070090411280897
3857 29.025 36.95 0.0445447459725798 3.06750963887897 5.24257717011542 0.0082928352807926
3867 29.525 37.075 0.0433567078459434 2.98704467617006 4.68159243124684 0.00838278373927898
3877 29.775 37.9 0.0438663263828512 3.26196024123296 4.43644579388177 0.0100196696564774
3887 29.925 37.825 0.0428053608546253 2.81377108029557 4.66787987892818 0.00689774012555846
3897 30.275 37.65 0.0417603940483851 3.12957357626095 5.31350480693613 0.00760796466036678
3907 29.85 37.775 0.0430572002337009 2.40245600829544 4.7581913176526 0.00812830525107796
3917 29.825 38.2 0.0435163977755128 2.80006868047636 5.57558781539485 0.00779824438748494
3927 29.35 37.375 0.0447249386020883 3.93895730052823 5.99010936931958 0.0106197424898265
3937 30.25 37.925 0.0421328876261856 3.23244767145857 5.64954048505785 0.00748324192115578
3947 29.95 37.9 0.0428231338495683 2.79147052506518 5.68308330903532 0.00813783808023661
3957 29.975 38.325 0.0434623746387332 3.19845716012083 5.25936283554362 0.00836955523403399
3967 30.475 38.425 0.0419365961751981 2.65047165613971 5.00198678475581 0.0073166035634435
3977 30.325 39.125 0.0431943641072897 2.93858067955542 5.06464618958136 0.0075236085978581
3987 30.4 39.1 0.0430795905049241 3.0950746646062 5.61042984778556 0.00844136063984606
3997 30.1 38.425 0.0431279611221895 3.01109061083632 4.98143991128505 0.00788189357053651
4007 30.15 39.45 0.0441703200448038 3.22291475021904 5.47699150058094 0.00836297437685986
4017 30.125 39.8 0.0444541877498921 3.03135325623764 5.77882962154724 0.00756863996182318
4027 30.05 39.225 0.0448157454773087 3.78221207828543 5.31802691384787 0.0101206735011863
4037 29.5 38.425 0.0450008003991325 3.2659863237109 5.54185704319224 0.00839299821810304
4047 29.825 39.325 0.0452181230406546 3.30413493857435 5.45088795401075 0.00946934510544894
4057 28.975 38.85 0.0474325593546969 3.40804101937515 4.90708540576656 0.009667698363606
4067 29.925 39.075 0.0448553794065518 3.40728856785207 5.24960315960486 0.01019072033432
4077 30.6 39.125 0.0425168882889915 3.32665998663324 5.12503908678028 0.00726424110546771
4087 29.975 40.05 0.045275070503156 2.82377724842416 4.68467222398257 0.00766648539818951
4097 29.75 38.625 0.0448513118969701 3.56442536815238 4.67775696850641 0.00916216707244632
4107 28.875 38.275 0.0469066635215813 3.05662374491018 4.67391835834911 0.00917528252528224
4117 29.35 38.65 0.0461923646779328 3.23086080456301 3.84674354453685 0.0102881860991825
4127 29.125 39.3 0.04690366073958 2.95424509859357 4.86852791946027 0.00663558230058566
4137 29.975 39.625 0.0448564559828959 3.34731043966453 5.94283667050574 0.00814069950878341
4147 29.575 39.075 0.0454616193069362 3.3808472614314 6.11592079571729 0.00854082094912119
4157 30 38.3 0.043431677763891 3.24234799378791 5.09499503031891 0.00840902466278956
4167 29.45 38.45 0.0452974024273837 3.44145169130554 5.56983634616646 0.00879041776270232
4177 28.975 38.1 0.045859039068704 2.54686836360627 5.9390062192083 0.00767744171422597
4187 30.125 38.5 0.0429429939464426 2.84818880820417 4.90943623062405 0.00667618725791722
4197 29.8 38.125 0.0439208235738011 3.13949203795937 4.65853228784808 0.0087914616297065
4207 30.125 38.475 0.0428699556823207 2.94555292793765 5.24276057640805 0.00654667553553627
4217 30.375 39 0.0428282966359488 2.78905829158269 5.26721840667251 0.00728095571857988
4227 29.975 38.525 0.0436518568069042 3.25409012845412 4.88318674847817 0.00751168753392131
4237 29.675 38.3 0.0439285675636589 2.56592563395246 4.63099922761318 0.00657285293295853
4247 29.5 37.725 0.044298517089348 3.2659863237109 4.65192267942886 0.00817025515731932
4257 29.9 38.9 0.0441769853593708 2.62922431770675 4.20500312509412 0.0075990278896652
4267 29.475 38.825 0.0454535407324251 2.89107823023406 5.1534777901271 0.0089324073388137
4277 29.45 38.975 0.045167745873091 2.07488028693903 5.31320319629583 0.00622875993705201
4287 29.9 38.275 0.0437668382151427 3.26441576034828 5.48184649781814 0.00891445605788175
4297 29.8 38.25 0.0436930678002039 2.9018119891738 5.82545255202524 0.00809913173420082
4307 29.1 38.575 0.0462125168112021 3.02807377209188 5.05806033563997 0.00739325691409596
4317 29.75 38.225 0.0439106353529315 3.01066480434182 5.62269895955168 0.00829490947697523
4327 29.25 38.15 0.0451487454597568 3.31082141794728 6.10821221064367 0.00720526783895411
4337 29.325 37.825 0.0449464444890635 3.10819842286451 5.5511029165152 0.0101140422088032
4347 29.8 37.45 0.0428413931201985 3.23601527681729 4.60183909724396 0.00672921190371226
4357 30.6 37.975 0.041088062375691 2.5298221281347 4.31745117116391 0.00665913296243002
4367 29.575 37.325 0.0434311684111634 2.92546292633035 4.53130139228151 0.00770363958411341
4377 29.75 38.45 0.0442354816783254 3.16024990897547 4.62407301867642 0.00756559895390988
4387 29.6 38.225 0.0443744782700729 3.03652973318438 4.87530406678289 0.00798280196079368
4397 29.975 38.375 0.0432857481192223 3.10076500072863 5.19214149781507 0.00687652208101696
4407 29.725 38.075 0.0439694520321841 3.13775601672801 5.1559649299597 0.00858910252417028
4417 28.8 38.25 0.0472212941554221 3.18811896956537 5.40061724867322 0.0104455313642573
4427 30.1 38.6 0.0433956758979932 3.08677908639493 5.66953170408189 0.00857842788172697
4437 30.225 38.3 0.0426504040237251 3.0423295730031 5.37897140105182 0.00819274630058547
4447 29.65 38.65 0.0446029127108828 3.1909326664866 5.85968407304502 0.00842225727288771
4457 29.725 38.625 0.0443890506348628 2.89107823023406 5.72304159763016 0.0082582494463185
4467 29.9 38.9 0.0440492206015303 3.07846115403834 5.74143732562697 0.00711037243324078
4477 29.85 39.1 0.0445535682989273 3.17482081061076 5.38183078181603 0.00739207635968414
4487 29.575 39.025 0.0456410670115776 3.74088636144307 5.78453951805132 0.00852237647981518
4497 30.45 40.175 0.0438213744011918 3.03779609720684 5.77300304023513 0.00678324420207805
4507 30.175 40.15 0.045104506320079 3.3808472614314 4.74773900304404 0.00841805921479435
4517 29.6 39.7 0.046395835452819 2.8716117157711 4.5752959831396 0.00942860178350604
4527 31.15 41 0.0426972310881132 2.50691351757802 5.07381412189979 0.00681638361199647
4537 30.675 41.275 0.0444378921444209 2.8319378162085 5.13403674834271 0.00713638207305667
4547 31.35 41.35 0.0429991119005208 3.40098025084926 4.51521643857517 0.0079647370512089
4557 30.975 41.025 0.0436190426464664 3.19845716012083 5.26959104139873 0.00869935543665691
4567 31.025 40.875 0.0436439354084441 3.48982036125732 4.49037432052847 0.00921221835096352
4577 31.3 40.85 0.0422782518306026 2.86624922422748 4.7097825089967 0.00662358226540011
4587 31.225 41.025 0.0428636357658415 2.99133363620258 4.19087837314107 0.00732784355736771
4597 30.775 40.325 0.0432520389826685 2.81468220185439 5.10599195515953 0.00763790282877659
4607 29.55 39.7 0.0463728836704566 3.27343620915157 4.95207804089121 0.00857048645615172
4617 29.75 40.275 0.0463112859292326 3.15212585978058 5.38748549882039 0.00828166784412417
4627 30.675 40.55 0.0433430901072278 2.31369944638562 4.95595989305185 0.00536609851652638
4637 30.075 40.15 0.0454745496494807 3.32347902363063 5.67744073798515 0.00976032976339846
4647 29.475 39.9 0.0464658117617901 2.91756396453951 5.50896704915885 0.00724241797746892
4657 29.675 40.375 0.0468411554645051 2.81377108029557 4.27087632873918 0.0103979970450912
4667 29.55 40.175 0.0468164525292581 2.77303869243536 4.87740736089396 0.0082934479210301
4677 30.35 40.3 0.0448618218592838 3.26245149290986 4.65309381500976 0.00897510117694567
4687 29.325 39.525 0.0471368526306227 3.09993796463984 4.06351811699905 0.00985784590900257
4697 30.025 39.45 0.0446623120876111 3.25409012845412 4.5570458267025 0.00793449259447383
4707 29.5 39.275 0.0456050966206847 2.42846369077981 4.56287976993387 0.00659608061395117
4717 29.3 38.075 0.0453817671795018 3.19615153198102 4.71977563569308 0.00915917376601699
4727 30.175 38.6 0.0431760606378437 2.84548675480925 4.99640896685835 0.00845392041065897
4737 30.3 39.35 0.0433596416587246 2.35557168193158 4.55479459977657 0.00664830869699255
4747 30.725 39.925 0.0429374197722336 2.51138433578998 4.75225992123478 0.00772176794760825
4757 30.3 39.625 0.0436598672809042 2.8211654256662 5.48511973082981 0.00708816594703843
4767 30.1 39.175 0.0443534534554051 3.69892569296158 6.32409920615029 0.0101046277967714
4777 29.925 39.025 0.0442750767177015 3.09993796463984 5.73110048947956 0.00799096310912938
4787 29.9 38.825 0.0440862020447792 2.7623846999955 5.71048293794976 0.00825137487067915
4797 29.725 39.175 0.0454657192802332 3.65841145293615 5.67444790040044 0.00922528654698542
4807 29.55 39.125 0.0453537077771409 3.01236766918631 5.69834658880572 0.00721718472156941
4817 29.15 38.625 0.046890131539721 3.86005181312376 5.31416829008873 0.0102361700604516
4827 30.05 38.7 0.043462691880216 2.48017782654431 4.19523539268061 0.00706469173344762
4837 29.25 39.025 0.0465555047382147 3.26402300142725 5.03061142228768 0.00852700640329931
4847 30.575 38.975 0.0428231659733695 3.17754541616558 4.4404175132872 0.00913732574245501
4857 29.325 38.85 0.0456497670411517 2.59573120966338 5.49848463972878 0.00751757422028724
4867 29.7 38.55 0.0446583852942311 3.39078691418908 5.05330559494451 0.00848064290288136
4877 29.725 38.925 0.0445414856015188 2.79181495970467 5.7306530705832 0.00727379948771859
4887 29.925 38.7 0.0438929119016609 2.73052544957362 5.27305681793096 0.00846030773108866
4897 29.1 38.075 0.0460421592638961 3.55758489096329 5.61768042285544 0.00964653575084352
4907 29.9 38.125 0.0436910794871301 3.20896180990611 5.02398095292813 0.0094888134091621
4917 29.4 37.875 0.044226800388202 2.58000198767564 5.23884651622023 0.00649162739805502
4927 30 38.175 0.0429702470434992 2.44948974278318 5.02244960153907 0.00760530651312736
4937 29.35 37.975 0.0448038573513439 2.86042851371106 4.74199730720489 0.00760822836792118
4947 29.45 38.25 0.0447298689612864 2.63068675834141 5.21708239516578 0.00784743417176707
4957 29.4 38.475 0.0451901887910322 2.95955644632339 5.16887876548751 0.00787545738863828
4967 29.4 38.5 0.04558185663136 3.39532106408291 5.25747331339168 0.0092238168900261
4977 30.05 38.775 0.0435074895541496 2.52119222916664 5.07627715393769 0.00777093666172138
4987 28.725 37.775 0.046613443793656 2.89993368624446 4.73658700017813 0.00857517138440928
