1 0.2520 0.0745 0.2082 409 399
2 0.8198 0.1588 0.5620 167 107
3 0.4813 0.0663 0.0363 321 12
4 0.0723 0.0075 0.0064 351 237
5 0.0007 0.0000 0.0002 226 176
6 0.4266 0.0115 0.3555 249 130
7 0.9267 0.0663 0.5297 106 35
8 0.2506 0.0099 0.1514 303 298
9 0.6134 0.0366 0.2691 161 60
10 0.2533 0.0080 0.0840 449 106
11 0.0504 0.0065 0.0149 384 133
12 0.1896 0.0179 0.1013 325 131
13 0.8878 0.0004 0.1612 151 125
14 0.8451 0.2165 0.8319 105 49
15 0.7918 0.1922 0.3536 149 38
16 0.2228 0.0224 0.1781 149 87
17 0.6398 0.0326 0.2629 197 20
18 0.2181 0.0144 0.1156 226 117
19 0.8072 0.1778 0.6329 134 109
20 0.9922 0.2037 0.5210 102 88
21 0.4184 0.0879 0.2539 158 138
22 0.0160 0.0015 0.0119 311 133
23 0.1698 0.0174 0.1614 476 151
24 0.1940 0.0045 0.0337 254 26
25 0.9430 0.0255 0.0404 125 105
26 0.8171 0.1155 0.4203 141 133
27 0.0776 0.0025 0.0545 149 90
28 0.3846 0.1156 0.3677 311 300
29 0.6728 0.0083 0.2661 177 13
30 0.6008 0.0164 0.4075 266 197
31 0.5626 0.0001 0.4699 252 120
32 0.6514 0.0070 0.3801 215 81
33 0.6893 0.0469 0.5246 191 163
34 0.7448 0.0884 0.0454 168 137
35 0.0354 0.0040 0.0251 158 38
36 0.8162 0.2209 0.6541 165 57
37 0.8481 0.0708 0.1572 127 69
38 0.6163 0.0184 0.0477 270 176
39 0.2187 0.0657 0.1680 309 61
40 0.9739 0.2330 0.5714 104 78
41 0.9621 0.0422 0.0310 105 51
42 0.7447 0.0164 0.2480 106 76
43 0.8316 0.0169 0.1898 123 100
44 0.7034 0.0387 0.3653 118 115
45 0.3816 0.0203 0.0343 173 16
46 0.3451 0.0161 0.2818 327 112
47 0.9293 0.0072 0.1598 103 20
48 0.1153 0.0274 0.0973 334 134
49 0.1842 0.0424 0.1276 136 83
50 0.2147 0.0162 0.1209 147 19
