1-0-1-0.05-50-0 0 2302 10 13 18 6 0.2533 0.8878 449 151
1-0-1-0.05-50-0 0 2302 29 28 4 5 0.6728 0.3846 177 311
1-0-1-0.05-50-0 0 2303 44 30 6 7 0.7034 0.6008 118 266
1-0-1-0.05-50-0 0 2303 28 44 5 6 0.3846 0.7034 311 118
1-0-1-0.05-50-0 0 2304 34 28 1 6 0.7448 0.3846 168 311
1-0-1-0.05-50-0 0 2304 13 8 5 6 0.8878 0.2506 151 303
1-0-1-0.05-50-0 0 2305 16 28 13 4 0.2228 0.3846 149 311
1-0-1-0.05-50-0 0 2305 44 10 6 19 0.7034 0.2533 118 449
1-0-1-0.05-50-0 0 2306 10 8 20 4 0.2533 0.2506 449 303
1-0-1-0.05-50-0 0 2306 2 29 6 3 0.8198 0.6728 167 177
1-0-1-0.05-50-0 0 2307 9 29 4 2 0.6134 0.6728 161 177
1-0-1-0.05-50-0 0 2308 10 28 20 2 0.2533 0.3846 449 311
1-0-1-0.05-50-0 0 2309 10 16 20 12 0.2533 0.2228 449 149
1-0-1-0.05-50-0 0 2309 40 29 2 1 0.9739 0.6728 104 177
1-0-1-0.05-50-0 0 2310 32 16 8 13 0.6514 0.2228 215 149
1-0-1-0.05-50-0 0 2310 2 27 6 6 0.8198 0.0776 167 149
1-0-1-0.05-50-0 0 2311 10 32 20 10 0.2533 0.6514 449 215
1-0-1-0.05-50-0 0 2311 23 16 1 13 0.1698 0.2228 476 149
1-0-1-0.05-50-0 0 2312 35 16 2 12 0.0354 0.2228 158 149
1-0-1-0.05-50-0 0 2312 48 27 4 5 0.1153 0.0776 334 149
1-0-1-0.05-50-0 0 2313 10 16 22 12 0.2533 0.2228 449 149
1-0-1-0.05-50-0 0 2313 44 16 8 11 0.7034 0.2228 118 149
1-0-1-0.05-50-0 0 2314 36 13 2 6 0.8162 0.8878 165 151
1-0-1-0.05-50-0 0 2314 8 10 2 23 0.2506 0.2533 303 449
1-0-1-0.05-50-0 0 2315 2 32 5 8 0.8198 0.6514 167 215
1-0-1-0.05-50-0 0 2315 16 10 9 23 0.2228 0.2533 149 449
1-0-1-0.05-50-0 0 2316 20 16 1 11 0.9922 0.2228 102 149
1-0-1-0.05-50-0 0 2316 13 32 5 8 0.8878 0.6514 151 215
1-0-1-0.05-50-0 0 2317 16 36 10 3 0.2228 0.8162 149 165
1-0-1-0.05-50-0 0 2317 15 10 6 26 0.7918 0.2533 149 449
1-0-1-0.05-50-0 0 2318 13 32 4 8 0.8878 0.6514 151 215
1-0-1-0.05-50-0 0 2318 10 40 27 2 0.2533 0.9739 449 104
1-0-1-0.05-50-0 0 2319 10 46 26 2 0.2533 0.3451 449 327
1-0-1-0.05-50-0 0 2319 10 13 26 5 0.2533 0.8878 449 151
1-0-1-0.05-50-0 0 2320 33 10 1 26 0.6893 0.2533 191 449
1-0-1-0.05-50-0 0 2320 44 32 6 7 0.7034 0.6514 118 215
1-0-1-0.05-50-0 0 2321 10 10 25 25 0.2533 0.2533 449 449
1-0-1-0.05-50-0 0 2321 32 9 5 4 0.6514 0.6134 215 161
1-0-1-0.05-50-0 0 2322 32 16 4 14 0.6514 0.2228 215 149
1-0-1-0.05-50-0 0 2322 10 10 22 22 0.2533 0.2533 449 449
1-0-1-0.05-50-0 0 2323 10 15 22 8 0.2533 0.7918 449 149
1-0-1-0.05-50-0 0 2323 10 6 22 3 0.2533 0.4266 449 249
1-0-1-0.05-50-0 0 2324 13 44 4 9 0.8878 0.7034 151 118
1-0-1-0.05-50-0 0 2324 14 10 2 22 0.8451 0.2533 105 449
1-0-1-0.05-50-0 0 2325 35 15 4 8 0.0354 0.7918 158 149
1-0-1-0.05-50-0 0 2325 20 2 1 5 0.9922 0.8198 102 167
1-0-1-0.05-50-0 0 2326 44 15 7 6 0.7034 0.7918 118 149
1-0-1-0.05-50-0 0 2326 10 15 20 5 0.2533 0.7918 449 149
1-0-1-0.05-50-0 0 2327 9 8 4 2 0.6134 0.2506 161 303
1-0-1-0.05-50-0 0 2327 35 44 4 7 0.0354 0.7034 158 118
1-0-1-0.05-50-0 0 2328 43 10 2 21 0.8316 0.2533 123 449
1-0-1-0.05-50-0 0 2328 48 2 5 4 0.1153 0.8198 334 167
1-0-1-0.05-50-0 0 2329 44 8 5 1 0.7034 0.2506 118 303
1-0-1-0.05-50-0 0 2329 10 44 19 5 0.2533 0.7034 449 118
1-0-1-0.05-50-0 0 2330 35 39 3 1 0.0354 0.2187 158 309
1-0-1-0.05-50-0 0 2330 27 10 12 19 0.0776 0.2533 149 449
1-0-1-0.05-50-0 0 2331 16 10 16 17 0.2228 0.2533 149 449
1-0-1-0.05-50-0 0 2332 16 32 15 1 0.2228 0.6514 149 215
1-0-1-0.05-50-0 0 2333 10 16 16 14 0.2533 0.2228 449 149
1-0-1-0.05-50-0 0 2334 10 27 16 13 0.2533 0.0776 449 149
1-0-1-0.05-50-0 0 2335 10 15 16 4 0.2533 0.7918 449 149
1-0-1-0.05-50-0 0 2336 48 10 9 16 0.1153 0.2533 334 449
1-0-1-0.05-50-0 0 2337 16 48 14 8 0.2228 0.1153 149 334
1-0-1-0.05-50-0 0 2338 16 48 14 7 0.2228 0.1153 149 334
1-0-1-0.05-50-0 0 2339 23 6 3 4 0.1698 0.4266 476 249
1-0-1-0.05-50-0 0 2340 13 16 6 13 0.8878 0.2228 151 149
1-0-1-0.05-50-0 0 2341 16 30 13 3 0.2228 0.6008 149 266
1-0-1-0.05-50-0 0 2342 13 2 5 5 0.8878 0.8198 151 167
1-0-1-0.05-50-0 0 2343 28 29 1 1 0.3846 0.6728 311 177
1-0-1-0.05-50-0 0 2344 10 35 21 3 0.2533 0.0354 449 158
1-0-1-0.05-50-0 0 2344 48 16 5 15 0.1153 0.2228 334 149
1-0-1-0.05-50-0 0 2345 48 16 6 15 0.1153 0.2228 334 149
1-0-1-0.05-50-0 0 2345 44 27 4 12 0.7034 0.0776 118 149
1-0-1-0.05-50-0 0 2346 10 10 20 20 0.2533 0.2533 449 449
1-0-1-0.05-50-0 0 2346 10 46 19 1 0.2533 0.3451 449 327
1-0-1-0.05-50-0 0 2347 13 10 5 19 0.8878 0.2533 151 449
1-0-1-0.05-50-0 0 2347 28 9 1 4 0.3846 0.6134 311 161
1-0-1-0.05-50-0 0 2348 16 13 15 5 0.2228 0.8878 149 151
1-0-1-0.05-50-0 0 2348 10 11 18 2 0.2533 0.0504 449 384
1-0-1-0.05-50-0 0 2349 49 48 2 8 0.1842 0.1153 136 334
1-0-1-0.05-50-0 0 2349 16 31 16 2 0.2228 0.5626 149 252
1-0-1-0.05-50-0 0 2350 39 45 2 7 0.2187 0.3816 309 173
1-0-1-0.05-50-0 0 2350 10 14 19 3 0.2533 0.8451 449 105
1-0-1-0.05-50-0 0 2351 16 10 17 19 0.2228 0.2533 149 449
1-0-1-0.05-50-0 0 2351 23 38 2 2 0.1698 0.6163 476 270
1-0-1-0.05-50-0 0 2352 16 10 16 19 0.2228 0.2533 149 449
1-0-1-0.05-50-0 0 2352 35 44 4 4 0.0354 0.7034 158 118
1-0-1-0.05-50-0 0 2353 10 35 18 4 0.2533 0.0354 449 158
1-0-1-0.05-50-0 0 2353 16 10 16 18 0.2228 0.2533 149 449
1-0-1-0.05-50-0 0 2354 45 23 4 2 0.3816 0.1698 173 476
1-0-1-0.05-50-0 0 2354 27 10 12 18 0.0776 0.2533 149 449
1-0-1-0.05-50-0 0 2355 16 13 18 6 0.2228 0.8878 149 151
1-0-1-0.05-50-0 0 2355 45 27 4 12 0.3816 0.0776 173 149
1-0-1-0.05-50-0 0 2356 15 49 3 2 0.7918 0.1842 149 136
1-0-1-0.05-50-0 0 2356 9 28 1 2 0.6134 0.3846 161 311
1-0-1-0.05-50-0 0 2357 16 33 19 1 0.2228 0.6893 149 191
1-0-1-0.05-50-0 0 2357 16 48 19 7 0.2228 0.1153 149 334
1-0-1-0.05-50-0 0 2358 2 1 3 2 0.8198 0.2520 167 409
1-0-1-0.05-50-0 0 2358 39 10 3 20 0.2187 0.2533 309 449
1-0-1-0.05-50-0 0 2359 1 16 1 18 0.2520 0.2228 409 149
1-0-1-0.05-50-0 0 2359 10 48 20 6 0.2533 0.1153 449 334
1-0-1-0.05-50-0 0 2360 10 35 20 6 0.2533 0.0354 449 158
1-0-1-0.05-50-0 0 2360 15 30 4 5 0.7918 0.6008 149 266
1-0-1-0.05-50-0 0 2361 10 10 20 20 0.2533 0.2533 449 449
1-0-1-0.05-50-0 0 2361 27 11 13 1 0.0776 0.0504 149 384
1-0-1-0.05-50-0 0 2362 24 16 1 16 0.1940 0.2228 254 149
1-0-1-0.05-50-0 0 2362 30 16 5 15 0.6008 0.2228 266 149
1-0-1-0.05-50-0 0 2363 26 6 3 4 0.8171 0.4266 141 249
1-0-1-0.05-50-0 0 2363 16 35 14 7 0.2228 0.0354 149 158
1-0-1-0.05-50-0 0 2364 29 10 2 22 0.6728 0.2533 177 449
1-0-1-0.05-50-0 0 2364 41 30 4 4 0.9621 0.6008 105 266
1-0-1-0.05-50-0 0 2365 30 45 3 3 0.6008 0.3816 266 173
1-0-1-0.05-50-0 0 2365 10 16 23 17 0.2533 0.2228 449 149
1-0-1-0.05-50-0 0 2366 27 16 9 16 0.0776 0.2228 149 149
1-0-1-0.05-50-0 0 2366 35 35 6 6 0.0354 0.0354 158 158
1-0-1-0.05-50-0 0 2367 26 48 3 6 0.8171 0.1153 141 334
1-0-1-0.05-50-0 0 2367 39 28 4 1 0.2187 0.3846 309 311
1-0-1-0.05-50-0 0 2368 48 10 5 24 0.1153 0.2533 334 449
1-0-1-0.05-50-0 0 2368 45 41 2 7 0.3816 0.9621 173 105
1-0-1-0.05-50-0 0 2369 13 10 5 23 0.8878 0.2533 151 449
1-0-1-0.05-50-0 0 2369 16 41 18 6 0.2228 0.9621 149 105
1-0-1-0.05-50-0 0 2370 41 16 6 18 0.9621 0.2228 105 149
1-0-1-0.05-50-0 0 2370 30 15 3 6 0.6008 0.7918 266 149
1-0-1-0.05-50-0 0 2371 27 39 9 4 0.0776 0.2187 149 309
1-0-1-0.05-50-0 0 2371 16 26 16 2 0.2228 0.8171 149 141
1-0-1-0.05-50-0 0 2372 16 13 16 5 0.2228 0.8878 149 151
1-0-1-0.05-50-0 0 2372 35 16 4 16 0.0354 0.2228 158 149
1-0-1-0.05-50-0 0 2373 27 41 10 4 0.0776 0.9621 149 105
1-0-1-0.05-50-0 0 2373 10 27 26 10 0.2533 0.0776 449 149
1-0-1-0.05-50-0 0 2374 30 6 3 4 0.6008 0.4266 266 249
1-0-1-0.05-50-0 0 2374 35 10 3 25 0.0354 0.2533 158 449
1-0-1-0.05-50-0 0 2375 6 30 4 3 0.4266 0.6008 249 266
1-0-1-0.05-50-0 0 2375 27 15 9 6 0.0776 0.7918 149 149
1-0-1-0.05-50-0 0 2376 13 41 4 3 0.8878 0.9621 151 105
1-0-1-0.05-50-0 0 2376 10 35 24 2 0.2533 0.0354 449 158
1-0-1-0.05-50-0 0 2377 15 9 5 2 0.7918 0.6134 149 161
1-0-1-0.05-50-0 0 2377 45 15 2 5 0.3816 0.7918 173 149
1-0-1-0.05-50-0 0 2378 27 41 9 2 0.0776 0.9621 149 105
1-0-1-0.05-50-0 0 2378 10 10 27 27 0.2533 0.2533 449 449
1-0-1-0.05-50-0 0 2379 49 10 1 26 0.1842 0.2533 136 449
1-0-1-0.05-50-0 0 2379 9 8 1 1 0.6134 0.2506 161 303
1-0-1-0.05-50-0 0 2380 41 32 1 4 0.9621 0.6514 105 215
1-0-1-0.05-50-0 0 2380 44 27 2 8 0.7034 0.0776 118 149
1-0-1-0.05-50-0 0 2381 16 10 13 26 0.2228 0.2533 149 449
1-0-1-0.05-50-0 0 2381 10 16 25 13 0.2533 0.2228 449 149
1-0-1-0.05-50-0 0 2382 34 10 1 25 0.7448 0.2533 168 449
1-0-1-0.05-50-0 0 2382 39 16 4 13 0.2187 0.2228 309 149
1-0-1-0.05-50-0 0 2383 16 13 13 4 0.2228 0.8878 149 151
1-0-1-0.05-50-0 0 2383 10 45 24 4 0.2533 0.3816 449 173
1-0-1-0.05-50-0 0 2384 27 15 11 4 0.0776 0.7918 149 149
1-0-1-0.05-50-0 0 2384 22 16 2 14 0.0160 0.2228 311 149
1-0-1-0.05-50-0 0 2385 16 10 13 25 0.2228 0.2533 149 449
1-0-1-0.05-50-0 0 2385 3 16 3 13 0.4813 0.2228 321 149
1-0-1-0.05-50-0 0 2386 10 39 23 6 0.2533 0.2187 449 309
1-0-1-0.05-50-0 0 2386 32 27 4 13 0.6514 0.0776 215 149
1-0-1-0.05-50-0 0 2387 10 34 25 1 0.2533 0.7448 449 168
1-0-1-0.05-50-0 0 2387 6 10 4 25 0.4266 0.2533 249 449
1-0-1-0.05-50-0 0 2388 27 10 13 22 0.0776 0.2533 149 449
1-0-1-0.05-50-0 0 2388 27 50 13 1 0.0776 0.2147 149 147
1-0-1-0.05-50-0 0 2389 30 27 3 13 0.6008 0.0776 266 149
1-0-1-0.05-50-0 0 2389 32 6 5 6 0.6514 0.4266 215 249
1-0-1-0.05-50-0 0 2390 27 10 14 21 0.0776 0.2533 149 449
1-0-1-0.05-50-0 0 2390 10 3 20 4 0.2533 0.4813 449 321
1-0-1-0.05-50-0 0 2391 6 6 5 5 0.4266 0.4266 249 249
1-0-1-0.05-50-0 0 2391 49 48 4 5 0.1842 0.1153 136 334
1-0-1-0.05-50-0 0 2392 16 10 10 21 0.2228 0.2533 149 449
1-0-1-0.05-50-0 0 2392 15 31 6 3 0.7918 0.5626 149 252
1-0-1-0.05-50-0 0 2393 25 22 2 1 0.9430 0.0160 125 311
1-0-1-0.05-50-0 0 2393 27 32 16 5 0.0776 0.6514 149 215
1-0-1-0.05-50-0 0 2394 27 13 18 6 0.0776 0.8878 149 151
1-0-1-0.05-50-0 0 2394 48 15 4 7 0.1153 0.7918 334 149
1-0-1-0.05-50-0 0 2395 10 10 23 23 0.2533 0.2533 449 449
1-0-1-0.05-50-0 0 2395 10 29 22 2 0.2533 0.6728 449 177
1-0-1-0.05-50-0 0 2396 10 41 22 1 0.2533 0.9621 449 105
1-0-1-0.05-50-0 0 2396 32 10 2 22 0.6514 0.2533 215 449
1-0-1-0.05-50-0 0 2397 6 10 5 19 0.4266 0.2533 249 449
1-0-1-0.05-50-0 0 2397 10 30 18 4 0.2533 0.6008 449 266
1-0-1-0.05-50-0 0 2398 30 16 3 14 0.6008 0.2228 266 149
1-0-1-0.05-50-0 0 2398 32 16 2 13 0.6514 0.2228 215 149
1-0-1-0.05-50-0 0 2399 39 3 2 5 0.2187 0.4813 309 321
1-0-1-0.05-50-0 0 2399 10 44 20 1 0.2533 0.7034 449 118
1-0-1-0.05-50-0 0 2400 6 13 7 4 0.4266 0.8878 249 151
1-0-1-0.05-50-0 0 2400 16 49 11 2 0.2228 0.1842 149 136
1-0-1-0.05-50-0 0 2401 5 3 1 4 0.0007 0.4813 226 321
1-0-1-0.05-50-0 0 2401 10 27 19 19 0.2533 0.0776 449 149
1-0-1-0.05-50-0 0 2402 31 23 1 3 0.5626 0.1698 252 476
1-0-1-0.05-50-0 0 2402 19 13 3 3 0.8072 0.8878 134 151
1-0-1-0.05-50-0 0 2403 40 42 3 2 0.9739 0.7447 104 106
1-0-1-0.05-50-0 0 2403 22 1 1 1 0.0160 0.2520 311 409
1-0-1-0.05-50-0 0 2404 27 30 19 3 0.0776 0.6008 149 266
1-0-1-0.05-50-0 0 2404 19 15 4 9 0.8072 0.7918 134 149
1-0-1-0.05-50-0 0 2405 2 25 1 1 0.8198 0.9430 167 125
1-0-1-0.05-50-0 0 2405 34 10 3 21 0.7448 0.2533 168 449
1-0-1-0.05-50-0 0 2406 15 3 8 3 0.7918 0.4813 149 321
1-0-1-0.05-50-0 0 2406 8 15 2 8 0.2506 0.7918 303 149
1-0-1-0.05-50-0 0 2407 10 6 20 8 0.2533 0.4266 449 249
1-0-1-0.05-50-0 0 2407 13 45 2 3 0.8878 0.3816 151 173
1-0-1-0.05-50-0 0 2408 10 10 22 22 0.2533 0.2533 449 449
1-0-1-0.05-50-0 0 2408 31 10 1 21 0.5626 0.2533 252 449
1-0-1-0.05-50-0 0 2409 39 27 3 19 0.2187 0.0776 309 149
1-0-1-0.05-50-0 0 2409 27 10 18 22 0.0776 0.2533 149 449
1-0-1-0.05-50-0 0 2410 6 27 7 18 0.4266 0.0776 249 149
1-0-1-0.05-50-0 0 2410 48 10 8 22 0.1153 0.2533 334 449
1-0-1-0.05-50-0 0 2411 10 16 23 10 0.2533 0.2228 449 149
1-0-1-0.05-50-0 0 2411 5 27 1 17 0.0007 0.0776 226 149
1-0-1-0.05-50-0 0 2412 36 27 1 16 0.8162 0.0776 165 149
1-0-1-0.05-50-0 0 2412 6 40 7 3 0.4266 0.9739 249 104
1-0-1-0.05-50-0 0 2413 34 10 4 25 0.7448 0.2533 168 449
1-0-1-0.05-50-0 0 2413 13 48 2 8 0.8878 0.1153 151 334
1-0-1-0.05-50-0 0 2414 15 27 11 17 0.7918 0.0776 149 149
1-0-1-0.05-50-0 0 2414 10 10 24 24 0.2533 0.2533 449 449
1-0-1-0.05-50-0 0 2415 10 48 23 7 0.2533 0.1153 449 334
1-0-1-0.05-50-0 0 2415 8 10 3 23 0.2506 0.2533 303 449
1-0-1-0.05-50-0 0 2416 8 34 4 3 0.2506 0.7448 303 168
1-0-1-0.05-50-0 0 2416 6 15 7 13 0.4266 0.7918 249 149
1-0-1-0.05-50-0 0 2417 10 10 23 23 0.2533 0.2533 449 449
1-0-1-0.05-50-0 0 2417 10 15 22 12 0.2533 0.7918 449 149
1-0-1-0.05-50-0 0 2418 40 10 3 23 0.9739 0.2533 104 449
1-0-1-0.05-50-0 0 2418 10 13 22 2 0.2533 0.8878 449 151
1-0-1-0.05-50-0 0 2419 9 32 2 2 0.6134 0.6514 161 215
1-0-1-0.05-50-0 0 2419 16 13 5 1 0.2228 0.8878 149 151
1-0-1-0.05-50-0 0 2420 49 3 6 3 0.1842 0.4813 136 321
1-0-1-0.05-50-0 0 2420 8 48 6 4 0.2506 0.1153 303 334
1-0-1-0.05-50-0 0 2421 27 6 18 7 0.0776 0.4266 149 249
1-0-1-0.05-50-0 0 2421 46 10 2 27 0.3451 0.2533 327 449
1-0-1-0.05-50-0 0 2422 10 45 25 2 0.2533 0.3816 449 173
1-0-1-0.05-50-0 0 2422 27 49 18 6 0.0776 0.1842 149 136
1-0-1-0.05-50-0 0 2423 27 39 19 7 0.0776 0.2187 149 309
1-0-1-0.05-50-0 0 2423 15 49 11 5 0.7918 0.1842 149 136
1-0-1-0.05-50-0 0 2424 15 9 13 2 0.7918 0.6134 149 161
1-0-1-0.05-50-0 0 2424 16 6 4 6 0.2228 0.4266 149 249
1-0-1-0.05-50-0 0 2425 8 46 5 3 0.2506 0.3451 303 327
1-0-1-0.05-50-0 0 2425 27 10 18 26 0.0776 0.2533 149 449
1-0-1-0.05-50-0 0 2426 39 40 8 5 0.2187 0.9739 309 104
1-0-1-0.05-50-0 0 2426 10 10 23 23 0.2533 0.2533 449 449
1-0-1-0.05-50-0 0 2427 1 10 1 21 0.2520 0.2533 409 449
1-0-1-0.05-50-0 0 2427 27 30 18 2 0.0776 0.6008 149 266
1-0-1-0.05-50-0 0 2428 49 27 7 18 0.1842 0.0776 136 149
1-0-1-0.05-50-0 0 2428 42 22 3 5 0.7447 0.0160 106 311
1-0-1-0.05-50-0 0 2429 15 12 15 2 0.7918 0.1896 149 325
1-0-1-0.05-50-0 0 2429 48 15 3 15 0.1153 0.7918 334 149
1-0-1-0.05-50-0 0 2430 15 10 16 20 0.7918 0.2533 149 449
1-0-1-0.05-50-0 0 2430 15 15 16 16 0.7918 0.7918 149 149
1-0-1-0.05-50-0 0 2431 19 39 3 8 0.8072 0.2187 134 309
1-0-1-0.05-50-0 0 2431 31 49 2 9 0.5626 0.1842 252 136
1-0-1-0.05-50-0 0 2432 19 49 3 8 0.8072 0.1842 134 136
1-0-1-0.05-50-0 0 2432 3 2 4 2 0.4813 0.8198 321 167
1-0-1-0.05-50-0 0 2433 15 10 16 18 0.7918 0.2533 149 449
1-0-1-0.05-50-0 0 2433 10 15 17 16 0.2533 0.7918 449 149
1-0-1-0.05-50-0 0 2434 6 10 3 17 0.4266 0.2533 249 449
1-0-1-0.05-50-0 0 2434 40 27 5 24 0.9739 0.0776 104 149
1-0-1-0.05-50-0 0 2435 15 16 15 4 0.7918 0.2228 149 149
1-0-1-0.05-50-0 0 2435 6 40 4 4 0.4266 0.9739 249 104
1-0-1-0.05-50-0 0 2436 39 27 6 23 0.2187 0.0776 309 149
1-0-1-0.05-50-0 0 2436 10 6 16 4 0.2533 0.4266 449 249
1-0-1-0.05-50-0 0 2437 15 10 14 15 0.7918 0.2533 149 449
1-0-1-0.05-50-0 0 2437 15 15 14 14 0.7918 0.7918 149 149
1-0-1-0.05-50-0 0 2438 5 10 3 15 0.0007 0.2533 226 449
1-0-1-0.05-50-0 0 2438 49 15 6 14 0.1842 0.7918 136 149
1-0-1-0.05-50-0 0 2439 39 22 8 5 0.2187 0.0160 309 311
1-0-1-0.05-50-0 0 2439 10 45 14 2 0.2533 0.3816 449 173
1-0-1-0.05-50-0 0 2440 22 12 4 3 0.0160 0.1896 311 325
1-0-1-0.05-50-0 0 2440 49 10 6 16 0.1842 0.2533 136 449
1-0-1-0.05-50-0 0 2441 34 8 2 8 0.7448 0.2506 168 303
1-0-1-0.05-50-0 0 2441 10 27 14 28 0.2533 0.0776 449 149
1-0-1-0.05-50-0 0 2442 27 10 27 13 0.0776 0.2533 149 449
1-0-1-0.05-50-0 0 2442 22 15 4 14 0.0160 0.7918 311 149
1-0-1-0.05-50-0 0 2443 10 27 11 26 0.2533 0.0776 449 149
1-0-1-0.05-50-0 0 2443 27 15 25 13 0.0776 0.7918 149 149
1-0-1-0.05-50-0 0 2444 2 46 1 3 0.8198 0.3451 167 327
1-0-1-0.05-50-0 0 2444 15 22 11 4 0.7918 0.0160 149 311
1-0-1-0.05-50-0 0 2445 10 8 12 8 0.2533 0.2506 449 303
1-0-1-0.05-50-0 0 2445 27 27 23 23 0.0776 0.0776 149 149
1-0-1-0.05-50-0 0 2446 10 7 12 2 0.2533 0.9267 449 106
1-0-1-0.05-50-0 0 2446 8 10 7 12 0.2506 0.2533 303 449
1-0-1-0.05-50-0 0 2447 27 27 26 26 0.0776 0.0776 149 149
1-0-1-0.05-50-0 0 2447 3 40 4 3 0.4813 0.9739 321 104
1-0-1-0.05-50-0 0 2448 27 22 24 4 0.0776 0.0160 149 311
1-0-1-0.05-50-0 0 2448 30 20 1 1 0.6008 0.9922 266 102
1-0-1-0.05-50-0 0 2449 27 6 22 2 0.0776 0.4266 149 249
1-0-1-0.05-50-0 0 2449 27 28 22 2 0.0776 0.3846 149 311
1-0-1-0.05-50-0 0 2450 33 11 1 1 0.6893 0.0504 191 384
1-0-1-0.05-50-0 0 2450 27 10 22 11 0.0776 0.2533 149 449
1-0-1-0.05-50-0 0 2451 27 22 22 4 0.0776 0.0160 149 311
1-0-1-0.05-50-0 0 2451 49 30 7 1 0.1842 0.6008 136 266
1-0-1-0.05-50-0 0 2452 15 7 9 1 0.7918 0.9267 149 106
1-0-1-0.05-50-0 0 2452 34 27 4 22 0.7448 0.0776 168 149
1-0-1-0.05-50-0 0 2453 44 27 1 22 0.7034 0.0776 118 149
1-0-1-0.05-50-0 0 2453 27 27 21 21 0.0776 0.0776 149 149
1-0-1-0.05-50-0 0 2454 42 46 6 2 0.7447 0.3451 106 327
1-0-1-0.05-50-0 0 2454 44 45 2 1 0.7034 0.3816 118 173
1-0-1-0.05-50-0 0 2455 49 48 9 6 0.1842 0.1153 136 334
1-0-1-0.05-50-0 0 2455 34 39 4 7 0.7448 0.2187 168 309
1-0-1-0.05-50-0 0 2456 24 12 5 1 0.1940 0.1896 254 325
1-0-1-0.05-50-0 0 2456 15 27 9 22 0.7918 0.0776 149 149
1-0-1-0.05-50-0 0 2457 24 28 5 1 0.1940 0.3846 254 311
1-0-1-0.05-50-0 0 2457 8 3 4 5 0.2506 0.4813 303 321
1-0-1-0.05-50-0 0 2458 8 15 4 9 0.2506 0.7918 303 149
1-0-1-0.05-50-0 0 2458 27 15 25 8 0.0776 0.7918 149 149
1-0-1-0.05-50-0 0 2459 39 27 7 25 0.2187 0.0776 309 149
1-0-1-0.05-50-0 0 2459 15 27 6 24 0.7918 0.0776 149 149
1-0-1-0.05-50-0 0 2460 27 39 23 7 0.0776 0.2187 149 309
1-0-1-0.05-50-0 0 2460 27 15 23 7 0.0776 0.7918 149 149
1-0-1-0.05-50-0 0 2461 49 27 10 24 0.1842 0.0776 136 149
1-0-1-0.05-50-0 0 2461 10 27 11 23 0.2533 0.0776 449 149
1-0-1-0.05-50-0 0 2462 10 40 11 2 0.2533 0.9739 449 104
1-0-1-0.05-50-0 0 2462 27 6 23 1 0.0776 0.4266 149 249
1-0-1-0.05-50-0 0 2463 46 32 1 2 0.3451 0.6514 327 215
1-0-1-0.05-50-0 0 2463 48 49 3 10 0.1153 0.1842 334 136
1-0-1-0.05-50-0 0 2464 27 10 26 9 0.0776 0.2533 149 449
1-0-1-0.05-50-0 0 2464 10 42 8 9 0.2533 0.7447 449 106
1-0-1-0.05-50-0 0 2465 40 49 1 9 0.9739 0.1842 104 136
1-0-1-0.05-50-0 0 2465 34 27 2 25 0.7448 0.0776 168 149
1-0-1-0.05-50-0 0 2466 39 27 7 24 0.2187 0.0776 309 149
1-0-1-0.05-50-0 0 2466 10 2 11 2 0.2533 0.8198 449 167
1-0-1-0.05-50-0 0 2467 44 42 3 9 0.7034 0.7447 118 106
1-0-1-0.05-50-0 0 2467 15 27 6 23 0.7918 0.0776 149 149
1-0-1-0.05-50-0 0 2468 42 3 8 3 0.7447 0.4813 106 321
1-0-1-0.05-50-0 0 2468 24 10 6 12 0.1940 0.2533 254 449
1-0-1-0.05-50-0 0 2469 27 27 25 25 0.0776 0.0776 149 149
1-0-1-0.05-50-0 0 2469 49 10 8 13 0.1842 0.2533 136 449
1-0-1-0.05-50-0 0 2470 40 27 1 26 0.9739 0.0776 104 149
1-0-1-0.05-50-0 0 2470 10 24 12 6 0.2533 0.1940 449 254
1-0-1-0.05-50-0 0 2471 39 10 9 12 0.2187 0.2533 309 449
1-0-1-0.05-50-0 0 2471 10 48 11 3 0.2533 0.1153 449 334
1-0-1-0.05-50-0 0 2472 8 46 4 1 0.2506 0.3451 303 327
1-0-1-0.05-50-0 0 2472 15 27 8 27 0.7918 0.0776 149 149
1-0-1-0.05-50-0 0 2473 15 10 9 12 0.7918 0.2533 149 449
1-0-1-0.05-50-0 0 2473 15 49 9 9 0.7918 0.1842 149 136
1-0-1-0.05-50-0 0 2474 49 27 8 24 0.1842 0.0776 136 149
1-0-1-0.05-50-0 0 2474 36 42 3 10 0.8162 0.7447 165 106
1-0-1-0.05-50-0 0 2475 32 27 1 21 0.6514 0.0776 215 149
1-0-1-0.05-50-0 0 2475 39 49 10 9 0.2187 0.1842 309 136
1-0-1-0.05-50-0 0 2476 24 22 7 2 0.1940 0.0160 254 311
1-0-1-0.05-50-0 0 2476 39 27 10 21 0.2187 0.0776 309 149
1-0-1-0.05-50-0 0 2477 2 42 1 8 0.8198 0.7447 167 106
1-0-1-0.05-50-0 0 2477 15 29 11 4 0.7918 0.6728 149 177
1-0-1-0.05-50-0 0 2478 24 24 6 6 0.1940 0.1940 254 254
1-0-1-0.05-50-0 0 2478 6 36 1 3 0.4266 0.8162 249 165
1-0-1-0.05-50-0 0 2479 29 27 4 18 0.6728 0.0776 177 149
1-0-1-0.05-50-0 0 2479 48 48 2 2 0.1153 0.1153 334 334
1-0-1-0.05-50-0 0 2480 10 42 11 7 0.2533 0.7447 449 106
1-0-1-0.05-50-0 0 2480 10 39 11 11 0.2533 0.2187 449 309
1-0-1-0.05-50-0 0 2481 39 8 11 6 0.2187 0.2506 309 303
1-0-1-0.05-50-0 0 2481 10 27 12 17 0.2533 0.0776 449 149
1-0-1-0.05-50-0 0 2482 8 49 5 7 0.2506 0.1842 303 136
1-0-1-0.05-50-0 0 2482 27 8 17 5 0.0776 0.2506 149 303
1-0-1-0.05-50-0 0 2483 27 10 17 11 0.0776 0.2533 149 449
1-0-1-0.05-50-0 0 2483 48 10 1 10 0.1153 0.2533 334 449
1-0-1-0.05-50-0 0 2484 27 42 17 8 0.0776 0.7447 149 106
1-0-1-0.05-50-0 0 2484 42 5 7 4 0.7447 0.0007 106 226
1-0-1-0.05-50-0 0 2485 8 2 7 2 0.2506 0.8198 303 167
1-0-1-0.05-50-0 0 2485 15 10 14 10 0.7918 0.2533 149 449
1-0-1-0.05-50-0 0 2486 10 15 9 15 0.2533 0.7918 449 149
1-0-1-0.05-50-0 0 2486 39 9 12 3 0.2187 0.6134 309 161
1-0-1-0.05-50-0 0 2487 15 27 13 20 0.7918 0.0776 149 149
1-0-1-0.05-50-0 0 2487 10 15 9 13 0.2533 0.7918 449 149
1-0-1-0.05-50-0 0 2488 27 27 20 20 0.0776 0.0776 149 149
1-0-1-0.05-50-0 0 2488 39 10 13 10 0.2187 0.2533 309 449
1-0-1-0.05-50-0 0 2489 10 15 10 10 0.2533 0.7918 449 149
1-0-1-0.05-50-0 0 2489 27 37 20 1 0.0776 0.8481 149 127
1-0-1-0.05-50-0 0 2490 27 15 21 9 0.0776 0.7918 149 149
1-0-1-0.05-50-0 0 2490 21 7 3 1 0.4184 0.9267 158 106
1-0-1-0.05-50-0 0 2491 27 24 20 7 0.0776 0.1940 149 254
1-0-1-0.05-50-0 0 2491 45 15 1 8 0.3816 0.7918 173 149
1-0-1-0.05-50-0 0 2492 8 22 6 3 0.2506 0.0160 303 311
1-0-1-0.05-50-0 0 2492 22 27 2 20 0.0160 0.0776 311 149
1-0-1-0.05-50-0 0 2493 12 9 1 3 0.1896 0.6134 325 161
1-0-1-0.05-50-0 0 2493 29 44 5 2 0.6728 0.7034 177 118
1-0-1-0.05-50-0 0 2494 39 35 17 1 0.2187 0.0354 309 158
1-0-1-0.05-50-0 0 2494 30 30 3 3 0.6008 0.6008 266 266
1-0-1-0.05-50-0 0 2495 23 29 1 7 0.1698 0.6728 476 177
1-0-1-0.05-50-0 0 2495 27 24 20 5 0.0776 0.1940 149 254
1-0-1-0.05-50-0 0 2496 5 15 1 9 0.0007 0.7918 226 149
1-0-1-0.05-50-0 0 2496 39 15 18 8 0.2187 0.7918 309 149
1-0-1-0.05-50-0 0 2497 29 39 7 18 0.6728 0.2187 177 309
1-0-1-0.05-50-0 0 2497 27 39 25 17 0.0776 0.2187 149 309
1-0-1-0.05-50-0 0 2498 24 39 3 15 0.1940 0.2187 254 309
1-0-1-0.05-50-0 0 2498 27 8 23 8 0.0776 0.2506 149 303
1-0-1-0.05-50-0 0 2499 27 10 23 11 0.0776 0.2533 149 449
1-0-1-0.05-50-0 0 2499 8 15 7 7 0.2506 0.7918 303 149
1-0-1-0.05-50-0 0 2500 30 31 4 1 0.6008 0.5626 266 252
1-0-1-0.05-50-0 0 2500 36 42 3 6 0.8162 0.7447 165 106
