104-0-1-0.05-50-0 0 2302 42 18 7 4 0.7447 0.2181 106 226
104-0-1-0.05-50-0 0 2302 15 49 3 7 0.7918 0.1842 149 136
104-0-1-0.05-50-0 0 2302 9 17 9 21 0.6134 0.6398 161 197
104-0-1-0.05-50-0 0 2303 6 16 3 22 0.4266 0.2228 249 149
104-0-1-0.05-50-0 0 2303 16 17 21 20 0.2228 0.6398 149 197
104-0-1-0.05-50-0 0 2304 45 38 23 7 0.3816 0.6163 173 270
104-0-1-0.05-50-0 0 2304 14 17 2 20 0.8451 0.6398 105 197
104-0-1-0.05-50-0 0 2304 44 42 1 8 0.7034 0.7447 118 106
104-0-1-0.05-50-0 0 2305 16 16 23 23 0.2228 0.2228 149 149
104-0-1-0.05-50-0 0 2305 3 38 2 6 0.4813 0.6163 321 270
104-0-1-0.05-50-0 0 2305 49 17 6 18 0.1842 0.6398 136 197
104-0-1-0.05-50-0 0 2306 45 38 24 4 0.3816 0.6163 173 270
104-0-1-0.05-50-0 0 2306 17 17 19 19 0.6398 0.6398 197 197
104-0-1-0.05-50-0 0 2307 45 45 24 24 0.3816 0.3816 173 173
104-0-1-0.05-50-0 0 2307 16 50 22 7 0.2228 0.2147 149 147
104-0-1-0.05-50-0 0 2308 25 45 2 23 0.9430 0.3816 125 173
104-0-1-0.05-50-0 0 2308 45 17 22 20 0.3816 0.6398 173 197
104-0-1-0.05-50-0 0 2308 13 45 4 22 0.8878 0.3816 151 173
104-0-1-0.05-50-0 0 2309 17 45 20 22 0.6398 0.3816 197 173
104-0-1-0.05-50-0 0 2309 16 3 23 2 0.2228 0.4813 149 321
104-0-1-0.05-50-0 0 2309 42 16 8 23 0.7447 0.2228 106 149
104-0-1-0.05-50-0 0 2310 32 16 2 23 0.6514 0.2228 215 149
104-0-1-0.05-50-0 0 2310 16 16 22 22 0.2228 0.2228 149 149
104-0-1-0.05-50-0 0 2310 49 16 8 21 0.1842 0.2228 136 149
104-0-1-0.05-50-0 0 2311 17 33 20 4 0.6398 0.6893 197 191
104-0-1-0.05-50-0 0 2311 16 33 20 3 0.2228 0.6893 149 191
104-0-1-0.05-50-0 0 2311 42 49 9 8 0.7447 0.1842 106 136
104-0-1-0.05-50-0 0 2312 16 9 21 11 0.2228 0.6134 149 161
104-0-1-0.05-50-0 0 2312 9 32 10 2 0.6134 0.6514 161 215
104-0-1-0.05-50-0 0 2312 25 38 2 4 0.9430 0.6163 125 270
104-0-1-0.05-50-0 0 2313 16 15 20 1 0.2228 0.7918 149 149
104-0-1-0.05-50-0 0 2313 50 27 7 1 0.2147 0.0776 147 149
104-0-1-0.05-50-0 0 2313 17 9 19 9 0.6398 0.6134 197 161
104-0-1-0.05-50-0 0 2314 28 28 5 5 0.3846 0.3846 311 311
104-0-1-0.05-50-0 0 2314 13 24 5 4 0.8878 0.1940 151 254
104-0-1-0.05-50-0 0 2315 50 17 6 19 0.2147 0.6398 147 197
104-0-1-0.05-50-0 0 2315 40 13 1 5 0.9739 0.8878 104 151
104-0-1-0.05-50-0 0 2316 50 11 6 2 0.2147 0.0504 147 384
104-0-1-0.05-50-0 0 2316 24 9 3 8 0.1940 0.6134 254 161
104-0-1-0.05-50-0 0 2317 45 16 22 19 0.3816 0.2228 173 149
104-0-1-0.05-50-0 0 2317 43 16 4 18 0.8316 0.2228 123 149
104-0-1-0.05-50-0 0 2318 49 16 6 18 0.1842 0.2228 136 149
104-0-1-0.05-50-0 0 2318 4 50 3 8 0.0723 0.2147 351 147
104-0-1-0.05-50-0 0 2319 16 33 17 2 0.2228 0.6893 149 191
104-0-1-0.05-50-0 0 2319 17 16 22 17 0.6398 0.2228 197 149
104-0-1-0.05-50-0 0 2320 6 50 4 7 0.4266 0.2147 249 147
104-0-1-0.05-50-0 0 2320 10 17 2 23 0.2533 0.6398 449 197
104-0-1-0.05-50-0 0 2321 50 42 7 13 0.2147 0.7447 147 106
104-0-1-0.05-50-0 0 2321 49 42 9 12 0.1842 0.7447 136 106
104-0-1-0.05-50-0 0 2322 17 38 20 3 0.6398 0.6163 197 270
104-0-1-0.05-50-0 0 2322 45 30 20 1 0.3816 0.6008 173 266
104-0-1-0.05-50-0 0 2323 22 28 1 6 0.0160 0.3846 311 311
104-0-1-0.05-50-0 0 2323 13 17 4 22 0.8878 0.6398 151 197
104-0-1-0.05-50-0 0 2324 21 35 3 1 0.4184 0.0354 158 158
104-0-1-0.05-50-0 0 2324 14 28 2 6 0.8451 0.3846 105 311
104-0-1-0.05-50-0 0 2325 45 17 19 21 0.3816 0.6398 173 197
104-0-1-0.05-50-0 0 2325 28 40 6 1 0.3846 0.9739 311 104
104-0-1-0.05-50-0 0 2326 9 10 6 3 0.6134 0.2533 161 449
104-0-1-0.05-50-0 0 2326 16 11 19 2 0.2228 0.0504 149 384
104-0-1-0.05-50-0 0 2327 45 6 19 5 0.3816 0.4266 173 249
104-0-1-0.05-50-0 0 2327 16 21 19 3 0.2228 0.4184 149 158
104-0-1-0.05-50-0 0 2328 42 50 13 9 0.7447 0.2147 106 147
104-0-1-0.05-50-0 0 2328 45 16 20 19 0.3816 0.2228 173 149
104-0-1-0.05-50-0 0 2329 16 4 18 4 0.2228 0.0723 149 351
104-0-1-0.05-50-0 0 2329 50 42 8 13 0.2147 0.7447 147 106
104-0-1-0.05-50-0 0 2330 17 16 19 20 0.6398 0.2228 197 149
104-0-1-0.05-50-0 0 2330 17 9 19 6 0.6398 0.6134 197 161
104-0-1-0.05-50-0 0 2331 49 42 8 13 0.1842 0.7447 136 106
104-0-1-0.05-50-0 0 2331 49 17 8 21 0.1842 0.6398 136 197
104-0-1-0.05-50-0 0 2332 16 24 21 4 0.2228 0.1940 149 254
104-0-1-0.05-50-0 0 2332 29 49 1 7 0.6728 0.1842 177 136
104-0-1-0.05-50-0 0 2333 25 17 2 21 0.9430 0.6398 125 197
104-0-1-0.05-50-0 0 2333 9 50 8 8 0.6134 0.2147 161 147
104-0-1-0.05-50-0 0 2333 10 50 2 7 0.2533 0.2147 449 147
104-0-1-0.05-50-0 0 2334 17 45 19 24 0.6398 0.3816 197 173
104-0-1-0.05-50-0 0 2334 45 16 23 22 0.3816 0.2228 173 149
104-0-1-0.05-50-0 0 2335 16 26 23 2 0.2228 0.8171 149 141
104-0-1-0.05-50-0 0 2335 45 13 22 5 0.3816 0.8878 173 151
104-0-1-0.05-50-0 0 2336 45 16 23 24 0.3816 0.2228 173 149
104-0-1-0.05-50-0 0 2336 45 28 23 6 0.3816 0.3846 173 311
104-0-1-0.05-50-0 0 2336 16 42 23 13 0.2228 0.7447 149 106
104-0-1-0.05-50-0 0 2337 42 11 14 1 0.7447 0.0504 106 384
104-0-1-0.05-50-0 0 2337 25 17 2 21 0.9430 0.6398 125 197
104-0-1-0.05-50-0 0 2337 16 22 24 1 0.2228 0.0160 149 311
104-0-1-0.05-50-0 0 2338 17 16 21 23 0.6398 0.2228 197 149
104-0-1-0.05-50-0 0 2338 50 42 12 14 0.2147 0.7447 147 106
104-0-1-0.05-50-0 0 2338 44 17 3 21 0.7034 0.6398 118 197
104-0-1-0.05-50-0 0 2339 49 45 4 23 0.1842 0.3816 136 173
104-0-1-0.05-50-0 0 2339 45 17 22 21 0.3816 0.6398 173 197
104-0-1-0.05-50-0 0 2339 24 50 3 12 0.1940 0.2147 254 147
104-0-1-0.05-50-0 0 2340 45 9 22 11 0.3816 0.6134 173 161
104-0-1-0.05-50-0 0 2340 16 42 23 13 0.2228 0.7447 149 106
104-0-1-0.05-50-0 0 2340 4 18 3 1 0.0723 0.2181 351 226
104-0-1-0.05-50-0 0 2341 50 13 11 3 0.2147 0.8878 147 151
104-0-1-0.05-50-0 0 2341 8 17 1 21 0.2506 0.6398 303 197
104-0-1-0.05-50-0 0 2341 42 47 11 1 0.7447 0.9293 106 103
104-0-1-0.05-50-0 0 2342 38 16 1 21 0.6163 0.2228 270 149
104-0-1-0.05-50-0 0 2342 24 42 4 12 0.1940 0.7447 254 106
104-0-1-0.05-50-0 0 2342 6 17 6 21 0.4266 0.6398 249 197
104-0-1-0.05-50-0 0 2343 21 30 4 2 0.4184 0.6008 158 266
104-0-1-0.05-50-0 0 2343 40 16 1 18 0.9739 0.2228 104 149
104-0-1-0.05-50-0 0 2343 49 45 6 23 0.1842 0.3816 136 173
104-0-1-0.05-50-0 0 2344 50 24 16 4 0.2147 0.1940 147 254
104-0-1-0.05-50-0 0 2344 17 17 21 21 0.6398 0.6398 197 197
104-0-1-0.05-50-0 0 2344 49 29 6 1 0.1842 0.6728 136 177
104-0-1-0.05-50-0 0 2345 16 49 17 6 0.2228 0.1842 149 136
104-0-1-0.05-50-0 0 2345 44 44 7 7 0.7034 0.7034 118 118
104-0-1-0.05-50-0 0 2345 35 16 2 17 0.0354 0.2228 158 149
104-0-1-0.05-50-0 0 2346 45 16 21 18 0.3816 0.2228 173 149
104-0-1-0.05-50-0 0 2346 12 50 4 18 0.1896 0.2147 325 147
104-0-1-0.05-50-0 0 2346 28 13 5 3 0.3846 0.8878 311 151
104-0-1-0.05-50-0 0 2347 45 16 21 17 0.3816 0.2228 173 149
104-0-1-0.05-50-0 0 2347 23 17 1 18 0.1698 0.6398 476 197
104-0-1-0.05-50-0 0 2347 43 42 6 13 0.8316 0.7447 123 106
104-0-1-0.05-50-0 0 2348 28 17 6 16 0.3846 0.6398 311 197
104-0-1-0.05-50-0 0 2348 45 30 20 1 0.3816 0.6008 173 266
104-0-1-0.05-50-0 0 2348 38 49 2 5 0.6163 0.1842 270 136
104-0-1-0.05-50-0 0 2349 10 42 3 12 0.2533 0.7447 449 106
104-0-1-0.05-50-0 0 2349 28 17 7 17 0.3846 0.6398 311 197
104-0-1-0.05-50-0 0 2349 17 50 16 15 0.6398 0.2147 197 147
104-0-1-0.05-50-0 0 2350 35 45 2 20 0.0354 0.3816 158 173
104-0-1-0.05-50-0 0 2350 45 43 19 6 0.3816 0.8316 173 123
104-0-1-0.05-50-0 0 2350 17 6 16 9 0.6398 0.4266 197 249
104-0-1-0.05-50-0 0 2351 16 50 18 14 0.2228 0.2147 149 147
104-0-1-0.05-50-0 0 2351 38 45 3 19 0.6163 0.3816 270 173
104-0-1-0.05-50-0 0 2351 50 41 13 2 0.2147 0.9621 147 105
104-0-1-0.05-50-0 0 2352 45 42 20 11 0.3816 0.7447 173 106
104-0-1-0.05-50-0 0 2352 42 6 10 12 0.7447 0.4266 106 249
104-0-1-0.05-50-0 0 2352 41 45 2 20 0.9621 0.3816 105 173
104-0-1-0.05-50-0 0 2353 50 17 16 17 0.2147 0.6398 147 197
104-0-1-0.05-50-0 0 2353 41 17 2 16 0.9621 0.6398 105 197
104-0-1-0.05-50-0 0 2353 16 42 21 11 0.2228 0.7447 149 106
104-0-1-0.05-50-0 0 2354 6 45 12 17 0.4266 0.3816 249 173
104-0-1-0.05-50-0 0 2354 42 9 10 7 0.7447 0.6134 106 161
104-0-1-0.05-50-0 0 2354 50 41 18 2 0.2147 0.9621 147 105
104-0-1-0.05-50-0 0 2355 16 32 22 2 0.2228 0.6514 149 215
104-0-1-0.05-50-0 0 2355 43 10 4 6 0.8316 0.2533 123 449
104-0-1-0.05-50-0 0 2355 50 28 19 12 0.2147 0.3846 147 311
104-0-1-0.05-50-0 0 2356 21 9 5 7 0.4184 0.6134 158 161
104-0-1-0.05-50-0 0 2356 50 18 19 3 0.2147 0.2181 147 226
104-0-1-0.05-50-0 0 2356 43 17 4 14 0.8316 0.6398 123 197
104-0-1-0.05-50-0 0 2357 10 16 5 21 0.2533 0.2228 449 149
104-0-1-0.05-50-0 0 2357 46 39 1 1 0.3451 0.2187 327 309
104-0-1-0.05-50-0 0 2357 6 28 14 9 0.4266 0.3846 249 311
104-0-1-0.05-50-0 0 2358 35 17 4 14 0.0354 0.6398 158 197
104-0-1-0.05-50-0 0 2358 45 50 16 20 0.3816 0.2147 173 147
104-0-1-0.05-50-0 0 2358 40 1 1 2 0.9739 0.2520 104 409
104-0-1-0.05-50-0 0 2359 17 9 12 9 0.6398 0.6134 197 161
104-0-1-0.05-50-0 0 2359 10 46 5 1 0.2533 0.3451 449 327
104-0-1-0.05-50-0 0 2359 6 9 12 8 0.4266 0.6134 249 161
104-0-1-0.05-50-0 0 2360 43 8 5 5 0.8316 0.2506 123 303
104-0-1-0.05-50-0 0 2360 43 45 5 17 0.8316 0.3816 123 173
104-0-1-0.05-50-0 0 2360 50 16 21 19 0.2147 0.2228 147 149
104-0-1-0.05-50-0 0 2361 16 16 18 18 0.2228 0.2228 149 149
104-0-1-0.05-50-0 0 2361 42 24 7 5 0.7447 0.1940 106 254
104-0-1-0.05-50-0 0 2361 8 16 5 17 0.2506 0.2228 303 149
104-0-1-0.05-50-0 0 2362 45 50 17 19 0.3816 0.2147 173 147
104-0-1-0.05-50-0 0 2362 6 38 14 3 0.4266 0.6163 249 270
104-0-1-0.05-50-0 0 2362 43 8 6 5 0.8316 0.2506 123 303
104-0-1-0.05-50-0 0 2363 9 50 7 19 0.6134 0.2147 161 147
104-0-1-0.05-50-0 0 2363 45 6 17 15 0.3816 0.4266 173 249
104-0-1-0.05-50-0 0 2363 24 9 5 7 0.1940 0.6134 254 161
104-0-1-0.05-50-0 0 2364 16 8 17 3 0.2228 0.2506 149 303
104-0-1-0.05-50-0 0 2364 21 12 4 9 0.4184 0.1896 158 325
104-0-1-0.05-50-0 0 2364 16 32 17 3 0.2228 0.6514 149 215
104-0-1-0.05-50-0 0 2365 6 28 14 12 0.4266 0.3846 249 311
104-0-1-0.05-50-0 0 2365 42 17 10 12 0.7447 0.6398 106 197
104-0-1-0.05-50-0 0 2365 35 21 5 4 0.0354 0.4184 158 158
104-0-1-0.05-50-0 0 2366 10 24 5 6 0.2533 0.1940 449 254
104-0-1-0.05-50-0 0 2366 35 9 5 6 0.0354 0.6134 158 161
104-0-1-0.05-50-0 0 2366 17 45 11 19 0.6398 0.3816 197 173
104-0-1-0.05-50-0 0 2367 16 43 23 7 0.2228 0.8316 149 123
104-0-1-0.05-50-0 0 2367 17 36 10 4 0.6398 0.8162 197 165
104-0-1-0.05-50-0 0 2367 50 45 17 18 0.2147 0.3816 147 173
104-0-1-0.05-50-0 0 2368 50 43 19 6 0.2147 0.8316 147 123
104-0-1-0.05-50-0 0 2368 24 28 6 12 0.1940 0.3846 254 311
104-0-1-0.05-50-0 0 2368 8 10 2 4 0.2506 0.2533 303 449
104-0-1-0.05-50-0 0 2369 24 21 6 1 0.1940 0.4184 254 158
104-0-1-0.05-50-0 0 2369 44 12 8 8 0.7034 0.1896 118 325
104-0-1-0.05-50-0 0 2369 16 6 26 14 0.2228 0.4266 149 249
104-0-1-0.05-50-0 0 2370 24 45 7 18 0.1940 0.3816 254 173
104-0-1-0.05-50-0 0 2370 42 6 10 15 0.7447 0.4266 106 249
104-0-1-0.05-50-0 0 2370 10 28 3 11 0.2533 0.3846 449 311
104-0-1-0.05-50-0 0 2371 45 50 19 18 0.3816 0.2147 173 147
104-0-1-0.05-50-0 0 2371 6 18 14 2 0.4266 0.2181 249 226
104-0-1-0.05-50-0 0 2371 17 42 8 11 0.6398 0.7447 197 106
104-0-1-0.05-50-0 0 2372 42 50 8 17 0.7447 0.2147 106 147
104-0-1-0.05-50-0 0 2372 20 12 1 7 0.9922 0.1896 102 325
104-0-1-0.05-50-0 0 2372 4 50 5 16 0.0723 0.2147 351 147
104-0-1-0.05-50-0 0 2373 16 12 33 5 0.2228 0.1896 149 325
104-0-1-0.05-50-0 0 2373 17 45 8 18 0.6398 0.3816 197 173
104-0-1-0.05-50-0 0 2373 45 42 17 7 0.3816 0.7447 173 106
104-0-1-0.05-50-0 0 2374 23 16 1 33 0.1698 0.2228 476 149
104-0-1-0.05-50-0 0 2374 9 24 3 7 0.6134 0.1940 161 254
104-0-1-0.05-50-0 0 2374 16 42 32 6 0.2228 0.7447 149 106
104-0-1-0.05-50-0 0 2375 32 6 8 13 0.6514 0.4266 215 249
104-0-1-0.05-50-0 0 2375 24 16 6 33 0.1940 0.2228 254 149
104-0-1-0.05-50-0 0 2375 16 28 32 10 0.2228 0.3846 149 311
104-0-1-0.05-50-0 0 2376 16 28 32 9 0.2228 0.3846 149 311
104-0-1-0.05-50-0 0 2376 28 38 8 3 0.3846 0.6163 311 270
104-0-1-0.05-50-0 0 2376 31 42 5 6 0.5626 0.7447 252 106
104-0-1-0.05-50-0 0 2377 43 50 5 16 0.8316 0.2147 123 147
104-0-1-0.05-50-0 0 2377 12 50 5 15 0.1896 0.2147 325 147
104-0-1-0.05-50-0 0 2377 6 6 13 13 0.4266 0.4266 249 249
104-0-1-0.05-50-0 0 2378 16 16 36 36 0.2228 0.2228 149 149
104-0-1-0.05-50-0 0 2378 16 50 35 15 0.2228 0.2147 149 147
104-0-1-0.05-50-0 0 2378 13 12 2 5 0.8878 0.1896 151 325
104-0-1-0.05-50-0 0 2379 16 32 34 9 0.2228 0.6514 149 215
104-0-1-0.05-50-0 0 2379 35 45 4 20 0.0354 0.3816 158 173
104-0-1-0.05-50-0 0 2379 44 17 6 7 0.7034 0.6398 118 197
104-0-1-0.05-50-0 0 2380 31 44 5 6 0.5626 0.7034 252 118
104-0-1-0.05-50-0 0 2380 16 45 36 18 0.2228 0.3816 149 173
104-0-1-0.05-50-0 0 2380 9 16 3 36 0.6134 0.2228 161 149
104-0-1-0.05-50-0 0 2381 50 16 15 34 0.2147 0.2228 147 149
104-0-1-0.05-50-0 0 2381 16 1 33 7 0.2228 0.2520 149 409
104-0-1-0.05-50-0 0 2381 45 28 18 8 0.3816 0.3846 173 311
104-0-1-0.05-50-0 0 2382 31 6 5 12 0.5626 0.4266 252 249
104-0-1-0.05-50-0 0 2382 38 38 2 2 0.6163 0.6163 270 270
104-0-1-0.05-50-0 0 2382 16 35 33 6 0.2228 0.0354 149 158
104-0-1-0.05-50-0 0 2383 16 16 33 33 0.2228 0.2228 149 149
104-0-1-0.05-50-0 0 2383 45 42 21 6 0.3816 0.7447 173 106
104-0-1-0.05-50-0 0 2383 44 4 6 7 0.7034 0.0723 118 351
104-0-1-0.05-50-0 0 2384 16 31 29 5 0.2228 0.5626 149 252
104-0-1-0.05-50-0 0 2384 1 14 7 1 0.2520 0.8451 409 105
104-0-1-0.05-50-0 0 2384 12 32 5 7 0.1896 0.6514 325 215
104-0-1-0.05-50-0 0 2385 50 44 16 6 0.2147 0.7034 147 118
104-0-1-0.05-50-0 0 2385 16 35 26 5 0.2228 0.0354 149 158
104-0-1-0.05-50-0 0 2385 45 50 20 16 0.3816 0.2147 173 147
104-0-1-0.05-50-0 0 2386 46 1 2 7 0.3451 0.2520 327 409
104-0-1-0.05-50-0 0 2386 45 42 23 5 0.3816 0.7447 173 106
104-0-1-0.05-50-0 0 2386 44 45 5 23 0.7034 0.3816 118 173
104-0-1-0.05-50-0 0 2387 16 12 24 5 0.2228 0.1896 149 325
104-0-1-0.05-50-0 0 2387 18 16 3 24 0.2181 0.2228 226 149
104-0-1-0.05-50-0 0 2387 44 45 5 22 0.7034 0.3816 118 173
104-0-1-0.05-50-0 0 2388 50 32 15 5 0.2147 0.6514 147 215
104-0-1-0.05-50-0 0 2388 50 44 15 5 0.2147 0.7034 147 118
104-0-1-0.05-50-0 0 2388 16 28 25 10 0.2228 0.3846 149 311
104-0-1-0.05-50-0 0 2389 45 8 22 1 0.3816 0.2506 173 303
104-0-1-0.05-50-0 0 2389 46 45 2 22 0.3451 0.3816 327 173
104-0-1-0.05-50-0 0 2389 17 28 6 10 0.6398 0.3846 197 311
104-0-1-0.05-50-0 0 2390 32 45 3 19 0.6514 0.3816 215 173
104-0-1-0.05-50-0 0 2390 50 49 15 1 0.2147 0.1842 147 136
104-0-1-0.05-50-0 0 2390 13 10 1 1 0.8878 0.2533 151 449
104-0-1-0.05-50-0 0 2391 12 16 5 28 0.1896 0.2228 325 149
104-0-1-0.05-50-0 0 2391 44 36 3 1 0.7034 0.8162 118 165
104-0-1-0.05-50-0 0 2391 20 16 1 27 0.9922 0.2228 102 149
104-0-1-0.05-50-0 0 2392 45 17 19 7 0.3816 0.6398 173 197
104-0-1-0.05-50-0 0 2392 4 28 8 6 0.0723 0.3846 351 311
104-0-1-0.05-50-0 0 2392 16 6 24 17 0.2228 0.4266 149 249
104-0-1-0.05-50-0 0 2393 27 45 1 20 0.0776 0.3816 149 173
104-0-1-0.05-50-0 0 2393 6 28 17 5 0.4266 0.3846 249 311
104-0-1-0.05-50-0 0 2393 45 4 19 8 0.3816 0.0723 173 351
104-0-1-0.05-50-0 0 2394 28 17 4 6 0.3846 0.6398 311 197
104-0-1-0.05-50-0 0 2394 50 6 15 17 0.2147 0.4266 147 249
104-0-1-0.05-50-0 0 2395 42 23 3 3 0.7447 0.1698 106 476
104-0-1-0.05-50-0 0 2395 45 45 21 21 0.3816 0.3816 173 173
104-0-1-0.05-50-0 0 2395 45 6 20 12 0.3816 0.4266 173 249
104-0-1-0.05-50-0 0 2396 18 4 9 7 0.2181 0.0723 226 351
104-0-1-0.05-50-0 0 2396 16 6 26 11 0.2228 0.4266 149 249
104-0-1-0.05-50-0 0 2397 6 16 10 26 0.4266 0.2228 249 149
104-0-1-0.05-50-0 0 2397 12 45 3 23 0.1896 0.3816 325 173
104-0-1-0.05-50-0 0 2398 24 16 7 23 0.1940 0.2228 254 149
104-0-1-0.05-50-0 0 2398 16 50 22 15 0.2228 0.2147 149 147
104-0-1-0.05-50-0 0 2399 17 33 5 1 0.6398 0.6893 197 191
104-0-1-0.05-50-0 0 2399 45 43 24 10 0.3816 0.8316 173 123
104-0-1-0.05-50-0 0 2400 50 45 14 27 0.2147 0.3816 147 173
104-0-1-0.05-50-0 0 2400 16 6 22 9 0.2228 0.4266 149 249
104-0-1-0.05-50-0 0 2401 45 1 27 5 0.3816 0.2520 173 409
104-0-1-0.05-50-0 0 2401 16 8 22 2 0.2228 0.2506 149 303
104-0-1-0.05-50-0 0 2401 18 40 7 2 0.2181 0.9739 226 104
104-0-1-0.05-50-0 0 2402 24 16 9 23 0.1940 0.2228 254 149
104-0-1-0.05-50-0 0 2402 17 12 5 4 0.6398 0.1896 197 325
104-0-1-0.05-50-0 0 2402 24 18 9 7 0.1940 0.2181 254 226
104-0-1-0.05-50-0 0 2403 27 13 2 1 0.0776 0.8878 149 151
104-0-1-0.05-50-0 0 2403 32 45 3 31 0.6514 0.3816 215 173
104-0-1-0.05-50-0 0 2403 5 8 3 1 0.0007 0.2506 226 303
104-0-1-0.05-50-0 0 2404 45 24 30 9 0.3816 0.1940 173 254
104-0-1-0.05-50-0 0 2404 16 45 24 30 0.2228 0.3816 149 173
104-0-1-0.05-50-0 0 2405 45 45 28 28 0.3816 0.3816 173 173
104-0-1-0.05-50-0 0 2405 16 24 26 8 0.2228 0.1940 149 254
104-0-1-0.05-50-0 0 2406 1 4 4 5 0.2520 0.0723 409 351
104-0-1-0.05-50-0 0 2406 16 6 26 9 0.2228 0.4266 149 249
104-0-1-0.05-50-0 0 2407 45 16 29 26 0.3816 0.2228 173 149
104-0-1-0.05-50-0 0 2407 6 45 8 29 0.4266 0.3816 249 173
104-0-1-0.05-50-0 0 2408 22 24 2 6 0.0160 0.1940 311 254
104-0-1-0.05-50-0 0 2408 32 4 3 5 0.6514 0.0723 215 351
104-0-1-0.05-50-0 0 2409 22 43 2 10 0.0160 0.8316 311 123
104-0-1-0.05-50-0 0 2409 45 43 31 9 0.3816 0.8316 173 123
104-0-1-0.05-50-0 0 2409 45 16 31 30 0.3816 0.2228 173 149
104-0-1-0.05-50-0 0 2410 1 45 4 33 0.2520 0.3816 409 173
104-0-1-0.05-50-0 0 2410 50 29 14 2 0.2147 0.6728 147 177
104-0-1-0.05-50-0 0 2410 16 18 31 9 0.2228 0.2181 149 226
104-0-1-0.05-50-0 0 2411 45 29 29 1 0.3816 0.6728 173 177
104-0-1-0.05-50-0 0 2411 45 50 29 14 0.3816 0.2147 173 147
104-0-1-0.05-50-0 0 2411 24 45 6 29 0.1940 0.3816 254 173
104-0-1-0.05-50-0 0 2412 16 16 30 30 0.2228 0.2228 149 149
104-0-1-0.05-50-0 0 2412 24 12 7 1 0.1940 0.1896 254 325
104-0-1-0.05-50-0 0 2412 5 35 2 4 0.0007 0.0354 226 158
104-0-1-0.05-50-0 0 2413 16 38 29 3 0.2228 0.6163 149 270
104-0-1-0.05-50-0 0 2413 32 44 4 2 0.6514 0.7034 215 118
104-0-1-0.05-50-0 0 2414 43 43 10 10 0.8316 0.8316 123 123
104-0-1-0.05-50-0 0 2414 1 45 4 24 0.2520 0.3816 409 173
104-0-1-0.05-50-0 0 2415 27 43 2 9 0.0776 0.8316 149 123
104-0-1-0.05-50-0 0 2415 24 16 6 30 0.1940 0.2228 254 149
104-0-1-0.05-50-0 0 2415 42 7 2 2 0.7447 0.9267 106 106
104-0-1-0.05-50-0 0 2416 1 22 4 3 0.2520 0.0160 409 311
104-0-1-0.05-50-0 0 2416 16 1 28 4 0.2228 0.2520 149 409
104-0-1-0.05-50-0 0 2417 17 16 2 27 0.6398 0.2228 197 149
104-0-1-0.05-50-0 0 2417 24 22 7 2 0.1940 0.0160 254 311
104-0-1-0.05-50-0 0 2417 23 16 4 26 0.1698 0.2228 476 149
104-0-1-0.05-50-0 0 2418 47 35 2 3 0.9293 0.0354 103 158
104-0-1-0.05-50-0 0 2418 7 32 1 5 0.9267 0.6514 106 215
104-0-1-0.05-50-0 0 2419 25 7 4 1 0.9430 0.9267 125 106
104-0-1-0.05-50-0 0 2419 45 45 23 23 0.3816 0.3816 173 173
104-0-1-0.05-50-0 0 2420 6 16 9 25 0.4266 0.2228 249 149
104-0-1-0.05-50-0 0 2420 45 45 21 21 0.3816 0.3816 173 173
104-0-1-0.05-50-0 0 2421 16 6 25 9 0.2228 0.4266 149 249
104-0-1-0.05-50-0 0 2421 6 47 8 2 0.4266 0.9293 249 103
104-0-1-0.05-50-0 0 2422 18 38 9 4 0.2181 0.6163 226 270
104-0-1-0.05-50-0 0 2422 18 16 9 24 0.2181 0.2228 226 149
104-0-1-0.05-50-0 0 2423 45 45 23 23 0.3816 0.3816 173 173
104-0-1-0.05-50-0 0 2423 28 16 6 23 0.3846 0.2228 311 149
104-0-1-0.05-50-0 0 2424 16 43 22 8 0.2228 0.8316 149 123
104-0-1-0.05-50-0 0 2424 29 22 2 2 0.6728 0.0160 177 311
104-0-1-0.05-50-0 0 2425 50 16 11 23 0.2147 0.2228 147 149
104-0-1-0.05-50-0 0 2425 35 16 3 22 0.0354 0.2228 158 149
104-0-1-0.05-50-0 0 2426 38 18 5 8 0.6163 0.2181 270 226
104-0-1-0.05-50-0 0 2426 18 38 7 5 0.2181 0.6163 226 270
104-0-1-0.05-50-0 0 2427 6 44 7 2 0.4266 0.7034 249 118
104-0-1-0.05-50-0 0 2427 45 50 25 8 0.3816 0.2147 173 147
104-0-1-0.05-50-0 0 2428 23 18 7 6 0.1698 0.2181 476 226
104-0-1-0.05-50-0 0 2428 4 43 7 9 0.0723 0.8316 351 123
104-0-1-0.05-50-0 0 2429 28 4 6 8 0.3846 0.0723 311 351
104-0-1-0.05-50-0 0 2429 6 45 6 25 0.4266 0.3816 249 173
104-0-1-0.05-50-0 0 2430 24 25 10 3 0.1940 0.9430 254 125
104-0-1-0.05-50-0 0 2430 43 45 8 25 0.8316 0.3816 123 173
104-0-1-0.05-50-0 0 2431 41 45 2 25 0.9621 0.3816 105 173
104-0-1-0.05-50-0 0 2431 18 22 5 1 0.2181 0.0160 226 311
104-0-1-0.05-50-0 0 2432 1 6 5 7 0.2520 0.4266 409 249
104-0-1-0.05-50-0 0 2432 45 45 25 25 0.3816 0.3816 173 173
104-0-1-0.05-50-0 0 2433 16 24 18 10 0.2228 0.1940 149 254
104-0-1-0.05-50-0 0 2433 16 16 18 18 0.2228 0.2228 149 149
104-0-1-0.05-50-0 0 2434 43 25 10 3 0.8316 0.9430 123 125
104-0-1-0.05-50-0 0 2434 50 16 5 17 0.2147 0.2228 147 149
104-0-1-0.05-50-0 0 2435 4 24 12 10 0.0723 0.1940 351 254
104-0-1-0.05-50-0 0 2435 27 16 3 15 0.0776 0.2228 149 149
104-0-1-0.05-50-0 0 2436 16 50 15 3 0.2228 0.2147 149 147
104-0-1-0.05-50-0 0 2436 43 16 9 15 0.8316 0.2228 123 149
104-0-1-0.05-50-0 0 2437 45 24 22 9 0.3816 0.1940 173 254
104-0-1-0.05-50-0 0 2437 18 26 4 1 0.2181 0.8171 226 141
104-0-1-0.05-50-0 0 2438 4 4 14 14 0.0723 0.0723 351 351
104-0-1-0.05-50-0 0 2438 15 16 3 15 0.7918 0.2228 149 149
104-0-1-0.05-50-0 0 2439 16 16 17 17 0.2228 0.2228 149 149
104-0-1-0.05-50-0 0 2439 50 15 2 3 0.2147 0.7918 147 149
104-0-1-0.05-50-0 0 2440 45 47 19 2 0.3816 0.9293 173 103
104-0-1-0.05-50-0 0 2440 9 16 2 18 0.6134 0.2228 161 149
104-0-1-0.05-50-0 0 2441 35 18 9 4 0.0354 0.2181 158 226
104-0-1-0.05-50-0 0 2441 5 43 3 12 0.0007 0.8316 226 123
104-0-1-0.05-50-0 0 2442 5 28 3 9 0.0007 0.3846 226 311
104-0-1-0.05-50-0 0 2442 11 32 2 4 0.0504 0.6514 384 215
104-0-1-0.05-50-0 0 2443 28 11 8 2 0.3846 0.0504 311 384
104-0-1-0.05-50-0 0 2443 4 45 18 17 0.0723 0.3816 351 173
104-0-1-0.05-50-0 0 2444 16 5 16 3 0.2228 0.0007 149 226
104-0-1-0.05-50-0 0 2444 27 44 2 2 0.0776 0.7034 149 118
104-0-1-0.05-50-0 0 2445 16 41 16 1 0.2228 0.9621 149 105
104-0-1-0.05-50-0 0 2445 43 4 11 18 0.8316 0.0723 123 351
104-0-1-0.05-50-0 0 2446 38 16 7 15 0.6163 0.2228 270 149
104-0-1-0.05-50-0 0 2446 45 16 19 14 0.3816 0.2228 173 149
104-0-1-0.05-50-0 0 2446 42 16 2 13 0.7447 0.2228 106 149
104-0-1-0.05-50-0 0 2447 32 29 2 3 0.6514 0.6728 215 177
104-0-1-0.05-50-0 0 2447 32 24 2 16 0.6514 0.1940 215 254
104-0-1-0.05-50-0 0 2447 16 45 11 22 0.2228 0.3816 149 173
104-0-1-0.05-50-0 0 2448 4 28 15 9 0.0723 0.3846 351 311
104-0-1-0.05-50-0 0 2448 4 14 15 3 0.0723 0.8451 351 105
104-0-1-0.05-50-0 0 2448 35 45 13 22 0.0354 0.3816 158 173
104-0-1-0.05-50-0 0 2449 24 38 13 7 0.1940 0.6163 254 270
104-0-1-0.05-50-0 0 2449 1 24 6 13 0.2520 0.1940 409 254
104-0-1-0.05-50-0 0 2450 16 24 13 12 0.2228 0.1940 149 254
104-0-1-0.05-50-0 0 2450 45 10 21 5 0.3816 0.2533 173 449
104-0-1-0.05-50-0 0 2450 35 14 12 3 0.0354 0.8451 158 105
104-0-1-0.05-50-0 0 2451 28 10 8 4 0.3846 0.2533 311 449
104-0-1-0.05-50-0 0 2451 14 9 2 3 0.8451 0.6134 105 161
104-0-1-0.05-50-0 0 2451 24 28 11 8 0.1940 0.3846 254 311
104-0-1-0.05-50-0 0 2452 35 4 9 17 0.0354 0.0723 158 351
104-0-1-0.05-50-0 0 2452 24 24 11 11 0.1940 0.1940 254 254
104-0-1-0.05-50-0 0 2452 16 1 14 7 0.2228 0.2520 149 409
104-0-1-0.05-50-0 0 2453 24 4 10 15 0.1940 0.0723 254 351
104-0-1-0.05-50-0 0 2453 17 4 1 14 0.6398 0.0723 197 351
104-0-1-0.05-50-0 0 2454 1 38 6 5 0.2520 0.6163 409 270
104-0-1-0.05-50-0 0 2454 35 43 9 9 0.0354 0.8316 158 123
104-0-1-0.05-50-0 0 2455 28 6 6 5 0.3846 0.4266 311 249
104-0-1-0.05-50-0 0 2455 16 35 15 9 0.2228 0.0354 149 158
104-0-1-0.05-50-0 0 2455 4 35 15 8 0.0723 0.0354 351 158
104-0-1-0.05-50-0 0 2456 4 16 15 16 0.0723 0.2228 351 149
104-0-1-0.05-50-0 0 2456 4 34 15 1 0.0723 0.7448 351 168
104-0-1-0.05-50-0 0 2456 45 33 26 2 0.3816 0.6893 173 191
104-0-1-0.05-50-0 0 2457 18 14 5 2 0.2181 0.8451 226 105
104-0-1-0.05-50-0 0 2457 28 24 6 11 0.3846 0.1940 311 254
104-0-1-0.05-50-0 0 2457 16 45 15 25 0.2228 0.3816 149 173
104-0-1-0.05-50-0 0 2458 16 35 17 10 0.2228 0.0354 149 158
104-0-1-0.05-50-0 0 2458 23 6 6 5 0.1698 0.4266 476 249
104-0-1-0.05-50-0 0 2458 45 16 26 17 0.3816 0.2228 173 149
104-0-1-0.05-50-0 0 2459 9 45 3 31 0.6134 0.3816 161 173
104-0-1-0.05-50-0 0 2459 45 24 30 11 0.3816 0.1940 173 254
104-0-1-0.05-50-0 0 2459 45 43 30 4 0.3816 0.8316 173 123
104-0-1-0.05-50-0 0 2460 16 1 16 4 0.2228 0.2520 149 409
104-0-1-0.05-50-0 0 2460 16 4 16 18 0.2228 0.0723 149 351
104-0-1-0.05-50-0 0 2460 50 45 1 30 0.2147 0.3816 147 173
104-0-1-0.05-50-0 0 2461 35 29 9 4 0.0354 0.6728 158 177
104-0-1-0.05-50-0 0 2461 4 4 17 17 0.0723 0.0723 351 351
104-0-1-0.05-50-0 0 2461 43 32 3 3 0.8316 0.6514 123 215
104-0-1-0.05-50-0 0 2462 45 30 28 1 0.3816 0.6008 173 266
104-0-1-0.05-50-0 0 2462 28 18 5 6 0.3846 0.2181 311 226
104-0-1-0.05-50-0 0 2462 4 18 17 5 0.0723 0.2181 351 226
104-0-1-0.05-50-0 0 2463 42 45 5 28 0.7447 0.3816 106 173
104-0-1-0.05-50-0 0 2463 45 16 27 13 0.3816 0.2228 173 149
104-0-1-0.05-50-0 0 2464 16 23 12 9 0.2228 0.1698 149 476
104-0-1-0.05-50-0 0 2464 24 24 11 11 0.1940 0.1940 254 254
104-0-1-0.05-50-0 0 2464 25 4 4 19 0.9430 0.0723 125 351
104-0-1-0.05-50-0 0 2465 42 24 4 11 0.7447 0.1940 106 254
104-0-1-0.05-50-0 0 2465 4 4 20 20 0.0723 0.0723 351 351
104-0-1-0.05-50-0 0 2465 20 45 2 29 0.9922 0.3816 102 173
104-0-1-0.05-50-0 0 2466 18 43 5 3 0.2181 0.8316 226 123
104-0-1-0.05-50-0 0 2466 4 24 19 10 0.0723 0.1940 351 254
104-0-1-0.05-50-0 0 2466 6 4 5 19 0.4266 0.0723 249 351
104-0-1-0.05-50-0 0 2467 24 35 9 9 0.1940 0.0354 254 158
104-0-1-0.05-50-0 0 2467 45 16 26 13 0.3816 0.2228 173 149
104-0-1-0.05-50-0 0 2467 35 24 8 9 0.0354 0.1940 158 254
104-0-1-0.05-50-0 0 2468 45 45 25 25 0.3816 0.3816 173 173
104-0-1-0.05-50-0 0 2468 20 29 4 5 0.9922 0.6728 102 177
104-0-1-0.05-50-0 0 2469 46 29 2 3 0.3451 0.6728 327 177
104-0-1-0.05-50-0 0 2469 45 1 24 5 0.3816 0.2520 173 409
104-0-1-0.05-50-0 0 2469 13 2 1 4 0.8878 0.8198 151 167
104-0-1-0.05-50-0 0 2470 4 4 21 21 0.0723 0.0723 351 351
104-0-1-0.05-50-0 0 2470 28 1 8 4 0.3846 0.2520 311 409
104-0-1-0.05-50-0 0 2471 45 35 22 8 0.3816 0.0354 173 158
104-0-1-0.05-50-0 0 2471 45 4 22 22 0.3816 0.0723 173 351
104-0-1-0.05-50-0 0 2472 25 4 5 22 0.9430 0.0723 125 351
104-0-1-0.05-50-0 0 2472 6 43 5 3 0.4266 0.8316 249 123
104-0-1-0.05-50-0 0 2472 45 45 22 22 0.3816 0.3816 173 173
104-0-1-0.05-50-0 0 2473 18 4 8 24 0.2181 0.0723 226 351
104-0-1-0.05-50-0 0 2473 43 45 2 19 0.8316 0.3816 123 173
104-0-1-0.05-50-0 0 2474 45 36 19 3 0.3816 0.8162 173 165
104-0-1-0.05-50-0 0 2474 23 16 13 12 0.1698 0.2228 476 149
104-0-1-0.05-50-0 0 2474 4 20 23 5 0.0723 0.9922 351 102
104-0-1-0.05-50-0 0 2475 35 45 6 18 0.0354 0.3816 158 173
104-0-1-0.05-50-0 0 2475 6 6 6 6 0.4266 0.4266 249 249
104-0-1-0.05-50-0 0 2476 4 24 23 7 0.0723 0.1940 351 254
104-0-1-0.05-50-0 0 2476 4 45 23 17 0.0723 0.3816 351 173
104-0-1-0.05-50-0 0 2477 18 45 9 15 0.2181 0.3816 226 173
104-0-1-0.05-50-0 0 2477 24 4 7 23 0.1940 0.0723 254 351
104-0-1-0.05-50-0 0 2478 46 32 1 3 0.3451 0.6514 327 215
104-0-1-0.05-50-0 0 2478 45 23 14 13 0.3816 0.1698 173 476
104-0-1-0.05-50-0 0 2479 45 45 15 15 0.3816 0.3816 173 173
104-0-1-0.05-50-0 0 2479 16 28 10 11 0.2228 0.3846 149 311
104-0-1-0.05-50-0 0 2480 16 21 10 1 0.2228 0.4184 149 158
104-0-1-0.05-50-0 0 2480 44 19 1 2 0.7034 0.8072 118 134
104-0-1-0.05-50-0 0 2480 2 18 2 9 0.8198 0.2181 167 226
104-0-1-0.05-50-0 0 2481 4 16 22 12 0.0723 0.2228 351 149
104-0-1-0.05-50-0 0 2481 23 28 12 9 0.1698 0.3846 476 311
104-0-1-0.05-50-0 0 2482 5 6 1 7 0.0007 0.4266 226 249
104-0-1-0.05-50-0 0 2482 1 23 4 12 0.2520 0.1698 409 476
104-0-1-0.05-50-0 0 2483 6 16 6 10 0.4266 0.2228 249 149
104-0-1-0.05-50-0 0 2483 28 14 8 2 0.3846 0.8451 311 105
104-0-1-0.05-50-0 0 2484 45 23 15 12 0.3816 0.1698 173 476
104-0-1-0.05-50-0 0 2484 4 45 19 15 0.0723 0.3816 351 173
104-0-1-0.05-50-0 0 2485 6 25 8 5 0.4266 0.9430 249 125
104-0-1-0.05-50-0 0 2485 23 45 12 14 0.1698 0.3816 476 173
104-0-1-0.05-50-0 0 2486 20 16 6 11 0.9922 0.2228 102 149
104-0-1-0.05-50-0 0 2486 23 18 13 8 0.1698 0.2181 476 226
104-0-1-0.05-50-0 0 2487 28 23 7 14 0.3846 0.1698 311 476
104-0-1-0.05-50-0 0 2487 20 18 7 7 0.9922 0.2181 102 226
104-0-1-0.05-50-0 0 2488 2 43 2 2 0.8198 0.8316 167 123
104-0-1-0.05-50-0 0 2488 23 4 13 19 0.1698 0.0723 476 351
104-0-1-0.05-50-0 0 2488 30 16 6 9 0.6008 0.2228 266 149
104-0-1-0.05-50-0 0 2489 6 20 10 8 0.4266 0.9922 249 102
104-0-1-0.05-50-0 0 2489 35 16 13 10 0.0354 0.2228 158 149
104-0-1-0.05-50-0 0 2489 4 28 20 8 0.0723 0.3846 351 311
104-0-1-0.05-50-0 0 2490 16 4 9 21 0.2228 0.0723 149 351
104-0-1-0.05-50-0 0 2490 23 9 13 4 0.1698 0.6134 476 161
104-0-1-0.05-50-0 0 2490 45 28 16 8 0.3816 0.3846 173 311
104-0-1-0.05-50-0 0 2491 35 45 15 16 0.0354 0.3816 158 173
104-0-1-0.05-50-0 0 2491 4 10 22 3 0.0723 0.2533 351 449
104-0-1-0.05-50-0 0 2491 28 37 6 3 0.3846 0.8481 311 127
104-0-1-0.05-50-0 0 2492 4 6 23 10 0.0723 0.4266 351 249
104-0-1-0.05-50-0 0 2492 10 25 2 4 0.2533 0.9430 449 125
104-0-1-0.05-50-0 0 2492 24 13 5 1 0.1940 0.8878 254 151
104-0-1-0.05-50-0 0 2493 5 1 1 5 0.0007 0.2520 226 409
104-0-1-0.05-50-0 0 2493 28 9 8 3 0.3846 0.6134 311 161
104-0-1-0.05-50-0 0 2493 28 6 8 10 0.3846 0.4266 311 249
104-0-1-0.05-50-0 0 2494 23 36 14 1 0.1698 0.8162 476 165
104-0-1-0.05-50-0 0 2494 45 45 18 18 0.3816 0.3816 173 173
104-0-1-0.05-50-0 0 2494 45 35 17 14 0.3816 0.0354 173 158
104-0-1-0.05-50-0 0 2495 19 23 1 14 0.8072 0.1698 134 476
104-0-1-0.05-50-0 0 2495 30 25 6 3 0.6008 0.9430 266 125
104-0-1-0.05-50-0 0 2495 18 28 7 10 0.2181 0.3846 226 311
104-0-1-0.05-50-0 0 2496 30 45 7 16 0.6008 0.3816 266 173
104-0-1-0.05-50-0 0 2496 27 18 1 7 0.0776 0.2181 149 226
104-0-1-0.05-50-0 0 2496 45 45 15 15 0.3816 0.3816 173 173
104-0-1-0.05-50-0 0 2497 45 37 14 1 0.3816 0.8481 173 127
104-0-1-0.05-50-0 0 2497 9 30 3 9 0.6134 0.6008 161 266
104-0-1-0.05-50-0 0 2497 45 46 14 2 0.3816 0.3451 173 327
104-0-1-0.05-50-0 0 2498 23 43 15 4 0.1698 0.8316 476 123
104-0-1-0.05-50-0 0 2498 10 30 5 11 0.2533 0.6008 449 266
104-0-1-0.05-50-0 0 2498 35 10 14 5 0.0354 0.2533 158 449
104-0-1-0.05-50-0 0 2499 45 20 15 5 0.3816 0.9922 173 102
104-0-1-0.05-50-0 0 2499 30 2 11 2 0.6008 0.8198 266 167
104-0-1-0.05-50-0 0 2499 4 16 17 11 0.0723 0.2228 351 149
104-0-1-0.05-50-0 0 2500 19 6 1 11 0.8072 0.4266 134 249
104-0-1-0.05-50-0 0 2500 25 28 2 8 0.9430 0.3846 125 311
104-0-1-0.05-50-0 0 2500 16 8 10 4 0.2228 0.2506 149 303
