105-0-1-0.05-50-0 0 2302 39 41 12 4 0.2187 0.9621 309 105
105-0-1-0.05-50-0 0 2302 14 28 4 10 0.8451 0.3846 105 311
105-0-1-0.05-50-0 0 2303 28 35 9 6 0.3846 0.0354 311 158
105-0-1-0.05-50-0 0 2303 14 47 4 3 0.8451 0.9293 105 103
105-0-1-0.05-50-0 0 2304 22 41 17 3 0.0160 0.9621 311 105
105-0-1-0.05-50-0 0 2304 22 45 17 3 0.0160 0.3816 311 173
105-0-1-0.05-50-0 0 2305 9 32 10 5 0.6134 0.6514 161 215
105-0-1-0.05-50-0 0 2305 7 22 2 18 0.9267 0.0160 106 311
105-0-1-0.05-50-0 0 2306 28 28 9 9 0.3846 0.3846 311 311
105-0-1-0.05-50-0 0 2306 35 32 5 4 0.0354 0.6514 158 215
105-0-1-0.05-50-0 0 2307 39 35 13 5 0.2187 0.0354 309 158
105-0-1-0.05-50-0 0 2307 47 9 2 10 0.9293 0.6134 103 161
105-0-1-0.05-50-0 0 2308 39 27 12 1 0.2187 0.0776 309 149
105-0-1-0.05-50-0 0 2308 35 28 4 8 0.0354 0.3846 158 311
105-0-1-0.05-50-0 0 2309 7 22 3 19 0.9267 0.0160 106 311
105-0-1-0.05-50-0 0 2310 22 29 18 1 0.0160 0.6728 311 177
105-0-1-0.05-50-0 0 2310 39 15 13 3 0.2187 0.7918 309 149
105-0-1-0.05-50-0 0 2311 9 22 4 19 0.6134 0.0160 161 311
105-0-1-0.05-50-0 0 2312 22 42 17 1 0.0160 0.7447 311 106
105-0-1-0.05-50-0 0 2313 31 28 3 8 0.5626 0.3846 252 311
105-0-1-0.05-50-0 0 2313 41 28 3 7 0.9621 0.3846 105 311
105-0-1-0.05-50-0 0 2314 40 32 3 3 0.9739 0.6514 104 215
105-0-1-0.05-50-0 0 2314 31 15 3 1 0.5626 0.7918 252 149
105-0-1-0.05-50-0 0 2315 18 30 5 5 0.2181 0.6008 226 266
105-0-1-0.05-50-0 0 2315 39 49 13 1 0.2187 0.1842 309 136
105-0-1-0.05-50-0 0 2316 35 36 5 2 0.0354 0.8162 158 165
105-0-1-0.05-50-0 0 2316 8 22 1 19 0.2506 0.0160 303 311
105-0-1-0.05-50-0 0 2317 28 28 7 7 0.3846 0.3846 311 311
105-0-1-0.05-50-0 0 2317 18 10 5 2 0.2181 0.2533 226 449
105-0-1-0.05-50-0 0 2318 30 17 5 3 0.6008 0.6398 266 197
105-0-1-0.05-50-0 0 2318 31 7 3 4 0.5626 0.9267 252 106
105-0-1-0.05-50-0 0 2319 45 22 2 19 0.3816 0.0160 173 311
105-0-1-0.05-50-0 0 2319 18 22 7 18 0.2181 0.0160 226 311
105-0-1-0.05-50-0 0 2320 45 22 2 17 0.3816 0.0160 173 311
105-0-1-0.05-50-0 0 2320 46 43 2 2 0.3451 0.8316 327 123
105-0-1-0.05-50-0 0 2321 39 47 15 1 0.2187 0.9293 309 103
105-0-1-0.05-50-0 0 2321 36 32 2 2 0.8162 0.6514 165 215
105-0-1-0.05-50-0 0 2322 28 22 5 17 0.3846 0.0160 311 311
105-0-1-0.05-50-0 0 2322 14 11 4 7 0.8451 0.0504 105 384
105-0-1-0.05-50-0 0 2323 7 28 3 4 0.9267 0.3846 106 311
105-0-1-0.05-50-0 0 2323 8 39 1 16 0.2506 0.2187 303 309
105-0-1-0.05-50-0 0 2324 21 11 5 5 0.4184 0.0504 158 384
105-0-1-0.05-50-0 0 2324 30 22 7 16 0.6008 0.0160 266 311
105-0-1-0.05-50-0 0 2325 22 39 16 17 0.0160 0.2187 311 309
105-0-1-0.05-50-0 0 2325 39 39 16 16 0.2187 0.2187 309 309
105-0-1-0.05-50-0 0 2326 27 28 2 3 0.0776 0.3846 149 311
105-0-1-0.05-50-0 0 2326 14 22 6 17 0.8451 0.0160 105 311
105-0-1-0.05-50-0 0 2327 28 30 3 6 0.3846 0.6008 311 266
105-0-1-0.05-50-0 0 2327 14 19 7 4 0.8451 0.8072 105 134
105-0-1-0.05-50-0 0 2328 39 8 14 2 0.2187 0.2506 309 303
105-0-1-0.05-50-0 0 2328 22 39 21 14 0.0160 0.2187 311 309
105-0-1-0.05-50-0 0 2329 39 8 12 1 0.2187 0.2506 309 303
105-0-1-0.05-50-0 0 2329 19 22 3 21 0.8072 0.0160 134 311
105-0-1-0.05-50-0 0 2330 39 19 12 3 0.2187 0.8072 309 134
105-0-1-0.05-50-0 0 2330 30 39 4 12 0.6008 0.2187 266 309
105-0-1-0.05-50-0 0 2331 46 21 2 4 0.3451 0.4184 327 158
105-0-1-0.05-50-0 0 2331 22 22 19 19 0.0160 0.0160 311 311
105-0-1-0.05-50-0 0 2332 40 22 4 16 0.9739 0.0160 104 311
105-0-1-0.05-50-0 0 2332 14 2 7 4 0.8451 0.8198 105 167
105-0-1-0.05-50-0 0 2333 14 7 8 2 0.8451 0.9267 105 106
105-0-1-0.05-50-0 0 2333 9 41 3 5 0.6134 0.9621 161 105
105-0-1-0.05-50-0 0 2334 30 11 4 4 0.6008 0.0504 266 384
105-0-1-0.05-50-0 0 2334 39 22 11 14 0.2187 0.0160 309 311
105-0-1-0.05-50-0 0 2335 22 39 13 11 0.0160 0.2187 311 309
105-0-1-0.05-50-0 0 2335 27 22 4 13 0.0776 0.0160 149 311
105-0-1-0.05-50-0 0 2336 10 27 3 4 0.2533 0.0776 449 149
105-0-1-0.05-50-0 0 2336 39 27 11 3 0.2187 0.0776 309 149
105-0-1-0.05-50-0 0 2337 22 28 13 3 0.0160 0.3846 311 311
105-0-1-0.05-50-0 0 2338 48 39 1 10 0.1153 0.2187 334 309
105-0-1-0.05-50-0 0 2339 10 45 3 9 0.2533 0.3816 449 173
105-0-1-0.05-50-0 0 2340 24 22 5 13 0.1940 0.0160 254 311
105-0-1-0.05-50-0 0 2341 46 14 2 7 0.3451 0.8451 327 105
105-0-1-0.05-50-0 0 2342 22 45 13 8 0.0160 0.3816 311 173
105-0-1-0.05-50-0 0 2343 39 22 10 12 0.2187 0.0160 309 311
105-0-1-0.05-50-0 0 2344 32 18 2 9 0.6514 0.2181 215 226
105-0-1-0.05-50-0 0 2345 22 45 11 8 0.0160 0.3816 311 173
105-0-1-0.05-50-0 0 2346 10 18 4 10 0.2533 0.2181 449 226
105-0-1-0.05-50-0 0 2347 14 18 6 10 0.8451 0.2181 105 226
105-0-1-0.05-50-0 0 2347 2 45 3 7 0.8198 0.3816 167 173
105-0-1-0.05-50-0 0 2348 39 39 10 10 0.2187 0.2187 309 309
105-0-1-0.05-50-0 0 2349 18 39 10 9 0.2181 0.2187 226 309
105-0-1-0.05-50-0 0 2349 41 18 3 10 0.9621 0.2181 105 226
105-0-1-0.05-50-0 0 2350 14 27 6 4 0.8451 0.0776 105 149
105-0-1-0.05-50-0 0 2351 43 18 2 8 0.8316 0.2181 123 226
105-0-1-0.05-50-0 0 2352 32 22 4 12 0.6514 0.0160 215 311
105-0-1-0.05-50-0 0 2353 22 27 11 3 0.0160 0.0776 311 149
105-0-1-0.05-50-0 0 2354 22 32 9 4 0.0160 0.6514 311 215
105-0-1-0.05-50-0 0 2355 39 18 10 8 0.2187 0.2181 309 226
105-0-1-0.05-50-0 0 2356 41 39 4 12 0.9621 0.2187 105 309
105-0-1-0.05-50-0 0 2357 38 22 2 9 0.6163 0.0160 270 311
105-0-1-0.05-50-0 0 2358 39 22 12 9 0.2187 0.0160 309 311
105-0-1-0.05-50-0 0 2359 34 11 3 5 0.7448 0.0504 168 384
105-0-1-0.05-50-0 0 2360 22 18 9 6 0.0160 0.2181 311 226
105-0-1-0.05-50-0 0 2361 14 46 3 10 0.8451 0.3451 105 327
105-0-1-0.05-50-0 0 2362 36 24 3 3 0.8162 0.1940 165 254
105-0-1-0.05-50-0 0 2363 46 41 9 6 0.3451 0.9621 327 105
105-0-1-0.05-50-0 0 2364 20 22 1 10 0.9922 0.0160 102 311
105-0-1-0.05-50-0 0 2365 34 34 3 3 0.7448 0.7448 168 168
105-0-1-0.05-50-0 0 2366 10 22 3 7 0.2533 0.0160 449 311
105-0-1-0.05-50-0 0 2367 39 49 15 1 0.2187 0.1842 309 136
105-0-1-0.05-50-0 0 2367 2 46 2 9 0.8198 0.3451 167 327
105-0-1-0.05-50-0 0 2368 39 10 14 3 0.2187 0.2533 309 449
105-0-1-0.05-50-0 0 2369 19 18 1 5 0.8072 0.2181 134 226
105-0-1-0.05-50-0 0 2369 27 41 4 4 0.0776 0.9621 149 105
105-0-1-0.05-50-0 0 2370 22 30 6 1 0.0160 0.6008 311 266
105-0-1-0.05-50-0 0 2371 12 45 1 5 0.1896 0.3816 325 173
105-0-1-0.05-50-0 0 2372 48 46 2 10 0.1153 0.3451 334 327
105-0-1-0.05-50-0 0 2373 41 43 4 3 0.9621 0.8316 105 123
105-0-1-0.05-50-0 0 2374 38 26 2 1 0.6163 0.8171 270 141
105-0-1-0.05-50-0 0 2375 20 39 2 16 0.9922 0.2187 102 309
105-0-1-0.05-50-0 0 2375 10 39 2 15 0.2533 0.2187 449 309
105-0-1-0.05-50-0 0 2376 46 34 11 3 0.3451 0.7448 327 168
105-0-1-0.05-50-0 0 2376 39 46 14 11 0.2187 0.3451 309 327
105-0-1-0.05-50-0 0 2377 38 27 3 4 0.6163 0.0776 270 149
105-0-1-0.05-50-0 0 2377 36 39 6 14 0.8162 0.2187 165 309
105-0-1-0.05-50-0 0 2378 39 48 15 3 0.2187 0.1153 309 334
105-0-1-0.05-50-0 0 2378 22 18 6 4 0.0160 0.2181 311 226
105-0-1-0.05-50-0 0 2379 22 32 6 6 0.0160 0.6514 311 215
105-0-1-0.05-50-0 0 2379 46 41 12 8 0.3451 0.9621 327 105
105-0-1-0.05-50-0 0 2380 43 32 4 5 0.8316 0.6514 123 215
105-0-1-0.05-50-0 0 2380 10 45 3 5 0.2533 0.3816 449 173
105-0-1-0.05-50-0 0 2381 32 36 4 5 0.6514 0.8162 215 165
105-0-1-0.05-50-0 0 2381 2 11 5 4 0.8198 0.0504 167 384
105-0-1-0.05-50-0 0 2382 22 43 8 6 0.0160 0.8316 311 123
105-0-1-0.05-50-0 0 2382 41 2 6 6 0.9621 0.8198 105 167
105-0-1-0.05-50-0 0 2383 40 22 8 9 0.9739 0.0160 104 311
105-0-1-0.05-50-0 0 2383 27 45 1 4 0.0776 0.3816 149 173
105-0-1-0.05-50-0 0 2384 18 46 2 15 0.2181 0.3451 226 327
105-0-1-0.05-50-0 0 2384 48 36 3 4 0.1153 0.8162 334 165
105-0-1-0.05-50-0 0 2385 31 46 1 14 0.5626 0.3451 252 327
105-0-1-0.05-50-0 0 2385 45 40 3 8 0.3816 0.9739 173 104
105-0-1-0.05-50-0 0 2386 48 40 4 7 0.1153 0.9739 334 104
105-0-1-0.05-50-0 0 2386 22 39 7 11 0.0160 0.2187 311 309
105-0-1-0.05-50-0 0 2387 31 48 1 4 0.5626 0.1153 252 334
105-0-1-0.05-50-0 0 2388 48 12 3 1 0.1153 0.1896 334 325
105-0-1-0.05-50-0 0 2389 39 45 12 4 0.2187 0.3816 309 173
105-0-1-0.05-50-0 0 2389 38 20 6 2 0.6163 0.9922 270 102
105-0-1-0.05-50-0 0 2390 22 8 7 3 0.0160 0.2506 311 303
105-0-1-0.05-50-0 0 2390 43 31 7 1 0.8316 0.5626 123 252
105-0-1-0.05-50-0 0 2391 39 32 12 7 0.2187 0.6514 309 215
105-0-1-0.05-50-0 0 2391 40 46 4 11 0.9739 0.3451 104 327
105-0-1-0.05-50-0 0 2392 41 32 6 6 0.9621 0.6514 105 215
105-0-1-0.05-50-0 0 2392 41 15 6 2 0.9621 0.7918 105 149
105-0-1-0.05-50-0 0 2393 40 41 3 6 0.9739 0.9621 104 105
105-0-1-0.05-50-0 0 2393 43 40 6 3 0.8316 0.9739 123 104
105-0-1-0.05-50-0 0 2394 39 48 13 4 0.2187 0.1153 309 334
105-0-1-0.05-50-0 0 2394 22 46 8 8 0.0160 0.3451 311 327
105-0-1-0.05-50-0 0 2395 22 39 8 13 0.0160 0.2187 311 309
105-0-1-0.05-50-0 0 2396 2 2 9 9 0.8198 0.8198 167 167
105-0-1-0.05-50-0 0 2396 39 11 13 2 0.2187 0.0504 309 384
105-0-1-0.05-50-0 0 2397 23 39 2 14 0.1698 0.2187 476 309
105-0-1-0.05-50-0 0 2397 43 13 6 1 0.8316 0.8878 123 151
105-0-1-0.05-50-0 0 2398 45 26 3 2 0.3816 0.8171 173 141
105-0-1-0.05-50-0 0 2398 38 41 6 5 0.6163 0.9621 270 105
105-0-1-0.05-50-0 0 2399 32 38 6 6 0.6514 0.6163 215 270
105-0-1-0.05-50-0 0 2399 2 38 10 5 0.8198 0.6163 167 270
105-0-1-0.05-50-0 0 2400 2 22 10 9 0.8198 0.0160 167 311
105-0-1-0.05-50-0 0 2400 2 2 10 10 0.8198 0.8198 167 167
105-0-1-0.05-50-0 0 2401 19 26 5 1 0.8072 0.8171 134 141
105-0-1-0.05-50-0 0 2401 39 46 15 6 0.2187 0.3451 309 327
105-0-1-0.05-50-0 0 2402 49 35 7 1 0.1842 0.0354 136 158
105-0-1-0.05-50-0 0 2402 49 19 7 5 0.1842 0.8072 136 134
105-0-1-0.05-50-0 0 2403 43 39 8 16 0.8316 0.2187 123 309
105-0-1-0.05-50-0 0 2403 36 2 2 8 0.8162 0.8198 165 167
105-0-1-0.05-50-0 0 2404 39 39 15 15 0.2187 0.2187 309 309
105-0-1-0.05-50-0 0 2404 17 43 3 9 0.6398 0.8316 197 123
105-0-1-0.05-50-0 0 2405 43 49 8 10 0.8316 0.1842 123 136
105-0-1-0.05-50-0 0 2405 46 22 6 8 0.3451 0.0160 327 311
105-0-1-0.05-50-0 0 2406 49 39 9 14 0.1842 0.2187 136 309
105-0-1-0.05-50-0 0 2406 41 32 5 9 0.9621 0.6514 105 215
105-0-1-0.05-50-0 0 2407 41 41 5 5 0.9621 0.9621 105 105
105-0-1-0.05-50-0 0 2407 39 2 13 7 0.2187 0.8198 309 167
105-0-1-0.05-50-0 0 2408 2 39 6 13 0.8198 0.2187 167 309
105-0-1-0.05-50-0 0 2408 32 10 8 4 0.6514 0.2533 215 449
105-0-1-0.05-50-0 0 2409 41 34 4 5 0.9621 0.7448 105 168
105-0-1-0.05-50-0 0 2409 22 22 6 6 0.0160 0.0160 311 311
105-0-1-0.05-50-0 0 2410 32 8 8 2 0.6514 0.2506 215 303
105-0-1-0.05-50-0 0 2410 2 40 6 3 0.8198 0.9739 167 104
105-0-1-0.05-50-0 0 2411 3 18 3 3 0.4813 0.2181 321 226
105-0-1-0.05-50-0 0 2411 38 41 4 5 0.6163 0.9621 270 105
105-0-1-0.05-50-0 0 2412 43 49 6 9 0.8316 0.1842 123 136
105-0-1-0.05-50-0 0 2412 44 39 4 14 0.7034 0.2187 118 309
105-0-1-0.05-50-0 0 2413 31 34 1 6 0.5626 0.7448 252 168
105-0-1-0.05-50-0 0 2413 36 45 2 6 0.8162 0.3816 165 173
105-0-1-0.05-50-0 0 2414 10 45 4 4 0.2533 0.3816 449 173
105-0-1-0.05-50-0 0 2414 10 3 4 5 0.2533 0.4813 449 321
105-0-1-0.05-50-0 0 2415 39 39 13 13 0.2187 0.2187 309 309
105-0-1-0.05-50-0 0 2415 46 43 5 7 0.3451 0.8316 327 123
105-0-1-0.05-50-0 0 2416 39 39 12 12 0.2187 0.2187 309 309
105-0-1-0.05-50-0 0 2416 3 34 5 6 0.4813 0.7448 321 168
105-0-1-0.05-50-0 0 2417 3 43 5 6 0.4813 0.8316 321 123
105-0-1-0.05-50-0 0 2417 19 34 8 3 0.8072 0.7448 134 168
105-0-1-0.05-50-0 0 2418 23 9 2 1 0.1698 0.6134 476 161
105-0-1-0.05-50-0 0 2418 39 31 11 2 0.2187 0.5626 309 252
105-0-1-0.05-50-0 0 2419 32 10 11 4 0.6514 0.2533 215 449
105-0-1-0.05-50-0 0 2420 32 22 12 4 0.6514 0.0160 215 311
105-0-1-0.05-50-0 0 2420 10 3 4 7 0.2533 0.4813 449 321
105-0-1-0.05-50-0 0 2421 19 46 6 5 0.8072 0.3451 134 327
105-0-1-0.05-50-0 0 2421 44 45 2 2 0.7034 0.3816 118 173
105-0-1-0.05-50-0 0 2422 46 43 4 6 0.3451 0.8316 327 123
105-0-1-0.05-50-0 0 2422 39 22 13 3 0.2187 0.0160 309 311
105-0-1-0.05-50-0 0 2423 45 38 1 6 0.3816 0.6163 173 270
105-0-1-0.05-50-0 0 2423 38 5 5 1 0.6163 0.0007 270 226
105-0-1-0.05-50-0 0 2424 19 36 6 3 0.8072 0.8162 134 165
105-0-1-0.05-50-0 0 2424 49 43 4 5 0.1842 0.8316 136 123
105-0-1-0.05-50-0 0 2425 18 23 1 2 0.2181 0.1698 226 476
105-0-1-0.05-50-0 0 2426 32 12 12 1 0.6514 0.1896 215 325
105-0-1-0.05-50-0 0 2426 10 19 6 5 0.2533 0.8072 449 134
105-0-1-0.05-50-0 0 2427 43 27 4 1 0.8316 0.0776 123 149
105-0-1-0.05-50-0 0 2427 43 16 4 4 0.8316 0.2228 123 149
105-0-1-0.05-50-0 0 2428 19 46 4 3 0.8072 0.3451 134 327
105-0-1-0.05-50-0 0 2428 3 10 7 6 0.4813 0.2533 321 449
105-0-1-0.05-50-0 0 2429 24 17 1 1 0.1940 0.6398 254 197
105-0-1-0.05-50-0 0 2429 2 19 6 4 0.8198 0.8072 167 134
105-0-1-0.05-50-0 0 2430 43 45 4 2 0.8316 0.3816 123 173
105-0-1-0.05-50-0 0 2430 10 41 4 3 0.2533 0.9621 449 105
105-0-1-0.05-50-0 0 2431 39 15 20 1 0.2187 0.7918 309 149
105-0-1-0.05-50-0 0 2431 10 39 4 20 0.2533 0.2187 449 309
105-0-1-0.05-50-0 0 2432 32 10 13 3 0.6514 0.2533 215 449
105-0-1-0.05-50-0 0 2432 43 19 5 3 0.8316 0.8072 123 134
105-0-1-0.05-50-0 0 2433 39 2 21 5 0.2187 0.8198 309 167
105-0-1-0.05-50-0 0 2434 38 13 5 1 0.6163 0.8878 270 151
105-0-1-0.05-50-0 0 2435 43 32 5 10 0.8316 0.6514 123 215
105-0-1-0.05-50-0 0 2436 38 48 5 3 0.6163 0.1153 270 334
105-0-1-0.05-50-0 0 2437 19 22 3 5 0.8072 0.0160 134 311
105-0-1-0.05-50-0 0 2438 7 38 2 3 0.9267 0.6163 106 270
105-0-1-0.05-50-0 0 2439 3 7 3 2 0.4813 0.9267 321 106
105-0-1-0.05-50-0 0 2440 39 29 19 2 0.2187 0.6728 309 177
105-0-1-0.05-50-0 0 2441 36 10 2 1 0.8162 0.2533 165 449
105-0-1-0.05-50-0 0 2442 22 35 5 3 0.0160 0.0354 311 158
105-0-1-0.05-50-0 0 2443 39 22 17 5 0.2187 0.0160 309 311
105-0-1-0.05-50-0 0 2444 39 32 19 7 0.2187 0.6514 309 215
105-0-1-0.05-50-0 0 2445 34 11 2 1 0.7448 0.0504 168 384
105-0-1-0.05-50-0 0 2446 2 2 6 6 0.8198 0.8198 167 167
105-0-1-0.05-50-0 0 2447 41 46 3 4 0.9621 0.3451 105 327
105-0-1-0.05-50-0 0 2448 19 39 3 16 0.8072 0.2187 134 309
105-0-1-0.05-50-0 0 2449 35 49 1 3 0.0354 0.1842 158 136
105-0-1-0.05-50-0 0 2450 16 49 5 3 0.2228 0.1842 149 136
105-0-1-0.05-50-0 0 2451 44 41 1 3 0.7034 0.9621 118 105
105-0-1-0.05-50-0 0 2452 32 20 6 2 0.6514 0.9922 215 102
105-0-1-0.05-50-0 0 2453 32 39 7 16 0.6514 0.2187 215 309
105-0-1-0.05-50-0 0 2454 39 2 15 9 0.2187 0.8198 309 167
105-0-1-0.05-50-0 0 2455 36 3 2 11 0.8162 0.4813 165 321
105-0-1-0.05-50-0 0 2456 46 20 4 1 0.3451 0.9922 327 102
105-0-1-0.05-50-0 0 2457 2 39 7 12 0.8198 0.2187 167 309
105-0-1-0.05-50-0 0 2458 39 49 13 2 0.2187 0.1842 309 136
105-0-1-0.05-50-0 0 2459 46 26 3 4 0.3451 0.8171 327 141
105-0-1-0.05-50-0 0 2460 19 38 7 3 0.8072 0.6163 134 270
105-0-1-0.05-50-0 0 2461 39 37 12 2 0.2187 0.8481 309 127
105-0-1-0.05-50-0 0 2461 36 32 2 4 0.8162 0.6514 165 215
105-0-1-0.05-50-0 0 2462 3 12 13 2 0.4813 0.1896 321 325
105-0-1-0.05-50-0 0 2463 30 22 5 4 0.6008 0.0160 266 311
105-0-1-0.05-50-0 0 2464 36 1 1 4 0.8162 0.2520 165 409
105-0-1-0.05-50-0 0 2465 34 30 1 5 0.7448 0.6008 168 266
105-0-1-0.05-50-0 0 2465 3 19 14 6 0.4813 0.8072 321 134
105-0-1-0.05-50-0 0 2466 39 22 8 4 0.2187 0.0160 309 311
105-0-1-0.05-50-0 0 2466 1 19 4 5 0.2520 0.8072 409 134
105-0-1-0.05-50-0 0 2467 39 41 7 3 0.2187 0.9621 309 105
105-0-1-0.05-50-0 0 2467 46 39 3 7 0.3451 0.2187 327 309
105-0-1-0.05-50-0 0 2468 36 37 1 1 0.8162 0.8481 165 127
105-0-1-0.05-50-0 0 2468 11 30 2 5 0.0504 0.6008 384 266
105-0-1-0.05-50-0 0 2469 1 3 5 13 0.2520 0.4813 409 321
105-0-1-0.05-50-0 0 2469 41 26 1 2 0.9621 0.8171 105 141
105-0-1-0.05-50-0 0 2470 31 16 2 6 0.5626 0.2228 252 149
105-0-1-0.05-50-0 0 2470 48 15 9 1 0.1153 0.7918 334 149
105-0-1-0.05-50-0 0 2471 29 19 8 5 0.6728 0.8072 177 134
105-0-1-0.05-50-0 0 2471 22 1 2 6 0.0160 0.2520 311 409
105-0-1-0.05-50-0 0 2472 11 30 3 4 0.0504 0.6008 384 266
105-0-1-0.05-50-0 0 2472 43 29 2 9 0.8316 0.6728 123 177
105-0-1-0.05-50-0 0 2473 38 3 5 14 0.6163 0.4813 270 321
105-0-1-0.05-50-0 0 2473 43 29 2 7 0.8316 0.6728 123 177
105-0-1-0.05-50-0 0 2474 2 29 9 6 0.8198 0.6728 167 177
105-0-1-0.05-50-0 0 2474 50 3 3 13 0.2147 0.4813 147 321
105-0-1-0.05-50-0 0 2475 2 39 10 6 0.8198 0.2187 167 309
105-0-1-0.05-50-0 0 2475 44 48 4 11 0.7034 0.1153 118 334
105-0-1-0.05-50-0 0 2476 27 46 2 4 0.0776 0.3451 149 327
105-0-1-0.05-50-0 0 2476 38 19 5 3 0.6163 0.8072 270 134
105-0-1-0.05-50-0 0 2477 49 3 2 10 0.1842 0.4813 136 321
105-0-1-0.05-50-0 0 2477 22 38 3 5 0.0160 0.6163 311 270
105-0-1-0.05-50-0 0 2478 48 39 12 5 0.1153 0.2187 334 309
105-0-1-0.05-50-0 0 2478 1 48 5 12 0.2520 0.1153 409 334
105-0-1-0.05-50-0 0 2479 24 41 2 1 0.1940 0.9621 254 105
105-0-1-0.05-50-0 0 2479 2 12 11 2 0.8198 0.1896 167 325
105-0-1-0.05-50-0 0 2480 46 48 4 12 0.3451 0.1153 327 334
105-0-1-0.05-50-0 0 2480 29 16 7 4 0.6728 0.2228 177 149
105-0-1-0.05-50-0 0 2481 24 3 2 12 0.1940 0.4813 254 321
105-0-1-0.05-50-0 0 2481 50 6 7 3 0.2147 0.4266 147 249
105-0-1-0.05-50-0 0 2482 11 2 5 15 0.0504 0.8198 384 167
105-0-1-0.05-50-0 0 2482 3 6 11 2 0.4813 0.4266 321 249
105-0-1-0.05-50-0 0 2483 46 36 4 1 0.3451 0.8162 327 165
105-0-1-0.05-50-0 0 2483 1 29 5 7 0.2520 0.6728 409 177
105-0-1-0.05-50-0 0 2484 22 48 5 13 0.0160 0.1153 311 334
105-0-1-0.05-50-0 0 2484 1 48 5 12 0.2520 0.1153 409 334
105-0-1-0.05-50-0 0 2485 46 50 4 6 0.3451 0.2147 327 147
105-0-1-0.05-50-0 0 2485 21 2 11 18 0.4184 0.8198 158 167
105-0-1-0.05-50-0 0 2486 22 27 6 1 0.0160 0.0776 311 149
105-0-1-0.05-50-0 0 2486 38 44 5 3 0.6163 0.7034 270 118
105-0-1-0.05-50-0 0 2487 3 50 14 5 0.4813 0.2147 321 147
105-0-1-0.05-50-0 0 2487 1 25 6 2 0.2520 0.9430 409 125
105-0-1-0.05-50-0 0 2488 3 21 15 13 0.4813 0.4184 321 158
105-0-1-0.05-50-0 0 2488 3 39 15 6 0.4813 0.2187 321 309
105-0-1-0.05-50-0 0 2489 21 29 12 7 0.4184 0.6728 158 177
105-0-1-0.05-50-0 0 2489 46 2 5 14 0.3451 0.8198 327 167
105-0-1-0.05-50-0 0 2490 29 3 6 18 0.6728 0.4813 177 321
105-0-1-0.05-50-0 0 2490 21 29 12 6 0.4184 0.6728 158 177
105-0-1-0.05-50-0 0 2491 29 21 5 12 0.6728 0.4184 177 158
105-0-1-0.05-50-0 0 2491 46 48 5 14 0.3451 0.1153 327 334
105-0-1-0.05-50-0 0 2492 3 22 18 6 0.4813 0.0160 321 311
105-0-1-0.05-50-0 0 2492 3 22 18 5 0.4813 0.0160 321 311
105-0-1-0.05-50-0 0 2493 22 17 5 1 0.0160 0.6398 311 197
105-0-1-0.05-50-0 0 2493 26 21 1 11 0.8171 0.4184 141 158
105-0-1-0.05-50-0 0 2494 3 11 16 6 0.4813 0.0504 321 384
105-0-1-0.05-50-0 0 2494 30 21 3 10 0.6008 0.4184 266 158
105-0-1-0.05-50-0 0 2495 3 48 18 14 0.4813 0.1153 321 334
105-0-1-0.05-50-0 0 2495 46 36 6 1 0.3451 0.8162 327 165
105-0-1-0.05-50-0 0 2496 21 39 9 4 0.4184 0.2187 158 309
105-0-1-0.05-50-0 0 2496 3 3 19 19 0.4813 0.4813 321 321
105-0-1-0.05-50-0 0 2497 2 11 15 4 0.8198 0.0504 167 384
105-0-1-0.05-50-0 0 2497 19 48 1 13 0.8072 0.1153 134 334
105-0-1-0.05-50-0 0 2498 49 29 5 5 0.1842 0.6728 136 177
105-0-1-0.05-50-0 0 2498 48 50 12 5 0.1153 0.2147 334 147
105-0-1-0.05-50-0 0 2499 31 34 4 2 0.5626 0.7448 252 168
105-0-1-0.05-50-0 0 2499 46 39 7 2 0.3451 0.2187 327 309
105-0-1-0.05-50-0 0 2500 29 2 4 14 0.6728 0.8198 177 167
105-0-1-0.05-50-0 0 2500 21 26 13 1 0.4184 0.8171 158 141
