105-1-1-0.05-50-0 1 2302 20 32 93 5 0.9922 0.6514 102 215
105-1-1-0.05-50-0 1 2302 2 38 156 5 0.8198 0.6163 167 270
105-1-1-0.05-50-0 1 2302 40 34 91 147 0.9739 0.7448 104 168
105-1-1-0.05-50-0 1 2302 20 9 93 6 0.9922 0.6134 102 161
105-1-1-0.05-50-0 1 2302 14 20 89 93 0.8451 0.9922 105 102
105-1-1-0.05-50-0 1 2302 36 37 165 119 0.8162 0.8481 165 127
105-1-1-0.05-50-0 1 2302 2 32 156 4 0.8198 0.6514 167 215
105-1-1-0.05-50-0 1 2302 36 26 165 128 0.8162 0.8171 165 141
105-1-1-0.05-50-0 1 2302 14 41 89 93 0.8451 0.9621 105 105
105-1-1-0.05-50-0 1 2302 19 34 80 146 0.8072 0.7448 134 168
105-1-1-0.05-50-0 1 2302 40 15 91 67 0.9739 0.7918 104 149
105-1-1-0.05-50-0 1 2302 19 15 80 66 0.8072 0.7918 134 149
105-1-1-0.05-50-0 1 2302 19 42 80 80 0.8072 0.7447 134 106
105-1-1-0.05-50-0 1 2302 36 36 165 165 0.8162 0.8162 165 165
105-1-1-0.05-50-0 1 2302 36 43 164 111 0.8162 0.8316 165 123
105-1-1-0.05-50-0 1 2302 2 32 156 3 0.8198 0.6514 167 215
105-1-1-0.05-50-0 1 2303 36 34 162 148 0.8162 0.7448 165 168
105-1-1-0.05-50-0 1 2303 20 32 92 2 0.9922 0.6514 102 215
105-1-1-0.05-50-0 1 2303 36 34 162 147 0.8162 0.7448 165 168
105-1-1-0.05-50-0 1 2303 37 18 120 1 0.8481 0.2181 127 226
105-1-1-0.05-50-0 1 2303 36 36 162 162 0.8162 0.8162 165 165
105-1-1-0.05-50-0 1 2303 40 34 91 146 0.9739 0.7448 104 168
105-1-1-0.05-50-0 1 2303 2 17 155 2 0.8198 0.6398 167 197
105-1-1-0.05-50-0 1 2303 14 36 92 161 0.8451 0.8162 105 165
105-1-1-0.05-50-0 1 2303 36 43 160 112 0.8162 0.8316 165 123
105-1-1-0.05-50-0 1 2303 14 13 92 149 0.8451 0.8878 105 151
105-1-1-0.05-50-0 1 2303 40 34 91 145 0.9739 0.7448 104 168
105-1-1-0.05-50-0 1 2303 34 5 144 1 0.7448 0.0007 168 226
105-1-1-0.05-50-0 1 2304 19 15 87 65 0.8072 0.7918 134 149
105-1-1-0.05-50-0 1 2304 36 43 162 111 0.8162 0.8316 165 123
105-1-1-0.05-50-0 1 2304 19 19 87 87 0.8072 0.8072 134 134
105-1-1-0.05-50-0 1 2304 26 46 134 1 0.8171 0.3451 141 327
105-1-1-0.05-50-0 1 2304 40 42 93 81 0.9739 0.7447 104 106
105-1-1-0.05-50-0 1 2304 19 19 86 86 0.8072 0.8072 134 134
105-1-1-0.05-50-0 1 2304 2 38 154 4 0.8198 0.6163 167 270
105-1-1-0.05-50-0 1 2304 20 30 87 3 0.9922 0.6008 102 266
105-1-1-0.05-50-0 1 2304 36 19 162 85 0.8162 0.8072 165 134
105-1-1-0.05-50-0 1 2304 14 26 94 134 0.8451 0.8171 105 141
105-1-1-0.05-50-0 1 2305 36 2 164 162 0.8162 0.8198 165 167
105-1-1-0.05-50-0 1 2305 36 43 164 108 0.8162 0.8316 165 123
105-1-1-0.05-50-0 1 2305 36 2 164 161 0.8162 0.8198 165 167
105-1-1-0.05-50-0 1 2305 40 15 97 66 0.9739 0.7918 104 149
105-1-1-0.05-50-0 1 2305 40 42 97 81 0.9739 0.7447 104 106
105-1-1-0.05-50-0 1 2305 19 42 82 80 0.8072 0.7447 134 106
105-1-1-0.05-50-0 1 2305 36 14 164 96 0.8162 0.8451 165 105
105-1-1-0.05-50-0 1 2305 36 38 164 4 0.8162 0.6163 165 270
105-1-1-0.05-50-0 1 2305 36 43 164 107 0.8162 0.8316 165 123
105-1-1-0.05-50-0 1 2305 36 36 164 164 0.8162 0.8162 165 165
105-1-1-0.05-50-0 1 2305 36 36 163 163 0.8162 0.8162 165 165
105-1-1-0.05-50-0 1 2306 36 36 165 165 0.8162 0.8162 165 165
105-1-1-0.05-50-0 1 2306 36 14 164 95 0.8162 0.8451 165 105
105-1-1-0.05-50-0 1 2306 36 37 164 123 0.8162 0.8481 165 127
105-1-1-0.05-50-0 1 2306 2 38 156 3 0.8198 0.6163 167 270
105-1-1-0.05-50-0 1 2306 36 36 164 164 0.8162 0.8162 165 165
105-1-1-0.05-50-0 1 2306 36 36 163 163 0.8162 0.8162 165 165
105-1-1-0.05-50-0 1 2306 40 34 96 150 0.9739 0.7448 104 168
105-1-1-0.05-50-0 1 2306 40 42 96 76 0.9739 0.7447 104 106
105-1-1-0.05-50-0 1 2306 36 14 162 94 0.8162 0.8451 165 105
105-1-1-0.05-50-0 1 2307 40 42 95 74 0.9739 0.7447 104 106
105-1-1-0.05-50-0 1 2307 36 26 164 141 0.8162 0.8171 165 141
105-1-1-0.05-50-0 1 2307 40 15 95 66 0.9739 0.7918 104 149
105-1-1-0.05-50-0 1 2307 20 32 89 1 0.9922 0.6514 102 215
105-1-1-0.05-50-0 1 2307 19 15 83 65 0.8072 0.7918 134 149
105-1-1-0.05-50-0 1 2307 36 34 164 145 0.8162 0.7448 165 168
105-1-1-0.05-50-0 1 2307 19 34 83 144 0.8072 0.7448 134 168
105-1-1-0.05-50-0 1 2307 40 42 95 73 0.9739 0.7447 104 106
105-1-1-0.05-50-0 1 2307 19 19 83 83 0.8072 0.8072 134 134
105-1-1-0.05-50-0 1 2308 36 2 165 157 0.8162 0.8198 165 167
105-1-1-0.05-50-0 1 2308 20 9 92 4 0.9922 0.6134 102 161
105-1-1-0.05-50-0 1 2308 15 6 61 2 0.7918 0.4266 149 249
105-1-1-0.05-50-0 1 2308 36 15 165 61 0.8162 0.7918 165 149
105-1-1-0.05-50-0 1 2308 14 36 90 165 0.8451 0.8162 105 165
105-1-1-0.05-50-0 1 2308 36 43 164 100 0.8162 0.8316 165 123
105-1-1-0.05-50-0 1 2308 19 19 84 84 0.8072 0.8072 134 134
105-1-1-0.05-50-0 1 2309 19 34 85 152 0.8072 0.7448 134 168
105-1-1-0.05-50-0 1 2309 15 10 62 3 0.7918 0.2533 149 449
105-1-1-0.05-50-0 1 2309 40 15 92 62 0.9739 0.7918 104 149
105-1-1-0.05-50-0 1 2309 19 34 85 151 0.8072 0.7448 134 168
105-1-1-0.05-50-0 1 2309 36 15 165 61 0.8162 0.7918 165 149
105-1-1-0.05-50-0 1 2309 36 34 165 150 0.8162 0.7448 165 168
105-1-1-0.05-50-0 1 2309 19 34 85 149 0.8072 0.7448 134 168
105-1-1-0.05-50-0 1 2309 19 15 85 60 0.8072 0.7918 134 149
105-1-1-0.05-50-0 1 2309 36 19 165 85 0.8162 0.8072 165 134
105-1-1-0.05-50-0 1 2309 20 38 92 2 0.9922 0.6163 102 270
105-1-1-0.05-50-0 1 2309 36 15 165 59 0.8162 0.7918 165 149
105-1-1-0.05-50-0 1 2309 19 19 84 84 0.8072 0.8072 134 134
105-1-1-0.05-50-0 1 2310 14 36 96 165 0.8451 0.8162 105 165
105-1-1-0.05-50-0 1 2310 36 43 164 98 0.8162 0.8316 165 123
105-1-1-0.05-50-0 1 2310 42 10 75 2 0.7447 0.2533 106 449
105-1-1-0.05-50-0 1 2310 40 34 93 151 0.9739 0.7448 104 168
105-1-1-0.05-50-0 1 2310 20 9 91 3 0.9922 0.6134 102 161
105-1-1-0.05-50-0 1 2310 20 9 91 2 0.9922 0.6134 102 161
105-1-1-0.05-50-0 1 2310 14 36 96 164 0.8451 0.8162 105 165
105-1-1-0.05-50-0 1 2310 36 2 163 167 0.8162 0.8198 165 167
105-1-1-0.05-50-0 1 2310 36 37 163 127 0.8162 0.8481 165 127
105-1-1-0.05-50-0 1 2310 36 34 163 150 0.8162 0.7448 165 168
105-1-1-0.05-50-0 1 2311 40 15 95 55 0.9739 0.7918 104 149
105-1-1-0.05-50-0 1 2311 14 20 96 88 0.8451 0.9922 105 102
105-1-1-0.05-50-0 1 2311 2 30 167 2 0.8198 0.6008 167 266
105-1-1-0.05-50-0 1 2311 19 34 85 153 0.8072 0.7448 134 168
105-1-1-0.05-50-0 1 2311 36 42 165 77 0.8162 0.7447 165 106
105-1-1-0.05-50-0 1 2311 42 10 76 1 0.7447 0.2533 106 449
105-1-1-0.05-50-0 1 2311 19 34 85 152 0.8072 0.7448 134 168
105-1-1-0.05-50-0 1 2311 36 43 165 98 0.8162 0.8316 165 123
105-1-1-0.05-50-0 1 2311 14 14 96 96 0.8451 0.8451 105 105
105-1-1-0.05-50-0 1 2311 19 42 85 76 0.8072 0.7447 134 106
105-1-1-0.05-50-0 1 2311 19 34 85 151 0.8072 0.7448 134 168
105-1-1-0.05-50-0 1 2311 40 42 95 75 0.9739 0.7447 104 106
105-1-1-0.05-50-0 1 2312 34 35 157 1 0.7448 0.0354 168 158
105-1-1-0.05-50-0 1 2312 19 34 87 157 0.8072 0.7448 134 168
105-1-1-0.05-50-0 1 2312 36 36 163 163 0.8162 0.8162 165 165
105-1-1-0.05-50-0 1 2312 40 15 93 54 0.9739 0.7918 104 149
105-1-1-0.05-50-0 1 2312 36 26 162 141 0.8162 0.8171 165 141
105-1-1-0.05-50-0 1 2312 40 34 93 156 0.9739 0.7448 104 168
105-1-1-0.05-50-0 1 2312 2 30 167 1 0.8198 0.6008 167 266
105-1-1-0.05-50-0 1 2312 36 37 162 127 0.8162 0.8481 165 127
105-1-1-0.05-50-0 1 2312 36 14 162 98 0.8162 0.8451 165 105
105-1-1-0.05-50-0 1 2312 2 9 167 1 0.8198 0.6134 167 161
105-1-1-0.05-50-0 1 2313 40 34 95 152 0.9739 0.7448 104 168
105-1-1-0.05-50-0 1 2313 14 15 100 52 0.8451 0.7918 105 149
105-1-1-0.05-50-0 1 2313 14 20 100 88 0.8451 0.9922 105 102
105-1-1-0.05-50-0 1 2313 36 26 161 141 0.8162 0.8171 165 141
105-1-1-0.05-50-0 1 2313 40 15 95 51 0.9739 0.7918 104 149
105-1-1-0.05-50-0 1 2313 2 6 167 1 0.8198 0.4266 167 249
105-1-1-0.05-50-0 1 2313 36 26 161 140 0.8162 0.8171 165 141
105-1-1-0.05-50-0 1 2313 19 19 89 89 0.8072 0.8072 134 134
105-1-1-0.05-50-0 1 2313 19 17 88 1 0.8072 0.6398 134 197
105-1-1-0.05-50-0 1 2313 19 19 88 88 0.8072 0.8072 134 134
105-1-1-0.05-50-0 1 2313 19 42 87 79 0.8072 0.7447 134 106
105-1-1-0.05-50-0 1 2313 19 34 87 151 0.8072 0.7448 134 168
105-1-1-0.05-50-0 1 2313 36 37 161 126 0.8162 0.8481 165 127
105-1-1-0.05-50-0 1 2314 36 43 161 94 0.8162 0.8316 165 123
105-1-1-0.05-50-0 1 2314 14 36 98 161 0.8451 0.8162 105 165
105-1-1-0.05-50-0 1 2314 36 34 160 151 0.8162 0.7448 165 168
105-1-1-0.05-50-0 1 2314 19 42 87 79 0.8072 0.7447 134 106
105-1-1-0.05-50-0 1 2314 36 37 160 125 0.8162 0.8481 165 127
105-1-1-0.05-50-0 1 2314 36 14 160 98 0.8162 0.8451 165 105
105-1-1-0.05-50-0 1 2314 19 19 87 87 0.8072 0.8072 134 134
105-1-1-0.05-50-0 1 2314 36 36 160 160 0.8162 0.8162 165 165
105-1-1-0.05-50-0 1 2315 19 34 82 153 0.8072 0.7448 134 168
105-1-1-0.05-50-0 1 2315 40 34 94 152 0.9739 0.7448 104 168
105-1-1-0.05-50-0 1 2315 36 2 157 165 0.8162 0.8198 165 167
105-1-1-0.05-50-0 1 2315 36 14 157 95 0.8162 0.8451 165 105
105-1-1-0.05-50-0 1 2315 36 14 157 94 0.8162 0.8451 165 105
105-1-1-0.05-50-0 1 2315 19 34 82 151 0.8072 0.7448 134 168
105-1-1-0.05-50-0 1 2315 36 42 157 80 0.8162 0.7447 165 106
105-1-1-0.05-50-0 1 2315 40 42 94 79 0.9739 0.7447 104 106
105-1-1-0.05-50-0 1 2315 36 36 157 157 0.8162 0.8162 165 165
105-1-1-0.05-50-0 1 2315 14 13 93 146 0.8451 0.8878 105 151
105-1-1-0.05-50-0 1 2315 19 34 82 150 0.8072 0.7448 134 168
105-1-1-0.05-50-0 1 2315 40 34 94 149 0.9739 0.7448 104 168
105-1-1-0.05-50-0 1 2315 14 42 93 78 0.8451 0.7447 105 106
105-1-1-0.05-50-0 1 2315 14 37 93 121 0.8451 0.8481 105 127
105-1-1-0.05-50-0 1 2315 36 2 156 164 0.8162 0.8198 165 167
105-1-1-0.05-50-0 1 2316 19 15 78 51 0.8072 0.7918 134 149
105-1-1-0.05-50-0 1 2316 14 36 98 154 0.8451 0.8162 105 165
105-1-1-0.05-50-0 1 2316 14 40 98 92 0.8451 0.9739 105 104
105-1-1-0.05-50-0 1 2316 14 26 98 141 0.8451 0.8171 105 141
105-1-1-0.05-50-0 1 2316 40 15 91 50 0.9739 0.7918 104 149
105-1-1-0.05-50-0 1 2316 36 2 153 161 0.8162 0.8198 165 167
105-1-1-0.05-50-0 1 2316 40 34 91 144 0.9739 0.7448 104 168
105-1-1-0.05-50-0 1 2316 36 2 153 160 0.8162 0.8198 165 167
105-1-1-0.05-50-0 1 2316 2 9 159 1 0.8198 0.6134 167 161
105-1-1-0.05-50-0 1 2317 19 42 79 79 0.8072 0.7447 134 106
105-1-1-0.05-50-0 1 2317 36 26 151 141 0.8162 0.8171 165 141
105-1-1-0.05-50-0 1 2317 36 36 151 151 0.8162 0.8162 165 165
105-1-1-0.05-50-0 1 2317 40 34 95 148 0.9739 0.7448 104 168
105-1-1-0.05-50-0 1 2317 36 36 150 150 0.8162 0.8162 165 165
105-1-1-0.05-50-0 1 2317 19 34 79 147 0.8072 0.7448 134 168
105-1-1-0.05-50-0 1 2317 36 42 149 78 0.8162 0.7447 165 106
105-1-1-0.05-50-0 1 2317 19 15 79 51 0.8072 0.7918 134 149
105-1-1-0.05-50-0 1 2317 14 26 98 140 0.8451 0.8171 105 141
105-1-1-0.05-50-0 1 2317 14 7 98 84 0.8451 0.9267 105 106
105-1-1-0.05-50-0 1 2317 20 46 88 1 0.9922 0.3451 102 327
105-1-1-0.05-50-0 1 2318 14 2 97 158 0.8451 0.8198 105 167
105-1-1-0.05-50-0 1 2318 14 36 97 152 0.8451 0.8162 105 165
105-1-1-0.05-50-0 1 2318 14 2 97 157 0.8451 0.8198 105 167
105-1-1-0.05-50-0 1 2318 40 15 94 51 0.9739 0.7918 104 149
105-1-1-0.05-50-0 1 2318 19 42 78 78 0.8072 0.7447 134 106
105-1-1-0.05-50-0 1 2319 36 2 157 161 0.8162 0.8198 165 167
105-1-1-0.05-50-0 1 2319 36 26 157 138 0.8162 0.8171 165 141
105-1-1-0.05-50-0 1 2319 19 34 77 134 0.8072 0.7448 134 168
105-1-1-0.05-50-0 1 2319 40 15 94 51 0.9739 0.7918 104 149
105-1-1-0.05-50-0 1 2319 14 26 104 137 0.8451 0.8171 105 141
105-1-1-0.05-50-0 1 2319 14 7 104 85 0.8451 0.9267 105 106
105-1-1-0.05-50-0 1 2319 19 15 77 50 0.8072 0.7918 134 149
105-1-1-0.05-50-0 1 2319 14 2 104 160 0.8451 0.8198 105 167
105-1-1-0.05-50-0 1 2319 36 2 157 159 0.8162 0.8198 165 167
105-1-1-0.05-50-0 1 2320 14 26 105 136 0.8451 0.8171 105 141
105-1-1-0.05-50-0 1 2320 19 15 79 50 0.8072 0.7918 134 149
105-1-1-0.05-50-0 1 2320 36 19 163 79 0.8162 0.8072 165 134
105-1-1-0.05-50-0 1 2320 36 19 163 78 0.8162 0.8072 165 134
105-1-1-0.05-50-0 1 2320 42 8 79 2 0.7447 0.2506 106 303
105-1-1-0.05-50-0 1 2320 14 20 105 86 0.8451 0.9922 105 102
105-1-1-0.05-50-0 1 2320 19 19 77 77 0.8072 0.8072 134 134
105-1-1-0.05-50-0 1 2320 36 34 163 133 0.8162 0.7448 165 168
105-1-1-0.05-50-0 1 2320 40 42 95 79 0.9739 0.7447 104 106
105-1-1-0.05-50-0 1 2320 19 34 76 132 0.8072 0.7448 134 168
105-1-1-0.05-50-0 1 2320 19 34 76 131 0.8072 0.7448 134 168
105-1-1-0.05-50-0 1 2321 34 27 133 1 0.7448 0.0776 168 149
105-1-1-0.05-50-0 1 2321 36 26 165 136 0.8162 0.8171 165 141
105-1-1-0.05-50-0 1 2321 36 36 165 165 0.8162 0.8162 165 165
105-1-1-0.05-50-0 1 2321 19 15 82 48 0.8072 0.7918 134 149
105-1-1-0.05-50-0 1 2321 36 42 164 83 0.8162 0.7447 165 106
105-1-1-0.05-50-0 1 2321 2 33 167 1 0.8198 0.6893 167 191
105-1-1-0.05-50-0 1 2321 19 15 82 47 0.8072 0.7918 134 149
105-1-1-0.05-50-0 1 2321 19 34 82 133 0.8072 0.7448 134 168
105-1-1-0.05-50-0 1 2321 14 25 105 123 0.8451 0.9430 105 125
105-1-1-0.05-50-0 1 2321 36 43 164 111 0.8162 0.8316 165 123
105-1-1-0.05-50-0 1 2321 14 42 105 82 0.8451 0.7447 105 106
105-1-1-0.05-50-0 1 2321 42 8 81 1 0.7447 0.2506 106 303
105-1-1-0.05-50-0 1 2321 40 42 97 81 0.9739 0.7447 104 106
105-1-1-0.05-50-0 1 2321 19 34 82 132 0.8072 0.7448 134 168
105-1-1-0.05-50-0 1 2322 40 34 95 131 0.9739 0.7448 104 168
105-1-1-0.05-50-0 1 2322 36 36 165 165 0.8162 0.8162 165 165
105-1-1-0.05-50-0 1 2322 36 2 164 167 0.8162 0.8198 165 167
105-1-1-0.05-50-0 1 2322 14 2 105 166 0.8451 0.8198 105 167
105-1-1-0.05-50-0 1 2322 14 36 105 164 0.8451 0.8162 105 165
105-1-1-0.05-50-0 1 2322 14 15 105 48 0.8451 0.7918 105 149
105-1-1-0.05-50-0 1 2322 14 13 105 148 0.8451 0.8878 105 151
105-1-1-0.05-50-0 1 2322 19 42 86 81 0.8072 0.7447 134 106
105-1-1-0.05-50-0 1 2322 36 26 163 136 0.8162 0.8171 165 141
105-1-1-0.05-50-0 1 2322 36 14 163 105 0.8162 0.8451 165 105
105-1-1-0.05-50-0 1 2322 14 40 104 95 0.8451 0.9739 105 104
105-1-1-0.05-50-0 1 2323 19 19 87 87 0.8072 0.8072 134 134
105-1-1-0.05-50-0 1 2323 40 34 94 128 0.9739 0.7448 104 168
105-1-1-0.05-50-0 1 2323 19 34 86 127 0.8072 0.7448 134 168
105-1-1-0.05-50-0 1 2323 36 34 165 126 0.8162 0.7448 165 168
105-1-1-0.05-50-0 1 2323 40 42 94 83 0.9739 0.7447 104 106
105-1-1-0.05-50-0 1 2323 36 14 165 99 0.8162 0.8451 165 105
105-1-1-0.05-50-0 1 2323 36 19 165 86 0.8162 0.8072 165 134
105-1-1-0.05-50-0 1 2323 19 15 85 49 0.8072 0.7918 134 149
105-1-1-0.05-50-0 1 2323 36 37 165 124 0.8162 0.8481 165 127
105-1-1-0.05-50-0 1 2323 36 2 165 164 0.8162 0.8198 165 167
105-1-1-0.05-50-0 1 2324 19 34 81 125 0.8072 0.7448 134 168
105-1-1-0.05-50-0 1 2324 36 36 165 165 0.8162 0.8162 165 165
105-1-1-0.05-50-0 1 2324 14 2 97 167 0.8451 0.8198 105 167
105-1-1-0.05-50-0 1 2324 36 2 164 166 0.8162 0.8198 165 167
105-1-1-0.05-50-0 1 2324 40 34 93 124 0.9739 0.7448 104 168
105-1-1-0.05-50-0 1 2324 36 2 164 165 0.8162 0.8198 165 167
105-1-1-0.05-50-0 1 2324 36 36 164 164 0.8162 0.8162 165 165
105-1-1-0.05-50-0 1 2324 36 37 163 124 0.8162 0.8481 165 127
105-1-1-0.05-50-0 1 2324 19 34 81 123 0.8072 0.7448 134 168
105-1-1-0.05-50-0 1 2324 19 19 81 81 0.8072 0.8072 134 134
105-1-1-0.05-50-0 1 2324 14 14 97 97 0.8451 0.8451 105 105
105-1-1-0.05-50-0 1 2324 36 42 163 83 0.8162 0.7447 165 106
105-1-1-0.05-50-0 1 2324 36 2 163 164 0.8162 0.8198 165 167
105-1-1-0.05-50-0 1 2324 40 34 93 122 0.9739 0.7448 104 168
105-1-1-0.05-50-0 1 2324 40 34 93 121 0.9739 0.7448 104 168
105-1-1-0.05-50-0 1 2325 14 43 99 120 0.8451 0.8316 105 123
105-1-1-0.05-50-0 1 2325 19 15 81 51 0.8072 0.7918 134 149
105-1-1-0.05-50-0 1 2325 19 19 81 81 0.8072 0.8072 134 134
105-1-1-0.05-50-0 1 2325 19 15 80 50 0.8072 0.7918 134 149
105-1-1-0.05-50-0 1 2325 36 36 165 165 0.8162 0.8162 165 165
105-1-1-0.05-50-0 1 2325 40 42 91 79 0.9739 0.7447 104 106
105-1-1-0.05-50-0 1 2325 14 37 99 125 0.8451 0.8481 105 127
105-1-1-0.05-50-0 1 2325 14 13 99 140 0.8451 0.8878 105 151
105-1-1-0.05-50-0 1 2325 40 34 91 121 0.9739 0.7448 104 168
105-1-1-0.05-50-0 1 2326 15 18 50 2 0.7918 0.2181 149 226
105-1-1-0.05-50-0 1 2326 40 42 94 78 0.9739 0.7447 104 106
105-1-1-0.05-50-0 1 2326 36 2 162 161 0.8162 0.8198 165 167
105-1-1-0.05-50-0 1 2326 36 42 162 77 0.8162 0.7447 165 106
105-1-1-0.05-50-0 1 2326 20 46 90 1 0.9922 0.3451 102 327
105-1-1-0.05-50-0 1 2326 36 37 162 122 0.8162 0.8481 165 127
105-1-1-0.05-50-0 1 2326 36 42 162 76 0.8162 0.7447 165 106
105-1-1-0.05-50-0 1 2326 19 19 81 81 0.8072 0.8072 134 134
105-1-1-0.05-50-0 1 2326 36 43 162 123 0.8162 0.8316 165 123
105-1-1-0.05-50-0 1 2327 19 19 81 81 0.8072 0.8072 134 134
105-1-1-0.05-50-0 1 2327 36 2 164 158 0.8162 0.8198 165 167
105-1-1-0.05-50-0 1 2327 36 36 164 164 0.8162 0.8162 165 165
105-1-1-0.05-50-0 1 2327 19 42 80 74 0.8072 0.7447 134 106
105-1-1-0.05-50-0 1 2327 40 42 98 73 0.9739 0.7447 104 106
105-1-1-0.05-50-0 1 2328 19 42 81 67 0.8072 0.7447 134 106
105-1-1-0.05-50-0 1 2328 14 40 99 94 0.8451 0.9739 105 104
105-1-1-0.05-50-0 1 2328 14 15 99 47 0.8451 0.7918 105 149
105-1-1-0.05-50-0 1 2328 36 43 165 122 0.8162 0.8316 165 123
105-1-1-0.05-50-0 1 2328 40 34 93 126 0.9739 0.7448 104 168
105-1-1-0.05-50-0 1 2328 40 34 93 125 0.9739 0.7448 104 168
105-1-1-0.05-50-0 1 2328 36 2 165 155 0.8162 0.8198 165 167
105-1-1-0.05-50-0 1 2329 14 43 96 123 0.8451 0.8316 105 123
105-1-1-0.05-50-0 1 2329 36 15 165 49 0.8162 0.7918 165 149
105-1-1-0.05-50-0 1 2329 36 34 165 125 0.8162 0.7448 165 168
105-1-1-0.05-50-0 1 2329 36 14 165 96 0.8162 0.8451 165 105
105-1-1-0.05-50-0 1 2329 14 25 95 117 0.8451 0.9430 105 125
105-1-1-0.05-50-0 1 2329 36 36 165 165 0.8162 0.8162 165 165
105-1-1-0.05-50-0 1 2329 2 33 157 2 0.8198 0.6893 167 191
105-1-1-0.05-50-0 1 2329 40 34 96 124 0.9739 0.7448 104 168
105-1-1-0.05-50-0 1 2329 2 31 157 1 0.8198 0.5626 167 252
105-1-1-0.05-50-0 1 2329 36 34 164 123 0.8162 0.7448 165 168
105-1-1-0.05-50-0 1 2329 36 2 164 157 0.8162 0.8198 165 167
105-1-1-0.05-50-0 1 2329 19 34 78 122 0.8072 0.7448 134 168
105-1-1-0.05-50-0 1 2329 40 15 96 48 0.9739 0.7918 104 149
105-1-1-0.05-50-0 1 2330 14 2 95 164 0.8451 0.8198 105 167
105-1-1-0.05-50-0 1 2330 40 42 94 68 0.9739 0.7447 104 106
105-1-1-0.05-50-0 1 2330 19 42 78 67 0.8072 0.7447 134 106
105-1-1-0.05-50-0 1 2330 36 34 165 116 0.8162 0.7448 165 168
105-1-1-0.05-50-0 1 2330 36 2 165 163 0.8162 0.8198 165 167
105-1-1-0.05-50-0 1 2330 36 36 165 165 0.8162 0.8162 165 165
105-1-1-0.05-50-0 1 2330 14 34 95 115 0.8451 0.7448 105 168
105-1-1-0.05-50-0 1 2330 14 36 95 164 0.8451 0.8162 105 165
105-1-1-0.05-50-0 1 2330 14 7 95 77 0.8451 0.9267 105 106
105-1-1-0.05-50-0 1 2330 2 32 162 1 0.8198 0.6514 167 215
105-1-1-0.05-50-0 1 2331 14 43 93 121 0.8451 0.8316 105 123
105-1-1-0.05-50-0 1 2331 19 15 82 48 0.8072 0.7918 134 149
105-1-1-0.05-50-0 1 2331 40 34 97 114 0.9739 0.7448 104 168
105-1-1-0.05-50-0 1 2331 36 19 161 82 0.8162 0.8072 165 134
105-1-1-0.05-50-0 1 2331 36 26 161 141 0.8162 0.8171 165 141
105-1-1-0.05-50-0 1 2331 14 34 93 113 0.8451 0.7448 105 168
105-1-1-0.05-50-0 1 2331 36 37 161 127 0.8162 0.8481 165 127
105-1-1-0.05-50-0 1 2332 19 42 81 63 0.8072 0.7447 134 106
105-1-1-0.05-50-0 1 2332 40 42 96 62 0.9739 0.7447 104 106
105-1-1-0.05-50-0 1 2332 14 36 88 163 0.8451 0.8162 105 165
105-1-1-0.05-50-0 1 2332 14 40 88 96 0.8451 0.9739 105 104
105-1-1-0.05-50-0 1 2332 2 33 164 1 0.8198 0.6893 167 191
105-1-1-0.05-50-0 1 2332 36 2 162 164 0.8162 0.8198 165 167
105-1-1-0.05-50-0 1 2332 36 14 162 88 0.8162 0.8451 165 105
105-1-1-0.05-50-0 1 2332 36 26 162 141 0.8162 0.8171 165 141
105-1-1-0.05-50-0 1 2332 40 34 95 113 0.9739 0.7448 104 168
105-1-1-0.05-50-0 1 2332 19 34 81 112 0.8072 0.7448 134 168
105-1-1-0.05-50-0 1 2333 15 18 47 2 0.7918 0.2181 149 226
105-1-1-0.05-50-0 1 2333 40 34 98 115 0.9739 0.7448 104 168
105-1-1-0.05-50-0 1 2333 36 15 161 47 0.8162 0.7918 165 149
105-1-1-0.05-50-0 1 2333 26 46 141 1 0.8171 0.3451 141 327
105-1-1-0.05-50-0 1 2333 19 42 84 63 0.8072 0.7447 134 106
105-1-1-0.05-50-0 1 2333 19 42 84 62 0.8072 0.7447 134 106
105-1-1-0.05-50-0 1 2333 19 19 84 84 0.8072 0.8072 134 134
105-1-1-0.05-50-0 1 2333 40 34 98 114 0.9739 0.7448 104 168
105-1-1-0.05-50-0 1 2333 40 34 98 113 0.9739 0.7448 104 168
105-1-1-0.05-50-0 1 2333 36 37 161 127 0.8162 0.8481 165 127
105-1-1-0.05-50-0 1 2333 19 34 83 112 0.8072 0.7448 134 168
105-1-1-0.05-50-0 1 2333 36 36 161 161 0.8162 0.8162 165 165
105-1-1-0.05-50-0 1 2333 19 34 83 111 0.8072 0.7448 134 168
105-1-1-0.05-50-0 1 2333 36 34 160 110 0.8162 0.7448 165 168
105-1-1-0.05-50-0 1 2333 14 36 86 160 0.8451 0.8162 105 165
105-1-1-0.05-50-0 1 2333 19 19 83 83 0.8072 0.8072 134 134
105-1-1-0.05-50-0 1 2334 19 34 82 110 0.8072 0.7448 134 168
105-1-1-0.05-50-0 1 2334 40 34 98 109 0.9739 0.7448 104 168
105-1-1-0.05-50-0 1 2334 19 34 82 108 0.8072 0.7448 134 168
105-1-1-0.05-50-0 1 2334 36 42 156 63 0.8162 0.7447 165 106
105-1-1-0.05-50-0 1 2334 19 19 82 82 0.8072 0.8072 134 134
105-1-1-0.05-50-0 1 2334 36 37 156 127 0.8162 0.8481 165 127
105-1-1-0.05-50-0 1 2334 40 34 98 107 0.9739 0.7448 104 168
105-1-1-0.05-50-0 1 2334 36 19 156 81 0.8162 0.8072 165 134
105-1-1-0.05-50-0 1 2334 34 27 106 1 0.7448 0.0776 168 149
105-1-1-0.05-50-0 1 2334 36 26 156 141 0.8162 0.8171 165 141
105-1-1-0.05-50-0 1 2334 40 42 98 62 0.9739 0.7447 104 106
105-1-1-0.05-50-0 1 2334 40 34 98 106 0.9739 0.7448 104 168
105-1-1-0.05-50-0 1 2335 40 15 100 45 0.9739 0.7918 104 149
105-1-1-0.05-50-0 1 2335 40 15 100 44 0.9739 0.7918 104 149
105-1-1-0.05-50-0 1 2335 36 43 156 113 0.8162 0.8316 165 123
105-1-1-0.05-50-0 1 2335 36 43 156 112 0.8162 0.8316 165 123
105-1-1-0.05-50-0 1 2335 36 19 156 78 0.8162 0.8072 165 134
105-1-1-0.05-50-0 1 2335 40 34 100 107 0.9739 0.7448 104 168
105-1-1-0.05-50-0 1 2335 19 15 77 43 0.8072 0.7918 134 149
105-1-1-0.05-50-0 1 2335 40 42 100 65 0.9739 0.7447 104 106
105-1-1-0.05-50-0 1 2335 19 15 77 42 0.8072 0.7918 134 149
105-1-1-0.05-50-0 1 2335 14 26 87 141 0.8451 0.8171 105 141
105-1-1-0.05-50-0 1 2335 36 36 156 156 0.8162 0.8162 165 165
105-1-1-0.05-50-0 1 2335 2 31 167 1 0.8198 0.5626 167 252
105-1-1-0.05-50-0 1 2335 14 34 87 106 0.8451 0.7448 105 168
105-1-1-0.05-50-0 1 2335 19 34 77 105 0.8072 0.7448 134 168
105-1-1-0.05-50-0 1 2335 40 34 100 104 0.9739 0.7448 104 168
105-1-1-0.05-50-0 1 2336 36 2 162 167 0.8162 0.8198 165 167
105-1-1-0.05-50-0 1 2336 40 15 99 39 0.9739 0.7918 104 149
105-1-1-0.05-50-0 1 2336 14 14 90 90 0.8451 0.8451 105 105
105-1-1-0.05-50-0 1 2336 36 43 162 110 0.8162 0.8316 165 123
105-1-1-0.05-50-0 1 2336 19 34 82 103 0.8072 0.7448 134 168
105-1-1-0.05-50-0 1 2336 40 34 99 102 0.9739 0.7448 104 168
105-1-1-0.05-50-0 1 2336 19 19 82 82 0.8072 0.8072 134 134
105-1-1-0.05-50-0 1 2336 19 42 81 64 0.8072 0.7447 134 106
105-1-1-0.05-50-0 1 2336 40 15 99 38 0.9739 0.7918 104 149
105-1-1-0.05-50-0 1 2336 19 19 81 81 0.8072 0.8072 134 134
105-1-1-0.05-50-0 1 2337 19 15 80 36 0.8072 0.7918 134 149
105-1-1-0.05-50-0 1 2337 36 26 161 137 0.8162 0.8171 165 141
105-1-1-0.05-50-0 1 2337 40 34 102 99 0.9739 0.7448 104 168
105-1-1-0.05-50-0 1 2337 36 36 161 161 0.8162 0.8162 165 165
105-1-1-0.05-50-0 1 2337 19 42 80 63 0.8072 0.7447 134 106
105-1-1-0.05-50-0 1 2337 40 15 102 35 0.9739 0.7918 104 149
105-1-1-0.05-50-0 1 2338 36 26 160 137 0.8162 0.8171 165 141
105-1-1-0.05-50-0 1 2338 7 31 78 2 0.9267 0.5626 106 252
105-1-1-0.05-50-0 1 2338 36 19 160 81 0.8162 0.8072 165 134
105-1-1-0.05-50-0 1 2338 36 36 160 160 0.8162 0.8162 165 165
105-1-1-0.05-50-0 1 2338 20 28 93 1 0.9922 0.3846 102 311
105-1-1-0.05-50-0 1 2338 40 42 100 63 0.9739 0.7447 104 106
105-1-1-0.05-50-0 1 2338 19 19 80 80 0.8072 0.8072 134 134
105-1-1-0.05-50-0 1 2338 40 34 100 98 0.9739 0.7448 104 168
105-1-1-0.05-50-0 1 2338 19 34 79 97 0.8072 0.7448 134 168
105-1-1-0.05-50-0 1 2338 37 18 122 1 0.8481 0.2181 127 226
105-1-1-0.05-50-0 1 2338 19 42 79 62 0.8072 0.7447 134 106
105-1-1-0.05-50-0 1 2339 40 34 98 95 0.9739 0.7448 104 168
105-1-1-0.05-50-0 1 2339 40 15 98 34 0.9739 0.7918 104 149
105-1-1-0.05-50-0 1 2339 36 34 160 94 0.8162 0.7448 165 168
105-1-1-0.05-50-0 1 2339 36 14 160 87 0.8162 0.8451 165 105
105-1-1-0.05-50-0 1 2339 19 15 78 33 0.8072 0.7918 134 149
105-1-1-0.05-50-0 1 2339 36 2 160 161 0.8162 0.8198 165 167
105-1-1-0.05-50-0 1 2339 19 34 78 93 0.8072 0.7448 134 168
105-1-1-0.05-50-0 1 2339 14 40 86 98 0.8451 0.9739 105 104
105-1-1-0.05-50-0 1 2339 40 34 97 92 0.9739 0.7448 104 168
105-1-1-0.05-50-0 1 2339 14 36 86 160 0.8451 0.8162 105 165
105-1-1-0.05-50-0 1 2340 40 42 99 62 0.9739 0.7447 104 106
105-1-1-0.05-50-0 1 2340 36 37 159 120 0.8162 0.8481 165 127
105-1-1-0.05-50-0 1 2340 14 37 86 119 0.8451 0.8481 105 127
105-1-1-0.05-50-0 1 2340 37 39 118 1 0.8481 0.2187 127 309
105-1-1-0.05-50-0 1 2340 14 25 86 122 0.8451 0.9430 105 125
105-1-1-0.05-50-0 1 2340 40 34 99 92 0.9739 0.7448 104 168
105-1-1-0.05-50-0 1 2341 36 26 161 135 0.8162 0.8171 165 141
105-1-1-0.05-50-0 1 2341 14 36 86 161 0.8451 0.8162 105 165
105-1-1-0.05-50-0 1 2341 19 34 81 91 0.8072 0.7448 134 168
105-1-1-0.05-50-0 1 2341 26 46 134 1 0.8171 0.3451 141 327
105-1-1-0.05-50-0 1 2341 36 14 160 86 0.8162 0.8451 165 105
105-1-1-0.05-50-0 1 2341 14 25 85 124 0.8451 0.9430 105 125
105-1-1-0.05-50-0 1 2341 36 19 160 81 0.8162 0.8072 165 134
105-1-1-0.05-50-0 1 2341 14 2 85 155 0.8451 0.8198 105 167
105-1-1-0.05-50-0 1 2341 40 42 102 61 0.9739 0.7447 104 106
105-1-1-0.05-50-0 1 2342 36 34 158 89 0.8162 0.7448 165 168
105-1-1-0.05-50-0 1 2342 36 43 158 114 0.8162 0.8316 165 123
105-1-1-0.05-50-0 1 2342 19 42 77 63 0.8072 0.7447 134 106
105-1-1-0.05-50-0 1 2342 14 13 87 147 0.8451 0.8878 105 151
105-1-1-0.05-50-0 1 2342 19 19 77 77 0.8072 0.8072 134 134
105-1-1-0.05-50-0 1 2342 2 31 152 1 0.8198 0.5626 167 252
105-1-1-0.05-50-0 1 2342 40 42 104 62 0.9739 0.7447 104 106
105-1-1-0.05-50-0 1 2342 36 36 158 158 0.8162 0.8162 165 165
105-1-1-0.05-50-0 1 2343 14 13 87 142 0.8451 0.8878 105 151
105-1-1-0.05-50-0 1 2343 36 36 155 155 0.8162 0.8162 165 165
105-1-1-0.05-50-0 1 2343 40 42 101 62 0.9739 0.7447 104 106
105-1-1-0.05-50-0 1 2343 19 19 75 75 0.8072 0.8072 134 134
105-1-1-0.05-50-0 1 2343 36 36 154 154 0.8162 0.8162 165 165
105-1-1-0.05-50-0 1 2343 19 15 74 31 0.8072 0.7918 134 149
105-1-1-0.05-50-0 1 2343 14 13 87 141 0.8451 0.8878 105 151
105-1-1-0.05-50-0 1 2343 40 34 101 87 0.9739 0.7448 104 168
105-1-1-0.05-50-0 1 2343 19 19 74 74 0.8072 0.8072 134 134
105-1-1-0.05-50-0 1 2343 19 34 73 86 0.8072 0.7448 134 168
105-1-1-0.05-50-0 1 2344 19 42 71 64 0.8072 0.7447 134 106
105-1-1-0.05-50-0 1 2344 40 15 104 28 0.9739 0.7918 104 149
105-1-1-0.05-50-0 1 2344 14 36 86 153 0.8451 0.8162 105 165
105-1-1-0.05-50-0 1 2344 40 34 104 87 0.9739 0.7448 104 168
105-1-1-0.05-50-0 1 2344 40 34 104 86 0.9739 0.7448 104 168
105-1-1-0.05-50-0 1 2344 40 15 104 27 0.9739 0.7918 104 149
105-1-1-0.05-50-0 1 2344 36 34 152 85 0.8162 0.7448 165 168
105-1-1-0.05-50-0 1 2344 36 26 152 136 0.8162 0.8171 165 141
105-1-1-0.05-50-0 1 2345 40 34 104 88 0.9739 0.7448 104 168
105-1-1-0.05-50-0 1 2345 14 2 82 148 0.8451 0.8198 105 167
105-1-1-0.05-50-0 1 2345 19 42 70 63 0.8072 0.7447 134 106
105-1-1-0.05-50-0 1 2345 14 14 82 82 0.8451 0.8451 105 105
105-1-1-0.05-50-0 1 2345 40 34 104 87 0.9739 0.7448 104 168
105-1-1-0.05-50-0 1 2345 36 34 152 86 0.8162 0.7448 165 168
105-1-1-0.05-50-0 1 2345 19 19 70 70 0.8072 0.8072 134 134
105-1-1-0.05-50-0 1 2346 19 34 69 87 0.8072 0.7448 134 168
105-1-1-0.05-50-0 1 2346 36 26 152 136 0.8162 0.8171 165 141
105-1-1-0.05-50-0 1 2346 40 42 103 58 0.9739 0.7447 104 106
105-1-1-0.05-50-0 1 2346 14 41 86 101 0.8451 0.9621 105 105
105-1-1-0.05-50-0 1 2346 40 42 103 57 0.9739 0.7447 104 106
105-1-1-0.05-50-0 1 2346 36 37 152 118 0.8162 0.8481 165 127
105-1-1-0.05-50-0 1 2346 20 21 76 1 0.9922 0.4184 102 158
105-1-1-0.05-50-0 1 2346 15 8 26 1 0.7918 0.2506 149 303
105-1-1-0.05-50-0 1 2347 36 26 150 133 0.8162 0.8171 165 141
105-1-1-0.05-50-0 1 2347 14 43 85 121 0.8451 0.8316 105 123
105-1-1-0.05-50-0 1 2347 14 19 85 73 0.8451 0.8072 105 134
105-1-1-0.05-50-0 1 2347 14 26 85 132 0.8451 0.8171 105 141
105-1-1-0.05-50-0 1 2347 36 36 150 150 0.8162 0.8162 165 165
105-1-1-0.05-50-0 1 2347 36 19 149 72 0.8162 0.8072 165 134
105-1-1-0.05-50-0 1 2347 40 34 104 90 0.9739 0.7448 104 168
105-1-1-0.05-50-0 1 2347 20 33 77 3 0.9922 0.6893 102 191
105-1-1-0.05-50-0 1 2347 40 15 104 26 0.9739 0.7918 104 149
105-1-1-0.05-50-0 1 2347 36 36 149 149 0.8162 0.8162 165 165
105-1-1-0.05-50-0 1 2347 36 36 148 148 0.8162 0.8162 165 165
105-1-1-0.05-50-0 1 2347 36 37 147 115 0.8162 0.8481 165 127
105-1-1-0.05-50-0 1 2347 36 36 147 147 0.8162 0.8162 165 165
105-1-1-0.05-50-0 1 2347 36 36 146 146 0.8162 0.8162 165 165
105-1-1-0.05-50-0 1 2348 14 36 85 151 0.8451 0.8162 105 165
105-1-1-0.05-50-0 1 2348 36 15 150 26 0.8162 0.7918 165 149
105-1-1-0.05-50-0 1 2348 36 42 150 57 0.8162 0.7447 165 106
105-1-1-0.05-50-0 1 2348 36 2 150 145 0.8162 0.8198 165 167
105-1-1-0.05-50-0 1 2348 36 36 150 150 0.8162 0.8162 165 165
105-1-1-0.05-50-0 1 2348 36 19 149 73 0.8162 0.8072 165 134
105-1-1-0.05-50-0 1 2348 40 34 100 87 0.9739 0.7448 104 168
105-1-1-0.05-50-0 1 2348 36 2 149 144 0.8162 0.8198 165 167
105-1-1-0.05-50-0 1 2348 14 34 85 86 0.8451 0.7448 105 168
105-1-1-0.05-50-0 1 2348 19 34 72 85 0.8072 0.7448 134 168
105-1-1-0.05-50-0 1 2348 40 42 100 56 0.9739 0.7447 104 106
105-1-1-0.05-50-0 1 2349 36 37 153 112 0.8162 0.8481 165 127
105-1-1-0.05-50-0 1 2349 14 36 88 153 0.8451 0.8162 105 165
105-1-1-0.05-50-0 1 2349 40 34 96 86 0.9739 0.7448 104 168
105-1-1-0.05-50-0 1 2349 14 36 88 152 0.8451 0.8162 105 165
105-1-1-0.05-50-0 1 2349 36 36 151 151 0.8162 0.8162 165 165
105-1-1-0.05-50-0 1 2350 36 14 151 90 0.8162 0.8451 165 105
105-1-1-0.05-50-0 1 2350 37 16 115 1 0.8481 0.2228 127 149
105-1-1-0.05-50-0 1 2350 14 37 89 115 0.8451 0.8481 105 127
105-1-1-0.05-50-0 1 2350 36 2 151 142 0.8162 0.8198 165 167
105-1-1-0.05-50-0 1 2350 36 2 151 141 0.8162 0.8198 165 167
105-1-1-0.05-50-0 1 2350 40 15 92 25 0.9739 0.7918 104 149
105-1-1-0.05-50-0 1 2350 14 7 89 93 0.8451 0.9267 105 106
105-1-1-0.05-50-0 1 2350 40 42 92 51 0.9739 0.7447 104 106
105-1-1-0.05-50-0 1 2350 2 33 140 2 0.8198 0.6893 167 191
105-1-1-0.05-50-0 1 2351 40 15 94 27 0.9739 0.7918 104 149
105-1-1-0.05-50-0 1 2351 19 42 71 52 0.8072 0.7447 134 106
105-1-1-0.05-50-0 1 2351 14 20 90 73 0.8451 0.9922 105 102
105-1-1-0.05-50-0 1 2351 19 34 71 83 0.8072 0.7448 134 168
105-1-1-0.05-50-0 1 2351 36 43 153 123 0.8162 0.8316 165 123
105-1-1-0.05-50-0 1 2351 40 34 94 82 0.9739 0.7448 104 168
105-1-1-0.05-50-0 1 2351 40 34 94 81 0.9739 0.7448 104 168
105-1-1-0.05-50-0 1 2352 40 34 93 82 0.9739 0.7448 104 168
105-1-1-0.05-50-0 1 2352 40 42 93 49 0.9739 0.7447 104 106
105-1-1-0.05-50-0 1 2352 36 36 156 156 0.8162 0.8162 165 165
105-1-1-0.05-50-0 1 2352 40 34 93 81 0.9739 0.7448 104 168
105-1-1-0.05-50-0 1 2352 40 15 93 27 0.9739 0.7918 104 149
105-1-1-0.05-50-0 1 2352 36 26 155 129 0.8162 0.8171 165 141
105-1-1-0.05-50-0 1 2353 36 14 155 96 0.8162 0.8451 165 105
105-1-1-0.05-50-0 1 2353 14 14 95 95 0.8451 0.8451 105 105
105-1-1-0.05-50-0 1 2353 36 2 155 147 0.8162 0.8198 165 167
105-1-1-0.05-50-0 1 2353 40 34 97 81 0.9739 0.7448 104 168
105-1-1-0.05-50-0 1 2353 19 42 69 49 0.8072 0.7447 134 106
105-1-1-0.05-50-0 1 2353 40 15 97 25 0.9739 0.7918 104 149
105-1-1-0.05-50-0 1 2353 14 34 94 80 0.8451 0.7448 105 168
105-1-1-0.05-50-0 1 2354 40 34 98 79 0.9739 0.7448 104 168
105-1-1-0.05-50-0 1 2354 36 14 149 96 0.8162 0.8451 165 105
105-1-1-0.05-50-0 1 2354 36 14 149 95 0.8162 0.8451 165 105
105-1-1-0.05-50-0 1 2354 15 10 21 1 0.7918 0.2533 149 449
105-1-1-0.05-50-0 1 2354 40 42 98 50 0.9739 0.7447 104 106
105-1-1-0.05-50-0 1 2354 36 43 149 123 0.8162 0.8316 165 123
105-1-1-0.05-50-0 1 2354 20 9 77 1 0.9922 0.6134 102 161
105-1-1-0.05-50-0 1 2354 20 33 77 2 0.9922 0.6893 102 191
105-1-1-0.05-50-0 1 2354 19 34 67 78 0.8072 0.7448 134 168
105-1-1-0.05-50-0 1 2355 36 26 149 121 0.8162 0.8171 165 141
105-1-1-0.05-50-0 1 2355 36 36 149 149 0.8162 0.8162 165 165
105-1-1-0.05-50-0 1 2355 2 38 148 1 0.8198 0.6163 167 270
105-1-1-0.05-50-0 1 2355 40 34 94 77 0.9739 0.7448 104 168
105-1-1-0.05-50-0 1 2355 36 43 148 121 0.8162 0.8316 165 123
105-1-1-0.05-50-0 1 2355 36 14 148 93 0.8162 0.8451 165 105
105-1-1-0.05-50-0 1 2356 14 43 90 118 0.8451 0.8316 105 123
105-1-1-0.05-50-0 1 2356 40 34 93 78 0.9739 0.7448 104 168
105-1-1-0.05-50-0 1 2356 36 42 149 53 0.8162 0.7447 165 106
105-1-1-0.05-50-0 1 2356 15 39 25 3 0.7918 0.2187 149 309
105-1-1-0.05-50-0 1 2356 36 14 149 90 0.8162 0.8451 165 105
105-1-1-0.05-50-0 1 2356 36 19 149 68 0.8162 0.8072 165 134
105-1-1-0.05-50-0 1 2356 36 43 149 117 0.8162 0.8316 165 123
105-1-1-0.05-50-0 1 2356 40 15 93 25 0.9739 0.7918 104 149
105-1-1-0.05-50-0 1 2356 40 42 93 52 0.9739 0.7447 104 106
105-1-1-0.05-50-0 1 2356 36 36 149 149 0.8162 0.8162 165 165
105-1-1-0.05-50-0 1 2356 40 15 93 24 0.9739 0.7918 104 149
105-1-1-0.05-50-0 1 2357 36 37 144 106 0.8162 0.8481 165 127
105-1-1-0.05-50-0 1 2357 36 42 144 50 0.8162 0.7447 165 106
105-1-1-0.05-50-0 1 2357 14 43 89 117 0.8451 0.8316 105 123
105-1-1-0.05-50-0 1 2357 19 34 67 81 0.8072 0.7448 134 168
105-1-1-0.05-50-0 1 2357 19 19 67 67 0.8072 0.8072 134 134
105-1-1-0.05-50-0 1 2357 36 37 144 105 0.8162 0.8481 165 127
105-1-1-0.05-50-0 1 2357 19 19 66 66 0.8072 0.8072 134 134
105-1-1-0.05-50-0 1 2357 40 42 93 49 0.9739 0.7447 104 106
105-1-1-0.05-50-0 1 2357 36 37 144 104 0.8162 0.8481 165 127
105-1-1-0.05-50-0 1 2357 36 15 144 24 0.8162 0.7918 165 149
105-1-1-0.05-50-0 1 2358 36 36 143 143 0.8162 0.8162 165 165
105-1-1-0.05-50-0 1 2358 36 14 142 93 0.8162 0.8451 165 105
105-1-1-0.05-50-0 1 2358 2 33 159 1 0.8198 0.6893 167 191
105-1-1-0.05-50-0 1 2358 40 42 92 48 0.9739 0.7447 104 106
105-1-1-0.05-50-0 1 2358 36 42 142 47 0.8162 0.7447 165 106
105-1-1-0.05-50-0 1 2358 36 37 142 103 0.8162 0.8481 165 127
105-1-1-0.05-50-0 1 2359 2 9 156 1 0.8198 0.6134 167 161
105-1-1-0.05-50-0 1 2359 40 42 93 45 0.9739 0.7447 104 106
105-1-1-0.05-50-0 1 2359 40 34 93 77 0.9739 0.7448 104 168
105-1-1-0.05-50-0 1 2359 40 34 93 76 0.9739 0.7448 104 168
105-1-1-0.05-50-0 1 2360 14 2 95 157 0.8451 0.8198 105 167
105-1-1-0.05-50-0 1 2360 36 2 146 156 0.8162 0.8198 165 167
105-1-1-0.05-50-0 1 2360 36 37 146 101 0.8162 0.8481 165 127
105-1-1-0.05-50-0 1 2360 14 41 95 102 0.8451 0.9621 105 105
105-1-1-0.05-50-0 1 2360 36 26 146 121 0.8162 0.8171 165 141
105-1-1-0.05-50-0 1 2360 19 34 62 78 0.8072 0.7448 134 168
105-1-1-0.05-50-0 1 2361 36 34 151 78 0.8162 0.7448 165 168
105-1-1-0.05-50-0 1 2361 36 43 151 114 0.8162 0.8316 165 123
105-1-1-0.05-50-0 1 2361 36 2 151 158 0.8162 0.8198 165 167
105-1-1-0.05-50-0 1 2361 15 46 21 1 0.7918 0.3451 149 327
105-1-1-0.05-50-0 1 2361 36 43 151 113 0.8162 0.8316 165 123
105-1-1-0.05-50-0 1 2361 37 39 100 1 0.8481 0.2187 127 309
105-1-1-0.05-50-0 1 2361 19 15 61 21 0.8072 0.7918 134 149
105-1-1-0.05-50-0 1 2361 40 42 94 42 0.9739 0.7447 104 106
105-1-1-0.05-50-0 1 2362 14 14 96 96 0.8451 0.8451 105 105
105-1-1-0.05-50-0 1 2362 14 20 95 82 0.8451 0.9922 105 102
105-1-1-0.05-50-0 1 2362 14 34 95 74 0.8451 0.7448 105 168
105-1-1-0.05-50-0 1 2362 14 19 95 62 0.8451 0.8072 105 134
105-1-1-0.05-50-0 1 2362 19 34 61 73 0.8072 0.7448 134 168
105-1-1-0.05-50-0 1 2362 19 34 61 72 0.8072 0.7448 134 168
105-1-1-0.05-50-0 1 2362 36 34 153 71 0.8162 0.7448 165 168
105-1-1-0.05-50-0 1 2362 40 34 93 70 0.9739 0.7448 104 168
105-1-1-0.05-50-0 1 2362 40 34 93 69 0.9739 0.7448 104 168
105-1-1-0.05-50-0 1 2363 19 42 61 39 0.8072 0.7447 134 106
105-1-1-0.05-50-0 1 2363 40 42 94 38 0.9739 0.7447 104 106
105-1-1-0.05-50-0 1 2363 36 43 151 117 0.8162 0.8316 165 123
105-1-1-0.05-50-0 1 2363 36 43 151 116 0.8162 0.8316 165 123
105-1-1-0.05-50-0 1 2363 36 19 151 61 0.8162 0.8072 165 134
105-1-1-0.05-50-0 1 2363 14 40 93 94 0.8451 0.9739 105 104
105-1-1-0.05-50-0 1 2363 36 34 151 68 0.8162 0.7448 165 168
105-1-1-0.05-50-0 1 2363 20 28 83 1 0.9922 0.3846 102 311
105-1-1-0.05-50-0 1 2364 40 42 93 36 0.9739 0.7447 104 106
105-1-1-0.05-50-0 1 2364 40 34 93 63 0.9739 0.7448 104 168
105-1-1-0.05-50-0 1 2364 40 15 93 20 0.9739 0.7918 104 149
105-1-1-0.05-50-0 1 2364 40 34 93 62 0.9739 0.7448 104 168
105-1-1-0.05-50-0 1 2364 40 34 93 61 0.9739 0.7448 104 168
105-1-1-0.05-50-0 1 2364 40 15 93 19 0.9739 0.7918 104 149
105-1-1-0.05-50-0 1 2364 40 34 93 60 0.9739 0.7448 104 168
105-1-1-0.05-50-0 1 2364 36 43 157 119 0.8162 0.8316 165 123
105-1-1-0.05-50-0 1 2365 40 34 90 57 0.9739 0.7448 104 168
105-1-1-0.05-50-0 1 2365 40 42 90 35 0.9739 0.7447 104 106
105-1-1-0.05-50-0 1 2365 36 44 160 1 0.8162 0.7034 165 118
105-1-1-0.05-50-0 1 2365 40 34 90 56 0.9739 0.7448 104 168
105-1-1-0.05-50-0 1 2365 43 24 121 1 0.8316 0.1940 123 254
105-1-1-0.05-50-0 1 2365 14 40 86 90 0.8451 0.9739 105 104
105-1-1-0.05-50-0 1 2365 14 26 86 137 0.8451 0.8171 105 141
105-1-1-0.05-50-0 1 2366 14 7 88 87 0.8451 0.9267 105 106
105-1-1-0.05-50-0 1 2366 36 36 160 160 0.8162 0.8162 165 165
105-1-1-0.05-50-0 1 2366 36 19 159 57 0.8162 0.8072 165 134
105-1-1-0.05-50-0 1 2366 36 2 159 167 0.8162 0.8198 165 167
105-1-1-0.05-50-0 1 2366 14 34 88 54 0.8451 0.7448 105 168
105-1-1-0.05-50-0 1 2366 36 43 159 116 0.8162 0.8316 165 123
105-1-1-0.05-50-0 1 2366 40 42 88 35 0.9739 0.7447 104 106
105-1-1-0.05-50-0 1 2366 14 40 88 88 0.8451 0.9739 105 104
105-1-1-0.05-50-0 1 2366 36 19 159 56 0.8162 0.8072 165 134
105-1-1-0.05-50-0 1 2366 19 42 55 34 0.8072 0.7447 134 106
105-1-1-0.05-50-0 1 2367 14 25 88 117 0.8451 0.9430 105 125
105-1-1-0.05-50-0 1 2367 40 42 84 34 0.9739 0.7447 104 106
105-1-1-0.05-50-0 1 2367 36 36 161 161 0.8162 0.8162 165 165
105-1-1-0.05-50-0 1 2367 36 19 160 53 0.8162 0.8072 165 134
105-1-1-0.05-50-0 1 2367 14 37 88 108 0.8451 0.8481 105 127
105-1-1-0.05-50-0 1 2367 36 37 160 107 0.8162 0.8481 165 127
105-1-1-0.05-50-0 1 2367 40 34 84 54 0.9739 0.7448 104 168
105-1-1-0.05-50-0 1 2367 14 7 88 82 0.8451 0.9267 105 106
105-1-1-0.05-50-0 1 2367 14 37 88 106 0.8451 0.8481 105 127
105-1-1-0.05-50-0 1 2367 26 6 137 1 0.8171 0.4266 141 249
105-1-1-0.05-50-0 1 2367 19 19 52 52 0.8072 0.8072 134 134
105-1-1-0.05-50-0 1 2367 36 36 160 160 0.8162 0.8162 165 165
105-1-1-0.05-50-0 1 2367 40 34 84 53 0.9739 0.7448 104 168
105-1-1-0.05-50-0 1 2367 36 37 159 105 0.8162 0.8481 165 127
105-1-1-0.05-50-0 1 2368 2 9 167 1 0.8198 0.6134 167 161
105-1-1-0.05-50-0 1 2368 36 36 161 161 0.8162 0.8162 165 165
105-1-1-0.05-50-0 1 2368 19 34 51 51 0.8072 0.7448 134 168
105-1-1-0.05-50-0 1 2368 37 49 106 1 0.8481 0.1842 127 136
105-1-1-0.05-50-0 1 2368 14 42 87 32 0.8451 0.7447 105 106
105-1-1-0.05-50-0 1 2368 36 36 160 160 0.8162 0.8162 165 165
105-1-1-0.05-50-0 1 2368 14 13 87 125 0.8451 0.8878 105 151
105-1-1-0.05-50-0 1 2369 40 34 89 48 0.9739 0.7448 104 168
105-1-1-0.05-50-0 1 2369 40 42 89 34 0.9739 0.7447 104 106
105-1-1-0.05-50-0 1 2369 36 43 164 117 0.8162 0.8316 165 123
105-1-1-0.05-50-0 1 2369 36 37 164 109 0.8162 0.8481 165 127
105-1-1-0.05-50-0 1 2369 36 34 164 47 0.8162 0.7448 165 168
105-1-1-0.05-50-0 1 2369 40 15 89 23 0.9739 0.7918 104 149
105-1-1-0.05-50-0 1 2370 2 30 164 1 0.8198 0.6008 167 266
105-1-1-0.05-50-0 1 2370 19 19 57 57 0.8072 0.8072 134 134
105-1-1-0.05-50-0 1 2370 40 34 89 46 0.9739 0.7448 104 168
105-1-1-0.05-50-0 1 2370 14 43 87 115 0.8451 0.8316 105 123
105-1-1-0.05-50-0 1 2370 20 38 81 3 0.9922 0.6163 102 270
105-1-1-0.05-50-0 1 2371 36 43 165 119 0.8162 0.8316 165 123
105-1-1-0.05-50-0 1 2371 40 34 91 49 0.9739 0.7448 104 168
105-1-1-0.05-50-0 1 2371 40 34 91 48 0.9739 0.7448 104 168
105-1-1-0.05-50-0 1 2371 19 19 60 60 0.8072 0.8072 134 134
105-1-1-0.05-50-0 1 2371 14 26 91 138 0.8451 0.8171 105 141
105-1-1-0.05-50-0 1 2371 40 15 91 20 0.9739 0.7918 104 149
105-1-1-0.05-50-0 1 2372 25 11 125 1 0.9430 0.0504 125 384
105-1-1-0.05-50-0 1 2372 14 25 93 125 0.8451 0.9430 105 125
105-1-1-0.05-50-0 1 2372 14 7 93 90 0.8451 0.9267 105 106
105-1-1-0.05-50-0 1 2372 36 2 165 160 0.8162 0.8198 165 167
105-1-1-0.05-50-0 1 2372 36 43 165 123 0.8162 0.8316 165 123
105-1-1-0.05-50-0 1 2372 36 42 165 36 0.8162 0.7447 165 106
105-1-1-0.05-50-0 1 2372 36 37 165 104 0.8162 0.8481 165 127
105-1-1-0.05-50-0 1 2372 36 2 165 159 0.8162 0.8198 165 167
105-1-1-0.05-50-0 1 2372 36 36 165 165 0.8162 0.8162 165 165
105-1-1-0.05-50-0 1 2372 2 38 158 2 0.8198 0.6163 167 270
105-1-1-0.05-50-0 1 2372 14 14 93 93 0.8451 0.8451 105 105
105-1-1-0.05-50-0 1 2372 36 37 164 103 0.8162 0.8481 165 127
105-1-1-0.05-50-0 1 2372 36 2 164 158 0.8162 0.8198 165 167
105-1-1-0.05-50-0 1 2373 20 38 87 1 0.9922 0.6163 102 270
105-1-1-0.05-50-0 1 2373 26 21 134 1 0.8171 0.4184 141 158
105-1-1-0.05-50-0 1 2373 40 15 86 19 0.9739 0.7918 104 149
105-1-1-0.05-50-0 1 2373 40 42 86 36 0.9739 0.7447 104 106
105-1-1-0.05-50-0 1 2373 14 7 90 90 0.8451 0.9267 105 106
105-1-1-0.05-50-0 1 2373 14 26 90 134 0.8451 0.8171 105 141
105-1-1-0.05-50-0 1 2373 36 43 164 123 0.8162 0.8316 165 123
105-1-1-0.05-50-0 1 2373 40 34 86 46 0.9739 0.7448 104 168
105-1-1-0.05-50-0 1 2373 40 34 86 45 0.9739 0.7448 104 168
105-1-1-0.05-50-0 1 2373 19 19 60 60 0.8072 0.8072 134 134
105-1-1-0.05-50-0 1 2374 14 36 91 165 0.8451 0.8162 105 165
105-1-1-0.05-50-0 1 2374 26 3 136 1 0.8171 0.4813 141 321
105-1-1-0.05-50-0 1 2374 36 2 164 160 0.8162 0.8198 165 167
105-1-1-0.05-50-0 1 2374 36 43 164 123 0.8162 0.8316 165 123
105-1-1-0.05-50-0 1 2374 14 19 91 59 0.8451 0.8072 105 134
105-1-1-0.05-50-0 1 2374 14 26 91 136 0.8451 0.8171 105 141
105-1-1-0.05-50-0 1 2375 40 42 85 32 0.9739 0.7447 104 106
105-1-1-0.05-50-0 1 2375 14 2 95 158 0.8451 0.8198 105 167
105-1-1-0.05-50-0 1 2375 36 43 162 118 0.8162 0.8316 165 123
105-1-1-0.05-50-0 1 2375 40 42 85 31 0.9739 0.7447 104 106
105-1-1-0.05-50-0 1 2375 19 19 60 60 0.8072 0.8072 134 134
105-1-1-0.05-50-0 1 2375 26 28 134 2 0.8171 0.3846 141 311
105-1-1-0.05-50-0 1 2375 36 37 162 106 0.8162 0.8481 165 127
105-1-1-0.05-50-0 1 2375 19 19 59 59 0.8072 0.8072 134 134
105-1-1-0.05-50-0 1 2375 36 14 162 95 0.8162 0.8451 165 105
105-1-1-0.05-50-0 1 2375 40 34 85 41 0.9739 0.7448 104 168
105-1-1-0.05-50-0 1 2375 14 40 94 85 0.8451 0.9739 105 104
105-1-1-0.05-50-0 1 2376 14 36 92 165 0.8451 0.8162 105 165
105-1-1-0.05-50-0 1 2376 19 19 58 58 0.8072 0.8072 134 134
105-1-1-0.05-50-0 1 2376 36 2 164 155 0.8162 0.8198 165 167
105-1-1-0.05-50-0 1 2376 40 42 85 29 0.9739 0.7447 104 106
105-1-1-0.05-50-0 1 2376 36 43 164 120 0.8162 0.8316 165 123
105-1-1-0.05-50-0 1 2376 14 41 92 102 0.8451 0.9621 105 105
105-1-1-0.05-50-0 1 2376 14 26 92 132 0.8451 0.8171 105 141
105-1-1-0.05-50-0 1 2376 40 34 85 40 0.9739 0.7448 104 168
105-1-1-0.05-50-0 1 2377 19 34 61 39 0.8072 0.7448 134 168
105-1-1-0.05-50-0 1 2377 36 36 165 165 0.8162 0.8162 165 165
105-1-1-0.05-50-0 1 2377 26 28 132 1 0.8171 0.3846 141 311
105-1-1-0.05-50-0 1 2377 36 14 164 91 0.8162 0.8451 165 105
105-1-1-0.05-50-0 1 2377 40 34 83 38 0.9739 0.7448 104 168
105-1-1-0.05-50-0 1 2377 14 13 90 140 0.8451 0.8878 105 151
105-1-1-0.05-50-0 1 2378 19 15 61 20 0.8072 0.7918 134 149
105-1-1-0.05-50-0 1 2378 40 15 85 19 0.9739 0.7918 104 149
105-1-1-0.05-50-0 1 2378 36 36 165 165 0.8162 0.8162 165 165
105-1-1-0.05-50-0 1 2378 40 42 85 28 0.9739 0.7447 104 106
105-1-1-0.05-50-0 1 2378 36 14 164 89 0.8162 0.8451 165 105
105-1-1-0.05-50-0 1 2378 36 36 164 164 0.8162 0.8162 165 165
105-1-1-0.05-50-0 1 2379 19 34 64 37 0.8072 0.7448 134 168
105-1-1-0.05-50-0 1 2379 14 26 93 132 0.8451 0.8171 105 141
105-1-1-0.05-50-0 1 2379 36 36 163 163 0.8162 0.8162 165 165
105-1-1-0.05-50-0 1 2379 40 34 83 36 0.9739 0.7448 104 168
105-1-1-0.05-50-0 1 2379 36 43 162 123 0.8162 0.8316 165 123
105-1-1-0.05-50-0 1 2379 36 36 162 162 0.8162 0.8162 165 165
105-1-1-0.05-50-0 1 2379 36 2 161 155 0.8162 0.8198 165 167
105-1-1-0.05-50-0 1 2379 36 26 161 131 0.8162 0.8171 165 141
105-1-1-0.05-50-0 1 2379 40 34 83 35 0.9739 0.7448 104 168
105-1-1-0.05-50-0 1 2379 36 26 161 130 0.8162 0.8171 165 141
105-1-1-0.05-50-0 1 2379 36 26 161 129 0.8162 0.8171 165 141
105-1-1-0.05-50-0 1 2380 40 15 85 16 0.9739 0.7918 104 149
105-1-1-0.05-50-0 1 2380 19 19 66 66 0.8072 0.8072 134 134
105-1-1-0.05-50-0 1 2380 14 19 96 65 0.8451 0.8072 105 134
105-1-1-0.05-50-0 1 2380 36 34 163 37 0.8162 0.7448 165 168
105-1-1-0.05-50-0 1 2380 36 2 163 155 0.8162 0.8198 165 167
105-1-1-0.05-50-0 1 2380 40 34 85 36 0.9739 0.7448 104 168
105-1-1-0.05-50-0 1 2380 14 7 96 85 0.8451 0.9267 105 106
105-1-1-0.05-50-0 1 2380 36 37 163 105 0.8162 0.8481 165 127
105-1-1-0.05-50-0 1 2380 19 34 64 35 0.8072 0.7448 134 168
105-1-1-0.05-50-0 1 2381 14 36 94 160 0.8451 0.8162 105 165
105-1-1-0.05-50-0 1 2381 14 2 94 158 0.8451 0.8198 105 167
105-1-1-0.05-50-0 1 2381 14 2 94 157 0.8451 0.8198 105 167
105-1-1-0.05-50-0 1 2381 36 36 159 159 0.8162 0.8162 165 165
105-1-1-0.05-50-0 1 2381 36 43 158 123 0.8162 0.8316 165 123
105-1-1-0.05-50-0 1 2381 36 36 158 158 0.8162 0.8162 165 165
105-1-1-0.05-50-0 1 2381 36 36 157 157 0.8162 0.8162 165 165
105-1-1-0.05-50-0 1 2382 36 37 163 101 0.8162 0.8481 165 127
105-1-1-0.05-50-0 1 2382 40 42 84 30 0.9739 0.7447 104 106
105-1-1-0.05-50-0 1 2382 40 42 84 29 0.9739 0.7447 104 106
105-1-1-0.05-50-0 1 2382 36 43 163 123 0.8162 0.8316 165 123
105-1-1-0.05-50-0 1 2382 19 34 64 38 0.8072 0.7448 134 168
105-1-1-0.05-50-0 1 2383 36 43 158 122 0.8162 0.8316 165 123
105-1-1-0.05-50-0 1 2383 14 37 92 101 0.8451 0.8481 105 127
105-1-1-0.05-50-0 1 2383 36 2 158 153 0.8162 0.8198 165 167
105-1-1-0.05-50-0 1 2384 36 36 154 154 0.8162 0.8162 165 165
105-1-1-0.05-50-0 1 2384 40 15 84 18 0.9739 0.7918 104 149
105-1-1-0.05-50-0 1 2384 40 15 84 17 0.9739 0.7918 104 149
105-1-1-0.05-50-0 1 2384 36 2 153 155 0.8162 0.8198 165 167
105-1-1-0.05-50-0 1 2384 36 36 153 153 0.8162 0.8162 165 165
105-1-1-0.05-50-0 1 2384 36 36 152 152 0.8162 0.8162 165 165
105-1-1-0.05-50-0 1 2384 36 43 151 120 0.8162 0.8316 165 123
105-1-1-0.05-50-0 1 2384 14 40 91 84 0.8451 0.9739 105 104
105-1-1-0.05-50-0 1 2384 36 36 151 151 0.8162 0.8162 165 165
105-1-1-0.05-50-0 1 2384 19 19 62 62 0.8072 0.8072 134 134
105-1-1-0.05-50-0 1 2384 36 19 150 61 0.8162 0.8072 165 134
105-1-1-0.05-50-0 1 2384 36 2 150 154 0.8162 0.8198 165 167
105-1-1-0.05-50-0 1 2384 36 34 150 35 0.8162 0.7448 165 168
105-1-1-0.05-50-0 1 2384 36 2 150 153 0.8162 0.8198 165 167
105-1-1-0.05-50-0 1 2384 14 37 91 100 0.8451 0.8481 105 127
105-1-1-0.05-50-0 1 2385 40 42 80 29 0.9739 0.7447 104 106
105-1-1-0.05-50-0 1 2385 36 26 149 137 0.8162 0.8171 165 141
105-1-1-0.05-50-0 1 2385 40 34 80 34 0.9739 0.7448 104 168
105-1-1-0.05-50-0 1 2385 36 43 149 123 0.8162 0.8316 165 123
105-1-1-0.05-50-0 1 2385 14 37 96 100 0.8451 0.8481 105 127
105-1-1-0.05-50-0 1 2385 14 13 96 133 0.8451 0.8878 105 151
105-1-1-0.05-50-0 1 2386 40 34 83 28 0.9739 0.7448 104 168
105-1-1-0.05-50-0 1 2386 40 34 83 27 0.9739 0.7448 104 168
105-1-1-0.05-50-0 1 2386 40 15 83 16 0.9739 0.7918 104 149
105-1-1-0.05-50-0 1 2386 14 15 98 15 0.8451 0.7918 105 149
105-1-1-0.05-50-0 1 2386 36 15 153 14 0.8162 0.7918 165 149
105-1-1-0.05-50-0 1 2386 40 42 83 29 0.9739 0.7447 104 106
105-1-1-0.05-50-0 1 2386 14 2 98 163 0.8451 0.8198 105 167
105-1-1-0.05-50-0 1 2386 40 34 83 26 0.9739 0.7448 104 168
105-1-1-0.05-50-0 1 2386 36 36 153 153 0.8162 0.8162 165 165
105-1-1-0.05-50-0 1 2386 19 42 62 28 0.8072 0.7447 134 106
105-1-1-0.05-50-0 1 2386 36 14 152 98 0.8162 0.8451 165 105
105-1-1-0.05-50-0 1 2387 19 19 65 65 0.8072 0.8072 134 134
105-1-1-0.05-50-0 1 2387 14 26 94 136 0.8451 0.8171 105 141
105-1-1-0.05-50-0 1 2387 36 37 156 100 0.8162 0.8481 165 127
105-1-1-0.05-50-0 1 2387 19 34 64 24 0.8072 0.7448 134 168
105-1-1-0.05-50-0 1 2387 36 36 156 156 0.8162 0.8162 165 165
105-1-1-0.05-50-0 1 2388 40 34 79 23 0.9739 0.7448 104 168
105-1-1-0.05-50-0 1 2388 36 37 161 95 0.8162 0.8481 165 127
105-1-1-0.05-50-0 1 2388 14 25 94 118 0.8451 0.9430 105 125
105-1-1-0.05-50-0 1 2388 36 14 161 94 0.8162 0.8451 165 105
105-1-1-0.05-50-0 1 2388 14 26 93 137 0.8451 0.8171 105 141
105-1-1-0.05-50-0 1 2388 19 42 63 26 0.8072 0.7447 134 106
105-1-1-0.05-50-0 1 2388 36 14 161 93 0.8162 0.8451 165 105
105-1-1-0.05-50-0 1 2388 40 15 79 11 0.9739 0.7918 104 149
105-1-1-0.05-50-0 1 2388 14 14 92 92 0.8451 0.8451 105 105
105-1-1-0.05-50-0 1 2389 14 20 92 101 0.8451 0.9922 105 102
105-1-1-0.05-50-0 1 2389 40 15 77 10 0.9739 0.7918 104 149
105-1-1-0.05-50-0 1 2389 36 14 162 92 0.8162 0.8451 165 105
105-1-1-0.05-50-0 1 2389 14 26 91 136 0.8451 0.8171 105 141
105-1-1-0.05-50-0 1 2389 14 25 91 116 0.8451 0.9430 105 125
105-1-1-0.05-50-0 1 2389 37 39 98 2 0.8481 0.2187 127 309
105-1-1-0.05-50-0 1 2390 2 30 161 1 0.8198 0.6008 167 266
105-1-1-0.05-50-0 1 2390 36 19 165 64 0.8162 0.8072 165 134
105-1-1-0.05-50-0 1 2390 40 42 80 27 0.9739 0.7447 104 106
105-1-1-0.05-50-0 1 2390 36 34 165 22 0.8162 0.7448 165 168
105-1-1-0.05-50-0 1 2390 36 26 165 134 0.8162 0.8171 165 141
105-1-1-0.05-50-0 1 2390 40 15 80 9 0.9739 0.7918 104 149
105-1-1-0.05-50-0 1 2391 36 37 164 96 0.8162 0.8481 165 127
105-1-1-0.05-50-0 1 2391 14 13 94 137 0.8451 0.8878 105 151
105-1-1-0.05-50-0 1 2391 14 13 94 136 0.8451 0.8878 105 151
105-1-1-0.05-50-0 1 2391 36 37 164 95 0.8162 0.8481 165 127
105-1-1-0.05-50-0 1 2391 36 43 164 123 0.8162 0.8316 165 123
105-1-1-0.05-50-0 1 2391 19 34 62 22 0.8072 0.7448 134 168
105-1-1-0.05-50-0 1 2391 19 19 62 62 0.8072 0.8072 134 134
105-1-1-0.05-50-0 1 2391 36 36 164 164 0.8162 0.8162 165 165
105-1-1-0.05-50-0 1 2391 36 43 163 122 0.8162 0.8316 165 123
105-1-1-0.05-50-0 1 2391 36 36 163 163 0.8162 0.8162 165 165
105-1-1-0.05-50-0 1 2392 36 2 160 159 0.8162 0.8198 165 167
105-1-1-0.05-50-0 1 2392 36 34 160 21 0.8162 0.7448 165 168
105-1-1-0.05-50-0 1 2392 19 19 64 64 0.8072 0.8072 134 134
105-1-1-0.05-50-0 1 2392 36 37 160 95 0.8162 0.8481 165 127
105-1-1-0.05-50-0 1 2392 19 42 63 27 0.8072 0.7447 134 106
105-1-1-0.05-50-0 1 2392 40 42 83 26 0.9739 0.7447 104 106
105-1-1-0.05-50-0 1 2392 14 2 96 158 0.8451 0.8198 105 167
105-1-1-0.05-50-0 1 2392 40 34 83 20 0.9739 0.7448 104 168
105-1-1-0.05-50-0 1 2393 14 36 94 163 0.8451 0.8162 105 165
105-1-1-0.05-50-0 1 2393 36 26 162 140 0.8162 0.8171 165 141
105-1-1-0.05-50-0 1 2393 19 34 63 20 0.8072 0.7448 134 168
105-1-1-0.05-50-0 1 2393 14 42 94 27 0.8451 0.7447 105 106
105-1-1-0.05-50-0 1 2393 40 42 83 26 0.9739 0.7447 104 106
105-1-1-0.05-50-0 1 2393 36 2 162 156 0.8162 0.8198 165 167
105-1-1-0.05-50-0 1 2393 19 19 63 63 0.8072 0.8072 134 134
105-1-1-0.05-50-0 1 2393 36 2 162 155 0.8162 0.8198 165 167
105-1-1-0.05-50-0 1 2393 36 43 162 121 0.8162 0.8316 165 123
105-1-1-0.05-50-0 1 2394 40 42 86 27 0.9739 0.7447 104 106
105-1-1-0.05-50-0 1 2394 36 36 160 160 0.8162 0.8162 165 165
105-1-1-0.05-50-0 1 2394 36 19 159 60 0.8162 0.8072 165 134
105-1-1-0.05-50-0 1 2394 14 19 90 59 0.8451 0.8072 105 134
105-1-1-0.05-50-0 1 2394 36 36 159 159 0.8162 0.8162 165 165
105-1-1-0.05-50-0 1 2394 14 36 90 158 0.8451 0.8162 105 165
105-1-1-0.05-50-0 1 2394 36 36 157 157 0.8162 0.8162 165 165
105-1-1-0.05-50-0 1 2395 19 19 57 57 0.8072 0.8072 134 134
105-1-1-0.05-50-0 1 2395 14 40 90 84 0.8451 0.9739 105 104
105-1-1-0.05-50-0 1 2395 36 15 159 11 0.8162 0.7918 165 149
105-1-1-0.05-50-0 1 2395 36 37 159 95 0.8162 0.8481 165 127
105-1-1-0.05-50-0 1 2395 40 34 83 22 0.9739 0.7448 104 168
105-1-1-0.05-50-0 1 2395 14 47 90 99 0.8451 0.9293 105 103
105-1-1-0.05-50-0 1 2395 19 19 56 56 0.8072 0.8072 134 134
105-1-1-0.05-50-0 1 2395 36 2 159 152 0.8162 0.8198 165 167
105-1-1-0.05-50-0 1 2395 40 34 83 21 0.9739 0.7448 104 168
105-1-1-0.05-50-0 1 2395 14 25 90 108 0.8451 0.9430 105 125
105-1-1-0.05-50-0 1 2395 36 2 159 151 0.8162 0.8198 165 167
105-1-1-0.05-50-0 1 2395 36 37 159 94 0.8162 0.8481 165 127
105-1-1-0.05-50-0 1 2395 14 26 90 140 0.8451 0.8171 105 141
105-1-1-0.05-50-0 1 2395 14 40 90 83 0.8451 0.9739 105 104
105-1-1-0.05-50-0 1 2396 14 25 88 112 0.8451 0.9430 105 125
105-1-1-0.05-50-0 1 2396 40 34 80 21 0.9739 0.7448 104 168
105-1-1-0.05-50-0 1 2396 36 43 161 123 0.8162 0.8316 165 123
105-1-1-0.05-50-0 1 2396 36 43 161 122 0.8162 0.8316 165 123
105-1-1-0.05-50-0 1 2396 14 13 88 134 0.8451 0.8878 105 151
105-1-1-0.05-50-0 1 2396 36 42 161 28 0.8162 0.7447 165 106
105-1-1-0.05-50-0 1 2396 40 42 80 27 0.9739 0.7447 104 106
105-1-1-0.05-50-0 1 2396 36 2 161 156 0.8162 0.8198 165 167
105-1-1-0.05-50-0 1 2397 40 15 79 10 0.9739 0.7918 104 149
105-1-1-0.05-50-0 1 2397 36 14 160 86 0.8162 0.8451 165 105
105-1-1-0.05-50-0 1 2397 40 34 79 21 0.9739 0.7448 104 168
105-1-1-0.05-50-0 1 2397 40 34 79 20 0.9739 0.7448 104 168
105-1-1-0.05-50-0 1 2397 19 42 53 25 0.8072 0.7447 134 106
105-1-1-0.05-50-0 1 2397 36 26 160 141 0.8162 0.8171 165 141
105-1-1-0.05-50-0 1 2397 14 36 85 160 0.8451 0.8162 105 165
105-1-1-0.05-50-0 1 2398 36 2 159 162 0.8162 0.8198 165 167
105-1-1-0.05-50-0 1 2398 41 4 105 2 0.9621 0.0723 105 351
105-1-1-0.05-50-0 1 2398 40 15 81 10 0.9739 0.7918 104 149
105-1-1-0.05-50-0 1 2398 14 25 81 113 0.8451 0.9430 105 125
105-1-1-0.05-50-0 1 2398 14 20 81 102 0.8451 0.9922 105 102
105-1-1-0.05-50-0 1 2398 36 36 159 159 0.8162 0.8162 165 165
105-1-1-0.05-50-0 1 2398 14 26 81 141 0.8451 0.8171 105 141
105-1-1-0.05-50-0 1 2398 2 44 161 1 0.8198 0.7034 167 118
105-1-1-0.05-50-0 1 2398 19 34 54 18 0.8072 0.7448 134 168
105-1-1-0.05-50-0 1 2398 37 39 89 1 0.8481 0.2187 127 309
105-1-1-0.05-50-0 1 2399 19 34 55 18 0.8072 0.7448 134 168
105-1-1-0.05-50-0 1 2399 14 13 83 134 0.8451 0.8878 105 151
105-1-1-0.05-50-0 1 2399 36 26 165 141 0.8162 0.8171 165 141
105-1-1-0.05-50-0 1 2399 40 34 82 17 0.9739 0.7448 104 168
105-1-1-0.05-50-0 1 2399 36 37 165 93 0.8162 0.8481 165 127
105-1-1-0.05-50-0 1 2399 19 42 55 26 0.8072 0.7447 134 106
105-1-1-0.05-50-0 1 2399 36 2 165 164 0.8162 0.8198 165 167
105-1-1-0.05-50-0 1 2400 37 18 89 1 0.8481 0.2181 127 226
105-1-1-0.05-50-0 1 2400 19 42 53 28 0.8072 0.7447 134 106
105-1-1-0.05-50-0 1 2400 36 26 165 139 0.8162 0.8171 165 141
105-1-1-0.05-50-0 1 2400 19 15 53 10 0.8072 0.7918 134 149
105-1-1-0.05-50-0 1 2400 19 19 53 53 0.8072 0.8072 134 134
105-1-1-0.05-50-0 1 2400 37 23 89 3 0.8481 0.1698 127 476
105-1-1-0.05-50-0 1 2400 40 42 81 27 0.9739 0.7447 104 106
105-1-1-0.05-50-0 1 2400 14 13 76 131 0.8451 0.8878 105 151
105-1-1-0.05-50-0 1 2400 36 2 165 161 0.8162 0.8198 165 167
105-1-1-0.05-50-0 1 2401 36 14 165 75 0.8162 0.8451 165 105
105-1-1-0.05-50-0 1 2401 14 47 74 93 0.8451 0.9293 105 103
105-1-1-0.05-50-0 1 2401 40 42 81 23 0.9739 0.7447 104 106
105-1-1-0.05-50-0 1 2402 14 2 74 167 0.8451 0.8198 105 167
105-1-1-0.05-50-0 1 2402 36 2 165 166 0.8162 0.8198 165 167
105-1-1-0.05-50-0 1 2402 41 4 99 1 0.9621 0.0723 105 351
105-1-1-0.05-50-0 1 2402 19 15 51 11 0.8072 0.7918 134 149
105-1-1-0.05-50-0 1 2402 19 19 51 51 0.8072 0.8072 134 134
105-1-1-0.05-50-0 1 2403 14 37 77 79 0.8451 0.8481 105 127
105-1-1-0.05-50-0 1 2403 36 26 165 137 0.8162 0.8171 165 141
105-1-1-0.05-50-0 1 2403 40 44 82 1 0.9739 0.7034 104 118
105-1-1-0.05-50-0 1 2403 20 17 102 1 0.9922 0.6398 102 197
105-1-1-0.05-50-0 1 2403 19 34 50 19 0.8072 0.7448 134 168
105-1-1-0.05-50-0 1 2403 19 19 50 50 0.8072 0.8072 134 134
105-1-1-0.05-50-0 1 2403 14 2 77 163 0.8451 0.8198 105 167
105-1-1-0.05-50-0 1 2403 36 36 165 165 0.8162 0.8162 165 165
105-1-1-0.05-50-0 1 2404 36 15 164 9 0.8162 0.7918 165 149
105-1-1-0.05-50-0 1 2404 36 19 164 47 0.8162 0.8072 165 134
105-1-1-0.05-50-0 1 2404 20 46 102 1 0.9922 0.3451 102 327
105-1-1-0.05-50-0 1 2404 36 37 164 81 0.8162 0.8481 165 127
105-1-1-0.05-50-0 1 2405 36 43 165 113 0.8162 0.8316 165 123
105-1-1-0.05-50-0 1 2405 19 19 44 44 0.8072 0.8072 134 134
105-1-1-0.05-50-0 1 2405 14 37 73 82 0.8451 0.8481 105 127
105-1-1-0.05-50-0 1 2406 19 19 43 43 0.8072 0.8072 134 134
105-1-1-0.05-50-0 1 2406 19 15 42 7 0.8072 0.7918 134 149
105-1-1-0.05-50-0 1 2406 14 40 74 83 0.8451 0.9739 105 104
105-1-1-0.05-50-0 1 2406 14 26 74 135 0.8451 0.8171 105 141
105-1-1-0.05-50-0 1 2406 36 37 163 83 0.8162 0.8481 165 127
105-1-1-0.05-50-0 1 2406 40 42 82 21 0.9739 0.7447 104 106
105-1-1-0.05-50-0 1 2407 36 15 159 7 0.8162 0.7918 165 149
105-1-1-0.05-50-0 1 2407 36 2 159 162 0.8162 0.8198 165 167
105-1-1-0.05-50-0 1 2407 40 42 81 22 0.9739 0.7447 104 106
105-1-1-0.05-50-0 1 2407 40 34 81 18 0.9739 0.7448 104 168
105-1-1-0.05-50-0 1 2407 37 12 77 1 0.8481 0.1896 127 325
105-1-1-0.05-50-0 1 2407 41 5 101 3 0.9621 0.0007 105 226
105-1-1-0.05-50-0 1 2407 14 47 71 94 0.8451 0.9293 105 103
105-1-1-0.05-50-0 1 2407 14 13 71 135 0.8451 0.8878 105 151
105-1-1-0.05-50-0 1 2407 36 36 159 159 0.8162 0.8162 165 165
105-1-1-0.05-50-0 1 2407 14 13 71 134 0.8451 0.8878 105 151
105-1-1-0.05-50-0 1 2408 40 42 82 21 0.9739 0.7447 104 106
105-1-1-0.05-50-0 1 2408 14 25 72 117 0.8451 0.9430 105 125
105-1-1-0.05-50-0 1 2408 40 15 82 8 0.9739 0.7918 104 149
105-1-1-0.05-50-0 1 2408 14 2 72 158 0.8451 0.8198 105 167
105-1-1-0.05-50-0 1 2408 36 26 148 130 0.8162 0.8171 165 141
105-1-1-0.05-50-0 1 2408 36 36 148 148 0.8162 0.8162 165 165
105-1-1-0.05-50-0 1 2409 19 34 41 18 0.8072 0.7448 134 168
105-1-1-0.05-50-0 1 2409 14 47 71 94 0.8451 0.9293 105 103
105-1-1-0.05-50-0 1 2409 19 34 41 17 0.8072 0.7448 134 168
105-1-1-0.05-50-0 1 2409 14 20 71 96 0.8451 0.9922 105 102
105-1-1-0.05-50-0 1 2409 19 19 41 41 0.8072 0.8072 134 134
105-1-1-0.05-50-0 1 2409 37 23 81 2 0.8481 0.1698 127 476
105-1-1-0.05-50-0 1 2409 19 42 40 23 0.8072 0.7447 134 106
105-1-1-0.05-50-0 1 2410 36 2 150 158 0.8162 0.8198 165 167
105-1-1-0.05-50-0 1 2410 14 25 70 118 0.8451 0.9430 105 125
105-1-1-0.05-50-0 1 2410 14 36 70 150 0.8451 0.8162 105 165
105-1-1-0.05-50-0 1 2411 36 2 151 154 0.8162 0.8198 165 167
105-1-1-0.05-50-0 1 2411 19 42 41 22 0.8072 0.7447 134 106
105-1-1-0.05-50-0 1 2411 36 43 151 123 0.8162 0.8316 165 123
105-1-1-0.05-50-0 1 2411 36 2 151 153 0.8162 0.8198 165 167
105-1-1-0.05-50-0 1 2411 41 5 105 1 0.9621 0.0007 105 226
105-1-1-0.05-50-0 1 2411 40 15 84 8 0.9739 0.7918 104 149
105-1-1-0.05-50-0 1 2411 14 37 75 80 0.8451 0.8481 105 127
105-1-1-0.05-50-0 1 2411 40 34 84 16 0.9739 0.7448 104 168
105-1-1-0.05-50-0 1 2412 40 15 82 7 0.9739 0.7918 104 149
105-1-1-0.05-50-0 1 2412 14 40 74 82 0.8451 0.9739 105 104
105-1-1-0.05-50-0 1 2412 36 36 154 154 0.8162 0.8162 165 165
105-1-1-0.05-50-0 1 2412 40 34 81 15 0.9739 0.7448 104 168
105-1-1-0.05-50-0 1 2412 40 42 81 20 0.9739 0.7447 104 106
105-1-1-0.05-50-0 1 2412 36 26 153 128 0.8162 0.8171 165 141
105-1-1-0.05-50-0 1 2412 40 34 81 14 0.9739 0.7448 104 168
105-1-1-0.05-50-0 1 2412 36 19 153 41 0.8162 0.8072 165 134
105-1-1-0.05-50-0 1 2412 40 42 81 19 0.9739 0.7447 104 106
105-1-1-0.05-50-0 1 2413 14 20 77 95 0.8451 0.9922 105 102
105-1-1-0.05-50-0 1 2413 36 2 156 153 0.8162 0.8198 165 167
105-1-1-0.05-50-0 1 2413 19 15 41 5 0.8072 0.7918 134 149
105-1-1-0.05-50-0 1 2413 25 35 122 1 0.9430 0.0354 125 158
105-1-1-0.05-50-0 1 2413 36 14 156 77 0.8162 0.8451 165 105
105-1-1-0.05-50-0 1 2414 40 42 79 18 0.9739 0.7447 104 106
105-1-1-0.05-50-0 1 2414 40 42 79 17 0.9739 0.7447 104 106
105-1-1-0.05-50-0 1 2414 36 37 158 76 0.8162 0.8481 165 127
105-1-1-0.05-50-0 1 2414 14 26 80 129 0.8451 0.8171 105 141
105-1-1-0.05-50-0 1 2414 40 42 79 16 0.9739 0.7447 104 106
105-1-1-0.05-50-0 1 2414 36 2 158 152 0.8162 0.8198 165 167
105-1-1-0.05-50-0 1 2414 40 15 79 4 0.9739 0.7918 104 149
105-1-1-0.05-50-0 1 2414 36 2 158 151 0.8162 0.8198 165 167
105-1-1-0.05-50-0 1 2415 40 34 75 12 0.9739 0.7448 104 168
105-1-1-0.05-50-0 1 2415 37 23 73 1 0.8481 0.1698 127 476
105-1-1-0.05-50-0 1 2415 19 15 43 3 0.8072 0.7918 134 149
105-1-1-0.05-50-0 1 2415 36 26 153 129 0.8162 0.8171 165 141
105-1-1-0.05-50-0 1 2415 14 25 82 121 0.8451 0.9430 105 125
105-1-1-0.05-50-0 1 2415 36 14 153 82 0.8162 0.8451 165 105
105-1-1-0.05-50-0 1 2416 36 26 155 130 0.8162 0.8171 165 141
105-1-1-0.05-50-0 1 2416 36 43 155 121 0.8162 0.8316 165 123
105-1-1-0.05-50-0 1 2416 36 36 155 155 0.8162 0.8162 165 165
105-1-1-0.05-50-0 1 2416 7 31 88 1 0.9267 0.5626 106 252
105-1-1-0.05-50-0 1 2416 36 14 154 76 0.8162 0.8451 165 105
105-1-1-0.05-50-0 1 2416 40 42 75 15 0.9739 0.7447 104 106
105-1-1-0.05-50-0 1 2416 14 41 75 96 0.8451 0.9621 105 105
105-1-1-0.05-50-0 1 2416 40 42 75 14 0.9739 0.7447 104 106
105-1-1-0.05-50-0 1 2417 36 26 154 123 0.8162 0.8171 165 141
105-1-1-0.05-50-0 1 2417 36 14 154 75 0.8162 0.8451 165 105
105-1-1-0.05-50-0 1 2417 36 36 154 154 0.8162 0.8162 165 165
105-1-1-0.05-50-0 1 2417 41 22 97 1 0.9621 0.0160 105 311
105-1-1-0.05-50-0 1 2417 36 19 153 48 0.8162 0.8072 165 134
105-1-1-0.05-50-0 1 2417 40 42 76 13 0.9739 0.7447 104 106
105-1-1-0.05-50-0 1 2418 36 37 153 77 0.8162 0.8481 165 127
105-1-1-0.05-50-0 1 2418 36 37 153 76 0.8162 0.8481 165 127
105-1-1-0.05-50-0 1 2418 36 14 153 74 0.8162 0.8451 165 105
105-1-1-0.05-50-0 1 2418 36 36 153 153 0.8162 0.8162 165 165
105-1-1-0.05-50-0 1 2418 41 22 98 1 0.9621 0.0160 105 311
105-1-1-0.05-50-0 1 2418 36 14 152 73 0.8162 0.8451 165 105
105-1-1-0.05-50-0 1 2418 40 15 75 2 0.9739 0.7918 104 149
105-1-1-0.05-50-0 1 2418 19 42 46 12 0.8072 0.7447 134 106
105-1-1-0.05-50-0 1 2419 19 19 50 50 0.8072 0.8072 134 134
105-1-1-0.05-50-0 1 2419 15 39 1 3 0.7918 0.2187 149 309
105-1-1-0.05-50-0 1 2419 19 42 49 11 0.8072 0.7447 134 106
105-1-1-0.05-50-0 1 2419 14 41 71 97 0.8451 0.9621 105 105
105-1-1-0.05-50-0 1 2420 36 36 162 162 0.8162 0.8162 165 165
105-1-1-0.05-50-0 1 2420 36 36 161 161 0.8162 0.8162 165 165
105-1-1-0.05-50-0 1 2420 14 25 72 125 0.8451 0.9430 105 125
105-1-1-0.05-50-0 1 2420 19 19 50 50 0.8072 0.8072 134 134
105-1-1-0.05-50-0 1 2420 36 2 160 146 0.8162 0.8198 165 167
105-1-1-0.05-50-0 1 2420 14 43 72 116 0.8451 0.8316 105 123
105-1-1-0.05-50-0 1 2420 19 19 49 49 0.8072 0.8072 134 134
105-1-1-0.05-50-0 1 2421 36 43 165 117 0.8162 0.8316 165 123
105-1-1-0.05-50-0 1 2421 19 19 43 43 0.8072 0.8072 134 134
105-1-1-0.05-50-0 1 2421 40 34 80 14 0.9739 0.7448 104 168
105-1-1-0.05-50-0 1 2421 36 36 165 165 0.8162 0.8162 165 165
105-1-1-0.05-50-0 1 2421 19 19 42 42 0.8072 0.8072 134 134
105-1-1-0.05-50-0 1 2421 37 39 74 2 0.8481 0.2187 127 309
105-1-1-0.05-50-0 1 2422 14 14 73 73 0.8451 0.8451 105 105
105-1-1-0.05-50-0 1 2422 14 40 72 79 0.8451 0.9739 105 104
105-1-1-0.05-50-0 1 2422 36 37 165 76 0.8162 0.8481 165 127
105-1-1-0.05-50-0 1 2422 19 19 42 42 0.8072 0.8072 134 134
105-1-1-0.05-50-0 1 2422 40 34 78 14 0.9739 0.7448 104 168
105-1-1-0.05-50-0 1 2422 14 25 72 125 0.8451 0.9430 105 125
105-1-1-0.05-50-0 1 2423 19 34 41 13 0.8072 0.7448 134 168
105-1-1-0.05-50-0 1 2423 36 2 161 149 0.8162 0.8198 165 167
105-1-1-0.05-50-0 1 2423 42 10 13 2 0.7447 0.2533 106 449
105-1-1-0.05-50-0 1 2423 36 2 161 148 0.8162 0.8198 165 167
105-1-1-0.05-50-0 1 2423 36 37 161 76 0.8162 0.8481 165 127
105-1-1-0.05-50-0 1 2423 40 34 72 12 0.9739 0.7448 104 168
105-1-1-0.05-50-0 1 2424 36 36 160 160 0.8162 0.8162 165 165
105-1-1-0.05-50-0 1 2424 36 14 159 71 0.8162 0.8451 165 105
105-1-1-0.05-50-0 1 2424 36 26 159 141 0.8162 0.8171 165 141
105-1-1-0.05-50-0 1 2424 19 19 40 40 0.8072 0.8072 134 134
105-1-1-0.05-50-0 1 2424 40 34 73 11 0.9739 0.7448 104 168
105-1-1-0.05-50-0 1 2424 26 28 140 2 0.8171 0.3846 141 311
105-1-1-0.05-50-0 1 2424 36 36 159 159 0.8162 0.8162 165 165
105-1-1-0.05-50-0 1 2424 14 26 70 140 0.8451 0.8171 105 141
105-1-1-0.05-50-0 1 2424 19 34 39 10 0.8072 0.7448 134 168
105-1-1-0.05-50-0 1 2425 14 20 72 100 0.8451 0.9922 105 102
105-1-1-0.05-50-0 1 2425 36 36 163 163 0.8162 0.8162 165 165
105-1-1-0.05-50-0 1 2425 40 34 74 9 0.9739 0.7448 104 168
105-1-1-0.05-50-0 1 2425 26 28 139 1 0.8171 0.3846 141 311
105-1-1-0.05-50-0 1 2425 40 34 74 8 0.9739 0.7448 104 168
105-1-1-0.05-50-0 1 2425 14 47 72 78 0.8451 0.9293 105 103
105-1-1-0.05-50-0 1 2425 14 43 72 116 0.8451 0.8316 105 123
105-1-1-0.05-50-0 1 2425 14 37 72 81 0.8451 0.8481 105 127
105-1-1-0.05-50-0 1 2425 36 26 162 139 0.8162 0.8171 165 141
105-1-1-0.05-50-0 1 2426 36 2 165 147 0.8162 0.8198 165 167
105-1-1-0.05-50-0 1 2426 36 43 165 113 0.8162 0.8316 165 123
105-1-1-0.05-50-0 1 2426 34 27 7 5 0.7448 0.0776 168 149
105-1-1-0.05-50-0 1 2426 40 42 73 12 0.9739 0.7447 104 106
105-1-1-0.05-50-0 1 2426 36 2 165 146 0.8162 0.8198 165 167
105-1-1-0.05-50-0 1 2426 36 26 165 141 0.8162 0.8171 165 141
105-1-1-0.05-50-0 1 2426 14 41 75 102 0.8451 0.9621 105 105
105-1-1-0.05-50-0 1 2426 40 42 73 11 0.9739 0.7447 104 106
105-1-1-0.05-50-0 1 2426 36 2 165 145 0.8162 0.8198 165 167
105-1-1-0.05-50-0 1 2427 14 43 75 115 0.8451 0.8316 105 123
105-1-1-0.05-50-0 1 2427 14 26 75 139 0.8451 0.8171 105 141
105-1-1-0.05-50-0 1 2427 36 43 164 114 0.8162 0.8316 165 123
105-1-1-0.05-50-0 1 2427 36 36 164 164 0.8162 0.8162 165 165
105-1-1-0.05-50-0 1 2427 19 19 46 46 0.8072 0.8072 134 134
105-1-1-0.05-50-0 1 2427 36 43 163 113 0.8162 0.8316 165 123
105-1-1-0.05-50-0 1 2427 14 36 75 163 0.8451 0.8162 105 165
105-1-1-0.05-50-0 1 2427 14 41 75 99 0.8451 0.9621 105 105
105-1-1-0.05-50-0 1 2428 2 6 148 1 0.8198 0.4266 167 249
105-1-1-0.05-50-0 1 2428 19 19 46 46 0.8072 0.8072 134 134
105-1-1-0.05-50-0 1 2428 36 36 161 161 0.8162 0.8162 165 165
105-1-1-0.05-50-0 1 2428 36 34 160 7 0.8162 0.7448 165 168
105-1-1-0.05-50-0 1 2428 19 19 45 45 0.8072 0.8072 134 134
105-1-1-0.05-50-0 1 2429 36 42 162 11 0.8162 0.7447 165 106
105-1-1-0.05-50-0 1 2429 36 26 162 140 0.8162 0.8171 165 141
105-1-1-0.05-50-0 1 2429 36 14 162 80 0.8162 0.8451 165 105
105-1-1-0.05-50-0 1 2429 36 2 162 147 0.8162 0.8198 165 167
105-1-1-0.05-50-0 1 2429 14 20 79 100 0.8451 0.9922 105 102
105-1-1-0.05-50-0 1 2429 19 19 42 42 0.8072 0.8072 134 134
105-1-1-0.05-50-0 1 2429 36 26 162 139 0.8162 0.8171 165 141
105-1-1-0.05-50-0 1 2429 19 19 41 41 0.8072 0.8072 134 134
105-1-1-0.05-50-0 1 2429 19 19 40 40 0.8072 0.8072 134 134
105-1-1-0.05-50-0 1 2429 37 49 75 1 0.8481 0.1842 127 136
105-1-1-0.05-50-0 1 2430 42 10 10 1 0.7447 0.2533 106 449
105-1-1-0.05-50-0 1 2430 37 39 75 1 0.8481 0.2187 127 309
105-1-1-0.05-50-0 1 2430 36 43 165 109 0.8162 0.8316 165 123
105-1-1-0.05-50-0 1 2430 36 14 165 82 0.8162 0.8451 165 105
105-1-1-0.05-50-0 1 2430 14 26 81 141 0.8451 0.8171 105 141
105-1-1-0.05-50-0 1 2430 15 8 2 3 0.7918 0.2506 149 303
105-1-1-0.05-50-0 1 2431 14 43 81 106 0.8451 0.8316 105 123
105-1-1-0.05-50-0 1 2431 14 26 81 141 0.8451 0.8171 105 141
105-1-1-0.05-50-0 1 2431 36 43 165 105 0.8162 0.8316 165 123
105-1-1-0.05-50-0 1 2431 36 26 165 140 0.8162 0.8171 165 141
105-1-1-0.05-50-0 1 2431 36 36 165 165 0.8162 0.8162 165 165
105-1-1-0.05-50-0 1 2431 41 11 95 1 0.9621 0.0504 105 384
105-1-1-0.05-50-0 1 2431 36 15 164 2 0.8162 0.7918 165 149
105-1-1-0.05-50-0 1 2431 36 2 164 145 0.8162 0.8198 165 167
105-1-1-0.05-50-0 1 2431 19 19 43 43 0.8072 0.8072 134 134
105-1-1-0.05-50-0 1 2431 36 2 164 144 0.8162 0.8198 165 167
105-1-1-0.05-50-0 1 2432 36 2 164 146 0.8162 0.8198 165 167
105-1-1-0.05-50-0 1 2432 19 19 42 42 0.8072 0.8072 134 134
105-1-1-0.05-50-0 1 2432 14 2 78 145 0.8451 0.8198 105 167
105-1-1-0.05-50-0 1 2432 14 36 78 164 0.8451 0.8162 105 165
105-1-1-0.05-50-0 1 2432 36 43 163 105 0.8162 0.8316 165 123
105-1-1-0.05-50-0 1 2432 40 42 73 10 0.9739 0.7447 104 106
105-1-1-0.05-50-0 1 2433 36 26 162 139 0.8162 0.8171 165 141
105-1-1-0.05-50-0 1 2433 36 42 162 10 0.8162 0.7447 165 106
105-1-1-0.05-50-0 1 2433 36 26 162 138 0.8162 0.8171 165 141
105-1-1-0.05-50-0 1 2433 14 26 81 137 0.8451 0.8171 105 141
105-1-1-0.05-50-0 1 2433 43 24 105 1 0.8316 0.1940 123 254
105-1-1-0.05-50-0 1 2434 36 37 163 76 0.8162 0.8481 165 127
105-1-1-0.05-50-0 1 2434 36 19 163 41 0.8162 0.8072 165 134
105-1-1-0.05-50-0 1 2434 36 14 163 80 0.8162 0.8451 165 105
105-1-1-0.05-50-0 1 2434 36 36 163 163 0.8162 0.8162 165 165
105-1-1-0.05-50-0 1 2434 19 19 40 40 0.8072 0.8072 134 134
105-1-1-0.05-50-0 1 2434 36 37 162 75 0.8162 0.8481 165 127
105-1-1-0.05-50-0 1 2434 40 34 71 5 0.9739 0.7448 104 168
105-1-1-0.05-50-0 1 2435 14 2 79 147 0.8451 0.8198 105 167
105-1-1-0.05-50-0 1 2435 14 37 79 82 0.8451 0.8481 105 127
105-1-1-0.05-50-0 1 2435 36 37 160 81 0.8162 0.8481 165 127
105-1-1-0.05-50-0 1 2435 36 26 160 136 0.8162 0.8171 165 141
105-1-1-0.05-50-0 1 2435 36 43 160 103 0.8162 0.8316 165 123
105-1-1-0.05-50-0 1 2435 19 19 37 37 0.8072 0.8072 134 134
105-1-1-0.05-50-0 1 2436 19 34 38 4 0.8072 0.7448 134 168
105-1-1-0.05-50-0 1 2436 19 19 38 38 0.8072 0.8072 134 134
105-1-1-0.05-50-0 1 2436 36 43 162 109 0.8162 0.8316 165 123
105-1-1-0.05-50-0 1 2436 36 43 162 108 0.8162 0.8316 165 123
105-1-1-0.05-50-0 1 2436 36 43 162 107 0.8162 0.8316 165 123
105-1-1-0.05-50-0 1 2436 36 36 162 162 0.8162 0.8162 165 165
105-1-1-0.05-50-0 1 2436 36 36 161 161 0.8162 0.8162 165 165
105-1-1-0.05-50-0 1 2437 36 37 162 84 0.8162 0.8481 165 127
105-1-1-0.05-50-0 1 2437 36 19 162 35 0.8162 0.8072 165 134
105-1-1-0.05-50-0 1 2437 14 13 81 126 0.8451 0.8878 105 151
105-1-1-0.05-50-0 1 2437 20 44 101 1 0.9922 0.7034 102 118
105-1-1-0.05-50-0 1 2437 40 34 65 4 0.9739 0.7448 104 168
105-1-1-0.05-50-0 1 2437 34 27 3 6 0.7448 0.0776 168 149
105-1-1-0.05-50-0 1 2437 37 23 83 3 0.8481 0.1698 127 476
105-1-1-0.05-50-0 1 2437 36 36 162 162 0.8162 0.8162 165 165
105-1-1-0.05-50-0 1 2437 36 36 161 161 0.8162 0.8162 165 165
105-1-1-0.05-50-0 1 2437 14 13 81 125 0.8451 0.8878 105 151
105-1-1-0.05-50-0 1 2437 19 19 34 34 0.8072 0.8072 134 134
105-1-1-0.05-50-0 1 2438 14 14 81 81 0.8451 0.8451 105 105
105-1-1-0.05-50-0 1 2438 19 42 34 9 0.8072 0.7447 134 106
105-1-1-0.05-50-0 1 2438 36 26 164 134 0.8162 0.8171 165 141
105-1-1-0.05-50-0 1 2438 14 14 80 80 0.8451 0.8451 105 105
105-1-1-0.05-50-0 1 2438 19 42 34 8 0.8072 0.7447 134 106
105-1-1-0.05-50-0 1 2438 2 9 146 1 0.8198 0.6134 167 161
105-1-1-0.05-50-0 1 2438 14 36 79 164 0.8451 0.8162 105 165
105-1-1-0.05-50-0 1 2438 14 25 79 124 0.8451 0.9430 105 125
105-1-1-0.05-50-0 1 2439 40 15 69 1 0.9739 0.7918 104 149
105-1-1-0.05-50-0 1 2439 2 38 146 1 0.8198 0.6163 167 270
105-1-1-0.05-50-0 1 2439 14 13 78 125 0.8451 0.8878 105 151
105-1-1-0.05-50-0 1 2439 14 41 78 102 0.8451 0.9621 105 105
105-1-1-0.05-50-0 1 2439 36 2 165 146 0.8162 0.8198 165 167
105-1-1-0.05-50-0 1 2439 14 26 78 131 0.8451 0.8171 105 141
105-1-1-0.05-50-0 1 2440 40 42 70 7 0.9739 0.7447 104 106
105-1-1-0.05-50-0 1 2440 14 43 76 108 0.8451 0.8316 105 123
105-1-1-0.05-50-0 1 2440 14 26 76 131 0.8451 0.8171 105 141
105-1-1-0.05-50-0 1 2440 14 37 76 83 0.8451 0.8481 105 127
105-1-1-0.05-50-0 1 2440 36 2 165 147 0.8162 0.8198 165 167
105-1-1-0.05-50-0 1 2441 36 43 164 108 0.8162 0.8316 165 123
105-1-1-0.05-50-0 1 2441 37 48 76 1 0.8481 0.1153 127 334
105-1-1-0.05-50-0 1 2441 14 41 72 105 0.8451 0.9621 105 105
105-1-1-0.05-50-0 1 2441 36 2 164 147 0.8162 0.8198 165 167
105-1-1-0.05-50-0 1 2441 14 36 72 164 0.8451 0.8162 105 165
105-1-1-0.05-50-0 1 2441 36 2 163 146 0.8162 0.8198 165 167
105-1-1-0.05-50-0 1 2441 19 19 33 33 0.8072 0.8072 134 134
105-1-1-0.05-50-0 1 2441 36 19 163 32 0.8162 0.8072 165 134
105-1-1-0.05-50-0 1 2441 36 43 163 107 0.8162 0.8316 165 123
105-1-1-0.05-50-0 1 2442 36 36 164 164 0.8162 0.8162 165 165
105-1-1-0.05-50-0 1 2442 19 42 30 7 0.8072 0.7447 134 106
105-1-1-0.05-50-0 1 2442 40 42 79 6 0.9739 0.7447 104 106
105-1-1-0.05-50-0 1 2442 36 36 163 163 0.8162 0.8162 165 165
105-1-1-0.05-50-0 1 2442 14 40 75 79 0.8451 0.9739 105 104
105-1-1-0.05-50-0 1 2443 36 36 158 158 0.8162 0.8162 165 165
105-1-1-0.05-50-0 1 2443 36 37 157 76 0.8162 0.8481 165 127
105-1-1-0.05-50-0 1 2443 19 19 29 29 0.8072 0.8072 134 134
105-1-1-0.05-50-0 1 2443 36 43 157 109 0.8162 0.8316 165 123
105-1-1-0.05-50-0 1 2443 40 42 78 5 0.9739 0.7447 104 106
105-1-1-0.05-50-0 1 2444 14 13 79 130 0.8451 0.8878 105 151
105-1-1-0.05-50-0 1 2444 36 36 163 163 0.8162 0.8162 165 165
105-1-1-0.05-50-0 1 2444 36 36 162 162 0.8162 0.8162 165 165
105-1-1-0.05-50-0 1 2444 14 20 79 100 0.8451 0.9922 105 102
105-1-1-0.05-50-0 1 2444 36 26 161 124 0.8162 0.8171 165 141
105-1-1-0.05-50-0 1 2444 19 19 29 29 0.8072 0.8072 134 134
105-1-1-0.05-50-0 1 2445 36 37 156 74 0.8162 0.8481 165 127
105-1-1-0.05-50-0 1 2445 14 26 77 122 0.8451 0.8171 105 141
105-1-1-0.05-50-0 1 2445 41 5 105 1 0.9621 0.0007 105 226
105-1-1-0.05-50-0 1 2445 36 14 156 77 0.8162 0.8451 165 105
105-1-1-0.05-50-0 1 2445 36 2 156 151 0.8162 0.8198 165 167
105-1-1-0.05-50-0 1 2445 14 25 76 125 0.8451 0.9430 105 125
105-1-1-0.05-50-0 1 2446 36 37 156 72 0.8162 0.8481 165 127
105-1-1-0.05-50-0 1 2446 19 19 27 27 0.8072 0.8072 134 134
105-1-1-0.05-50-0 1 2446 36 14 156 77 0.8162 0.8451 165 105
105-1-1-0.05-50-0 1 2446 36 36 156 156 0.8162 0.8162 165 165
105-1-1-0.05-50-0 1 2446 36 19 155 26 0.8162 0.8072 165 134
105-1-1-0.05-50-0 1 2446 36 26 155 118 0.8162 0.8171 165 141
105-1-1-0.05-50-0 1 2446 14 26 76 117 0.8451 0.8171 105 141
105-1-1-0.05-50-0 1 2446 19 19 25 25 0.8072 0.8072 134 134
105-1-1-0.05-50-0 1 2446 36 37 155 71 0.8162 0.8481 165 127
105-1-1-0.05-50-0 1 2447 14 14 75 75 0.8451 0.8451 105 105
105-1-1-0.05-50-0 1 2447 36 26 160 121 0.8162 0.8171 165 141
105-1-1-0.05-50-0 1 2447 14 13 74 134 0.8451 0.8878 105 151
105-1-1-0.05-50-0 1 2447 37 23 75 2 0.8481 0.1698 127 476
105-1-1-0.05-50-0 1 2447 36 43 160 118 0.8162 0.8316 165 123
105-1-1-0.05-50-0 1 2448 14 7 75 99 0.8451 0.9267 105 106
105-1-1-0.05-50-0 1 2448 14 36 75 161 0.8451 0.8162 105 165
105-1-1-0.05-50-0 1 2448 36 2 160 151 0.8162 0.8198 165 167
105-1-1-0.05-50-0 1 2448 36 37 160 77 0.8162 0.8481 165 127
105-1-1-0.05-50-0 1 2448 36 2 160 150 0.8162 0.8198 165 167
105-1-1-0.05-50-0 1 2448 19 19 22 22 0.8072 0.8072 134 134
105-1-1-0.05-50-0 1 2448 14 43 75 118 0.8451 0.8316 105 123
105-1-1-0.05-50-0 1 2449 36 43 165 120 0.8162 0.8316 165 123
105-1-1-0.05-50-0 1 2449 2 17 150 1 0.8198 0.6398 167 197
105-1-1-0.05-50-0 1 2449 36 43 165 119 0.8162 0.8316 165 123
105-1-1-0.05-50-0 1 2449 40 42 88 6 0.9739 0.7447 104 106
105-1-1-0.05-50-0 1 2449 36 36 165 165 0.8162 0.8162 165 165
105-1-1-0.05-50-0 1 2450 36 2 165 147 0.8162 0.8198 165 167
105-1-1-0.05-50-0 1 2450 36 2 165 146 0.8162 0.8198 165 167
105-1-1-0.05-50-0 1 2450 20 32 102 1 0.9922 0.6514 102 215
105-1-1-0.05-50-0 1 2450 37 23 76 1 0.8481 0.1698 127 476
105-1-1-0.05-50-0 1 2451 14 2 77 145 0.8451 0.8198 105 167
105-1-1-0.05-50-0 1 2451 36 43 165 123 0.8162 0.8316 165 123
105-1-1-0.05-50-0 1 2451 14 2 77 144 0.8451 0.8198 105 167
105-1-1-0.05-50-0 1 2451 36 43 165 122 0.8162 0.8316 165 123
105-1-1-0.05-50-0 1 2451 36 26 165 127 0.8162 0.8171 165 141
105-1-1-0.05-50-0 1 2452 40 42 85 5 0.9739 0.7447 104 106
105-1-1-0.05-50-0 1 2452 19 19 21 21 0.8072 0.8072 134 134
105-1-1-0.05-50-0 1 2452 36 14 165 71 0.8162 0.8451 165 105
105-1-1-0.05-50-0 1 2452 36 14 165 70 0.8162 0.8451 165 105
105-1-1-0.05-50-0 1 2452 14 13 69 130 0.8451 0.8878 105 151
105-1-1-0.05-50-0 1 2452 43 24 121 1 0.8316 0.1940 123 254
105-1-1-0.05-50-0 1 2452 14 13 69 129 0.8451 0.8878 105 151
105-1-1-0.05-50-0 1 2453 36 43 165 121 0.8162 0.8316 165 123
105-1-1-0.05-50-0 1 2453 14 14 68 68 0.8451 0.8451 105 105
105-1-1-0.05-50-0 1 2453 36 2 165 144 0.8162 0.8198 165 167
105-1-1-0.05-50-0 1 2453 36 14 165 67 0.8162 0.8451 165 105
105-1-1-0.05-50-0 1 2453 14 43 66 120 0.8451 0.8316 105 123
105-1-1-0.05-50-0 1 2453 40 42 87 4 0.9739 0.7447 104 106
105-1-1-0.05-50-0 1 2454 41 22 101 1 0.9621 0.0160 105 311
105-1-1-0.05-50-0 1 2454 36 2 165 142 0.8162 0.8198 165 167
105-1-1-0.05-50-0 1 2454 36 37 165 75 0.8162 0.8481 165 127
105-1-1-0.05-50-0 1 2454 36 37 165 74 0.8162 0.8481 165 127
105-1-1-0.05-50-0 1 2454 14 20 65 97 0.8451 0.9922 105 102
105-1-1-0.05-50-0 1 2454 36 2 165 141 0.8162 0.8198 165 167
105-1-1-0.05-50-0 1 2454 36 43 165 120 0.8162 0.8316 165 123
105-1-1-0.05-50-0 1 2454 40 42 85 3 0.9739 0.7447 104 106
105-1-1-0.05-50-0 1 2455 36 19 165 17 0.8162 0.8072 165 134
105-1-1-0.05-50-0 1 2455 36 36 165 165 0.8162 0.8162 165 165
105-1-1-0.05-50-0 1 2455 36 14 164 64 0.8162 0.8451 165 105
105-1-1-0.05-50-0 1 2455 36 43 164 119 0.8162 0.8316 165 123
105-1-1-0.05-50-0 1 2455 14 2 63 141 0.8451 0.8198 105 167
105-1-1-0.05-50-0 1 2455 14 36 63 164 0.8451 0.8162 105 165
105-1-1-0.05-50-0 1 2455 14 20 63 102 0.8451 0.9922 105 102
105-1-1-0.05-50-0 1 2456 36 26 164 126 0.8162 0.8171 165 141
105-1-1-0.05-50-0 1 2456 37 18 73 2 0.8481 0.2181 127 226
105-1-1-0.05-50-0 1 2456 36 37 164 73 0.8162 0.8481 165 127
105-1-1-0.05-50-0 1 2456 36 2 164 140 0.8162 0.8198 165 167
105-1-1-0.05-50-0 1 2456 14 26 64 125 0.8451 0.8171 105 141
105-1-1-0.05-50-0 1 2456 36 14 164 64 0.8162 0.8451 165 105
105-1-1-0.05-50-0 1 2456 36 2 164 139 0.8162 0.8198 165 167
105-1-1-0.05-50-0 1 2456 14 40 63 81 0.8451 0.9739 105 104
105-1-1-0.05-50-0 1 2457 36 14 165 61 0.8162 0.8451 165 105
105-1-1-0.05-50-0 1 2457 14 13 60 123 0.8451 0.8878 105 151
105-1-1-0.05-50-0 1 2457 14 40 60 80 0.8451 0.9739 105 104
105-1-1-0.05-50-0 1 2457 36 26 165 125 0.8162 0.8171 165 141
105-1-1-0.05-50-0 1 2457 14 25 60 115 0.8451 0.9430 105 125
105-1-1-0.05-50-0 1 2457 37 18 69 1 0.8481 0.2181 127 226
105-1-1-0.05-50-0 1 2458 36 43 158 121 0.8162 0.8316 165 123
105-1-1-0.05-50-0 1 2458 41 5 105 2 0.9621 0.0007 105 226
105-1-1-0.05-50-0 1 2458 36 26 158 127 0.8162 0.8171 165 141
105-1-1-0.05-50-0 1 2459 41 5 105 1 0.9621 0.0007 105 226
105-1-1-0.05-50-0 1 2459 36 43 156 121 0.8162 0.8316 165 123
105-1-1-0.05-50-0 1 2459 36 2 156 142 0.8162 0.8198 165 167
105-1-1-0.05-50-0 1 2459 36 37 156 66 0.8162 0.8481 165 127
105-1-1-0.05-50-0 1 2459 36 36 156 156 0.8162 0.8162 165 165
105-1-1-0.05-50-0 1 2459 36 36 155 155 0.8162 0.8162 165 165
105-1-1-0.05-50-0 1 2459 36 14 154 61 0.8162 0.8451 165 105
105-1-1-0.05-50-0 1 2459 36 43 154 120 0.8162 0.8316 165 123
105-1-1-0.05-50-0 1 2460 19 19 18 18 0.8072 0.8072 134 134
105-1-1-0.05-50-0 1 2460 14 41 58 105 0.8451 0.9621 105 105
105-1-1-0.05-50-0 1 2460 36 43 158 116 0.8162 0.8316 165 123
105-1-1-0.05-50-0 1 2460 36 43 158 115 0.8162 0.8316 165 123
105-1-1-0.05-50-0 1 2460 36 36 158 158 0.8162 0.8162 165 165
105-1-1-0.05-50-0 1 2460 36 36 157 157 0.8162 0.8162 165 165
105-1-1-0.05-50-0 1 2460 36 2 156 141 0.8162 0.8198 165 167
105-1-1-0.05-50-0 1 2460 36 2 156 140 0.8162 0.8198 165 167
105-1-1-0.05-50-0 1 2461 36 26 151 132 0.8162 0.8171 165 141
105-1-1-0.05-50-0 1 2461 36 36 151 151 0.8162 0.8162 165 165
105-1-1-0.05-50-0 1 2462 20 28 101 1 0.9922 0.3846 102 311
105-1-1-0.05-50-0 1 2462 40 42 80 2 0.9739 0.7447 104 106
105-1-1-0.05-50-0 1 2462 19 19 18 18 0.8072 0.8072 134 134
105-1-1-0.05-50-0 1 2463 19 19 19 19 0.8072 0.8072 134 134
105-1-1-0.05-50-0 1 2463 36 19 143 18 0.8162 0.8072 165 134
105-1-1-0.05-50-0 1 2463 36 26 143 132 0.8162 0.8171 165 141
105-1-1-0.05-50-0 1 2464 14 41 57 100 0.8451 0.9621 105 105
105-1-1-0.05-50-0 1 2464 36 2 145 142 0.8162 0.8198 165 167
105-1-1-0.05-50-0 1 2464 14 20 57 102 0.8451 0.9922 105 102
105-1-1-0.05-50-0 1 2464 36 36 145 145 0.8162 0.8162 165 165
105-1-1-0.05-50-0 1 2465 37 50 63 1 0.8481 0.2147 127 147
105-1-1-0.05-50-0 1 2465 14 26 55 141 0.8451 0.8171 105 141
105-1-1-0.05-50-0 1 2465 36 26 147 140 0.8162 0.8171 165 141
105-1-1-0.05-50-0 1 2465 36 2 147 141 0.8162 0.8198 165 167
105-1-1-0.05-50-0 1 2466 36 26 153 136 0.8162 0.8171 165 141
105-1-1-0.05-50-0 1 2466 14 36 56 153 0.8451 0.8162 105 165
105-1-1-0.05-50-0 1 2466 36 2 152 141 0.8162 0.8198 165 167
105-1-1-0.05-50-0 1 2466 14 26 56 135 0.8451 0.8171 105 141
105-1-1-0.05-50-0 1 2466 36 36 152 152 0.8162 0.8162 165 165
105-1-1-0.05-50-0 1 2466 14 20 56 102 0.8451 0.9922 105 102
105-1-1-0.05-50-0 1 2466 36 36 151 151 0.8162 0.8162 165 165
105-1-1-0.05-50-0 1 2466 19 19 14 14 0.8072 0.8072 134 134
105-1-1-0.05-50-0 1 2467 36 43 152 115 0.8162 0.8316 165 123
105-1-1-0.05-50-0 1 2467 36 43 152 114 0.8162 0.8316 165 123
105-1-1-0.05-50-0 1 2467 37 24 67 1 0.8481 0.1940 127 254
105-1-1-0.05-50-0 1 2467 36 26 152 136 0.8162 0.8171 165 141
105-1-1-0.05-50-0 1 2467 36 36 152 152 0.8162 0.8162 165 165
105-1-1-0.05-50-0 1 2467 36 36 151 151 0.8162 0.8162 165 165
105-1-1-0.05-50-0 1 2467 40 42 89 1 0.9739 0.7447 104 106
105-1-1-0.05-50-0 1 2467 36 2 150 139 0.8162 0.8198 165 167
105-1-1-0.05-50-0 1 2468 36 2 151 138 0.8162 0.8198 165 167
105-1-1-0.05-50-0 1 2468 36 19 151 14 0.8162 0.8072 165 134
105-1-1-0.05-50-0 1 2468 14 43 57 115 0.8451 0.8316 105 123
105-1-1-0.05-50-0 1 2468 36 43 151 114 0.8162 0.8316 165 123
105-1-1-0.05-50-0 1 2469 14 7 55 101 0.8451 0.9267 105 106
105-1-1-0.05-50-0 1 2469 36 26 151 136 0.8162 0.8171 165 141
105-1-1-0.05-50-0 1 2470 36 43 152 117 0.8162 0.8316 165 123
105-1-1-0.05-50-0 1 2470 36 43 152 116 0.8162 0.8316 165 123
105-1-1-0.05-50-0 1 2470 36 2 152 140 0.8162 0.8198 165 167
105-1-1-0.05-50-0 1 2470 14 2 54 139 0.8451 0.8198 105 167
105-1-1-0.05-50-0 1 2470 36 19 152 17 0.8162 0.8072 165 134
105-1-1-0.05-50-0 1 2470 14 20 54 102 0.8451 0.9922 105 102
105-1-1-0.05-50-0 1 2470 36 2 152 138 0.8162 0.8198 165 167
105-1-1-0.05-50-0 1 2470 36 26 152 136 0.8162 0.8171 165 141
105-1-1-0.05-50-0 1 2471 36 36 156 156 0.8162 0.8162 165 165
105-1-1-0.05-50-0 1 2471 36 36 155 155 0.8162 0.8162 165 165
105-1-1-0.05-50-0 1 2471 36 2 154 141 0.8162 0.8198 165 167
105-1-1-0.05-50-0 1 2471 14 13 53 122 0.8451 0.8878 105 151
105-1-1-0.05-50-0 1 2472 36 37 157 67 0.8162 0.8481 165 127
105-1-1-0.05-50-0 1 2472 19 19 17 17 0.8072 0.8072 134 134
105-1-1-0.05-50-0 1 2472 19 19 16 16 0.8072 0.8072 134 134
105-1-1-0.05-50-0 1 2472 36 26 157 130 0.8162 0.8171 165 141
105-1-1-0.05-50-0 1 2472 36 14 157 53 0.8162 0.8451 165 105
105-1-1-0.05-50-0 1 2472 36 26 157 129 0.8162 0.8171 165 141
105-1-1-0.05-50-0 1 2473 36 19 154 15 0.8162 0.8072 165 134
105-1-1-0.05-50-0 1 2473 40 28 88 1 0.9739 0.3846 104 311
105-1-1-0.05-50-0 1 2473 19 19 14 14 0.8072 0.8072 134 134
105-1-1-0.05-50-0 1 2473 14 13 51 121 0.8451 0.8878 105 151
105-1-1-0.05-50-0 1 2473 36 2 154 135 0.8162 0.8198 165 167
105-1-1-0.05-50-0 1 2473 36 2 154 134 0.8162 0.8198 165 167
105-1-1-0.05-50-0 1 2473 36 37 154 68 0.8162 0.8481 165 127
105-1-1-0.05-50-0 1 2474 36 36 151 151 0.8162 0.8162 165 165
105-1-1-0.05-50-0 1 2474 14 20 54 102 0.8451 0.9922 105 102
105-1-1-0.05-50-0 1 2474 41 5 103 1 0.9621 0.0007 105 226
105-1-1-0.05-50-0 1 2474 14 25 54 125 0.8451 0.9430 105 125
105-1-1-0.05-50-0 1 2474 36 43 150 117 0.8162 0.8316 165 123
105-1-1-0.05-50-0 1 2475 36 37 153 68 0.8162 0.8481 165 127
105-1-1-0.05-50-0 1 2475 14 36 57 153 0.8451 0.8162 105 165
105-1-1-0.05-50-0 1 2475 14 41 57 103 0.8451 0.9621 105 105
105-1-1-0.05-50-0 1 2475 14 25 57 123 0.8451 0.9430 105 125
105-1-1-0.05-50-0 1 2475 36 26 152 140 0.8162 0.8171 165 141
105-1-1-0.05-50-0 1 2476 14 43 56 115 0.8451 0.8316 105 123
105-1-1-0.05-50-0 1 2476 36 14 155 56 0.8162 0.8451 165 105
105-1-1-0.05-50-0 1 2476 36 14 155 55 0.8162 0.8451 165 105
105-1-1-0.05-50-0 1 2476 14 41 54 102 0.8451 0.9621 105 105
105-1-1-0.05-50-0 1 2476 36 43 155 114 0.8162 0.8316 165 123
105-1-1-0.05-50-0 1 2477 36 2 159 138 0.8162 0.8198 165 167
105-1-1-0.05-50-0 1 2477 14 37 55 70 0.8451 0.8481 105 127
105-1-1-0.05-50-0 1 2477 14 36 55 159 0.8451 0.8162 105 165
105-1-1-0.05-50-0 1 2477 36 26 158 137 0.8162 0.8171 165 141
105-1-1-0.05-50-0 1 2477 14 36 55 158 0.8451 0.8162 105 165
105-1-1-0.05-50-0 1 2478 20 31 96 1 0.9922 0.5626 102 252
105-1-1-0.05-50-0 1 2478 20 28 96 1 0.9922 0.3846 102 311
105-1-1-0.05-50-0 1 2478 36 43 159 116 0.8162 0.8316 165 123
105-1-1-0.05-50-0 1 2478 36 19 159 16 0.8162 0.8072 165 134
105-1-1-0.05-50-0 1 2478 14 43 58 115 0.8451 0.8316 105 123
105-1-1-0.05-50-0 1 2478 14 13 58 130 0.8451 0.8878 105 151
105-1-1-0.05-50-0 1 2479 14 37 57 74 0.8451 0.8481 105 127
105-1-1-0.05-50-0 1 2479 36 36 162 162 0.8162 0.8162 165 165
105-1-1-0.05-50-0 1 2479 36 36 161 161 0.8162 0.8162 165 165
105-1-1-0.05-50-0 1 2479 36 26 160 141 0.8162 0.8171 165 141
105-1-1-0.05-50-0 1 2479 14 40 57 86 0.8451 0.9739 105 104
105-1-1-0.05-50-0 1 2479 36 43 160 107 0.8162 0.8316 165 123
105-1-1-0.05-50-0 1 2480 14 2 58 138 0.8451 0.8198 105 167
105-1-1-0.05-50-0 1 2480 14 13 58 131 0.8451 0.8878 105 151
105-1-1-0.05-50-0 1 2480 36 2 157 137 0.8162 0.8198 165 167
105-1-1-0.05-50-0 1 2480 14 36 58 157 0.8451 0.8162 105 165
105-1-1-0.05-50-0 1 2481 36 36 158 158 0.8162 0.8162 165 165
105-1-1-0.05-50-0 1 2481 36 37 157 72 0.8162 0.8481 165 127
105-1-1-0.05-50-0 1 2481 26 45 129 1 0.8171 0.3816 141 173
105-1-1-0.05-50-0 1 2482 14 37 59 74 0.8451 0.8481 105 127
105-1-1-0.05-50-0 1 2482 36 36 159 159 0.8162 0.8162 165 165
105-1-1-0.05-50-0 1 2482 36 36 158 158 0.8162 0.8162 165 165
105-1-1-0.05-50-0 1 2482 36 2 157 129 0.8162 0.8198 165 167
105-1-1-0.05-50-0 1 2482 36 2 157 128 0.8162 0.8198 165 167
105-1-1-0.05-50-0 1 2482 36 14 157 59 0.8162 0.8451 165 105
105-1-1-0.05-50-0 1 2483 14 7 60 106 0.8451 0.9267 105 106
105-1-1-0.05-50-0 1 2483 36 37 156 73 0.8162 0.8481 165 127
105-1-1-0.05-50-0 1 2483 36 26 156 131 0.8162 0.8171 165 141
105-1-1-0.05-50-0 1 2484 20 9 96 1 0.9922 0.6134 102 161
105-1-1-0.05-50-0 1 2484 36 14 154 59 0.8162 0.8451 165 105
105-1-1-0.05-50-0 1 2485 14 37 56 68 0.8451 0.8481 105 127
105-1-1-0.05-50-0 1 2485 19 19 24 24 0.8072 0.8072 134 134
105-1-1-0.05-50-0 1 2485 36 36 156 156 0.8162 0.8162 165 165
105-1-1-0.05-50-0 1 2485 36 26 155 137 0.8162 0.8171 165 141
105-1-1-0.05-50-0 1 2485 36 26 155 136 0.8162 0.8171 165 141
105-1-1-0.05-50-0 1 2485 36 26 155 135 0.8162 0.8171 165 141
105-1-1-0.05-50-0 1 2485 36 26 155 134 0.8162 0.8171 165 141
105-1-1-0.05-50-0 1 2485 36 26 155 133 0.8162 0.8171 165 141
105-1-1-0.05-50-0 1 2486 14 13 59 135 0.8451 0.8878 105 151
105-1-1-0.05-50-0 1 2486 36 36 156 156 0.8162 0.8162 165 165
105-1-1-0.05-50-0 1 2486 36 2 155 140 0.8162 0.8198 165 167
105-1-1-0.05-50-0 1 2487 36 26 155 135 0.8162 0.8171 165 141
105-1-1-0.05-50-0 1 2487 36 36 155 155 0.8162 0.8162 165 165
105-1-1-0.05-50-0 1 2487 36 43 154 103 0.8162 0.8316 165 123
105-1-1-0.05-50-0 1 2487 2 9 140 1 0.8198 0.6134 167 161
105-1-1-0.05-50-0 1 2487 36 2 154 140 0.8162 0.8198 165 167
105-1-1-0.05-50-0 1 2487 36 36 154 154 0.8162 0.8162 165 165
105-1-1-0.05-50-0 1 2487 14 19 60 24 0.8451 0.8072 105 134
105-1-1-0.05-50-0 1 2488 36 26 157 136 0.8162 0.8171 165 141
105-1-1-0.05-50-0 1 2488 20 29 102 1 0.9922 0.6728 102 177
105-1-1-0.05-50-0 1 2488 14 25 60 100 0.8451 0.9430 105 125
105-1-1-0.05-50-0 1 2488 36 36 157 157 0.8162 0.8162 165 165
105-1-1-0.05-50-0 1 2488 14 36 60 156 0.8451 0.8162 105 165
105-1-1-0.05-50-0 1 2488 36 2 155 145 0.8162 0.8198 165 167
105-1-1-0.05-50-0 1 2488 14 2 60 144 0.8451 0.8198 105 167
105-1-1-0.05-50-0 1 2489 37 16 74 2 0.8481 0.2228 127 149
105-1-1-0.05-50-0 1 2489 36 14 158 61 0.8162 0.8451 165 105
105-1-1-0.05-50-0 1 2489 36 2 158 141 0.8162 0.8198 165 167
105-1-1-0.05-50-0 1 2490 14 37 62 75 0.8451 0.8481 105 127
105-1-1-0.05-50-0 1 2490 14 37 62 74 0.8451 0.8481 105 127
105-1-1-0.05-50-0 1 2490 36 26 154 132 0.8162 0.8171 165 141
105-1-1-0.05-50-0 1 2491 14 14 62 62 0.8451 0.8451 105 105
105-1-1-0.05-50-0 1 2491 36 26 151 131 0.8162 0.8171 165 141
105-1-1-0.05-50-0 1 2492 36 14 154 61 0.8162 0.8451 165 105
105-1-1-0.05-50-0 1 2492 36 36 154 154 0.8162 0.8162 165 165
105-1-1-0.05-50-0 1 2492 36 2 153 152 0.8162 0.8198 165 167
105-1-1-0.05-50-0 1 2493 36 2 154 152 0.8162 0.8198 165 167
105-1-1-0.05-50-0 1 2493 37 18 83 2 0.8481 0.2181 127 226
105-1-1-0.05-50-0 1 2493 10 27 3 21 0.2533 0.0776 449 149
105-1-1-0.05-50-0 1 2493 37 23 83 1 0.8481 0.1698 127 476
105-1-1-0.05-50-0 1 2493 14 20 59 98 0.8451 0.9922 105 102
105-1-1-0.05-50-0 1 2493 36 36 154 154 0.8162 0.8162 165 165
105-1-1-0.05-50-0 1 2494 14 37 61 82 0.8451 0.8481 105 127
105-1-1-0.05-50-0 1 2494 36 36 158 158 0.8162 0.8162 165 165
105-1-1-0.05-50-0 1 2495 37 16 82 1 0.8481 0.2228 127 149
105-1-1-0.05-50-0 1 2495 37 18 82 1 0.8481 0.2181 127 226
105-1-1-0.05-50-0 1 2495 36 26 157 136 0.8162 0.8171 165 141
105-1-1-0.05-50-0 1 2495 37 24 82 1 0.8481 0.1940 127 254
105-1-1-0.05-50-0 1 2495 14 41 63 104 0.8451 0.9621 105 105
105-1-1-0.05-50-0 1 2495 36 43 157 92 0.8162 0.8316 165 123
105-1-1-0.05-50-0 1 2495 36 37 157 82 0.8162 0.8481 165 127
105-1-1-0.05-50-0 1 2495 43 12 91 1 0.8316 0.1896 123 325
105-1-1-0.05-50-0 1 2496 14 13 61 134 0.8451 0.8878 105 151
105-1-1-0.05-50-0 1 2496 36 43 160 93 0.8162 0.8316 165 123
105-1-1-0.05-50-0 1 2496 36 36 160 160 0.8162 0.8162 165 165
105-1-1-0.05-50-0 1 2496 36 14 159 61 0.8162 0.8451 165 105
105-1-1-0.05-50-0 1 2496 36 37 159 76 0.8162 0.8481 165 127
105-1-1-0.05-50-0 1 2496 36 26 159 138 0.8162 0.8171 165 141
105-1-1-0.05-50-0 1 2497 14 26 59 132 0.8451 0.8171 105 141
105-1-1-0.05-50-0 1 2497 37 24 77 1 0.8481 0.1940 127 254
105-1-1-0.05-50-0 1 2497 36 26 160 131 0.8162 0.8171 165 141
105-1-1-0.05-50-0 1 2497 36 43 160 92 0.8162 0.8316 165 123
105-1-1-0.05-50-0 1 2497 36 26 160 130 0.8162 0.8171 165 141
105-1-1-0.05-50-0 1 2497 14 47 59 100 0.8451 0.9293 105 103
105-1-1-0.05-50-0 1 2497 19 19 27 27 0.8072 0.8072 134 134
105-1-1-0.05-50-0 1 2497 36 43 160 91 0.8162 0.8316 165 123
105-1-1-0.05-50-0 1 2497 36 2 160 160 0.8162 0.8198 165 167
105-1-1-0.05-50-0 1 2497 36 36 160 160 0.8162 0.8162 165 165
105-1-1-0.05-50-0 1 2498 19 19 26 26 0.8072 0.8072 134 134
105-1-1-0.05-50-0 1 2498 36 36 164 164 0.8162 0.8162 165 165
105-1-1-0.05-50-0 1 2498 19 19 25 25 0.8072 0.8072 134 134
105-1-1-0.05-50-0 1 2498 36 2 163 160 0.8162 0.8198 165 167
105-1-1-0.05-50-0 1 2498 36 14 163 56 0.8162 0.8451 165 105
105-1-1-0.05-50-0 1 2498 14 47 55 98 0.8451 0.9293 105 103
105-1-1-0.05-50-0 1 2498 36 2 163 159 0.8162 0.8198 165 167
105-1-1-0.05-50-0 1 2499 48 27 1 26 0.1153 0.0776 334 149
105-1-1-0.05-50-0 1 2499 14 41 55 103 0.8451 0.9621 105 105
105-1-1-0.05-50-0 1 2499 36 37 157 79 0.8162 0.8481 165 127
105-1-1-0.05-50-0 1 2499 36 36 157 157 0.8162 0.8162 165 165
105-1-1-0.05-50-0 1 2499 36 36 156 156 0.8162 0.8162 165 165
105-1-1-0.05-50-0 1 2500 36 2 157 167 0.8162 0.8198 165 167
105-1-1-0.05-50-0 1 2500 36 43 157 94 0.8162 0.8316 165 123
105-1-1-0.05-50-0 1 2500 20 45 101 1 0.9922 0.3816 102 173
105-1-1-0.05-50-0 1 2500 40 34 88 1 0.9739 0.7448 104 168
105-1-1-0.05-50-0 1 2500 19 19 24 24 0.8072 0.8072 134 134
105-1-1-0.05-50-0 1 2500 36 36 157 157 0.8162 0.8162 165 165
