107-0-1-0.05-50-0 0 2302 17 18 17 7 0.6398 0.2181 197 226
107-0-1-0.05-50-0 0 2302 33 49 10 11 0.6893 0.1842 191 136
107-0-1-0.05-50-0 0 2303 33 1 9 1 0.6893 0.2520 191 409
107-0-1-0.05-50-0 0 2303 17 10 17 3 0.6398 0.2533 197 449
107-0-1-0.05-50-0 0 2304 48 10 19 3 0.1153 0.2533 334 449
107-0-1-0.05-50-0 0 2304 49 48 12 19 0.1842 0.1153 136 334
107-0-1-0.05-50-0 0 2305 18 17 7 21 0.2181 0.6398 226 197
107-0-1-0.05-50-0 0 2305 14 18 6 7 0.8451 0.2181 105 226
107-0-1-0.05-50-0 0 2306 48 21 16 1 0.1153 0.4184 334 158
107-0-1-0.05-50-0 0 2306 49 20 13 4 0.1842 0.9922 136 102
107-0-1-0.05-50-0 0 2307 49 29 14 1 0.1842 0.6728 136 177
107-0-1-0.05-50-0 0 2307 49 49 14 14 0.1842 0.1842 136 136
107-0-1-0.05-50-0 0 2308 17 6 20 3 0.6398 0.4266 197 249
107-0-1-0.05-50-0 0 2308 8 49 2 13 0.2506 0.1842 303 136
107-0-1-0.05-50-0 0 2309 48 49 15 13 0.1153 0.1842 334 136
107-0-1-0.05-50-0 0 2309 49 17 12 20 0.1842 0.6398 136 197
107-0-1-0.05-50-0 0 2310 37 22 4 1 0.8481 0.0160 127 311
107-0-1-0.05-50-0 0 2310 18 17 4 19 0.2181 0.6398 226 197
107-0-1-0.05-50-0 0 2311 18 10 5 6 0.2181 0.2533 226 449
107-0-1-0.05-50-0 0 2311 49 37 13 4 0.1842 0.8481 136 127
107-0-1-0.05-50-0 0 2312 49 45 13 1 0.1842 0.3816 136 173
107-0-1-0.05-50-0 0 2312 5 48 5 13 0.0007 0.1153 226 334
107-0-1-0.05-50-0 0 2313 50 23 8 8 0.2147 0.1698 147 476
107-0-1-0.05-50-0 0 2313 33 48 13 11 0.6893 0.1153 191 334
107-0-1-0.05-50-0 0 2314 23 49 8 13 0.1698 0.1842 476 136
107-0-1-0.05-50-0 0 2314 40 33 1 13 0.9739 0.6893 104 191
107-0-1-0.05-50-0 0 2315 49 6 13 2 0.1842 0.4266 136 249
107-0-1-0.05-50-0 0 2315 50 49 8 13 0.2147 0.1842 147 136
107-0-1-0.05-50-0 0 2316 43 50 3 8 0.8316 0.2147 123 147
107-0-1-0.05-50-0 0 2316 17 11 16 2 0.6398 0.0504 197 384
107-0-1-0.05-50-0 0 2317 7 17 10 16 0.9267 0.6398 106 197
107-0-1-0.05-50-0 0 2317 14 18 7 7 0.8451 0.2181 105 226
107-0-1-0.05-50-0 0 2318 37 10 4 7 0.8481 0.2533 127 449
107-0-1-0.05-50-0 0 2318 50 48 7 9 0.2147 0.1153 147 334
107-0-1-0.05-50-0 0 2319 23 14 11 7 0.1698 0.8451 476 105
107-0-1-0.05-50-0 0 2319 48 23 8 11 0.1153 0.1698 334 476
107-0-1-0.05-50-0 0 2320 18 28 6 2 0.2181 0.3846 226 311
107-0-1-0.05-50-0 0 2320 23 20 10 4 0.1698 0.9922 476 102
107-0-1-0.05-50-0 0 2321 14 23 7 10 0.8451 0.1698 105 476
107-0-1-0.05-50-0 0 2321 17 10 18 6 0.6398 0.2533 197 449
107-0-1-0.05-50-0 0 2322 14 17 7 18 0.8451 0.6398 105 197
107-0-1-0.05-50-0 0 2322 35 33 2 11 0.0354 0.6893 158 191
107-0-1-0.05-50-0 0 2323 49 3 15 4 0.1842 0.4813 136 321
107-0-1-0.05-50-0 0 2323 49 42 15 2 0.1842 0.7447 136 106
107-0-1-0.05-50-0 0 2324 11 3 2 3 0.0504 0.4813 384 321
107-0-1-0.05-50-0 0 2324 10 7 5 7 0.2533 0.9267 449 106
107-0-1-0.05-50-0 0 2325 38 33 2 9 0.6163 0.6893 270 191
107-0-1-0.05-50-0 0 2325 14 10 9 5 0.8451 0.2533 105 449
107-0-1-0.05-50-0 0 2326 11 48 3 8 0.0504 0.1153 384 334
107-0-1-0.05-50-0 0 2326 14 3 10 3 0.8451 0.4813 105 321
107-0-1-0.05-50-0 0 2327 23 37 11 4 0.1698 0.8481 476 127
107-0-1-0.05-50-0 0 2327 9 38 2 2 0.6134 0.6163 161 270
107-0-1-0.05-50-0 0 2328 48 33 6 9 0.1153 0.6893 334 191
107-0-1-0.05-50-0 0 2328 18 14 7 11 0.2181 0.8451 226 105
107-0-1-0.05-50-0 0 2329 33 12 8 6 0.6893 0.1896 191 325
107-0-1-0.05-50-0 0 2329 3 50 5 4 0.4813 0.2147 321 147
107-0-1-0.05-50-0 0 2330 14 23 9 9 0.8451 0.1698 105 476
107-0-1-0.05-50-0 0 2330 48 10 5 3 0.1153 0.2533 334 449
107-0-1-0.05-50-0 0 2331 33 18 7 8 0.6893 0.2181 191 226
107-0-1-0.05-50-0 0 2331 2 17 2 19 0.8198 0.6398 167 197
107-0-1-0.05-50-0 0 2332 18 49 7 13 0.2181 0.1842 226 136
107-0-1-0.05-50-0 0 2332 33 18 8 7 0.6893 0.2181 191 226
107-0-1-0.05-50-0 0 2333 18 14 5 10 0.2181 0.8451 226 105
107-0-1-0.05-50-0 0 2333 33 17 8 17 0.6893 0.6398 191 197
107-0-1-0.05-50-0 0 2334 11 8 6 3 0.0504 0.2506 384 303
107-0-1-0.05-50-0 0 2334 17 9 15 2 0.6398 0.6134 197 161
107-0-1-0.05-50-0 0 2335 17 23 16 9 0.6398 0.1698 197 476
107-0-1-0.05-50-0 0 2335 14 50 8 3 0.8451 0.2147 105 147
107-0-1-0.05-50-0 0 2336 49 23 12 9 0.1842 0.1698 136 476
107-0-1-0.05-50-0 0 2336 50 49 2 12 0.2147 0.1842 147 136
107-0-1-0.05-50-0 0 2337 23 3 8 6 0.1698 0.4813 476 321
107-0-1-0.05-50-0 0 2337 17 49 17 11 0.6398 0.1842 197 136
107-0-1-0.05-50-0 0 2338 11 14 6 10 0.0504 0.8451 384 105
107-0-1-0.05-50-0 0 2338 8 18 2 5 0.2506 0.2181 303 226
107-0-1-0.05-50-0 0 2339 14 20 9 3 0.8451 0.9922 105 102
107-0-1-0.05-50-0 0 2339 5 17 5 18 0.0007 0.6398 226 197
107-0-1-0.05-50-0 0 2340 12 17 10 17 0.1896 0.6398 325 197
107-0-1-0.05-50-0 0 2340 8 9 2 2 0.2506 0.6134 303 161
107-0-1-0.05-50-0 0 2341 35 11 1 6 0.0354 0.0504 158 384
107-0-1-0.05-50-0 0 2341 38 23 2 10 0.6163 0.1698 270 476
107-0-1-0.05-50-0 0 2342 5 7 5 6 0.0007 0.9267 226 106
107-0-1-0.05-50-0 0 2342 24 12 6 9 0.1940 0.1896 254 325
107-0-1-0.05-50-0 0 2343 23 23 11 11 0.1698 0.1698 476 476
107-0-1-0.05-50-0 0 2343 12 12 8 8 0.1896 0.1896 325 325
107-0-1-0.05-50-0 0 2344 24 17 7 20 0.1940 0.6398 254 197
107-0-1-0.05-50-0 0 2344 49 27 9 1 0.1842 0.0776 136 149
107-0-1-0.05-50-0 0 2345 24 23 8 10 0.1940 0.1698 254 476
107-0-1-0.05-50-0 0 2345 6 23 3 9 0.4266 0.1698 249 476
107-0-1-0.05-50-0 0 2346 42 9 4 2 0.7447 0.6134 106 161
107-0-1-0.05-50-0 0 2346 23 14 9 5 0.1698 0.8451 476 105
107-0-1-0.05-50-0 0 2347 17 14 19 4 0.6398 0.8451 197 105
107-0-1-0.05-50-0 0 2347 43 13 2 1 0.8316 0.8878 123 151
107-0-1-0.05-50-0 0 2348 38 2 3 4 0.6163 0.8198 270 167
107-0-1-0.05-50-0 0 2348 33 17 3 18 0.6893 0.6398 191 197
107-0-1-0.05-50-0 0 2349 48 11 6 6 0.1153 0.0504 334 384
107-0-1-0.05-50-0 0 2349 12 3 9 4 0.1896 0.4813 325 321
107-0-1-0.05-50-0 0 2350 12 38 8 3 0.1896 0.6163 325 270
107-0-1-0.05-50-0 0 2350 43 49 2 9 0.8316 0.1842 123 136
107-0-1-0.05-50-0 0 2351 8 17 1 14 0.2506 0.6398 303 197
107-0-1-0.05-50-0 0 2351 7 6 4 3 0.9267 0.4266 106 249
107-0-1-0.05-50-0 0 2352 49 29 10 2 0.1842 0.6728 136 177
107-0-1-0.05-50-0 0 2352 24 29 6 1 0.1940 0.6728 254 177
107-0-1-0.05-50-0 0 2353 23 7 9 5 0.1698 0.9267 476 106
107-0-1-0.05-50-0 0 2353 12 38 8 2 0.1896 0.6163 325 270
107-0-1-0.05-50-0 0 2354 22 18 1 8 0.0160 0.2181 311 226
107-0-1-0.05-50-0 0 2354 42 18 8 7 0.7447 0.2181 106 226
107-0-1-0.05-50-0 0 2355 17 42 12 8 0.6398 0.7447 197 106
107-0-1-0.05-50-0 0 2355 23 17 9 12 0.1698 0.6398 476 197
107-0-1-0.05-50-0 0 2356 23 2 9 3 0.1698 0.8198 476 167
107-0-1-0.05-50-0 0 2356 12 6 11 2 0.1896 0.4266 325 249
107-0-1-0.05-50-0 0 2357 20 11 2 6 0.9922 0.0504 102 384
107-0-1-0.05-50-0 0 2357 18 48 6 9 0.2181 0.1153 226 334
107-0-1-0.05-50-0 0 2358 23 12 9 13 0.1698 0.1896 476 325
107-0-1-0.05-50-0 0 2358 3 7 3 4 0.4813 0.9267 321 106
107-0-1-0.05-50-0 0 2359 11 33 5 2 0.0504 0.6893 384 191
107-0-1-0.05-50-0 0 2359 25 12 2 12 0.9430 0.1896 125 325
107-0-1-0.05-50-0 0 2360 25 12 2 11 0.9430 0.1896 125 325
107-0-1-0.05-50-0 0 2360 43 49 1 10 0.8316 0.1842 123 136
107-0-1-0.05-50-0 0 2361 42 49 9 9 0.7447 0.1842 106 136
107-0-1-0.05-50-0 0 2361 17 3 15 3 0.6398 0.4813 197 321
107-0-1-0.05-50-0 0 2362 11 12 5 11 0.0504 0.1896 384 325
107-0-1-0.05-50-0 0 2362 49 43 8 1 0.1842 0.8316 136 123
107-0-1-0.05-50-0 0 2363 17 18 13 8 0.6398 0.2181 197 226
107-0-1-0.05-50-0 0 2363 23 48 8 8 0.1698 0.1153 476 334
107-0-1-0.05-50-0 0 2364 17 12 13 9 0.6398 0.1896 197 325
107-0-1-0.05-50-0 0 2364 17 46 13 3 0.6398 0.3451 197 327
107-0-1-0.05-50-0 0 2365 48 8 8 4 0.1153 0.2506 334 303
107-0-1-0.05-50-0 0 2365 5 48 3 8 0.0007 0.1153 226 334
107-0-1-0.05-50-0 0 2366 2 42 2 13 0.8198 0.7447 167 106
107-0-1-0.05-50-0 0 2366 25 11 2 4 0.9430 0.0504 125 384
107-0-1-0.05-50-0 0 2367 4 20 2 2 0.0723 0.9922 351 102
107-0-1-0.05-50-0 0 2367 23 24 6 8 0.1698 0.1940 476 254
107-0-1-0.05-50-0 0 2368 17 17 16 16 0.6398 0.6398 197 197
107-0-1-0.05-50-0 0 2368 18 42 6 11 0.2181 0.7447 226 106
107-0-1-0.05-50-0 0 2369 17 7 15 2 0.6398 0.9267 197 106
107-0-1-0.05-50-0 0 2369 42 4 12 2 0.7447 0.0723 106 351
107-0-1-0.05-50-0 0 2370 18 9 4 2 0.2181 0.6134 226 161
107-0-1-0.05-50-0 0 2370 23 48 6 6 0.1698 0.1153 476 334
107-0-1-0.05-50-0 0 2371 17 27 16 1 0.6398 0.0776 197 149
107-0-1-0.05-50-0 0 2371 25 40 4 1 0.9430 0.9739 125 104
107-0-1-0.05-50-0 0 2372 42 42 14 14 0.7447 0.7447 106 106
107-0-1-0.05-50-0 0 2372 33 23 1 6 0.6893 0.1698 191 476
107-0-1-0.05-50-0 0 2373 24 12 8 17 0.1940 0.1896 254 325
107-0-1-0.05-50-0 0 2373 12 12 16 16 0.1896 0.1896 325 325
107-0-1-0.05-50-0 0 2374 49 50 8 3 0.1842 0.2147 136 147
107-0-1-0.05-50-0 0 2374 31 14 2 7 0.5626 0.8451 252 105
107-0-1-0.05-50-0 0 2375 17 35 16 3 0.6398 0.0354 197 158
107-0-1-0.05-50-0 0 2375 17 25 16 4 0.6398 0.9430 197 125
107-0-1-0.05-50-0 0 2376 17 8 17 3 0.6398 0.2506 197 303
107-0-1-0.05-50-0 0 2376 49 8 9 2 0.1842 0.2506 136 303
107-0-1-0.05-50-0 0 2377 3 17 3 17 0.4813 0.6398 321 197
107-0-1-0.05-50-0 0 2377 18 12 8 14 0.2181 0.1896 226 325
107-0-1-0.05-50-0 0 2378 32 17 3 16 0.6514 0.6398 215 197
107-0-1-0.05-50-0 0 2378 42 49 14 10 0.7447 0.1842 106 136
107-0-1-0.05-50-0 0 2379 25 18 2 8 0.9430 0.2181 125 226
107-0-1-0.05-50-0 0 2379 23 24 4 11 0.1698 0.1940 476 254
107-0-1-0.05-50-0 0 2380 14 12 7 15 0.8451 0.1896 105 325
107-0-1-0.05-50-0 0 2380 32 31 3 1 0.6514 0.5626 215 252
107-0-1-0.05-50-0 0 2381 20 48 1 4 0.9922 0.1153 102 334
107-0-1-0.05-50-0 0 2381 14 42 7 14 0.8451 0.7447 105 106
107-0-1-0.05-50-0 0 2382 24 23 9 4 0.1940 0.1698 254 476
107-0-1-0.05-50-0 0 2382 35 14 3 7 0.0354 0.8451 158 105
107-0-1-0.05-50-0 0 2383 18 45 7 5 0.2181 0.3816 226 173
107-0-1-0.05-50-0 0 2383 45 27 4 1 0.3816 0.0776 173 149
107-0-1-0.05-50-0 0 2384 49 21 7 1 0.1842 0.4184 136 158
107-0-1-0.05-50-0 0 2384 24 9 10 2 0.1940 0.6134 254 161
107-0-1-0.05-50-0 0 2385 14 23 6 3 0.8451 0.1698 105 476
107-0-1-0.05-50-0 0 2385 15 22 1 3 0.7918 0.0160 149 311
107-0-1-0.05-50-0 0 2386 17 12 14 18 0.6398 0.1896 197 325
107-0-1-0.05-50-0 0 2386 12 49 17 7 0.1896 0.1842 325 136
107-0-1-0.05-50-0 0 2387 6 6 6 6 0.4266 0.4266 249 249
107-0-1-0.05-50-0 0 2387 24 23 10 2 0.1940 0.1698 254 476
107-0-1-0.05-50-0 0 2388 50 24 4 10 0.2147 0.1940 147 254
107-0-1-0.05-50-0 0 2388 4 24 4 9 0.0723 0.1940 351 254
107-0-1-0.05-50-0 0 2389 17 42 15 11 0.6398 0.7447 197 106
107-0-1-0.05-50-0 0 2389 49 48 7 3 0.1842 0.1153 136 334
107-0-1-0.05-50-0 0 2390 17 12 17 13 0.6398 0.1896 197 325
107-0-1-0.05-50-0 0 2390 42 17 10 17 0.7447 0.6398 106 197
107-0-1-0.05-50-0 0 2391 42 12 8 12 0.7447 0.1896 106 325
107-0-1-0.05-50-0 0 2391 18 24 8 9 0.2181 0.1940 226 254
107-0-1-0.05-50-0 0 2392 45 14 6 3 0.3816 0.8451 173 105
107-0-1-0.05-50-0 0 2392 50 50 2 2 0.2147 0.2147 147 147
107-0-1-0.05-50-0 0 2393 36 10 2 1 0.8162 0.2533 165 449
107-0-1-0.05-50-0 0 2393 44 44 11 11 0.7034 0.7034 118 118
107-0-1-0.05-50-0 0 2394 32 6 3 3 0.6514 0.4266 215 249
107-0-1-0.05-50-0 0 2394 49 2 7 2 0.1842 0.8198 136 167
107-0-1-0.05-50-0 0 2395 44 24 11 10 0.7034 0.1940 118 254
107-0-1-0.05-50-0 0 2395 42 17 7 16 0.7447 0.6398 106 197
107-0-1-0.05-50-0 0 2396 41 38 1 1 0.9621 0.6163 105 270
107-0-1-0.05-50-0 0 2396 44 18 13 7 0.7034 0.2181 118 226
107-0-1-0.05-50-0 0 2397 44 44 14 14 0.7034 0.7034 118 118
107-0-1-0.05-50-0 0 2397 4 42 3 7 0.0723 0.7447 351 106
107-0-1-0.05-50-0 0 2398 35 17 5 15 0.0354 0.6398 158 197
107-0-1-0.05-50-0 0 2398 36 4 2 3 0.8162 0.0723 165 351
107-0-1-0.05-50-0 0 2399 49 7 5 2 0.1842 0.9267 136 106
107-0-1-0.05-50-0 0 2399 44 41 12 1 0.7034 0.9621 118 105
107-0-1-0.05-50-0 0 2400 44 24 12 10 0.7034 0.1940 118 254
107-0-1-0.05-50-0 0 2400 17 45 14 7 0.6398 0.3816 197 173
107-0-1-0.05-50-0 0 2401 12 24 11 9 0.1896 0.1940 325 254
107-0-1-0.05-50-0 0 2401 24 17 8 14 0.1940 0.6398 254 197
107-0-1-0.05-50-0 0 2402 35 50 5 1 0.0354 0.2147 158 147
107-0-1-0.05-50-0 0 2402 7 42 1 6 0.9267 0.7447 106 106
107-0-1-0.05-50-0 0 2403 12 17 10 14 0.1896 0.6398 325 197
107-0-1-0.05-50-0 0 2403 44 17 11 13 0.7034 0.6398 118 197
107-0-1-0.05-50-0 0 2404 6 4 4 2 0.4266 0.0723 249 351
107-0-1-0.05-50-0 0 2404 34 7 2 1 0.7448 0.9267 168 106
107-0-1-0.05-50-0 0 2405 44 17 11 9 0.7034 0.6398 118 197
107-0-1-0.05-50-0 0 2406 12 50 10 1 0.1896 0.2147 325 147
107-0-1-0.05-50-0 0 2406 18 24 10 8 0.2181 0.1940 226 254
107-0-1-0.05-50-0 0 2407 9 17 3 6 0.6134 0.6398 161 197
107-0-1-0.05-50-0 0 2407 20 32 2 3 0.9922 0.6514 102 215
107-0-1-0.05-50-0 0 2408 45 26 5 1 0.3816 0.8171 173 141
107-0-1-0.05-50-0 0 2409 42 17 4 5 0.7447 0.6398 106 197
107-0-1-0.05-50-0 0 2410 44 18 9 10 0.7034 0.2181 118 226
107-0-1-0.05-50-0 0 2410 45 42 4 5 0.3816 0.7447 173 106
107-0-1-0.05-50-0 0 2411 45 6 4 4 0.3816 0.4266 173 249
107-0-1-0.05-50-0 0 2412 44 35 8 7 0.7034 0.0354 118 158
107-0-1-0.05-50-0 0 2413 42 20 4 2 0.7447 0.9922 106 102
107-0-1-0.05-50-0 0 2413 17 44 4 8 0.6398 0.7034 197 118
107-0-1-0.05-50-0 0 2414 4 36 3 5 0.0723 0.8162 351 165
107-0-1-0.05-50-0 0 2415 6 24 2 7 0.4266 0.1940 249 254
107-0-1-0.05-50-0 0 2416 4 42 3 5 0.0723 0.7447 351 106
107-0-1-0.05-50-0 0 2417 36 8 4 2 0.8162 0.2506 165 303
107-0-1-0.05-50-0 0 2417 35 18 8 9 0.0354 0.2181 158 226
107-0-1-0.05-50-0 0 2418 35 44 8 5 0.0354 0.7034 158 118
107-0-1-0.05-50-0 0 2419 38 18 1 8 0.6163 0.2181 270 226
107-0-1-0.05-50-0 0 2420 12 18 11 8 0.1896 0.2181 325 226
107-0-1-0.05-50-0 0 2421 20 12 1 13 0.9922 0.1896 102 325
107-0-1-0.05-50-0 0 2422 11 9 2 3 0.0504 0.6134 384 161
107-0-1-0.05-50-0 0 2423 36 19 4 3 0.8162 0.8072 165 134
107-0-1-0.05-50-0 0 2424 24 25 5 3 0.1940 0.9430 254 125
107-0-1-0.05-50-0 0 2425 14 18 1 10 0.8451 0.2181 105 226
107-0-1-0.05-50-0 0 2425 24 18 6 9 0.1940 0.2181 254 226
107-0-1-0.05-50-0 0 2426 3 12 3 13 0.4813 0.1896 321 325
107-0-1-0.05-50-0 0 2426 18 35 8 10 0.2181 0.0354 226 158
107-0-1-0.05-50-0 0 2427 6 12 3 13 0.4266 0.1896 249 325
107-0-1-0.05-50-0 0 2428 32 42 2 5 0.6514 0.7447 215 106
107-0-1-0.05-50-0 0 2428 17 4 10 5 0.6398 0.0723 197 351
107-0-1-0.05-50-0 0 2429 35 29 9 3 0.0354 0.6728 158 177
107-0-1-0.05-50-0 0 2430 4 48 4 2 0.0723 0.1153 351 334
107-0-1-0.05-50-0 0 2431 12 35 12 5 0.1896 0.0354 325 158
107-0-1-0.05-50-0 0 2432 1 17 2 11 0.2520 0.6398 409 197
107-0-1-0.05-50-0 0 2433 12 18 13 9 0.1896 0.2181 325 226
107-0-1-0.05-50-0 0 2433 1 43 3 2 0.2520 0.8316 409 123
107-0-1-0.05-50-0 0 2434 6 44 3 2 0.4266 0.7034 249 118
107-0-1-0.05-50-0 0 2435 18 17 8 9 0.2181 0.6398 226 197
107-0-1-0.05-50-0 0 2435 50 17 3 8 0.2147 0.6398 147 197
107-0-1-0.05-50-0 0 2436 17 45 8 2 0.6398 0.3816 197 173
107-0-1-0.05-50-0 0 2436 24 12 11 13 0.1940 0.1896 254 325
107-0-1-0.05-50-0 0 2437 42 17 3 8 0.7447 0.6398 106 197
107-0-1-0.05-50-0 0 2437 49 36 1 10 0.1842 0.8162 136 165
107-0-1-0.05-50-0 0 2438 48 35 1 5 0.1153 0.0354 334 158
107-0-1-0.05-50-0 0 2438 20 17 4 7 0.9922 0.6398 102 197
107-0-1-0.05-50-0 0 2439 24 12 11 11 0.1940 0.1896 254 325
107-0-1-0.05-50-0 0 2439 48 17 1 5 0.1153 0.6398 334 197
107-0-1-0.05-50-0 0 2440 11 49 3 2 0.0504 0.1842 384 136
107-0-1-0.05-50-0 0 2440 42 24 2 9 0.7447 0.1940 106 254
107-0-1-0.05-50-0 0 2441 4 32 3 4 0.0723 0.6514 351 215
107-0-1-0.05-50-0 0 2442 17 3 3 2 0.6398 0.4813 197 321
107-0-1-0.05-50-0 0 2443 8 18 1 6 0.2506 0.2181 303 226
107-0-1-0.05-50-0 0 2444 18 44 4 4 0.2181 0.7034 226 118
107-0-1-0.05-50-0 0 2445 4 35 4 5 0.0723 0.0354 351 158
107-0-1-0.05-50-0 0 2446 20 29 4 5 0.9922 0.6728 102 177
107-0-1-0.05-50-0 0 2447 24 12 9 6 0.1940 0.1896 254 325
107-0-1-0.05-50-0 0 2448 43 24 2 9 0.8316 0.1940 123 254
107-0-1-0.05-50-0 0 2449 35 4 4 4 0.0354 0.0723 158 351
107-0-1-0.05-50-0 0 2450 29 44 4 3 0.6728 0.7034 177 118
107-0-1-0.05-50-0 0 2451 18 36 6 4 0.2181 0.8162 226 165
107-0-1-0.05-50-0 0 2452 18 17 6 8 0.2181 0.6398 226 197
107-0-1-0.05-50-0 0 2453 12 21 6 2 0.1896 0.4184 325 158
107-0-1-0.05-50-0 0 2454 48 20 2 2 0.1153 0.9922 334 102
107-0-1-0.05-50-0 0 2455 46 17 1 7 0.3451 0.6398 327 197
107-0-1-0.05-50-0 0 2456 35 4 2 4 0.0354 0.0723 158 351
107-0-1-0.05-50-0 0 2457 48 24 2 10 0.1153 0.1940 334 254
107-0-1-0.05-50-0 0 2458 36 30 3 1 0.8162 0.6008 165 266
107-0-1-0.05-50-0 0 2459 6 24 3 11 0.4266 0.1940 249 254
107-0-1-0.05-50-0 0 2460 44 21 1 1 0.7034 0.4184 118 158
107-0-1-0.05-50-0 0 2461 6 34 5 6 0.4266 0.7448 249 168
107-0-1-0.05-50-0 0 2462 11 50 3 3 0.0504 0.2147 384 147
107-0-1-0.05-50-0 0 2463 12 34 8 6 0.1896 0.7448 325 168
107-0-1-0.05-50-0 0 2463 27 44 9 1 0.0776 0.7034 149 118
107-0-1-0.05-50-0 0 2464 24 27 15 7 0.1940 0.0776 254 149
107-0-1-0.05-50-0 0 2464 36 34 3 5 0.8162 0.7448 165 168
107-0-1-0.05-50-0 0 2465 24 12 15 8 0.1940 0.1896 254 325
107-0-1-0.05-50-0 0 2466 27 27 6 6 0.0776 0.0776 149 149
107-0-1-0.05-50-0 0 2466 6 17 6 4 0.4266 0.6398 249 197
107-0-1-0.05-50-0 0 2467 11 6 2 5 0.0504 0.4266 384 249
107-0-1-0.05-50-0 0 2467 34 23 5 1 0.7448 0.1698 168 476
107-0-1-0.05-50-0 0 2468 24 6 17 4 0.1940 0.4266 254 249
107-0-1-0.05-50-0 0 2468 12 24 7 17 0.1896 0.1940 325 254
107-0-1-0.05-50-0 0 2469 24 1 17 7 0.1940 0.2520 254 409
107-0-1-0.05-50-0 0 2469 34 12 5 8 0.7448 0.1896 168 325
107-0-1-0.05-50-0 0 2470 12 25 7 3 0.1896 0.9430 325 125
107-0-1-0.05-50-0 0 2470 29 1 6 6 0.6728 0.2520 177 409
107-0-1-0.05-50-0 0 2471 25 1 3 5 0.9430 0.2520 125 409
107-0-1-0.05-50-0 0 2471 7 39 2 1 0.9267 0.2187 106 309
107-0-1-0.05-50-0 0 2472 24 27 16 8 0.1940 0.0776 254 149
107-0-1-0.05-50-0 0 2472 34 24 6 16 0.7448 0.1940 168 254
107-0-1-0.05-50-0 0 2473 5 24 2 16 0.0007 0.1940 226 254
107-0-1-0.05-50-0 0 2473 32 24 1 15 0.6514 0.1940 215 254
107-0-1-0.05-50-0 0 2474 48 24 5 13 0.1153 0.1940 334 254
107-0-1-0.05-50-0 0 2475 17 27 3 6 0.6398 0.0776 197 149
107-0-1-0.05-50-0 0 2476 18 34 12 5 0.2181 0.7448 226 168
107-0-1-0.05-50-0 0 2476 34 48 4 7 0.7448 0.1153 168 334
107-0-1-0.05-50-0 0 2477 12 6 9 6 0.1896 0.4266 325 249
107-0-1-0.05-50-0 0 2478 48 12 7 9 0.1153 0.1896 334 325
107-0-1-0.05-50-0 0 2479 25 1 3 5 0.9430 0.2520 125 409
107-0-1-0.05-50-0 0 2480 4 38 2 2 0.0723 0.6163 351 270
107-0-1-0.05-50-0 0 2481 12 27 8 6 0.1896 0.0776 325 149
107-0-1-0.05-50-0 0 2481 27 18 5 15 0.0776 0.2181 149 226
107-0-1-0.05-50-0 0 2482 3 3 3 3 0.4813 0.4813 321 321
107-0-1-0.05-50-0 0 2482 18 48 14 5 0.2181 0.1153 226 334
107-0-1-0.05-50-0 0 2483 6 48 5 5 0.4266 0.1153 249 334
107-0-1-0.05-50-0 0 2483 3 34 3 5 0.4813 0.7448 321 168
107-0-1-0.05-50-0 0 2484 13 10 1 3 0.8878 0.2533 151 449
107-0-1-0.05-50-0 0 2484 27 34 6 4 0.0776 0.7448 149 168
107-0-1-0.05-50-0 0 2485 18 27 18 6 0.2181 0.0776 226 149
107-0-1-0.05-50-0 0 2485 1 14 4 4 0.2520 0.8451 409 105
107-0-1-0.05-50-0 0 2486 19 6 2 5 0.8072 0.4266 134 249
107-0-1-0.05-50-0 0 2486 34 12 3 7 0.7448 0.1896 168 325
107-0-1-0.05-50-0 0 2487 12 18 5 19 0.1896 0.2181 325 226
107-0-1-0.05-50-0 0 2487 2 3 1 2 0.8198 0.4813 167 321
107-0-1-0.05-50-0 0 2488 17 20 7 5 0.6398 0.9922 197 102
107-0-1-0.05-50-0 0 2488 29 47 4 2 0.6728 0.9293 177 103
107-0-1-0.05-50-0 0 2489 6 50 4 5 0.4266 0.2147 249 147
107-0-1-0.05-50-0 0 2489 12 20 5 4 0.1896 0.9922 325 102
107-0-1-0.05-50-0 0 2490 29 41 5 1 0.6728 0.9621 177 105
107-0-1-0.05-50-0 0 2490 38 14 1 3 0.6163 0.8451 270 105
107-0-1-0.05-50-0 0 2491 24 4 6 3 0.1940 0.0723 254 351
107-0-1-0.05-50-0 0 2491 36 1 5 5 0.8162 0.2520 165 409
107-0-1-0.05-50-0 0 2492 7 24 2 6 0.9267 0.1940 106 254
107-0-1-0.05-50-0 0 2492 6 24 4 5 0.4266 0.1940 249 254
107-0-1-0.05-50-0 0 2493 36 38 4 1 0.8162 0.6163 165 270
107-0-1-0.05-50-0 0 2493 34 18 3 18 0.7448 0.2181 168 226
107-0-1-0.05-50-0 0 2494 19 18 2 17 0.8072 0.2181 134 226
107-0-1-0.05-50-0 0 2494 27 20 8 4 0.0776 0.9922 149 102
107-0-1-0.05-50-0 0 2495 18 10 16 6 0.2181 0.2533 226 449
107-0-1-0.05-50-0 0 2495 12 2 6 1 0.1896 0.8198 325 167
107-0-1-0.05-50-0 0 2496 3 27 4 8 0.4813 0.0776 321 149
107-0-1-0.05-50-0 0 2496 39 48 1 3 0.2187 0.1153 309 334
107-0-1-0.05-50-0 0 2497 36 1 6 4 0.8162 0.2520 165 409
107-0-1-0.05-50-0 0 2497 11 19 2 2 0.0504 0.8072 384 134
107-0-1-0.05-50-0 0 2498 32 27 4 8 0.6514 0.0776 215 149
107-0-1-0.05-50-0 0 2498 15 4 1 2 0.7918 0.0723 149 351
107-0-1-0.05-50-0 0 2499 18 36 14 5 0.2181 0.8162 226 165
107-0-1-0.05-50-0 0 2499 27 36 7 4 0.0776 0.8162 149 165
107-0-1-0.05-50-0 0 2500 43 50 3 7 0.8316 0.2147 123 147
107-0-1-0.05-50-0 0 2500 50 25 6 4 0.2147 0.9430 147 125
