11-1-1-0.05-50-0 1 2302 1 1 358 358 0.2520 0.2520 409 409
11-1-1-0.05-50-0 1 2302 1 8 357 243 0.2520 0.2506 409 303
11-1-1-0.05-50-0 1 2302 40 15 91 2 0.9739 0.7918 104 149
11-1-1-0.05-50-0 1 2302 40 31 91 1 0.9739 0.5626 104 252
11-1-1-0.05-50-0 1 2302 1 1 357 357 0.2520 0.2520 409 409
11-1-1-0.05-50-0 1 2302 1 8 356 242 0.2520 0.2506 409 303
11-1-1-0.05-50-0 1 2302 37 48 16 3 0.8481 0.1153 127 334
11-1-1-0.05-50-0 1 2302 1 1 356 356 0.2520 0.2520 409 409
11-1-1-0.05-50-0 1 2302 1 1 355 355 0.2520 0.2520 409 409
11-1-1-0.05-50-0 1 2302 1 1 354 354 0.2520 0.2520 409 409
11-1-1-0.05-50-0 1 2303 1 1 357 357 0.2520 0.2520 409 409
11-1-1-0.05-50-0 1 2303 1 8 356 245 0.2520 0.2506 409 303
11-1-1-0.05-50-0 1 2303 1 8 356 244 0.2520 0.2506 409 303
11-1-1-0.05-50-0 1 2303 1 1 356 356 0.2520 0.2520 409 409
11-1-1-0.05-50-0 1 2303 1 1 355 355 0.2520 0.2520 409 409
11-1-1-0.05-50-0 1 2303 1 10 354 84 0.2520 0.2533 409 449
11-1-1-0.05-50-0 1 2303 1 10 354 83 0.2520 0.2533 409 449
11-1-1-0.05-50-0 1 2303 1 8 354 243 0.2520 0.2506 409 303
11-1-1-0.05-50-0 1 2303 1 8 354 242 0.2520 0.2506 409 303
11-1-1-0.05-50-0 1 2304 1 8 353 240 0.2520 0.2506 409 303
11-1-1-0.05-50-0 1 2304 1 1 353 353 0.2520 0.2520 409 409
11-1-1-0.05-50-0 1 2304 1 1 352 352 0.2520 0.2520 409 409
11-1-1-0.05-50-0 1 2304 1 8 351 239 0.2520 0.2506 409 303
11-1-1-0.05-50-0 1 2304 1 10 351 83 0.2520 0.2533 409 449
11-1-1-0.05-50-0 1 2304 1 8 351 238 0.2520 0.2506 409 303
11-1-1-0.05-50-0 1 2305 36 36 22 22 0.8162 0.8162 165 165
11-1-1-0.05-50-0 1 2305 1 10 357 82 0.2520 0.2533 409 449
11-1-1-0.05-50-0 1 2305 1 1 357 357 0.2520 0.2520 409 409
11-1-1-0.05-50-0 1 2305 1 1 356 356 0.2520 0.2520 409 409
11-1-1-0.05-50-0 1 2305 1 1 355 355 0.2520 0.2520 409 409
11-1-1-0.05-50-0 1 2306 1 1 348 348 0.2520 0.2520 409 409
11-1-1-0.05-50-0 1 2306 36 37 22 17 0.8162 0.8481 165 127
11-1-1-0.05-50-0 1 2306 40 15 94 1 0.9739 0.7918 104 149
11-1-1-0.05-50-0 1 2306 1 1 347 347 0.2520 0.2520 409 409
11-1-1-0.05-50-0 1 2306 1 10 346 86 0.2520 0.2533 409 449
11-1-1-0.05-50-0 1 2306 1 1 346 346 0.2520 0.2520 409 409
11-1-1-0.05-50-0 1 2306 36 2 22 16 0.8162 0.8198 165 167
11-1-1-0.05-50-0 1 2307 1 1 346 346 0.2520 0.2520 409 409
11-1-1-0.05-50-0 1 2307 1 8 345 245 0.2520 0.2506 409 303
11-1-1-0.05-50-0 1 2307 2 31 16 2 0.8198 0.5626 167 252
11-1-1-0.05-50-0 1 2307 1 8 345 244 0.2520 0.2506 409 303
11-1-1-0.05-50-0 1 2307 1 8 345 243 0.2520 0.2506 409 303
11-1-1-0.05-50-0 1 2307 1 1 345 345 0.2520 0.2520 409 409
11-1-1-0.05-50-0 1 2307 1 1 344 344 0.2520 0.2520 409 409
11-1-1-0.05-50-0 1 2307 1 1 343 343 0.2520 0.2520 409 409
11-1-1-0.05-50-0 1 2307 1 8 342 242 0.2520 0.2506 409 303
11-1-1-0.05-50-0 1 2307 1 1 342 342 0.2520 0.2520 409 409
11-1-1-0.05-50-0 1 2307 14 42 9 1 0.8451 0.7447 105 106
11-1-1-0.05-50-0 1 2308 1 1 339 339 0.2520 0.2520 409 409
11-1-1-0.05-50-0 1 2308 14 37 9 18 0.8451 0.8481 105 127
11-1-1-0.05-50-0 1 2308 1 1 338 338 0.2520 0.2520 409 409
11-1-1-0.05-50-0 1 2308 1 8 337 238 0.2520 0.2506 409 303
11-1-1-0.05-50-0 1 2308 1 1 337 337 0.2520 0.2520 409 409
11-1-1-0.05-50-0 1 2308 1 8 336 237 0.2520 0.2506 409 303
11-1-1-0.05-50-0 1 2309 37 49 18 3 0.8481 0.1842 127 136
11-1-1-0.05-50-0 1 2309 1 8 340 239 0.2520 0.2506 409 303
11-1-1-0.05-50-0 1 2309 36 2 18 16 0.8162 0.8198 165 167
11-1-1-0.05-50-0 1 2309 1 1 340 340 0.2520 0.2520 409 409
11-1-1-0.05-50-0 1 2309 1 8 339 238 0.2520 0.2506 409 303
11-1-1-0.05-50-0 1 2309 1 1 339 339 0.2520 0.2520 409 409
11-1-1-0.05-50-0 1 2309 1 1 338 338 0.2520 0.2520 409 409
11-1-1-0.05-50-0 1 2309 1 8 337 237 0.2520 0.2506 409 303
11-1-1-0.05-50-0 1 2309 1 8 337 236 0.2520 0.2506 409 303
11-1-1-0.05-50-0 1 2310 1 1 348 348 0.2520 0.2520 409 409
11-1-1-0.05-50-0 1 2310 1 1 347 347 0.2520 0.2520 409 409
11-1-1-0.05-50-0 1 2310 1 8 346 231 0.2520 0.2506 409 303
11-1-1-0.05-50-0 1 2310 1 10 346 93 0.2520 0.2533 409 449
11-1-1-0.05-50-0 1 2310 1 1 346 346 0.2520 0.2520 409 409
11-1-1-0.05-50-0 1 2310 1 1 345 345 0.2520 0.2520 409 409
11-1-1-0.05-50-0 1 2311 40 31 93 1 0.9739 0.5626 104 252
11-1-1-0.05-50-0 1 2311 1 10 343 96 0.2520 0.2533 409 449
11-1-1-0.05-50-0 1 2311 1 1 343 343 0.2520 0.2520 409 409
11-1-1-0.05-50-0 1 2311 36 2 18 14 0.8162 0.8198 165 167
11-1-1-0.05-50-0 1 2311 1 1 342 342 0.2520 0.2520 409 409
11-1-1-0.05-50-0 1 2312 1 8 347 233 0.2520 0.2506 409 303
11-1-1-0.05-50-0 1 2312 1 1 347 347 0.2520 0.2520 409 409
11-1-1-0.05-50-0 1 2312 1 1 346 346 0.2520 0.2520 409 409
11-1-1-0.05-50-0 1 2312 1 1 345 345 0.2520 0.2520 409 409
11-1-1-0.05-50-0 1 2312 1 1 344 344 0.2520 0.2520 409 409
11-1-1-0.05-50-0 1 2312 1 10 343 97 0.2520 0.2533 409 449
11-1-1-0.05-50-0 1 2312 1 1 343 343 0.2520 0.2520 409 409
11-1-1-0.05-50-0 1 2312 1 8 342 232 0.2520 0.2506 409 303
11-1-1-0.05-50-0 1 2312 1 8 342 231 0.2520 0.2506 409 303
11-1-1-0.05-50-0 1 2312 1 1 342 342 0.2520 0.2520 409 409
11-1-1-0.05-50-0 1 2312 1 8 341 230 0.2520 0.2506 409 303
11-1-1-0.05-50-0 1 2313 1 8 351 229 0.2520 0.2506 409 303
11-1-1-0.05-50-0 1 2313 20 29 33 4 0.9922 0.6728 102 177
11-1-1-0.05-50-0 1 2313 1 1 351 351 0.2520 0.2520 409 409
11-1-1-0.05-50-0 1 2313 1 1 350 350 0.2520 0.2520 409 409
11-1-1-0.05-50-0 1 2313 14 7 10 102 0.8451 0.9267 105 106
11-1-1-0.05-50-0 1 2313 1 1 349 349 0.2520 0.2520 409 409
11-1-1-0.05-50-0 1 2313 1 8 348 228 0.2520 0.2506 409 303
11-1-1-0.05-50-0 1 2314 1 1 349 349 0.2520 0.2520 409 409
11-1-1-0.05-50-0 1 2314 1 8 348 230 0.2520 0.2506 409 303
11-1-1-0.05-50-0 1 2314 40 29 92 3 0.9739 0.6728 104 177
11-1-1-0.05-50-0 1 2314 1 24 348 1 0.2520 0.1940 409 254
11-1-1-0.05-50-0 1 2314 1 8 348 229 0.2520 0.2506 409 303
11-1-1-0.05-50-0 1 2314 1 1 348 348 0.2520 0.2520 409 409
11-1-1-0.05-50-0 1 2314 1 8 347 228 0.2520 0.2506 409 303
11-1-1-0.05-50-0 1 2314 40 32 92 1 0.9739 0.6514 104 215
11-1-1-0.05-50-0 1 2314 1 8 347 227 0.2520 0.2506 409 303
11-1-1-0.05-50-0 1 2315 1 8 355 231 0.2520 0.2506 409 303
11-1-1-0.05-50-0 1 2315 1 1 355 355 0.2520 0.2520 409 409
11-1-1-0.05-50-0 1 2315 1 1 354 354 0.2520 0.2520 409 409
11-1-1-0.05-50-0 1 2315 1 1 353 353 0.2520 0.2520 409 409
11-1-1-0.05-50-0 1 2315 1 8 352 230 0.2520 0.2506 409 303
11-1-1-0.05-50-0 1 2316 1 8 353 233 0.2520 0.2506 409 303
11-1-1-0.05-50-0 1 2316 1 8 353 232 0.2520 0.2506 409 303
11-1-1-0.05-50-0 1 2316 1 10 353 101 0.2520 0.2533 409 449
11-1-1-0.05-50-0 1 2316 36 26 18 22 0.8162 0.8171 165 141
11-1-1-0.05-50-0 1 2316 1 1 353 353 0.2520 0.2520 409 409
11-1-1-0.05-50-0 1 2316 1 1 352 352 0.2520 0.2520 409 409
11-1-1-0.05-50-0 1 2316 1 10 351 100 0.2520 0.2533 409 449
11-1-1-0.05-50-0 1 2316 14 13 11 132 0.8451 0.8878 105 151
11-1-1-0.05-50-0 1 2316 1 8 351 231 0.2520 0.2506 409 303
11-1-1-0.05-50-0 1 2317 37 49 21 2 0.8481 0.1842 127 136
11-1-1-0.05-50-0 1 2317 1 8 355 233 0.2520 0.2506 409 303
11-1-1-0.05-50-0 1 2317 1 8 355 232 0.2520 0.2506 409 303
11-1-1-0.05-50-0 1 2317 1 1 355 355 0.2520 0.2520 409 409
11-1-1-0.05-50-0 1 2317 1 1 354 354 0.2520 0.2520 409 409
11-1-1-0.05-50-0 1 2317 40 29 97 2 0.9739 0.6728 104 177
11-1-1-0.05-50-0 1 2317 1 1 353 353 0.2520 0.2520 409 409
11-1-1-0.05-50-0 1 2317 1 1 352 352 0.2520 0.2520 409 409
11-1-1-0.05-50-0 1 2317 1 1 351 351 0.2520 0.2520 409 409
11-1-1-0.05-50-0 1 2317 1 10 350 96 0.2520 0.2533 409 449
11-1-1-0.05-50-0 1 2318 1 8 358 231 0.2520 0.2506 409 303
11-1-1-0.05-50-0 1 2318 1 8 358 230 0.2520 0.2506 409 303
11-1-1-0.05-50-0 1 2319 1 1 367 367 0.2520 0.2520 409 409
11-1-1-0.05-50-0 1 2319 1 8 366 233 0.2520 0.2506 409 303
11-1-1-0.05-50-0 1 2319 1 1 366 366 0.2520 0.2520 409 409
11-1-1-0.05-50-0 1 2319 1 1 365 365 0.2520 0.2520 409 409
11-1-1-0.05-50-0 1 2319 1 1 364 364 0.2520 0.2520 409 409
11-1-1-0.05-50-0 1 2319 1 8 363 232 0.2520 0.2506 409 303
11-1-1-0.05-50-0 1 2319 1 8 363 231 0.2520 0.2506 409 303
11-1-1-0.05-50-0 1 2319 36 2 16 8 0.8162 0.8198 165 167
11-1-1-0.05-50-0 1 2319 1 1 363 363 0.2520 0.2520 409 409
11-1-1-0.05-50-0 1 2320 1 1 361 361 0.2520 0.2520 409 409
11-1-1-0.05-50-0 1 2320 1 8 360 231 0.2520 0.2506 409 303
11-1-1-0.05-50-0 1 2320 1 8 360 230 0.2520 0.2506 409 303
11-1-1-0.05-50-0 1 2320 1 8 360 229 0.2520 0.2506 409 303
11-1-1-0.05-50-0 1 2320 1 8 360 228 0.2520 0.2506 409 303
11-1-1-0.05-50-0 1 2320 1 10 360 100 0.2520 0.2533 409 449
11-1-1-0.05-50-0 1 2320 1 8 360 227 0.2520 0.2506 409 303
11-1-1-0.05-50-0 1 2320 1 10 360 99 0.2520 0.2533 409 449
11-1-1-0.05-50-0 1 2320 1 1 360 360 0.2520 0.2520 409 409
11-1-1-0.05-50-0 1 2320 1 1 359 359 0.2520 0.2520 409 409
11-1-1-0.05-50-0 1 2321 1 1 368 368 0.2520 0.2520 409 409
11-1-1-0.05-50-0 1 2321 1 1 367 367 0.2520 0.2520 409 409
11-1-1-0.05-50-0 1 2321 1 1 366 366 0.2520 0.2520 409 409
11-1-1-0.05-50-0 1 2321 1 10 365 95 0.2520 0.2533 409 449
11-1-1-0.05-50-0 1 2321 1 1 365 365 0.2520 0.2520 409 409
11-1-1-0.05-50-0 1 2321 1 1 364 364 0.2520 0.2520 409 409
11-1-1-0.05-50-0 1 2321 1 1 363 363 0.2520 0.2520 409 409
11-1-1-0.05-50-0 1 2321 1 8 362 229 0.2520 0.2506 409 303
11-1-1-0.05-50-0 1 2321 1 10 362 94 0.2520 0.2533 409 449
11-1-1-0.05-50-0 1 2321 1 8 362 228 0.2520 0.2506 409 303
11-1-1-0.05-50-0 1 2322 40 44 98 1 0.9739 0.7034 104 118
11-1-1-0.05-50-0 1 2322 1 10 359 92 0.2520 0.2533 409 449
11-1-1-0.05-50-0 1 2322 1 1 359 359 0.2520 0.2520 409 409
11-1-1-0.05-50-0 1 2322 1 10 358 91 0.2520 0.2533 409 449
11-1-1-0.05-50-0 1 2322 1 1 358 358 0.2520 0.2520 409 409
11-1-1-0.05-50-0 1 2322 1 1 357 357 0.2520 0.2520 409 409
11-1-1-0.05-50-0 1 2322 1 1 356 356 0.2520 0.2520 409 409
11-1-1-0.05-50-0 1 2322 1 8 355 230 0.2520 0.2506 409 303
11-1-1-0.05-50-0 1 2322 1 8 355 229 0.2520 0.2506 409 303
11-1-1-0.05-50-0 1 2323 1 10 352 90 0.2520 0.2533 409 449
11-1-1-0.05-50-0 1 2323 1 1 352 352 0.2520 0.2520 409 409
11-1-1-0.05-50-0 1 2323 1 1 351 351 0.2520 0.2520 409 409
11-1-1-0.05-50-0 1 2323 26 6 21 1 0.8171 0.4266 141 249
11-1-1-0.05-50-0 1 2323 1 8 350 224 0.2520 0.2506 409 303
11-1-1-0.05-50-0 1 2323 1 8 350 223 0.2520 0.2506 409 303
11-1-1-0.05-50-0 1 2323 1 8 350 222 0.2520 0.2506 409 303
11-1-1-0.05-50-0 1 2323 1 1 350 350 0.2520 0.2520 409 409
11-1-1-0.05-50-0 1 2324 1 8 360 227 0.2520 0.2506 409 303
11-1-1-0.05-50-0 1 2324 1 1 360 360 0.2520 0.2520 409 409
11-1-1-0.05-50-0 1 2324 1 1 359 359 0.2520 0.2520 409 409
11-1-1-0.05-50-0 1 2324 1 8 358 226 0.2520 0.2506 409 303
11-1-1-0.05-50-0 1 2324 1 8 358 225 0.2520 0.2506 409 303
11-1-1-0.05-50-0 1 2324 1 1 358 358 0.2520 0.2520 409 409
11-1-1-0.05-50-0 1 2324 1 1 357 357 0.2520 0.2520 409 409
11-1-1-0.05-50-0 1 2324 1 8 356 224 0.2520 0.2506 409 303
11-1-1-0.05-50-0 1 2324 1 8 356 223 0.2520 0.2506 409 303
11-1-1-0.05-50-0 1 2324 36 2 15 10 0.8162 0.8198 165 167
11-1-1-0.05-50-0 1 2324 1 1 356 356 0.2520 0.2520 409 409
11-1-1-0.05-50-0 1 2324 1 1 355 355 0.2520 0.2520 409 409
11-1-1-0.05-50-0 1 2324 1 1 354 354 0.2520 0.2520 409 409
11-1-1-0.05-50-0 1 2324 14 40 14 102 0.8451 0.9739 105 104
11-1-1-0.05-50-0 1 2324 14 41 14 97 0.8451 0.9621 105 105
11-1-1-0.05-50-0 1 2324 1 1 353 353 0.2520 0.2520 409 409
11-1-1-0.05-50-0 1 2325 1 8 364 224 0.2520 0.2506 409 303
11-1-1-0.05-50-0 1 2325 1 1 364 364 0.2520 0.2520 409 409
11-1-1-0.05-50-0 1 2325 1 1 363 363 0.2520 0.2520 409 409
11-1-1-0.05-50-0 1 2325 1 8 362 223 0.2520 0.2506 409 303
11-1-1-0.05-50-0 1 2325 25 11 119 2 0.9430 0.0504 125 384
11-1-1-0.05-50-0 1 2325 1 8 362 222 0.2520 0.2506 409 303
11-1-1-0.05-50-0 1 2325 1 8 362 221 0.2520 0.2506 409 303
11-1-1-0.05-50-0 1 2325 1 8 362 220 0.2520 0.2506 409 303
11-1-1-0.05-50-0 1 2325 1 10 362 88 0.2520 0.2533 409 449
11-1-1-0.05-50-0 1 2325 1 10 362 87 0.2520 0.2533 409 449
11-1-1-0.05-50-0 1 2325 1 8 362 219 0.2520 0.2506 409 303
11-1-1-0.05-50-0 1 2326 1 8 368 223 0.2520 0.2506 409 303
11-1-1-0.05-50-0 1 2326 40 29 100 1 0.9739 0.6728 104 177
11-1-1-0.05-50-0 1 2326 1 8 368 222 0.2520 0.2506 409 303
11-1-1-0.05-50-0 1 2326 1 1 368 368 0.2520 0.2520 409 409
11-1-1-0.05-50-0 1 2326 1 8 367 221 0.2520 0.2506 409 303
11-1-1-0.05-50-0 1 2326 1 8 367 220 0.2520 0.2506 409 303
11-1-1-0.05-50-0 1 2326 37 39 23 2 0.8481 0.2187 127 309
11-1-1-0.05-50-0 1 2326 1 8 367 219 0.2520 0.2506 409 303
11-1-1-0.05-50-0 1 2326 1 1 367 367 0.2520 0.2520 409 409
11-1-1-0.05-50-0 1 2327 1 1 370 370 0.2520 0.2520 409 409
11-1-1-0.05-50-0 1 2327 25 11 125 1 0.9430 0.0504 125 384
11-1-1-0.05-50-0 1 2327 1 10 369 89 0.2520 0.2533 409 449
11-1-1-0.05-50-0 1 2327 1 1 369 369 0.2520 0.2520 409 409
11-1-1-0.05-50-0 1 2327 1 1 368 368 0.2520 0.2520 409 409
11-1-1-0.05-50-0 1 2327 1 1 367 367 0.2520 0.2520 409 409
11-1-1-0.05-50-0 1 2328 1 8 375 214 0.2520 0.2506 409 303
11-1-1-0.05-50-0 1 2328 1 1 375 375 0.2520 0.2520 409 409
11-1-1-0.05-50-0 1 2328 1 1 374 374 0.2520 0.2520 409 409
11-1-1-0.05-50-0 1 2328 14 40 11 97 0.8451 0.9739 105 104
11-1-1-0.05-50-0 1 2328 1 1 373 373 0.2520 0.2520 409 409
11-1-1-0.05-50-0 1 2328 1 1 372 372 0.2520 0.2520 409 409
11-1-1-0.05-50-0 1 2328 1 1 371 371 0.2520 0.2520 409 409
11-1-1-0.05-50-0 1 2328 1 8 370 213 0.2520 0.2506 409 303
11-1-1-0.05-50-0 1 2329 1 8 362 208 0.2520 0.2506 409 303
11-1-1-0.05-50-0 1 2329 1 10 362 91 0.2520 0.2533 409 449
11-1-1-0.05-50-0 1 2329 1 1 362 362 0.2520 0.2520 409 409
11-1-1-0.05-50-0 1 2329 1 8 361 207 0.2520 0.2506 409 303
11-1-1-0.05-50-0 1 2329 40 34 100 1 0.9739 0.7448 104 168
11-1-1-0.05-50-0 1 2329 36 26 18 22 0.8162 0.8171 165 141
11-1-1-0.05-50-0 1 2330 1 1 366 366 0.2520 0.2520 409 409
11-1-1-0.05-50-0 1 2330 1 1 365 365 0.2520 0.2520 409 409
11-1-1-0.05-50-0 1 2330 41 11 103 1 0.9621 0.0504 105 384
11-1-1-0.05-50-0 1 2330 1 1 364 364 0.2520 0.2520 409 409
11-1-1-0.05-50-0 1 2330 1 1 363 363 0.2520 0.2520 409 409
11-1-1-0.05-50-0 1 2330 1 1 362 362 0.2520 0.2520 409 409
11-1-1-0.05-50-0 1 2330 1 8 361 209 0.2520 0.2506 409 303
11-1-1-0.05-50-0 1 2330 1 8 361 208 0.2520 0.2506 409 303
11-1-1-0.05-50-0 1 2331 1 1 369 369 0.2520 0.2520 409 409
11-1-1-0.05-50-0 1 2331 1 1 368 368 0.2520 0.2520 409 409
11-1-1-0.05-50-0 1 2331 1 1 367 367 0.2520 0.2520 409 409
11-1-1-0.05-50-0 1 2331 1 10 366 93 0.2520 0.2533 409 449
11-1-1-0.05-50-0 1 2331 36 37 21 23 0.8162 0.8481 165 127
11-1-1-0.05-50-0 1 2331 1 8 366 214 0.2520 0.2506 409 303
11-1-1-0.05-50-0 1 2331 1 1 366 366 0.2520 0.2520 409 409
11-1-1-0.05-50-0 1 2331 1 1 365 365 0.2520 0.2520 409 409
11-1-1-0.05-50-0 1 2331 36 2 21 9 0.8162 0.8198 165 167
11-1-1-0.05-50-0 1 2331 1 8 364 213 0.2520 0.2506 409 303
11-1-1-0.05-50-0 1 2331 36 26 21 22 0.8162 0.8171 165 141
11-1-1-0.05-50-0 1 2332 1 8 372 214 0.2520 0.2506 409 303
11-1-1-0.05-50-0 1 2332 1 8 372 213 0.2520 0.2506 409 303
11-1-1-0.05-50-0 1 2332 1 1 372 372 0.2520 0.2520 409 409
11-1-1-0.05-50-0 1 2332 1 8 371 212 0.2520 0.2506 409 303
11-1-1-0.05-50-0 1 2332 1 8 371 211 0.2520 0.2506 409 303
11-1-1-0.05-50-0 1 2332 1 1 371 371 0.2520 0.2520 409 409
11-1-1-0.05-50-0 1 2333 1 8 365 215 0.2520 0.2506 409 303
11-1-1-0.05-50-0 1 2333 1 10 365 95 0.2520 0.2533 409 449
11-1-1-0.05-50-0 1 2333 48 48 9 9 0.1153 0.1153 334 334
11-1-1-0.05-50-0 1 2333 1 1 365 365 0.2520 0.2520 409 409
11-1-1-0.05-50-0 1 2333 1 10 364 94 0.2520 0.2533 409 449
11-1-1-0.05-50-0 1 2333 1 1 364 364 0.2520 0.2520 409 409
11-1-1-0.05-50-0 1 2333 1 8 363 214 0.2520 0.2506 409 303
11-1-1-0.05-50-0 1 2333 1 1 363 363 0.2520 0.2520 409 409
11-1-1-0.05-50-0 1 2333 1 1 362 362 0.2520 0.2520 409 409
11-1-1-0.05-50-0 1 2334 1 1 358 358 0.2520 0.2520 409 409
11-1-1-0.05-50-0 1 2334 1 1 357 357 0.2520 0.2520 409 409
11-1-1-0.05-50-0 1 2334 48 48 8 8 0.1153 0.1153 334 334
11-1-1-0.05-50-0 1 2334 36 37 20 23 0.8162 0.8481 165 127
11-1-1-0.05-50-0 1 2334 1 1 356 356 0.2520 0.2520 409 409
11-1-1-0.05-50-0 1 2335 36 26 22 20 0.8162 0.8171 165 141
11-1-1-0.05-50-0 1 2335 1 1 360 360 0.2520 0.2520 409 409
11-1-1-0.05-50-0 1 2335 1 1 359 359 0.2520 0.2520 409 409
11-1-1-0.05-50-0 1 2335 48 48 7 7 0.1153 0.1153 334 334
11-1-1-0.05-50-0 1 2335 1 1 358 358 0.2520 0.2520 409 409
11-1-1-0.05-50-0 1 2335 1 1 357 357 0.2520 0.2520 409 409
11-1-1-0.05-50-0 1 2335 1 8 356 216 0.2520 0.2506 409 303
11-1-1-0.05-50-0 1 2335 1 1 356 356 0.2520 0.2520 409 409
11-1-1-0.05-50-0 1 2335 1 1 355 355 0.2520 0.2520 409 409
11-1-1-0.05-50-0 1 2336 1 8 357 228 0.2520 0.2506 409 303
11-1-1-0.05-50-0 1 2336 40 38 96 2 0.9739 0.6163 104 270
11-1-1-0.05-50-0 1 2336 1 8 357 227 0.2520 0.2506 409 303
11-1-1-0.05-50-0 1 2336 40 42 96 1 0.9739 0.7447 104 106
11-1-1-0.05-50-0 1 2336 1 1 357 357 0.2520 0.2520 409 409
11-1-1-0.05-50-0 1 2336 1 1 356 356 0.2520 0.2520 409 409
11-1-1-0.05-50-0 1 2336 48 48 6 6 0.1153 0.1153 334 334
11-1-1-0.05-50-0 1 2336 1 10 355 88 0.2520 0.2533 409 449
11-1-1-0.05-50-0 1 2336 1 8 355 226 0.2520 0.2506 409 303
11-1-1-0.05-50-0 1 2336 1 8 355 225 0.2520 0.2506 409 303
11-1-1-0.05-50-0 1 2337 1 1 358 358 0.2520 0.2520 409 409
11-1-1-0.05-50-0 1 2337 1 1 357 357 0.2520 0.2520 409 409
11-1-1-0.05-50-0 1 2337 1 1 356 356 0.2520 0.2520 409 409
11-1-1-0.05-50-0 1 2337 1 8 355 224 0.2520 0.2506 409 303
11-1-1-0.05-50-0 1 2337 1 8 355 223 0.2520 0.2506 409 303
11-1-1-0.05-50-0 1 2337 1 1 355 355 0.2520 0.2520 409 409
11-1-1-0.05-50-0 1 2338 1 8 354 220 0.2520 0.2506 409 303
11-1-1-0.05-50-0 1 2338 1 10 354 89 0.2520 0.2533 409 449
11-1-1-0.05-50-0 1 2338 1 1 354 354 0.2520 0.2520 409 409
11-1-1-0.05-50-0 1 2338 1 8 353 219 0.2520 0.2506 409 303
11-1-1-0.05-50-0 1 2338 1 1 353 353 0.2520 0.2520 409 409
11-1-1-0.05-50-0 1 2338 1 8 352 218 0.2520 0.2506 409 303
11-1-1-0.05-50-0 1 2338 1 8 352 217 0.2520 0.2506 409 303
11-1-1-0.05-50-0 1 2339 1 1 346 346 0.2520 0.2520 409 409
11-1-1-0.05-50-0 1 2339 1 1 345 345 0.2520 0.2520 409 409
11-1-1-0.05-50-0 1 2339 1 8 344 224 0.2520 0.2506 409 303
11-1-1-0.05-50-0 1 2339 1 1 344 344 0.2520 0.2520 409 409
11-1-1-0.05-50-0 1 2339 1 1 343 343 0.2520 0.2520 409 409
11-1-1-0.05-50-0 1 2339 1 1 342 342 0.2520 0.2520 409 409
11-1-1-0.05-50-0 1 2339 36 36 21 21 0.8162 0.8162 165 165
11-1-1-0.05-50-0 1 2339 1 1 341 341 0.2520 0.2520 409 409
11-1-1-0.05-50-0 1 2339 40 38 87 1 0.9739 0.6163 104 270
11-1-1-0.05-50-0 1 2339 1 1 340 340 0.2520 0.2520 409 409
11-1-1-0.05-50-0 1 2340 1 10 340 88 0.2520 0.2533 409 449
11-1-1-0.05-50-0 1 2340 36 36 20 20 0.8162 0.8162 165 165
11-1-1-0.05-50-0 1 2340 1 8 340 231 0.2520 0.2506 409 303
11-1-1-0.05-50-0 1 2340 1 1 340 340 0.2520 0.2520 409 409
11-1-1-0.05-50-0 1 2340 1 1 339 339 0.2520 0.2520 409 409
11-1-1-0.05-50-0 1 2340 1 8 338 230 0.2520 0.2506 409 303
11-1-1-0.05-50-0 1 2340 1 1 338 338 0.2520 0.2520 409 409
11-1-1-0.05-50-0 1 2340 1 8 337 229 0.2520 0.2506 409 303
11-1-1-0.05-50-0 1 2341 1 8 345 226 0.2520 0.2506 409 303
11-1-1-0.05-50-0 1 2341 1 1 345 345 0.2520 0.2520 409 409
11-1-1-0.05-50-0 1 2341 40 9 89 2 0.9739 0.6134 104 161
11-1-1-0.05-50-0 1 2341 1 10 344 89 0.2520 0.2533 409 449
11-1-1-0.05-50-0 1 2341 1 1 344 344 0.2520 0.2520 409 409
11-1-1-0.05-50-0 1 2341 1 1 343 343 0.2520 0.2520 409 409
11-1-1-0.05-50-0 1 2341 1 8 342 225 0.2520 0.2506 409 303
11-1-1-0.05-50-0 1 2341 1 1 342 342 0.2520 0.2520 409 409
11-1-1-0.05-50-0 1 2341 1 1 341 341 0.2520 0.2520 409 409
11-1-1-0.05-50-0 1 2341 1 1 340 340 0.2520 0.2520 409 409
11-1-1-0.05-50-0 1 2342 1 8 341 232 0.2520 0.2506 409 303
11-1-1-0.05-50-0 1 2342 40 32 91 1 0.9739 0.6514 104 215
11-1-1-0.05-50-0 1 2342 1 8 341 231 0.2520 0.2506 409 303
11-1-1-0.05-50-0 1 2342 1 1 341 341 0.2520 0.2520 409 409
11-1-1-0.05-50-0 1 2342 1 1 340 340 0.2520 0.2520 409 409
11-1-1-0.05-50-0 1 2342 1 8 339 230 0.2520 0.2506 409 303
11-1-1-0.05-50-0 1 2342 1 8 339 229 0.2520 0.2506 409 303
11-1-1-0.05-50-0 1 2342 1 8 339 228 0.2520 0.2506 409 303
11-1-1-0.05-50-0 1 2342 37 48 22 6 0.8481 0.1153 127 334
11-1-1-0.05-50-0 1 2343 14 41 13 100 0.8451 0.9621 105 105
11-1-1-0.05-50-0 1 2343 1 8 339 228 0.2520 0.2506 409 303
11-1-1-0.05-50-0 1 2343 1 8 339 227 0.2520 0.2506 409 303
11-1-1-0.05-50-0 1 2343 1 1 339 339 0.2520 0.2520 409 409
11-1-1-0.05-50-0 1 2344 14 20 13 37 0.8451 0.9922 105 102
11-1-1-0.05-50-0 1 2344 1 8 335 223 0.2520 0.2506 409 303
11-1-1-0.05-50-0 1 2344 1 8 335 222 0.2520 0.2506 409 303
11-1-1-0.05-50-0 1 2344 1 8 335 221 0.2520 0.2506 409 303
11-1-1-0.05-50-0 1 2344 20 21 36 2 0.9922 0.4184 102 158
11-1-1-0.05-50-0 1 2344 36 2 23 13 0.8162 0.8198 165 167
11-1-1-0.05-50-0 1 2344 37 48 24 5 0.8481 0.1153 127 334
11-1-1-0.05-50-0 1 2344 1 1 335 335 0.2520 0.2520 409 409
11-1-1-0.05-50-0 1 2344 1 8 334 220 0.2520 0.2506 409 303
11-1-1-0.05-50-0 1 2345 20 9 37 2 0.9922 0.6134 102 161
11-1-1-0.05-50-0 1 2345 1 1 341 341 0.2520 0.2520 409 409
11-1-1-0.05-50-0 1 2345 1 1 340 340 0.2520 0.2520 409 409
11-1-1-0.05-50-0 1 2345 1 1 339 339 0.2520 0.2520 409 409
11-1-1-0.05-50-0 1 2345 1 8 338 229 0.2520 0.2506 409 303
11-1-1-0.05-50-0 1 2345 1 1 338 338 0.2520 0.2520 409 409
11-1-1-0.05-50-0 1 2345 1 1 337 337 0.2520 0.2520 409 409
11-1-1-0.05-50-0 1 2345 1 1 336 336 0.2520 0.2520 409 409
11-1-1-0.05-50-0 1 2346 1 8 334 231 0.2520 0.2506 409 303
11-1-1-0.05-50-0 1 2346 1 1 334 334 0.2520 0.2520 409 409
11-1-1-0.05-50-0 1 2346 1 10 333 84 0.2520 0.2533 409 449
11-1-1-0.05-50-0 1 2346 1 1 333 333 0.2520 0.2520 409 409
11-1-1-0.05-50-0 1 2346 1 1 332 332 0.2520 0.2520 409 409
11-1-1-0.05-50-0 1 2347 1 10 345 84 0.2520 0.2533 409 449
11-1-1-0.05-50-0 1 2347 1 1 345 345 0.2520 0.2520 409 409
11-1-1-0.05-50-0 1 2347 1 1 344 344 0.2520 0.2520 409 409
11-1-1-0.05-50-0 1 2347 1 1 343 343 0.2520 0.2520 409 409
11-1-1-0.05-50-0 1 2347 1 1 342 342 0.2520 0.2520 409 409
11-1-1-0.05-50-0 1 2347 1 8 341 241 0.2520 0.2506 409 303
11-1-1-0.05-50-0 1 2347 1 1 341 341 0.2520 0.2520 409 409
11-1-1-0.05-50-0 1 2347 1 1 340 340 0.2520 0.2520 409 409
11-1-1-0.05-50-0 1 2348 1 1 340 340 0.2520 0.2520 409 409
11-1-1-0.05-50-0 1 2348 1 10 339 84 0.2520 0.2533 409 449
11-1-1-0.05-50-0 1 2348 1 8 339 248 0.2520 0.2506 409 303
11-1-1-0.05-50-0 1 2348 1 8 339 247 0.2520 0.2506 409 303
11-1-1-0.05-50-0 1 2348 1 1 339 339 0.2520 0.2520 409 409
11-1-1-0.05-50-0 1 2348 1 1 338 338 0.2520 0.2520 409 409
11-1-1-0.05-50-0 1 2348 41 4 105 1 0.9621 0.0723 105 351
11-1-1-0.05-50-0 1 2348 1 1 337 337 0.2520 0.2520 409 409
11-1-1-0.05-50-0 1 2348 14 20 11 36 0.8451 0.9922 105 102
11-1-1-0.05-50-0 1 2348 1 1 336 336 0.2520 0.2520 409 409
11-1-1-0.05-50-0 1 2348 1 1 335 335 0.2520 0.2520 409 409
11-1-1-0.05-50-0 1 2348 1 8 334 246 0.2520 0.2506 409 303
11-1-1-0.05-50-0 1 2348 1 8 334 245 0.2520 0.2506 409 303
11-1-1-0.05-50-0 1 2348 1 8 334 244 0.2520 0.2506 409 303
11-1-1-0.05-50-0 1 2348 1 1 334 334 0.2520 0.2520 409 409
11-1-1-0.05-50-0 1 2348 40 42 104 1 0.9739 0.7447 104 106
11-1-1-0.05-50-0 1 2349 1 10 338 82 0.2520 0.2533 409 449
11-1-1-0.05-50-0 1 2349 1 1 338 338 0.2520 0.2520 409 409
11-1-1-0.05-50-0 1 2349 36 36 24 24 0.8162 0.8162 165 165
11-1-1-0.05-50-0 1 2349 1 1 337 337 0.2520 0.2520 409 409
11-1-1-0.05-50-0 1 2349 1 8 336 243 0.2520 0.2506 409 303
11-1-1-0.05-50-0 1 2349 1 10 336 81 0.2520 0.2533 409 449
11-1-1-0.05-50-0 1 2349 26 21 27 3 0.8171 0.4184 141 158
11-1-1-0.05-50-0 1 2349 36 36 23 23 0.8162 0.8162 165 165
11-1-1-0.05-50-0 1 2350 1 8 333 243 0.2520 0.2506 409 303
11-1-1-0.05-50-0 1 2350 1 8 333 242 0.2520 0.2506 409 303
11-1-1-0.05-50-0 1 2350 1 8 333 241 0.2520 0.2506 409 303
11-1-1-0.05-50-0 1 2350 1 1 333 333 0.2520 0.2520 409 409
11-1-1-0.05-50-0 1 2350 14 41 10 105 0.8451 0.9621 105 105
11-1-1-0.05-50-0 1 2350 1 8 332 240 0.2520 0.2506 409 303
11-1-1-0.05-50-0 1 2350 1 1 332 332 0.2520 0.2520 409 409
11-1-1-0.05-50-0 1 2350 1 1 331 331 0.2520 0.2520 409 409
11-1-1-0.05-50-0 1 2350 1 1 330 330 0.2520 0.2520 409 409
11-1-1-0.05-50-0 1 2351 36 37 26 24 0.8162 0.8481 165 127
11-1-1-0.05-50-0 1 2351 36 37 26 23 0.8162 0.8481 165 127
11-1-1-0.05-50-0 1 2351 1 1 333 333 0.2520 0.2520 409 409
11-1-1-0.05-50-0 1 2351 1 1 332 332 0.2520 0.2520 409 409
11-1-1-0.05-50-0 1 2351 1 8 331 240 0.2520 0.2506 409 303
11-1-1-0.05-50-0 1 2351 36 26 26 28 0.8162 0.8171 165 141
11-1-1-0.05-50-0 1 2351 1 1 331 331 0.2520 0.2520 409 409
11-1-1-0.05-50-0 1 2351 1 1 330 330 0.2520 0.2520 409 409
11-1-1-0.05-50-0 1 2351 40 21 99 3 0.9739 0.4184 104 158
11-1-1-0.05-50-0 1 2351 1 10 329 83 0.2520 0.2533 409 449
11-1-1-0.05-50-0 1 2352 1 1 338 338 0.2520 0.2520 409 409
11-1-1-0.05-50-0 1 2352 1 1 337 337 0.2520 0.2520 409 409
11-1-1-0.05-50-0 1 2352 1 10 336 80 0.2520 0.2533 409 449
11-1-1-0.05-50-0 1 2352 26 21 25 2 0.8171 0.4184 141 158
11-1-1-0.05-50-0 1 2352 48 4 6 1 0.1153 0.0723 334 351
11-1-1-0.05-50-0 1 2352 1 1 336 336 0.2520 0.2520 409 409
11-1-1-0.05-50-0 1 2352 1 8 335 242 0.2520 0.2506 409 303
11-1-1-0.05-50-0 1 2352 1 1 335 335 0.2520 0.2520 409 409
11-1-1-0.05-50-0 1 2352 1 8 334 241 0.2520 0.2506 409 303
11-1-1-0.05-50-0 1 2353 20 9 40 1 0.9922 0.6134 102 161
11-1-1-0.05-50-0 1 2353 1 8 332 245 0.2520 0.2506 409 303
11-1-1-0.05-50-0 1 2353 1 1 332 332 0.2520 0.2520 409 409
11-1-1-0.05-50-0 1 2353 1 8 331 244 0.2520 0.2506 409 303
11-1-1-0.05-50-0 1 2353 1 8 331 243 0.2520 0.2506 409 303
11-1-1-0.05-50-0 1 2353 1 8 331 242 0.2520 0.2506 409 303
11-1-1-0.05-50-0 1 2353 1 1 331 331 0.2520 0.2520 409 409
11-1-1-0.05-50-0 1 2353 1 1 330 330 0.2520 0.2520 409 409
11-1-1-0.05-50-0 1 2354 1 8 331 241 0.2520 0.2506 409 303
11-1-1-0.05-50-0 1 2354 1 1 331 331 0.2520 0.2520 409 409
11-1-1-0.05-50-0 1 2354 36 26 26 23 0.8162 0.8171 165 141
11-1-1-0.05-50-0 1 2354 40 42 101 2 0.9739 0.7447 104 106
11-1-1-0.05-50-0 1 2354 1 8 330 240 0.2520 0.2506 409 303
11-1-1-0.05-50-0 1 2354 1 1 330 330 0.2520 0.2520 409 409
11-1-1-0.05-50-0 1 2354 1 8 329 239 0.2520 0.2506 409 303
11-1-1-0.05-50-0 1 2354 1 1 329 329 0.2520 0.2520 409 409
11-1-1-0.05-50-0 1 2354 1 1 328 328 0.2520 0.2520 409 409
11-1-1-0.05-50-0 1 2354 40 42 101 1 0.9739 0.7447 104 106
11-1-1-0.05-50-0 1 2355 1 10 327 84 0.2520 0.2533 409 449
11-1-1-0.05-50-0 1 2355 1 1 327 327 0.2520 0.2520 409 409
11-1-1-0.05-50-0 1 2355 1 10 326 83 0.2520 0.2533 409 449
11-1-1-0.05-50-0 1 2355 1 1 326 326 0.2520 0.2520 409 409
11-1-1-0.05-50-0 1 2355 20 21 41 1 0.9922 0.4184 102 158
11-1-1-0.05-50-0 1 2355 1 10 325 82 0.2520 0.2533 409 449
11-1-1-0.05-50-0 1 2355 1 10 325 81 0.2520 0.2533 409 449
11-1-1-0.05-50-0 1 2355 1 1 325 325 0.2520 0.2520 409 409
11-1-1-0.05-50-0 1 2356 1 1 331 331 0.2520 0.2520 409 409
11-1-1-0.05-50-0 1 2356 1 1 330 330 0.2520 0.2520 409 409
11-1-1-0.05-50-0 1 2356 1 10 329 78 0.2520 0.2533 409 449
11-1-1-0.05-50-0 1 2356 1 1 329 329 0.2520 0.2520 409 409
11-1-1-0.05-50-0 1 2356 1 8 328 249 0.2520 0.2506 409 303
11-1-1-0.05-50-0 1 2356 1 10 328 77 0.2520 0.2533 409 449
11-1-1-0.05-50-0 1 2356 37 48 19 7 0.8481 0.1153 127 334
11-1-1-0.05-50-0 1 2356 1 10 328 76 0.2520 0.2533 409 449
11-1-1-0.05-50-0 1 2356 1 1 328 328 0.2520 0.2520 409 409
11-1-1-0.05-50-0 1 2357 1 1 328 328 0.2520 0.2520 409 409
11-1-1-0.05-50-0 1 2357 1 10 327 76 0.2520 0.2533 409 449
11-1-1-0.05-50-0 1 2357 1 8 327 253 0.2520 0.2506 409 303
11-1-1-0.05-50-0 1 2357 1 8 327 252 0.2520 0.2506 409 303
11-1-1-0.05-50-0 1 2357 1 1 327 327 0.2520 0.2520 409 409
11-1-1-0.05-50-0 1 2357 1 1 326 326 0.2520 0.2520 409 409
11-1-1-0.05-50-0 1 2358 37 49 17 1 0.8481 0.1842 127 136
11-1-1-0.05-50-0 1 2358 41 4 104 1 0.9621 0.0723 105 351
11-1-1-0.05-50-0 1 2358 37 12 17 2 0.8481 0.1896 127 325
11-1-1-0.05-50-0 1 2358 1 1 325 325 0.2520 0.2520 409 409
11-1-1-0.05-50-0 1 2358 1 1 324 324 0.2520 0.2520 409 409
11-1-1-0.05-50-0 1 2359 40 3 99 1 0.9739 0.4813 104 321
11-1-1-0.05-50-0 1 2359 36 2 32 10 0.8162 0.8198 165 167
11-1-1-0.05-50-0 1 2359 1 8 331 244 0.2520 0.2506 409 303
11-1-1-0.05-50-0 1 2359 1 1 331 331 0.2520 0.2520 409 409
11-1-1-0.05-50-0 1 2359 1 1 330 330 0.2520 0.2520 409 409
11-1-1-0.05-50-0 1 2360 1 1 332 332 0.2520 0.2520 409 409
11-1-1-0.05-50-0 1 2360 1 10 331 74 0.2520 0.2533 409 449
11-1-1-0.05-50-0 1 2360 1 1 331 331 0.2520 0.2520 409 409
11-1-1-0.05-50-0 1 2360 1 8 330 243 0.2520 0.2506 409 303
11-1-1-0.05-50-0 1 2360 1 1 330 330 0.2520 0.2520 409 409
11-1-1-0.05-50-0 1 2361 1 8 334 258 0.2520 0.2506 409 303
11-1-1-0.05-50-0 1 2361 1 8 334 257 0.2520 0.2506 409 303
11-1-1-0.05-50-0 1 2361 1 8 334 256 0.2520 0.2506 409 303
11-1-1-0.05-50-0 1 2361 36 37 32 22 0.8162 0.8481 165 127
11-1-1-0.05-50-0 1 2361 1 8 334 255 0.2520 0.2506 409 303
11-1-1-0.05-50-0 1 2361 2 32 9 1 0.8198 0.6514 167 215
11-1-1-0.05-50-0 1 2361 37 48 21 10 0.8481 0.1153 127 334
11-1-1-0.05-50-0 1 2361 1 8 334 254 0.2520 0.2506 409 303
11-1-1-0.05-50-0 1 2362 1 8 339 256 0.2520 0.2506 409 303
11-1-1-0.05-50-0 1 2362 1 8 339 255 0.2520 0.2506 409 303
11-1-1-0.05-50-0 1 2362 1 1 339 339 0.2520 0.2520 409 409
11-1-1-0.05-50-0 1 2362 1 1 338 338 0.2520 0.2520 409 409
11-1-1-0.05-50-0 1 2362 1 1 337 337 0.2520 0.2520 409 409
11-1-1-0.05-50-0 1 2362 1 1 336 336 0.2520 0.2520 409 409
11-1-1-0.05-50-0 1 2362 1 1 335 335 0.2520 0.2520 409 409
11-1-1-0.05-50-0 1 2362 1 8 334 254 0.2520 0.2506 409 303
11-1-1-0.05-50-0 1 2362 1 8 334 253 0.2520 0.2506 409 303
11-1-1-0.05-50-0 1 2362 1 8 334 252 0.2520 0.2506 409 303
11-1-1-0.05-50-0 1 2362 1 1 334 334 0.2520 0.2520 409 409
11-1-1-0.05-50-0 1 2363 1 8 346 250 0.2520 0.2506 409 303
11-1-1-0.05-50-0 1 2363 1 8 346 249 0.2520 0.2506 409 303
11-1-1-0.05-50-0 1 2363 1 8 346 248 0.2520 0.2506 409 303
11-1-1-0.05-50-0 1 2363 1 8 346 247 0.2520 0.2506 409 303
11-1-1-0.05-50-0 1 2363 1 8 346 246 0.2520 0.2506 409 303
11-1-1-0.05-50-0 1 2363 1 1 346 346 0.2520 0.2520 409 409
11-1-1-0.05-50-0 1 2363 1 8 345 245 0.2520 0.2506 409 303
11-1-1-0.05-50-0 1 2363 1 8 345 244 0.2520 0.2506 409 303
11-1-1-0.05-50-0 1 2363 1 1 345 345 0.2520 0.2520 409 409
11-1-1-0.05-50-0 1 2363 1 1 344 344 0.2520 0.2520 409 409
11-1-1-0.05-50-0 1 2363 1 1 343 343 0.2520 0.2520 409 409
11-1-1-0.05-50-0 1 2364 1 10 344 67 0.2520 0.2533 409 449
11-1-1-0.05-50-0 1 2364 36 36 32 32 0.8162 0.8162 165 165
11-1-1-0.05-50-0 1 2364 1 8 344 243 0.2520 0.2506 409 303
11-1-1-0.05-50-0 1 2364 37 48 18 8 0.8481 0.1153 127 334
11-1-1-0.05-50-0 1 2364 1 1 344 344 0.2520 0.2520 409 409
11-1-1-0.05-50-0 1 2364 1 1 343 343 0.2520 0.2520 409 409
11-1-1-0.05-50-0 1 2364 1 8 342 242 0.2520 0.2506 409 303
11-1-1-0.05-50-0 1 2364 1 1 342 342 0.2520 0.2520 409 409
11-1-1-0.05-50-0 1 2365 1 8 339 243 0.2520 0.2506 409 303
11-1-1-0.05-50-0 1 2365 1 8 339 242 0.2520 0.2506 409 303
11-1-1-0.05-50-0 1 2365 1 8 339 241 0.2520 0.2506 409 303
11-1-1-0.05-50-0 1 2365 26 6 36 1 0.8171 0.4266 141 249
11-1-1-0.05-50-0 1 2365 1 8 339 240 0.2520 0.2506 409 303
11-1-1-0.05-50-0 1 2365 1 8 339 239 0.2520 0.2506 409 303
11-1-1-0.05-50-0 1 2365 1 1 339 339 0.2520 0.2520 409 409
11-1-1-0.05-50-0 1 2365 1 8 338 238 0.2520 0.2506 409 303
11-1-1-0.05-50-0 1 2365 1 1 338 338 0.2520 0.2520 409 409
11-1-1-0.05-50-0 1 2365 1 8 337 237 0.2520 0.2506 409 303
11-1-1-0.05-50-0 1 2366 1 8 342 238 0.2520 0.2506 409 303
11-1-1-0.05-50-0 1 2366 37 18 17 1 0.8481 0.2181 127 226
11-1-1-0.05-50-0 1 2366 36 36 34 34 0.8162 0.8162 165 165
11-1-1-0.05-50-0 1 2366 1 1 342 342 0.2520 0.2520 409 409
11-1-1-0.05-50-0 1 2366 1 8 341 237 0.2520 0.2506 409 303
11-1-1-0.05-50-0 1 2366 1 1 341 341 0.2520 0.2520 409 409
11-1-1-0.05-50-0 1 2366 1 1 340 340 0.2520 0.2520 409 409
11-1-1-0.05-50-0 1 2366 1 1 339 339 0.2520 0.2520 409 409
11-1-1-0.05-50-0 1 2366 1 8 338 236 0.2520 0.2506 409 303
11-1-1-0.05-50-0 1 2366 1 8 338 235 0.2520 0.2506 409 303
11-1-1-0.05-50-0 1 2366 1 8 338 234 0.2520 0.2506 409 303
11-1-1-0.05-50-0 1 2366 36 26 33 35 0.8162 0.8171 165 141
11-1-1-0.05-50-0 1 2367 1 8 336 235 0.2520 0.2506 409 303
11-1-1-0.05-50-0 1 2367 1 1 336 336 0.2520 0.2520 409 409
11-1-1-0.05-50-0 1 2367 1 1 335 335 0.2520 0.2520 409 409
11-1-1-0.05-50-0 1 2367 14 20 15 41 0.8451 0.9922 105 102
11-1-1-0.05-50-0 1 2367 1 8 334 234 0.2520 0.2506 409 303
11-1-1-0.05-50-0 1 2368 1 1 339 339 0.2520 0.2520 409 409
11-1-1-0.05-50-0 1 2368 1 8 338 236 0.2520 0.2506 409 303
11-1-1-0.05-50-0 1 2368 1 1 338 338 0.2520 0.2520 409 409
11-1-1-0.05-50-0 1 2368 1 10 337 72 0.2520 0.2533 409 449
11-1-1-0.05-50-0 1 2368 48 48 7 7 0.1153 0.1153 334 334
11-1-1-0.05-50-0 1 2368 1 10 337 71 0.2520 0.2533 409 449
11-1-1-0.05-50-0 1 2368 1 1 337 337 0.2520 0.2520 409 409
11-1-1-0.05-50-0 1 2369 1 1 337 337 0.2520 0.2520 409 409
11-1-1-0.05-50-0 1 2369 1 1 336 336 0.2520 0.2520 409 409
11-1-1-0.05-50-0 1 2369 1 1 335 335 0.2520 0.2520 409 409
11-1-1-0.05-50-0 1 2369 1 8 334 236 0.2520 0.2506 409 303
11-1-1-0.05-50-0 1 2369 1 10 334 67 0.2520 0.2533 409 449
11-1-1-0.05-50-0 1 2369 1 1 334 334 0.2520 0.2520 409 409
11-1-1-0.05-50-0 1 2369 1 8 333 235 0.2520 0.2506 409 303
11-1-1-0.05-50-0 1 2369 1 10 333 66 0.2520 0.2533 409 449
11-1-1-0.05-50-0 1 2369 1 1 333 333 0.2520 0.2520 409 409
11-1-1-0.05-50-0 1 2370 1 8 335 241 0.2520 0.2506 409 303
11-1-1-0.05-50-0 1 2370 1 1 335 335 0.2520 0.2520 409 409
11-1-1-0.05-50-0 1 2370 1 1 334 334 0.2520 0.2520 409 409
11-1-1-0.05-50-0 1 2370 1 1 333 333 0.2520 0.2520 409 409
11-1-1-0.05-50-0 1 2370 1 1 332 332 0.2520 0.2520 409 409
11-1-1-0.05-50-0 1 2370 36 14 33 14 0.8162 0.8451 165 105
11-1-1-0.05-50-0 1 2370 1 10 331 66 0.2520 0.2533 409 449
11-1-1-0.05-50-0 1 2370 1 8 331 240 0.2520 0.2506 409 303
11-1-1-0.05-50-0 1 2370 36 26 33 37 0.8162 0.8171 165 141
11-1-1-0.05-50-0 1 2370 1 1 331 331 0.2520 0.2520 409 409
11-1-1-0.05-50-0 1 2370 1 8 330 239 0.2520 0.2506 409 303
11-1-1-0.05-50-0 1 2370 1 1 330 330 0.2520 0.2520 409 409
11-1-1-0.05-50-0 1 2370 1 1 329 329 0.2520 0.2520 409 409
11-1-1-0.05-50-0 1 2371 40 34 103 1 0.9739 0.7448 104 168
11-1-1-0.05-50-0 1 2371 1 1 327 327 0.2520 0.2520 409 409
11-1-1-0.05-50-0 1 2371 1 8 326 246 0.2520 0.2506 409 303
11-1-1-0.05-50-0 1 2371 1 1 326 326 0.2520 0.2520 409 409
11-1-1-0.05-50-0 1 2371 1 1 325 325 0.2520 0.2520 409 409
11-1-1-0.05-50-0 1 2371 36 37 34 14 0.8162 0.8481 165 127
11-1-1-0.05-50-0 1 2371 1 1 324 324 0.2520 0.2520 409 409
11-1-1-0.05-50-0 1 2371 1 8 323 245 0.2520 0.2506 409 303
11-1-1-0.05-50-0 1 2371 1 1 323 323 0.2520 0.2520 409 409
11-1-1-0.05-50-0 1 2372 1 1 319 319 0.2520 0.2520 409 409
11-1-1-0.05-50-0 1 2372 40 6 103 1 0.9739 0.4266 104 249
11-1-1-0.05-50-0 1 2372 1 10 318 64 0.2520 0.2533 409 449
11-1-1-0.05-50-0 1 2372 1 8 318 248 0.2520 0.2506 409 303
11-1-1-0.05-50-0 1 2372 1 1 318 318 0.2520 0.2520 409 409
11-1-1-0.05-50-0 1 2372 1 1 317 317 0.2520 0.2520 409 409
11-1-1-0.05-50-0 1 2372 36 36 36 36 0.8162 0.8162 165 165
11-1-1-0.05-50-0 1 2372 41 4 94 2 0.9621 0.0723 105 351
11-1-1-0.05-50-0 1 2372 1 8 316 247 0.2520 0.2506 409 303
11-1-1-0.05-50-0 1 2372 1 1 316 316 0.2520 0.2520 409 409
11-1-1-0.05-50-0 1 2373 1 8 324 255 0.2520 0.2506 409 303
11-1-1-0.05-50-0 1 2373 1 1 324 324 0.2520 0.2520 409 409
11-1-1-0.05-50-0 1 2373 36 37 39 13 0.8162 0.8481 165 127
11-1-1-0.05-50-0 1 2373 1 8 323 254 0.2520 0.2506 409 303
11-1-1-0.05-50-0 1 2373 1 8 323 253 0.2520 0.2506 409 303
11-1-1-0.05-50-0 1 2373 1 8 323 252 0.2520 0.2506 409 303
11-1-1-0.05-50-0 1 2373 1 1 323 323 0.2520 0.2520 409 409
11-1-1-0.05-50-0 1 2373 1 1 322 322 0.2520 0.2520 409 409
11-1-1-0.05-50-0 1 2374 1 8 328 255 0.2520 0.2506 409 303
11-1-1-0.05-50-0 1 2374 36 14 42 10 0.8162 0.8451 165 105
11-1-1-0.05-50-0 1 2374 1 8 328 254 0.2520 0.2506 409 303
11-1-1-0.05-50-0 1 2374 1 8 328 253 0.2520 0.2506 409 303
11-1-1-0.05-50-0 1 2374 1 1 328 328 0.2520 0.2520 409 409
11-1-1-0.05-50-0 1 2374 1 8 327 252 0.2520 0.2506 409 303
11-1-1-0.05-50-0 1 2374 1 8 327 251 0.2520 0.2506 409 303
11-1-1-0.05-50-0 1 2374 1 1 327 327 0.2520 0.2520 409 409
11-1-1-0.05-50-0 1 2375 20 30 42 1 0.9922 0.6008 102 266
11-1-1-0.05-50-0 1 2375 1 1 331 331 0.2520 0.2520 409 409
11-1-1-0.05-50-0 1 2375 1 8 330 258 0.2520 0.2506 409 303
11-1-1-0.05-50-0 1 2375 1 1 330 330 0.2520 0.2520 409 409
11-1-1-0.05-50-0 1 2375 1 1 329 329 0.2520 0.2520 409 409
11-1-1-0.05-50-0 1 2375 1 1 328 328 0.2520 0.2520 409 409
11-1-1-0.05-50-0 1 2376 1 1 323 323 0.2520 0.2520 409 409
11-1-1-0.05-50-0 1 2376 41 11 96 1 0.9621 0.0504 105 384
11-1-1-0.05-50-0 1 2376 1 8 322 260 0.2520 0.2506 409 303
11-1-1-0.05-50-0 1 2376 1 8 322 259 0.2520 0.2506 409 303
11-1-1-0.05-50-0 1 2376 36 37 39 9 0.8162 0.8481 165 127
11-1-1-0.05-50-0 1 2376 1 8 322 258 0.2520 0.2506 409 303
11-1-1-0.05-50-0 1 2376 1 8 322 257 0.2520 0.2506 409 303
11-1-1-0.05-50-0 1 2376 1 1 322 322 0.2520 0.2520 409 409
11-1-1-0.05-50-0 1 2376 40 31 99 1 0.9739 0.5626 104 252
11-1-1-0.05-50-0 1 2376 1 1 321 321 0.2520 0.2520 409 409
11-1-1-0.05-50-0 1 2376 1 1 320 320 0.2520 0.2520 409 409
11-1-1-0.05-50-0 1 2377 1 1 322 322 0.2520 0.2520 409 409
11-1-1-0.05-50-0 1 2377 1 8 321 257 0.2520 0.2506 409 303
11-1-1-0.05-50-0 1 2377 1 10 321 64 0.2520 0.2533 409 449
11-1-1-0.05-50-0 1 2377 1 1 321 321 0.2520 0.2520 409 409
11-1-1-0.05-50-0 1 2377 1 10 320 63 0.2520 0.2533 409 449
11-1-1-0.05-50-0 1 2377 1 1 320 320 0.2520 0.2520 409 409
11-1-1-0.05-50-0 1 2377 1 8 319 256 0.2520 0.2506 409 303
11-1-1-0.05-50-0 1 2378 1 1 328 328 0.2520 0.2520 409 409
11-1-1-0.05-50-0 1 2378 1 8 327 254 0.2520 0.2506 409 303
11-1-1-0.05-50-0 1 2378 1 8 327 253 0.2520 0.2506 409 303
11-1-1-0.05-50-0 1 2378 41 5 99 1 0.9621 0.0007 105 226
11-1-1-0.05-50-0 1 2378 36 2 40 8 0.8162 0.8198 165 167
11-1-1-0.05-50-0 1 2378 1 1 327 327 0.2520 0.2520 409 409
11-1-1-0.05-50-0 1 2378 1 1 326 326 0.2520 0.2520 409 409
11-1-1-0.05-50-0 1 2378 14 36 9 40 0.8451 0.8162 105 165
11-1-1-0.05-50-0 1 2378 1 8 325 252 0.2520 0.2506 409 303
11-1-1-0.05-50-0 1 2378 1 1 325 325 0.2520 0.2520 409 409
11-1-1-0.05-50-0 1 2378 20 38 47 1 0.9922 0.6163 102 270
11-1-1-0.05-50-0 1 2379 1 1 333 333 0.2520 0.2520 409 409
11-1-1-0.05-50-0 1 2379 1 1 332 332 0.2520 0.2520 409 409
11-1-1-0.05-50-0 1 2379 1 1 331 331 0.2520 0.2520 409 409
11-1-1-0.05-50-0 1 2379 1 8 330 252 0.2520 0.2506 409 303
11-1-1-0.05-50-0 1 2379 1 8 330 251 0.2520 0.2506 409 303
11-1-1-0.05-50-0 1 2379 1 8 330 250 0.2520 0.2506 409 303
11-1-1-0.05-50-0 1 2379 1 1 330 330 0.2520 0.2520 409 409
11-1-1-0.05-50-0 1 2379 1 1 329 329 0.2520 0.2520 409 409
11-1-1-0.05-50-0 1 2379 1 1 328 328 0.2520 0.2520 409 409
11-1-1-0.05-50-0 1 2379 40 28 102 1 0.9739 0.3846 104 311
11-1-1-0.05-50-0 1 2380 1 1 326 326 0.2520 0.2520 409 409
11-1-1-0.05-50-0 1 2380 1 10 325 63 0.2520 0.2533 409 449
11-1-1-0.05-50-0 1 2380 1 8 325 253 0.2520 0.2506 409 303
11-1-1-0.05-50-0 1 2380 1 10 325 62 0.2520 0.2533 409 449
11-1-1-0.05-50-0 1 2380 48 48 9 9 0.1153 0.1153 334 334
11-1-1-0.05-50-0 1 2380 1 1 325 325 0.2520 0.2520 409 409
11-1-1-0.05-50-0 1 2380 1 8 324 252 0.2520 0.2506 409 303
11-1-1-0.05-50-0 1 2380 1 1 324 324 0.2520 0.2520 409 409
11-1-1-0.05-50-0 1 2380 1 1 323 323 0.2520 0.2520 409 409
11-1-1-0.05-50-0 1 2380 1 10 322 61 0.2520 0.2533 409 449
11-1-1-0.05-50-0 1 2380 1 1 322 322 0.2520 0.2520 409 409
11-1-1-0.05-50-0 1 2381 1 1 319 319 0.2520 0.2520 409 409
11-1-1-0.05-50-0 1 2381 1 8 318 251 0.2520 0.2506 409 303
11-1-1-0.05-50-0 1 2381 1 8 318 250 0.2520 0.2506 409 303
11-1-1-0.05-50-0 1 2381 36 26 38 48 0.8162 0.8171 165 141
11-1-1-0.05-50-0 1 2381 1 8 318 249 0.2520 0.2506 409 303
11-1-1-0.05-50-0 1 2381 1 8 318 248 0.2520 0.2506 409 303
11-1-1-0.05-50-0 1 2382 1 8 328 248 0.2520 0.2506 409 303
11-1-1-0.05-50-0 1 2382 1 8 328 247 0.2520 0.2506 409 303
11-1-1-0.05-50-0 1 2382 1 10 328 59 0.2520 0.2533 409 449
11-1-1-0.05-50-0 1 2382 1 1 328 328 0.2520 0.2520 409 409
11-1-1-0.05-50-0 1 2383 1 1 336 336 0.2520 0.2520 409 409
11-1-1-0.05-50-0 1 2383 1 8 335 242 0.2520 0.2506 409 303
11-1-1-0.05-50-0 1 2383 1 10 335 61 0.2520 0.2533 409 449
11-1-1-0.05-50-0 1 2383 1 8 335 241 0.2520 0.2506 409 303
11-1-1-0.05-50-0 1 2383 1 1 335 335 0.2520 0.2520 409 409
11-1-1-0.05-50-0 1 2383 1 1 334 334 0.2520 0.2520 409 409
11-1-1-0.05-50-0 1 2384 1 10 341 60 0.2520 0.2533 409 449
11-1-1-0.05-50-0 1 2384 9 8 1 238 0.6134 0.2506 161 303
11-1-1-0.05-50-0 1 2384 1 8 341 237 0.2520 0.2506 409 303
11-1-1-0.05-50-0 1 2384 1 1 341 341 0.2520 0.2520 409 409
11-1-1-0.05-50-0 1 2384 40 45 104 1 0.9739 0.3816 104 173
11-1-1-0.05-50-0 1 2384 1 1 340 340 0.2520 0.2520 409 409
11-1-1-0.05-50-0 1 2384 1 8 339 236 0.2520 0.2506 409 303
11-1-1-0.05-50-0 1 2384 1 8 339 235 0.2520 0.2506 409 303
11-1-1-0.05-50-0 1 2384 1 8 339 234 0.2520 0.2506 409 303
11-1-1-0.05-50-0 1 2384 41 4 101 2 0.9621 0.0723 105 351
11-1-1-0.05-50-0 1 2384 1 1 339 339 0.2520 0.2520 409 409
11-1-1-0.05-50-0 1 2384 1 1 338 338 0.2520 0.2520 409 409
11-1-1-0.05-50-0 1 2385 36 36 39 39 0.8162 0.8162 165 165
11-1-1-0.05-50-0 1 2385 1 8 350 240 0.2520 0.2506 409 303
11-1-1-0.05-50-0 1 2385 1 8 350 239 0.2520 0.2506 409 303
11-1-1-0.05-50-0 1 2385 1 1 350 350 0.2520 0.2520 409 409
11-1-1-0.05-50-0 1 2385 1 8 349 238 0.2520 0.2506 409 303
11-1-1-0.05-50-0 1 2385 1 1 349 349 0.2520 0.2520 409 409
11-1-1-0.05-50-0 1 2385 1 1 348 348 0.2520 0.2520 409 409
11-1-1-0.05-50-0 1 2385 1 1 347 347 0.2520 0.2520 409 409
11-1-1-0.05-50-0 1 2385 48 48 8 8 0.1153 0.1153 334 334
11-1-1-0.05-50-0 1 2385 1 8 346 237 0.2520 0.2506 409 303
11-1-1-0.05-50-0 1 2385 1 8 346 236 0.2520 0.2506 409 303
11-1-1-0.05-50-0 1 2385 20 9 51 1 0.9922 0.6134 102 161
11-1-1-0.05-50-0 1 2385 1 1 346 346 0.2520 0.2520 409 409
11-1-1-0.05-50-0 1 2385 36 36 38 38 0.8162 0.8162 165 165
11-1-1-0.05-50-0 1 2386 36 26 37 50 0.8162 0.8171 165 141
11-1-1-0.05-50-0 1 2386 40 15 101 1 0.9739 0.7918 104 149
11-1-1-0.05-50-0 1 2386 36 2 37 7 0.8162 0.8198 165 167
11-1-1-0.05-50-0 1 2386 1 8 358 240 0.2520 0.2506 409 303
11-1-1-0.05-50-0 1 2386 1 8 358 239 0.2520 0.2506 409 303
11-1-1-0.05-50-0 1 2386 1 1 358 358 0.2520 0.2520 409 409
11-1-1-0.05-50-0 1 2386 1 1 357 357 0.2520 0.2520 409 409
11-1-1-0.05-50-0 1 2386 1 1 356 356 0.2520 0.2520 409 409
11-1-1-0.05-50-0 1 2386 1 8 355 238 0.2520 0.2506 409 303
11-1-1-0.05-50-0 1 2386 41 4 98 1 0.9621 0.0723 105 351
11-1-1-0.05-50-0 1 2386 1 8 355 237 0.2520 0.2506 409 303
11-1-1-0.05-50-0 1 2386 36 36 37 37 0.8162 0.8162 165 165
11-1-1-0.05-50-0 1 2387 1 10 355 64 0.2520 0.2533 409 449
11-1-1-0.05-50-0 1 2387 36 36 32 32 0.8162 0.8162 165 165
11-1-1-0.05-50-0 1 2387 1 1 355 355 0.2520 0.2520 409 409
11-1-1-0.05-50-0 1 2387 1 1 354 354 0.2520 0.2520 409 409
11-1-1-0.05-50-0 1 2387 1 1 353 353 0.2520 0.2520 409 409
11-1-1-0.05-50-0 1 2387 14 25 9 121 0.8451 0.9430 105 125
11-1-1-0.05-50-0 1 2387 1 1 352 352 0.2520 0.2520 409 409
11-1-1-0.05-50-0 1 2387 1 8 351 232 0.2520 0.2506 409 303
11-1-1-0.05-50-0 1 2387 1 1 351 351 0.2520 0.2520 409 409
11-1-1-0.05-50-0 1 2388 1 8 353 231 0.2520 0.2506 409 303
11-1-1-0.05-50-0 1 2388 36 26 32 56 0.8162 0.8171 165 141
11-1-1-0.05-50-0 1 2388 1 8 353 230 0.2520 0.2506 409 303
11-1-1-0.05-50-0 1 2388 1 1 353 353 0.2520 0.2520 409 409
11-1-1-0.05-50-0 1 2389 36 36 33 33 0.8162 0.8162 165 165
11-1-1-0.05-50-0 1 2389 1 8 356 235 0.2520 0.2506 409 303
11-1-1-0.05-50-0 1 2389 1 1 356 356 0.2520 0.2520 409 409
11-1-1-0.05-50-0 1 2389 36 26 32 52 0.8162 0.8171 165 141
11-1-1-0.05-50-0 1 2389 1 8 355 234 0.2520 0.2506 409 303
11-1-1-0.05-50-0 1 2389 1 1 355 355 0.2520 0.2520 409 409
11-1-1-0.05-50-0 1 2389 1 1 354 354 0.2520 0.2520 409 409
11-1-1-0.05-50-0 1 2389 1 8 353 233 0.2520 0.2506 409 303
11-1-1-0.05-50-0 1 2389 1 8 353 232 0.2520 0.2506 409 303
11-1-1-0.05-50-0 1 2389 1 8 353 231 0.2520 0.2506 409 303
11-1-1-0.05-50-0 1 2389 1 8 353 230 0.2520 0.2506 409 303
11-1-1-0.05-50-0 1 2389 1 8 353 229 0.2520 0.2506 409 303
11-1-1-0.05-50-0 1 2389 1 8 353 228 0.2520 0.2506 409 303
11-1-1-0.05-50-0 1 2389 1 8 353 227 0.2520 0.2506 409 303
11-1-1-0.05-50-0 1 2390 1 1 363 363 0.2520 0.2520 409 409
11-1-1-0.05-50-0 1 2390 1 8 362 227 0.2520 0.2506 409 303
11-1-1-0.05-50-0 1 2390 1 1 362 362 0.2520 0.2520 409 409
11-1-1-0.05-50-0 1 2390 1 1 361 361 0.2520 0.2520 409 409
11-1-1-0.05-50-0 1 2390 1 1 360 360 0.2520 0.2520 409 409
11-1-1-0.05-50-0 1 2390 1 8 359 226 0.2520 0.2506 409 303
11-1-1-0.05-50-0 1 2390 1 10 359 69 0.2520 0.2533 409 449
11-1-1-0.05-50-0 1 2390 1 8 359 225 0.2520 0.2506 409 303
11-1-1-0.05-50-0 1 2391 1 1 366 366 0.2520 0.2520 409 409
11-1-1-0.05-50-0 1 2391 1 8 365 228 0.2520 0.2506 409 303
11-1-1-0.05-50-0 1 2391 1 1 365 365 0.2520 0.2520 409 409
11-1-1-0.05-50-0 1 2391 36 14 32 11 0.8162 0.8451 165 105
11-1-1-0.05-50-0 1 2391 1 1 364 364 0.2520 0.2520 409 409
11-1-1-0.05-50-0 1 2391 40 17 103 2 0.9739 0.6398 104 197
11-1-1-0.05-50-0 1 2391 1 1 363 363 0.2520 0.2520 409 409
11-1-1-0.05-50-0 1 2391 1 1 362 362 0.2520 0.2520 409 409
11-1-1-0.05-50-0 1 2391 1 8 361 227 0.2520 0.2506 409 303
11-1-1-0.05-50-0 1 2392 1 8 367 229 0.2520 0.2506 409 303
11-1-1-0.05-50-0 1 2392 1 1 367 367 0.2520 0.2520 409 409
11-1-1-0.05-50-0 1 2392 1 8 366 228 0.2520 0.2506 409 303
11-1-1-0.05-50-0 1 2392 1 1 366 366 0.2520 0.2520 409 409
11-1-1-0.05-50-0 1 2392 36 43 33 7 0.8162 0.8316 165 123
11-1-1-0.05-50-0 1 2392 1 1 365 365 0.2520 0.2520 409 409
11-1-1-0.05-50-0 1 2392 1 10 364 64 0.2520 0.2533 409 449
11-1-1-0.05-50-0 1 2392 40 17 104 1 0.9739 0.6398 104 197
11-1-1-0.05-50-0 1 2393 1 10 368 63 0.2520 0.2533 409 449
11-1-1-0.05-50-0 1 2393 1 1 368 368 0.2520 0.2520 409 409
11-1-1-0.05-50-0 1 2393 1 8 367 228 0.2520 0.2506 409 303
11-1-1-0.05-50-0 1 2393 1 1 367 367 0.2520 0.2520 409 409
11-1-1-0.05-50-0 1 2393 1 10 366 62 0.2520 0.2533 409 449
11-1-1-0.05-50-0 1 2393 14 7 12 105 0.8451 0.9267 105 106
11-1-1-0.05-50-0 1 2393 36 36 31 31 0.8162 0.8162 165 165
11-1-1-0.05-50-0 1 2393 1 1 366 366 0.2520 0.2520 409 409
11-1-1-0.05-50-0 1 2393 1 1 365 365 0.2520 0.2520 409 409
11-1-1-0.05-50-0 1 2394 36 36 27 27 0.8162 0.8162 165 165
11-1-1-0.05-50-0 1 2394 40 6 104 1 0.9739 0.4266 104 249
11-1-1-0.05-50-0 1 2394 1 8 367 229 0.2520 0.2506 409 303
11-1-1-0.05-50-0 1 2394 1 1 367 367 0.2520 0.2520 409 409
11-1-1-0.05-50-0 1 2394 36 26 26 59 0.8162 0.8171 165 141
11-1-1-0.05-50-0 1 2394 1 1 366 366 0.2520 0.2520 409 409
11-1-1-0.05-50-0 1 2394 1 1 365 365 0.2520 0.2520 409 409
11-1-1-0.05-50-0 1 2394 1 1 364 364 0.2520 0.2520 409 409
11-1-1-0.05-50-0 1 2394 1 1 363 363 0.2520 0.2520 409 409
11-1-1-0.05-50-0 1 2394 1 1 362 362 0.2520 0.2520 409 409
11-1-1-0.05-50-0 1 2395 1 8 362 230 0.2520 0.2506 409 303
11-1-1-0.05-50-0 1 2395 1 1 362 362 0.2520 0.2520 409 409
11-1-1-0.05-50-0 1 2395 1 8 361 229 0.2520 0.2506 409 303
11-1-1-0.05-50-0 1 2395 1 8 361 228 0.2520 0.2506 409 303
11-1-1-0.05-50-0 1 2395 40 44 104 1 0.9739 0.7034 104 118
11-1-1-0.05-50-0 1 2396 1 8 366 226 0.2520 0.2506 409 303
11-1-1-0.05-50-0 1 2396 1 10 366 59 0.2520 0.2533 409 449
11-1-1-0.05-50-0 1 2396 1 10 366 58 0.2520 0.2533 409 449
11-1-1-0.05-50-0 1 2396 1 1 366 366 0.2520 0.2520 409 409
11-1-1-0.05-50-0 1 2396 1 1 365 365 0.2520 0.2520 409 409
11-1-1-0.05-50-0 1 2396 1 1 364 364 0.2520 0.2520 409 409
11-1-1-0.05-50-0 1 2396 1 8 363 225 0.2520 0.2506 409 303
11-1-1-0.05-50-0 1 2397 1 8 366 219 0.2520 0.2506 409 303
11-1-1-0.05-50-0 1 2397 1 8 366 218 0.2520 0.2506 409 303
11-1-1-0.05-50-0 1 2397 1 1 366 366 0.2520 0.2520 409 409
11-1-1-0.05-50-0 1 2397 1 8 365 217 0.2520 0.2506 409 303
11-1-1-0.05-50-0 1 2397 1 8 365 216 0.2520 0.2506 409 303
11-1-1-0.05-50-0 1 2398 1 1 367 367 0.2520 0.2520 409 409
11-1-1-0.05-50-0 1 2398 1 10 366 52 0.2520 0.2533 409 449
11-1-1-0.05-50-0 1 2398 1 1 366 366 0.2520 0.2520 409 409
11-1-1-0.05-50-0 1 2398 1 1 365 365 0.2520 0.2520 409 409
11-1-1-0.05-50-0 1 2398 1 10 364 51 0.2520 0.2533 409 449
11-1-1-0.05-50-0 1 2398 1 1 364 364 0.2520 0.2520 409 409
11-1-1-0.05-50-0 1 2398 1 8 363 207 0.2520 0.2506 409 303
11-1-1-0.05-50-0 1 2398 1 8 363 206 0.2520 0.2506 409 303
11-1-1-0.05-50-0 1 2398 1 8 363 205 0.2520 0.2506 409 303
11-1-1-0.05-50-0 1 2398 41 11 99 1 0.9621 0.0504 105 384
11-1-1-0.05-50-0 1 2398 1 8 363 204 0.2520 0.2506 409 303
11-1-1-0.05-50-0 1 2399 1 1 379 379 0.2520 0.2520 409 409
11-1-1-0.05-50-0 1 2399 1 1 378 378 0.2520 0.2520 409 409
11-1-1-0.05-50-0 1 2399 1 1 377 377 0.2520 0.2520 409 409
11-1-1-0.05-50-0 1 2399 1 10 376 51 0.2520 0.2533 409 449
11-1-1-0.05-50-0 1 2399 40 9 98 1 0.9739 0.6134 104 161
11-1-1-0.05-50-0 1 2399 1 8 376 204 0.2520 0.2506 409 303
11-1-1-0.05-50-0 1 2399 1 1 376 376 0.2520 0.2520 409 409
11-1-1-0.05-50-0 1 2400 1 10 380 54 0.2520 0.2533 409 449
11-1-1-0.05-50-0 1 2400 1 1 380 380 0.2520 0.2520 409 409
11-1-1-0.05-50-0 1 2400 1 1 379 379 0.2520 0.2520 409 409
11-1-1-0.05-50-0 1 2400 1 1 378 378 0.2520 0.2520 409 409
11-1-1-0.05-50-0 1 2400 1 8 377 214 0.2520 0.2506 409 303
11-1-1-0.05-50-0 1 2400 1 8 377 213 0.2520 0.2506 409 303
11-1-1-0.05-50-0 1 2400 1 10 377 53 0.2520 0.2533 409 449
11-1-1-0.05-50-0 1 2400 1 1 377 377 0.2520 0.2520 409 409
11-1-1-0.05-50-0 1 2400 1 1 376 376 0.2520 0.2520 409 409
11-1-1-0.05-50-0 1 2400 1 1 375 375 0.2520 0.2520 409 409
11-1-1-0.05-50-0 1 2400 1 1 374 374 0.2520 0.2520 409 409
11-1-1-0.05-50-0 1 2401 1 1 373 373 0.2520 0.2520 409 409
11-1-1-0.05-50-0 1 2401 36 26 25 63 0.8162 0.8171 165 141
11-1-1-0.05-50-0 1 2401 1 1 372 372 0.2520 0.2520 409 409
11-1-1-0.05-50-0 1 2401 1 1 371 371 0.2520 0.2520 409 409
11-1-1-0.05-50-0 1 2401 1 1 370 370 0.2520 0.2520 409 409
11-1-1-0.05-50-0 1 2401 1 10 369 53 0.2520 0.2533 409 449
11-1-1-0.05-50-0 1 2401 36 36 25 25 0.8162 0.8162 165 165
11-1-1-0.05-50-0 1 2401 36 14 24 12 0.8162 0.8451 165 105
11-1-1-0.05-50-0 1 2402 36 26 25 63 0.8162 0.8171 165 141
11-1-1-0.05-50-0 1 2402 40 42 104 1 0.9739 0.7447 104 106
11-1-1-0.05-50-0 1 2402 1 1 366 366 0.2520 0.2520 409 409
11-1-1-0.05-50-0 1 2402 1 1 365 365 0.2520 0.2520 409 409
11-1-1-0.05-50-0 1 2402 1 10 364 53 0.2520 0.2533 409 449
11-1-1-0.05-50-0 1 2402 1 1 364 364 0.2520 0.2520 409 409
11-1-1-0.05-50-0 1 2402 1 1 363 363 0.2520 0.2520 409 409
11-1-1-0.05-50-0 1 2402 1 8 362 215 0.2520 0.2506 409 303
11-1-1-0.05-50-0 1 2402 1 8 362 214 0.2520 0.2506 409 303
11-1-1-0.05-50-0 1 2403 20 28 61 1 0.9922 0.3846 102 311
11-1-1-0.05-50-0 1 2403 1 1 362 362 0.2520 0.2520 409 409
11-1-1-0.05-50-0 1 2403 1 8 361 218 0.2520 0.2506 409 303
11-1-1-0.05-50-0 1 2403 36 26 24 66 0.8162 0.8171 165 141
11-1-1-0.05-50-0 1 2403 1 10 361 55 0.2520 0.2533 409 449
11-1-1-0.05-50-0 1 2404 1 1 368 368 0.2520 0.2520 409 409
11-1-1-0.05-50-0 1 2404 1 1 367 367 0.2520 0.2520 409 409
11-1-1-0.05-50-0 1 2404 1 8 366 224 0.2520 0.2506 409 303
11-1-1-0.05-50-0 1 2404 1 8 366 223 0.2520 0.2506 409 303
11-1-1-0.05-50-0 1 2404 1 1 366 366 0.2520 0.2520 409 409
11-1-1-0.05-50-0 1 2404 1 1 365 365 0.2520 0.2520 409 409
11-1-1-0.05-50-0 1 2405 14 40 14 96 0.8451 0.9739 105 104
11-1-1-0.05-50-0 1 2405 1 1 366 366 0.2520 0.2520 409 409
11-1-1-0.05-50-0 1 2405 14 40 14 95 0.8451 0.9739 105 104
11-1-1-0.05-50-0 1 2405 1 8 365 222 0.2520 0.2506 409 303
11-1-1-0.05-50-0 1 2405 1 1 365 365 0.2520 0.2520 409 409
11-1-1-0.05-50-0 1 2405 1 1 364 364 0.2520 0.2520 409 409
11-1-1-0.05-50-0 1 2406 1 1 368 368 0.2520 0.2520 409 409
11-1-1-0.05-50-0 1 2406 1 1 367 367 0.2520 0.2520 409 409
11-1-1-0.05-50-0 1 2406 1 10 366 55 0.2520 0.2533 409 449
11-1-1-0.05-50-0 1 2406 1 1 366 366 0.2520 0.2520 409 409
11-1-1-0.05-50-0 1 2406 1 10 365 54 0.2520 0.2533 409 449
11-1-1-0.05-50-0 1 2406 1 8 365 222 0.2520 0.2506 409 303
11-1-1-0.05-50-0 1 2406 1 1 365 365 0.2520 0.2520 409 409
11-1-1-0.05-50-0 1 2406 1 1 364 364 0.2520 0.2520 409 409
11-1-1-0.05-50-0 1 2406 1 1 363 363 0.2520 0.2520 409 409
11-1-1-0.05-50-0 1 2407 1 1 364 364 0.2520 0.2520 409 409
11-1-1-0.05-50-0 1 2407 1 10 363 52 0.2520 0.2533 409 449
11-1-1-0.05-50-0 1 2407 1 1 363 363 0.2520 0.2520 409 409
11-1-1-0.05-50-0 1 2407 1 10 362 51 0.2520 0.2533 409 449
11-1-1-0.05-50-0 1 2407 1 1 362 362 0.2520 0.2520 409 409
11-1-1-0.05-50-0 1 2407 1 1 361 361 0.2520 0.2520 409 409
11-1-1-0.05-50-0 1 2407 1 23 360 4 0.2520 0.1698 409 476
11-1-1-0.05-50-0 1 2407 1 1 360 360 0.2520 0.2520 409 409
11-1-1-0.05-50-0 1 2407 1 8 359 225 0.2520 0.2506 409 303
11-1-1-0.05-50-0 1 2408 1 1 363 363 0.2520 0.2520 409 409
11-1-1-0.05-50-0 1 2408 1 8 362 227 0.2520 0.2506 409 303
11-1-1-0.05-50-0 1 2408 1 1 362 362 0.2520 0.2520 409 409
11-1-1-0.05-50-0 1 2408 1 10 361 48 0.2520 0.2533 409 449
11-1-1-0.05-50-0 1 2408 1 8 361 226 0.2520 0.2506 409 303
11-1-1-0.05-50-0 1 2408 1 8 361 225 0.2520 0.2506 409 303
11-1-1-0.05-50-0 1 2408 1 1 361 361 0.2520 0.2520 409 409
11-1-1-0.05-50-0 1 2408 36 26 30 63 0.8162 0.8171 165 141
11-1-1-0.05-50-0 1 2408 1 1 360 360 0.2520 0.2520 409 409
11-1-1-0.05-50-0 1 2408 1 1 359 359 0.2520 0.2520 409 409
11-1-1-0.05-50-0 1 2408 1 8 358 224 0.2520 0.2506 409 303
11-1-1-0.05-50-0 1 2409 1 1 361 361 0.2520 0.2520 409 409
11-1-1-0.05-50-0 1 2409 1 1 360 360 0.2520 0.2520 409 409
11-1-1-0.05-50-0 1 2409 20 9 60 1 0.9922 0.6134 102 161
11-1-1-0.05-50-0 1 2409 1 1 359 359 0.2520 0.2520 409 409
11-1-1-0.05-50-0 1 2409 1 8 358 224 0.2520 0.2506 409 303
11-1-1-0.05-50-0 1 2409 1 1 358 358 0.2520 0.2520 409 409
11-1-1-0.05-50-0 1 2409 1 8 357 223 0.2520 0.2506 409 303
11-1-1-0.05-50-0 1 2409 41 11 94 1 0.9621 0.0504 105 384
11-1-1-0.05-50-0 1 2410 1 1 364 364 0.2520 0.2520 409 409
11-1-1-0.05-50-0 1 2410 36 14 31 17 0.8162 0.8451 165 105
11-1-1-0.05-50-0 1 2410 1 1 363 363 0.2520 0.2520 409 409
11-1-1-0.05-50-0 1 2410 1 8 362 231 0.2520 0.2506 409 303
11-1-1-0.05-50-0 1 2410 1 1 362 362 0.2520 0.2520 409 409
11-1-1-0.05-50-0 1 2411 1 1 361 361 0.2520 0.2520 409 409
11-1-1-0.05-50-0 1 2411 1 1 360 360 0.2520 0.2520 409 409
11-1-1-0.05-50-0 1 2411 1 1 359 359 0.2520 0.2520 409 409
11-1-1-0.05-50-0 1 2411 1 1 358 358 0.2520 0.2520 409 409
11-1-1-0.05-50-0 1 2411 1 1 357 357 0.2520 0.2520 409 409
11-1-1-0.05-50-0 1 2411 1 1 356 356 0.2520 0.2520 409 409
11-1-1-0.05-50-0 1 2411 20 28 57 1 0.9922 0.3846 102 311
11-1-1-0.05-50-0 1 2412 1 1 368 368 0.2520 0.2520 409 409
11-1-1-0.05-50-0 1 2412 1 8 367 246 0.2520 0.2506 409 303
11-1-1-0.05-50-0 1 2412 1 1 367 367 0.2520 0.2520 409 409
11-1-1-0.05-50-0 1 2412 1 1 366 366 0.2520 0.2520 409 409
11-1-1-0.05-50-0 1 2412 1 8 365 245 0.2520 0.2506 409 303
11-1-1-0.05-50-0 1 2412 1 1 365 365 0.2520 0.2520 409 409
11-1-1-0.05-50-0 1 2412 1 8 364 244 0.2520 0.2506 409 303
11-1-1-0.05-50-0 1 2412 1 1 364 364 0.2520 0.2520 409 409
11-1-1-0.05-50-0 1 2413 36 26 29 70 0.8162 0.8171 165 141
11-1-1-0.05-50-0 1 2413 1 1 367 367 0.2520 0.2520 409 409
11-1-1-0.05-50-0 1 2413 1 1 366 366 0.2520 0.2520 409 409
11-1-1-0.05-50-0 1 2413 14 20 20 54 0.8451 0.9922 105 102
11-1-1-0.05-50-0 1 2413 36 14 29 20 0.8162 0.8451 165 105
11-1-1-0.05-50-0 1 2413 1 1 365 365 0.2520 0.2520 409 409
11-1-1-0.05-50-0 1 2413 1 8 364 244 0.2520 0.2506 409 303
11-1-1-0.05-50-0 1 2413 1 1 364 364 0.2520 0.2520 409 409
11-1-1-0.05-50-0 1 2413 1 8 363 243 0.2520 0.2506 409 303
11-1-1-0.05-50-0 1 2414 1 8 372 245 0.2520 0.2506 409 303
11-1-1-0.05-50-0 1 2414 1 1 372 372 0.2520 0.2520 409 409
11-1-1-0.05-50-0 1 2414 1 10 371 52 0.2520 0.2533 409 449
11-1-1-0.05-50-0 1 2414 1 8 371 244 0.2520 0.2506 409 303
11-1-1-0.05-50-0 1 2414 1 1 371 371 0.2520 0.2520 409 409
11-1-1-0.05-50-0 1 2414 14 25 19 118 0.8451 0.9430 105 125
11-1-1-0.05-50-0 1 2414 1 1 370 370 0.2520 0.2520 409 409
11-1-1-0.05-50-0 1 2414 1 1 369 369 0.2520 0.2520 409 409
11-1-1-0.05-50-0 1 2414 1 8 368 243 0.2520 0.2506 409 303
11-1-1-0.05-50-0 1 2414 1 1 368 368 0.2520 0.2520 409 409
11-1-1-0.05-50-0 1 2414 1 1 367 367 0.2520 0.2520 409 409
11-1-1-0.05-50-0 1 2414 1 1 366 366 0.2520 0.2520 409 409
11-1-1-0.05-50-0 1 2414 1 8 365 242 0.2520 0.2506 409 303
11-1-1-0.05-50-0 1 2415 1 1 364 364 0.2520 0.2520 409 409
11-1-1-0.05-50-0 1 2415 1 8 363 242 0.2520 0.2506 409 303
11-1-1-0.05-50-0 1 2415 40 28 90 1 0.9739 0.3846 104 311
11-1-1-0.05-50-0 1 2415 1 8 363 241 0.2520 0.2506 409 303
11-1-1-0.05-50-0 1 2415 1 1 363 363 0.2520 0.2520 409 409
11-1-1-0.05-50-0 1 2415 1 1 362 362 0.2520 0.2520 409 409
11-1-1-0.05-50-0 1 2415 1 1 361 361 0.2520 0.2520 409 409
11-1-1-0.05-50-0 1 2416 14 47 22 77 0.8451 0.9293 105 103
11-1-1-0.05-50-0 1 2416 1 1 357 357 0.2520 0.2520 409 409
11-1-1-0.05-50-0 1 2416 25 35 116 1 0.9430 0.0354 125 158
11-1-1-0.05-50-0 1 2416 1 1 356 356 0.2520 0.2520 409 409
11-1-1-0.05-50-0 1 2416 1 1 355 355 0.2520 0.2520 409 409
11-1-1-0.05-50-0 1 2416 1 1 354 354 0.2520 0.2520 409 409
11-1-1-0.05-50-0 1 2416 1 8 353 247 0.2520 0.2506 409 303
11-1-1-0.05-50-0 1 2417 36 26 28 71 0.8162 0.8171 165 141
11-1-1-0.05-50-0 1 2417 1 8 360 244 0.2520 0.2506 409 303
11-1-1-0.05-50-0 1 2417 1 1 360 360 0.2520 0.2520 409 409
11-1-1-0.05-50-0 1 2417 1 1 359 359 0.2520 0.2520 409 409
11-1-1-0.05-50-0 1 2417 1 8 358 243 0.2520 0.2506 409 303
11-1-1-0.05-50-0 1 2417 1 1 358 358 0.2520 0.2520 409 409
11-1-1-0.05-50-0 1 2417 1 1 357 357 0.2520 0.2520 409 409
11-1-1-0.05-50-0 1 2417 1 1 356 356 0.2520 0.2520 409 409
11-1-1-0.05-50-0 1 2417 1 1 355 355 0.2520 0.2520 409 409
11-1-1-0.05-50-0 1 2417 1 10 354 52 0.2520 0.2533 409 449
11-1-1-0.05-50-0 1 2417 1 1 354 354 0.2520 0.2520 409 409
11-1-1-0.05-50-0 1 2417 1 10 353 51 0.2520 0.2533 409 449
11-1-1-0.05-50-0 1 2418 1 8 358 242 0.2520 0.2506 409 303
11-1-1-0.05-50-0 1 2418 1 8 358 241 0.2520 0.2506 409 303
11-1-1-0.05-50-0 1 2418 1 8 358 240 0.2520 0.2506 409 303
11-1-1-0.05-50-0 1 2418 1 1 358 358 0.2520 0.2520 409 409
11-1-1-0.05-50-0 1 2418 1 1 357 357 0.2520 0.2520 409 409
11-1-1-0.05-50-0 1 2418 1 1 356 356 0.2520 0.2520 409 409
11-1-1-0.05-50-0 1 2418 1 8 355 239 0.2520 0.2506 409 303
11-1-1-0.05-50-0 1 2418 1 10 355 52 0.2520 0.2533 409 449
11-1-1-0.05-50-0 1 2419 20 32 54 1 0.9922 0.6514 102 215
11-1-1-0.05-50-0 1 2419 1 1 359 359 0.2520 0.2520 409 409
11-1-1-0.05-50-0 1 2419 1 1 358 358 0.2520 0.2520 409 409
11-1-1-0.05-50-0 1 2419 1 8 357 238 0.2520 0.2506 409 303
11-1-1-0.05-50-0 1 2419 14 13 22 151 0.8451 0.8878 105 151
11-1-1-0.05-50-0 1 2419 1 1 357 357 0.2520 0.2520 409 409
11-1-1-0.05-50-0 1 2419 1 8 356 237 0.2520 0.2506 409 303
11-1-1-0.05-50-0 1 2419 1 8 356 236 0.2520 0.2506 409 303
11-1-1-0.05-50-0 1 2419 1 1 356 356 0.2520 0.2520 409 409
11-1-1-0.05-50-0 1 2420 14 26 22 66 0.8451 0.8171 105 141
11-1-1-0.05-50-0 1 2420 1 1 359 359 0.2520 0.2520 409 409
11-1-1-0.05-50-0 1 2420 1 8 358 231 0.2520 0.2506 409 303
11-1-1-0.05-50-0 1 2420 1 8 358 230 0.2520 0.2506 409 303
11-1-1-0.05-50-0 1 2420 1 1 358 358 0.2520 0.2520 409 409
11-1-1-0.05-50-0 1 2420 1 10 357 55 0.2520 0.2533 409 449
11-1-1-0.05-50-0 1 2420 1 1 357 357 0.2520 0.2520 409 409
11-1-1-0.05-50-0 1 2420 1 1 356 356 0.2520 0.2520 409 409
11-1-1-0.05-50-0 1 2420 1 1 355 355 0.2520 0.2520 409 409
11-1-1-0.05-50-0 1 2420 1 8 354 229 0.2520 0.2506 409 303
11-1-1-0.05-50-0 1 2420 14 20 22 56 0.8451 0.9922 105 102
11-1-1-0.05-50-0 1 2420 36 26 33 65 0.8162 0.8171 165 141
11-1-1-0.05-50-0 1 2420 1 8 354 228 0.2520 0.2506 409 303
11-1-1-0.05-50-0 1 2420 1 8 354 227 0.2520 0.2506 409 303
11-1-1-0.05-50-0 1 2421 1 1 372 372 0.2520 0.2520 409 409
11-1-1-0.05-50-0 1 2421 1 8 371 228 0.2520 0.2506 409 303
11-1-1-0.05-50-0 1 2421 1 1 371 371 0.2520 0.2520 409 409
11-1-1-0.05-50-0 1 2421 1 8 370 227 0.2520 0.2506 409 303
11-1-1-0.05-50-0 1 2421 14 36 21 34 0.8451 0.8162 105 165
11-1-1-0.05-50-0 1 2421 1 8 370 226 0.2520 0.2506 409 303
11-1-1-0.05-50-0 1 2421 1 1 370 370 0.2520 0.2520 409 409
11-1-1-0.05-50-0 1 2422 1 8 367 227 0.2520 0.2506 409 303
11-1-1-0.05-50-0 1 2422 1 1 367 367 0.2520 0.2520 409 409
11-1-1-0.05-50-0 1 2422 1 1 366 366 0.2520 0.2520 409 409
11-1-1-0.05-50-0 1 2422 1 8 365 226 0.2520 0.2506 409 303
11-1-1-0.05-50-0 1 2422 1 1 365 365 0.2520 0.2520 409 409
11-1-1-0.05-50-0 1 2422 1 8 364 225 0.2520 0.2506 409 303
11-1-1-0.05-50-0 1 2422 36 14 33 19 0.8162 0.8451 165 105
11-1-1-0.05-50-0 1 2422 1 8 364 224 0.2520 0.2506 409 303
11-1-1-0.05-50-0 1 2422 1 1 364 364 0.2520 0.2520 409 409
11-1-1-0.05-50-0 1 2422 1 10 363 60 0.2520 0.2533 409 449
11-1-1-0.05-50-0 1 2423 1 10 373 57 0.2520 0.2533 409 449
11-1-1-0.05-50-0 1 2423 1 8 373 218 0.2520 0.2506 409 303
11-1-1-0.05-50-0 1 2423 1 8 373 217 0.2520 0.2506 409 303
11-1-1-0.05-50-0 1 2423 14 25 17 125 0.8451 0.9430 105 125
11-1-1-0.05-50-0 1 2423 1 10 373 56 0.2520 0.2533 409 449
11-1-1-0.05-50-0 1 2423 20 28 53 2 0.9922 0.3846 102 311
11-1-1-0.05-50-0 1 2423 1 8 373 216 0.2520 0.2506 409 303
11-1-1-0.05-50-0 1 2423 36 26 35 58 0.8162 0.8171 165 141
11-1-1-0.05-50-0 1 2423 1 8 373 215 0.2520 0.2506 409 303
11-1-1-0.05-50-0 1 2423 36 26 35 57 0.8162 0.8171 165 141
11-1-1-0.05-50-0 1 2424 1 8 374 214 0.2520 0.2506 409 303
11-1-1-0.05-50-0 1 2424 26 6 55 1 0.8171 0.4266 141 249
11-1-1-0.05-50-0 1 2424 1 1 374 374 0.2520 0.2520 409 409
11-1-1-0.05-50-0 1 2424 40 9 88 2 0.9739 0.6134 104 161
11-1-1-0.05-50-0 1 2424 1 8 373 213 0.2520 0.2506 409 303
11-1-1-0.05-50-0 1 2424 1 1 373 373 0.2520 0.2520 409 409
11-1-1-0.05-50-0 1 2424 1 1 372 372 0.2520 0.2520 409 409
11-1-1-0.05-50-0 1 2424 1 1 371 371 0.2520 0.2520 409 409
11-1-1-0.05-50-0 1 2424 36 26 34 55 0.8162 0.8171 165 141
11-1-1-0.05-50-0 1 2425 1 1 371 371 0.2520 0.2520 409 409
11-1-1-0.05-50-0 1 2425 1 1 370 370 0.2520 0.2520 409 409
11-1-1-0.05-50-0 1 2425 1 8 369 220 0.2520 0.2506 409 303
11-1-1-0.05-50-0 1 2425 1 1 369 369 0.2520 0.2520 409 409
11-1-1-0.05-50-0 1 2425 1 1 368 368 0.2520 0.2520 409 409
11-1-1-0.05-50-0 1 2425 1 8 367 219 0.2520 0.2506 409 303
11-1-1-0.05-50-0 1 2425 1 1 367 367 0.2520 0.2520 409 409
11-1-1-0.05-50-0 1 2426 1 8 363 217 0.2520 0.2506 409 303
11-1-1-0.05-50-0 1 2426 1 1 363 363 0.2520 0.2520 409 409
11-1-1-0.05-50-0 1 2426 1 8 362 216 0.2520 0.2506 409 303
11-1-1-0.05-50-0 1 2426 1 8 362 215 0.2520 0.2506 409 303
11-1-1-0.05-50-0 1 2426 1 8 362 214 0.2520 0.2506 409 303
11-1-1-0.05-50-0 1 2426 1 8 362 213 0.2520 0.2506 409 303
11-1-1-0.05-50-0 1 2426 1 8 362 212 0.2520 0.2506 409 303
11-1-1-0.05-50-0 1 2426 14 7 15 106 0.8451 0.9267 105 106
11-1-1-0.05-50-0 1 2426 1 1 362 362 0.2520 0.2520 409 409
11-1-1-0.05-50-0 1 2426 1 1 361 361 0.2520 0.2520 409 409
11-1-1-0.05-50-0 1 2426 1 10 360 57 0.2520 0.2533 409 449
11-1-1-0.05-50-0 1 2426 1 1 360 360 0.2520 0.2520 409 409
11-1-1-0.05-50-0 1 2427 40 15 89 2 0.9739 0.7918 104 149
11-1-1-0.05-50-0 1 2427 1 8 367 216 0.2520 0.2506 409 303
11-1-1-0.05-50-0 1 2427 1 1 367 367 0.2520 0.2520 409 409
11-1-1-0.05-50-0 1 2427 1 1 366 366 0.2520 0.2520 409 409
11-1-1-0.05-50-0 1 2427 1 1 365 365 0.2520 0.2520 409 409
11-1-1-0.05-50-0 1 2427 1 8 364 215 0.2520 0.2506 409 303
11-1-1-0.05-50-0 1 2427 1 1 364 364 0.2520 0.2520 409 409
11-1-1-0.05-50-0 1 2427 1 8 363 214 0.2520 0.2506 409 303
11-1-1-0.05-50-0 1 2427 1 1 363 363 0.2520 0.2520 409 409
11-1-1-0.05-50-0 1 2427 1 1 362 362 0.2520 0.2520 409 409
11-1-1-0.05-50-0 1 2427 1 8 361 213 0.2520 0.2506 409 303
11-1-1-0.05-50-0 1 2427 1 1 361 361 0.2520 0.2520 409 409
11-1-1-0.05-50-0 1 2428 9 10 1 57 0.6134 0.2533 161 449
11-1-1-0.05-50-0 1 2428 40 38 86 1 0.9739 0.6163 104 270
11-1-1-0.05-50-0 1 2428 26 28 60 2 0.8171 0.3846 141 311
11-1-1-0.05-50-0 1 2428 1 1 358 358 0.2520 0.2520 409 409
11-1-1-0.05-50-0 1 2428 1 1 357 357 0.2520 0.2520 409 409
11-1-1-0.05-50-0 1 2428 1 1 356 356 0.2520 0.2520 409 409
11-1-1-0.05-50-0 1 2429 1 8 354 218 0.2520 0.2506 409 303
11-1-1-0.05-50-0 1 2429 1 8 354 217 0.2520 0.2506 409 303
11-1-1-0.05-50-0 1 2429 1 8 354 216 0.2520 0.2506 409 303
11-1-1-0.05-50-0 1 2429 14 13 15 150 0.8451 0.8878 105 151
11-1-1-0.05-50-0 1 2429 1 1 354 354 0.2520 0.2520 409 409
11-1-1-0.05-50-0 1 2429 1 1 353 353 0.2520 0.2520 409 409
11-1-1-0.05-50-0 1 2429 1 8 352 215 0.2520 0.2506 409 303
11-1-1-0.05-50-0 1 2430 1 8 357 214 0.2520 0.2506 409 303
11-1-1-0.05-50-0 1 2430 1 8 357 213 0.2520 0.2506 409 303
11-1-1-0.05-50-0 1 2430 1 1 357 357 0.2520 0.2520 409 409
11-1-1-0.05-50-0 1 2430 40 21 91 1 0.9739 0.4184 104 158
11-1-1-0.05-50-0 1 2430 20 28 52 1 0.9922 0.3846 102 311
11-1-1-0.05-50-0 1 2430 1 8 356 212 0.2520 0.2506 409 303
11-1-1-0.05-50-0 1 2430 1 1 356 356 0.2520 0.2520 409 409
11-1-1-0.05-50-0 1 2430 1 8 355 211 0.2520 0.2506 409 303
11-1-1-0.05-50-0 1 2431 36 36 38 38 0.8162 0.8162 165 165
11-1-1-0.05-50-0 1 2431 36 26 37 62 0.8162 0.8171 165 141
11-1-1-0.05-50-0 1 2431 1 10 367 64 0.2520 0.2533 409 449
11-1-1-0.05-50-0 1 2431 1 1 367 367 0.2520 0.2520 409 409
11-1-1-0.05-50-0 1 2431 1 1 366 366 0.2520 0.2520 409 409
11-1-1-0.05-50-0 1 2431 36 26 37 61 0.8162 0.8171 165 141
11-1-1-0.05-50-0 1 2431 1 1 365 365 0.2520 0.2520 409 409
11-1-1-0.05-50-0 1 2431 1 8 364 214 0.2520 0.2506 409 303
11-1-1-0.05-50-0 1 2432 14 7 15 104 0.8451 0.9267 105 106
11-1-1-0.05-50-0 1 2432 14 7 15 103 0.8451 0.9267 105 106
11-1-1-0.05-50-0 1 2432 1 1 365 365 0.2520 0.2520 409 409
11-1-1-0.05-50-0 1 2432 20 30 52 2 0.9922 0.6008 102 266
11-1-1-0.05-50-0 1 2432 1 1 364 364 0.2520 0.2520 409 409
11-1-1-0.05-50-0 1 2432 36 14 37 15 0.8162 0.8451 165 105
11-1-1-0.05-50-0 1 2433 1 10 356 61 0.2520 0.2533 409 449
11-1-1-0.05-50-0 1 2433 1 1 356 356 0.2520 0.2520 409 409
11-1-1-0.05-50-0 1 2433 1 1 355 355 0.2520 0.2520 409 409
11-1-1-0.05-50-0 1 2433 40 34 97 1 0.9739 0.7448 104 168
11-1-1-0.05-50-0 1 2433 1 1 354 354 0.2520 0.2520 409 409
11-1-1-0.05-50-0 1 2434 1 1 348 348 0.2520 0.2520 409 409
11-1-1-0.05-50-0 1 2434 36 43 39 5 0.8162 0.8316 165 123
11-1-1-0.05-50-0 1 2434 40 9 93 1 0.9739 0.6134 104 161
11-1-1-0.05-50-0 1 2434 40 29 93 2 0.9739 0.6728 104 177
11-1-1-0.05-50-0 1 2434 1 8 347 230 0.2520 0.2506 409 303
11-1-1-0.05-50-0 1 2434 1 8 347 229 0.2520 0.2506 409 303
11-1-1-0.05-50-0 1 2434 1 1 347 347 0.2520 0.2520 409 409
11-1-1-0.05-50-0 1 2435 36 26 39 60 0.8162 0.8171 165 141
11-1-1-0.05-50-0 1 2435 1 8 357 230 0.2520 0.2506 409 303
11-1-1-0.05-50-0 1 2435 36 36 39 39 0.8162 0.8162 165 165
11-1-1-0.05-50-0 1 2435 1 1 357 357 0.2520 0.2520 409 409
11-1-1-0.05-50-0 1 2435 1 10 356 61 0.2520 0.2533 409 449
11-1-1-0.05-50-0 1 2435 36 14 38 13 0.8162 0.8451 165 105
11-1-1-0.05-50-0 1 2435 1 8 356 229 0.2520 0.2506 409 303
11-1-1-0.05-50-0 1 2435 1 8 356 228 0.2520 0.2506 409 303
11-1-1-0.05-50-0 1 2436 1 8 361 234 0.2520 0.2506 409 303
11-1-1-0.05-50-0 1 2436 1 8 361 233 0.2520 0.2506 409 303
11-1-1-0.05-50-0 1 2437 1 8 363 238 0.2520 0.2506 409 303
11-1-1-0.05-50-0 1 2437 14 47 14 96 0.8451 0.9293 105 103
11-1-1-0.05-50-0 1 2437 1 8 363 237 0.2520 0.2506 409 303
11-1-1-0.05-50-0 1 2437 1 1 363 363 0.2520 0.2520 409 409
11-1-1-0.05-50-0 1 2437 36 14 39 14 0.8162 0.8451 165 105
11-1-1-0.05-50-0 1 2437 1 8 362 236 0.2520 0.2506 409 303
11-1-1-0.05-50-0 1 2437 1 8 362 235 0.2520 0.2506 409 303
11-1-1-0.05-50-0 1 2437 1 1 362 362 0.2520 0.2520 409 409
11-1-1-0.05-50-0 1 2437 1 1 361 361 0.2520 0.2520 409 409
11-1-1-0.05-50-0 1 2437 1 1 360 360 0.2520 0.2520 409 409
11-1-1-0.05-50-0 1 2437 1 1 359 359 0.2520 0.2520 409 409
11-1-1-0.05-50-0 1 2438 1 8 364 239 0.2520 0.2506 409 303
11-1-1-0.05-50-0 1 2438 1 8 364 238 0.2520 0.2506 409 303
11-1-1-0.05-50-0 1 2438 36 36 39 39 0.8162 0.8162 165 165
11-1-1-0.05-50-0 1 2438 1 1 364 364 0.2520 0.2520 409 409
11-1-1-0.05-50-0 1 2438 1 8 363 237 0.2520 0.2506 409 303
11-1-1-0.05-50-0 1 2438 1 8 363 236 0.2520 0.2506 409 303
11-1-1-0.05-50-0 1 2438 1 1 363 363 0.2520 0.2520 409 409
11-1-1-0.05-50-0 1 2438 36 26 38 60 0.8162 0.8171 165 141
11-1-1-0.05-50-0 1 2438 1 8 362 235 0.2520 0.2506 409 303
11-1-1-0.05-50-0 1 2439 1 1 371 371 0.2520 0.2520 409 409
11-1-1-0.05-50-0 1 2439 1 1 370 370 0.2520 0.2520 409 409
11-1-1-0.05-50-0 1 2439 1 8 369 233 0.2520 0.2506 409 303
11-1-1-0.05-50-0 1 2439 1 1 369 369 0.2520 0.2520 409 409
11-1-1-0.05-50-0 1 2439 1 1 368 368 0.2520 0.2520 409 409
11-1-1-0.05-50-0 1 2439 36 26 38 63 0.8162 0.8171 165 141
11-1-1-0.05-50-0 1 2439 1 1 367 367 0.2520 0.2520 409 409
11-1-1-0.05-50-0 1 2440 1 1 371 371 0.2520 0.2520 409 409
11-1-1-0.05-50-0 1 2440 1 10 370 63 0.2520 0.2533 409 449
11-1-1-0.05-50-0 1 2440 20 17 58 1 0.9922 0.6398 102 197
11-1-1-0.05-50-0 1 2440 1 1 370 370 0.2520 0.2520 409 409
11-1-1-0.05-50-0 1 2440 36 26 36 63 0.8162 0.8171 165 141
11-1-1-0.05-50-0 1 2440 16 23 1 3 0.2228 0.1698 149 476
11-1-1-0.05-50-0 1 2440 2 29 8 2 0.8198 0.6728 167 177
11-1-1-0.05-50-0 1 2440 1 8 369 233 0.2520 0.2506 409 303
11-1-1-0.05-50-0 1 2440 1 1 369 369 0.2520 0.2520 409 409
11-1-1-0.05-50-0 1 2440 36 36 36 36 0.8162 0.8162 165 165
11-1-1-0.05-50-0 1 2440 1 1 368 368 0.2520 0.2520 409 409
11-1-1-0.05-50-0 1 2440 40 29 97 1 0.9739 0.6728 104 177
11-1-1-0.05-50-0 1 2440 1 1 367 367 0.2520 0.2520 409 409
11-1-1-0.05-50-0 1 2441 14 40 17 97 0.8451 0.9739 105 104
11-1-1-0.05-50-0 1 2441 1 8 366 232 0.2520 0.2506 409 303
11-1-1-0.05-50-0 1 2441 1 8 366 231 0.2520 0.2506 409 303
11-1-1-0.05-50-0 1 2441 1 8 366 230 0.2520 0.2506 409 303
11-1-1-0.05-50-0 1 2442 1 10 360 68 0.2520 0.2533 409 449
11-1-1-0.05-50-0 1 2442 1 8 360 223 0.2520 0.2506 409 303
11-1-1-0.05-50-0 1 2442 1 1 360 360 0.2520 0.2520 409 409
11-1-1-0.05-50-0 1 2442 1 10 359 67 0.2520 0.2533 409 449
11-1-1-0.05-50-0 1 2442 36 36 37 37 0.8162 0.8162 165 165
11-1-1-0.05-50-0 1 2442 1 8 359 222 0.2520 0.2506 409 303
11-1-1-0.05-50-0 1 2442 1 8 359 221 0.2520 0.2506 409 303
11-1-1-0.05-50-0 1 2442 1 10 359 66 0.2520 0.2533 409 449
11-1-1-0.05-50-0 1 2443 1 1 354 354 0.2520 0.2520 409 409
11-1-1-0.05-50-0 1 2443 1 8 353 225 0.2520 0.2506 409 303
11-1-1-0.05-50-0 1 2443 1 10 353 65 0.2520 0.2533 409 449
11-1-1-0.05-50-0 1 2443 1 8 353 224 0.2520 0.2506 409 303
11-1-1-0.05-50-0 1 2443 1 8 353 223 0.2520 0.2506 409 303
11-1-1-0.05-50-0 1 2443 36 26 36 64 0.8162 0.8171 165 141
11-1-1-0.05-50-0 1 2444 1 1 363 363 0.2520 0.2520 409 409
11-1-1-0.05-50-0 1 2444 1 1 362 362 0.2520 0.2520 409 409
11-1-1-0.05-50-0 1 2444 1 10 361 68 0.2520 0.2533 409 449
11-1-1-0.05-50-0 1 2444 1 8 361 227 0.2520 0.2506 409 303
11-1-1-0.05-50-0 1 2444 1 1 361 361 0.2520 0.2520 409 409
11-1-1-0.05-50-0 1 2444 1 10 360 67 0.2520 0.2533 409 449
11-1-1-0.05-50-0 1 2444 1 8 360 226 0.2520 0.2506 409 303
11-1-1-0.05-50-0 1 2444 1 8 360 225 0.2520 0.2506 409 303
11-1-1-0.05-50-0 1 2444 1 1 360 360 0.2520 0.2520 409 409
11-1-1-0.05-50-0 1 2444 1 8 359 224 0.2520 0.2506 409 303
11-1-1-0.05-50-0 1 2445 1 1 367 367 0.2520 0.2520 409 409
11-1-1-0.05-50-0 1 2445 1 1 366 366 0.2520 0.2520 409 409
11-1-1-0.05-50-0 1 2445 1 1 365 365 0.2520 0.2520 409 409
11-1-1-0.05-50-0 1 2445 1 1 364 364 0.2520 0.2520 409 409
11-1-1-0.05-50-0 1 2445 1 10 363 69 0.2520 0.2533 409 449
11-1-1-0.05-50-0 1 2445 1 10 363 68 0.2520 0.2533 409 449
11-1-1-0.05-50-0 1 2446 1 8 366 219 0.2520 0.2506 409 303
11-1-1-0.05-50-0 1 2446 1 1 366 366 0.2520 0.2520 409 409
11-1-1-0.05-50-0 1 2446 36 36 40 40 0.8162 0.8162 165 165
11-1-1-0.05-50-0 1 2446 1 1 365 365 0.2520 0.2520 409 409
11-1-1-0.05-50-0 1 2446 14 43 15 4 0.8451 0.8316 105 123
11-1-1-0.05-50-0 1 2447 1 8 359 223 0.2520 0.2506 409 303
11-1-1-0.05-50-0 1 2447 1 10 359 70 0.2520 0.2533 409 449
11-1-1-0.05-50-0 1 2447 1 8 359 222 0.2520 0.2506 409 303
11-1-1-0.05-50-0 1 2447 1 8 359 221 0.2520 0.2506 409 303
11-1-1-0.05-50-0 1 2447 1 1 359 359 0.2520 0.2520 409 409
11-1-1-0.05-50-0 1 2447 1 10 358 69 0.2520 0.2533 409 449
11-1-1-0.05-50-0 1 2447 1 1 358 358 0.2520 0.2520 409 409
11-1-1-0.05-50-0 1 2447 1 1 357 357 0.2520 0.2520 409 409
11-1-1-0.05-50-0 1 2448 1 1 357 357 0.2520 0.2520 409 409
11-1-1-0.05-50-0 1 2448 1 1 356 356 0.2520 0.2520 409 409
11-1-1-0.05-50-0 1 2448 41 35 86 1 0.9621 0.0354 105 158
11-1-1-0.05-50-0 1 2448 36 36 39 39 0.8162 0.8162 165 165
11-1-1-0.05-50-0 1 2448 1 1 355 355 0.2520 0.2520 409 409
11-1-1-0.05-50-0 1 2449 36 9 38 1 0.8162 0.6134 165 161
11-1-1-0.05-50-0 1 2449 1 8 354 218 0.2520 0.2506 409 303
11-1-1-0.05-50-0 1 2449 36 36 38 38 0.8162 0.8162 165 165
11-1-1-0.05-50-0 1 2449 36 36 37 37 0.8162 0.8162 165 165
11-1-1-0.05-50-0 1 2449 1 1 354 354 0.2520 0.2520 409 409
11-1-1-0.05-50-0 1 2449 1 8 353 217 0.2520 0.2506 409 303
11-1-1-0.05-50-0 1 2449 1 1 353 353 0.2520 0.2520 409 409
11-1-1-0.05-50-0 1 2449 14 14 14 14 0.8451 0.8451 105 105
11-1-1-0.05-50-0 1 2449 1 1 352 352 0.2520 0.2520 409 409
11-1-1-0.05-50-0 1 2449 1 1 351 351 0.2520 0.2520 409 409
11-1-1-0.05-50-0 1 2450 1 8 361 213 0.2520 0.2506 409 303
11-1-1-0.05-50-0 1 2450 1 8 361 212 0.2520 0.2506 409 303
11-1-1-0.05-50-0 1 2450 40 30 95 1 0.9739 0.6008 104 266
11-1-1-0.05-50-0 1 2450 1 1 361 361 0.2520 0.2520 409 409
11-1-1-0.05-50-0 1 2450 1 8 360 211 0.2520 0.2506 409 303
11-1-1-0.05-50-0 1 2450 1 8 360 210 0.2520 0.2506 409 303
11-1-1-0.05-50-0 1 2450 1 1 360 360 0.2520 0.2520 409 409
11-1-1-0.05-50-0 1 2450 1 1 359 359 0.2520 0.2520 409 409
11-1-1-0.05-50-0 1 2450 1 1 358 358 0.2520 0.2520 409 409
11-1-1-0.05-50-0 1 2450 1 1 357 357 0.2520 0.2520 409 409
11-1-1-0.05-50-0 1 2451 1 8 362 212 0.2520 0.2506 409 303
11-1-1-0.05-50-0 1 2451 1 1 362 362 0.2520 0.2520 409 409
11-1-1-0.05-50-0 1 2451 1 1 361 361 0.2520 0.2520 409 409
11-1-1-0.05-50-0 1 2451 1 10 360 70 0.2520 0.2533 409 449
11-1-1-0.05-50-0 1 2451 1 1 360 360 0.2520 0.2520 409 409
11-1-1-0.05-50-0 1 2451 2 17 10 1 0.8198 0.6398 167 197
11-1-1-0.05-50-0 1 2451 1 1 359 359 0.2520 0.2520 409 409
11-1-1-0.05-50-0 1 2451 1 10 358 69 0.2520 0.2533 409 449
11-1-1-0.05-50-0 1 2451 1 1 358 358 0.2520 0.2520 409 409
11-1-1-0.05-50-0 1 2451 1 1 357 357 0.2520 0.2520 409 409
11-1-1-0.05-50-0 1 2451 1 8 356 211 0.2520 0.2506 409 303
11-1-1-0.05-50-0 1 2451 1 8 356 210 0.2520 0.2506 409 303
11-1-1-0.05-50-0 1 2452 36 36 38 38 0.8162 0.8162 165 165
11-1-1-0.05-50-0 1 2452 1 1 358 358 0.2520 0.2520 409 409
11-1-1-0.05-50-0 1 2452 1 1 357 357 0.2520 0.2520 409 409
11-1-1-0.05-50-0 1 2452 14 47 12 85 0.8451 0.9293 105 103
11-1-1-0.05-50-0 1 2452 40 46 90 2 0.9739 0.3451 104 327
11-1-1-0.05-50-0 1 2452 1 1 356 356 0.2520 0.2520 409 409
11-1-1-0.05-50-0 1 2452 1 1 355 355 0.2520 0.2520 409 409
11-1-1-0.05-50-0 1 2452 1 1 354 354 0.2520 0.2520 409 409
11-1-1-0.05-50-0 1 2452 1 10 353 66 0.2520 0.2533 409 449
11-1-1-0.05-50-0 1 2452 1 8 353 214 0.2520 0.2506 409 303
11-1-1-0.05-50-0 1 2452 1 1 353 353 0.2520 0.2520 409 409
11-1-1-0.05-50-0 1 2452 1 10 352 65 0.2520 0.2533 409 449
11-1-1-0.05-50-0 1 2452 1 1 352 352 0.2520 0.2520 409 409
11-1-1-0.05-50-0 1 2452 7 3 106 1 0.9267 0.4813 106 321
11-1-1-0.05-50-0 1 2453 14 36 12 38 0.8451 0.8162 105 165
11-1-1-0.05-50-0 1 2453 14 7 12 106 0.8451 0.9267 105 106
11-1-1-0.05-50-0 1 2453 1 8 351 215 0.2520 0.2506 409 303
11-1-1-0.05-50-0 1 2453 1 1 351 351 0.2520 0.2520 409 409
11-1-1-0.05-50-0 1 2453 1 8 350 214 0.2520 0.2506 409 303
11-1-1-0.05-50-0 1 2453 1 10 350 66 0.2520 0.2533 409 449
11-1-1-0.05-50-0 1 2453 1 1 350 350 0.2520 0.2520 409 409
11-1-1-0.05-50-0 1 2453 1 1 349 349 0.2520 0.2520 409 409
11-1-1-0.05-50-0 1 2453 1 1 348 348 0.2520 0.2520 409 409
11-1-1-0.05-50-0 1 2454 1 1 351 351 0.2520 0.2520 409 409
11-1-1-0.05-50-0 1 2454 1 1 350 350 0.2520 0.2520 409 409
11-1-1-0.05-50-0 1 2454 14 40 12 92 0.8451 0.9739 105 104
11-1-1-0.05-50-0 1 2454 1 8 349 209 0.2520 0.2506 409 303
11-1-1-0.05-50-0 1 2454 1 8 349 208 0.2520 0.2506 409 303
11-1-1-0.05-50-0 1 2454 1 8 349 207 0.2520 0.2506 409 303
11-1-1-0.05-50-0 1 2454 1 8 349 206 0.2520 0.2506 409 303
11-1-1-0.05-50-0 1 2454 36 36 37 37 0.8162 0.8162 165 165
11-1-1-0.05-50-0 1 2455 14 41 11 79 0.8451 0.9621 105 105
11-1-1-0.05-50-0 1 2455 36 14 38 11 0.8162 0.8451 165 105
11-1-1-0.05-50-0 1 2455 1 8 349 211 0.2520 0.2506 409 303
11-1-1-0.05-50-0 1 2455 36 26 38 66 0.8162 0.8171 165 141
11-1-1-0.05-50-0 1 2455 1 8 349 210 0.2520 0.2506 409 303
11-1-1-0.05-50-0 1 2455 40 29 91 1 0.9739 0.6728 104 177
11-1-1-0.05-50-0 1 2455 1 8 349 209 0.2520 0.2506 409 303
11-1-1-0.05-50-0 1 2455 36 31 38 1 0.8162 0.5626 165 252
11-1-1-0.05-50-0 1 2455 1 1 349 349 0.2520 0.2520 409 409
11-1-1-0.05-50-0 1 2456 1 8 355 212 0.2520 0.2506 409 303
11-1-1-0.05-50-0 1 2456 1 1 355 355 0.2520 0.2520 409 409
11-1-1-0.05-50-0 1 2456 1 8 354 211 0.2520 0.2506 409 303
11-1-1-0.05-50-0 1 2456 36 26 39 65 0.8162 0.8171 165 141
11-1-1-0.05-50-0 1 2456 1 1 354 354 0.2520 0.2520 409 409
11-1-1-0.05-50-0 1 2456 1 1 353 353 0.2520 0.2520 409 409
11-1-1-0.05-50-0 1 2456 1 8 352 210 0.2520 0.2506 409 303
11-1-1-0.05-50-0 1 2456 40 28 89 1 0.9739 0.3846 104 311
11-1-1-0.05-50-0 1 2456 1 10 352 68 0.2520 0.2533 409 449
11-1-1-0.05-50-0 1 2457 1 1 354 354 0.2520 0.2520 409 409
11-1-1-0.05-50-0 1 2457 1 1 353 353 0.2520 0.2520 409 409
11-1-1-0.05-50-0 1 2457 1 1 352 352 0.2520 0.2520 409 409
11-1-1-0.05-50-0 1 2457 1 1 351 351 0.2520 0.2520 409 409
11-1-1-0.05-50-0 1 2457 41 4 78 1 0.9621 0.0723 105 351
11-1-1-0.05-50-0 1 2458 36 26 40 63 0.8162 0.8171 165 141
11-1-1-0.05-50-0 1 2458 1 1 357 357 0.2520 0.2520 409 409
11-1-1-0.05-50-0 1 2458 1 8 356 209 0.2520 0.2506 409 303
11-1-1-0.05-50-0 1 2458 1 10 356 73 0.2520 0.2533 409 449
11-1-1-0.05-50-0 1 2458 1 8 356 208 0.2520 0.2506 409 303
11-1-1-0.05-50-0 1 2458 1 8 356 207 0.2520 0.2506 409 303
11-1-1-0.05-50-0 1 2458 1 1 356 356 0.2520 0.2520 409 409
11-1-1-0.05-50-0 1 2458 1 8 355 206 0.2520 0.2506 409 303
11-1-1-0.05-50-0 1 2458 1 8 355 205 0.2520 0.2506 409 303
11-1-1-0.05-50-0 1 2459 1 1 360 360 0.2520 0.2520 409 409
11-1-1-0.05-50-0 1 2459 40 42 91 1 0.9739 0.7447 104 106
11-1-1-0.05-50-0 1 2459 1 8 359 205 0.2520 0.2506 409 303
11-1-1-0.05-50-0 1 2459 36 36 42 42 0.8162 0.8162 165 165
11-1-1-0.05-50-0 1 2459 1 8 359 204 0.2520 0.2506 409 303
11-1-1-0.05-50-0 1 2459 36 14 41 13 0.8162 0.8451 165 105
11-1-1-0.05-50-0 1 2459 1 8 359 203 0.2520 0.2506 409 303
11-1-1-0.05-50-0 1 2459 1 8 359 202 0.2520 0.2506 409 303
11-1-1-0.05-50-0 1 2459 1 1 359 359 0.2520 0.2520 409 409
11-1-1-0.05-50-0 1 2459 1 10 358 74 0.2520 0.2533 409 449
11-1-1-0.05-50-0 1 2460 1 1 370 370 0.2520 0.2520 409 409
11-1-1-0.05-50-0 1 2460 36 36 39 39 0.8162 0.8162 165 165
11-1-1-0.05-50-0 1 2460 1 1 369 369 0.2520 0.2520 409 409
11-1-1-0.05-50-0 1 2460 1 1 368 368 0.2520 0.2520 409 409
11-1-1-0.05-50-0 1 2460 1 1 367 367 0.2520 0.2520 409 409
11-1-1-0.05-50-0 1 2460 36 26 38 62 0.8162 0.8171 165 141
11-1-1-0.05-50-0 1 2461 1 8 369 212 0.2520 0.2506 409 303
11-1-1-0.05-50-0 1 2461 1 1 369 369 0.2520 0.2520 409 409
11-1-1-0.05-50-0 1 2461 1 1 368 368 0.2520 0.2520 409 409
11-1-1-0.05-50-0 1 2461 1 8 367 211 0.2520 0.2506 409 303
11-1-1-0.05-50-0 1 2461 1 8 367 210 0.2520 0.2506 409 303
11-1-1-0.05-50-0 1 2461 1 1 367 367 0.2520 0.2520 409 409
11-1-1-0.05-50-0 1 2462 1 1 375 375 0.2520 0.2520 409 409
11-1-1-0.05-50-0 1 2462 36 37 36 2 0.8162 0.8481 165 127
11-1-1-0.05-50-0 1 2462 1 1 374 374 0.2520 0.2520 409 409
11-1-1-0.05-50-0 1 2462 1 8 373 215 0.2520 0.2506 409 303
11-1-1-0.05-50-0 1 2462 1 1 373 373 0.2520 0.2520 409 409
11-1-1-0.05-50-0 1 2462 1 8 372 214 0.2520 0.2506 409 303
11-1-1-0.05-50-0 1 2462 1 8 372 213 0.2520 0.2506 409 303
11-1-1-0.05-50-0 1 2463 1 8 375 212 0.2520 0.2506 409 303
11-1-1-0.05-50-0 1 2463 36 26 33 62 0.8162 0.8171 165 141
11-1-1-0.05-50-0 1 2463 1 8 375 211 0.2520 0.2506 409 303
11-1-1-0.05-50-0 1 2463 1 10 375 74 0.2520 0.2533 409 449
11-1-1-0.05-50-0 1 2463 1 1 375 375 0.2520 0.2520 409 409
11-1-1-0.05-50-0 1 2463 1 10 374 73 0.2520 0.2533 409 449
11-1-1-0.05-50-0 1 2463 1 1 374 374 0.2520 0.2520 409 409
11-1-1-0.05-50-0 1 2463 1 1 373 373 0.2520 0.2520 409 409
11-1-1-0.05-50-0 1 2463 1 8 372 210 0.2520 0.2506 409 303
11-1-1-0.05-50-0 1 2463 1 8 372 209 0.2520 0.2506 409 303
11-1-1-0.05-50-0 1 2463 1 8 372 208 0.2520 0.2506 409 303
11-1-1-0.05-50-0 1 2463 1 8 372 207 0.2520 0.2506 409 303
11-1-1-0.05-50-0 1 2463 1 8 372 206 0.2520 0.2506 409 303
11-1-1-0.05-50-0 1 2464 1 1 380 380 0.2520 0.2520 409 409
11-1-1-0.05-50-0 1 2464 25 22 114 1 0.9430 0.0160 125 311
11-1-1-0.05-50-0 1 2464 48 48 6 6 0.1153 0.1153 334 334
11-1-1-0.05-50-0 1 2464 1 1 379 379 0.2520 0.2520 409 409
11-1-1-0.05-50-0 1 2464 1 1 378 378 0.2520 0.2520 409 409
11-1-1-0.05-50-0 1 2464 1 1 377 377 0.2520 0.2520 409 409
11-1-1-0.05-50-0 1 2464 1 1 376 376 0.2520 0.2520 409 409
11-1-1-0.05-50-0 1 2464 1 8 375 207 0.2520 0.2506 409 303
11-1-1-0.05-50-0 1 2464 36 26 36 59 0.8162 0.8171 165 141
11-1-1-0.05-50-0 1 2465 1 8 380 207 0.2520 0.2506 409 303
11-1-1-0.05-50-0 1 2465 14 7 14 105 0.8451 0.9267 105 106
11-1-1-0.05-50-0 1 2465 1 8 380 206 0.2520 0.2506 409 303
11-1-1-0.05-50-0 1 2465 1 1 380 380 0.2520 0.2520 409 409
11-1-1-0.05-50-0 1 2465 1 10 379 76 0.2520 0.2533 409 449
11-1-1-0.05-50-0 1 2465 1 10 379 75 0.2520 0.2533 409 449
11-1-1-0.05-50-0 1 2465 1 8 379 205 0.2520 0.2506 409 303
11-1-1-0.05-50-0 1 2465 1 1 379 379 0.2520 0.2520 409 409
11-1-1-0.05-50-0 1 2465 1 1 378 378 0.2520 0.2520 409 409
11-1-1-0.05-50-0 1 2466 1 1 377 377 0.2520 0.2520 409 409
11-1-1-0.05-50-0 1 2466 1 1 376 376 0.2520 0.2520 409 409
11-1-1-0.05-50-0 1 2466 1 8 375 204 0.2520 0.2506 409 303
11-1-1-0.05-50-0 1 2466 1 8 375 203 0.2520 0.2506 409 303
11-1-1-0.05-50-0 1 2466 1 8 375 202 0.2520 0.2506 409 303
11-1-1-0.05-50-0 1 2466 1 1 375 375 0.2520 0.2520 409 409
11-1-1-0.05-50-0 1 2467 1 1 377 377 0.2520 0.2520 409 409
11-1-1-0.05-50-0 1 2467 1 8 376 202 0.2520 0.2506 409 303
11-1-1-0.05-50-0 1 2467 1 1 376 376 0.2520 0.2520 409 409
11-1-1-0.05-50-0 1 2467 1 1 375 375 0.2520 0.2520 409 409
11-1-1-0.05-50-0 1 2467 1 1 374 374 0.2520 0.2520 409 409
11-1-1-0.05-50-0 1 2467 1 10 373 76 0.2520 0.2533 409 449
11-1-1-0.05-50-0 1 2468 1 1 376 376 0.2520 0.2520 409 409
11-1-1-0.05-50-0 1 2468 1 10 375 75 0.2520 0.2533 409 449
11-1-1-0.05-50-0 1 2468 1 8 375 203 0.2520 0.2506 409 303
11-1-1-0.05-50-0 1 2468 1 8 375 202 0.2520 0.2506 409 303
11-1-1-0.05-50-0 1 2468 1 1 375 375 0.2520 0.2520 409 409
11-1-1-0.05-50-0 1 2468 40 21 82 1 0.9739 0.4184 104 158
11-1-1-0.05-50-0 1 2468 1 1 374 374 0.2520 0.2520 409 409
11-1-1-0.05-50-0 1 2468 1 8 373 201 0.2520 0.2506 409 303
11-1-1-0.05-50-0 1 2468 1 10 373 74 0.2520 0.2533 409 449
11-1-1-0.05-50-0 1 2468 1 1 373 373 0.2520 0.2520 409 409
11-1-1-0.05-50-0 1 2468 1 1 372 372 0.2520 0.2520 409 409
11-1-1-0.05-50-0 1 2468 1 10 371 73 0.2520 0.2533 409 449
11-1-1-0.05-50-0 1 2469 1 1 367 367 0.2520 0.2520 409 409
11-1-1-0.05-50-0 1 2469 1 1 366 366 0.2520 0.2520 409 409
11-1-1-0.05-50-0 1 2469 1 10 365 72 0.2520 0.2533 409 449
11-1-1-0.05-50-0 1 2469 1 8 365 207 0.2520 0.2506 409 303
11-1-1-0.05-50-0 1 2469 14 13 16 140 0.8451 0.8878 105 151
11-1-1-0.05-50-0 1 2469 1 1 365 365 0.2520 0.2520 409 409
11-1-1-0.05-50-0 1 2469 1 1 364 364 0.2520 0.2520 409 409
11-1-1-0.05-50-0 1 2469 1 1 363 363 0.2520 0.2520 409 409
11-1-1-0.05-50-0 1 2469 1 1 362 362 0.2520 0.2520 409 409
11-1-1-0.05-50-0 1 2469 1 8 361 206 0.2520 0.2506 409 303
11-1-1-0.05-50-0 1 2470 41 5 101 1 0.9621 0.0007 105 226
11-1-1-0.05-50-0 1 2470 1 10 373 72 0.2520 0.2533 409 449
11-1-1-0.05-50-0 1 2470 1 1 373 373 0.2520 0.2520 409 409
11-1-1-0.05-50-0 1 2470 1 1 372 372 0.2520 0.2520 409 409
11-1-1-0.05-50-0 1 2470 1 1 371 371 0.2520 0.2520 409 409
11-1-1-0.05-50-0 1 2470 1 1 370 370 0.2520 0.2520 409 409
11-1-1-0.05-50-0 1 2470 1 10 369 71 0.2520 0.2533 409 449
11-1-1-0.05-50-0 1 2470 1 1 369 369 0.2520 0.2520 409 409
11-1-1-0.05-50-0 1 2470 1 1 368 368 0.2520 0.2520 409 409
11-1-1-0.05-50-0 1 2470 1 1 367 367 0.2520 0.2520 409 409
11-1-1-0.05-50-0 1 2470 1 1 366 366 0.2520 0.2520 409 409
11-1-1-0.05-50-0 1 2471 1 1 372 372 0.2520 0.2520 409 409
11-1-1-0.05-50-0 1 2471 1 8 371 213 0.2520 0.2506 409 303
11-1-1-0.05-50-0 1 2471 1 1 371 371 0.2520 0.2520 409 409
11-1-1-0.05-50-0 1 2471 1 10 370 69 0.2520 0.2533 409 449
11-1-1-0.05-50-0 1 2471 1 1 370 370 0.2520 0.2520 409 409
11-1-1-0.05-50-0 1 2471 1 8 369 212 0.2520 0.2506 409 303
11-1-1-0.05-50-0 1 2471 1 1 369 369 0.2520 0.2520 409 409
11-1-1-0.05-50-0 1 2471 1 8 368 211 0.2520 0.2506 409 303
11-1-1-0.05-50-0 1 2471 1 10 368 68 0.2520 0.2533 409 449
11-1-1-0.05-50-0 1 2471 1 1 368 368 0.2520 0.2520 409 409
11-1-1-0.05-50-0 1 2471 1 8 367 210 0.2520 0.2506 409 303
11-1-1-0.05-50-0 1 2471 1 8 367 209 0.2520 0.2506 409 303
11-1-1-0.05-50-0 1 2471 1 10 367 67 0.2520 0.2533 409 449
11-1-1-0.05-50-0 1 2471 1 8 367 208 0.2520 0.2506 409 303
11-1-1-0.05-50-0 1 2472 1 8 369 205 0.2520 0.2506 409 303
11-1-1-0.05-50-0 1 2472 1 1 369 369 0.2520 0.2520 409 409
11-1-1-0.05-50-0 1 2472 1 1 368 368 0.2520 0.2520 409 409
11-1-1-0.05-50-0 1 2472 1 1 367 367 0.2520 0.2520 409 409
11-1-1-0.05-50-0 1 2472 1 10 366 71 0.2520 0.2533 409 449
11-1-1-0.05-50-0 1 2472 1 1 366 366 0.2520 0.2520 409 409
11-1-1-0.05-50-0 1 2472 40 34 84 1 0.9739 0.7448 104 168
11-1-1-0.05-50-0 1 2472 40 44 84 1 0.9739 0.7034 104 118
11-1-1-0.05-50-0 1 2472 1 1 365 365 0.2520 0.2520 409 409
11-1-1-0.05-50-0 1 2472 1 8 364 204 0.2520 0.2506 409 303
11-1-1-0.05-50-0 1 2472 1 8 364 203 0.2520 0.2506 409 303
11-1-1-0.05-50-0 1 2473 1 1 375 375 0.2520 0.2520 409 409
11-1-1-0.05-50-0 1 2473 1 1 374 374 0.2520 0.2520 409 409
11-1-1-0.05-50-0 1 2473 1 8 373 215 0.2520 0.2506 409 303
11-1-1-0.05-50-0 1 2473 1 1 373 373 0.2520 0.2520 409 409
11-1-1-0.05-50-0 1 2473 36 30 40 2 0.8162 0.6008 165 266
11-1-1-0.05-50-0 1 2473 1 10 372 67 0.2520 0.2533 409 449
11-1-1-0.05-50-0 1 2473 1 18 372 3 0.2520 0.2181 409 226
11-1-1-0.05-50-0 1 2473 1 8 372 214 0.2520 0.2506 409 303
11-1-1-0.05-50-0 1 2473 1 1 372 372 0.2520 0.2520 409 409
11-1-1-0.05-50-0 1 2474 1 1 380 380 0.2520 0.2520 409 409
11-1-1-0.05-50-0 1 2474 1 1 379 379 0.2520 0.2520 409 409
11-1-1-0.05-50-0 1 2474 36 26 37 60 0.8162 0.8171 165 141
11-1-1-0.05-50-0 1 2474 1 1 378 378 0.2520 0.2520 409 409
11-1-1-0.05-50-0 1 2474 1 1 377 377 0.2520 0.2520 409 409
11-1-1-0.05-50-0 1 2474 1 1 376 376 0.2520 0.2520 409 409
11-1-1-0.05-50-0 1 2474 1 1 375 375 0.2520 0.2520 409 409
11-1-1-0.05-50-0 1 2475 1 1 372 372 0.2520 0.2520 409 409
11-1-1-0.05-50-0 1 2475 1 1 371 371 0.2520 0.2520 409 409
11-1-1-0.05-50-0 1 2475 1 1 370 370 0.2520 0.2520 409 409
11-1-1-0.05-50-0 1 2475 1 1 369 369 0.2520 0.2520 409 409
11-1-1-0.05-50-0 1 2475 1 8 368 215 0.2520 0.2506 409 303
11-1-1-0.05-50-0 1 2475 1 1 368 368 0.2520 0.2520 409 409
11-1-1-0.05-50-0 1 2475 1 1 367 367 0.2520 0.2520 409 409
11-1-1-0.05-50-0 1 2475 1 1 366 366 0.2520 0.2520 409 409
11-1-1-0.05-50-0 1 2475 36 26 36 60 0.8162 0.8171 165 141
11-1-1-0.05-50-0 1 2476 1 1 372 372 0.2520 0.2520 409 409
11-1-1-0.05-50-0 1 2476 1 1 371 371 0.2520 0.2520 409 409
11-1-1-0.05-50-0 1 2476 1 1 370 370 0.2520 0.2520 409 409
11-1-1-0.05-50-0 1 2476 1 8 369 221 0.2520 0.2506 409 303
11-1-1-0.05-50-0 1 2476 1 1 369 369 0.2520 0.2520 409 409
11-1-1-0.05-50-0 1 2476 1 8 368 220 0.2520 0.2506 409 303
11-1-1-0.05-50-0 1 2476 1 1 368 368 0.2520 0.2520 409 409
11-1-1-0.05-50-0 1 2476 1 8 367 219 0.2520 0.2506 409 303
11-1-1-0.05-50-0 1 2477 1 1 361 361 0.2520 0.2520 409 409
11-1-1-0.05-50-0 1 2477 36 26 35 61 0.8162 0.8171 165 141
11-1-1-0.05-50-0 1 2477 1 1 360 360 0.2520 0.2520 409 409
11-1-1-0.05-50-0 1 2477 1 8 359 222 0.2520 0.2506 409 303
11-1-1-0.05-50-0 1 2477 1 1 359 359 0.2520 0.2520 409 409
11-1-1-0.05-50-0 1 2477 36 26 35 60 0.8162 0.8171 165 141
11-1-1-0.05-50-0 1 2477 1 1 358 358 0.2520 0.2520 409 409
11-1-1-0.05-50-0 1 2477 1 10 357 64 0.2520 0.2533 409 449
11-1-1-0.05-50-0 1 2478 1 10 368 64 0.2520 0.2533 409 449
11-1-1-0.05-50-0 1 2478 40 34 79 2 0.9739 0.7448 104 168
11-1-1-0.05-50-0 1 2478 1 1 368 368 0.2520 0.2520 409 409
11-1-1-0.05-50-0 1 2478 1 1 367 367 0.2520 0.2520 409 409
11-1-1-0.05-50-0 1 2478 1 1 366 366 0.2520 0.2520 409 409
11-1-1-0.05-50-0 1 2478 1 1 365 365 0.2520 0.2520 409 409
11-1-1-0.05-50-0 1 2478 1 1 364 364 0.2520 0.2520 409 409
11-1-1-0.05-50-0 1 2478 1 8 363 224 0.2520 0.2506 409 303
11-1-1-0.05-50-0 1 2478 1 8 363 223 0.2520 0.2506 409 303
11-1-1-0.05-50-0 1 2478 1 1 363 363 0.2520 0.2520 409 409
11-1-1-0.05-50-0 1 2478 1 1 362 362 0.2520 0.2520 409 409
11-1-1-0.05-50-0 1 2478 1 8 361 222 0.2520 0.2506 409 303
11-1-1-0.05-50-0 1 2478 1 1 361 361 0.2520 0.2520 409 409
11-1-1-0.05-50-0 1 2479 1 1 361 361 0.2520 0.2520 409 409
11-1-1-0.05-50-0 1 2479 1 1 360 360 0.2520 0.2520 409 409
11-1-1-0.05-50-0 1 2479 1 1 359 359 0.2520 0.2520 409 409
11-1-1-0.05-50-0 1 2479 1 1 358 358 0.2520 0.2520 409 409
11-1-1-0.05-50-0 1 2479 1 1 357 357 0.2520 0.2520 409 409
11-1-1-0.05-50-0 1 2479 36 36 36 36 0.8162 0.8162 165 165
11-1-1-0.05-50-0 1 2479 1 1 356 356 0.2520 0.2520 409 409
11-1-1-0.05-50-0 1 2479 1 8 355 231 0.2520 0.2506 409 303
11-1-1-0.05-50-0 1 2479 1 10 355 60 0.2520 0.2533 409 449
11-1-1-0.05-50-0 1 2479 1 1 355 355 0.2520 0.2520 409 409
11-1-1-0.05-50-0 1 2480 1 8 359 226 0.2520 0.2506 409 303
11-1-1-0.05-50-0 1 2480 1 8 359 225 0.2520 0.2506 409 303
11-1-1-0.05-50-0 1 2480 1 8 359 224 0.2520 0.2506 409 303
11-1-1-0.05-50-0 1 2480 1 1 359 359 0.2520 0.2520 409 409
11-1-1-0.05-50-0 1 2480 1 1 358 358 0.2520 0.2520 409 409
11-1-1-0.05-50-0 1 2480 1 8 357 223 0.2520 0.2506 409 303
11-1-1-0.05-50-0 1 2480 1 10 357 58 0.2520 0.2533 409 449
11-1-1-0.05-50-0 1 2481 40 34 76 1 0.9739 0.7448 104 168
11-1-1-0.05-50-0 1 2481 1 10 361 57 0.2520 0.2533 409 449
11-1-1-0.05-50-0 1 2481 1 8 361 216 0.2520 0.2506 409 303
11-1-1-0.05-50-0 1 2481 1 1 361 361 0.2520 0.2520 409 409
11-1-1-0.05-50-0 1 2481 1 1 360 360 0.2520 0.2520 409 409
11-1-1-0.05-50-0 1 2481 1 16 359 5 0.2520 0.2228 409 149
11-1-1-0.05-50-0 1 2481 36 36 38 38 0.8162 0.8162 165 165
11-1-1-0.05-50-0 1 2481 1 8 359 215 0.2520 0.2506 409 303
11-1-1-0.05-50-0 1 2481 1 8 359 214 0.2520 0.2506 409 303
11-1-1-0.05-50-0 1 2482 1 8 362 219 0.2520 0.2506 409 303
11-1-1-0.05-50-0 1 2482 1 1 362 362 0.2520 0.2520 409 409
11-1-1-0.05-50-0 1 2482 1 1 361 361 0.2520 0.2520 409 409
11-1-1-0.05-50-0 1 2482 1 8 360 218 0.2520 0.2506 409 303
11-1-1-0.05-50-0 1 2482 1 8 360 217 0.2520 0.2506 409 303
11-1-1-0.05-50-0 1 2482 1 1 360 360 0.2520 0.2520 409 409
11-1-1-0.05-50-0 1 2482 1 1 359 359 0.2520 0.2520 409 409
11-1-1-0.05-50-0 1 2482 1 1 358 358 0.2520 0.2520 409 409
11-1-1-0.05-50-0 1 2483 1 1 352 352 0.2520 0.2520 409 409
11-1-1-0.05-50-0 1 2483 1 1 351 351 0.2520 0.2520 409 409
11-1-1-0.05-50-0 1 2483 1 1 350 350 0.2520 0.2520 409 409
11-1-1-0.05-50-0 1 2483 14 40 17 71 0.8451 0.9739 105 104
11-1-1-0.05-50-0 1 2483 1 1 349 349 0.2520 0.2520 409 409
11-1-1-0.05-50-0 1 2483 1 1 348 348 0.2520 0.2520 409 409
11-1-1-0.05-50-0 1 2483 36 36 40 40 0.8162 0.8162 165 165
11-1-1-0.05-50-0 1 2484 1 8 356 222 0.2520 0.2506 409 303
11-1-1-0.05-50-0 1 2484 1 1 356 356 0.2520 0.2520 409 409
11-1-1-0.05-50-0 1 2484 1 8 355 221 0.2520 0.2506 409 303
11-1-1-0.05-50-0 1 2484 1 8 355 220 0.2520 0.2506 409 303
11-1-1-0.05-50-0 1 2485 1 8 359 221 0.2520 0.2506 409 303
11-1-1-0.05-50-0 1 2485 1 1 359 359 0.2520 0.2520 409 409
11-1-1-0.05-50-0 1 2485 1 8 358 220 0.2520 0.2506 409 303
11-1-1-0.05-50-0 1 2485 36 26 41 59 0.8162 0.8171 165 141
11-1-1-0.05-50-0 1 2485 1 8 358 219 0.2520 0.2506 409 303
11-1-1-0.05-50-0 1 2485 1 8 358 218 0.2520 0.2506 409 303
11-1-1-0.05-50-0 1 2485 1 1 358 358 0.2520 0.2520 409 409
11-1-1-0.05-50-0 1 2485 1 1 357 357 0.2520 0.2520 409 409
11-1-1-0.05-50-0 1 2486 1 1 366 366 0.2520 0.2520 409 409
11-1-1-0.05-50-0 1 2486 1 1 365 365 0.2520 0.2520 409 409
11-1-1-0.05-50-0 1 2486 1 1 364 364 0.2520 0.2520 409 409
11-1-1-0.05-50-0 1 2486 1 1 363 363 0.2520 0.2520 409 409
11-1-1-0.05-50-0 1 2486 36 2 39 7 0.8162 0.8198 165 167
11-1-1-0.05-50-0 1 2486 1 10 362 50 0.2520 0.2533 409 449
11-1-1-0.05-50-0 1 2486 1 1 362 362 0.2520 0.2520 409 409
11-1-1-0.05-50-0 1 2486 1 1 361 361 0.2520 0.2520 409 409
11-1-1-0.05-50-0 1 2486 1 1 360 360 0.2520 0.2520 409 409
11-1-1-0.05-50-0 1 2487 1 8 362 216 0.2520 0.2506 409 303
11-1-1-0.05-50-0 1 2487 36 26 40 58 0.8162 0.8171 165 141
11-1-1-0.05-50-0 1 2487 1 8 362 215 0.2520 0.2506 409 303
11-1-1-0.05-50-0 1 2487 1 8 362 214 0.2520 0.2506 409 303
11-1-1-0.05-50-0 1 2487 41 22 103 1 0.9621 0.0160 105 311
11-1-1-0.05-50-0 1 2487 1 1 362 362 0.2520 0.2520 409 409
11-1-1-0.05-50-0 1 2487 1 8 361 213 0.2520 0.2506 409 303
11-1-1-0.05-50-0 1 2488 1 8 364 210 0.2520 0.2506 409 303
11-1-1-0.05-50-0 1 2488 1 1 364 364 0.2520 0.2520 409 409
11-1-1-0.05-50-0 1 2488 1 8 363 209 0.2520 0.2506 409 303
11-1-1-0.05-50-0 1 2488 1 8 363 208 0.2520 0.2506 409 303
11-1-1-0.05-50-0 1 2488 1 8 363 207 0.2520 0.2506 409 303
11-1-1-0.05-50-0 1 2488 1 10 363 51 0.2520 0.2533 409 449
11-1-1-0.05-50-0 1 2489 1 1 367 367 0.2520 0.2520 409 409
11-1-1-0.05-50-0 1 2489 1 1 366 366 0.2520 0.2520 409 409
11-1-1-0.05-50-0 1 2489 40 34 76 1 0.9739 0.7448 104 168
11-1-1-0.05-50-0 1 2489 1 8 365 210 0.2520 0.2506 409 303
11-1-1-0.05-50-0 1 2489 1 10 365 50 0.2520 0.2533 409 449
11-1-1-0.05-50-0 1 2489 1 1 365 365 0.2520 0.2520 409 409
11-1-1-0.05-50-0 1 2489 1 1 364 364 0.2520 0.2520 409 409
11-1-1-0.05-50-0 1 2489 1 1 363 363 0.2520 0.2520 409 409
11-1-1-0.05-50-0 1 2489 36 26 43 52 0.8162 0.8171 165 141
11-1-1-0.05-50-0 1 2489 1 8 362 209 0.2520 0.2506 409 303
11-1-1-0.05-50-0 1 2489 1 1 362 362 0.2520 0.2520 409 409
11-1-1-0.05-50-0 1 2490 1 1 362 362 0.2520 0.2520 409 409
11-1-1-0.05-50-0 1 2490 25 35 96 1 0.9430 0.0354 125 158
11-1-1-0.05-50-0 1 2490 36 36 47 47 0.8162 0.8162 165 165
11-1-1-0.05-50-0 1 2490 1 1 361 361 0.2520 0.2520 409 409
11-1-1-0.05-50-0 1 2490 1 1 360 360 0.2520 0.2520 409 409
11-1-1-0.05-50-0 1 2491 1 8 364 230 0.2520 0.2506 409 303
11-1-1-0.05-50-0 1 2491 36 14 48 11 0.8162 0.8451 165 105
11-1-1-0.05-50-0 1 2491 1 8 364 229 0.2520 0.2506 409 303
11-1-1-0.05-50-0 1 2491 36 36 48 48 0.8162 0.8162 165 165
11-1-1-0.05-50-0 1 2491 1 1 364 364 0.2520 0.2520 409 409
11-1-1-0.05-50-0 1 2491 1 8 363 228 0.2520 0.2506 409 303
11-1-1-0.05-50-0 1 2491 1 1 363 363 0.2520 0.2520 409 409
11-1-1-0.05-50-0 1 2491 1 1 362 362 0.2520 0.2520 409 409
11-1-1-0.05-50-0 1 2491 1 1 361 361 0.2520 0.2520 409 409
11-1-1-0.05-50-0 1 2491 1 8 360 227 0.2520 0.2506 409 303
11-1-1-0.05-50-0 1 2491 1 1 360 360 0.2520 0.2520 409 409
11-1-1-0.05-50-0 1 2492 36 26 48 57 0.8162 0.8171 165 141
11-1-1-0.05-50-0 1 2492 1 8 358 227 0.2520 0.2506 409 303
11-1-1-0.05-50-0 1 2492 1 8 358 226 0.2520 0.2506 409 303
11-1-1-0.05-50-0 1 2492 36 26 48 56 0.8162 0.8171 165 141
11-1-1-0.05-50-0 1 2492 1 8 358 225 0.2520 0.2506 409 303
11-1-1-0.05-50-0 1 2492 1 1 358 358 0.2520 0.2520 409 409
11-1-1-0.05-50-0 1 2492 1 1 357 357 0.2520 0.2520 409 409
11-1-1-0.05-50-0 1 2493 1 8 358 226 0.2520 0.2506 409 303
11-1-1-0.05-50-0 1 2493 1 1 358 358 0.2520 0.2520 409 409
11-1-1-0.05-50-0 1 2493 1 8 357 225 0.2520 0.2506 409 303
11-1-1-0.05-50-0 1 2493 1 10 357 55 0.2520 0.2533 409 449
11-1-1-0.05-50-0 1 2493 1 8 357 224 0.2520 0.2506 409 303
11-1-1-0.05-50-0 1 2493 1 10 357 54 0.2520 0.2533 409 449
11-1-1-0.05-50-0 1 2493 1 1 357 357 0.2520 0.2520 409 409
11-1-1-0.05-50-0 1 2494 1 1 356 356 0.2520 0.2520 409 409
11-1-1-0.05-50-0 1 2494 1 16 355 3 0.2520 0.2228 409 149
11-1-1-0.05-50-0 1 2494 1 8 355 223 0.2520 0.2506 409 303
11-1-1-0.05-50-0 1 2494 36 2 49 6 0.8162 0.8198 165 167
11-1-1-0.05-50-0 1 2494 1 8 355 222 0.2520 0.2506 409 303
11-1-1-0.05-50-0 1 2494 20 33 62 1 0.9922 0.6893 102 191
11-1-1-0.05-50-0 1 2494 1 18 355 2 0.2520 0.2181 409 226
11-1-1-0.05-50-0 1 2494 1 8 355 221 0.2520 0.2506 409 303
11-1-1-0.05-50-0 1 2494 1 8 355 220 0.2520 0.2506 409 303
11-1-1-0.05-50-0 1 2494 1 1 355 355 0.2520 0.2520 409 409
11-1-1-0.05-50-0 1 2494 1 8 354 219 0.2520 0.2506 409 303
11-1-1-0.05-50-0 1 2494 40 44 89 1 0.9739 0.7034 104 118
11-1-1-0.05-50-0 1 2495 40 31 88 1 0.9739 0.5626 104 252
11-1-1-0.05-50-0 1 2495 1 1 360 360 0.2520 0.2520 409 409
11-1-1-0.05-50-0 1 2495 1 1 359 359 0.2520 0.2520 409 409
11-1-1-0.05-50-0 1 2495 1 1 358 358 0.2520 0.2520 409 409
11-1-1-0.05-50-0 1 2495 36 26 44 55 0.8162 0.8171 165 141
11-1-1-0.05-50-0 1 2495 1 10 357 51 0.2520 0.2533 409 449
11-1-1-0.05-50-0 1 2495 1 10 357 50 0.2520 0.2533 409 449
11-1-1-0.05-50-0 1 2495 1 1 357 357 0.2520 0.2520 409 409
11-1-1-0.05-50-0 1 2496 1 1 365 365 0.2520 0.2520 409 409
11-1-1-0.05-50-0 1 2496 1 1 364 364 0.2520 0.2520 409 409
11-1-1-0.05-50-0 1 2496 1 8 363 222 0.2520 0.2506 409 303
11-1-1-0.05-50-0 1 2496 1 1 363 363 0.2520 0.2520 409 409
11-1-1-0.05-50-0 1 2496 1 1 362 362 0.2520 0.2520 409 409
11-1-1-0.05-50-0 1 2496 1 1 361 361 0.2520 0.2520 409 409
11-1-1-0.05-50-0 1 2496 36 36 47 47 0.8162 0.8162 165 165
11-1-1-0.05-50-0 1 2496 1 8 360 221 0.2520 0.2506 409 303
11-1-1-0.05-50-0 1 2496 1 1 360 360 0.2520 0.2520 409 409
11-1-1-0.05-50-0 1 2496 1 1 359 359 0.2520 0.2520 409 409
11-1-1-0.05-50-0 1 2496 1 1 358 358 0.2520 0.2520 409 409
11-1-1-0.05-50-0 1 2497 1 1 365 365 0.2520 0.2520 409 409
11-1-1-0.05-50-0 1 2497 1 1 364 364 0.2520 0.2520 409 409
11-1-1-0.05-50-0 1 2497 1 8 363 214 0.2520 0.2506 409 303
11-1-1-0.05-50-0 1 2497 1 8 363 213 0.2520 0.2506 409 303
11-1-1-0.05-50-0 1 2497 36 26 50 58 0.8162 0.8171 165 141
11-1-1-0.05-50-0 1 2497 1 1 363 363 0.2520 0.2520 409 409
11-1-1-0.05-50-0 1 2497 10 27 52 1 0.2533 0.0776 449 149
11-1-1-0.05-50-0 1 2497 36 26 50 57 0.8162 0.8171 165 141
11-1-1-0.05-50-0 1 2497 36 26 50 56 0.8162 0.8171 165 141
11-1-1-0.05-50-0 1 2497 1 1 362 362 0.2520 0.2520 409 409
11-1-1-0.05-50-0 1 2498 1 1 367 367 0.2520 0.2520 409 409
11-1-1-0.05-50-0 1 2498 1 8 366 212 0.2520 0.2506 409 303
11-1-1-0.05-50-0 1 2498 1 8 366 211 0.2520 0.2506 409 303
11-1-1-0.05-50-0 1 2498 1 1 366 366 0.2520 0.2520 409 409
11-1-1-0.05-50-0 1 2498 1 1 365 365 0.2520 0.2520 409 409
11-1-1-0.05-50-0 1 2498 1 1 364 364 0.2520 0.2520 409 409
11-1-1-0.05-50-0 1 2498 1 1 363 363 0.2520 0.2520 409 409
11-1-1-0.05-50-0 1 2498 1 1 362 362 0.2520 0.2520 409 409
11-1-1-0.05-50-0 1 2499 1 1 363 363 0.2520 0.2520 409 409
11-1-1-0.05-50-0 1 2499 1 8 362 212 0.2520 0.2506 409 303
11-1-1-0.05-50-0 1 2499 1 8 362 211 0.2520 0.2506 409 303
11-1-1-0.05-50-0 1 2499 1 1 362 362 0.2520 0.2520 409 409
11-1-1-0.05-50-0 1 2499 1 10 361 52 0.2520 0.2533 409 449
11-1-1-0.05-50-0 1 2499 1 39 361 1 0.2520 0.2187 409 309
11-1-1-0.05-50-0 1 2499 1 1 361 361 0.2520 0.2520 409 409
11-1-1-0.05-50-0 1 2499 1 8 360 210 0.2520 0.2506 409 303
11-1-1-0.05-50-0 1 2499 1 8 360 209 0.2520 0.2506 409 303
11-1-1-0.05-50-0 1 2500 20 31 66 1 0.9922 0.5626 102 252
11-1-1-0.05-50-0 1 2500 1 1 364 364 0.2520 0.2520 409 409
11-1-1-0.05-50-0 1 2500 1 8 363 208 0.2520 0.2506 409 303
11-1-1-0.05-50-0 1 2500 1 1 363 363 0.2520 0.2520 409 409
11-1-1-0.05-50-0 1 2500 1 8 362 207 0.2520 0.2506 409 303
11-1-1-0.05-50-0 1 2500 1 8 362 206 0.2520 0.2506 409 303
11-1-1-0.05-50-0 1 2500 20 28 66 1 0.9922 0.3846 102 311
11-1-1-0.05-50-0 1 2500 1 10 362 51 0.2520 0.2533 409 449
