111-0-1-0.05-50-0 0 2302 37 15 8 6 0.8481 0.7918 127 149
111-0-1-0.05-50-0 0 2302 35 30 11 1 0.0354 0.6008 158 266
111-0-1-0.05-50-0 0 2303 49 48 15 14 0.1842 0.1153 136 334
111-0-1-0.05-50-0 0 2303 35 18 12 6 0.0354 0.2181 158 226
111-0-1-0.05-50-0 0 2304 12 40 3 8 0.1896 0.9739 325 104
111-0-1-0.05-50-0 0 2304 25 15 3 4 0.9430 0.7918 125 149
111-0-1-0.05-50-0 0 2304 39 49 15 16 0.2187 0.1842 309 136
111-0-1-0.05-50-0 0 2305 49 13 15 4 0.1842 0.8878 136 151
111-0-1-0.05-50-0 0 2305 40 4 8 9 0.9739 0.0723 104 351
111-0-1-0.05-50-0 0 2305 10 15 1 4 0.2533 0.7918 449 149
111-0-1-0.05-50-0 0 2306 18 49 7 17 0.2181 0.1842 226 136
111-0-1-0.05-50-0 0 2306 49 25 16 3 0.1842 0.9430 136 125
111-0-1-0.05-50-0 0 2306 13 49 4 16 0.8878 0.1842 151 136
111-0-1-0.05-50-0 0 2307 7 14 3 1 0.9267 0.8451 106 105
111-0-1-0.05-50-0 0 2307 19 49 3 14 0.8072 0.1842 134 136
111-0-1-0.05-50-0 0 2307 37 39 8 16 0.8481 0.2187 127 309
111-0-1-0.05-50-0 0 2308 4 39 6 15 0.0723 0.2187 351 309
111-0-1-0.05-50-0 0 2308 46 17 15 3 0.3451 0.6398 327 197
111-0-1-0.05-50-0 0 2308 39 10 14 1 0.2187 0.2533 309 449
111-0-1-0.05-50-0 0 2309 44 12 2 4 0.7034 0.1896 118 325
111-0-1-0.05-50-0 0 2309 15 38 3 1 0.7918 0.6163 149 270
111-0-1-0.05-50-0 0 2309 39 44 14 2 0.2187 0.7034 309 118
111-0-1-0.05-50-0 0 2310 40 29 9 7 0.9739 0.6728 104 177
111-0-1-0.05-50-0 0 2310 18 18 7 7 0.2181 0.2181 226 226
111-0-1-0.05-50-0 0 2310 4 48 7 15 0.0723 0.1153 351 334
111-0-1-0.05-50-0 0 2311 39 45 15 2 0.2187 0.3816 309 173
111-0-1-0.05-50-0 0 2311 48 11 14 3 0.1153 0.0504 334 384
111-0-1-0.05-50-0 0 2312 49 39 12 17 0.1842 0.2187 136 309
111-0-1-0.05-50-0 0 2312 39 18 16 6 0.2187 0.2181 309 226
111-0-1-0.05-50-0 0 2312 49 29 12 8 0.1842 0.6728 136 177
111-0-1-0.05-50-0 0 2313 13 49 5 12 0.8878 0.1842 151 136
111-0-1-0.05-50-0 0 2313 46 7 14 3 0.3451 0.9267 327 106
111-0-1-0.05-50-0 0 2313 29 18 9 4 0.6728 0.2181 177 226
111-0-1-0.05-50-0 0 2314 49 37 12 9 0.1842 0.8481 136 127
111-0-1-0.05-50-0 0 2314 1 23 2 10 0.2520 0.1698 409 476
111-0-1-0.05-50-0 0 2314 37 49 8 12 0.8481 0.1842 127 136
111-0-1-0.05-50-0 0 2315 7 4 2 5 0.9267 0.0723 106 351
111-0-1-0.05-50-0 0 2315 25 48 3 15 0.9430 0.1153 125 334
111-0-1-0.05-50-0 0 2316 40 34 9 1 0.9739 0.7448 104 168
111-0-1-0.05-50-0 0 2316 46 46 14 14 0.3451 0.3451 327 327
111-0-1-0.05-50-0 0 2317 18 49 4 12 0.2181 0.1842 226 136
111-0-1-0.05-50-0 0 2317 49 49 11 11 0.1842 0.1842 136 136
111-0-1-0.05-50-0 0 2318 29 46 10 11 0.6728 0.3451 177 327
111-0-1-0.05-50-0 0 2318 46 29 10 10 0.3451 0.6728 327 177
111-0-1-0.05-50-0 0 2319 13 49 5 10 0.8878 0.1842 151 136
111-0-1-0.05-50-0 0 2319 23 23 8 8 0.1698 0.1698 476 476
111-0-1-0.05-50-0 0 2320 39 32 16 1 0.2187 0.6514 309 215
111-0-1-0.05-50-0 0 2320 39 46 16 11 0.2187 0.3451 309 327
111-0-1-0.05-50-0 0 2321 23 17 7 2 0.1698 0.6398 476 197
111-0-1-0.05-50-0 0 2321 35 12 9 4 0.0354 0.1896 158 325
111-0-1-0.05-50-0 0 2322 49 29 10 8 0.1842 0.6728 136 177
111-0-1-0.05-50-0 0 2322 37 46 8 10 0.8481 0.3451 127 327
111-0-1-0.05-50-0 0 2323 39 29 18 8 0.2187 0.6728 309 177
111-0-1-0.05-50-0 0 2323 23 11 7 1 0.1698 0.0504 476 384
111-0-1-0.05-50-0 0 2324 6 40 10 8 0.4266 0.9739 249 104
111-0-1-0.05-50-0 0 2324 46 35 10 10 0.3451 0.0354 327 158
111-0-1-0.05-50-0 0 2325 13 46 4 10 0.8878 0.3451 151 327
111-0-1-0.05-50-0 0 2325 39 49 17 10 0.2187 0.1842 309 136
111-0-1-0.05-50-0 0 2326 46 49 8 10 0.3451 0.1842 327 136
111-0-1-0.05-50-0 0 2326 12 23 5 11 0.1896 0.1698 325 476
111-0-1-0.05-50-0 0 2327 12 39 5 20 0.1896 0.2187 325 309
111-0-1-0.05-50-0 0 2327 48 13 17 4 0.1153 0.8878 334 151
111-0-1-0.05-50-0 0 2327 29 39 7 19 0.6728 0.2187 177 309
111-0-1-0.05-50-0 0 2328 4 6 2 9 0.0723 0.4266 351 249
111-0-1-0.05-50-0 0 2328 40 35 8 10 0.9739 0.0354 104 158
111-0-1-0.05-50-0 0 2329 29 35 7 9 0.6728 0.0354 177 158
111-0-1-0.05-50-0 0 2329 18 48 6 18 0.2181 0.1153 226 334
111-0-1-0.05-50-0 0 2330 7 15 6 1 0.9267 0.7918 106 149
111-0-1-0.05-50-0 0 2330 23 18 12 5 0.1698 0.2181 476 226
111-0-1-0.05-50-0 0 2331 12 48 5 15 0.1896 0.1153 325 334
111-0-1-0.05-50-0 0 2331 48 12 14 5 0.1153 0.1896 334 325
111-0-1-0.05-50-0 0 2332 27 46 1 11 0.0776 0.3451 149 327
111-0-1-0.05-50-0 0 2332 1 39 4 19 0.2520 0.2187 409 309
111-0-1-0.05-50-0 0 2333 48 46 14 12 0.1153 0.3451 334 327
111-0-1-0.05-50-0 0 2333 1 12 4 4 0.2520 0.1896 409 325
111-0-1-0.05-50-0 0 2334 7 29 6 7 0.9267 0.6728 106 177
111-0-1-0.05-50-0 0 2334 25 46 6 11 0.9430 0.3451 125 327
111-0-1-0.05-50-0 0 2335 39 49 20 6 0.2187 0.1842 309 136
111-0-1-0.05-50-0 0 2335 39 12 20 4 0.2187 0.1896 309 325
111-0-1-0.05-50-0 0 2336 35 37 8 8 0.0354 0.8481 158 127
111-0-1-0.05-50-0 0 2336 25 39 8 19 0.9430 0.2187 125 309
111-0-1-0.05-50-0 0 2337 35 29 8 6 0.0354 0.6728 158 177
111-0-1-0.05-50-0 0 2337 35 23 8 12 0.0354 0.1698 158 476
111-0-1-0.05-50-0 0 2338 23 39 12 20 0.1698 0.2187 476 309
111-0-1-0.05-50-0 0 2338 29 39 6 19 0.6728 0.2187 177 309
111-0-1-0.05-50-0 0 2338 35 2 8 3 0.0354 0.8198 158 167
111-0-1-0.05-50-0 0 2339 43 2 2 2 0.8316 0.8198 123 167
111-0-1-0.05-50-0 0 2339 48 5 19 4 0.1153 0.0007 334 226
111-0-1-0.05-50-0 0 2339 1 46 5 9 0.2520 0.3451 409 327
111-0-1-0.05-50-0 0 2340 23 37 13 7 0.1698 0.8481 476 127
111-0-1-0.05-50-0 0 2340 25 39 8 20 0.9430 0.2187 125 309
111-0-1-0.05-50-0 0 2340 6 46 7 8 0.4266 0.3451 249 327
111-0-1-0.05-50-0 0 2341 23 39 14 18 0.1698 0.2187 476 309
111-0-1-0.05-50-0 0 2341 4 40 1 6 0.0723 0.9739 351 104
111-0-1-0.05-50-0 0 2341 17 7 2 10 0.6398 0.9267 197 106
111-0-1-0.05-50-0 0 2342 37 35 8 7 0.8481 0.0354 127 158
111-0-1-0.05-50-0 0 2342 48 40 21 5 0.1153 0.9739 334 104
111-0-1-0.05-50-0 0 2342 18 48 3 21 0.2181 0.1153 226 334
111-0-1-0.05-50-0 0 2343 1 46 9 8 0.2520 0.3451 409 327
111-0-1-0.05-50-0 0 2343 8 37 6 8 0.2506 0.8481 303 127
111-0-1-0.05-50-0 0 2343 39 35 16 7 0.2187 0.0354 309 158
111-0-1-0.05-50-0 0 2344 48 6 20 9 0.1153 0.4266 334 249
111-0-1-0.05-50-0 0 2344 1 1 10 10 0.2520 0.2520 409 409
111-0-1-0.05-50-0 0 2344 48 48 20 20 0.1153 0.1153 334 334
111-0-1-0.05-50-0 0 2345 49 43 8 2 0.1842 0.8316 136 123
111-0-1-0.05-50-0 0 2345 23 25 16 11 0.1698 0.9430 476 125
111-0-1-0.05-50-0 0 2345 49 18 8 4 0.1842 0.2181 136 226
111-0-1-0.05-50-0 0 2346 39 48 16 19 0.2187 0.1153 309 334
111-0-1-0.05-50-0 0 2346 23 39 17 16 0.1698 0.2187 476 309
111-0-1-0.05-50-0 0 2346 48 23 18 17 0.1153 0.1698 334 476
111-0-1-0.05-50-0 0 2347 5 7 2 9 0.0007 0.9267 226 106
111-0-1-0.05-50-0 0 2347 46 39 7 15 0.3451 0.2187 327 309
111-0-1-0.05-50-0 0 2347 23 49 16 7 0.1698 0.1842 476 136
111-0-1-0.05-50-0 0 2348 25 8 13 6 0.9430 0.2506 125 303
111-0-1-0.05-50-0 0 2348 8 46 5 8 0.2506 0.3451 303 327
111-0-1-0.05-50-0 0 2348 25 46 13 7 0.9430 0.3451 125 327
111-0-1-0.05-50-0 0 2349 48 25 22 13 0.1153 0.9430 334 125
111-0-1-0.05-50-0 0 2349 25 1 12 12 0.9430 0.2520 125 409
111-0-1-0.05-50-0 0 2349 40 45 3 1 0.9739 0.3816 104 173
111-0-1-0.05-50-0 0 2350 37 37 11 11 0.8481 0.8481 127 127
111-0-1-0.05-50-0 0 2350 46 39 7 14 0.3451 0.2187 327 309
111-0-1-0.05-50-0 0 2350 23 1 18 11 0.1698 0.2520 476 409
111-0-1-0.05-50-0 0 2351 39 27 13 1 0.2187 0.0776 309 149
111-0-1-0.05-50-0 0 2351 25 48 12 22 0.9430 0.1153 125 334
111-0-1-0.05-50-0 0 2351 48 18 21 5 0.1153 0.2181 334 226
111-0-1-0.05-50-0 0 2352 18 1 4 11 0.2181 0.2520 226 409
111-0-1-0.05-50-0 0 2352 18 21 4 5 0.2181 0.4184 226 158
111-0-1-0.05-50-0 0 2352 37 20 10 1 0.8481 0.9922 127 102
111-0-1-0.05-50-0 0 2353 25 48 11 23 0.9430 0.1153 125 334
111-0-1-0.05-50-0 0 2353 39 23 14 19 0.2187 0.1698 309 476
111-0-1-0.05-50-0 0 2353 48 25 22 11 0.1153 0.9430 334 125
111-0-1-0.05-50-0 0 2354 39 29 13 7 0.2187 0.6728 309 177
111-0-1-0.05-50-0 0 2354 1 12 9 4 0.2520 0.1896 409 325
111-0-1-0.05-50-0 0 2354 39 37 13 11 0.2187 0.8481 309 127
111-0-1-0.05-50-0 0 2355 29 29 6 6 0.6728 0.6728 177 177
111-0-1-0.05-50-0 0 2355 21 37 5 10 0.4184 0.8481 158 127
111-0-1-0.05-50-0 0 2355 39 48 14 23 0.2187 0.1153 309 334
111-0-1-0.05-50-0 0 2356 15 3 3 6 0.7918 0.4813 149 321
111-0-1-0.05-50-0 0 2356 23 3 22 5 0.1698 0.4813 476 321
111-0-1-0.05-50-0 0 2356 5 1 3 10 0.0007 0.2520 226 409
111-0-1-0.05-50-0 0 2357 3 17 4 1 0.4813 0.6398 321 197
111-0-1-0.05-50-0 0 2357 1 7 8 3 0.2520 0.9267 409 106
111-0-1-0.05-50-0 0 2357 48 18 25 7 0.1153 0.2181 334 226
111-0-1-0.05-50-0 0 2358 8 35 5 5 0.2506 0.0354 303 158
111-0-1-0.05-50-0 0 2358 25 12 9 4 0.9430 0.1896 125 325
111-0-1-0.05-50-0 0 2358 48 29 26 4 0.1153 0.6728 334 177
111-0-1-0.05-50-0 0 2359 39 23 15 19 0.2187 0.1698 309 476
111-0-1-0.05-50-0 0 2359 26 40 1 2 0.8171 0.9739 141 104
111-0-1-0.05-50-0 0 2359 1 37 6 9 0.2520 0.8481 409 127
111-0-1-0.05-50-0 0 2360 35 4 4 1 0.0354 0.0723 158 351
111-0-1-0.05-50-0 0 2360 48 39 29 17 0.1153 0.2187 334 309
111-0-1-0.05-50-0 0 2360 48 49 29 8 0.1153 0.1842 334 136
111-0-1-0.05-50-0 0 2361 48 23 29 18 0.1153 0.1698 334 476
111-0-1-0.05-50-0 0 2361 37 39 8 17 0.8481 0.2187 127 309
111-0-1-0.05-50-0 0 2361 48 48 29 29 0.1153 0.1153 334 334
111-0-1-0.05-50-0 0 2362 43 23 3 17 0.8316 0.1698 123 476
111-0-1-0.05-50-0 0 2362 15 35 2 5 0.7918 0.0354 149 158
111-0-1-0.05-50-0 0 2362 35 23 4 16 0.0354 0.1698 158 476
111-0-1-0.05-50-0 0 2363 18 15 8 2 0.2181 0.7918 226 149
111-0-1-0.05-50-0 0 2363 48 46 31 9 0.1153 0.3451 334 327
111-0-1-0.05-50-0 0 2363 8 48 5 31 0.2506 0.1153 303 334
111-0-1-0.05-50-0 0 2364 6 1 7 6 0.4266 0.2520 249 409
111-0-1-0.05-50-0 0 2364 23 1 14 5 0.1698 0.2520 476 409
111-0-1-0.05-50-0 0 2364 39 23 18 14 0.2187 0.1698 309 476
111-0-1-0.05-50-0 0 2365 37 23 5 12 0.8481 0.1698 127 476
111-0-1-0.05-50-0 0 2365 6 47 7 2 0.4266 0.9293 249 103
111-0-1-0.05-50-0 0 2365 47 23 1 11 0.9293 0.1698 103 476
111-0-1-0.05-50-0 0 2366 49 35 5 5 0.1842 0.0354 136 158
111-0-1-0.05-50-0 0 2366 31 48 1 31 0.5626 0.1153 252 334
111-0-1-0.05-50-0 0 2366 37 3 5 4 0.8481 0.4813 127 321
111-0-1-0.05-50-0 0 2367 32 46 4 9 0.6514 0.3451 215 327
111-0-1-0.05-50-0 0 2367 39 19 20 4 0.2187 0.8072 309 134
111-0-1-0.05-50-0 0 2367 32 39 4 20 0.6514 0.2187 215 309
111-0-1-0.05-50-0 0 2368 32 8 4 5 0.6514 0.2506 215 303
111-0-1-0.05-50-0 0 2368 48 48 33 33 0.1153 0.1153 334 334
111-0-1-0.05-50-0 0 2368 18 46 9 8 0.2181 0.3451 226 327
111-0-1-0.05-50-0 0 2369 22 16 4 2 0.0160 0.2228 311 149
111-0-1-0.05-50-0 0 2369 3 48 3 31 0.4813 0.1153 321 334
111-0-1-0.05-50-0 0 2370 48 39 32 22 0.1153 0.2187 334 309
111-0-1-0.05-50-0 0 2370 35 1 4 5 0.0354 0.2520 158 409
111-0-1-0.05-50-0 0 2370 48 48 32 32 0.1153 0.1153 334 334
111-0-1-0.05-50-0 0 2371 39 23 22 10 0.2187 0.1698 309 476
111-0-1-0.05-50-0 0 2371 39 46 22 9 0.2187 0.3451 309 327
111-0-1-0.05-50-0 0 2371 18 22 11 4 0.2181 0.0160 226 311
111-0-1-0.05-50-0 0 2372 42 6 3 8 0.7447 0.4266 106 249
111-0-1-0.05-50-0 0 2372 21 48 4 32 0.4184 0.1153 158 334
111-0-1-0.05-50-0 0 2372 48 32 31 4 0.1153 0.6514 334 215
111-0-1-0.05-50-0 0 2373 48 48 31 31 0.1153 0.1153 334 334
111-0-1-0.05-50-0 0 2373 39 37 23 6 0.2187 0.8481 309 127
111-0-1-0.05-50-0 0 2373 37 46 5 9 0.8481 0.3451 127 327
111-0-1-0.05-50-0 0 2374 21 21 4 4 0.4184 0.4184 158 158
111-0-1-0.05-50-0 0 2374 48 8 31 4 0.1153 0.2506 334 303
111-0-1-0.05-50-0 0 2374 48 48 31 31 0.1153 0.1153 334 334
111-0-1-0.05-50-0 0 2375 18 22 12 4 0.2181 0.0160 226 311
111-0-1-0.05-50-0 0 2375 18 1 12 5 0.2181 0.2520 226 409
111-0-1-0.05-50-0 0 2375 8 23 3 8 0.2506 0.1698 303 476
111-0-1-0.05-50-0 0 2376 25 21 7 2 0.9430 0.4184 125 158
111-0-1-0.05-50-0 0 2376 29 18 2 12 0.6728 0.2181 177 226
111-0-1-0.05-50-0 0 2376 48 39 34 25 0.1153 0.2187 334 309
111-0-1-0.05-50-0 0 2377 39 44 23 1 0.2187 0.7034 309 118
111-0-1-0.05-50-0 0 2377 29 48 2 36 0.6728 0.1153 177 334
111-0-1-0.05-50-0 0 2377 3 22 2 3 0.4813 0.0160 321 311
111-0-1-0.05-50-0 0 2378 48 42 35 3 0.1153 0.7447 334 106
111-0-1-0.05-50-0 0 2378 48 48 35 35 0.1153 0.1153 334 334
111-0-1-0.05-50-0 0 2378 1 39 5 24 0.2520 0.2187 409 309
111-0-1-0.05-50-0 0 2379 12 39 5 23 0.1896 0.2187 325 309
111-0-1-0.05-50-0 0 2379 7 39 2 22 0.9267 0.2187 106 309
111-0-1-0.05-50-0 0 2379 37 48 6 34 0.8481 0.1153 127 334
111-0-1-0.05-50-0 0 2380 23 39 8 21 0.1698 0.2187 476 309
111-0-1-0.05-50-0 0 2380 4 3 2 3 0.0723 0.4813 351 321
111-0-1-0.05-50-0 0 2380 35 48 5 35 0.0354 0.1153 158 334
111-0-1-0.05-50-0 0 2381 25 48 5 32 0.9430 0.1153 125 334
111-0-1-0.05-50-0 0 2381 18 8 8 4 0.2181 0.2506 226 303
111-0-1-0.05-50-0 0 2381 37 49 8 10 0.8481 0.1842 127 136
111-0-1-0.05-50-0 0 2382 4 48 2 31 0.0723 0.1153 351 334
111-0-1-0.05-50-0 0 2382 39 39 24 24 0.2187 0.2187 309 309
111-0-1-0.05-50-0 0 2382 23 48 6 30 0.1698 0.1153 476 334
111-0-1-0.05-50-0 0 2383 1 39 5 24 0.2520 0.2187 409 309
111-0-1-0.05-50-0 0 2383 32 4 4 2 0.6514 0.0723 215 351
111-0-1-0.05-50-0 0 2383 1 48 5 28 0.2520 0.1153 409 334
111-0-1-0.05-50-0 0 2384 43 15 2 1 0.8316 0.7918 123 149
111-0-1-0.05-50-0 0 2384 8 39 2 24 0.2506 0.2187 303 309
111-0-1-0.05-50-0 0 2384 37 37 9 9 0.8481 0.8481 127 127
111-0-1-0.05-50-0 0 2385 45 42 2 4 0.3816 0.7447 173 106
111-0-1-0.05-50-0 0 2385 3 19 2 3 0.4813 0.8072 321 134
111-0-1-0.05-50-0 0 2385 42 35 3 5 0.7447 0.0354 106 158
111-0-1-0.05-50-0 0 2386 29 12 2 9 0.6728 0.1896 177 325
111-0-1-0.05-50-0 0 2386 43 39 3 25 0.8316 0.2187 123 309
111-0-1-0.05-50-0 0 2386 48 46 32 10 0.1153 0.3451 334 327
111-0-1-0.05-50-0 0 2387 48 48 33 33 0.1153 0.1153 334 334
111-0-1-0.05-50-0 0 2387 39 48 24 32 0.2187 0.1153 309 334
111-0-1-0.05-50-0 0 2387 4 18 1 8 0.0723 0.2181 351 226
111-0-1-0.05-50-0 0 2388 48 12 31 8 0.1153 0.1896 334 325
111-0-1-0.05-50-0 0 2388 7 25 5 4 0.9267 0.9430 106 125
111-0-1-0.05-50-0 0 2388 48 39 31 25 0.1153 0.2187 334 309
111-0-1-0.05-50-0 0 2389 12 16 8 1 0.1896 0.2228 325 149
111-0-1-0.05-50-0 0 2389 6 48 7 33 0.4266 0.1153 249 334
111-0-1-0.05-50-0 0 2389 48 39 32 25 0.1153 0.2187 334 309
111-0-1-0.05-50-0 0 2390 46 6 7 9 0.3451 0.4266 327 249
111-0-1-0.05-50-0 0 2390 6 18 8 6 0.4266 0.2181 249 226
111-0-1-0.05-50-0 0 2390 39 39 25 25 0.2187 0.2187 309 309
111-0-1-0.05-50-0 0 2391 23 39 7 25 0.1698 0.2187 476 309
111-0-1-0.05-50-0 0 2391 48 46 35 6 0.1153 0.3451 334 327
111-0-1-0.05-50-0 0 2391 7 42 4 3 0.9267 0.7447 106 106
111-0-1-0.05-50-0 0 2392 48 34 36 1 0.1153 0.7448 334 168
111-0-1-0.05-50-0 0 2392 48 1 36 4 0.1153 0.2520 334 409
111-0-1-0.05-50-0 0 2392 25 48 2 36 0.9430 0.1153 125 334
111-0-1-0.05-50-0 0 2393 48 12 37 9 0.1153 0.1896 334 325
111-0-1-0.05-50-0 0 2393 46 32 6 6 0.3451 0.6514 327 215
111-0-1-0.05-50-0 0 2393 6 48 10 37 0.4266 0.1153 249 334
111-0-1-0.05-50-0 0 2394 46 7 5 2 0.3451 0.9267 327 106
111-0-1-0.05-50-0 0 2394 19 7 2 1 0.8072 0.9267 134 106
111-0-1-0.05-50-0 0 2394 6 48 10 36 0.4266 0.1153 249 334
111-0-1-0.05-50-0 0 2395 48 37 35 11 0.1153 0.8481 334 127
111-0-1-0.05-50-0 0 2395 39 48 22 35 0.2187 0.1153 309 334
111-0-1-0.05-50-0 0 2395 48 32 34 5 0.1153 0.6514 334 215
111-0-1-0.05-50-0 0 2396 37 37 10 10 0.8481 0.8481 127 127
111-0-1-0.05-50-0 0 2396 48 39 33 23 0.1153 0.2187 334 309
111-0-1-0.05-50-0 0 2396 37 48 9 33 0.8481 0.1153 127 334
111-0-1-0.05-50-0 0 2397 48 37 31 9 0.1153 0.8481 334 127
111-0-1-0.05-50-0 0 2397 1 23 3 9 0.2520 0.1698 409 476
111-0-1-0.05-50-0 0 2398 35 12 7 6 0.0354 0.1896 158 325
111-0-1-0.05-50-0 0 2398 23 8 7 5 0.1698 0.2506 476 303
111-0-1-0.05-50-0 0 2399 37 46 7 5 0.8481 0.3451 127 327
111-0-1-0.05-50-0 0 2399 46 25 4 2 0.3451 0.9430 327 125
111-0-1-0.05-50-0 0 2400 32 37 6 7 0.6514 0.8481 215 127
111-0-1-0.05-50-0 0 2400 22 43 2 7 0.0160 0.8316 311 123
111-0-1-0.05-50-0 0 2401 43 48 6 31 0.8316 0.1153 123 334
111-0-1-0.05-50-0 0 2401 43 35 6 7 0.8316 0.0354 123 158
111-0-1-0.05-50-0 0 2402 48 48 32 32 0.1153 0.1153 334 334
111-0-1-0.05-50-0 0 2402 32 37 5 6 0.6514 0.8481 215 127
111-0-1-0.05-50-0 0 2403 43 47 5 1 0.8316 0.9293 123 103
111-0-1-0.05-50-0 0 2403 4 18 2 6 0.0723 0.2181 351 226
111-0-1-0.05-50-0 0 2404 48 41 34 2 0.1153 0.9621 334 105
111-0-1-0.05-50-0 0 2404 49 48 10 34 0.1842 0.1153 136 334
111-0-1-0.05-50-0 0 2404 35 29 11 2 0.0354 0.6728 158 177
111-0-1-0.05-50-0 0 2405 48 43 30 5 0.1153 0.8316 334 123
111-0-1-0.05-50-0 0 2405 39 48 20 30 0.2187 0.1153 309 334
111-0-1-0.05-50-0 0 2406 21 19 2 4 0.4184 0.8072 158 134
111-0-1-0.05-50-0 0 2406 18 6 6 7 0.2181 0.4266 226 249
111-0-1-0.05-50-0 0 2407 46 39 5 20 0.3451 0.2187 327 309
111-0-1-0.05-50-0 0 2407 25 18 1 7 0.9430 0.2181 125 226
111-0-1-0.05-50-0 0 2408 18 39 6 20 0.2181 0.2187 226 309
111-0-1-0.05-50-0 0 2408 8 48 5 31 0.2506 0.1153 303 334
111-0-1-0.05-50-0 0 2408 48 48 30 30 0.1153 0.1153 334 334
111-0-1-0.05-50-0 0 2409 39 48 19 32 0.2187 0.1153 309 334
111-0-1-0.05-50-0 0 2409 48 4 31 2 0.1153 0.0723 334 351
111-0-1-0.05-50-0 0 2409 1 43 6 3 0.2520 0.8316 409 123
111-0-1-0.05-50-0 0 2410 49 8 13 6 0.1842 0.2506 136 303
111-0-1-0.05-50-0 0 2410 22 39 4 19 0.0160 0.2187 311 309
111-0-1-0.05-50-0 0 2410 12 35 8 12 0.1896 0.0354 325 158
111-0-1-0.05-50-0 0 2411 35 41 11 1 0.0354 0.9621 158 105
111-0-1-0.05-50-0 0 2411 19 39 2 17 0.8072 0.2187 134 309
111-0-1-0.05-50-0 0 2412 8 35 5 11 0.2506 0.0354 303 158
111-0-1-0.05-50-0 0 2412 32 39 3 16 0.6514 0.2187 215 309
111-0-1-0.05-50-0 0 2413 45 6 2 7 0.3816 0.4266 173 249
111-0-1-0.05-50-0 0 2413 35 48 11 30 0.0354 0.1153 158 334
111-0-1-0.05-50-0 0 2414 35 1 11 5 0.0354 0.2520 158 409
111-0-1-0.05-50-0 0 2414 48 48 29 29 0.1153 0.1153 334 334
111-0-1-0.05-50-0 0 2415 48 35 28 11 0.1153 0.0354 334 158
111-0-1-0.05-50-0 0 2415 21 1 8 4 0.4184 0.2520 158 409
111-0-1-0.05-50-0 0 2415 22 48 3 28 0.0160 0.1153 311 334
111-0-1-0.05-50-0 0 2416 46 15 7 4 0.3451 0.7918 327 149
111-0-1-0.05-50-0 0 2416 48 48 26 26 0.1153 0.1153 334 334
111-0-1-0.05-50-0 0 2416 39 4 16 3 0.2187 0.0723 309 351
111-0-1-0.05-50-0 0 2417 1 23 4 6 0.2520 0.1698 409 476
111-0-1-0.05-50-0 0 2417 8 6 8 5 0.2506 0.4266 303 249
111-0-1-0.05-50-0 0 2417 48 39 26 17 0.1153 0.2187 334 309
111-0-1-0.05-50-0 0 2418 4 39 2 16 0.0723 0.2187 351 309
111-0-1-0.05-50-0 0 2418 19 3 2 5 0.8072 0.4813 134 321
111-0-1-0.05-50-0 0 2418 8 8 8 8 0.2506 0.2506 303 303
111-0-1-0.05-50-0 0 2419 48 46 25 6 0.1153 0.3451 334 327
111-0-1-0.05-50-0 0 2419 22 25 3 2 0.0160 0.9430 311 125
111-0-1-0.05-50-0 0 2419 23 12 6 12 0.1698 0.1896 476 325
111-0-1-0.05-50-0 0 2420 48 1 26 6 0.1153 0.2520 334 409
111-0-1-0.05-50-0 0 2420 8 48 6 26 0.2506 0.1153 303 334
111-0-1-0.05-50-0 0 2421 22 35 3 13 0.0160 0.0354 311 158
111-0-1-0.05-50-0 0 2421 18 3 8 5 0.2181 0.4813 226 321
111-0-1-0.05-50-0 0 2421 19 38 2 1 0.8072 0.6163 134 270
111-0-1-0.05-50-0 0 2422 35 12 12 11 0.0354 0.1896 158 325
111-0-1-0.05-50-0 0 2422 22 21 2 13 0.0160 0.4184 311 158
111-0-1-0.05-50-0 0 2422 48 48 29 29 0.1153 0.1153 334 334
111-0-1-0.05-50-0 0 2423 39 39 19 19 0.2187 0.2187 309 309
111-0-1-0.05-50-0 0 2423 48 48 28 28 0.1153 0.1153 334 334
111-0-1-0.05-50-0 0 2423 48 18 27 8 0.1153 0.2181 334 226
111-0-1-0.05-50-0 0 2424 6 42 5 2 0.4266 0.7447 249 106
111-0-1-0.05-50-0 0 2424 4 25 2 2 0.0723 0.9430 351 125
111-0-1-0.05-50-0 0 2424 39 39 21 21 0.2187 0.2187 309 309
111-0-1-0.05-50-0 0 2425 23 21 7 13 0.1698 0.4184 476 158
111-0-1-0.05-50-0 0 2425 49 21 16 12 0.1842 0.4184 136 158
111-0-1-0.05-50-0 0 2425 6 23 5 7 0.4266 0.1698 249 476
111-0-1-0.05-50-0 0 2426 48 39 25 20 0.1153 0.2187 334 309
111-0-1-0.05-50-0 0 2426 48 21 25 10 0.1153 0.4184 334 158
111-0-1-0.05-50-0 0 2426 4 48 2 25 0.0723 0.1153 351 334
111-0-1-0.05-50-0 0 2427 23 49 6 17 0.1698 0.1842 476 136
111-0-1-0.05-50-0 0 2427 22 48 3 23 0.0160 0.1153 311 334
111-0-1-0.05-50-0 0 2428 10 49 1 16 0.2533 0.1842 449 136
111-0-1-0.05-50-0 0 2428 12 12 12 12 0.1896 0.1896 325 325
111-0-1-0.05-50-0 0 2428 21 39 10 18 0.4184 0.2187 158 309
111-0-1-0.05-50-0 0 2429 39 8 18 6 0.2187 0.2506 309 303
111-0-1-0.05-50-0 0 2429 39 8 18 5 0.2187 0.2506 309 303
111-0-1-0.05-50-0 0 2429 12 49 11 15 0.1896 0.1842 325 136
111-0-1-0.05-50-0 0 2430 35 21 11 11 0.0354 0.4184 158 158
111-0-1-0.05-50-0 0 2430 21 8 10 4 0.4184 0.2506 158 303
111-0-1-0.05-50-0 0 2431 32 35 3 10 0.6514 0.0354 215 158
111-0-1-0.05-50-0 0 2431 39 21 20 10 0.2187 0.4184 309 158
111-0-1-0.05-50-0 0 2432 18 49 8 14 0.2181 0.1842 226 136
111-0-1-0.05-50-0 0 2432 32 48 3 22 0.6514 0.1153 215 334
111-0-1-0.05-50-0 0 2433 48 49 22 15 0.1153 0.1842 334 136
111-0-1-0.05-50-0 0 2433 21 35 10 8 0.4184 0.0354 158 158
111-0-1-0.05-50-0 0 2433 10 6 3 5 0.2533 0.4266 449 249
111-0-1-0.05-50-0 0 2434 18 23 8 5 0.2181 0.1698 226 476
111-0-1-0.05-50-0 0 2434 12 16 15 1 0.1896 0.2228 325 149
111-0-1-0.05-50-0 0 2434 4 39 3 20 0.0723 0.2187 351 309
111-0-1-0.05-50-0 0 2435 48 49 27 14 0.1153 0.1842 334 136
111-0-1-0.05-50-0 0 2435 19 39 2 22 0.8072 0.2187 134 309
111-0-1-0.05-50-0 0 2435 35 12 7 15 0.0354 0.1896 158 325
111-0-1-0.05-50-0 0 2436 49 39 13 21 0.1842 0.2187 136 309
111-0-1-0.05-50-0 0 2436 1 42 7 3 0.2520 0.7447 409 106
111-0-1-0.05-50-0 0 2436 19 39 2 20 0.8072 0.2187 134 309
111-0-1-0.05-50-0 0 2437 18 48 9 23 0.2181 0.1153 226 334
111-0-1-0.05-50-0 0 2437 31 39 2 19 0.5626 0.2187 252 309
111-0-1-0.05-50-0 0 2437 49 42 14 3 0.1842 0.7447 136 106
111-0-1-0.05-50-0 0 2438 49 8 15 5 0.1842 0.2506 136 303
111-0-1-0.05-50-0 0 2438 29 35 1 9 0.6728 0.0354 177 158
111-0-1-0.05-50-0 0 2438 12 32 12 3 0.1896 0.6514 325 215
111-0-1-0.05-50-0 0 2439 8 35 4 7 0.2506 0.0354 303 158
111-0-1-0.05-50-0 0 2439 39 48 17 22 0.2187 0.1153 309 334
111-0-1-0.05-50-0 0 2439 48 12 21 13 0.1153 0.1896 334 325
111-0-1-0.05-50-0 0 2440 1 1 9 9 0.2520 0.2520 409 409
111-0-1-0.05-50-0 0 2440 15 42 3 2 0.7918 0.7447 149 106
111-0-1-0.05-50-0 0 2440 18 18 9 9 0.2181 0.2181 226 226
111-0-1-0.05-50-0 0 2441 8 12 5 11 0.2506 0.1896 303 325
111-0-1-0.05-50-0 0 2441 39 26 16 1 0.2187 0.8171 309 141
111-0-1-0.05-50-0 0 2442 48 49 22 14 0.1153 0.1842 334 136
111-0-1-0.05-50-0 0 2442 25 15 2 3 0.9430 0.7918 125 149
111-0-1-0.05-50-0 0 2442 39 48 16 22 0.2187 0.1153 309 334
111-0-1-0.05-50-0 0 2443 48 35 22 7 0.1153 0.0354 334 158
111-0-1-0.05-50-0 0 2443 22 1 7 9 0.0160 0.2520 311 409
111-0-1-0.05-50-0 0 2443 18 39 9 16 0.2181 0.2187 226 309
111-0-1-0.05-50-0 0 2444 21 10 14 11 0.4184 0.2533 158 449
111-0-1-0.05-50-0 0 2444 39 18 16 11 0.2187 0.2181 309 226
111-0-1-0.05-50-0 0 2445 42 12 1 7 0.7447 0.1896 106 325
111-0-1-0.05-50-0 0 2445 49 1 12 6 0.1842 0.2520 136 409
111-0-1-0.05-50-0 0 2446 49 6 13 5 0.1842 0.4266 136 249
111-0-1-0.05-50-0 0 2446 1 10 4 9 0.2520 0.2533 409 449
111-0-1-0.05-50-0 0 2447 48 18 24 14 0.1153 0.2181 334 226
111-0-1-0.05-50-0 0 2447 21 35 17 5 0.4184 0.0354 158 158
111-0-1-0.05-50-0 0 2448 48 1 26 3 0.1153 0.2520 334 409
111-0-1-0.05-50-0 0 2448 48 32 26 3 0.1153 0.6514 334 215
111-0-1-0.05-50-0 0 2449 18 1 12 2 0.2181 0.2520 226 409
111-0-1-0.05-50-0 0 2449 48 39 26 16 0.1153 0.2187 334 309
111-0-1-0.05-50-0 0 2450 36 49 1 13 0.8162 0.1842 165 136
111-0-1-0.05-50-0 0 2450 21 4 16 2 0.4184 0.0723 158 351
111-0-1-0.05-50-0 0 2450 12 25 7 2 0.1896 0.9430 325 125
111-0-1-0.05-50-0 0 2451 48 49 30 12 0.1153 0.1842 334 136
111-0-1-0.05-50-0 0 2451 21 48 15 30 0.4184 0.1153 158 334
111-0-1-0.05-50-0 0 2452 22 19 5 4 0.0160 0.8072 311 134
111-0-1-0.05-50-0 0 2452 21 48 16 28 0.4184 0.1153 158 334
111-0-1-0.05-50-0 0 2452 20 10 1 8 0.9922 0.2533 102 449
111-0-1-0.05-50-0 0 2453 18 3 12 5 0.2181 0.4813 226 321
111-0-1-0.05-50-0 0 2453 21 32 18 3 0.4184 0.6514 158 215
111-0-1-0.05-50-0 0 2454 48 10 28 7 0.1153 0.2533 334 449
111-0-1-0.05-50-0 0 2454 36 22 1 5 0.8162 0.0160 165 311
111-0-1-0.05-50-0 0 2454 10 18 6 13 0.2533 0.2181 449 226
111-0-1-0.05-50-0 0 2455 48 21 28 19 0.1153 0.4184 334 158
111-0-1-0.05-50-0 0 2455 48 2 28 2 0.1153 0.8198 334 167
111-0-1-0.05-50-0 0 2456 24 32 3 2 0.1940 0.6514 254 215
111-0-1-0.05-50-0 0 2456 48 48 26 26 0.1153 0.1153 334 334
111-0-1-0.05-50-0 0 2457 18 21 13 18 0.2181 0.4184 226 158
111-0-1-0.05-50-0 0 2457 10 48 6 23 0.2533 0.1153 449 334
111-0-1-0.05-50-0 0 2458 48 39 24 16 0.1153 0.2187 334 309
111-0-1-0.05-50-0 0 2458 48 19 24 6 0.1153 0.8072 334 134
111-0-1-0.05-50-0 0 2458 5 39 2 15 0.0007 0.2187 226 309
111-0-1-0.05-50-0 0 2459 21 35 16 4 0.4184 0.0354 158 158
111-0-1-0.05-50-0 0 2459 48 49 25 10 0.1153 0.1842 334 136
111-0-1-0.05-50-0 0 2459 48 12 25 8 0.1153 0.1896 334 325
111-0-1-0.05-50-0 0 2460 21 21 15 15 0.4184 0.4184 158 158
111-0-1-0.05-50-0 0 2460 21 12 14 8 0.4184 0.1896 158 325
111-0-1-0.05-50-0 0 2461 49 48 8 25 0.1842 0.1153 136 334
111-0-1-0.05-50-0 0 2461 3 21 3 15 0.4813 0.4184 321 158
111-0-1-0.05-50-0 0 2461 8 36 6 1 0.2506 0.8162 303 165
111-0-1-0.05-50-0 0 2462 49 18 8 15 0.1842 0.2181 136 226
111-0-1-0.05-50-0 0 2462 39 49 16 8 0.2187 0.1842 309 136
111-0-1-0.05-50-0 0 2462 19 1 6 3 0.8072 0.2520 134 409
111-0-1-0.05-50-0 0 2463 19 48 6 24 0.8072 0.1153 134 334
111-0-1-0.05-50-0 0 2463 48 15 23 2 0.1153 0.7918 334 149
111-0-1-0.05-50-0 0 2464 8 48 5 23 0.2506 0.1153 303 334
111-0-1-0.05-50-0 0 2464 21 48 14 22 0.4184 0.1153 158 334
111-0-1-0.05-50-0 0 2465 48 48 22 22 0.1153 0.1153 334 334
111-0-1-0.05-50-0 0 2465 35 39 5 14 0.0354 0.2187 158 309
111-0-1-0.05-50-0 0 2466 48 39 21 13 0.1153 0.2187 334 309
111-0-1-0.05-50-0 0 2466 39 48 12 21 0.2187 0.1153 309 334
111-0-1-0.05-50-0 0 2467 48 5 21 2 0.1153 0.0007 334 226
111-0-1-0.05-50-0 0 2467 48 10 21 3 0.1153 0.2533 334 449
111-0-1-0.05-50-0 0 2468 6 18 10 11 0.4266 0.2181 249 226
111-0-1-0.05-50-0 0 2468 20 22 4 5 0.9922 0.0160 102 311
111-0-1-0.05-50-0 0 2469 24 48 4 24 0.1940 0.1153 254 334
111-0-1-0.05-50-0 0 2469 48 49 23 9 0.1153 0.1842 334 136
111-0-1-0.05-50-0 0 2470 39 12 11 5 0.2187 0.1896 309 325
111-0-1-0.05-50-0 0 2470 48 42 22 3 0.1153 0.7447 334 106
111-0-1-0.05-50-0 0 2471 10 10 2 2 0.2533 0.2533 449 449
111-0-1-0.05-50-0 0 2471 48 1 22 3 0.1153 0.2520 334 409
111-0-1-0.05-50-0 0 2472 18 21 15 16 0.2181 0.4184 226 158
111-0-1-0.05-50-0 0 2472 6 48 9 22 0.4266 0.1153 249 334
111-0-1-0.05-50-0 0 2473 2 22 3 7 0.8198 0.0160 167 311
111-0-1-0.05-50-0 0 2473 48 8 22 3 0.1153 0.2506 334 303
111-0-1-0.05-50-0 0 2474 20 21 6 16 0.9922 0.4184 102 158
111-0-1-0.05-50-0 0 2474 21 18 15 16 0.4184 0.2181 158 226
111-0-1-0.05-50-0 0 2475 31 12 4 7 0.5626 0.1896 252 325
111-0-1-0.05-50-0 0 2475 12 48 6 23 0.1896 0.1153 325 334
111-0-1-0.05-50-0 0 2476 6 48 11 22 0.4266 0.1153 249 334
111-0-1-0.05-50-0 0 2476 18 48 18 21 0.2181 0.1153 226 334
111-0-1-0.05-50-0 0 2476 22 48 8 20 0.0160 0.1153 311 334
111-0-1-0.05-50-0 0 2477 18 31 18 5 0.2181 0.5626 226 252
111-0-1-0.05-50-0 0 2477 48 21 18 16 0.1153 0.4184 334 158
111-0-1-0.05-50-0 0 2477 21 22 15 9 0.4184 0.0160 158 311
111-0-1-0.05-50-0 0 2478 48 18 17 18 0.1153 0.2181 334 226
111-0-1-0.05-50-0 0 2478 48 48 17 17 0.1153 0.1153 334 334
111-0-1-0.05-50-0 0 2479 6 49 11 5 0.4266 0.1842 249 136
111-0-1-0.05-50-0 0 2479 39 22 8 9 0.2187 0.0160 309 311
111-0-1-0.05-50-0 0 2480 42 39 2 8 0.7447 0.2187 106 309
111-0-1-0.05-50-0 0 2480 10 2 1 3 0.2533 0.8198 449 167
111-0-1-0.05-50-0 0 2481 18 48 18 20 0.2181 0.1153 226 334
111-0-1-0.05-50-0 0 2481 31 50 6 4 0.5626 0.2147 252 147
111-0-1-0.05-50-0 0 2481 19 21 9 14 0.8072 0.4184 134 158
111-0-1-0.05-50-0 0 2482 39 18 7 17 0.2187 0.2181 309 226
111-0-1-0.05-50-0 0 2482 18 48 16 19 0.2181 0.1153 226 334
111-0-1-0.05-50-0 0 2483 22 19 11 9 0.0160 0.8072 311 134
111-0-1-0.05-50-0 0 2483 42 18 3 18 0.7447 0.2181 106 226
111-0-1-0.05-50-0 0 2484 48 19 19 8 0.1153 0.8072 334 134
111-0-1-0.05-50-0 0 2484 19 3 7 3 0.8072 0.4813 134 321
111-0-1-0.05-50-0 0 2485 6 8 10 4 0.4266 0.2506 249 303
111-0-1-0.05-50-0 0 2485 6 48 10 19 0.4266 0.1153 249 334
111-0-1-0.05-50-0 0 2486 31 48 7 17 0.5626 0.1153 252 334
111-0-1-0.05-50-0 0 2486 49 38 4 1 0.1842 0.6163 136 270
111-0-1-0.05-50-0 0 2487 35 6 4 13 0.0354 0.4266 158 249
111-0-1-0.05-50-0 0 2487 19 49 8 4 0.8072 0.1842 134 136
111-0-1-0.05-50-0 0 2488 21 2 14 4 0.4184 0.8198 158 167
111-0-1-0.05-50-0 0 2488 6 3 11 2 0.4266 0.4813 249 321
111-0-1-0.05-50-0 0 2489 13 21 2 14 0.8878 0.4184 151 158
111-0-1-0.05-50-0 0 2489 24 35 1 6 0.1940 0.0354 254 158
111-0-1-0.05-50-0 0 2489 48 50 16 2 0.1153 0.2147 334 147
111-0-1-0.05-50-0 0 2490 48 12 19 11 0.1153 0.1896 334 325
111-0-1-0.05-50-0 0 2490 33 48 4 19 0.6893 0.1153 191 334
111-0-1-0.05-50-0 0 2490 6 18 10 20 0.4266 0.2181 249 226
111-0-1-0.05-50-0 0 2491 48 18 17 18 0.1153 0.2181 334 226
111-0-1-0.05-50-0 0 2491 49 21 5 14 0.1842 0.4184 136 158
111-0-1-0.05-50-0 0 2492 48 18 19 16 0.1153 0.2181 334 226
111-0-1-0.05-50-0 0 2492 21 49 13 5 0.4184 0.1842 158 136
111-0-1-0.05-50-0 0 2492 49 35 4 4 0.1842 0.0354 136 158
111-0-1-0.05-50-0 0 2493 19 18 7 17 0.8072 0.2181 134 226
111-0-1-0.05-50-0 0 2493 18 22 16 9 0.2181 0.0160 226 311
111-0-1-0.05-50-0 0 2493 28 18 1 16 0.3846 0.2181 311 226
111-0-1-0.05-50-0 0 2494 16 31 3 7 0.2228 0.5626 149 252
111-0-1-0.05-50-0 0 2494 31 21 6 12 0.5626 0.4184 252 158
111-0-1-0.05-50-0 0 2494 21 6 11 12 0.4184 0.4266 158 249
111-0-1-0.05-50-0 0 2495 42 16 4 4 0.7447 0.2228 106 149
111-0-1-0.05-50-0 0 2495 8 48 8 21 0.2506 0.1153 303 334
111-0-1-0.05-50-0 0 2495 46 6 2 8 0.3451 0.4266 327 249
111-0-1-0.05-50-0 0 2496 8 35 8 2 0.2506 0.0354 303 158
111-0-1-0.05-50-0 0 2496 18 48 18 22 0.2181 0.1153 226 334
111-0-1-0.05-50-0 0 2496 42 21 4 11 0.7447 0.4184 106 158
111-0-1-0.05-50-0 0 2497 8 47 8 2 0.2506 0.9293 303 103
111-0-1-0.05-50-0 0 2497 23 31 2 7 0.1698 0.5626 476 252
111-0-1-0.05-50-0 0 2498 31 50 6 1 0.5626 0.2147 252 147
111-0-1-0.05-50-0 0 2498 48 47 19 1 0.1153 0.9293 334 103
111-0-1-0.05-50-0 0 2499 1 18 4 16 0.2520 0.2181 409 226
111-0-1-0.05-50-0 0 2499 20 39 7 4 0.9922 0.2187 102 309
111-0-1-0.05-50-0 0 2500 18 18 16 16 0.2181 0.2181 226 226
111-0-1-0.05-50-0 0 2500 46 18 2 15 0.3451 0.2181 327 226
