120-0-1-0.05-50-0 0 2302 32 31 4 12 0.6514 0.5626 215 252
120-0-1-0.05-50-0 0 2302 36 38 1 5 0.8162 0.6163 165 270
120-0-1-0.05-50-0 0 2303 10 46 3 14 0.2533 0.3451 449 327
120-0-1-0.05-50-0 0 2304 45 33 6 5 0.3816 0.6893 173 191
120-0-1-0.05-50-0 0 2305 11 15 2 1 0.0504 0.7918 384 149
120-0-1-0.05-50-0 0 2306 31 12 11 4 0.5626 0.1896 252 325
120-0-1-0.05-50-0 0 2306 3 46 1 13 0.4813 0.3451 321 327
120-0-1-0.05-50-0 0 2307 6 31 9 10 0.4266 0.5626 249 252
120-0-1-0.05-50-0 0 2308 14 31 3 10 0.8451 0.5626 105 252
120-0-1-0.05-50-0 0 2309 46 1 11 2 0.3451 0.2520 327 409
120-0-1-0.05-50-0 0 2310 12 36 4 2 0.1896 0.8162 325 165
120-0-1-0.05-50-0 0 2310 6 31 10 8 0.4266 0.5626 249 252
120-0-1-0.05-50-0 0 2311 31 9 7 7 0.5626 0.6134 252 161
120-0-1-0.05-50-0 0 2311 12 31 4 7 0.1896 0.5626 325 252
120-0-1-0.05-50-0 0 2312 6 6 10 10 0.4266 0.4266 249 249
120-0-1-0.05-50-0 0 2312 50 14 2 3 0.2147 0.8451 147 105
120-0-1-0.05-50-0 0 2313 38 11 4 3 0.6163 0.0504 270 384
120-0-1-0.05-50-0 0 2313 6 50 10 2 0.4266 0.2147 249 147
120-0-1-0.05-50-0 0 2314 16 33 1 4 0.2228 0.6893 149 191
120-0-1-0.05-50-0 0 2315 46 41 12 1 0.3451 0.9621 327 105
120-0-1-0.05-50-0 0 2316 26 31 1 8 0.8171 0.5626 141 252
120-0-1-0.05-50-0 0 2316 27 12 2 5 0.0776 0.1896 149 325
120-0-1-0.05-50-0 0 2317 9 45 6 6 0.6134 0.3816 161 173
120-0-1-0.05-50-0 0 2317 8 12 3 4 0.2506 0.1896 303 325
120-0-1-0.05-50-0 0 2318 31 46 7 14 0.5626 0.3451 252 327
120-0-1-0.05-50-0 0 2318 6 19 9 9 0.4266 0.8072 249 134
120-0-1-0.05-50-0 0 2319 45 12 4 3 0.3816 0.1896 173 325
120-0-1-0.05-50-0 0 2319 10 32 4 2 0.2533 0.6514 449 215
120-0-1-0.05-50-0 0 2320 11 14 1 3 0.0504 0.8451 384 105
120-0-1-0.05-50-0 0 2320 46 1 11 4 0.3451 0.2520 327 409
120-0-1-0.05-50-0 0 2321 6 33 8 3 0.4266 0.6893 249 191
120-0-1-0.05-50-0 0 2321 10 16 3 2 0.2533 0.2228 449 149
120-0-1-0.05-50-0 0 2322 10 46 3 11 0.2533 0.3451 449 327
120-0-1-0.05-50-0 0 2322 24 46 5 10 0.1940 0.3451 254 327
120-0-1-0.05-50-0 0 2323 34 24 2 5 0.7448 0.1940 168 254
120-0-1-0.05-50-0 0 2323 9 46 9 9 0.6134 0.3451 161 327
120-0-1-0.05-50-0 0 2324 46 31 8 9 0.3451 0.5626 327 252
120-0-1-0.05-50-0 0 2324 38 6 5 8 0.6163 0.4266 270 249
120-0-1-0.05-50-0 0 2325 12 28 3 3 0.1896 0.3846 325 311
120-0-1-0.05-50-0 0 2325 32 46 1 8 0.6514 0.3451 215 327
120-0-1-0.05-50-0 0 2326 19 45 8 4 0.8072 0.3816 134 173
120-0-1-0.05-50-0 0 2326 11 46 2 7 0.0504 0.3451 384 327
120-0-1-0.05-50-0 0 2327 49 1 3 3 0.1842 0.2520 136 409
120-0-1-0.05-50-0 0 2327 45 46 3 6 0.3816 0.3451 173 327
120-0-1-0.05-50-0 0 2328 21 50 3 1 0.4184 0.2147 158 147
120-0-1-0.05-50-0 0 2328 9 26 9 1 0.6134 0.8171 161 141
120-0-1-0.05-50-0 0 2329 1 9 2 8 0.2520 0.6134 409 161
120-0-1-0.05-50-0 0 2329 34 10 4 4 0.7448 0.2533 168 449
120-0-1-0.05-50-0 0 2330 17 46 1 5 0.6398 0.3451 197 327
120-0-1-0.05-50-0 0 2330 8 49 5 3 0.2506 0.1842 303 136
120-0-1-0.05-50-0 0 2331 9 9 8 8 0.6134 0.6134 161 161
120-0-1-0.05-50-0 0 2331 1 6 2 6 0.2520 0.4266 409 249
120-0-1-0.05-50-0 0 2332 3 10 2 3 0.4813 0.2533 321 449
120-0-1-0.05-50-0 0 2332 9 22 7 5 0.6134 0.0160 161 311
120-0-1-0.05-50-0 0 2333 24 19 2 10 0.1940 0.8072 254 134
120-0-1-0.05-50-0 0 2333 2 22 2 4 0.8198 0.0160 167 311
120-0-1-0.05-50-0 0 2334 31 12 11 3 0.5626 0.1896 252 325
120-0-1-0.05-50-0 0 2334 22 19 3 10 0.0160 0.8072 311 134
120-0-1-0.05-50-0 0 2335 19 31 8 12 0.8072 0.5626 134 252
120-0-1-0.05-50-0 0 2335 38 1 4 3 0.6163 0.2520 270 409
120-0-1-0.05-50-0 0 2336 34 3 4 2 0.7448 0.4813 168 321
120-0-1-0.05-50-0 0 2336 19 9 8 11 0.8072 0.6134 134 161
120-0-1-0.05-50-0 0 2337 31 46 12 6 0.5626 0.3451 252 327
120-0-1-0.05-50-0 0 2337 9 1 10 2 0.6134 0.2520 161 409
120-0-1-0.05-50-0 0 2338 45 45 6 6 0.3816 0.3816 173 173
120-0-1-0.05-50-0 0 2338 9 31 9 10 0.6134 0.5626 161 252
120-0-1-0.05-50-0 0 2339 9 8 9 7 0.6134 0.2506 161 303
120-0-1-0.05-50-0 0 2339 27 37 4 2 0.0776 0.8481 149 127
120-0-1-0.05-50-0 0 2340 40 3 2 2 0.9739 0.4813 104 321
120-0-1-0.05-50-0 0 2340 5 46 1 8 0.0007 0.3451 226 327
120-0-1-0.05-50-0 0 2341 24 19 2 7 0.1940 0.8072 254 134
120-0-1-0.05-50-0 0 2341 16 22 1 4 0.2228 0.0160 149 311
120-0-1-0.05-50-0 0 2342 12 6 3 6 0.1896 0.4266 325 249
120-0-1-0.05-50-0 0 2342 2 45 1 4 0.8198 0.3816 167 173
120-0-1-0.05-50-0 0 2343 19 12 7 3 0.8072 0.1896 134 325
120-0-1-0.05-50-0 0 2343 46 45 7 3 0.3451 0.3816 327 173
120-0-1-0.05-50-0 0 2344 19 19 9 9 0.8072 0.8072 134 134
120-0-1-0.05-50-0 0 2344 8 49 5 5 0.2506 0.1842 303 136
120-0-1-0.05-50-0 0 2345 33 21 3 3 0.6893 0.4184 191 158
120-0-1-0.05-50-0 0 2345 12 22 2 4 0.1896 0.0160 325 311
120-0-1-0.05-50-0 0 2346 19 14 9 4 0.8072 0.8451 134 105
120-0-1-0.05-50-0 0 2346 34 8 8 5 0.7448 0.2506 168 303
120-0-1-0.05-50-0 0 2347 43 24 1 4 0.8316 0.1940 123 254
120-0-1-0.05-50-0 0 2347 19 40 9 4 0.8072 0.9739 134 104
120-0-1-0.05-50-0 0 2348 9 27 7 5 0.6134 0.0776 161 149
120-0-1-0.05-50-0 0 2348 16 33 2 3 0.2228 0.6893 149 191
120-0-1-0.05-50-0 0 2349 19 24 8 3 0.8072 0.1940 134 254
120-0-1-0.05-50-0 0 2349 34 38 8 8 0.7448 0.6163 168 270
120-0-1-0.05-50-0 0 2350 21 21 2 2 0.4184 0.4184 158 158
120-0-1-0.05-50-0 0 2350 46 33 8 4 0.3451 0.6893 327 191
120-0-1-0.05-50-0 0 2351 5 1 1 5 0.0007 0.2520 226 409
120-0-1-0.05-50-0 0 2351 27 22 4 3 0.0776 0.0160 149 311
120-0-1-0.05-50-0 0 2352 31 34 7 8 0.5626 0.7448 252 168
120-0-1-0.05-50-0 0 2352 40 49 3 6 0.9739 0.1842 104 136
120-0-1-0.05-50-0 0 2353 22 22 2 2 0.0160 0.0160 311 311
120-0-1-0.05-50-0 0 2353 49 10 5 2 0.1842 0.2533 136 449
120-0-1-0.05-50-0 0 2354 31 9 7 8 0.5626 0.6134 252 161
120-0-1-0.05-50-0 0 2354 1 14 4 8 0.2520 0.8451 409 105
120-0-1-0.05-50-0 0 2355 49 28 6 2 0.1842 0.3846 136 311
120-0-1-0.05-50-0 0 2355 49 17 6 2 0.1842 0.6398 136 197
120-0-1-0.05-50-0 0 2356 46 34 8 8 0.3451 0.7448 327 168
120-0-1-0.05-50-0 0 2356 8 9 5 7 0.2506 0.6134 303 161
120-0-1-0.05-50-0 0 2357 38 8 7 6 0.6163 0.2506 270 303
120-0-1-0.05-50-0 0 2357 31 14 7 7 0.5626 0.8451 252 105
120-0-1-0.05-50-0 0 2358 9 19 5 6 0.6134 0.8072 161 134
120-0-1-0.05-50-0 0 2358 38 31 7 8 0.6163 0.5626 270 252
120-0-1-0.05-50-0 0 2359 12 31 1 7 0.1896 0.5626 325 252
120-0-1-0.05-50-0 0 2359 40 11 4 15 0.9739 0.0504 104 384
120-0-1-0.05-50-0 0 2360 3 11 1 13 0.4813 0.0504 321 384
120-0-1-0.05-50-0 0 2360 6 38 3 9 0.4266 0.6163 249 270
120-0-1-0.05-50-0 0 2361 3 25 1 1 0.4813 0.9430 321 125
120-0-1-0.05-50-0 0 2361 11 49 14 8 0.0504 0.1842 384 136
120-0-1-0.05-50-0 0 2362 31 2 7 2 0.5626 0.8198 252 167
120-0-1-0.05-50-0 0 2362 16 19 6 6 0.2228 0.8072 149 134
120-0-1-0.05-50-0 0 2363 31 31 7 7 0.5626 0.5626 252 252
120-0-1-0.05-50-0 0 2363 8 27 6 8 0.2506 0.0776 303 149
120-0-1-0.05-50-0 0 2364 9 34 6 9 0.6134 0.7448 161 168
120-0-1-0.05-50-0 0 2364 31 45 6 2 0.5626 0.3816 252 173
120-0-1-0.05-50-0 0 2365 11 8 12 7 0.0504 0.2506 384 303
120-0-1-0.05-50-0 0 2365 33 2 3 1 0.6893 0.8198 191 167
120-0-1-0.05-50-0 0 2366 34 40 8 3 0.7448 0.9739 168 104
120-0-1-0.05-50-0 0 2366 46 5 9 4 0.3451 0.0007 327 226
120-0-1-0.05-50-0 0 2367 34 49 8 7 0.7448 0.1842 168 136
120-0-1-0.05-50-0 0 2367 45 49 1 6 0.3816 0.1842 173 136
120-0-1-0.05-50-0 0 2368 1 22 6 3 0.2520 0.0160 409 311
120-0-1-0.05-50-0 0 2368 4 46 2 9 0.0723 0.3451 351 327
120-0-1-0.05-50-0 0 2369 4 22 2 2 0.0723 0.0160 351 311
120-0-1-0.05-50-0 0 2369 38 16 8 9 0.6163 0.2228 270 149
120-0-1-0.05-50-0 0 2370 27 14 7 4 0.0776 0.8451 149 105
120-0-1-0.05-50-0 0 2370 50 31 1 7 0.2147 0.5626 147 252
120-0-1-0.05-50-0 0 2371 17 9 2 6 0.6398 0.6134 197 161
120-0-1-0.05-50-0 0 2371 19 1 2 6 0.8072 0.2520 134 409
120-0-1-0.05-50-0 0 2372 24 5 3 4 0.1940 0.0007 254 226
120-0-1-0.05-50-0 0 2372 21 49 2 5 0.4184 0.1842 158 136
120-0-1-0.05-50-0 0 2373 8 44 9 1 0.2506 0.7034 303 118
120-0-1-0.05-50-0 0 2373 1 8 6 9 0.2520 0.2506 409 303
120-0-1-0.05-50-0 0 2374 43 9 2 5 0.8316 0.6134 123 161
120-0-1-0.05-50-0 0 2374 1 16 6 9 0.2520 0.2228 409 149
120-0-1-0.05-50-0 0 2375 4 3 3 1 0.0723 0.4813 351 321
120-0-1-0.05-50-0 0 2375 19 16 2 6 0.8072 0.2228 134 149
120-0-1-0.05-50-0 0 2376 9 34 4 9 0.6134 0.7448 161 168
120-0-1-0.05-50-0 0 2376 8 34 8 8 0.2506 0.7448 303 168
120-0-1-0.05-50-0 0 2377 9 6 4 6 0.6134 0.4266 161 249
120-0-1-0.05-50-0 0 2377 1 21 6 4 0.2520 0.4184 409 158
120-0-1-0.05-50-0 0 2378 27 46 6 4 0.0776 0.3451 149 327
120-0-1-0.05-50-0 0 2378 31 14 5 5 0.5626 0.8451 252 105
120-0-1-0.05-50-0 0 2379 9 48 5 4 0.6134 0.1153 161 334
120-0-1-0.05-50-0 0 2379 16 48 6 3 0.2228 0.1153 149 334
120-0-1-0.05-50-0 0 2380 16 4 6 3 0.2228 0.0723 149 351
120-0-1-0.05-50-0 0 2380 34 45 7 2 0.7448 0.3816 168 173
120-0-1-0.05-50-0 0 2381 6 31 4 6 0.4266 0.5626 249 252
120-0-1-0.05-50-0 0 2381 31 23 5 2 0.5626 0.1698 252 476
120-0-1-0.05-50-0 0 2382 46 38 5 10 0.3451 0.6163 327 270
120-0-1-0.05-50-0 0 2382 31 1 5 5 0.5626 0.2520 252 409
120-0-1-0.05-50-0 0 2383 6 34 4 7 0.4266 0.7448 249 168
120-0-1-0.05-50-0 0 2383 28 38 3 9 0.3846 0.6163 311 270
120-0-1-0.05-50-0 0 2384 5 11 7 12 0.0007 0.0504 226 384
120-0-1-0.05-50-0 0 2384 46 14 6 4 0.3451 0.8451 327 105
120-0-1-0.05-50-0 0 2385 4 8 4 6 0.0723 0.2506 351 303
120-0-1-0.05-50-0 0 2385 1 11 4 11 0.2520 0.0504 409 384
120-0-1-0.05-50-0 0 2386 38 28 7 3 0.6163 0.3846 270 311
120-0-1-0.05-50-0 0 2386 34 48 5 2 0.7448 0.1153 168 334
120-0-1-0.05-50-0 0 2387 28 5 2 7 0.3846 0.0007 311 226
120-0-1-0.05-50-0 0 2387 38 27 6 6 0.6163 0.0776 270 149
120-0-1-0.05-50-0 0 2388 46 8 6 5 0.3451 0.2506 327 303
120-0-1-0.05-50-0 0 2388 9 6 4 4 0.6134 0.4266 161 249
120-0-1-0.05-50-0 0 2389 12 11 3 13 0.1896 0.0504 325 384
120-0-1-0.05-50-0 0 2389 4 38 5 6 0.0723 0.6163 351 270
120-0-1-0.05-50-0 0 2390 38 11 5 11 0.6163 0.0504 270 384
120-0-1-0.05-50-0 0 2390 27 31 4 5 0.0776 0.5626 149 252
120-0-1-0.05-50-0 0 2391 46 43 9 3 0.3451 0.8316 327 123
120-0-1-0.05-50-0 0 2391 17 27 3 4 0.6398 0.0776 197 149
120-0-1-0.05-50-0 0 2392 11 9 10 3 0.0504 0.6134 384 161
120-0-1-0.05-50-0 0 2392 19 14 3 4 0.8072 0.8451 134 105
120-0-1-0.05-50-0 0 2393 21 5 2 7 0.4184 0.0007 158 226
120-0-1-0.05-50-0 0 2393 16 17 3 3 0.2228 0.6398 149 197
120-0-1-0.05-50-0 0 2394 12 31 2 5 0.1896 0.5626 325 252
120-0-1-0.05-50-0 0 2394 46 11 9 10 0.3451 0.0504 327 384
120-0-1-0.05-50-0 0 2395 19 14 3 3 0.8072 0.8451 134 105
120-0-1-0.05-50-0 0 2395 1 8 4 4 0.2520 0.2506 409 303
120-0-1-0.05-50-0 0 2396 46 34 11 8 0.3451 0.7448 327 168
120-0-1-0.05-50-0 0 2396 27 5 3 6 0.0776 0.0007 149 226
120-0-1-0.05-50-0 0 2397 38 5 5 5 0.6163 0.0007 270 226
120-0-1-0.05-50-0 0 2397 10 21 6 2 0.2533 0.4184 449 158
120-0-1-0.05-50-0 0 2398 23 48 2 1 0.1698 0.1153 476 334
120-0-1-0.05-50-0 0 2398 9 46 3 10 0.6134 0.3451 161 327
120-0-1-0.05-50-0 0 2399 4 10 6 6 0.0723 0.2533 351 449
120-0-1-0.05-50-0 0 2399 46 11 9 8 0.3451 0.0504 327 384
120-0-1-0.05-50-0 0 2400 27 27 4 4 0.0776 0.0776 149 149
120-0-1-0.05-50-0 0 2400 27 28 3 1 0.0776 0.3846 149 311
120-0-1-0.05-50-0 0 2401 46 34 12 8 0.3451 0.7448 327 168
120-0-1-0.05-50-0 0 2401 34 9 7 3 0.7448 0.6134 168 161
120-0-1-0.05-50-0 0 2402 9 49 2 8 0.6134 0.1842 161 136
120-0-1-0.05-50-0 0 2402 8 4 4 7 0.2506 0.0723 303 351
120-0-1-0.05-50-0 0 2403 46 24 11 2 0.3451 0.1940 327 254
120-0-1-0.05-50-0 0 2403 31 49 5 7 0.5626 0.1842 252 136
120-0-1-0.05-50-0 0 2404 8 6 4 6 0.2506 0.4266 303 249
120-0-1-0.05-50-0 0 2404 10 6 5 5 0.2533 0.4266 449 249
120-0-1-0.05-50-0 0 2405 42 38 1 5 0.7447 0.6163 106 270
120-0-1-0.05-50-0 0 2405 27 11 3 9 0.0776 0.0504 149 384
120-0-1-0.05-50-0 0 2406 16 9 3 2 0.2228 0.6134 149 161
120-0-1-0.05-50-0 0 2406 43 4 9 7 0.8316 0.0723 123 351
120-0-1-0.05-50-0 0 2407 14 8 3 4 0.8451 0.2506 105 303
120-0-1-0.05-50-0 0 2407 31 38 6 3 0.5626 0.6163 252 270
120-0-1-0.05-50-0 0 2408 43 5 11 6 0.8316 0.0007 123 226
120-0-1-0.05-50-0 0 2408 34 14 5 3 0.7448 0.8451 168 105
120-0-1-0.05-50-0 0 2409 9 14 1 2 0.6134 0.8451 161 105
120-0-1-0.05-50-0 0 2409 11 25 6 1 0.0504 0.9430 384 125
120-0-1-0.05-50-0 0 2410 34 43 6 12 0.7448 0.8316 168 123
120-0-1-0.05-50-0 0 2410 12 23 2 2 0.1896 0.1698 325 476
120-0-1-0.05-50-0 0 2411 6 37 4 6 0.4266 0.8481 249 127
120-0-1-0.05-50-0 0 2411 37 46 5 11 0.8481 0.3451 127 327
120-0-1-0.05-50-0 0 2412 34 11 6 7 0.7448 0.0504 168 384
120-0-1-0.05-50-0 0 2412 8 46 4 10 0.2506 0.3451 303 327
120-0-1-0.05-50-0 0 2413 31 26 7 2 0.5626 0.8171 252 141
120-0-1-0.05-50-0 0 2413 22 11 1 5 0.0160 0.0504 311 384
120-0-1-0.05-50-0 0 2414 34 39 6 5 0.7448 0.2187 168 309
120-0-1-0.05-50-0 0 2414 4 46 5 10 0.0723 0.3451 351 327
120-0-1-0.05-50-0 0 2415 46 46 10 10 0.3451 0.3451 327 327
120-0-1-0.05-50-0 0 2415 31 30 5 3 0.5626 0.6008 252 266
120-0-1-0.05-50-0 0 2416 37 43 4 13 0.8481 0.8316 127 123
120-0-1-0.05-50-0 0 2416 46 46 9 9 0.3451 0.3451 327 327
120-0-1-0.05-50-0 0 2417 43 49 12 5 0.8316 0.1842 123 136
120-0-1-0.05-50-0 0 2417 5 49 4 4 0.0007 0.1842 226 136
120-0-1-0.05-50-0 0 2418 31 5 7 4 0.5626 0.0007 252 226
120-0-1-0.05-50-0 0 2418 11 27 4 5 0.0504 0.0776 384 149
120-0-1-0.05-50-0 0 2419 27 15 5 1 0.0776 0.7918 149 149
120-0-1-0.05-50-0 0 2419 34 42 7 2 0.7448 0.7447 168 106
120-0-1-0.05-50-0 0 2420 8 34 5 6 0.2506 0.7448 303 168
120-0-1-0.05-50-0 0 2420 46 43 8 11 0.3451 0.8316 327 123
120-0-1-0.05-50-0 0 2421 17 37 5 5 0.6398 0.8481 197 127
120-0-1-0.05-50-0 0 2421 26 10 2 6 0.8171 0.2533 141 449
120-0-1-0.05-50-0 0 2422 45 19 2 4 0.3816 0.8072 173 134
120-0-1-0.05-50-0 0 2422 39 17 4 5 0.2187 0.6398 309 197
120-0-1-0.05-50-0 0 2423 49 7 3 1 0.1842 0.9267 136 106
120-0-1-0.05-50-0 0 2423 6 33 7 4 0.4266 0.6893 249 191
120-0-1-0.05-50-0 0 2424 49 6 3 7 0.1842 0.4266 136 249
120-0-1-0.05-50-0 0 2424 37 34 4 4 0.8481 0.7448 127 168
120-0-1-0.05-50-0 0 2425 1 31 7 6 0.2520 0.5626 409 252
120-0-1-0.05-50-0 0 2425 6 33 7 4 0.4266 0.6893 249 191
120-0-1-0.05-50-0 0 2426 45 41 2 1 0.3816 0.9621 173 105
120-0-1-0.05-50-0 0 2426 11 43 6 12 0.0504 0.8316 384 123
120-0-1-0.05-50-0 0 2427 5 27 3 6 0.0007 0.0776 226 149
120-0-1-0.05-50-0 0 2427 43 31 11 4 0.8316 0.5626 123 252
120-0-1-0.05-50-0 0 2428 17 39 5 4 0.6398 0.2187 197 309
120-0-1-0.05-50-0 0 2428 37 18 4 4 0.8481 0.2181 127 226
120-0-1-0.05-50-0 0 2429 49 8 3 5 0.1842 0.2506 136 303
120-0-1-0.05-50-0 0 2429 11 4 8 7 0.0504 0.0723 384 351
120-0-1-0.05-50-0 0 2430 31 37 4 4 0.5626 0.8481 252 127
120-0-1-0.05-50-0 0 2430 6 6 8 8 0.4266 0.4266 249 249
120-0-1-0.05-50-0 0 2431 1 31 7 5 0.2520 0.5626 409 252
120-0-1-0.05-50-0 0 2431 45 18 4 3 0.3816 0.2181 173 226
120-0-1-0.05-50-0 0 2432 11 17 10 5 0.0504 0.6398 384 197
120-0-1-0.05-50-0 0 2432 27 43 7 10 0.0776 0.8316 149 123
120-0-1-0.05-50-0 0 2433 49 27 3 7 0.1842 0.0776 136 149
120-0-1-0.05-50-0 0 2433 11 6 11 7 0.0504 0.4266 384 249
120-0-1-0.05-50-0 0 2434 43 17 8 4 0.8316 0.6398 123 197
120-0-1-0.05-50-0 0 2434 1 6 7 6 0.2520 0.4266 409 249
120-0-1-0.05-50-0 0 2435 37 10 3 2 0.8481 0.2533 127 449
120-0-1-0.05-50-0 0 2435 8 6 7 5 0.2506 0.4266 303 249
120-0-1-0.05-50-0 0 2436 11 39 14 6 0.0504 0.2187 384 309
120-0-1-0.05-50-0 0 2436 15 43 3 8 0.7918 0.8316 149 123
120-0-1-0.05-50-0 0 2437 15 39 3 6 0.7918 0.2187 149 309
120-0-1-0.05-50-0 0 2437 27 39 6 5 0.0776 0.2187 149 309
120-0-1-0.05-50-0 0 2438 39 19 6 6 0.2187 0.8072 309 134
120-0-1-0.05-50-0 0 2438 33 43 4 6 0.6893 0.8316 191 123
120-0-1-0.05-50-0 0 2439 37 43 2 5 0.8481 0.8316 127 123
120-0-1-0.05-50-0 0 2439 33 27 4 6 0.6893 0.0776 191 149
120-0-1-0.05-50-0 0 2440 22 1 4 9 0.0160 0.2520 311 409
120-0-1-0.05-50-0 0 2440 5 11 7 17 0.0007 0.0504 226 384
120-0-1-0.05-50-0 0 2441 47 19 3 7 0.9293 0.8072 103 134
120-0-1-0.05-50-0 0 2441 15 11 3 17 0.7918 0.0504 149 384
120-0-1-0.05-50-0 0 2442 6 5 2 7 0.4266 0.0007 249 226
120-0-1-0.05-50-0 0 2442 1 15 9 3 0.2520 0.7918 409 149
120-0-1-0.05-50-0 0 2443 10 17 1 8 0.2533 0.6398 449 197
120-0-1-0.05-50-0 0 2443 12 11 9 14 0.1896 0.0504 325 384
120-0-1-0.05-50-0 0 2444 26 12 1 10 0.8171 0.1896 141 325
120-0-1-0.05-50-0 0 2444 12 11 9 14 0.1896 0.0504 325 384
120-0-1-0.05-50-0 0 2445 13 15 2 2 0.8878 0.7918 151 149
120-0-1-0.05-50-0 0 2445 1 39 9 6 0.2520 0.2187 409 309
120-0-1-0.05-50-0 0 2446 46 47 13 5 0.3451 0.9293 327 103
120-0-1-0.05-50-0 0 2446 11 17 16 8 0.0504 0.6398 384 197
120-0-1-0.05-50-0 0 2446 1 24 11 6 0.2520 0.1940 409 254
120-0-1-0.05-50-0 0 2447 24 39 5 5 0.1940 0.2187 254 309
120-0-1-0.05-50-0 0 2447 11 17 15 8 0.0504 0.6398 384 197
120-0-1-0.05-50-0 0 2448 37 31 1 5 0.8481 0.5626 127 252
120-0-1-0.05-50-0 0 2448 46 12 15 8 0.3451 0.1896 327 325
120-0-1-0.05-50-0 0 2448 47 8 5 12 0.9293 0.2506 103 303
120-0-1-0.05-50-0 0 2449 1 27 10 6 0.2520 0.0776 409 149
120-0-1-0.05-50-0 0 2449 25 8 1 11 0.9430 0.2506 125 303
120-0-1-0.05-50-0 0 2449 45 24 6 6 0.3816 0.1940 173 254
120-0-1-0.05-50-0 0 2450 30 21 5 6 0.6008 0.4184 266 158
120-0-1-0.05-50-0 0 2450 46 42 16 1 0.3451 0.7447 327 106
120-0-1-0.05-50-0 0 2450 11 26 16 2 0.0504 0.8171 384 141
120-0-1-0.05-50-0 0 2451 33 1 3 9 0.6893 0.2520 191 409
120-0-1-0.05-50-0 0 2451 39 4 4 5 0.2187 0.0723 309 351
120-0-1-0.05-50-0 0 2451 21 46 6 16 0.4184 0.3451 158 327
120-0-1-0.05-50-0 0 2452 45 10 6 1 0.3816 0.2533 173 449
120-0-1-0.05-50-0 0 2452 19 38 7 1 0.8072 0.6163 134 270
120-0-1-0.05-50-0 0 2452 19 44 7 1 0.8072 0.7034 134 118
120-0-1-0.05-50-0 0 2453 45 1 6 6 0.3816 0.2520 173 409
120-0-1-0.05-50-0 0 2453 1 1 5 5 0.2520 0.2520 409 409
120-0-1-0.05-50-0 0 2453 15 47 2 5 0.7918 0.9293 149 103
120-0-1-0.05-50-0 0 2454 24 39 5 3 0.1940 0.2187 254 309
120-0-1-0.05-50-0 0 2454 47 22 4 5 0.9293 0.0160 103 311
120-0-1-0.05-50-0 0 2454 46 27 15 7 0.3451 0.0776 327 149
120-0-1-0.05-50-0 0 2455 48 19 1 9 0.1153 0.8072 334 134
120-0-1-0.05-50-0 0 2455 13 12 6 8 0.8878 0.1896 151 325
120-0-1-0.05-50-0 0 2455 19 39 8 2 0.8072 0.2187 134 309
120-0-1-0.05-50-0 0 2456 45 11 8 15 0.3816 0.0504 173 384
120-0-1-0.05-50-0 0 2456 5 11 4 14 0.0007 0.0504 226 384
120-0-1-0.05-50-0 0 2456 8 21 13 10 0.2506 0.4184 303 158
120-0-1-0.05-50-0 0 2457 47 13 4 8 0.9293 0.8878 103 151
120-0-1-0.05-50-0 0 2457 46 45 14 8 0.3451 0.3816 327 173
120-0-1-0.05-50-0 0 2457 45 4 7 7 0.3816 0.0723 173 351
120-0-1-0.05-50-0 0 2458 9 12 1 9 0.6134 0.1896 161 325
120-0-1-0.05-50-0 0 2458 13 27 6 10 0.8878 0.0776 151 149
120-0-1-0.05-50-0 0 2458 48 19 1 8 0.1153 0.8072 334 134
120-0-1-0.05-50-0 0 2459 31 27 7 9 0.5626 0.0776 252 149
120-0-1-0.05-50-0 0 2459 19 24 7 4 0.8072 0.1940 134 254
120-0-1-0.05-50-0 0 2459 31 5 7 4 0.5626 0.0007 252 226
120-0-1-0.05-50-0 0 2460 31 24 7 3 0.5626 0.1940 252 254
120-0-1-0.05-50-0 0 2460 24 13 2 7 0.1940 0.8878 254 151
120-0-1-0.05-50-0 0 2460 46 21 12 10 0.3451 0.4184 327 158
120-0-1-0.05-50-0 0 2461 4 30 6 6 0.0723 0.6008 351 266
120-0-1-0.05-50-0 0 2461 27 45 9 8 0.0776 0.3816 149 173
120-0-1-0.05-50-0 0 2461 21 46 7 13 0.4184 0.3451 158 327
120-0-1-0.05-50-0 0 2462 8 22 16 4 0.2506 0.0160 303 311
120-0-1-0.05-50-0 0 2462 17 5 6 5 0.6398 0.0007 197 226
120-0-1-0.05-50-0 0 2462 5 24 4 2 0.0007 0.1940 226 254
120-0-1-0.05-50-0 0 2463 22 19 3 7 0.0160 0.8072 311 134
120-0-1-0.05-50-0 0 2463 19 46 6 14 0.8072 0.3451 134 327
120-0-1-0.05-50-0 0 2463 8 8 16 16 0.2506 0.2506 303 303
120-0-1-0.05-50-0 0 2464 15 42 4 2 0.7918 0.7447 149 106
120-0-1-0.05-50-0 0 2464 47 31 5 6 0.9293 0.5626 103 252
120-0-1-0.05-50-0 0 2464 17 47 5 5 0.6398 0.9293 197 103
120-0-1-0.05-50-0 0 2465 47 31 4 5 0.9293 0.5626 103 252
120-0-1-0.05-50-0 0 2465 11 45 13 9 0.0504 0.3816 384 173
120-0-1-0.05-50-0 0 2465 27 21 12 9 0.0776 0.4184 149 158
120-0-1-0.05-50-0 0 2466 36 46 1 14 0.8162 0.3451 165 327
120-0-1-0.05-50-0 0 2466 4 19 8 9 0.0723 0.8072 351 134
120-0-1-0.05-50-0 0 2466 27 47 13 4 0.0776 0.9293 149 103
120-0-1-0.05-50-0 0 2467 17 32 5 2 0.6398 0.6514 197 215
120-0-1-0.05-50-0 0 2467 27 12 13 10 0.0776 0.1896 149 325
120-0-1-0.05-50-0 0 2467 12 22 9 4 0.1896 0.0160 325 311
120-0-1-0.05-50-0 0 2468 21 46 9 13 0.4184 0.3451 158 327
120-0-1-0.05-50-0 0 2468 31 1 5 5 0.5626 0.2520 252 409
120-0-1-0.05-50-0 0 2468 41 45 1 8 0.9621 0.3816 105 173
120-0-1-0.05-50-0 0 2469 5 27 2 11 0.0007 0.0776 226 149
120-0-1-0.05-50-0 0 2469 8 10 12 1 0.2506 0.2533 303 449
120-0-1-0.05-50-0 0 2469 26 43 3 2 0.8171 0.8316 141 123
120-0-1-0.05-50-0 0 2470 4 46 9 11 0.0723 0.3451 351 327
120-0-1-0.05-50-0 0 2470 15 25 4 2 0.7918 0.9430 149 125
120-0-1-0.05-50-0 0 2470 45 1 7 5 0.3816 0.2520 173 409
120-0-1-0.05-50-0 0 2471 27 19 9 8 0.0776 0.8072 149 134
120-0-1-0.05-50-0 0 2471 8 30 12 4 0.2506 0.6008 303 266
120-0-1-0.05-50-0 0 2471 27 33 9 9 0.0776 0.6893 149 191
120-0-1-0.05-50-0 0 2472 31 8 5 13 0.5626 0.2506 252 303
120-0-1-0.05-50-0 0 2472 19 4 6 7 0.8072 0.0723 134 351
120-0-1-0.05-50-0 0 2472 46 4 11 6 0.3451 0.0723 327 351
120-0-1-0.05-50-0 0 2473 45 11 9 14 0.3816 0.0504 173 384
120-0-1-0.05-50-0 0 2473 13 11 4 13 0.8878 0.0504 151 384
120-0-1-0.05-50-0 0 2473 15 46 4 11 0.7918 0.3451 149 327
120-0-1-0.05-50-0 0 2474 4 15 5 5 0.0723 0.7918 351 149
120-0-1-0.05-50-0 0 2474 33 21 8 10 0.6893 0.4184 191 158
120-0-1-0.05-50-0 0 2474 49 13 4 4 0.1842 0.8878 136 151
120-0-1-0.05-50-0 0 2475 27 46 10 10 0.0776 0.3451 149 327
120-0-1-0.05-50-0 0 2475 27 21 10 9 0.0776 0.4184 149 158
120-0-1-0.05-50-0 0 2475 31 18 5 10 0.5626 0.2181 252 226
120-0-1-0.05-50-0 0 2476 8 45 15 9 0.2506 0.3816 303 173
120-0-1-0.05-50-0 0 2476 17 17 5 5 0.6398 0.6398 197 197
120-0-1-0.05-50-0 0 2476 43 41 1 2 0.8316 0.9621 123 105
120-0-1-0.05-50-0 0 2477 26 21 3 7 0.8171 0.4184 141 158
120-0-1-0.05-50-0 0 2477 39 27 3 11 0.2187 0.0776 309 149
120-0-1-0.05-50-0 0 2477 18 33 10 8 0.2181 0.6893 226 191
120-0-1-0.05-50-0 0 2478 27 39 10 3 0.0776 0.2187 149 309
120-0-1-0.05-50-0 0 2478 8 4 15 5 0.2506 0.0723 303 351
120-0-1-0.05-50-0 0 2478 39 46 2 10 0.2187 0.3451 309 327
120-0-1-0.05-50-0 0 2479 12 45 8 9 0.1896 0.3816 325 173
120-0-1-0.05-50-0 0 2479 11 49 11 5 0.0504 0.1842 384 136
120-0-1-0.05-50-0 0 2480 31 13 4 5 0.5626 0.8878 252 151
120-0-1-0.05-50-0 0 2480 11 49 11 4 0.0504 0.1842 384 136
120-0-1-0.05-50-0 0 2480 32 1 4 3 0.6514 0.2520 215 409
120-0-1-0.05-50-0 0 2481 11 5 11 4 0.0504 0.0007 384 226
120-0-1-0.05-50-0 0 2481 40 43 2 1 0.9739 0.8316 104 123
120-0-1-0.05-50-0 0 2482 5 27 3 8 0.0007 0.0776 226 149
120-0-1-0.05-50-0 0 2482 19 21 3 6 0.8072 0.4184 134 158
120-0-1-0.05-50-0 0 2483 12 27 8 8 0.1896 0.0776 325 149
120-0-1-0.05-50-0 0 2483 27 27 7 7 0.0776 0.0776 149 149
120-0-1-0.05-50-0 0 2484 40 8 3 16 0.9739 0.2506 104 303
120-0-1-0.05-50-0 0 2484 15 8 4 15 0.7918 0.2506 149 303
120-0-1-0.05-50-0 0 2484 45 46 8 12 0.3816 0.3451 173 327
120-0-1-0.05-50-0 0 2485 30 18 3 8 0.6008 0.2181 266 226
120-0-1-0.05-50-0 0 2485 4 13 5 3 0.0723 0.8878 351 151
120-0-1-0.05-50-0 0 2486 1 46 4 13 0.2520 0.3451 409 327
120-0-1-0.05-50-0 0 2486 40 46 3 12 0.9739 0.3451 104 327
120-0-1-0.05-50-0 0 2486 32 21 5 6 0.6514 0.4184 215 158
120-0-1-0.05-50-0 0 2487 8 33 14 8 0.2506 0.6893 303 191
120-0-1-0.05-50-0 0 2487 11 31 14 5 0.0504 0.5626 384 252
120-0-1-0.05-50-0 0 2487 33 11 7 14 0.6893 0.0504 191 384
120-0-1-0.05-50-0 0 2488 12 1 10 4 0.1896 0.2520 325 409
120-0-1-0.05-50-0 0 2488 8 8 15 15 0.2506 0.2506 303 303
120-0-1-0.05-50-0 0 2488 4 21 6 5 0.0723 0.4184 351 158
120-0-1-0.05-50-0 0 2489 42 36 3 1 0.7447 0.8162 106 165
120-0-1-0.05-50-0 0 2489 14 9 1 1 0.8451 0.6134 105 161
120-0-1-0.05-50-0 0 2489 27 45 7 8 0.0776 0.3816 149 173
120-0-1-0.05-50-0 0 2490 30 18 6 7 0.6008 0.2181 266 226
120-0-1-0.05-50-0 0 2490 17 43 5 1 0.6398 0.8316 197 123
120-0-1-0.05-50-0 0 2491 13 33 1 7 0.8878 0.6893 151 191
120-0-1-0.05-50-0 0 2491 12 17 13 5 0.1896 0.6398 325 197
120-0-1-0.05-50-0 0 2492 11 8 9 11 0.0504 0.2506 384 303
120-0-1-0.05-50-0 0 2492 8 30 10 4 0.2506 0.6008 303 266
120-0-1-0.05-50-0 0 2493 31 20 5 2 0.5626 0.9922 252 102
120-0-1-0.05-50-0 0 2493 46 8 13 10 0.3451 0.2506 327 303
120-0-1-0.05-50-0 0 2494 18 18 8 8 0.2181 0.2181 226 226
120-0-1-0.05-50-0 0 2494 27 23 6 1 0.0776 0.1698 149 476
120-0-1-0.05-50-0 0 2495 15 1 2 3 0.7918 0.2520 149 409
120-0-1-0.05-50-0 0 2495 8 46 10 13 0.2506 0.3451 303 327
120-0-1-0.05-50-0 0 2496 26 4 5 6 0.8171 0.0723 141 351
120-0-1-0.05-50-0 0 2496 27 5 8 2 0.0776 0.0007 149 226
120-0-1-0.05-50-0 0 2497 12 19 17 5 0.1896 0.8072 325 134
120-0-1-0.05-50-0 0 2497 12 5 17 1 0.1896 0.0007 325 226
120-0-1-0.05-50-0 0 2498 31 11 5 9 0.5626 0.0504 252 384
120-0-1-0.05-50-0 0 2498 46 32 12 5 0.3451 0.6514 327 215
120-0-1-0.05-50-0 0 2499 8 42 10 2 0.2506 0.7447 303 106
120-0-1-0.05-50-0 0 2499 46 45 11 3 0.3451 0.3816 327 173
120-0-1-0.05-50-0 0 2500 12 46 17 11 0.1896 0.3451 325 327
120-0-1-0.05-50-0 0 2500 4 17 6 4 0.0723 0.6398 351 197
