121-0-1-0.05-50-0 0 2302 48 12 13 16 0.1153 0.1896 334 325
121-0-1-0.05-50-0 0 2302 4 3 9 13 0.0723 0.4813 351 321
121-0-1-0.05-50-0 0 2303 12 12 14 14 0.1896 0.1896 325 325
121-0-1-0.05-50-0 0 2303 10 48 7 13 0.2533 0.1153 449 334
121-0-1-0.05-50-0 0 2304 15 35 4 19 0.7918 0.0354 149 158
121-0-1-0.05-50-0 0 2304 3 34 14 4 0.4813 0.7448 321 168
121-0-1-0.05-50-0 0 2305 48 40 14 1 0.1153 0.9739 334 104
121-0-1-0.05-50-0 0 2305 15 20 3 2 0.7918 0.9922 149 102
121-0-1-0.05-50-0 0 2306 3 4 15 10 0.4813 0.0723 321 351
121-0-1-0.05-50-0 0 2306 12 19 15 6 0.1896 0.8072 325 134
121-0-1-0.05-50-0 0 2307 35 19 19 7 0.0354 0.8072 158 134
121-0-1-0.05-50-0 0 2307 35 3 19 15 0.0354 0.4813 158 321
121-0-1-0.05-50-0 0 2308 28 34 6 4 0.3846 0.7448 311 168
121-0-1-0.05-50-0 0 2308 12 42 15 1 0.1896 0.7447 325 106
121-0-1-0.05-50-0 0 2309 4 48 9 16 0.0723 0.1153 351 334
121-0-1-0.05-50-0 0 2309 50 35 5 18 0.2147 0.0354 147 158
121-0-1-0.05-50-0 0 2310 16 35 1 19 0.2228 0.0354 149 158
121-0-1-0.05-50-0 0 2310 3 6 17 5 0.4813 0.4266 321 249
121-0-1-0.05-50-0 0 2311 12 35 15 17 0.1896 0.0354 325 158
121-0-1-0.05-50-0 0 2311 47 48 1 15 0.9293 0.1153 103 334
121-0-1-0.05-50-0 0 2312 48 26 14 2 0.1153 0.8171 334 141
121-0-1-0.05-50-0 0 2312 31 3 3 16 0.5626 0.4813 252 321
121-0-1-0.05-50-0 0 2313 10 15 8 4 0.2533 0.7918 449 149
121-0-1-0.05-50-0 0 2313 35 17 16 2 0.0354 0.6398 158 197
121-0-1-0.05-50-0 0 2314 24 12 1 15 0.1940 0.1896 254 325
121-0-1-0.05-50-0 0 2314 3 19 16 6 0.4813 0.8072 321 134
121-0-1-0.05-50-0 0 2315 48 12 17 14 0.1153 0.1896 334 325
121-0-1-0.05-50-0 0 2315 12 48 13 17 0.1896 0.1153 325 334
121-0-1-0.05-50-0 0 2316 48 12 18 13 0.1153 0.1896 334 325
121-0-1-0.05-50-0 0 2316 4 47 10 1 0.0723 0.9293 351 103
121-0-1-0.05-50-0 0 2317 11 4 4 12 0.0504 0.0723 384 351
121-0-1-0.05-50-0 0 2317 3 20 17 1 0.4813 0.9922 321 102
121-0-1-0.05-50-0 0 2318 3 1 19 1 0.4813 0.2520 321 409
121-0-1-0.05-50-0 0 2318 28 36 7 3 0.3846 0.8162 311 165
121-0-1-0.05-50-0 0 2318 3 3 19 19 0.4813 0.4813 321 321
121-0-1-0.05-50-0 0 2319 35 12 17 11 0.0354 0.1896 158 325
121-0-1-0.05-50-0 0 2319 10 4 9 11 0.2533 0.0723 449 351
121-0-1-0.05-50-0 0 2319 44 3 1 21 0.7034 0.4813 118 321
121-0-1-0.05-50-0 0 2320 10 45 9 3 0.2533 0.3816 449 173
121-0-1-0.05-50-0 0 2320 28 30 9 1 0.3846 0.6008 311 266
121-0-1-0.05-50-0 0 2320 39 48 4 18 0.2187 0.1153 309 334
121-0-1-0.05-50-0 0 2321 31 3 3 20 0.5626 0.4813 252 321
121-0-1-0.05-50-0 0 2321 35 10 17 10 0.0354 0.2533 158 449
121-0-1-0.05-50-0 0 2321 12 35 12 17 0.1896 0.0354 325 158
121-0-1-0.05-50-0 0 2322 28 48 10 18 0.3846 0.1153 311 334
121-0-1-0.05-50-0 0 2322 19 3 4 19 0.8072 0.4813 134 321
121-0-1-0.05-50-0 0 2322 4 3 10 18 0.0723 0.4813 351 321
121-0-1-0.05-50-0 0 2323 48 39 13 5 0.1153 0.2187 334 309
121-0-1-0.05-50-0 0 2323 31 10 3 10 0.5626 0.2533 252 449
121-0-1-0.05-50-0 0 2323 50 48 8 13 0.2147 0.1153 147 334
121-0-1-0.05-50-0 0 2324 35 28 13 12 0.0354 0.3846 158 311
121-0-1-0.05-50-0 0 2324 3 12 17 14 0.4813 0.1896 321 325
121-0-1-0.05-50-0 0 2324 36 12 4 13 0.8162 0.1896 165 325
121-0-1-0.05-50-0 0 2325 15 3 1 17 0.7918 0.4813 149 321
121-0-1-0.05-50-0 0 2325 31 10 3 10 0.5626 0.2533 252 449
121-0-1-0.05-50-0 0 2326 24 3 1 16 0.1940 0.4813 254 321
121-0-1-0.05-50-0 0 2326 35 3 13 15 0.0354 0.4813 158 321
121-0-1-0.05-50-0 0 2327 19 39 5 4 0.8072 0.2187 134 309
121-0-1-0.05-50-0 0 2327 36 12 4 12 0.8162 0.1896 165 325
121-0-1-0.05-50-0 0 2328 48 34 11 2 0.1153 0.7448 334 168
121-0-1-0.05-50-0 0 2328 12 35 12 14 0.1896 0.0354 325 158
121-0-1-0.05-50-0 0 2329 16 6 3 4 0.2228 0.4266 149 249
121-0-1-0.05-50-0 0 2329 3 12 14 12 0.4813 0.1896 321 325
121-0-1-0.05-50-0 0 2330 47 12 1 12 0.9293 0.1896 103 325
121-0-1-0.05-50-0 0 2330 35 3 13 14 0.0354 0.4813 158 321
121-0-1-0.05-50-0 0 2331 10 28 9 15 0.2533 0.3846 449 311
121-0-1-0.05-50-0 0 2331 10 46 9 5 0.2533 0.3451 449 327
121-0-1-0.05-50-0 0 2331 28 35 14 13 0.3846 0.0354 311 158
121-0-1-0.05-50-0 0 2332 12 25 13 4 0.1896 0.9430 325 125
121-0-1-0.05-50-0 0 2332 22 45 6 1 0.0160 0.3816 311 173
121-0-1-0.05-50-0 0 2333 22 25 7 4 0.0160 0.9430 311 125
121-0-1-0.05-50-0 0 2333 48 31 9 4 0.1153 0.5626 334 252
121-0-1-0.05-50-0 0 2334 11 12 2 13 0.0504 0.1896 384 325
121-0-1-0.05-50-0 0 2334 4 3 13 11 0.0723 0.4813 351 321
121-0-1-0.05-50-0 0 2335 4 47 13 2 0.0723 0.9293 351 103
121-0-1-0.05-50-0 0 2335 50 48 9 8 0.2147 0.1153 147 334
121-0-1-0.05-50-0 0 2336 3 10 12 8 0.4813 0.2533 321 449
121-0-1-0.05-50-0 0 2336 15 25 1 3 0.7918 0.9430 149 125
121-0-1-0.05-50-0 0 2337 28 36 14 7 0.3846 0.8162 311 165
121-0-1-0.05-50-0 0 2337 48 17 9 3 0.1153 0.6398 334 197
121-0-1-0.05-50-0 0 2337 35 48 12 9 0.0354 0.1153 158 334
121-0-1-0.05-50-0 0 2338 25 3 2 10 0.9430 0.4813 125 321
121-0-1-0.05-50-0 0 2338 48 28 8 16 0.1153 0.3846 334 311
121-0-1-0.05-50-0 0 2338 46 4 4 15 0.3451 0.0723 327 351
121-0-1-0.05-50-0 0 2339 10 31 9 7 0.2533 0.5626 449 252
121-0-1-0.05-50-0 0 2339 16 28 5 18 0.2228 0.3846 149 311
121-0-1-0.05-50-0 0 2339 10 48 9 8 0.2533 0.1153 449 334
121-0-1-0.05-50-0 0 2340 50 10 10 9 0.2147 0.2533 147 449
121-0-1-0.05-50-0 0 2340 25 17 2 2 0.9430 0.6398 125 197
121-0-1-0.05-50-0 0 2340 50 50 10 10 0.2147 0.2147 147 147
121-0-1-0.05-50-0 0 2341 14 12 1 15 0.8451 0.1896 105 325
121-0-1-0.05-50-0 0 2341 41 4 1 18 0.9621 0.0723 105 351
121-0-1-0.05-50-0 0 2341 4 12 17 14 0.0723 0.1896 351 325
121-0-1-0.05-50-0 0 2342 28 35 16 11 0.3846 0.0354 311 158
121-0-1-0.05-50-0 0 2342 11 48 5 11 0.0504 0.1153 384 334
121-0-1-0.05-50-0 0 2342 4 50 18 8 0.0723 0.2147 351 147
121-0-1-0.05-50-0 0 2343 4 3 19 11 0.0723 0.4813 351 321
121-0-1-0.05-50-0 0 2343 22 4 13 19 0.0160 0.0723 311 351
121-0-1-0.05-50-0 0 2343 16 4 5 18 0.2228 0.0723 149 351
121-0-1-0.05-50-0 0 2344 31 22 5 13 0.5626 0.0160 252 311
121-0-1-0.05-50-0 0 2344 49 36 1 8 0.1842 0.8162 136 165
121-0-1-0.05-50-0 0 2344 35 4 10 19 0.0354 0.0723 158 351
121-0-1-0.05-50-0 0 2345 3 35 11 11 0.4813 0.0354 321 158
121-0-1-0.05-50-0 0 2345 3 39 11 8 0.4813 0.2187 321 309
121-0-1-0.05-50-0 0 2345 28 35 15 10 0.3846 0.0354 311 158
121-0-1-0.05-50-0 0 2346 12 36 12 7 0.1896 0.8162 325 165
121-0-1-0.05-50-0 0 2346 22 3 11 11 0.0160 0.4813 311 321
121-0-1-0.05-50-0 0 2346 22 22 11 11 0.0160 0.0160 311 311
121-0-1-0.05-50-0 0 2347 35 10 10 10 0.0354 0.2533 158 449
121-0-1-0.05-50-0 0 2347 35 35 10 10 0.0354 0.0354 158 158
121-0-1-0.05-50-0 0 2347 31 28 5 16 0.5626 0.3846 252 311
121-0-1-0.05-50-0 0 2348 10 15 9 5 0.2533 0.7918 449 149
121-0-1-0.05-50-0 0 2348 48 24 13 3 0.1153 0.1940 334 254
121-0-1-0.05-50-0 0 2348 35 11 9 6 0.0354 0.0504 158 384
121-0-1-0.05-50-0 0 2349 22 48 11 13 0.0160 0.1153 311 334
121-0-1-0.05-50-0 0 2349 4 10 18 9 0.0723 0.2533 351 449
121-0-1-0.05-50-0 0 2349 10 16 8 5 0.2533 0.2228 449 149
121-0-1-0.05-50-0 0 2350 48 48 12 12 0.1153 0.1153 334 334
121-0-1-0.05-50-0 0 2350 22 28 11 19 0.0160 0.3846 311 311
121-0-1-0.05-50-0 0 2350 31 4 6 19 0.5626 0.0723 252 351
121-0-1-0.05-50-0 0 2351 12 36 18 6 0.1896 0.8162 325 165
121-0-1-0.05-50-0 0 2351 15 36 4 5 0.7918 0.8162 149 165
121-0-1-0.05-50-0 0 2351 3 4 10 17 0.4813 0.0723 321 351
121-0-1-0.05-50-0 0 2352 3 44 9 2 0.4813 0.7034 321 118
121-0-1-0.05-50-0 0 2352 28 28 17 17 0.3846 0.3846 311 311
121-0-1-0.05-50-0 0 2352 36 12 4 17 0.8162 0.1896 165 325
121-0-1-0.05-50-0 0 2353 23 4 2 16 0.1698 0.0723 476 351
121-0-1-0.05-50-0 0 2353 50 12 6 17 0.2147 0.1896 147 325
121-0-1-0.05-50-0 0 2353 1 14 1 1 0.2520 0.8451 409 105
121-0-1-0.05-50-0 0 2354 48 48 10 10 0.1153 0.1153 334 334
121-0-1-0.05-50-0 0 2354 11 31 4 5 0.0504 0.5626 384 252
121-0-1-0.05-50-0 0 2354 49 11 4 4 0.1842 0.0504 136 384
121-0-1-0.05-50-0 0 2355 22 10 10 9 0.0160 0.2533 311 449
121-0-1-0.05-50-0 0 2355 15 22 8 10 0.7918 0.0160 149 311
121-0-1-0.05-50-0 0 2355 47 48 1 10 0.9293 0.1153 103 334
121-0-1-0.05-50-0 0 2356 11 8 3 5 0.0504 0.2506 384 303
121-0-1-0.05-50-0 0 2356 3 50 9 7 0.4813 0.2147 321 147
121-0-1-0.05-50-0 0 2356 4 19 16 10 0.0723 0.8072 351 134
121-0-1-0.05-50-0 0 2357 43 35 2 12 0.8316 0.0354 123 158
121-0-1-0.05-50-0 0 2357 28 50 21 6 0.3846 0.2147 311 147
121-0-1-0.05-50-0 0 2357 19 22 9 9 0.8072 0.0160 134 311
121-0-1-0.05-50-0 0 2358 28 23 21 2 0.3846 0.1698 311 476
121-0-1-0.05-50-0 0 2358 28 39 21 6 0.3846 0.2187 311 309
121-0-1-0.05-50-0 0 2358 39 3 5 9 0.2187 0.4813 309 321
121-0-1-0.05-50-0 0 2359 1 3 2 8 0.2520 0.4813 409 321
121-0-1-0.05-50-0 0 2359 4 35 20 10 0.0723 0.0354 351 158
121-0-1-0.05-50-0 0 2359 28 8 22 6 0.3846 0.2506 311 303
121-0-1-0.05-50-0 0 2360 3 11 8 3 0.4813 0.0504 321 384
121-0-1-0.05-50-0 0 2360 48 12 9 20 0.1153 0.1896 334 325
121-0-1-0.05-50-0 0 2360 12 28 19 23 0.1896 0.3846 325 311
121-0-1-0.05-50-0 0 2361 31 22 5 8 0.5626 0.0160 252 311
121-0-1-0.05-50-0 0 2361 24 50 3 4 0.1940 0.2147 254 147
121-0-1-0.05-50-0 0 2361 19 31 10 5 0.8072 0.5626 134 252
121-0-1-0.05-50-0 0 2362 1 4 1 18 0.2520 0.0723 409 351
121-0-1-0.05-50-0 0 2362 8 4 6 17 0.2506 0.0723 303 351
121-0-1-0.05-50-0 0 2362 10 4 5 16 0.2533 0.0723 449 351
121-0-1-0.05-50-0 0 2363 35 11 6 3 0.0354 0.0504 158 384
121-0-1-0.05-50-0 0 2363 10 43 5 1 0.2533 0.8316 449 123
121-0-1-0.05-50-0 0 2363 39 3 4 12 0.2187 0.4813 309 321
121-0-1-0.05-50-0 0 2364 10 35 5 6 0.2533 0.0354 449 158
121-0-1-0.05-50-0 0 2364 8 16 7 2 0.2506 0.2228 303 149
121-0-1-0.05-50-0 0 2364 50 27 4 1 0.2147 0.0776 147 149
121-0-1-0.05-50-0 0 2365 28 22 20 12 0.3846 0.0160 311 311
121-0-1-0.05-50-0 0 2365 28 44 20 4 0.3846 0.7034 311 118
121-0-1-0.05-50-0 0 2365 31 45 3 4 0.5626 0.3816 252 173
121-0-1-0.05-50-0 0 2366 48 44 9 2 0.1153 0.7034 334 118
121-0-1-0.05-50-0 0 2366 28 28 18 18 0.3846 0.3846 311 311
121-0-1-0.05-50-0 0 2366 36 4 4 17 0.8162 0.0723 165 351
121-0-1-0.05-50-0 0 2367 4 8 17 6 0.0723 0.2506 351 303
121-0-1-0.05-50-0 0 2367 22 16 13 1 0.0160 0.2228 311 149
121-0-1-0.05-50-0 0 2367 10 28 4 17 0.2533 0.3846 449 311
121-0-1-0.05-50-0 0 2368 8 8 5 5 0.2506 0.2506 303 303
121-0-1-0.05-50-0 0 2368 3 19 10 11 0.4813 0.8072 321 134
121-0-1-0.05-50-0 0 2368 12 48 17 10 0.1896 0.1153 325 334
121-0-1-0.05-50-0 0 2369 4 35 15 5 0.0723 0.0354 351 158
121-0-1-0.05-50-0 0 2369 22 35 15 4 0.0160 0.0354 311 158
121-0-1-0.05-50-0 0 2369 36 4 5 15 0.8162 0.0723 165 351
121-0-1-0.05-50-0 0 2370 35 48 3 9 0.0354 0.1153 158 334
121-0-1-0.05-50-0 0 2370 50 15 3 7 0.2147 0.7918 147 149
121-0-1-0.05-50-0 0 2370 6 3 1 10 0.4266 0.4813 249 321
121-0-1-0.05-50-0 0 2371 8 4 5 15 0.2506 0.0723 303 351
121-0-1-0.05-50-0 0 2371 4 4 14 14 0.0723 0.0723 351 351
121-0-1-0.05-50-0 0 2371 12 4 15 13 0.1896 0.0723 325 351
121-0-1-0.05-50-0 0 2372 4 45 13 4 0.0723 0.3816 351 173
121-0-1-0.05-50-0 0 2372 8 4 5 13 0.2506 0.0723 303 351
121-0-1-0.05-50-0 0 2372 48 48 9 9 0.1153 0.1153 334 334
121-0-1-0.05-50-0 0 2373 22 3 19 11 0.0160 0.4813 311 321
121-0-1-0.05-50-0 0 2373 12 3 17 10 0.1896 0.4813 325 321
121-0-1-0.05-50-0 0 2373 1 28 2 15 0.2520 0.3846 409 311
121-0-1-0.05-50-0 0 2374 14 7 3 1 0.8451 0.9267 105 106
121-0-1-0.05-50-0 0 2374 11 19 2 8 0.0504 0.8072 384 134
121-0-1-0.05-50-0 0 2374 12 3 17 9 0.1896 0.4813 325 321
121-0-1-0.05-50-0 0 2375 10 28 7 14 0.2533 0.3846 449 311
121-0-1-0.05-50-0 0 2375 3 28 7 13 0.4813 0.3846 321 311
121-0-1-0.05-50-0 0 2375 8 4 5 14 0.2506 0.0723 303 351
121-0-1-0.05-50-0 0 2376 3 48 7 8 0.4813 0.1153 321 334
121-0-1-0.05-50-0 0 2376 28 48 12 7 0.3846 0.1153 311 334
121-0-1-0.05-50-0 0 2376 9 35 6 6 0.6134 0.0354 161 158
121-0-1-0.05-50-0 0 2377 28 4 12 14 0.3846 0.0723 311 351
121-0-1-0.05-50-0 0 2377 22 10 23 7 0.0160 0.2533 311 449
121-0-1-0.05-50-0 0 2377 31 48 2 5 0.5626 0.1153 252 334
121-0-1-0.05-50-0 0 2378 42 49 3 8 0.7447 0.1842 106 136
121-0-1-0.05-50-0 0 2378 28 28 11 11 0.3846 0.3846 311 311
121-0-1-0.05-50-0 0 2378 28 22 10 22 0.3846 0.0160 311 311
121-0-1-0.05-50-0 0 2379 49 10 7 7 0.1842 0.2533 136 449
121-0-1-0.05-50-0 0 2379 49 22 7 22 0.1842 0.0160 136 311
121-0-1-0.05-50-0 0 2379 22 4 21 12 0.0160 0.0723 311 351
121-0-1-0.05-50-0 0 2380 48 22 5 21 0.1153 0.0160 334 311
121-0-1-0.05-50-0 0 2380 19 15 6 2 0.8072 0.7918 134 149
121-0-1-0.05-50-0 0 2381 9 22 6 21 0.6134 0.0160 161 311
121-0-1-0.05-50-0 0 2381 10 28 5 10 0.2533 0.3846 449 311
121-0-1-0.05-50-0 0 2381 4 8 13 6 0.0723 0.2506 351 303
121-0-1-0.05-50-0 0 2382 4 12 12 18 0.0723 0.1896 351 325
121-0-1-0.05-50-0 0 2382 6 12 1 17 0.4266 0.1896 249 325
121-0-1-0.05-50-0 0 2383 12 12 17 17 0.1896 0.1896 325 325
121-0-1-0.05-50-0 0 2383 22 39 20 2 0.0160 0.2187 311 309
121-0-1-0.05-50-0 0 2384 1 20 5 1 0.2520 0.9922 409 102
121-0-1-0.05-50-0 0 2384 28 22 7 21 0.3846 0.0160 311 311
121-0-1-0.05-50-0 0 2385 22 22 21 21 0.0160 0.0160 311 311
121-0-1-0.05-50-0 0 2385 22 12 20 17 0.0160 0.1896 311 325
121-0-1-0.05-50-0 0 2385 3 9 6 7 0.4813 0.6134 321 161
121-0-1-0.05-50-0 0 2386 22 19 22 8 0.0160 0.8072 311 134
121-0-1-0.05-50-0 0 2386 28 22 6 22 0.3846 0.0160 311 311
121-0-1-0.05-50-0 0 2387 19 1 8 6 0.8072 0.2520 134 409
121-0-1-0.05-50-0 0 2387 22 12 21 15 0.0160 0.1896 311 325
121-0-1-0.05-50-0 0 2388 3 3 7 7 0.4813 0.4813 321 321
121-0-1-0.05-50-0 0 2388 3 36 6 8 0.4813 0.8162 321 165
121-0-1-0.05-50-0 0 2389 4 36 13 8 0.0723 0.8162 351 165
121-0-1-0.05-50-0 0 2389 42 48 3 4 0.7447 0.1153 106 334
121-0-1-0.05-50-0 0 2390 28 9 7 6 0.3846 0.6134 311 161
121-0-1-0.05-50-0 0 2390 15 50 2 5 0.7918 0.2147 149 147
121-0-1-0.05-50-0 0 2391 1 10 5 9 0.2520 0.2533 409 449
121-0-1-0.05-50-0 0 2391 22 12 17 15 0.0160 0.1896 311 325
121-0-1-0.05-50-0 0 2392 4 14 12 4 0.0723 0.8451 351 105
121-0-1-0.05-50-0 0 2392 9 22 8 16 0.6134 0.0160 161 311
121-0-1-0.05-50-0 0 2393 14 1 3 4 0.8451 0.2520 105 409
121-0-1-0.05-50-0 0 2393 4 19 13 8 0.0723 0.8072 351 134
121-0-1-0.05-50-0 0 2394 19 19 8 8 0.8072 0.8072 134 134
121-0-1-0.05-50-0 0 2394 10 12 10 13 0.2533 0.1896 449 325
121-0-1-0.05-50-0 0 2395 22 22 14 14 0.0160 0.0160 311 311
121-0-1-0.05-50-0 0 2395 44 9 2 11 0.7034 0.6134 118 161
121-0-1-0.05-50-0 0 2396 44 43 2 3 0.7034 0.8316 118 123
121-0-1-0.05-50-0 0 2396 49 18 7 1 0.1842 0.2181 136 226
121-0-1-0.05-50-0 0 2397 19 45 6 6 0.8072 0.3816 134 173
121-0-1-0.05-50-0 0 2397 10 24 7 3 0.2533 0.1940 449 254
121-0-1-0.05-50-0 0 2397 43 4 3 12 0.8316 0.0723 123 351
121-0-1-0.05-50-0 0 2398 4 35 11 9 0.0723 0.0354 351 158
121-0-1-0.05-50-0 0 2398 35 10 8 9 0.0354 0.2533 158 449
121-0-1-0.05-50-0 0 2398 14 9 5 12 0.8451 0.6134 105 161
121-0-1-0.05-50-0 0 2399 12 3 17 6 0.1896 0.4813 325 321
121-0-1-0.05-50-0 0 2399 9 19 11 5 0.6134 0.8072 161 134
121-0-1-0.05-50-0 0 2399 35 9 8 11 0.0354 0.6134 158 161
121-0-1-0.05-50-0 0 2400 24 35 2 8 0.1940 0.0354 254 158
121-0-1-0.05-50-0 0 2400 35 14 7 5 0.0354 0.8451 158 105
121-0-1-0.05-50-0 0 2400 35 12 7 16 0.0354 0.1896 158 325
121-0-1-0.05-50-0 0 2401 22 14 17 4 0.0160 0.8451 311 105
121-0-1-0.05-50-0 0 2401 10 12 8 17 0.2533 0.1896 449 325
121-0-1-0.05-50-0 0 2401 22 28 17 7 0.0160 0.3846 311 311
121-0-1-0.05-50-0 0 2402 22 44 18 2 0.0160 0.7034 311 118
121-0-1-0.05-50-0 0 2402 35 3 9 7 0.0354 0.4813 158 321
121-0-1-0.05-50-0 0 2402 49 3 7 6 0.1842 0.4813 136 321
121-0-1-0.05-50-0 0 2403 45 7 6 1 0.3816 0.9267 173 106
121-0-1-0.05-50-0 0 2403 9 4 12 10 0.6134 0.0723 161 351
121-0-1-0.05-50-0 0 2403 36 48 8 5 0.8162 0.1153 165 334
121-0-1-0.05-50-0 0 2404 50 1 3 5 0.2147 0.2520 147 409
121-0-1-0.05-50-0 0 2404 36 22 9 18 0.8162 0.0160 165 311
121-0-1-0.05-50-0 0 2404 12 43 18 1 0.1896 0.8316 325 123
121-0-1-0.05-50-0 0 2405 28 4 8 10 0.3846 0.0723 311 351
121-0-1-0.05-50-0 0 2405 10 25 7 6 0.2533 0.9430 449 125
121-0-1-0.05-50-0 0 2405 12 9 18 12 0.1896 0.6134 325 161
121-0-1-0.05-50-0 0 2406 12 36 18 11 0.1896 0.8162 325 165
121-0-1-0.05-50-0 0 2406 19 25 3 4 0.8072 0.9430 134 125
121-0-1-0.05-50-0 0 2406 6 22 2 15 0.4266 0.0160 249 311
121-0-1-0.05-50-0 0 2407 12 3 19 6 0.1896 0.4813 325 321
121-0-1-0.05-50-0 0 2407 9 45 16 9 0.6134 0.3816 161 173
121-0-1-0.05-50-0 0 2407 11 24 3 2 0.0504 0.1940 384 254
121-0-1-0.05-50-0 0 2408 8 12 7 19 0.2506 0.1896 303 325
121-0-1-0.05-50-0 0 2408 12 10 18 8 0.1896 0.2533 325 449
121-0-1-0.05-50-0 0 2408 35 36 9 13 0.0354 0.8162 158 165
121-0-1-0.05-50-0 0 2409 49 9 8 17 0.1842 0.6134 136 161
121-0-1-0.05-50-0 0 2409 35 49 10 8 0.0354 0.1842 158 136
121-0-1-0.05-50-0 0 2409 10 12 9 18 0.2533 0.1896 449 325
121-0-1-0.05-50-0 0 2410 35 3 9 5 0.0354 0.4813 158 321
121-0-1-0.05-50-0 0 2410 22 50 14 2 0.0160 0.2147 311 147
121-0-1-0.05-50-0 0 2410 44 8 1 8 0.7034 0.2506 118 303
121-0-1-0.05-50-0 0 2411 9 9 16 16 0.6134 0.6134 161 161
121-0-1-0.05-50-0 0 2411 12 12 17 17 0.1896 0.1896 325 325
121-0-1-0.05-50-0 0 2411 25 11 4 4 0.9430 0.0504 125 384
121-0-1-0.05-50-0 0 2412 30 14 2 2 0.6008 0.8451 266 105
121-0-1-0.05-50-0 0 2412 22 49 13 7 0.0160 0.1842 311 136
121-0-1-0.05-50-0 0 2412 35 22 10 13 0.0354 0.0160 158 311
121-0-1-0.05-50-0 0 2413 36 22 13 14 0.8162 0.0160 165 311
121-0-1-0.05-50-0 0 2413 9 46 15 3 0.6134 0.3451 161 327
121-0-1-0.05-50-0 0 2413 10 36 9 13 0.2533 0.8162 449 165
121-0-1-0.05-50-0 0 2414 9 12 16 14 0.6134 0.1896 161 325
121-0-1-0.05-50-0 0 2414 22 9 14 16 0.0160 0.6134 311 161
121-0-1-0.05-50-0 0 2414 48 36 4 13 0.1153 0.8162 334 165
121-0-1-0.05-50-0 0 2415 25 9 4 15 0.9430 0.6134 125 161
121-0-1-0.05-50-0 0 2415 36 12 12 12 0.8162 0.1896 165 325
121-0-1-0.05-50-0 0 2415 1 12 4 11 0.2520 0.1896 409 325
121-0-1-0.05-50-0 0 2416 4 39 6 1 0.0723 0.2187 351 309
121-0-1-0.05-50-0 0 2416 3 10 5 10 0.4813 0.2533 321 449
121-0-1-0.05-50-0 0 2416 36 28 14 11 0.8162 0.3846 165 311
121-0-1-0.05-50-0 0 2417 9 3 16 4 0.6134 0.4813 161 321
121-0-1-0.05-50-0 0 2417 28 36 9 15 0.3846 0.8162 311 165
121-0-1-0.05-50-0 0 2417 22 12 15 11 0.0160 0.1896 311 325
121-0-1-0.05-50-0 0 2418 9 3 16 4 0.6134 0.4813 161 321
121-0-1-0.05-50-0 0 2418 19 44 3 1 0.8072 0.7034 134 118
121-0-1-0.05-50-0 0 2418 28 4 9 7 0.3846 0.0723 311 351
121-0-1-0.05-50-0 0 2419 48 10 6 8 0.1153 0.2533 334 449
121-0-1-0.05-50-0 0 2419 22 8 18 9 0.0160 0.2506 311 303
121-0-1-0.05-50-0 0 2419 10 22 7 18 0.2533 0.0160 449 311
121-0-1-0.05-50-0 0 2420 42 36 2 14 0.7447 0.8162 106 165
121-0-1-0.05-50-0 0 2420 1 35 6 12 0.2520 0.0354 409 158
121-0-1-0.05-50-0 0 2420 12 22 12 17 0.1896 0.0160 325 311
121-0-1-0.05-50-0 0 2421 9 45 17 9 0.6134 0.3816 161 173
121-0-1-0.05-50-0 0 2421 10 22 7 16 0.2533 0.0160 449 311
121-0-1-0.05-50-0 0 2421 9 12 17 12 0.6134 0.1896 161 325
121-0-1-0.05-50-0 0 2422 28 36 10 17 0.3846 0.8162 311 165
121-0-1-0.05-50-0 0 2422 9 22 18 16 0.6134 0.0160 161 311
121-0-1-0.05-50-0 0 2422 36 3 16 3 0.8162 0.4813 165 321
121-0-1-0.05-50-0 0 2423 45 10 8 8 0.3816 0.2533 173 449
121-0-1-0.05-50-0 0 2423 21 10 2 7 0.4184 0.2533 158 449
121-0-1-0.05-50-0 0 2423 8 9 9 19 0.2506 0.6134 303 161
121-0-1-0.05-50-0 0 2424 4 8 9 10 0.0723 0.2506 351 303
121-0-1-0.05-50-0 0 2424 9 4 18 9 0.6134 0.0723 161 351
121-0-1-0.05-50-0 0 2424 36 8 16 9 0.8162 0.2506 165 303
121-0-1-0.05-50-0 0 2425 8 11 8 3 0.2506 0.0504 303 384
121-0-1-0.05-50-0 0 2425 36 36 16 16 0.8162 0.8162 165 165
121-0-1-0.05-50-0 0 2425 49 17 6 1 0.1842 0.6398 136 197
121-0-1-0.05-50-0 0 2426 36 38 16 8 0.8162 0.6163 165 270
121-0-1-0.05-50-0 0 2426 9 31 18 3 0.6134 0.5626 161 252
121-0-1-0.05-50-0 0 2426 4 21 9 3 0.0723 0.4184 351 158
121-0-1-0.05-50-0 0 2427 22 10 15 5 0.0160 0.2533 311 449
121-0-1-0.05-50-0 0 2427 10 49 4 8 0.2533 0.1842 449 136
121-0-1-0.05-50-0 0 2427 36 45 16 8 0.8162 0.3816 165 173
121-0-1-0.05-50-0 0 2428 35 28 12 8 0.0354 0.3846 158 311
121-0-1-0.05-50-0 0 2428 3 16 2 1 0.4813 0.2228 321 149
121-0-1-0.05-50-0 0 2428 25 23 3 4 0.9430 0.1698 125 476
121-0-1-0.05-50-0 0 2429 28 36 6 18 0.3846 0.8162 311 165
121-0-1-0.05-50-0 0 2429 1 31 8 2 0.2520 0.5626 409 252
121-0-1-0.05-50-0 0 2429 22 36 17 17 0.0160 0.8162 311 165
121-0-1-0.05-50-0 0 2430 23 22 6 17 0.1698 0.0160 476 311
121-0-1-0.05-50-0 0 2430 3 35 2 11 0.4813 0.0354 321 158
121-0-1-0.05-50-0 0 2430 33 49 1 11 0.6893 0.1842 191 136
121-0-1-0.05-50-0 0 2431 36 1 16 6 0.8162 0.2520 165 409
121-0-1-0.05-50-0 0 2431 8 46 7 1 0.2506 0.3451 303 327
121-0-1-0.05-50-0 0 2431 38 35 7 10 0.6163 0.0354 270 158
121-0-1-0.05-50-0 0 2432 6 9 4 17 0.4266 0.6134 249 161
121-0-1-0.05-50-0 0 2432 45 49 8 10 0.3816 0.1842 173 136
121-0-1-0.05-50-0 0 2432 23 45 6 8 0.1698 0.3816 476 173
121-0-1-0.05-50-0 0 2433 35 9 9 16 0.0354 0.6134 158 161
121-0-1-0.05-50-0 0 2433 9 45 15 7 0.6134 0.3816 161 173
121-0-1-0.05-50-0 0 2433 22 22 19 19 0.0160 0.0160 311 311
121-0-1-0.05-50-0 0 2434 9 48 15 8 0.6134 0.1153 161 334
121-0-1-0.05-50-0 0 2434 8 4 7 12 0.2506 0.0723 303 351
121-0-1-0.05-50-0 0 2434 9 9 15 15 0.6134 0.6134 161 161
121-0-1-0.05-50-0 0 2435 35 25 9 3 0.0354 0.9430 158 125
121-0-1-0.05-50-0 0 2435 1 28 3 8 0.2520 0.3846 409 311
121-0-1-0.05-50-0 0 2435 25 4 2 11 0.9430 0.0723 125 351
121-0-1-0.05-50-0 0 2436 35 22 10 17 0.0354 0.0160 158 311
121-0-1-0.05-50-0 0 2436 8 48 7 6 0.2506 0.1153 303 334
121-0-1-0.05-50-0 0 2436 22 6 16 5 0.0160 0.4266 311 249
121-0-1-0.05-50-0 0 2437 19 12 2 7 0.8072 0.1896 134 325
121-0-1-0.05-50-0 0 2437 9 12 14 6 0.6134 0.1896 161 325
121-0-1-0.05-50-0 0 2437 23 28 11 7 0.1698 0.3846 476 311
121-0-1-0.05-50-0 0 2438 9 1 15 3 0.6134 0.2520 161 409
121-0-1-0.05-50-0 0 2438 41 36 3 16 0.9621 0.8162 105 165
121-0-1-0.05-50-0 0 2438 49 4 8 11 0.1842 0.0723 136 351
121-0-1-0.05-50-0 0 2439 22 28 19 5 0.0160 0.3846 311 311
121-0-1-0.05-50-0 0 2439 35 23 8 11 0.0354 0.1698 158 476
121-0-1-0.05-50-0 0 2439 49 21 7 3 0.1842 0.4184 136 158
121-0-1-0.05-50-0 0 2440 30 34 4 2 0.6008 0.7448 266 168
121-0-1-0.05-50-0 0 2440 41 21 3 2 0.9621 0.4184 105 158
121-0-1-0.05-50-0 0 2440 23 24 11 3 0.1698 0.1940 476 254
121-0-1-0.05-50-0 0 2441 4 44 12 3 0.0723 0.7034 351 118
121-0-1-0.05-50-0 0 2441 35 10 11 6 0.0354 0.2533 158 449
121-0-1-0.05-50-0 0 2441 9 11 13 1 0.6134 0.0504 161 384
121-0-1-0.05-50-0 0 2442 22 35 17 11 0.0160 0.0354 311 158
121-0-1-0.05-50-0 0 2442 23 36 11 13 0.1698 0.8162 476 165
121-0-1-0.05-50-0 0 2442 10 6 6 4 0.2533 0.4266 449 249
121-0-1-0.05-50-0 0 2443 22 4 17 13 0.0160 0.0723 311 351
121-0-1-0.05-50-0 0 2443 44 38 2 7 0.7034 0.6163 118 270
121-0-1-0.05-50-0 0 2443 4 23 12 11 0.0723 0.1698 351 476
121-0-1-0.05-50-0 0 2444 38 22 7 16 0.6163 0.0160 270 311
121-0-1-0.05-50-0 0 2444 9 45 15 3 0.6134 0.3816 161 173
121-0-1-0.05-50-0 0 2445 38 22 7 16 0.6163 0.0160 270 311
121-0-1-0.05-50-0 0 2445 22 9 15 15 0.0160 0.6134 311 161
121-0-1-0.05-50-0 0 2446 9 10 14 7 0.6134 0.2533 161 449
121-0-1-0.05-50-0 0 2446 30 24 2 2 0.6008 0.1940 266 254
121-0-1-0.05-50-0 0 2447 25 49 2 2 0.9430 0.1842 125 136
121-0-1-0.05-50-0 0 2447 22 18 15 1 0.0160 0.2181 311 226
121-0-1-0.05-50-0 0 2448 38 6 10 2 0.6163 0.4266 270 249
121-0-1-0.05-50-0 0 2448 36 35 14 8 0.8162 0.0354 165 158
121-0-1-0.05-50-0 0 2449 4 36 9 15 0.0723 0.8162 351 165
121-0-1-0.05-50-0 0 2449 9 8 12 9 0.6134 0.2506 161 303
121-0-1-0.05-50-0 0 2450 24 34 2 2 0.1940 0.7448 254 168
121-0-1-0.05-50-0 0 2450 7 36 3 14 0.9267 0.8162 106 165
121-0-1-0.05-50-0 0 2451 4 12 7 4 0.0723 0.1896 351 325
121-0-1-0.05-50-0 0 2451 19 9 5 13 0.8072 0.6134 134 161
121-0-1-0.05-50-0 0 2452 23 38 12 10 0.1698 0.6163 476 270
121-0-1-0.05-50-0 0 2452 19 30 5 1 0.8072 0.6008 134 266
121-0-1-0.05-50-0 0 2453 28 45 9 4 0.3846 0.3816 311 173
121-0-1-0.05-50-0 0 2453 8 28 10 9 0.2506 0.3846 303 311
121-0-1-0.05-50-0 0 2454 4 23 6 13 0.0723 0.1698 351 476
121-0-1-0.05-50-0 0 2454 22 22 13 13 0.0160 0.0160 311 311
121-0-1-0.05-50-0 0 2454 28 13 8 3 0.3846 0.8878 311 151
121-0-1-0.05-50-0 0 2455 8 35 9 8 0.2506 0.0354 303 158
121-0-1-0.05-50-0 0 2455 25 12 2 4 0.9430 0.1896 125 325
121-0-1-0.05-50-0 0 2455 35 41 7 2 0.0354 0.9621 158 105
121-0-1-0.05-50-0 0 2456 36 10 15 8 0.8162 0.2533 165 449
121-0-1-0.05-50-0 0 2456 22 10 12 7 0.0160 0.2533 311 449
121-0-1-0.05-50-0 0 2457 22 9 13 11 0.0160 0.6134 311 161
121-0-1-0.05-50-0 0 2457 38 23 10 16 0.6163 0.1698 270 476
121-0-1-0.05-50-0 0 2457 10 28 6 9 0.2533 0.3846 449 311
121-0-1-0.05-50-0 0 2458 8 48 10 7 0.2506 0.1153 303 334
121-0-1-0.05-50-0 0 2458 5 23 1 15 0.0007 0.1698 226 476
121-0-1-0.05-50-0 0 2459 8 22 12 13 0.2506 0.0160 303 311
121-0-1-0.05-50-0 0 2459 8 1 12 4 0.2506 0.2520 303 409
121-0-1-0.05-50-0 0 2460 38 38 9 9 0.6163 0.6163 270 270
121-0-1-0.05-50-0 0 2460 22 9 13 12 0.0160 0.6134 311 161
121-0-1-0.05-50-0 0 2461 9 48 12 6 0.6134 0.1153 161 334
121-0-1-0.05-50-0 0 2461 4 36 6 12 0.0723 0.8162 351 165
121-0-1-0.05-50-0 0 2462 36 48 11 5 0.8162 0.1153 165 334
121-0-1-0.05-50-0 0 2462 36 12 11 6 0.8162 0.1896 165 325
121-0-1-0.05-50-0 0 2462 23 4 16 6 0.1698 0.0723 476 351
121-0-1-0.05-50-0 0 2463 28 4 9 6 0.3846 0.0723 311 351
121-0-1-0.05-50-0 0 2463 9 27 12 1 0.6134 0.0776 161 149
121-0-1-0.05-50-0 0 2463 35 1 10 4 0.0354 0.2520 158 409
121-0-1-0.05-50-0 0 2464 35 8 11 14 0.0354 0.2506 158 303
121-0-1-0.05-50-0 0 2464 10 4 5 5 0.2533 0.0723 449 351
121-0-1-0.05-50-0 0 2465 1 11 4 1 0.2520 0.0504 409 384
121-0-1-0.05-50-0 0 2465 28 3 10 5 0.3846 0.4813 311 321
121-0-1-0.05-50-0 0 2466 8 23 13 18 0.2506 0.1698 303 476
121-0-1-0.05-50-0 0 2466 44 16 4 1 0.7034 0.2228 118 149
121-0-1-0.05-50-0 0 2467 36 23 12 17 0.8162 0.1698 165 476
121-0-1-0.05-50-0 0 2467 9 28 9 9 0.6134 0.3846 161 311
121-0-1-0.05-50-0 0 2468 36 36 13 13 0.8162 0.8162 165 165
121-0-1-0.05-50-0 0 2468 23 35 16 9 0.1698 0.0354 476 158
121-0-1-0.05-50-0 0 2469 8 36 12 12 0.2506 0.8162 303 165
121-0-1-0.05-50-0 0 2469 48 8 4 12 0.1153 0.2506 334 303
121-0-1-0.05-50-0 0 2470 8 24 12 3 0.2506 0.1940 303 254
121-0-1-0.05-50-0 0 2470 5 7 1 3 0.0007 0.9267 226 106
121-0-1-0.05-50-0 0 2471 28 34 7 3 0.3846 0.7448 311 168
121-0-1-0.05-50-0 0 2471 22 23 13 16 0.0160 0.1698 311 476
121-0-1-0.05-50-0 0 2472 22 38 14 15 0.0160 0.6163 311 270
121-0-1-0.05-50-0 0 2472 1 35 4 8 0.2520 0.0354 409 158
121-0-1-0.05-50-0 0 2473 9 31 10 1 0.6134 0.5626 161 252
121-0-1-0.05-50-0 0 2473 36 1 12 4 0.8162 0.2520 165 409
121-0-1-0.05-50-0 0 2474 38 44 17 4 0.6163 0.7034 270 118
121-0-1-0.05-50-0 0 2474 9 36 9 13 0.6134 0.8162 161 165
121-0-1-0.05-50-0 0 2475 28 34 5 5 0.3846 0.7448 311 168
121-0-1-0.05-50-0 0 2475 9 38 7 16 0.6134 0.6163 161 270
121-0-1-0.05-50-0 0 2476 38 7 17 1 0.6163 0.9267 270 106
121-0-1-0.05-50-0 0 2476 38 22 17 13 0.6163 0.0160 270 311
121-0-1-0.05-50-0 0 2477 48 8 4 8 0.1153 0.2506 334 303
121-0-1-0.05-50-0 0 2477 13 23 3 15 0.8878 0.1698 151 476
121-0-1-0.05-50-0 0 2478 38 36 18 15 0.6163 0.8162 270 165
121-0-1-0.05-50-0 0 2478 5 23 3 14 0.0007 0.1698 226 476
121-0-1-0.05-50-0 0 2479 10 48 5 4 0.2533 0.1153 449 334
121-0-1-0.05-50-0 0 2479 13 35 3 11 0.8878 0.0354 151 158
121-0-1-0.05-50-0 0 2480 9 23 8 14 0.6134 0.1698 161 476
121-0-1-0.05-50-0 0 2480 24 36 4 14 0.1940 0.8162 254 165
121-0-1-0.05-50-0 0 2481 38 13 20 4 0.6163 0.8878 270 151
121-0-1-0.05-50-0 0 2481 36 16 13 1 0.8162 0.2228 165 149
121-0-1-0.05-50-0 0 2482 28 38 4 20 0.3846 0.6163 311 270
121-0-1-0.05-50-0 0 2482 38 38 19 19 0.6163 0.6163 270 270
121-0-1-0.05-50-0 0 2483 34 44 5 5 0.7448 0.7034 168 118
121-0-1-0.05-50-0 0 2483 38 23 19 15 0.6163 0.1698 270 476
121-0-1-0.05-50-0 0 2484 38 23 20 14 0.6163 0.1698 270 476
121-0-1-0.05-50-0 0 2484 36 38 13 20 0.8162 0.6163 165 270
121-0-1-0.05-50-0 0 2485 44 10 4 7 0.7034 0.2533 118 449
121-0-1-0.05-50-0 0 2485 35 34 10 6 0.0354 0.7448 158 168
121-0-1-0.05-50-0 0 2486 11 24 1 3 0.0504 0.1940 384 254
121-0-1-0.05-50-0 0 2486 48 12 4 2 0.1153 0.1896 334 325
121-0-1-0.05-50-0 0 2487 45 22 3 10 0.3816 0.0160 173 311
121-0-1-0.05-50-0 0 2487 9 35 9 10 0.6134 0.0354 161 158
121-0-1-0.05-50-0 0 2488 38 38 21 21 0.6163 0.6163 270 270
121-0-1-0.05-50-0 0 2488 23 34 13 7 0.1698 0.7448 476 168
121-0-1-0.05-50-0 0 2489 36 9 13 9 0.8162 0.6134 165 161
121-0-1-0.05-50-0 0 2489 22 38 9 20 0.0160 0.6163 311 270
121-0-1-0.05-50-0 0 2490 8 22 5 8 0.2506 0.0160 303 311
121-0-1-0.05-50-0 0 2490 35 4 10 4 0.0354 0.0723 158 351
121-0-1-0.05-50-0 0 2491 9 45 8 3 0.6134 0.3816 161 173
121-0-1-0.05-50-0 0 2491 28 34 5 5 0.3846 0.7448 311 168
121-0-1-0.05-50-0 0 2492 9 8 8 4 0.6134 0.2506 161 303
121-0-1-0.05-50-0 0 2492 41 38 1 19 0.9621 0.6163 105 270
121-0-1-0.05-50-0 0 2493 22 8 9 4 0.0160 0.2506 311 303
121-0-1-0.05-50-0 0 2493 28 19 5 3 0.3846 0.8072 311 134
121-0-1-0.05-50-0 0 2494 9 48 9 4 0.6134 0.1153 161 334
121-0-1-0.05-50-0 0 2494 45 36 2 13 0.3816 0.8162 173 165
121-0-1-0.05-50-0 0 2495 35 45 8 4 0.0354 0.3816 158 173
121-0-1-0.05-50-0 0 2495 35 9 8 9 0.0354 0.6134 158 161
121-0-1-0.05-50-0 0 2496 38 36 19 12 0.6163 0.8162 270 165
121-0-1-0.05-50-0 0 2496 25 9 3 8 0.9430 0.6134 125 161
121-0-1-0.05-50-0 0 2497 28 23 7 13 0.3846 0.1698 311 476
121-0-1-0.05-50-0 0 2497 28 36 7 11 0.3846 0.8162 311 165
121-0-1-0.05-50-0 0 2498 38 8 23 5 0.6163 0.2506 270 303
121-0-1-0.05-50-0 0 2498 8 23 4 13 0.2506 0.1698 303 476
121-0-1-0.05-50-0 0 2499 23 46 13 1 0.1698 0.3451 476 327
121-0-1-0.05-50-0 0 2499 19 5 3 8 0.8072 0.0007 134 226
121-0-1-0.05-50-0 0 2500 10 28 7 6 0.2533 0.3846 449 311
121-0-1-0.05-50-0 0 2500 11 5 2 8 0.0504 0.0007 384 226
