122-0-1-0.05-50-0 0 2302 3 18 10 5 0.4813 0.2181 321 226
122-0-1-0.05-50-0 0 2302 43 3 1 10 0.8316 0.4813 123 321
122-0-1-0.05-50-0 0 2302 48 4 18 9 0.1153 0.0723 334 351
122-0-1-0.05-50-0 0 2303 27 49 17 8 0.0776 0.1842 149 136
122-0-1-0.05-50-0 0 2303 48 11 19 1 0.1153 0.0504 334 384
122-0-1-0.05-50-0 0 2304 48 10 19 10 0.1153 0.2533 334 449
122-0-1-0.05-50-0 0 2304 32 18 2 5 0.6514 0.2181 215 226
122-0-1-0.05-50-0 0 2304 25 47 1 3 0.9430 0.9293 125 103
122-0-1-0.05-50-0 0 2305 17 49 4 7 0.6398 0.1842 197 136
122-0-1-0.05-50-0 0 2305 4 17 8 4 0.0723 0.6398 351 197
122-0-1-0.05-50-0 0 2306 40 3 1 13 0.9739 0.4813 104 321
122-0-1-0.05-50-0 0 2306 3 7 12 1 0.4813 0.9267 321 106
122-0-1-0.05-50-0 0 2307 34 41 3 5 0.7448 0.9621 168 105
122-0-1-0.05-50-0 0 2307 49 27 6 18 0.1842 0.0776 136 149
122-0-1-0.05-50-0 0 2308 48 39 19 19 0.1153 0.2187 334 309
122-0-1-0.05-50-0 0 2308 48 3 19 11 0.1153 0.4813 334 321
122-0-1-0.05-50-0 0 2309 32 28 1 2 0.6514 0.3846 215 311
122-0-1-0.05-50-0 0 2309 30 39 1 18 0.6008 0.2187 266 309
122-0-1-0.05-50-0 0 2310 10 1 8 6 0.2533 0.2520 449 409
122-0-1-0.05-50-0 0 2310 21 8 8 3 0.4184 0.2506 158 303
122-0-1-0.05-50-0 0 2311 27 1 15 5 0.0776 0.2520 149 409
122-0-1-0.05-50-0 0 2311 4 17 8 4 0.0723 0.6398 351 197
122-0-1-0.05-50-0 0 2312 47 18 3 4 0.9293 0.2181 103 226
122-0-1-0.05-50-0 0 2312 44 41 1 5 0.7034 0.9621 118 105
122-0-1-0.05-50-0 0 2313 10 30 9 1 0.2533 0.6008 449 266
122-0-1-0.05-50-0 0 2313 3 3 11 11 0.4813 0.4813 321 321
122-0-1-0.05-50-0 0 2314 24 21 2 7 0.1940 0.4184 254 158
122-0-1-0.05-50-0 0 2314 48 48 19 19 0.1153 0.1153 334 334
122-0-1-0.05-50-0 0 2315 48 4 18 10 0.1153 0.0723 334 351
122-0-1-0.05-50-0 0 2315 10 49 9 5 0.2533 0.1842 449 136
122-0-1-0.05-50-0 0 2316 28 48 1 18 0.3846 0.1153 311 334
122-0-1-0.05-50-0 0 2316 4 48 10 17 0.0723 0.1153 351 334
122-0-1-0.05-50-0 0 2317 16 26 2 4 0.2228 0.8171 149 141
122-0-1-0.05-50-0 0 2317 4 26 9 3 0.0723 0.8171 351 141
122-0-1-0.05-50-0 0 2318 17 8 4 2 0.6398 0.2506 197 303
122-0-1-0.05-50-0 0 2318 17 48 4 15 0.6398 0.1153 197 334
122-0-1-0.05-50-0 0 2319 10 4 13 9 0.2533 0.0723 449 351
122-0-1-0.05-50-0 0 2319 45 27 2 16 0.3816 0.0776 173 149
122-0-1-0.05-50-0 0 2320 3 3 9 9 0.4813 0.4813 321 321
122-0-1-0.05-50-0 0 2320 10 10 12 12 0.2533 0.2533 449 449
122-0-1-0.05-50-0 0 2321 44 18 1 9 0.7034 0.2181 118 226
122-0-1-0.05-50-0 0 2321 4 48 9 13 0.0723 0.1153 351 334
122-0-1-0.05-50-0 0 2322 50 27 1 17 0.2147 0.0776 147 149
122-0-1-0.05-50-0 0 2322 3 18 10 9 0.4813 0.2181 321 226
122-0-1-0.05-50-0 0 2323 10 48 13 13 0.2533 0.1153 449 334
122-0-1-0.05-50-0 0 2323 47 26 2 2 0.9293 0.8171 103 141
122-0-1-0.05-50-0 0 2324 4 17 9 6 0.0723 0.6398 351 197
122-0-1-0.05-50-0 0 2324 39 16 27 4 0.2187 0.2228 309 149
122-0-1-0.05-50-0 0 2325 49 32 3 3 0.1842 0.6514 136 215
122-0-1-0.05-50-0 0 2325 17 39 5 28 0.6398 0.2187 197 309
122-0-1-0.05-50-0 0 2326 27 39 18 27 0.0776 0.2187 149 309
122-0-1-0.05-50-0 0 2326 32 18 2 9 0.6514 0.2181 215 226
122-0-1-0.05-50-0 0 2327 10 3 13 13 0.2533 0.4813 449 321
122-0-1-0.05-50-0 0 2327 40 44 5 2 0.9739 0.7034 104 118
122-0-1-0.05-50-0 0 2328 10 3 13 11 0.2533 0.4813 449 321
122-0-1-0.05-50-0 0 2328 41 1 2 2 0.9621 0.2520 105 409
122-0-1-0.05-50-0 0 2329 4 27 9 18 0.0723 0.0776 351 149
122-0-1-0.05-50-0 0 2329 3 48 10 13 0.4813 0.1153 321 334
122-0-1-0.05-50-0 0 2330 40 21 5 4 0.9739 0.4184 104 158
122-0-1-0.05-50-0 0 2330 31 2 2 3 0.5626 0.8198 252 167
122-0-1-0.05-50-0 0 2331 27 39 18 34 0.0776 0.2187 149 309
122-0-1-0.05-50-0 0 2331 40 4 5 8 0.9739 0.0723 104 351
122-0-1-0.05-50-0 0 2332 27 18 19 7 0.0776 0.2181 149 226
122-0-1-0.05-50-0 0 2332 48 40 11 5 0.1153 0.9739 334 104
122-0-1-0.05-50-0 0 2333 39 5 36 1 0.2187 0.0007 309 226
122-0-1-0.05-50-0 0 2333 10 18 12 6 0.2533 0.2181 449 226
122-0-1-0.05-50-0 0 2334 48 27 11 22 0.1153 0.0776 334 149
122-0-1-0.05-50-0 0 2334 27 17 21 5 0.0776 0.6398 149 197
122-0-1-0.05-50-0 0 2335 39 27 40 21 0.2187 0.0776 309 149
122-0-1-0.05-50-0 0 2335 14 39 2 40 0.8451 0.2187 105 309
122-0-1-0.05-50-0 0 2335 21 3 3 10 0.4184 0.4813 158 321
122-0-1-0.05-50-0 0 2336 39 21 42 3 0.2187 0.4184 309 158
122-0-1-0.05-50-0 0 2336 39 27 42 20 0.2187 0.0776 309 149
122-0-1-0.05-50-0 0 2336 3 39 10 42 0.4813 0.2187 321 309
122-0-1-0.05-50-0 0 2337 18 10 6 13 0.2181 0.2533 226 449
122-0-1-0.05-50-0 0 2337 39 48 43 14 0.2187 0.1153 309 334
122-0-1-0.05-50-0 0 2337 39 39 43 43 0.2187 0.2187 309 309
122-0-1-0.05-50-0 0 2338 27 39 19 42 0.0776 0.2187 149 309
122-0-1-0.05-50-0 0 2338 16 27 5 19 0.2228 0.0776 149 149
122-0-1-0.05-50-0 0 2338 13 10 2 12 0.8878 0.2533 151 449
122-0-1-0.05-50-0 0 2339 10 48 11 13 0.2533 0.1153 449 334
122-0-1-0.05-50-0 0 2339 27 39 18 42 0.0776 0.2187 149 309
122-0-1-0.05-50-0 0 2339 39 39 41 41 0.2187 0.2187 309 309
122-0-1-0.05-50-0 0 2340 16 18 5 7 0.2228 0.2181 149 226
122-0-1-0.05-50-0 0 2340 14 27 2 19 0.8451 0.0776 105 149
122-0-1-0.05-50-0 0 2340 48 39 13 41 0.1153 0.2187 334 309
122-0-1-0.05-50-0 0 2341 48 18 13 7 0.1153 0.2181 334 226
122-0-1-0.05-50-0 0 2341 3 10 10 11 0.4813 0.2533 321 449
122-0-1-0.05-50-0 0 2341 36 17 1 4 0.8162 0.6398 165 197
122-0-1-0.05-50-0 0 2342 3 44 11 4 0.4813 0.7034 321 118
122-0-1-0.05-50-0 0 2342 21 3 4 11 0.4184 0.4813 158 321
122-0-1-0.05-50-0 0 2342 48 47 13 1 0.1153 0.9293 334 103
122-0-1-0.05-50-0 0 2343 48 27 14 22 0.1153 0.0776 334 149
122-0-1-0.05-50-0 0 2343 39 29 42 2 0.2187 0.6728 309 177
122-0-1-0.05-50-0 0 2343 48 3 14 10 0.1153 0.4813 334 321
122-0-1-0.05-50-0 0 2344 3 49 10 3 0.4813 0.1842 321 136
122-0-1-0.05-50-0 0 2344 3 39 10 41 0.4813 0.2187 321 309
122-0-1-0.05-50-0 0 2344 39 21 40 4 0.2187 0.4184 309 158
122-0-1-0.05-50-0 0 2345 48 18 14 6 0.1153 0.2181 334 226
122-0-1-0.05-50-0 0 2345 10 39 8 43 0.2533 0.2187 449 309
122-0-1-0.05-50-0 0 2345 48 13 14 1 0.1153 0.8878 334 151
122-0-1-0.05-50-0 0 2346 27 18 25 7 0.0776 0.2181 149 226
122-0-1-0.05-50-0 0 2346 10 49 8 2 0.2533 0.1842 449 136
122-0-1-0.05-50-0 0 2346 16 44 9 7 0.2228 0.7034 149 118
122-0-1-0.05-50-0 0 2347 10 27 8 29 0.2533 0.0776 449 149
122-0-1-0.05-50-0 0 2347 44 3 7 10 0.7034 0.4813 118 321
122-0-1-0.05-50-0 0 2347 29 27 1 28 0.6728 0.0776 177 149
122-0-1-0.05-50-0 0 2348 15 3 1 9 0.7918 0.4813 149 321
122-0-1-0.05-50-0 0 2348 4 39 2 41 0.0723 0.2187 351 309
122-0-1-0.05-50-0 0 2348 39 27 40 27 0.2187 0.0776 309 149
122-0-1-0.05-50-0 0 2349 34 39 2 40 0.7448 0.2187 168 309
122-0-1-0.05-50-0 0 2349 27 2 27 2 0.0776 0.8198 149 167
122-0-1-0.05-50-0 0 2349 48 5 14 4 0.1153 0.0007 334 226
122-0-1-0.05-50-0 0 2350 39 48 41 13 0.2187 0.1153 309 334
122-0-1-0.05-50-0 0 2350 39 39 41 41 0.2187 0.2187 309 309
122-0-1-0.05-50-0 0 2350 28 39 1 40 0.3846 0.2187 311 309
122-0-1-0.05-50-0 0 2351 8 39 2 41 0.2506 0.2187 303 309
122-0-1-0.05-50-0 0 2351 3 48 8 13 0.4813 0.1153 321 334
122-0-1-0.05-50-0 0 2351 27 27 27 27 0.0776 0.0776 149 149
122-0-1-0.05-50-0 0 2352 44 10 8 10 0.7034 0.2533 118 449
122-0-1-0.05-50-0 0 2352 39 27 40 26 0.2187 0.0776 309 149
122-0-1-0.05-50-0 0 2352 29 39 1 40 0.6728 0.2187 177 309
122-0-1-0.05-50-0 0 2353 22 42 1 1 0.0160 0.7447 311 106
122-0-1-0.05-50-0 0 2353 16 39 10 40 0.2228 0.2187 149 309
122-0-1-0.05-50-0 0 2353 39 27 39 25 0.2187 0.0776 309 149
122-0-1-0.05-50-0 0 2354 10 39 10 40 0.2533 0.2187 449 309
122-0-1-0.05-50-0 0 2354 39 39 39 39 0.2187 0.2187 309 309
122-0-1-0.05-50-0 0 2354 10 27 10 25 0.2533 0.0776 449 149
122-0-1-0.05-50-0 0 2355 48 39 12 38 0.1153 0.2187 334 309
122-0-1-0.05-50-0 0 2355 10 36 10 2 0.2533 0.8162 449 165
122-0-1-0.05-50-0 0 2355 4 11 3 1 0.0723 0.0504 351 384
122-0-1-0.05-50-0 0 2356 21 39 4 36 0.4184 0.2187 158 309
122-0-1-0.05-50-0 0 2356 16 39 11 35 0.2228 0.2187 149 309
122-0-1-0.05-50-0 0 2356 17 45 5 2 0.6398 0.3816 197 173
122-0-1-0.05-50-0 0 2357 18 3 8 9 0.2181 0.4813 226 321
122-0-1-0.05-50-0 0 2357 10 16 10 12 0.2533 0.2228 449 149
122-0-1-0.05-50-0 0 2357 39 39 36 36 0.2187 0.2187 309 309
122-0-1-0.05-50-0 0 2358 48 3 12 7 0.1153 0.4813 334 321
122-0-1-0.05-50-0 0 2358 16 44 11 6 0.2228 0.7034 149 118
122-0-1-0.05-50-0 0 2358 39 16 35 11 0.2187 0.2228 309 149
122-0-1-0.05-50-0 0 2359 42 16 2 10 0.7447 0.2228 106 149
122-0-1-0.05-50-0 0 2359 39 41 36 1 0.2187 0.9621 309 105
122-0-1-0.05-50-0 0 2359 48 17 13 7 0.1153 0.6398 334 197
122-0-1-0.05-50-0 0 2360 39 48 37 11 0.2187 0.1153 309 334
122-0-1-0.05-50-0 0 2360 48 10 10 12 0.1153 0.2533 334 449
122-0-1-0.05-50-0 0 2360 44 10 6 11 0.7034 0.2533 118 449
122-0-1-0.05-50-0 0 2361 27 18 22 10 0.0776 0.2181 149 226
122-0-1-0.05-50-0 0 2361 23 48 2 11 0.1698 0.1153 476 334
122-0-1-0.05-50-0 0 2361 39 39 37 37 0.2187 0.2187 309 309
122-0-1-0.05-50-0 0 2362 29 4 2 3 0.6728 0.0723 177 351
122-0-1-0.05-50-0 0 2362 27 39 23 34 0.0776 0.2187 149 309
122-0-1-0.05-50-0 0 2362 3 44 5 6 0.4813 0.7034 321 118
122-0-1-0.05-50-0 0 2363 39 39 36 36 0.2187 0.2187 309 309
122-0-1-0.05-50-0 0 2363 21 39 6 35 0.4184 0.2187 158 309
122-0-1-0.05-50-0 0 2363 30 27 4 23 0.6008 0.0776 266 149
122-0-1-0.05-50-0 0 2364 27 27 22 22 0.0776 0.0776 149 149
122-0-1-0.05-50-0 0 2364 39 10 35 11 0.2187 0.2533 309 449
122-0-1-0.05-50-0 0 2364 17 39 5 35 0.6398 0.2187 197 309
122-0-1-0.05-50-0 0 2365 21 10 5 10 0.4184 0.2533 158 449
122-0-1-0.05-50-0 0 2365 18 21 9 5 0.2181 0.4184 226 158
122-0-1-0.05-50-0 0 2365 18 27 9 21 0.2181 0.0776 226 149
122-0-1-0.05-50-0 0 2366 27 22 20 2 0.0776 0.0160 149 311
122-0-1-0.05-50-0 0 2366 39 23 36 4 0.2187 0.1698 309 476
122-0-1-0.05-50-0 0 2366 32 18 1 11 0.6514 0.2181 215 226
122-0-1-0.05-50-0 0 2367 5 35 4 2 0.0007 0.0354 226 158
122-0-1-0.05-50-0 0 2367 18 39 11 35 0.2181 0.2187 226 309
122-0-1-0.05-50-0 0 2367 48 39 10 34 0.1153 0.2187 334 309
122-0-1-0.05-50-0 0 2368 27 39 22 32 0.0776 0.2187 149 309
122-0-1-0.05-50-0 0 2368 16 39 12 31 0.2228 0.2187 149 309
122-0-1-0.05-50-0 0 2368 8 19 2 2 0.2506 0.8072 303 134
122-0-1-0.05-50-0 0 2369 30 39 4 32 0.6008 0.2187 266 309
122-0-1-0.05-50-0 0 2369 39 27 31 22 0.2187 0.0776 309 149
122-0-1-0.05-50-0 0 2369 10 17 12 6 0.2533 0.6398 449 197
122-0-1-0.05-50-0 0 2370 44 39 4 29 0.7034 0.2187 118 309
122-0-1-0.05-50-0 0 2370 16 39 13 28 0.2228 0.2187 149 309
122-0-1-0.05-50-0 0 2370 16 5 13 3 0.2228 0.0007 149 226
122-0-1-0.05-50-0 0 2371 27 23 22 5 0.0776 0.1698 149 476
122-0-1-0.05-50-0 0 2371 39 27 27 22 0.2187 0.0776 309 149
122-0-1-0.05-50-0 0 2371 17 16 6 15 0.6398 0.2228 197 149
122-0-1-0.05-50-0 0 2372 27 23 23 4 0.0776 0.1698 149 476
122-0-1-0.05-50-0 0 2372 14 40 3 7 0.8451 0.9739 105 104
122-0-1-0.05-50-0 0 2372 8 40 2 6 0.2506 0.9739 303 104
122-0-1-0.05-50-0 0 2373 49 39 3 27 0.1842 0.2187 136 309
122-0-1-0.05-50-0 0 2373 10 17 12 5 0.2533 0.6398 449 197
122-0-1-0.05-50-0 0 2373 39 4 26 2 0.2187 0.0723 309 351
122-0-1-0.05-50-0 0 2374 39 18 28 12 0.2187 0.2181 309 226
122-0-1-0.05-50-0 0 2374 16 34 14 2 0.2228 0.7448 149 168
122-0-1-0.05-50-0 0 2374 27 8 22 2 0.0776 0.2506 149 303
122-0-1-0.05-50-0 0 2375 24 27 2 22 0.1940 0.0776 254 149
122-0-1-0.05-50-0 0 2375 39 16 27 14 0.2187 0.2228 309 149
122-0-1-0.05-50-0 0 2375 30 17 3 4 0.6008 0.6398 266 197
122-0-1-0.05-50-0 0 2376 39 10 26 15 0.2187 0.2533 309 449
122-0-1-0.05-50-0 0 2376 48 27 11 21 0.1153 0.0776 334 149
122-0-1-0.05-50-0 0 2376 39 5 26 3 0.2187 0.0007 309 226
122-0-1-0.05-50-0 0 2377 27 27 21 21 0.0776 0.0776 149 149
122-0-1-0.05-50-0 0 2377 10 39 14 27 0.2533 0.2187 449 309
122-0-1-0.05-50-0 0 2377 16 20 15 1 0.2228 0.9922 149 102
122-0-1-0.05-50-0 0 2378 27 44 21 5 0.0776 0.7034 149 118
122-0-1-0.05-50-0 0 2378 4 23 2 2 0.0723 0.1698 351 476
122-0-1-0.05-50-0 0 2378 14 16 2 15 0.8451 0.2228 105 149
122-0-1-0.05-50-0 0 2379 27 27 21 21 0.0776 0.0776 149 149
122-0-1-0.05-50-0 0 2379 16 17 14 3 0.2228 0.6398 149 197
122-0-1-0.05-50-0 0 2379 39 6 27 2 0.2187 0.4266 309 249
122-0-1-0.05-50-0 0 2380 16 21 14 7 0.2228 0.4184 149 158
122-0-1-0.05-50-0 0 2380 16 16 14 14 0.2228 0.2228 149 149
122-0-1-0.05-50-0 0 2381 39 8 27 1 0.2187 0.2506 309 303
122-0-1-0.05-50-0 0 2381 18 39 12 27 0.2181 0.2187 226 309
122-0-1-0.05-50-0 0 2382 18 14 12 3 0.2181 0.8451 226 105
122-0-1-0.05-50-0 0 2382 18 48 12 13 0.2181 0.1153 226 334
122-0-1-0.05-50-0 0 2383 39 16 27 15 0.2187 0.2228 309 149
122-0-1-0.05-50-0 0 2383 3 27 10 17 0.4813 0.0776 321 149
122-0-1-0.05-50-0 0 2383 39 6 27 1 0.2187 0.4266 309 249
122-0-1-0.05-50-0 0 2384 39 39 25 25 0.2187 0.2187 309 309
122-0-1-0.05-50-0 0 2384 16 22 14 5 0.2228 0.0160 149 311
122-0-1-0.05-50-0 0 2384 10 40 15 5 0.2533 0.9739 449 104
122-0-1-0.05-50-0 0 2385 35 40 1 4 0.0354 0.9739 158 104
122-0-1-0.05-50-0 0 2385 18 16 13 14 0.2181 0.2228 226 149
122-0-1-0.05-50-0 0 2386 3 44 11 4 0.4813 0.7034 321 118
122-0-1-0.05-50-0 0 2386 27 30 20 5 0.0776 0.6008 149 266
122-0-1-0.05-50-0 0 2386 10 3 16 11 0.2533 0.4813 449 321
122-0-1-0.05-50-0 0 2387 44 10 3 17 0.7034 0.2533 118 449
122-0-1-0.05-50-0 0 2387 44 27 3 19 0.7034 0.0776 118 149
122-0-1-0.05-50-0 0 2388 14 40 3 3 0.8451 0.9739 105 104
122-0-1-0.05-50-0 0 2388 18 16 13 13 0.2181 0.2228 226 149
122-0-1-0.05-50-0 0 2389 10 39 15 21 0.2533 0.2187 449 309
122-0-1-0.05-50-0 0 2389 3 22 10 5 0.4813 0.0160 321 311
122-0-1-0.05-50-0 0 2390 21 22 6 4 0.4184 0.0160 158 311
122-0-1-0.05-50-0 0 2390 24 41 1 1 0.1940 0.9621 254 105
122-0-1-0.05-50-0 0 2391 5 27 2 15 0.0007 0.0776 226 149
122-0-1-0.05-50-0 0 2391 39 27 19 14 0.2187 0.0776 309 149
122-0-1-0.05-50-0 0 2392 40 3 3 13 0.9739 0.4813 104 321
122-0-1-0.05-50-0 0 2392 10 16 15 14 0.2533 0.2228 449 149
122-0-1-0.05-50-0 0 2393 18 27 14 13 0.2181 0.0776 226 149
122-0-1-0.05-50-0 0 2393 10 16 14 14 0.2533 0.2228 449 149
122-0-1-0.05-50-0 0 2394 27 10 11 15 0.0776 0.2533 149 449
122-0-1-0.05-50-0 0 2394 16 16 14 14 0.2228 0.2228 149 149
122-0-1-0.05-50-0 0 2395 16 39 13 19 0.2228 0.2187 149 309
122-0-1-0.05-50-0 0 2395 39 40 18 3 0.2187 0.9739 309 104
122-0-1-0.05-50-0 0 2396 29 48 1 13 0.6728 0.1153 177 334
122-0-1-0.05-50-0 0 2396 40 39 2 18 0.9739 0.2187 104 309
122-0-1-0.05-50-0 0 2397 21 44 5 4 0.4184 0.7034 158 118
122-0-1-0.05-50-0 0 2397 16 22 13 3 0.2228 0.0160 149 311
122-0-1-0.05-50-0 0 2398 48 22 11 2 0.1153 0.0160 334 311
122-0-1-0.05-50-0 0 2398 8 21 1 5 0.2506 0.4184 303 158
122-0-1-0.05-50-0 0 2399 39 19 17 2 0.2187 0.8072 309 134
122-0-1-0.05-50-0 0 2399 6 18 1 14 0.4266 0.2181 249 226
122-0-1-0.05-50-0 0 2400 31 18 6 14 0.5626 0.2181 252 226
122-0-1-0.05-50-0 0 2400 48 39 12 15 0.1153 0.2187 334 309
122-0-1-0.05-50-0 0 2401 48 31 13 7 0.1153 0.5626 334 252
122-0-1-0.05-50-0 0 2401 27 39 13 13 0.0776 0.2187 149 309
122-0-1-0.05-50-0 0 2402 48 10 13 16 0.1153 0.2533 334 449
122-0-1-0.05-50-0 0 2402 16 27 16 13 0.2228 0.0776 149 149
122-0-1-0.05-50-0 0 2403 26 16 3 16 0.8171 0.2228 141 149
122-0-1-0.05-50-0 0 2403 4 39 3 11 0.0723 0.2187 351 309
122-0-1-0.05-50-0 0 2403 16 39 15 10 0.2228 0.2187 149 309
122-0-1-0.05-50-0 0 2404 33 48 1 12 0.6893 0.1153 191 334
122-0-1-0.05-50-0 0 2404 39 14 10 6 0.2187 0.8451 309 105
122-0-1-0.05-50-0 0 2404 10 28 16 1 0.2533 0.3846 449 311
122-0-1-0.05-50-0 0 2405 3 26 12 3 0.4813 0.8171 321 141
122-0-1-0.05-50-0 0 2405 16 27 14 14 0.2228 0.0776 149 149
122-0-1-0.05-50-0 0 2405 27 16 13 14 0.0776 0.2228 149 149
122-0-1-0.05-50-0 0 2406 48 35 10 4 0.1153 0.0354 334 158
122-0-1-0.05-50-0 0 2406 18 39 18 9 0.2181 0.2187 226 309
122-0-1-0.05-50-0 0 2406 39 21 8 4 0.2187 0.4184 309 158
122-0-1-0.05-50-0 0 2407 30 16 10 14 0.6008 0.2228 266 149
122-0-1-0.05-50-0 0 2407 14 48 5 10 0.8451 0.1153 105 334
122-0-1-0.05-50-0 0 2407 10 31 16 9 0.2533 0.5626 449 252
122-0-1-0.05-50-0 0 2408 48 33 9 1 0.1153 0.6893 334 191
122-0-1-0.05-50-0 0 2408 39 31 10 8 0.2187 0.5626 309 252
122-0-1-0.05-50-0 0 2408 30 27 10 14 0.6008 0.0776 266 149
122-0-1-0.05-50-0 0 2409 16 10 13 15 0.2228 0.2533 149 449
122-0-1-0.05-50-0 0 2409 39 48 11 9 0.2187 0.1153 309 334
122-0-1-0.05-50-0 0 2410 8 3 2 15 0.2506 0.4813 303 321
122-0-1-0.05-50-0 0 2410 21 3 1 14 0.4184 0.4813 158 321
122-0-1-0.05-50-0 0 2411 24 21 1 1 0.1940 0.4184 254 158
122-0-1-0.05-50-0 0 2411 16 3 13 13 0.2228 0.4813 149 321
122-0-1-0.05-50-0 0 2412 16 48 12 10 0.2228 0.1153 149 334
122-0-1-0.05-50-0 0 2412 27 5 13 4 0.0776 0.0007 149 226
122-0-1-0.05-50-0 0 2413 4 35 5 4 0.0723 0.0354 351 158
122-0-1-0.05-50-0 0 2413 18 14 20 4 0.2181 0.8451 226 105
122-0-1-0.05-50-0 0 2414 17 35 3 3 0.6398 0.0354 197 158
122-0-1-0.05-50-0 0 2414 18 43 21 1 0.2181 0.8316 226 123
122-0-1-0.05-50-0 0 2415 30 37 8 1 0.6008 0.8481 266 127
122-0-1-0.05-50-0 0 2415 40 39 2 11 0.9739 0.2187 104 309
122-0-1-0.05-50-0 0 2416 4 3 5 12 0.0723 0.4813 351 321
122-0-1-0.05-50-0 0 2416 30 39 8 12 0.6008 0.2187 266 309
122-0-1-0.05-50-0 0 2417 48 27 10 12 0.1153 0.0776 334 149
122-0-1-0.05-50-0 0 2417 48 17 10 3 0.1153 0.6398 334 197
122-0-1-0.05-50-0 0 2418 5 27 5 11 0.0007 0.0776 226 149
122-0-1-0.05-50-0 0 2418 16 30 16 8 0.2228 0.6008 149 266
122-0-1-0.05-50-0 0 2419 48 48 10 10 0.1153 0.1153 334 334
122-0-1-0.05-50-0 0 2419 39 3 12 10 0.2187 0.4813 309 321
122-0-1-0.05-50-0 0 2420 39 3 12 8 0.2187 0.4813 309 321
122-0-1-0.05-50-0 0 2420 18 48 20 9 0.2181 0.1153 226 334
122-0-1-0.05-50-0 0 2421 10 26 16 3 0.2533 0.8171 449 141
122-0-1-0.05-50-0 0 2421 18 31 21 5 0.2181 0.5626 226 252
122-0-1-0.05-50-0 0 2422 40 18 5 21 0.9739 0.2181 104 226
122-0-1-0.05-50-0 0 2422 45 39 4 13 0.3816 0.2187 173 309
122-0-1-0.05-50-0 0 2423 16 10 15 19 0.2228 0.2533 149 449
122-0-1-0.05-50-0 0 2423 18 4 19 4 0.2181 0.0723 226 351
122-0-1-0.05-50-0 0 2424 40 18 7 19 0.9739 0.2181 104 226
122-0-1-0.05-50-0 0 2424 18 16 18 13 0.2181 0.2228 226 149
122-0-1-0.05-50-0 0 2425 27 39 12 12 0.0776 0.2187 149 309
122-0-1-0.05-50-0 0 2425 48 39 7 11 0.1153 0.2187 334 309
122-0-1-0.05-50-0 0 2426 18 22 18 1 0.2181 0.0160 226 311
122-0-1-0.05-50-0 0 2426 8 40 3 8 0.2506 0.9739 303 104
122-0-1-0.05-50-0 0 2426 40 27 7 15 0.9739 0.0776 104 149
122-0-1-0.05-50-0 0 2427 14 39 3 11 0.8451 0.2187 105 309
122-0-1-0.05-50-0 0 2427 40 39 7 10 0.9739 0.2187 104 309
122-0-1-0.05-50-0 0 2427 39 27 9 16 0.2187 0.0776 309 149
122-0-1-0.05-50-0 0 2428 10 18 21 19 0.2533 0.2181 449 226
122-0-1-0.05-50-0 0 2428 3 48 9 6 0.4813 0.1153 321 334
122-0-1-0.05-50-0 0 2428 18 40 18 7 0.2181 0.9739 226 104
122-0-1-0.05-50-0 0 2429 27 39 16 8 0.0776 0.2187 149 309
122-0-1-0.05-50-0 0 2429 5 16 8 15 0.0007 0.2228 226 149
122-0-1-0.05-50-0 0 2429 27 48 16 5 0.0776 0.1153 149 334
122-0-1-0.05-50-0 0 2430 45 1 6 2 0.3816 0.2520 173 409
122-0-1-0.05-50-0 0 2430 26 5 2 7 0.8171 0.0007 141 226
122-0-1-0.05-50-0 0 2431 18 35 18 3 0.2181 0.0354 226 158
122-0-1-0.05-50-0 0 2431 5 3 5 9 0.0007 0.4813 226 321
122-0-1-0.05-50-0 0 2432 18 5 16 5 0.2181 0.0007 226 226
122-0-1-0.05-50-0 0 2432 27 18 16 16 0.0776 0.2181 149 226
122-0-1-0.05-50-0 0 2433 10 18 21 17 0.2533 0.2181 449 226
122-0-1-0.05-50-0 0 2433 4 45 2 7 0.0723 0.3816 351 173
122-0-1-0.05-50-0 0 2434 1 10 2 20 0.2520 0.2533 409 449
122-0-1-0.05-50-0 0 2434 27 10 18 19 0.0776 0.2533 149 449
122-0-1-0.05-50-0 0 2435 17 10 3 19 0.6398 0.2533 197 449
122-0-1-0.05-50-0 0 2435 16 27 10 19 0.2228 0.0776 149 149
122-0-1-0.05-50-0 0 2436 49 18 1 15 0.1842 0.2181 136 226
122-0-1-0.05-50-0 0 2436 14 27 4 20 0.8451 0.0776 105 149
122-0-1-0.05-50-0 0 2437 30 43 8 1 0.6008 0.8316 266 123
122-0-1-0.05-50-0 0 2437 3 16 11 10 0.4813 0.2228 321 149
122-0-1-0.05-50-0 0 2438 27 45 19 10 0.0776 0.3816 149 173
122-0-1-0.05-50-0 0 2438 30 40 8 4 0.6008 0.9739 266 104
122-0-1-0.05-50-0 0 2439 1 5 3 5 0.2520 0.0007 409 226
122-0-1-0.05-50-0 0 2439 13 27 3 21 0.8878 0.0776 151 149
122-0-1-0.05-50-0 0 2440 30 45 9 9 0.6008 0.3816 266 173
122-0-1-0.05-50-0 0 2440 9 27 1 19 0.6134 0.0776 161 149
122-0-1-0.05-50-0 0 2441 16 3 10 13 0.2228 0.4813 149 321
122-0-1-0.05-50-0 0 2441 45 36 9 1 0.3816 0.8162 173 165
122-0-1-0.05-50-0 0 2442 30 30 9 9 0.6008 0.6008 266 266
122-0-1-0.05-50-0 0 2442 27 20 19 1 0.0776 0.9922 149 102
122-0-1-0.05-50-0 0 2443 14 30 4 7 0.8451 0.6008 105 266
122-0-1-0.05-50-0 0 2443 16 3 7 12 0.2228 0.4813 149 321
122-0-1-0.05-50-0 0 2444 30 27 6 18 0.6008 0.0776 266 149
122-0-1-0.05-50-0 0 2444 10 13 17 3 0.2533 0.8878 449 151
122-0-1-0.05-50-0 0 2445 14 17 4 5 0.8451 0.6398 105 197
122-0-1-0.05-50-0 0 2445 30 45 6 10 0.6008 0.3816 266 173
122-0-1-0.05-50-0 0 2446 18 14 11 4 0.2181 0.8451 226 105
122-0-1-0.05-50-0 0 2446 18 31 11 7 0.2181 0.5626 226 252
122-0-1-0.05-50-0 0 2447 37 49 1 1 0.8481 0.1842 127 136
122-0-1-0.05-50-0 0 2447 42 14 1 3 0.7447 0.8451 106 105
122-0-1-0.05-50-0 0 2448 5 10 3 18 0.0007 0.2533 226 449
122-0-1-0.05-50-0 0 2448 27 26 18 3 0.0776 0.8171 149 141
122-0-1-0.05-50-0 0 2449 28 1 2 3 0.3846 0.2520 311 409
122-0-1-0.05-50-0 0 2449 48 22 8 1 0.1153 0.0160 334 311
122-0-1-0.05-50-0 0 2450 39 45 5 11 0.2187 0.3816 309 173
122-0-1-0.05-50-0 0 2450 31 3 6 12 0.5626 0.4813 252 321
122-0-1-0.05-50-0 0 2451 48 16 11 6 0.1153 0.2228 334 149
122-0-1-0.05-50-0 0 2451 47 27 3 19 0.9293 0.0776 103 149
122-0-1-0.05-50-0 0 2452 13 18 3 16 0.8878 0.2181 151 226
122-0-1-0.05-50-0 0 2452 45 10 11 19 0.3816 0.2533 173 449
122-0-1-0.05-50-0 0 2452 2 2 2 2 0.8198 0.8198 167 167
122-0-1-0.05-50-0 0 2453 17 10 4 17 0.6398 0.2533 197 449
122-0-1-0.05-50-0 0 2453 31 48 6 11 0.5626 0.1153 252 334
122-0-1-0.05-50-0 0 2453 16 16 5 5 0.2228 0.2228 149 149
122-0-1-0.05-50-0 0 2454 27 40 21 3 0.0776 0.9739 149 104
122-0-1-0.05-50-0 0 2454 30 24 5 2 0.6008 0.1940 266 254
122-0-1-0.05-50-0 0 2454 45 10 11 17 0.3816 0.2533 173 449
122-0-1-0.05-50-0 0 2455 27 16 19 4 0.0776 0.2228 149 149
122-0-1-0.05-50-0 0 2455 27 48 19 10 0.0776 0.1153 149 334
122-0-1-0.05-50-0 0 2456 45 18 11 15 0.3816 0.2181 173 226
122-0-1-0.05-50-0 0 2456 43 30 2 5 0.8316 0.6008 123 266
122-0-1-0.05-50-0 0 2457 46 18 6 15 0.3451 0.2181 327 226
122-0-1-0.05-50-0 0 2457 27 13 19 5 0.0776 0.8878 149 151
122-0-1-0.05-50-0 0 2458 26 28 4 9 0.8171 0.3846 141 311
122-0-1-0.05-50-0 0 2458 3 48 10 11 0.4813 0.1153 321 334
122-0-1-0.05-50-0 0 2459 27 3 18 11 0.0776 0.4813 149 321
122-0-1-0.05-50-0 0 2459 25 31 1 6 0.9430 0.5626 125 252
122-0-1-0.05-50-0 0 2460 45 18 12 14 0.3816 0.2181 173 226
122-0-1-0.05-50-0 0 2460 45 10 12 14 0.3816 0.2533 173 449
122-0-1-0.05-50-0 0 2461 3 24 8 1 0.4813 0.1940 321 254
122-0-1-0.05-50-0 0 2461 25 27 1 18 0.9430 0.0776 125 149
122-0-1-0.05-50-0 0 2462 39 48 7 8 0.2187 0.1153 309 334
122-0-1-0.05-50-0 0 2462 18 2 15 1 0.2181 0.8198 226 167
122-0-1-0.05-50-0 0 2463 31 17 5 5 0.5626 0.6398 252 197
122-0-1-0.05-50-0 0 2463 31 18 5 14 0.5626 0.2181 252 226
122-0-1-0.05-50-0 0 2464 17 10 4 13 0.6398 0.2533 197 449
122-0-1-0.05-50-0 0 2464 27 22 15 1 0.0776 0.0160 149 311
122-0-1-0.05-50-0 0 2465 45 28 13 11 0.3816 0.3846 173 311
122-0-1-0.05-50-0 0 2465 18 48 13 6 0.2181 0.1153 226 334
122-0-1-0.05-50-0 0 2466 18 30 13 5 0.2181 0.6008 226 266
122-0-1-0.05-50-0 0 2466 14 3 2 10 0.8451 0.4813 105 321
122-0-1-0.05-50-0 0 2467 30 28 5 7 0.6008 0.3846 266 311
122-0-1-0.05-50-0 0 2467 45 28 13 6 0.3816 0.3846 173 311
122-0-1-0.05-50-0 0 2468 44 10 5 13 0.7034 0.2533 118 449
122-0-1-0.05-50-0 0 2468 28 13 5 7 0.3846 0.8878 311 151
122-0-1-0.05-50-0 0 2469 35 27 1 19 0.0354 0.0776 158 149
122-0-1-0.05-50-0 0 2469 13 31 6 5 0.8878 0.5626 151 252
122-0-1-0.05-50-0 0 2469 30 31 5 4 0.6008 0.5626 266 252
122-0-1-0.05-50-0 0 2470 17 1 4 1 0.6398 0.2520 197 409
122-0-1-0.05-50-0 0 2470 28 46 5 8 0.3846 0.3451 311 327
122-0-1-0.05-50-0 0 2471 44 27 6 17 0.7034 0.0776 118 149
122-0-1-0.05-50-0 0 2471 44 31 6 3 0.7034 0.5626 118 252
122-0-1-0.05-50-0 0 2471 10 39 12 11 0.2533 0.2187 449 309
122-0-1-0.05-50-0 0 2472 10 14 12 4 0.2533 0.8451 449 105
122-0-1-0.05-50-0 0 2472 18 11 17 2 0.2181 0.0504 226 384
122-0-1-0.05-50-0 0 2472 30 10 5 12 0.6008 0.2533 266 449
122-0-1-0.05-50-0 0 2473 27 45 16 14 0.0776 0.3816 149 173
122-0-1-0.05-50-0 0 2473 3 18 14 17 0.4813 0.2181 321 226
122-0-1-0.05-50-0 0 2474 30 13 5 5 0.6008 0.8878 266 151
122-0-1-0.05-50-0 0 2474 3 16 14 2 0.4813 0.2228 321 149
122-0-1-0.05-50-0 0 2475 18 28 16 5 0.2181 0.3846 226 311
122-0-1-0.05-50-0 0 2475 17 30 4 6 0.6398 0.6008 197 266
122-0-1-0.05-50-0 0 2476 10 27 11 17 0.2533 0.0776 449 149
122-0-1-0.05-50-0 0 2476 32 18 1 16 0.6514 0.2181 215 226
122-0-1-0.05-50-0 0 2477 27 10 14 12 0.0776 0.2533 149 449
122-0-1-0.05-50-0 0 2477 45 27 10 14 0.3816 0.0776 173 149
122-0-1-0.05-50-0 0 2478 39 26 12 5 0.2187 0.8171 309 141
122-0-1-0.05-50-0 0 2478 39 42 12 2 0.2187 0.7447 309 106
122-0-1-0.05-50-0 0 2479 14 39 2 13 0.8451 0.2187 105 309
122-0-1-0.05-50-0 0 2479 39 46 12 6 0.2187 0.3451 309 327
122-0-1-0.05-50-0 0 2480 44 13 7 6 0.7034 0.8878 118 151
122-0-1-0.05-50-0 0 2480 46 10 5 13 0.3451 0.2533 327 449
122-0-1-0.05-50-0 0 2481 10 30 12 6 0.2533 0.6008 449 266
122-0-1-0.05-50-0 0 2481 13 17 5 4 0.8878 0.6398 151 197
122-0-1-0.05-50-0 0 2482 13 27 5 11 0.8878 0.0776 151 149
122-0-1-0.05-50-0 0 2482 30 39 5 12 0.6008 0.2187 266 309
122-0-1-0.05-50-0 0 2483 48 10 7 12 0.1153 0.2533 334 449
122-0-1-0.05-50-0 0 2483 27 3 10 13 0.0776 0.4813 149 321
122-0-1-0.05-50-0 0 2484 16 39 4 10 0.2228 0.2187 149 309
122-0-1-0.05-50-0 0 2484 44 10 8 12 0.7034 0.2533 118 449
122-0-1-0.05-50-0 0 2485 40 45 3 6 0.9739 0.3816 104 173
122-0-1-0.05-50-0 0 2485 10 46 12 6 0.2533 0.3451 449 327
122-0-1-0.05-50-0 0 2486 40 10 3 11 0.9739 0.2533 104 449
122-0-1-0.05-50-0 0 2486 17 32 3 4 0.6398 0.6514 197 215
122-0-1-0.05-50-0 0 2487 25 3 4 12 0.9430 0.4813 125 321
122-0-1-0.05-50-0 0 2487 39 3 10 11 0.2187 0.4813 309 321
122-0-1-0.05-50-0 0 2488 40 44 2 10 0.9739 0.7034 104 118
122-0-1-0.05-50-0 0 2488 18 18 13 13 0.2181 0.2181 226 226
122-0-1-0.05-50-0 0 2489 18 32 12 4 0.2181 0.6514 226 215
122-0-1-0.05-50-0 0 2489 39 44 10 10 0.2187 0.7034 309 118
122-0-1-0.05-50-0 0 2490 37 27 1 10 0.8481 0.0776 127 149
122-0-1-0.05-50-0 0 2490 46 10 5 11 0.3451 0.2533 327 449
122-0-1-0.05-50-0 0 2491 39 32 9 4 0.2187 0.6514 309 215
122-0-1-0.05-50-0 0 2491 3 3 8 8 0.4813 0.4813 321 321
122-0-1-0.05-50-0 0 2492 32 3 3 7 0.6514 0.4813 215 321
122-0-1-0.05-50-0 0 2492 40 46 2 5 0.9739 0.3451 104 327
122-0-1-0.05-50-0 0 2493 44 5 9 5 0.7034 0.0007 118 226
122-0-1-0.05-50-0 0 2493 45 39 5 9 0.3816 0.2187 173 309
122-0-1-0.05-50-0 0 2494 16 11 5 1 0.2228 0.0504 149 384
122-0-1-0.05-50-0 0 2494 48 44 8 10 0.1153 0.7034 334 118
122-0-1-0.05-50-0 0 2495 24 14 2 2 0.1940 0.8451 254 105
122-0-1-0.05-50-0 0 2495 17 32 5 5 0.6398 0.6514 197 215
122-0-1-0.05-50-0 0 2496 3 44 8 9 0.4813 0.7034 321 118
122-0-1-0.05-50-0 0 2496 17 39 6 8 0.6398 0.2187 197 309
122-0-1-0.05-50-0 0 2497 49 36 1 1 0.1842 0.8162 136 165
122-0-1-0.05-50-0 0 2497 17 40 7 4 0.6398 0.9739 197 104
122-0-1-0.05-50-0 0 2498 32 39 4 6 0.6514 0.2187 215 309
122-0-1-0.05-50-0 0 2498 49 6 1 1 0.1842 0.4266 136 249
122-0-1-0.05-50-0 0 2499 10 40 11 3 0.2533 0.9739 449 104
122-0-1-0.05-50-0 0 2499 48 28 7 6 0.1153 0.3846 334 311
122-0-1-0.05-50-0 0 2500 17 5 6 4 0.6398 0.0007 197 226
122-0-1-0.05-50-0 0 2500 46 10 5 11 0.3451 0.2533 327 449
