125-0-1-0.05-50-0 0 2302 38 8 13 1 0.6163 0.2506 270 303
125-0-1-0.05-50-0 0 2302 42 38 9 13 0.7447 0.6163 106 270
125-0-1-0.05-50-0 0 2303 30 38 12 12 0.6008 0.6163 266 270
125-0-1-0.05-50-0 0 2303 30 39 12 29 0.6008 0.2187 266 309
125-0-1-0.05-50-0 0 2304 39 17 28 9 0.2187 0.6398 309 197
125-0-1-0.05-50-0 0 2304 17 27 8 10 0.6398 0.0776 197 149
125-0-1-0.05-50-0 0 2305 24 28 5 13 0.1940 0.3846 254 311
125-0-1-0.05-50-0 0 2305 30 10 12 1 0.6008 0.2533 266 449
125-0-1-0.05-50-0 0 2306 27 38 9 11 0.0776 0.6163 149 270
125-0-1-0.05-50-0 0 2306 38 30 10 11 0.6163 0.6008 270 266
125-0-1-0.05-50-0 0 2307 12 39 5 28 0.1896 0.2187 325 309
125-0-1-0.05-50-0 0 2307 39 12 27 5 0.2187 0.1896 309 325
125-0-1-0.05-50-0 0 2308 42 39 12 25 0.7447 0.2187 106 309
125-0-1-0.05-50-0 0 2308 32 4 2 3 0.6514 0.0723 215 351
125-0-1-0.05-50-0 0 2309 28 28 18 18 0.3846 0.3846 311 311
125-0-1-0.05-50-0 0 2309 39 4 24 2 0.2187 0.0723 309 351
125-0-1-0.05-50-0 0 2310 39 27 25 11 0.2187 0.0776 309 149
125-0-1-0.05-50-0 0 2310 28 39 18 25 0.3846 0.2187 311 309
125-0-1-0.05-50-0 0 2311 18 30 8 10 0.2181 0.6008 226 266
125-0-1-0.05-50-0 0 2311 50 38 4 9 0.2147 0.6163 147 270
125-0-1-0.05-50-0 0 2312 7 39 8 25 0.9267 0.2187 106 309
125-0-1-0.05-50-0 0 2312 28 35 17 6 0.3846 0.0354 311 158
125-0-1-0.05-50-0 0 2313 28 38 15 8 0.3846 0.6163 311 270
125-0-1-0.05-50-0 0 2313 38 28 7 15 0.6163 0.3846 270 311
125-0-1-0.05-50-0 0 2314 28 27 15 10 0.3846 0.0776 311 149
125-0-1-0.05-50-0 0 2314 7 39 9 26 0.9267 0.2187 106 309
125-0-1-0.05-50-0 0 2315 28 39 16 26 0.3846 0.2187 311 309
125-0-1-0.05-50-0 0 2315 42 39 11 25 0.7447 0.2187 106 309
125-0-1-0.05-50-0 0 2316 24 7 6 9 0.1940 0.9267 254 106
125-0-1-0.05-50-0 0 2316 24 27 6 9 0.1940 0.0776 254 149
125-0-1-0.05-50-0 0 2317 42 30 10 7 0.7447 0.6008 106 266
125-0-1-0.05-50-0 0 2317 42 22 10 1 0.7447 0.0160 106 311
125-0-1-0.05-50-0 0 2318 44 7 5 8 0.7034 0.9267 118 106
125-0-1-0.05-50-0 0 2318 39 24 24 6 0.2187 0.1940 309 254
125-0-1-0.05-50-0 0 2318 30 18 6 10 0.6008 0.2181 266 226
125-0-1-0.05-50-0 0 2319 39 35 23 7 0.2187 0.0354 309 158
125-0-1-0.05-50-0 0 2319 28 18 22 9 0.3846 0.2181 311 226
125-0-1-0.05-50-0 0 2319 18 7 8 7 0.2181 0.9267 226 106
125-0-1-0.05-50-0 0 2320 50 38 7 10 0.2147 0.6163 147 270
125-0-1-0.05-50-0 0 2320 28 5 22 4 0.3846 0.0007 311 226
125-0-1-0.05-50-0 0 2320 35 18 8 8 0.0354 0.2181 158 226
125-0-1-0.05-50-0 0 2321 34 17 4 5 0.7448 0.6398 168 197
125-0-1-0.05-50-0 0 2321 5 30 3 7 0.0007 0.6008 226 266
125-0-1-0.05-50-0 0 2321 39 28 24 22 0.2187 0.3846 309 311
125-0-1-0.05-50-0 0 2322 35 30 11 6 0.0354 0.6008 158 266
125-0-1-0.05-50-0 0 2322 27 16 11 3 0.0776 0.2228 149 149
125-0-1-0.05-50-0 0 2322 7 34 4 4 0.9267 0.7448 106 168
125-0-1-0.05-50-0 0 2323 35 45 11 1 0.0354 0.3816 158 173
125-0-1-0.05-50-0 0 2323 28 28 20 20 0.3846 0.3846 311 311
125-0-1-0.05-50-0 0 2323 39 50 29 8 0.2187 0.2147 309 147
125-0-1-0.05-50-0 0 2324 50 38 5 12 0.2147 0.6163 147 270
125-0-1-0.05-50-0 0 2324 30 42 4 8 0.6008 0.7447 266 106
125-0-1-0.05-50-0 0 2324 26 7 1 5 0.8171 0.9267 141 106
125-0-1-0.05-50-0 0 2325 17 39 5 31 0.6398 0.2187 197 309
125-0-1-0.05-50-0 0 2325 44 28 5 19 0.7034 0.3846 118 311
125-0-1-0.05-50-0 0 2325 39 39 30 30 0.2187 0.2187 309 309
125-0-1-0.05-50-0 0 2326 35 34 12 3 0.0354 0.7448 158 168
125-0-1-0.05-50-0 0 2326 17 30 5 5 0.6398 0.6008 197 266
125-0-1-0.05-50-0 0 2326 18 39 9 30 0.2181 0.2187 226 309
125-0-1-0.05-50-0 0 2327 28 39 18 28 0.3846 0.2187 311 309
125-0-1-0.05-50-0 0 2327 35 16 13 2 0.0354 0.2228 158 149
125-0-1-0.05-50-0 0 2328 30 30 4 4 0.6008 0.6008 266 266
125-0-1-0.05-50-0 0 2328 26 38 2 12 0.8171 0.6163 141 270
125-0-1-0.05-50-0 0 2329 18 50 10 5 0.2181 0.2147 226 147
125-0-1-0.05-50-0 0 2329 39 18 27 10 0.2187 0.2181 309 226
125-0-1-0.05-50-0 0 2330 35 34 13 2 0.0354 0.7448 158 168
125-0-1-0.05-50-0 0 2330 18 38 9 11 0.2181 0.6163 226 270
125-0-1-0.05-50-0 0 2331 27 11 11 2 0.0776 0.0504 149 384
125-0-1-0.05-50-0 0 2331 23 28 4 19 0.1698 0.3846 476 311
125-0-1-0.05-50-0 0 2332 35 5 13 1 0.0354 0.0007 158 226
125-0-1-0.05-50-0 0 2332 35 12 13 1 0.0354 0.1896 158 325
125-0-1-0.05-50-0 0 2333 26 11 2 1 0.8171 0.0504 141 384
125-0-1-0.05-50-0 0 2333 42 35 9 13 0.7447 0.0354 106 158
125-0-1-0.05-50-0 0 2334 35 39 14 27 0.0354 0.2187 158 309
125-0-1-0.05-50-0 0 2334 28 26 18 3 0.3846 0.8171 311 141
125-0-1-0.05-50-0 0 2334 28 42 18 9 0.3846 0.7447 311 106
125-0-1-0.05-50-0 0 2335 26 35 2 15 0.8171 0.0354 141 158
125-0-1-0.05-50-0 0 2335 27 46 11 3 0.0776 0.3451 149 327
125-0-1-0.05-50-0 0 2335 39 18 25 11 0.2187 0.2181 309 226
125-0-1-0.05-50-0 0 2336 39 35 26 16 0.2187 0.0354 309 158
125-0-1-0.05-50-0 0 2336 38 16 12 3 0.6163 0.2228 270 149
125-0-1-0.05-50-0 0 2336 38 28 12 17 0.6163 0.3846 270 311
125-0-1-0.05-50-0 0 2337 44 27 6 10 0.7034 0.0776 118 149
125-0-1-0.05-50-0 0 2337 27 39 9 28 0.0776 0.2187 149 309
125-0-1-0.05-50-0 0 2337 35 27 14 9 0.0354 0.0776 158 149
125-0-1-0.05-50-0 0 2338 39 35 26 16 0.2187 0.0354 309 158
125-0-1-0.05-50-0 0 2338 42 38 10 15 0.7447 0.6163 106 270
125-0-1-0.05-50-0 0 2338 35 30 15 5 0.0354 0.6008 158 266
125-0-1-0.05-50-0 0 2339 50 39 4 26 0.2147 0.2187 147 309
125-0-1-0.05-50-0 0 2339 18 39 12 25 0.2181 0.2187 226 309
125-0-1-0.05-50-0 0 2339 28 27 18 11 0.3846 0.0776 311 149
125-0-1-0.05-50-0 0 2340 17 35 2 16 0.6398 0.0354 197 158
125-0-1-0.05-50-0 0 2340 35 18 15 13 0.0354 0.2181 158 226
125-0-1-0.05-50-0 0 2340 30 27 4 10 0.6008 0.0776 266 149
125-0-1-0.05-50-0 0 2341 42 30 10 4 0.7447 0.6008 106 266
125-0-1-0.05-50-0 0 2341 39 39 21 21 0.2187 0.2187 309 309
125-0-1-0.05-50-0 0 2341 27 38 9 15 0.0776 0.6163 149 270
125-0-1-0.05-50-0 0 2342 27 35 11 16 0.0776 0.0354 149 158
125-0-1-0.05-50-0 0 2342 28 28 22 22 0.3846 0.3846 311 311
125-0-1-0.05-50-0 0 2342 38 39 13 21 0.6163 0.2187 270 309
125-0-1-0.05-50-0 0 2343 28 28 20 20 0.3846 0.3846 311 311
125-0-1-0.05-50-0 0 2343 28 35 19 14 0.3846 0.0354 311 158
125-0-1-0.05-50-0 0 2343 38 10 14 7 0.6163 0.2533 270 449
125-0-1-0.05-50-0 0 2344 39 38 20 18 0.2187 0.6163 309 270
125-0-1-0.05-50-0 0 2344 18 42 12 10 0.2181 0.7447 226 106
125-0-1-0.05-50-0 0 2344 10 27 6 12 0.2533 0.0776 449 149
125-0-1-0.05-50-0 0 2345 16 24 4 5 0.2228 0.1940 149 254
125-0-1-0.05-50-0 0 2345 39 35 19 11 0.2187 0.0354 309 158
125-0-1-0.05-50-0 0 2345 21 35 6 10 0.4184 0.0354 158 158
125-0-1-0.05-50-0 0 2346 18 8 11 2 0.2181 0.2506 226 303
125-0-1-0.05-50-0 0 2346 26 44 4 5 0.8171 0.7034 141 118
125-0-1-0.05-50-0 0 2346 39 10 18 7 0.2187 0.2533 309 449
125-0-1-0.05-50-0 0 2347 42 38 9 17 0.7447 0.6163 106 270
125-0-1-0.05-50-0 0 2347 3 9 3 2 0.4813 0.6134 321 161
125-0-1-0.05-50-0 0 2347 28 42 19 9 0.3846 0.7447 311 106
125-0-1-0.05-50-0 0 2348 46 41 2 1 0.3451 0.9621 327 105
125-0-1-0.05-50-0 0 2348 28 38 20 16 0.3846 0.6163 311 270
125-0-1-0.05-50-0 0 2348 28 3 20 3 0.3846 0.4813 311 321
125-0-1-0.05-50-0 0 2349 23 25 2 4 0.1698 0.9430 476 125
125-0-1-0.05-50-0 0 2349 39 35 20 8 0.2187 0.0354 309 158
125-0-1-0.05-50-0 0 2349 38 27 16 12 0.6163 0.0776 270 149
125-0-1-0.05-50-0 0 2350 23 39 2 23 0.1698 0.2187 476 309
125-0-1-0.05-50-0 0 2350 38 30 15 4 0.6163 0.6008 270 266
125-0-1-0.05-50-0 0 2350 50 10 4 5 0.2147 0.2533 147 449
125-0-1-0.05-50-0 0 2351 38 25 18 3 0.6163 0.9430 270 125
125-0-1-0.05-50-0 0 2351 30 50 4 4 0.6008 0.2147 266 147
125-0-1-0.05-50-0 0 2351 17 39 5 22 0.6398 0.2187 197 309
125-0-1-0.05-50-0 0 2352 27 25 12 2 0.0776 0.9430 149 125
125-0-1-0.05-50-0 0 2352 28 18 20 8 0.3846 0.2181 311 226
125-0-1-0.05-50-0 0 2352 28 50 20 3 0.3846 0.2147 311 147
125-0-1-0.05-50-0 0 2353 28 10 20 2 0.3846 0.2533 311 449
125-0-1-0.05-50-0 0 2353 21 39 5 23 0.4184 0.2187 158 309
125-0-1-0.05-50-0 0 2353 26 38 5 20 0.8171 0.6163 141 270
125-0-1-0.05-50-0 0 2354 16 9 4 3 0.2228 0.6134 149 161
125-0-1-0.05-50-0 0 2354 39 39 23 23 0.2187 0.2187 309 309
125-0-1-0.05-50-0 0 2354 35 28 8 21 0.0354 0.3846 158 311
125-0-1-0.05-50-0 0 2355 32 20 1 1 0.6514 0.9922 215 102
125-0-1-0.05-50-0 0 2355 27 7 10 5 0.0776 0.9267 149 106
125-0-1-0.05-50-0 0 2355 35 30 8 4 0.0354 0.6008 158 266
125-0-1-0.05-50-0 0 2356 18 28 11 21 0.2181 0.3846 226 311
125-0-1-0.05-50-0 0 2356 35 28 8 20 0.0354 0.3846 158 311
125-0-1-0.05-50-0 0 2356 39 9 27 4 0.2187 0.6134 309 161
125-0-1-0.05-50-0 0 2357 17 28 6 20 0.6398 0.3846 197 311
125-0-1-0.05-50-0 0 2357 18 17 11 6 0.2181 0.6398 226 197
125-0-1-0.05-50-0 0 2357 28 38 19 22 0.3846 0.6163 311 270
125-0-1-0.05-50-0 0 2358 21 28 6 20 0.4184 0.3846 158 311
125-0-1-0.05-50-0 0 2358 39 38 28 19 0.2187 0.6163 309 270
125-0-1-0.05-50-0 0 2358 7 39 4 28 0.9267 0.2187 106 309
125-0-1-0.05-50-0 0 2359 24 38 5 19 0.1940 0.6163 254 270
125-0-1-0.05-50-0 0 2359 39 39 28 28 0.2187 0.2187 309 309
125-0-1-0.05-50-0 0 2359 24 7 5 4 0.1940 0.9267 254 106
125-0-1-0.05-50-0 0 2360 17 4 5 2 0.6398 0.0723 197 351
125-0-1-0.05-50-0 0 2360 38 32 18 2 0.6163 0.6514 270 215
125-0-1-0.05-50-0 0 2361 39 21 25 6 0.2187 0.4184 309 158
125-0-1-0.05-50-0 0 2361 39 26 25 4 0.2187 0.8171 309 141
125-0-1-0.05-50-0 0 2361 42 27 6 9 0.7447 0.0776 106 149
125-0-1-0.05-50-0 0 2362 8 38 3 18 0.2506 0.6163 303 270
125-0-1-0.05-50-0 0 2362 35 28 10 19 0.0354 0.3846 158 311
125-0-1-0.05-50-0 0 2362 18 21 12 5 0.2181 0.4184 226 158
125-0-1-0.05-50-0 0 2363 7 28 6 16 0.9267 0.3846 106 311
125-0-1-0.05-50-0 0 2363 28 18 15 12 0.3846 0.2181 311 226
125-0-1-0.05-50-0 0 2363 35 44 10 5 0.0354 0.7034 158 118
125-0-1-0.05-50-0 0 2364 7 28 7 15 0.9267 0.3846 106 311
125-0-1-0.05-50-0 0 2364 38 35 19 10 0.6163 0.0354 270 158
125-0-1-0.05-50-0 0 2364 7 28 7 14 0.9267 0.3846 106 311
125-0-1-0.05-50-0 0 2365 26 44 4 3 0.8171 0.7034 141 118
125-0-1-0.05-50-0 0 2365 38 38 19 19 0.6163 0.6163 270 270
125-0-1-0.05-50-0 0 2365 24 18 6 12 0.1940 0.2181 254 226
125-0-1-0.05-50-0 0 2366 26 39 3 23 0.8171 0.2187 141 309
125-0-1-0.05-50-0 0 2366 18 29 11 1 0.2181 0.6728 226 177
125-0-1-0.05-50-0 0 2366 39 38 22 17 0.2187 0.6163 309 270
125-0-1-0.05-50-0 0 2367 24 28 6 18 0.1940 0.3846 254 311
125-0-1-0.05-50-0 0 2367 18 39 11 21 0.2181 0.2187 226 309
125-0-1-0.05-50-0 0 2367 39 39 20 20 0.2187 0.2187 309 309
125-0-1-0.05-50-0 0 2368 27 38 10 17 0.0776 0.6163 149 270
125-0-1-0.05-50-0 0 2368 38 28 16 16 0.6163 0.3846 270 311
125-0-1-0.05-50-0 0 2369 17 38 7 15 0.6398 0.6163 197 270
125-0-1-0.05-50-0 0 2369 1 18 1 12 0.2520 0.2181 409 226
125-0-1-0.05-50-0 0 2370 28 28 15 15 0.3846 0.3846 311 311
125-0-1-0.05-50-0 0 2370 30 9 4 2 0.6008 0.6134 266 161
125-0-1-0.05-50-0 0 2371 24 39 6 18 0.1940 0.2187 254 309
125-0-1-0.05-50-0 0 2371 42 18 6 12 0.7447 0.2181 106 226
125-0-1-0.05-50-0 0 2372 21 17 2 5 0.4184 0.6398 158 197
125-0-1-0.05-50-0 0 2372 39 27 15 9 0.2187 0.0776 309 149
125-0-1-0.05-50-0 0 2373 38 38 14 14 0.6163 0.6163 270 270
125-0-1-0.05-50-0 0 2373 4 38 3 13 0.0723 0.6163 351 270
125-0-1-0.05-50-0 0 2374 1 2 1 1 0.2520 0.8198 409 167
125-0-1-0.05-50-0 0 2374 39 35 16 9 0.2187 0.0354 309 158
125-0-1-0.05-50-0 0 2375 39 39 16 16 0.2187 0.2187 309 309
125-0-1-0.05-50-0 0 2375 35 18 9 12 0.0354 0.2181 158 226
125-0-1-0.05-50-0 0 2376 24 28 7 14 0.1940 0.3846 254 311
125-0-1-0.05-50-0 0 2376 28 40 13 1 0.3846 0.9739 311 104
125-0-1-0.05-50-0 0 2377 18 42 11 6 0.2181 0.7447 226 106
125-0-1-0.05-50-0 0 2377 38 8 12 9 0.6163 0.2506 270 303
125-0-1-0.05-50-0 0 2378 28 35 12 10 0.3846 0.0354 311 158
125-0-1-0.05-50-0 0 2378 16 35 4 9 0.2228 0.0354 149 158
125-0-1-0.05-50-0 0 2379 4 18 4 12 0.0723 0.2181 351 226
125-0-1-0.05-50-0 0 2379 47 47 3 3 0.9293 0.9293 103 103
125-0-1-0.05-50-0 0 2380 42 28 5 12 0.7447 0.3846 106 311
125-0-1-0.05-50-0 0 2380 30 35 6 8 0.6008 0.0354 266 158
125-0-1-0.05-50-0 0 2381 28 8 11 8 0.3846 0.2506 311 303
125-0-1-0.05-50-0 0 2381 28 35 11 6 0.3846 0.0354 311 158
125-0-1-0.05-50-0 0 2382 18 28 10 11 0.2181 0.3846 226 311
125-0-1-0.05-50-0 0 2382 28 24 10 4 0.3846 0.1940 311 254
125-0-1-0.05-50-0 0 2383 45 24 4 3 0.3816 0.1940 173 254
125-0-1-0.05-50-0 0 2383 42 30 4 5 0.7447 0.6008 106 266
125-0-1-0.05-50-0 0 2384 27 38 7 13 0.0776 0.6163 149 270
125-0-1-0.05-50-0 0 2384 30 28 4 9 0.6008 0.3846 266 311
125-0-1-0.05-50-0 0 2385 27 39 7 18 0.0776 0.2187 149 309
125-0-1-0.05-50-0 0 2385 44 39 5 17 0.7034 0.2187 118 309
125-0-1-0.05-50-0 0 2386 8 27 10 8 0.2506 0.0776 303 149
125-0-1-0.05-50-0 0 2386 39 45 17 4 0.2187 0.3816 309 173
125-0-1-0.05-50-0 0 2387 24 8 2 12 0.1940 0.2506 254 303
125-0-1-0.05-50-0 0 2387 18 38 11 14 0.2181 0.6163 226 270
125-0-1-0.05-50-0 0 2388 4 1 7 2 0.0723 0.2520 351 409
125-0-1-0.05-50-0 0 2388 44 4 4 7 0.7034 0.0723 118 351
125-0-1-0.05-50-0 0 2389 42 8 3 12 0.7447 0.2506 106 303
125-0-1-0.05-50-0 0 2389 39 35 17 6 0.2187 0.0354 309 158
125-0-1-0.05-50-0 0 2390 38 8 15 11 0.6163 0.2506 270 303
125-0-1-0.05-50-0 0 2390 30 16 4 6 0.6008 0.2228 266 149
125-0-1-0.05-50-0 0 2391 27 38 4 15 0.0776 0.6163 149 270
125-0-1-0.05-50-0 0 2391 30 17 4 4 0.6008 0.6398 266 197
125-0-1-0.05-50-0 0 2392 18 28 10 10 0.2181 0.3846 226 311
125-0-1-0.05-50-0 0 2392 8 26 9 1 0.2506 0.8171 303 141
125-0-1-0.05-50-0 0 2393 5 30 9 5 0.0007 0.6008 226 266
125-0-1-0.05-50-0 0 2393 4 18 7 10 0.0723 0.2181 351 226
125-0-1-0.05-50-0 0 2394 39 7 23 6 0.2187 0.9267 309 106
125-0-1-0.05-50-0 0 2394 39 28 23 9 0.2187 0.3846 309 311
125-0-1-0.05-50-0 0 2395 7 13 6 1 0.9267 0.8878 106 151
125-0-1-0.05-50-0 0 2395 39 17 24 3 0.2187 0.6398 309 197
125-0-1-0.05-50-0 0 2396 38 30 14 6 0.6163 0.6008 270 266
125-0-1-0.05-50-0 0 2396 47 39 3 27 0.9293 0.2187 103 309
125-0-1-0.05-50-0 0 2396 38 38 14 14 0.6163 0.6163 270 270
125-0-1-0.05-50-0 0 2397 45 38 2 13 0.3816 0.6163 173 270
125-0-1-0.05-50-0 0 2397 4 25 5 3 0.0723 0.9430 351 125
125-0-1-0.05-50-0 0 2398 39 27 22 4 0.2187 0.0776 309 149
125-0-1-0.05-50-0 0 2398 8 11 12 1 0.2506 0.0504 303 384
125-0-1-0.05-50-0 0 2399 50 8 1 11 0.2147 0.2506 147 303
125-0-1-0.05-50-0 0 2399 8 30 10 6 0.2506 0.6008 303 266
125-0-1-0.05-50-0 0 2400 7 32 4 5 0.9267 0.6514 106 215
125-0-1-0.05-50-0 0 2400 38 34 12 3 0.6163 0.7448 270 168
125-0-1-0.05-50-0 0 2401 28 27 8 3 0.3846 0.0776 311 149
125-0-1-0.05-50-0 0 2401 28 18 8 9 0.3846 0.2181 311 226
125-0-1-0.05-50-0 0 2402 28 38 9 10 0.3846 0.6163 311 270
125-0-1-0.05-50-0 0 2402 39 6 24 1 0.2187 0.4266 309 249
125-0-1-0.05-50-0 0 2403 8 18 11 9 0.2506 0.2181 303 226
125-0-1-0.05-50-0 0 2403 38 38 10 10 0.6163 0.6163 270 270
125-0-1-0.05-50-0 0 2404 32 8 5 12 0.6514 0.2506 215 303
125-0-1-0.05-50-0 0 2404 39 39 22 22 0.2187 0.2187 309 309
125-0-1-0.05-50-0 0 2405 7 30 5 5 0.9267 0.6008 106 266
125-0-1-0.05-50-0 0 2405 27 30 2 4 0.0776 0.6008 149 266
125-0-1-0.05-50-0 0 2406 39 18 21 5 0.2187 0.2181 309 226
125-0-1-0.05-50-0 0 2406 35 39 8 21 0.0354 0.2187 158 309
125-0-1-0.05-50-0 0 2407 28 34 8 2 0.3846 0.7448 311 168
125-0-1-0.05-50-0 0 2407 35 4 9 5 0.0354 0.0723 158 351
125-0-1-0.05-50-0 0 2408 5 39 7 19 0.0007 0.2187 226 309
125-0-1-0.05-50-0 0 2408 38 35 14 9 0.6163 0.0354 270 158
125-0-1-0.05-50-0 0 2409 38 45 15 3 0.6163 0.3816 270 173
125-0-1-0.05-50-0 0 2409 30 35 5 8 0.6008 0.0354 266 158
125-0-1-0.05-50-0 0 2410 16 10 7 2 0.2228 0.2533 149 449
125-0-1-0.05-50-0 0 2410 30 38 5 17 0.6008 0.6163 266 270
125-0-1-0.05-50-0 0 2411 38 4 19 4 0.6163 0.0723 270 351
125-0-1-0.05-50-0 0 2411 45 29 3 2 0.3816 0.6728 173 177
125-0-1-0.05-50-0 0 2412 39 30 20 6 0.2187 0.6008 309 266
125-0-1-0.05-50-0 0 2412 39 22 20 3 0.2187 0.0160 309 311
125-0-1-0.05-50-0 0 2413 5 38 10 20 0.0007 0.6163 226 270
125-0-1-0.05-50-0 0 2413 7 35 7 6 0.9267 0.0354 106 158
125-0-1-0.05-50-0 0 2414 8 39 13 17 0.2506 0.2187 303 309
125-0-1-0.05-50-0 0 2414 39 5 16 10 0.2187 0.0007 309 226
125-0-1-0.05-50-0 0 2415 18 38 4 18 0.2181 0.6163 226 270
125-0-1-0.05-50-0 0 2415 10 4 2 3 0.2533 0.0723 449 351
125-0-1-0.05-50-0 0 2416 38 25 17 3 0.6163 0.9430 270 125
125-0-1-0.05-50-0 0 2416 32 17 5 2 0.6514 0.6398 215 197
125-0-1-0.05-50-0 0 2417 18 38 2 16 0.2181 0.6163 226 270
125-0-1-0.05-50-0 0 2417 5 38 9 15 0.0007 0.6163 226 270
125-0-1-0.05-50-0 0 2418 4 32 1 5 0.0723 0.6514 351 215
125-0-1-0.05-50-0 0 2418 35 9 4 2 0.0354 0.6134 158 161
125-0-1-0.05-50-0 0 2419 34 35 2 5 0.7448 0.0354 168 158
125-0-1-0.05-50-0 0 2419 39 5 16 9 0.2187 0.0007 309 226
125-0-1-0.05-50-0 0 2420 16 39 7 17 0.2228 0.2187 149 309
125-0-1-0.05-50-0 0 2420 29 45 1 2 0.6728 0.3816 177 173
125-0-1-0.05-50-0 0 2421 37 39 1 19 0.8481 0.2187 127 309
125-0-1-0.05-50-0 0 2421 44 5 7 7 0.7034 0.0007 118 226
125-0-1-0.05-50-0 0 2422 8 39 17 18 0.2506 0.2187 303 309
125-0-1-0.05-50-0 0 2422 39 27 17 2 0.2187 0.0776 309 149
125-0-1-0.05-50-0 0 2423 8 38 20 15 0.2506 0.6163 303 270
125-0-1-0.05-50-0 0 2423 44 43 9 2 0.7034 0.8316 118 123
125-0-1-0.05-50-0 0 2424 4 8 1 21 0.0723 0.2506 351 303
125-0-1-0.05-50-0 0 2424 16 10 7 1 0.2228 0.2533 149 449
125-0-1-0.05-50-0 0 2425 39 5 20 6 0.2187 0.0007 309 226
125-0-1-0.05-50-0 0 2425 5 9 5 1 0.0007 0.6134 226 161
125-0-1-0.05-50-0 0 2426 48 8 1 20 0.1153 0.2506 334 303
125-0-1-0.05-50-0 0 2426 8 46 19 1 0.2506 0.3451 303 327
125-0-1-0.05-50-0 0 2427 29 16 2 8 0.6728 0.2228 177 149
125-0-1-0.05-50-0 0 2427 39 34 19 2 0.2187 0.7448 309 168
125-0-1-0.05-50-0 0 2428 8 39 21 18 0.2506 0.2187 303 309
125-0-1-0.05-50-0 0 2428 16 38 7 15 0.2228 0.6163 149 270
125-0-1-0.05-50-0 0 2429 1 39 2 16 0.2520 0.2187 409 309
125-0-1-0.05-50-0 0 2429 8 16 22 7 0.2506 0.2228 303 149
125-0-1-0.05-50-0 0 2430 44 21 3 1 0.7034 0.4184 118 158
125-0-1-0.05-50-0 0 2430 7 37 5 2 0.9267 0.8481 106 127
125-0-1-0.05-50-0 0 2431 34 38 1 16 0.7448 0.6163 168 270
125-0-1-0.05-50-0 0 2431 39 1 16 2 0.2187 0.2520 309 409
125-0-1-0.05-50-0 0 2432 25 7 2 3 0.9430 0.9267 125 106
125-0-1-0.05-50-0 0 2432 39 16 14 6 0.2187 0.2228 309 149
125-0-1-0.05-50-0 0 2433 34 12 1 1 0.7448 0.1896 168 325
125-0-1-0.05-50-0 0 2433 32 39 4 13 0.6514 0.2187 215 309
125-0-1-0.05-50-0 0 2434 5 5 8 8 0.0007 0.0007 226 226
125-0-1-0.05-50-0 0 2434 38 28 16 7 0.6163 0.3846 270 311
125-0-1-0.05-50-0 0 2435 19 8 1 19 0.8072 0.2506 134 303
125-0-1-0.05-50-0 0 2435 28 5 7 9 0.3846 0.0007 311 226
125-0-1-0.05-50-0 0 2436 7 44 3 4 0.9267 0.7034 106 118
125-0-1-0.05-50-0 0 2436 22 39 4 15 0.0160 0.2187 311 309
125-0-1-0.05-50-0 0 2437 39 34 15 2 0.2187 0.7448 309 168
125-0-1-0.05-50-0 0 2437 5 5 7 7 0.0007 0.0007 226 226
125-0-1-0.05-50-0 0 2438 22 4 4 2 0.0160 0.0723 311 351
125-0-1-0.05-50-0 0 2438 47 38 4 18 0.9293 0.6163 103 270
125-0-1-0.05-50-0 0 2439 38 38 18 18 0.6163 0.6163 270 270
125-0-1-0.05-50-0 0 2439 35 19 3 2 0.0354 0.8072 158 134
125-0-1-0.05-50-0 0 2440 7 38 3 17 0.9267 0.6163 106 270
125-0-1-0.05-50-0 0 2440 29 8 2 15 0.6728 0.2506 177 303
125-0-1-0.05-50-0 0 2441 8 38 14 17 0.2506 0.6163 303 270
125-0-1-0.05-50-0 0 2441 30 32 1 5 0.6008 0.6514 266 215
125-0-1-0.05-50-0 0 2442 38 28 15 7 0.6163 0.3846 270 311
125-0-1-0.05-50-0 0 2442 28 8 6 16 0.3846 0.2506 311 303
125-0-1-0.05-50-0 0 2443 8 22 15 4 0.2506 0.0160 303 311
125-0-1-0.05-50-0 0 2443 30 5 2 8 0.6008 0.0007 266 226
125-0-1-0.05-50-0 0 2444 46 16 1 8 0.3451 0.2228 327 149
125-0-1-0.05-50-0 0 2444 16 16 7 7 0.2228 0.2228 149 149
125-0-1-0.05-50-0 0 2445 6 39 1 18 0.4266 0.2187 249 309
125-0-1-0.05-50-0 0 2445 35 5 4 8 0.0354 0.0007 158 226
125-0-1-0.05-50-0 0 2446 39 7 18 6 0.2187 0.9267 309 106
125-0-1-0.05-50-0 0 2446 38 7 14 5 0.6163 0.9267 270 106
125-0-1-0.05-50-0 0 2447 8 41 16 7 0.2506 0.9621 303 105
125-0-1-0.05-50-0 0 2447 38 28 14 6 0.6163 0.3846 270 311
125-0-1-0.05-50-0 0 2448 4 39 2 18 0.0723 0.2187 351 309
125-0-1-0.05-50-0 0 2448 39 32 17 4 0.2187 0.6514 309 215
125-0-1-0.05-50-0 0 2449 39 21 19 1 0.2187 0.4184 309 158
125-0-1-0.05-50-0 0 2449 8 16 16 5 0.2506 0.2228 303 149
125-0-1-0.05-50-0 0 2450 28 8 5 16 0.3846 0.2506 311 303
125-0-1-0.05-50-0 0 2450 39 39 17 17 0.2187 0.2187 309 309
125-0-1-0.05-50-0 0 2451 7 39 6 19 0.9267 0.2187 106 309
125-0-1-0.05-50-0 0 2451 16 8 4 15 0.2228 0.2506 149 303
125-0-1-0.05-50-0 0 2452 44 38 3 15 0.7034 0.6163 118 270
125-0-1-0.05-50-0 0 2452 33 28 5 4 0.6893 0.3846 191 311
125-0-1-0.05-50-0 0 2453 25 28 5 4 0.9430 0.3846 125 311
125-0-1-0.05-50-0 0 2453 29 22 4 3 0.6728 0.0160 177 311
125-0-1-0.05-50-0 0 2454 1 47 5 3 0.2520 0.9293 409 103
125-0-1-0.05-50-0 0 2454 41 39 6 20 0.9621 0.2187 105 309
125-0-1-0.05-50-0 0 2455 5 33 7 4 0.0007 0.6893 226 191
125-0-1-0.05-50-0 0 2455 39 41 18 7 0.2187 0.9621 309 105
125-0-1-0.05-50-0 0 2456 39 38 19 11 0.2187 0.6163 309 270
125-0-1-0.05-50-0 0 2456 27 22 1 3 0.0776 0.0160 149 311
125-0-1-0.05-50-0 0 2457 39 5 21 7 0.2187 0.0007 309 226
125-0-1-0.05-50-0 0 2457 38 38 10 10 0.6163 0.6163 270 270
125-0-1-0.05-50-0 0 2458 38 8 10 13 0.6163 0.2506 270 303
125-0-1-0.05-50-0 0 2458 39 19 21 3 0.2187 0.8072 309 134
125-0-1-0.05-50-0 0 2459 41 8 6 13 0.9621 0.2506 105 303
125-0-1-0.05-50-0 0 2459 41 33 6 2 0.9621 0.6893 105 191
125-0-1-0.05-50-0 0 2460 38 39 10 19 0.6163 0.2187 270 309
125-0-1-0.05-50-0 0 2460 7 31 3 2 0.9267 0.5626 106 252
125-0-1-0.05-50-0 0 2461 25 8 4 13 0.9430 0.2506 125 303
125-0-1-0.05-50-0 0 2461 27 41 1 8 0.0776 0.9621 149 105
125-0-1-0.05-50-0 0 2462 38 42 10 3 0.6163 0.7447 270 106
125-0-1-0.05-50-0 0 2462 35 25 4 5 0.0354 0.9430 158 125
125-0-1-0.05-50-0 0 2463 38 35 10 4 0.6163 0.0354 270 158
125-0-1-0.05-50-0 0 2463 15 5 2 6 0.7918 0.0007 149 226
125-0-1-0.05-50-0 0 2464 39 8 17 10 0.2187 0.2506 309 303
125-0-1-0.05-50-0 0 2464 13 28 5 4 0.8878 0.3846 151 311
125-0-1-0.05-50-0 0 2465 3 38 2 10 0.4813 0.6163 321 270
125-0-1-0.05-50-0 0 2465 8 38 9 9 0.2506 0.6163 303 270
125-0-1-0.05-50-0 0 2466 17 32 2 3 0.6398 0.6514 197 215
125-0-1-0.05-50-0 0 2466 8 42 9 2 0.2506 0.7447 303 106
125-0-1-0.05-50-0 0 2467 13 2 4 1 0.8878 0.8198 151 167
125-0-1-0.05-50-0 0 2467 8 48 9 2 0.2506 0.1153 303 334
125-0-1-0.05-50-0 0 2468 28 13 3 3 0.3846 0.8878 311 151
125-0-1-0.05-50-0 0 2468 3 14 2 1 0.4813 0.8451 321 105
125-0-1-0.05-50-0 0 2469 42 38 2 10 0.7447 0.6163 106 270
125-0-1-0.05-50-0 0 2469 13 41 2 8 0.8878 0.9621 151 105
125-0-1-0.05-50-0 0 2470 5 19 6 2 0.0007 0.8072 226 134
125-0-1-0.05-50-0 0 2470 41 22 8 3 0.9621 0.0160 105 311
125-0-1-0.05-50-0 0 2471 1 38 9 8 0.2520 0.6163 409 270
125-0-1-0.05-50-0 0 2471 41 11 8 1 0.9621 0.0504 105 384
125-0-1-0.05-50-0 0 2472 6 16 1 5 0.4266 0.2228 249 149
125-0-1-0.05-50-0 0 2472 25 1 5 9 0.9430 0.2520 125 409
125-0-1-0.05-50-0 0 2473 44 34 4 2 0.7034 0.7448 118 168
125-0-1-0.05-50-0 0 2473 41 8 8 10 0.9621 0.2506 105 303
125-0-1-0.05-50-0 0 2474 38 13 9 3 0.6163 0.8878 270 151
125-0-1-0.05-50-0 0 2474 8 13 9 2 0.2506 0.8878 303 151
125-0-1-0.05-50-0 0 2475 38 28 9 2 0.6163 0.3846 270 311
125-0-1-0.05-50-0 0 2475 27 5 2 6 0.0776 0.0007 149 226
125-0-1-0.05-50-0 0 2476 44 10 5 1 0.7034 0.2533 118 449
125-0-1-0.05-50-0 0 2476 41 8 9 8 0.9621 0.2506 105 303
125-0-1-0.05-50-0 0 2477 7 16 5 4 0.9267 0.2228 106 149
125-0-1-0.05-50-0 0 2477 38 27 7 2 0.6163 0.0776 270 149
125-0-1-0.05-50-0 0 2478 41 41 8 8 0.9621 0.9621 105 105
125-0-1-0.05-50-0 0 2478 16 30 3 6 0.2228 0.6008 149 266
125-0-1-0.05-50-0 0 2479 28 5 2 6 0.3846 0.0007 311 226
125-0-1-0.05-50-0 0 2479 35 38 3 7 0.0354 0.6163 158 270
125-0-1-0.05-50-0 0 2480 1 42 12 4 0.2520 0.7447 409 106
125-0-1-0.05-50-0 0 2480 9 16 1 2 0.6134 0.2228 161 149
125-0-1-0.05-50-0 0 2481 45 5 1 6 0.3816 0.0007 173 226
125-0-1-0.05-50-0 0 2481 25 8 9 6 0.9430 0.2506 125 303
125-0-1-0.05-50-0 0 2482 39 38 12 6 0.2187 0.6163 309 270
125-0-1-0.05-50-0 0 2482 30 32 6 5 0.6008 0.6514 266 215
125-0-1-0.05-50-0 0 2483 39 5 14 6 0.2187 0.0007 309 226
125-0-1-0.05-50-0 0 2483 44 35 7 4 0.7034 0.0354 118 158
125-0-1-0.05-50-0 0 2484 41 44 7 8 0.9621 0.7034 105 118
125-0-1-0.05-50-0 0 2484 7 1 5 11 0.9267 0.2520 106 409
125-0-1-0.05-50-0 0 2485 1 25 10 8 0.2520 0.9430 409 125
125-0-1-0.05-50-0 0 2485 30 7 5 5 0.6008 0.9267 266 106
125-0-1-0.05-50-0 0 2486 7 44 4 7 0.9267 0.7034 106 118
125-0-1-0.05-50-0 0 2486 1 1 10 10 0.2520 0.2520 409 409
125-0-1-0.05-50-0 0 2487 44 35 6 4 0.7034 0.0354 118 158
125-0-1-0.05-50-0 0 2487 25 39 6 14 0.9430 0.2187 125 309
125-0-1-0.05-50-0 0 2488 1 12 9 1 0.2520 0.1896 409 325
125-0-1-0.05-50-0 0 2488 42 17 5 2 0.7447 0.6398 106 197
125-0-1-0.05-50-0 0 2489 15 15 4 4 0.7918 0.7918 149 149
125-0-1-0.05-50-0 0 2489 42 18 5 1 0.7447 0.2181 106 226
125-0-1-0.05-50-0 0 2490 34 44 4 6 0.7448 0.7034 168 118
125-0-1-0.05-50-0 0 2490 7 38 4 5 0.9267 0.6163 106 270
125-0-1-0.05-50-0 0 2491 39 39 12 12 0.2187 0.2187 309 309
125-0-1-0.05-50-0 0 2491 34 48 4 2 0.7448 0.1153 168 334
125-0-1-0.05-50-0 0 2492 7 5 4 6 0.9267 0.0007 106 226
125-0-1-0.05-50-0 0 2492 34 42 4 3 0.7448 0.7447 168 106
125-0-1-0.05-50-0 0 2493 1 38 9 4 0.2520 0.6163 409 270
125-0-1-0.05-50-0 0 2493 39 15 10 3 0.2187 0.7918 309 149
125-0-1-0.05-50-0 0 2494 16 5 2 6 0.2228 0.0007 149 226
125-0-1-0.05-50-0 0 2494 5 31 5 1 0.0007 0.5626 226 252
125-0-1-0.05-50-0 0 2495 39 41 10 8 0.2187 0.9621 309 105
125-0-1-0.05-50-0 0 2495 35 39 2 10 0.0354 0.2187 158 309
125-0-1-0.05-50-0 0 2496 1 1 11 11 0.2520 0.2520 409 409
125-0-1-0.05-50-0 0 2496 1 19 10 1 0.2520 0.8072 409 134
125-0-1-0.05-50-0 0 2497 1 1 10 10 0.2520 0.2520 409 409
125-0-1-0.05-50-0 0 2497 16 45 2 1 0.2228 0.3816 149 173
125-0-1-0.05-50-0 0 2498 8 45 8 1 0.2506 0.3816 303 173
125-0-1-0.05-50-0 0 2498 39 22 9 2 0.2187 0.0160 309 311
125-0-1-0.05-50-0 0 2499 25 25 9 9 0.9430 0.9430 125 125
125-0-1-0.05-50-0 0 2499 46 39 1 10 0.3451 0.2187 327 309
125-0-1-0.05-50-0 0 2500 42 30 5 5 0.7447 0.6008 106 266
125-0-1-0.05-50-0 0 2500 1 42 11 5 0.2520 0.7447 409 106
