127-0-1-0.05-50-0 0 2302 23 26 20 8 0.1698 0.8171 476 141
127-0-1-0.05-50-0 0 2302 11 5 2 19 0.0504 0.0007 384 226
127-0-1-0.05-50-0 0 2302 36 4 10 13 0.8162 0.0723 165 351
127-0-1-0.05-50-0 0 2303 50 27 4 12 0.2147 0.0776 147 149
127-0-1-0.05-50-0 0 2303 44 22 1 2 0.7034 0.0160 118 311
127-0-1-0.05-50-0 0 2303 19 39 7 3 0.8072 0.2187 134 309
127-0-1-0.05-50-0 0 2304 23 2 20 2 0.1698 0.8198 476 167
127-0-1-0.05-50-0 0 2304 45 4 4 12 0.3816 0.0723 173 351
127-0-1-0.05-50-0 0 2304 36 5 10 20 0.8162 0.0007 165 226
127-0-1-0.05-50-0 0 2305 18 14 8 4 0.2181 0.8451 226 105
127-0-1-0.05-50-0 0 2305 23 1 21 3 0.1698 0.2520 476 409
127-0-1-0.05-50-0 0 2305 18 26 8 6 0.2181 0.8171 226 141
127-0-1-0.05-50-0 0 2306 14 23 3 21 0.8451 0.1698 105 476
127-0-1-0.05-50-0 0 2306 23 13 20 7 0.1698 0.8878 476 151
127-0-1-0.05-50-0 0 2306 32 15 3 3 0.6514 0.7918 215 149
127-0-1-0.05-50-0 0 2307 27 15 17 2 0.0776 0.7918 149 149
127-0-1-0.05-50-0 0 2307 5 15 21 1 0.0007 0.7918 226 149
127-0-1-0.05-50-0 0 2307 38 5 3 21 0.6163 0.0007 270 226
127-0-1-0.05-50-0 0 2308 36 45 10 5 0.8162 0.3816 165 173
127-0-1-0.05-50-0 0 2308 14 38 3 3 0.8451 0.6163 105 270
127-0-1-0.05-50-0 0 2308 31 50 1 4 0.5626 0.2147 252 147
127-0-1-0.05-50-0 0 2309 33 48 7 1 0.6893 0.1153 191 334
127-0-1-0.05-50-0 0 2309 33 31 7 1 0.6893 0.5626 191 252
127-0-1-0.05-50-0 0 2309 18 44 10 1 0.2181 0.7034 226 118
127-0-1-0.05-50-0 0 2310 14 21 5 4 0.8451 0.4184 105 158
127-0-1-0.05-50-0 0 2310 36 45 9 3 0.8162 0.3816 165 173
127-0-1-0.05-50-0 0 2310 27 5 17 20 0.0776 0.0007 149 226
127-0-1-0.05-50-0 0 2311 13 23 6 22 0.8878 0.1698 151 476
127-0-1-0.05-50-0 0 2311 23 27 21 20 0.1698 0.0776 476 149
127-0-1-0.05-50-0 0 2311 27 46 19 2 0.0776 0.3451 149 327
127-0-1-0.05-50-0 0 2312 5 5 20 20 0.0007 0.0007 226 226
127-0-1-0.05-50-0 0 2312 27 4 19 17 0.0776 0.0723 149 351
127-0-1-0.05-50-0 0 2312 27 19 19 10 0.0776 0.8072 149 134
127-0-1-0.05-50-0 0 2313 5 23 19 21 0.0007 0.1698 226 476
127-0-1-0.05-50-0 0 2313 4 43 17 2 0.0723 0.8316 351 123
127-0-1-0.05-50-0 0 2313 14 4 7 17 0.8451 0.0723 105 351
127-0-1-0.05-50-0 0 2314 19 38 10 1 0.8072 0.6163 134 270
127-0-1-0.05-50-0 0 2314 4 35 17 1 0.0723 0.0354 351 158
127-0-1-0.05-50-0 0 2314 5 19 19 10 0.0007 0.8072 226 134
127-0-1-0.05-50-0 0 2315 36 27 8 22 0.8162 0.0776 165 149
127-0-1-0.05-50-0 0 2315 5 45 20 2 0.0007 0.3816 226 173
127-0-1-0.05-50-0 0 2315 14 26 10 4 0.8451 0.8171 105 141
127-0-1-0.05-50-0 0 2316 36 14 9 10 0.8162 0.8451 165 105
127-0-1-0.05-50-0 0 2316 27 23 21 19 0.0776 0.1698 149 476
127-0-1-0.05-50-0 0 2316 36 18 9 9 0.8162 0.2181 165 226
127-0-1-0.05-50-0 0 2317 36 5 10 22 0.8162 0.0007 165 226
127-0-1-0.05-50-0 0 2317 45 33 2 4 0.3816 0.6893 173 191
127-0-1-0.05-50-0 0 2317 4 5 12 21 0.0723 0.0007 351 226
127-0-1-0.05-50-0 0 2318 45 27 2 19 0.3816 0.0776 173 149
127-0-1-0.05-50-0 0 2318 27 23 18 16 0.0776 0.1698 149 476
127-0-1-0.05-50-0 0 2318 23 13 15 5 0.1698 0.8878 476 151
127-0-1-0.05-50-0 0 2319 19 23 15 16 0.8072 0.1698 134 476
127-0-1-0.05-50-0 0 2319 19 2 15 3 0.8072 0.8198 134 167
127-0-1-0.05-50-0 0 2319 23 4 15 13 0.1698 0.0723 476 351
127-0-1-0.05-50-0 0 2320 5 33 21 2 0.0007 0.6893 226 191
127-0-1-0.05-50-0 0 2320 2 14 3 12 0.8198 0.8451 167 105
127-0-1-0.05-50-0 0 2320 27 19 20 15 0.0776 0.8072 149 134
127-0-1-0.05-50-0 0 2321 23 36 15 10 0.1698 0.8162 476 165
127-0-1-0.05-50-0 0 2321 23 36 15 9 0.1698 0.8162 476 165
127-0-1-0.05-50-0 0 2321 5 50 21 1 0.0007 0.2147 226 147
127-0-1-0.05-50-0 0 2322 5 19 21 14 0.0007 0.8072 226 134
127-0-1-0.05-50-0 0 2322 19 4 13 10 0.8072 0.0723 134 351
127-0-1-0.05-50-0 0 2322 5 5 21 21 0.0007 0.0007 226 226
127-0-1-0.05-50-0 0 2323 5 4 20 10 0.0007 0.0723 226 351
127-0-1-0.05-50-0 0 2323 19 14 13 11 0.8072 0.8451 134 105
127-0-1-0.05-50-0 0 2323 27 1 23 5 0.0776 0.2520 149 409
127-0-1-0.05-50-0 0 2324 41 26 4 4 0.9621 0.8171 105 141
127-0-1-0.05-50-0 0 2324 27 5 22 23 0.0776 0.0007 149 226
127-0-1-0.05-50-0 0 2324 36 23 7 15 0.8162 0.1698 165 476
127-0-1-0.05-50-0 0 2325 27 32 22 6 0.0776 0.6514 149 215
127-0-1-0.05-50-0 0 2325 28 19 1 15 0.3846 0.8072 311 134
127-0-1-0.05-50-0 0 2325 27 5 22 21 0.0776 0.0007 149 226
127-0-1-0.05-50-0 0 2326 43 27 2 23 0.8316 0.0776 123 149
127-0-1-0.05-50-0 0 2326 5 41 22 5 0.0007 0.9621 226 105
127-0-1-0.05-50-0 0 2326 45 19 2 14 0.3816 0.8072 173 134
127-0-1-0.05-50-0 0 2327 21 36 5 6 0.4184 0.8162 158 165
127-0-1-0.05-50-0 0 2327 8 34 1 2 0.2506 0.7448 303 168
127-0-1-0.05-50-0 0 2327 32 23 6 18 0.6514 0.1698 215 476
127-0-1-0.05-50-0 0 2328 19 13 14 6 0.8072 0.8878 134 151
127-0-1-0.05-50-0 0 2328 4 4 10 10 0.0723 0.0723 351 351
127-0-1-0.05-50-0 0 2328 4 27 9 19 0.0723 0.0776 351 149
127-0-1-0.05-50-0 0 2329 2 5 2 22 0.8198 0.0007 167 226
127-0-1-0.05-50-0 0 2329 4 5 9 21 0.0723 0.0007 351 226
127-0-1-0.05-50-0 0 2329 45 4 3 9 0.3816 0.0723 173 351
127-0-1-0.05-50-0 0 2330 23 4 18 8 0.1698 0.0723 476 351
127-0-1-0.05-50-0 0 2330 13 27 5 17 0.8878 0.0776 151 149
127-0-1-0.05-50-0 0 2330 19 19 16 16 0.8072 0.8072 134 134
127-0-1-0.05-50-0 0 2331 27 5 17 21 0.0776 0.0007 149 226
127-0-1-0.05-50-0 0 2331 36 36 5 5 0.8162 0.8162 165 165
127-0-1-0.05-50-0 0 2331 27 14 17 9 0.0776 0.8451 149 105
127-0-1-0.05-50-0 0 2332 5 21 21 7 0.0007 0.4184 226 158
127-0-1-0.05-50-0 0 2332 23 26 17 3 0.1698 0.8171 476 141
127-0-1-0.05-50-0 0 2332 27 19 18 15 0.0776 0.8072 149 134
127-0-1-0.05-50-0 0 2333 19 4 16 7 0.8072 0.0723 134 351
127-0-1-0.05-50-0 0 2333 5 31 21 5 0.0007 0.5626 226 252
127-0-1-0.05-50-0 0 2333 43 14 2 8 0.8316 0.8451 123 105
127-0-1-0.05-50-0 0 2334 1 14 4 7 0.2520 0.8451 409 105
127-0-1-0.05-50-0 0 2334 19 36 17 4 0.8072 0.8162 134 165
127-0-1-0.05-50-0 0 2334 36 32 3 9 0.8162 0.6514 165 215
127-0-1-0.05-50-0 0 2335 18 21 11 7 0.2181 0.4184 226 158
127-0-1-0.05-50-0 0 2335 48 5 2 21 0.1153 0.0007 334 226
127-0-1-0.05-50-0 0 2335 27 21 19 6 0.0776 0.4184 149 158
127-0-1-0.05-50-0 0 2336 12 7 2 1 0.1896 0.9267 325 106
127-0-1-0.05-50-0 0 2336 21 48 5 3 0.4184 0.1153 158 334
127-0-1-0.05-50-0 0 2336 5 41 20 3 0.0007 0.9621 226 105
127-0-1-0.05-50-0 0 2337 43 27 2 20 0.8316 0.0776 123 149
127-0-1-0.05-50-0 0 2337 4 23 6 14 0.0723 0.1698 351 476
127-0-1-0.05-50-0 0 2337 32 31 8 6 0.6514 0.5626 215 252
127-0-1-0.05-50-0 0 2338 21 4 5 5 0.4184 0.0723 158 351
127-0-1-0.05-50-0 0 2338 13 21 4 5 0.8878 0.4184 151 158
127-0-1-0.05-50-0 0 2338 26 41 4 3 0.8171 0.9621 141 105
127-0-1-0.05-50-0 0 2339 32 1 6 9 0.6514 0.2520 215 409
127-0-1-0.05-50-0 0 2339 13 28 5 2 0.8878 0.3846 151 311
127-0-1-0.05-50-0 0 2339 31 18 5 11 0.5626 0.2181 252 226
127-0-1-0.05-50-0 0 2340 26 31 4 5 0.8171 0.5626 141 252
127-0-1-0.05-50-0 0 2340 14 28 6 1 0.8451 0.3846 105 311
127-0-1-0.05-50-0 0 2340 49 19 2 13 0.1842 0.8072 136 134
127-0-1-0.05-50-0 0 2341 19 32 11 6 0.8072 0.6514 134 215
127-0-1-0.05-50-0 0 2341 19 27 11 20 0.8072 0.0776 134 149
127-0-1-0.05-50-0 0 2341 33 5 3 21 0.6893 0.0007 191 226
127-0-1-0.05-50-0 0 2342 1 4 10 2 0.2520 0.0723 409 351
127-0-1-0.05-50-0 0 2342 19 5 11 20 0.8072 0.0007 134 226
127-0-1-0.05-50-0 0 2342 23 27 17 21 0.1698 0.0776 476 149
127-0-1-0.05-50-0 0 2343 27 5 22 21 0.0776 0.0007 149 226
127-0-1-0.05-50-0 0 2343 5 36 20 3 0.0007 0.8162 226 165
127-0-1-0.05-50-0 0 2343 20 31 2 5 0.9922 0.5626 102 252
127-0-1-0.05-50-0 0 2344 48 1 2 11 0.1153 0.2520 334 409
127-0-1-0.05-50-0 0 2344 5 18 20 13 0.0007 0.2181 226 226
127-0-1-0.05-50-0 0 2344 27 18 21 12 0.0776 0.2181 149 226
127-0-1-0.05-50-0 0 2345 18 14 9 9 0.2181 0.8451 226 105
127-0-1-0.05-50-0 0 2345 27 14 21 8 0.0776 0.8451 149 105
127-0-1-0.05-50-0 0 2345 45 23 3 16 0.3816 0.1698 173 476
127-0-1-0.05-50-0 0 2346 23 43 15 2 0.1698 0.8316 476 123
127-0-1-0.05-50-0 0 2346 19 12 10 2 0.8072 0.1896 134 325
127-0-1-0.05-50-0 0 2346 23 49 15 3 0.1698 0.1842 476 136
127-0-1-0.05-50-0 0 2347 31 5 4 24 0.5626 0.0007 252 226
127-0-1-0.05-50-0 0 2347 5 27 23 21 0.0007 0.0776 226 149
127-0-1-0.05-50-0 0 2347 18 19 10 11 0.2181 0.8072 226 134
127-0-1-0.05-50-0 0 2348 27 45 19 3 0.0776 0.3816 149 173
127-0-1-0.05-50-0 0 2348 5 21 24 6 0.0007 0.4184 226 158
127-0-1-0.05-50-0 0 2348 14 18 8 9 0.8451 0.2181 105 226
127-0-1-0.05-50-0 0 2349 27 13 19 3 0.0776 0.8878 149 151
127-0-1-0.05-50-0 0 2349 4 19 4 9 0.0723 0.8072 351 134
127-0-1-0.05-50-0 0 2349 31 5 3 25 0.5626 0.0007 252 226
127-0-1-0.05-50-0 0 2350 26 27 6 18 0.8171 0.0776 141 149
127-0-1-0.05-50-0 0 2350 23 19 16 8 0.1698 0.8072 476 134
127-0-1-0.05-50-0 0 2350 5 41 23 5 0.0007 0.9621 226 105
127-0-1-0.05-50-0 0 2351 5 19 22 9 0.0007 0.8072 226 134
127-0-1-0.05-50-0 0 2351 5 23 22 17 0.0007 0.1698 226 476
127-0-1-0.05-50-0 0 2351 18 26 8 6 0.2181 0.8171 226 141
127-0-1-0.05-50-0 0 2352 32 45 7 3 0.6514 0.3816 215 173
127-0-1-0.05-50-0 0 2352 5 45 22 2 0.0007 0.3816 226 173
127-0-1-0.05-50-0 0 2353 1 27 14 22 0.2520 0.0776 409 149
127-0-1-0.05-50-0 0 2353 12 14 2 8 0.1896 0.8451 325 105
127-0-1-0.05-50-0 0 2354 18 43 8 1 0.2181 0.8316 226 123
127-0-1-0.05-50-0 0 2354 5 21 18 5 0.0007 0.4184 226 158
127-0-1-0.05-50-0 0 2355 48 21 1 4 0.1153 0.4184 334 158
127-0-1-0.05-50-0 0 2355 20 21 1 3 0.9922 0.4184 102 158
127-0-1-0.05-50-0 0 2356 32 26 10 5 0.6514 0.8171 215 141
127-0-1-0.05-50-0 0 2356 15 27 1 23 0.7918 0.0776 149 149
127-0-1-0.05-50-0 0 2357 14 15 7 1 0.8451 0.7918 105 149
127-0-1-0.05-50-0 0 2357 27 38 21 2 0.0776 0.6163 149 270
127-0-1-0.05-50-0 0 2358 1 18 18 12 0.2520 0.2181 409 226
127-0-1-0.05-50-0 0 2358 23 19 12 8 0.1698 0.8072 476 134
127-0-1-0.05-50-0 0 2359 5 18 16 12 0.0007 0.2181 226 226
127-0-1-0.05-50-0 0 2359 12 19 2 7 0.1896 0.8072 325 134
127-0-1-0.05-50-0 0 2360 5 23 15 15 0.0007 0.1698 226 476
127-0-1-0.05-50-0 0 2360 33 18 7 11 0.6893 0.2181 191 226
127-0-1-0.05-50-0 0 2361 23 27 14 23 0.1698 0.0776 476 149
127-0-1-0.05-50-0 0 2361 23 5 14 15 0.1698 0.0007 476 226
127-0-1-0.05-50-0 0 2362 1 49 15 3 0.2520 0.1842 409 136
127-0-1-0.05-50-0 0 2362 33 5 7 14 0.6893 0.0007 191 226
127-0-1-0.05-50-0 0 2363 26 20 3 1 0.8171 0.9922 141 102
127-0-1-0.05-50-0 0 2363 14 23 6 14 0.8451 0.1698 105 476
127-0-1-0.05-50-0 0 2364 14 33 6 7 0.8451 0.6893 105 191
127-0-1-0.05-50-0 0 2364 27 18 25 11 0.0776 0.2181 149 226
127-0-1-0.05-50-0 0 2365 1 27 16 26 0.2520 0.0776 409 149
127-0-1-0.05-50-0 0 2365 38 45 1 3 0.6163 0.3816 270 173
127-0-1-0.05-50-0 0 2366 2 12 3 3 0.8198 0.1896 167 325
127-0-1-0.05-50-0 0 2366 32 19 8 8 0.6514 0.8072 215 134
127-0-1-0.05-50-0 0 2367 4 14 4 5 0.0723 0.8451 351 105
127-0-1-0.05-50-0 0 2367 1 41 15 2 0.2520 0.9621 409 105
127-0-1-0.05-50-0 0 2368 31 38 2 1 0.5626 0.6163 252 270
127-0-1-0.05-50-0 0 2368 1 26 16 3 0.2520 0.8171 409 141
127-0-1-0.05-50-0 0 2369 1 18 16 9 0.2520 0.2181 409 226
127-0-1-0.05-50-0 0 2369 20 27 1 30 0.9922 0.0776 102 149
127-0-1-0.05-50-0 0 2370 9 23 1 15 0.6134 0.1698 161 476
127-0-1-0.05-50-0 0 2370 16 1 1 17 0.2228 0.2520 149 409
127-0-1-0.05-50-0 0 2370 27 46 27 3 0.0776 0.3451 149 327
127-0-1-0.05-50-0 0 2371 23 32 14 9 0.1698 0.6514 476 215
127-0-1-0.05-50-0 0 2371 5 19 16 7 0.0007 0.8072 226 134
127-0-1-0.05-50-0 0 2372 4 23 6 13 0.0723 0.1698 351 476
127-0-1-0.05-50-0 0 2372 23 19 12 6 0.1698 0.8072 476 134
127-0-1-0.05-50-0 0 2373 27 14 23 5 0.0776 0.8451 149 105
127-0-1-0.05-50-0 0 2373 31 33 2 5 0.5626 0.6893 252 191
127-0-1-0.05-50-0 0 2374 27 45 24 2 0.0776 0.3816 149 173
127-0-1-0.05-50-0 0 2374 5 18 16 12 0.0007 0.2181 226 226
127-0-1-0.05-50-0 0 2375 20 1 2 16 0.9922 0.2520 102 409
127-0-1-0.05-50-0 0 2375 27 31 25 2 0.0776 0.5626 149 252
127-0-1-0.05-50-0 0 2376 23 5 10 17 0.1698 0.0007 476 226
127-0-1-0.05-50-0 0 2376 27 23 25 10 0.0776 0.1698 149 476
127-0-1-0.05-50-0 0 2377 33 18 5 12 0.6893 0.2181 191 226
127-0-1-0.05-50-0 0 2377 50 7 1 1 0.2147 0.9267 147 106
127-0-1-0.05-50-0 0 2378 5 32 15 6 0.0007 0.6514 226 215
127-0-1-0.05-50-0 0 2378 23 23 8 8 0.1698 0.1698 476 476
127-0-1-0.05-50-0 0 2379 50 5 1 15 0.2147 0.0007 147 226
127-0-1-0.05-50-0 0 2379 5 1 14 16 0.0007 0.2520 226 409
127-0-1-0.05-50-0 0 2380 49 39 4 1 0.1842 0.2187 136 309
127-0-1-0.05-50-0 0 2380 32 1 7 15 0.6514 0.2520 215 409
127-0-1-0.05-50-0 0 2381 45 27 1 25 0.3816 0.0776 173 149
127-0-1-0.05-50-0 0 2381 1 19 14 7 0.2520 0.8072 409 134
127-0-1-0.05-50-0 0 2382 27 2 26 4 0.0776 0.8198 149 167
127-0-1-0.05-50-0 0 2382 5 27 13 26 0.0007 0.0776 226 149
127-0-1-0.05-50-0 0 2383 41 32 2 8 0.9621 0.6514 105 215
127-0-1-0.05-50-0 0 2383 27 44 23 2 0.0776 0.7034 149 118
127-0-1-0.05-50-0 0 2384 5 4 15 7 0.0007 0.0723 226 351
127-0-1-0.05-50-0 0 2384 5 1 15 15 0.0007 0.2520 226 409
127-0-1-0.05-50-0 0 2385 1 1 13 13 0.2520 0.2520 409 409
127-0-1-0.05-50-0 0 2385 27 44 25 1 0.0776 0.7034 149 118
127-0-1-0.05-50-0 0 2386 23 27 8 27 0.1698 0.0776 476 149
127-0-1-0.05-50-0 0 2386 27 49 26 3 0.0776 0.1842 149 136
127-0-1-0.05-50-0 0 2387 9 19 7 8 0.6134 0.8072 161 134
127-0-1-0.05-50-0 0 2387 27 9 26 7 0.0776 0.6134 149 161
127-0-1-0.05-50-0 0 2388 9 49 7 4 0.6134 0.1842 161 136
127-0-1-0.05-50-0 0 2388 20 5 2 15 0.9922 0.0007 102 226
127-0-1-0.05-50-0 0 2389 19 5 7 14 0.8072 0.0007 134 226
127-0-1-0.05-50-0 0 2389 32 27 5 34 0.6514 0.0776 215 149
127-0-1-0.05-50-0 0 2390 5 19 14 6 0.0007 0.8072 226 134
127-0-1-0.05-50-0 0 2390 5 9 14 8 0.0007 0.6134 226 161
127-0-1-0.05-50-0 0 2391 5 4 15 7 0.0007 0.0723 226 351
127-0-1-0.05-50-0 0 2391 23 2 9 3 0.1698 0.8198 476 167
127-0-1-0.05-50-0 0 2392 27 45 31 2 0.0776 0.3816 149 173
127-0-1-0.05-50-0 0 2392 27 14 31 3 0.0776 0.8451 149 105
127-0-1-0.05-50-0 0 2393 9 5 5 15 0.6134 0.0007 161 226
127-0-1-0.05-50-0 0 2393 27 19 32 6 0.0776 0.8072 149 134
127-0-1-0.05-50-0 0 2394 18 18 15 15 0.2181 0.2181 226 226
127-0-1-0.05-50-0 0 2394 18 9 14 5 0.2181 0.6134 226 161
127-0-1-0.05-50-0 0 2395 23 27 10 32 0.1698 0.0776 476 149
127-0-1-0.05-50-0 0 2395 27 4 31 12 0.0776 0.0723 149 351
127-0-1-0.05-50-0 0 2396 4 18 11 13 0.0723 0.2181 351 226
127-0-1-0.05-50-0 0 2396 27 14 32 2 0.0776 0.8451 149 105
127-0-1-0.05-50-0 0 2397 18 48 14 1 0.2181 0.1153 226 334
127-0-1-0.05-50-0 0 2397 13 1 4 12 0.8878 0.2520 151 409
127-0-1-0.05-50-0 0 2398 32 25 6 2 0.6514 0.9430 215 125
127-0-1-0.05-50-0 0 2398 4 49 12 6 0.0723 0.1842 351 136
127-0-1-0.05-50-0 0 2398 27 50 33 4 0.0776 0.2147 149 147
127-0-1-0.05-50-0 0 2399 2 23 2 12 0.8198 0.1698 167 476
127-0-1-0.05-50-0 0 2399 27 1 35 13 0.0776 0.2520 149 409
127-0-1-0.05-50-0 0 2399 4 7 14 2 0.0723 0.9267 351 106
127-0-1-0.05-50-0 0 2400 27 5 36 16 0.0776 0.0007 149 226
127-0-1-0.05-50-0 0 2400 27 19 36 4 0.0776 0.8072 149 134
127-0-1-0.05-50-0 0 2400 5 6 15 2 0.0007 0.4266 226 249
127-0-1-0.05-50-0 0 2401 27 29 39 1 0.0776 0.6728 149 177
127-0-1-0.05-50-0 0 2401 2 27 2 39 0.8198 0.0776 167 149
127-0-1-0.05-50-0 0 2401 27 5 38 16 0.0776 0.0007 149 226
127-0-1-0.05-50-0 0 2402 7 27 3 41 0.9267 0.0776 106 149
127-0-1-0.05-50-0 0 2402 5 4 16 17 0.0007 0.0723 226 351
127-0-1-0.05-50-0 0 2402 5 18 16 18 0.0007 0.2181 226 226
127-0-1-0.05-50-0 0 2403 27 1 43 15 0.0776 0.2520 149 409
127-0-1-0.05-50-0 0 2403 4 1 16 14 0.0723 0.2520 351 409
127-0-1-0.05-50-0 0 2403 18 4 16 16 0.2181 0.0723 226 351
127-0-1-0.05-50-0 0 2404 23 27 13 46 0.1698 0.0776 476 149
127-0-1-0.05-50-0 0 2404 27 4 45 15 0.0776 0.0723 149 351
127-0-1-0.05-50-0 0 2404 18 27 16 45 0.2181 0.0776 226 149
127-0-1-0.05-50-0 0 2405 18 23 16 12 0.2181 0.1698 226 476
127-0-1-0.05-50-0 0 2405 5 9 17 9 0.0007 0.6134 226 161
127-0-1-0.05-50-0 0 2405 4 5 13 17 0.0723 0.0007 351 226
127-0-1-0.05-50-0 0 2406 18 4 15 12 0.2181 0.0723 226 351
127-0-1-0.05-50-0 0 2406 27 27 47 47 0.0776 0.0776 149 149
127-0-1-0.05-50-0 0 2406 50 5 2 16 0.2147 0.0007 147 226
127-0-1-0.05-50-0 0 2407 48 33 1 11 0.1153 0.6893 334 191
127-0-1-0.05-50-0 0 2407 27 49 45 3 0.0776 0.1842 149 136
127-0-1-0.05-50-0 0 2407 23 7 11 4 0.1698 0.9267 476 106
127-0-1-0.05-50-0 0 2408 27 19 46 3 0.0776 0.8072 149 134
127-0-1-0.05-50-0 0 2408 33 18 10 17 0.6893 0.2181 191 226
127-0-1-0.05-50-0 0 2408 23 18 10 16 0.1698 0.2181 476 226
127-0-1-0.05-50-0 0 2409 18 27 14 46 0.2181 0.0776 226 149
127-0-1-0.05-50-0 0 2409 33 26 10 2 0.6893 0.8171 191 141
127-0-1-0.05-50-0 0 2409 21 27 3 45 0.4184 0.0776 158 149
127-0-1-0.05-50-0 0 2410 30 4 1 14 0.6008 0.0723 266 351
127-0-1-0.05-50-0 0 2410 4 5 13 17 0.0723 0.0007 351 226
127-0-1-0.05-50-0 0 2410 27 17 47 1 0.0776 0.6398 149 197
127-0-1-0.05-50-0 0 2411 4 4 15 15 0.0723 0.0723 351 351
127-0-1-0.05-50-0 0 2411 9 27 10 45 0.6134 0.0776 161 149
127-0-1-0.05-50-0 0 2411 32 27 8 44 0.6514 0.0776 215 149
127-0-1-0.05-50-0 0 2412 32 27 8 44 0.6514 0.0776 215 149
127-0-1-0.05-50-0 0 2412 27 27 43 43 0.0776 0.0776 149 149
127-0-1-0.05-50-0 0 2412 34 4 1 14 0.7448 0.0723 168 351
127-0-1-0.05-50-0 0 2413 27 27 45 45 0.0776 0.0776 149 149
127-0-1-0.05-50-0 0 2413 27 5 44 17 0.0776 0.0007 149 226
127-0-1-0.05-50-0 0 2413 19 30 2 2 0.8072 0.6008 134 266
127-0-1-0.05-50-0 0 2414 1 9 12 10 0.2520 0.6134 409 161
127-0-1-0.05-50-0 0 2414 23 49 11 2 0.1698 0.1842 476 136
127-0-1-0.05-50-0 0 2414 4 27 11 46 0.0723 0.0776 351 149
127-0-1-0.05-50-0 0 2415 23 5 11 17 0.1698 0.0007 476 226
127-0-1-0.05-50-0 0 2415 27 49 46 1 0.0776 0.1842 149 136
127-0-1-0.05-50-0 0 2415 13 18 8 15 0.8878 0.2181 151 226
127-0-1-0.05-50-0 0 2416 9 4 8 10 0.6134 0.0723 161 351
127-0-1-0.05-50-0 0 2416 7 27 5 46 0.9267 0.0776 106 149
127-0-1-0.05-50-0 0 2416 33 23 6 11 0.6893 0.1698 191 476
127-0-1-0.05-50-0 0 2417 18 7 13 4 0.2181 0.9267 226 106
127-0-1-0.05-50-0 0 2417 21 27 2 46 0.4184 0.0776 158 149
127-0-1-0.05-50-0 0 2417 18 23 13 10 0.2181 0.1698 226 476
127-0-1-0.05-50-0 0 2418 30 33 1 7 0.6008 0.6893 266 191
127-0-1-0.05-50-0 0 2418 5 27 19 49 0.0007 0.0776 226 149
127-0-1-0.05-50-0 0 2418 27 7 48 3 0.0776 0.9267 149 106
127-0-1-0.05-50-0 0 2419 40 1 2 10 0.9739 0.2520 104 409
127-0-1-0.05-50-0 0 2419 27 13 48 9 0.0776 0.8878 149 151
127-0-1-0.05-50-0 0 2419 27 4 48 11 0.0776 0.0723 149 351
127-0-1-0.05-50-0 0 2420 27 4 50 10 0.0776 0.0723 149 351
127-0-1-0.05-50-0 0 2420 33 27 7 50 0.6893 0.0776 191 149
127-0-1-0.05-50-0 0 2420 5 20 21 2 0.0007 0.9922 226 102
127-0-1-0.05-50-0 0 2421 9 18 7 16 0.6134 0.2181 161 226
127-0-1-0.05-50-0 0 2421 32 4 8 10 0.6514 0.0723 215 351
127-0-1-0.05-50-0 0 2421 19 33 4 7 0.8072 0.6893 134 191
127-0-1-0.05-50-0 0 2422 1 1 9 9 0.2520 0.2520 409 409
127-0-1-0.05-50-0 0 2422 45 23 1 11 0.3816 0.1698 173 476
127-0-1-0.05-50-0 0 2422 27 5 51 22 0.0776 0.0007 149 226
127-0-1-0.05-50-0 0 2423 27 5 52 22 0.0776 0.0007 149 226
127-0-1-0.05-50-0 0 2423 33 33 7 7 0.6893 0.6893 191 191
127-0-1-0.05-50-0 0 2423 27 39 52 2 0.0776 0.2187 149 309
127-0-1-0.05-50-0 0 2424 12 27 1 53 0.1896 0.0776 325 149
127-0-1-0.05-50-0 0 2424 13 27 10 52 0.8878 0.0776 151 149
127-0-1-0.05-50-0 0 2424 5 23 22 10 0.0007 0.1698 226 476
127-0-1-0.05-50-0 0 2425 33 5 6 24 0.6893 0.0007 191 226
127-0-1-0.05-50-0 0 2425 25 4 1 8 0.9430 0.0723 125 351
127-0-1-0.05-50-0 0 2425 5 27 23 52 0.0007 0.0776 226 149
127-0-1-0.05-50-0 0 2426 17 13 1 8 0.6398 0.8878 197 151
127-0-1-0.05-50-0 0 2426 27 5 52 22 0.0776 0.0007 149 226
127-0-1-0.05-50-0 0 2426 1 27 10 52 0.2520 0.0776 409 149
127-0-1-0.05-50-0 0 2427 1 1 10 10 0.2520 0.2520 409 409
127-0-1-0.05-50-0 0 2427 32 23 7 10 0.6514 0.1698 215 476
127-0-1-0.05-50-0 0 2427 27 27 51 51 0.0776 0.0776 149 149
127-0-1-0.05-50-0 0 2428 7 32 3 6 0.9267 0.6514 106 215
127-0-1-0.05-50-0 0 2428 13 27 9 53 0.8878 0.0776 151 149
127-0-1-0.05-50-0 0 2428 27 5 52 19 0.0776 0.0007 149 226
127-0-1-0.05-50-0 0 2429 13 5 9 18 0.8878 0.0007 151 226
127-0-1-0.05-50-0 0 2429 23 27 9 51 0.1698 0.0776 476 149
127-0-1-0.05-50-0 0 2429 27 33 50 9 0.0776 0.6893 149 191
127-0-1-0.05-50-0 0 2430 14 27 2 48 0.8451 0.0776 105 149
127-0-1-0.05-50-0 0 2430 32 7 5 3 0.6514 0.9267 215 106
127-0-1-0.05-50-0 0 2430 34 27 2 47 0.7448 0.0776 168 149
127-0-1-0.05-50-0 0 2431 19 18 2 17 0.8072 0.2181 134 226
127-0-1-0.05-50-0 0 2431 13 27 8 46 0.8878 0.0776 151 149
127-0-1-0.05-50-0 0 2431 33 43 6 3 0.6893 0.8316 191 123
127-0-1-0.05-50-0 0 2432 27 20 46 1 0.0776 0.9922 149 102
127-0-1-0.05-50-0 0 2432 34 5 2 13 0.7448 0.0007 168 226
127-0-1-0.05-50-0 0 2432 1 32 9 6 0.2520 0.6514 409 215
127-0-1-0.05-50-0 0 2433 5 32 12 4 0.0007 0.6514 226 215
127-0-1-0.05-50-0 0 2433 1 18 9 16 0.2520 0.2181 409 226
127-0-1-0.05-50-0 0 2433 43 27 2 47 0.8316 0.0776 123 149
127-0-1-0.05-50-0 0 2434 9 12 11 1 0.6134 0.1896 161 325
127-0-1-0.05-50-0 0 2434 19 27 2 49 0.8072 0.0776 134 149
127-0-1-0.05-50-0 0 2434 27 32 48 3 0.0776 0.6514 149 215
127-0-1-0.05-50-0 0 2435 13 27 9 48 0.8878 0.0776 151 149
127-0-1-0.05-50-0 0 2435 18 13 16 9 0.2181 0.8878 226 151
127-0-1-0.05-50-0 0 2435 23 42 12 3 0.1698 0.7447 476 106
127-0-1-0.05-50-0 0 2436 23 15 12 1 0.1698 0.7918 476 149
127-0-1-0.05-50-0 0 2436 2 27 1 47 0.8198 0.0776 167 149
127-0-1-0.05-50-0 0 2436 45 33 2 7 0.3816 0.6893 173 191
127-0-1-0.05-50-0 0 2437 27 39 46 1 0.0776 0.2187 149 309
127-0-1-0.05-50-0 0 2437 1 1 9 9 0.2520 0.2520 409 409
127-0-1-0.05-50-0 0 2437 18 10 14 1 0.2181 0.2533 226 449
127-0-1-0.05-50-0 0 2438 27 18 44 17 0.0776 0.2181 149 226
127-0-1-0.05-50-0 0 2438 27 4 44 8 0.0776 0.0723 149 351
127-0-1-0.05-50-0 0 2438 17 9 1 14 0.6398 0.6134 197 161
127-0-1-0.05-50-0 0 2439 23 27 12 47 0.1698 0.0776 476 149
127-0-1-0.05-50-0 0 2439 5 23 11 12 0.0007 0.1698 226 476
127-0-1-0.05-50-0 0 2439 9 5 14 11 0.6134 0.0007 161 226
127-0-1-0.05-50-0 0 2440 42 4 2 5 0.7447 0.0723 106 351
127-0-1-0.05-50-0 0 2440 23 9 11 13 0.1698 0.6134 476 161
127-0-1-0.05-50-0 0 2440 18 27 18 47 0.2181 0.0776 226 149
127-0-1-0.05-50-0 0 2441 13 18 6 17 0.8878 0.2181 151 226
127-0-1-0.05-50-0 0 2441 27 27 47 47 0.0776 0.0776 149 149
127-0-1-0.05-50-0 0 2441 25 34 4 4 0.9430 0.7448 125 168
127-0-1-0.05-50-0 0 2442 9 24 12 2 0.6134 0.1940 161 254
127-0-1-0.05-50-0 0 2442 33 6 5 1 0.6893 0.4266 191 249
127-0-1-0.05-50-0 0 2442 27 42 46 1 0.0776 0.7447 149 106
127-0-1-0.05-50-0 0 2443 33 24 5 2 0.6893 0.1940 191 254
127-0-1-0.05-50-0 0 2443 32 18 3 18 0.6514 0.2181 215 226
127-0-1-0.05-50-0 0 2443 27 27 46 46 0.0776 0.0776 149 149
127-0-1-0.05-50-0 0 2444 27 27 44 44 0.0776 0.0776 149 149
127-0-1-0.05-50-0 0 2444 1 23 13 12 0.2520 0.1698 409 476
127-0-1-0.05-50-0 0 2444 27 4 43 5 0.0776 0.0723 149 351
127-0-1-0.05-50-0 0 2445 33 19 7 2 0.6893 0.8072 191 134
127-0-1-0.05-50-0 0 2445 1 13 13 5 0.2520 0.8878 409 151
127-0-1-0.05-50-0 0 2445 13 37 4 3 0.8878 0.8481 151 127
127-0-1-0.05-50-0 0 2446 18 30 17 2 0.2181 0.6008 226 266
127-0-1-0.05-50-0 0 2446 45 27 3 42 0.3816 0.0776 173 149
127-0-1-0.05-50-0 0 2446 18 27 17 41 0.2181 0.0776 226 149
127-0-1-0.05-50-0 0 2447 27 1 39 15 0.0776 0.2520 149 409
127-0-1-0.05-50-0 0 2447 27 27 39 39 0.0776 0.0776 149 149
127-0-1-0.05-50-0 0 2448 18 14 17 4 0.2181 0.8451 226 105
127-0-1-0.05-50-0 0 2448 9 4 10 4 0.6134 0.0723 161 351
127-0-1-0.05-50-0 0 2448 1 23 14 11 0.2520 0.1698 409 476
127-0-1-0.05-50-0 0 2449 5 48 10 2 0.0007 0.1153 226 334
127-0-1-0.05-50-0 0 2449 37 30 2 2 0.8481 0.6008 127 266
127-0-1-0.05-50-0 0 2450 18 5 18 10 0.2181 0.0007 226 226
127-0-1-0.05-50-0 0 2450 27 18 40 18 0.0776 0.2181 149 226
127-0-1-0.05-50-0 0 2450 1 1 15 15 0.2520 0.2520 409 409
127-0-1-0.05-50-0 0 2451 4 1 3 14 0.0723 0.2520 351 409
127-0-1-0.05-50-0 0 2451 23 27 13 43 0.1698 0.0776 476 149
127-0-1-0.05-50-0 0 2451 27 13 42 3 0.0776 0.8878 149 151
127-0-1-0.05-50-0 0 2452 23 5 13 10 0.1698 0.0007 476 226
127-0-1-0.05-50-0 0 2452 5 9 9 11 0.0007 0.6134 226 161
127-0-1-0.05-50-0 0 2452 9 5 10 9 0.6134 0.0007 161 226
127-0-1-0.05-50-0 0 2453 33 9 4 10 0.6893 0.6134 191 161
127-0-1-0.05-50-0 0 2453 33 32 4 3 0.6893 0.6514 191 215
127-0-1-0.05-50-0 0 2453 4 9 4 9 0.0723 0.6134 351 161
127-0-1-0.05-50-0 0 2454 25 45 5 2 0.9430 0.3816 125 173
127-0-1-0.05-50-0 0 2454 27 18 49 19 0.0776 0.2181 149 226
127-0-1-0.05-50-0 0 2454 18 27 18 49 0.2181 0.0776 226 149
127-0-1-0.05-50-0 0 2455 5 34 8 4 0.0007 0.7448 226 168
127-0-1-0.05-50-0 0 2455 14 5 3 8 0.8451 0.0007 105 226
127-0-1-0.05-50-0 0 2455 27 9 49 8 0.0776 0.6134 149 161
127-0-1-0.05-50-0 0 2456 27 27 51 51 0.0776 0.0776 149 149
127-0-1-0.05-50-0 0 2456 23 27 12 50 0.1698 0.0776 476 149
127-0-1-0.05-50-0 0 2456 24 34 1 3 0.1940 0.7448 254 168
127-0-1-0.05-50-0 0 2457 9 27 7 50 0.6134 0.0776 161 149
127-0-1-0.05-50-0 0 2457 26 37 5 2 0.8171 0.8481 141 127
127-0-1-0.05-50-0 0 2457 23 36 12 1 0.1698 0.8162 476 165
127-0-1-0.05-50-0 0 2458 27 27 49 49 0.0776 0.0776 149 149
127-0-1-0.05-50-0 0 2458 27 38 48 4 0.0776 0.6163 149 270
127-0-1-0.05-50-0 0 2459 18 43 18 4 0.2181 0.8316 226 123
127-0-1-0.05-50-0 0 2459 4 25 4 6 0.0723 0.9430 351 125
127-0-1-0.05-50-0 0 2460 4 27 4 51 0.0723 0.0776 351 149
127-0-1-0.05-50-0 0 2460 27 27 50 50 0.0776 0.0776 149 149
127-0-1-0.05-50-0 0 2460 27 1 49 11 0.0776 0.2520 149 409
127-0-1-0.05-50-0 0 2461 23 4 12 5 0.1698 0.0723 476 351
127-0-1-0.05-50-0 0 2461 43 18 3 20 0.8316 0.2181 123 226
127-0-1-0.05-50-0 0 2461 32 27 2 48 0.6514 0.0776 215 149
127-0-1-0.05-50-0 0 2462 18 23 18 14 0.2181 0.1698 226 476
127-0-1-0.05-50-0 0 2462 5 27 11 47 0.0007 0.0776 226 149
127-0-1-0.05-50-0 0 2462 9 5 10 11 0.6134 0.0007 161 226
127-0-1-0.05-50-0 0 2463 34 27 1 47 0.7448 0.0776 168 149
127-0-1-0.05-50-0 0 2463 23 18 13 17 0.1698 0.2181 476 226
127-0-1-0.05-50-0 0 2464 1 27 12 47 0.2520 0.0776 409 149
127-0-1-0.05-50-0 0 2464 26 23 5 13 0.8171 0.1698 141 476
127-0-1-0.05-50-0 0 2465 23 45 12 1 0.1698 0.3816 476 173
127-0-1-0.05-50-0 0 2465 27 9 45 9 0.0776 0.6134 149 161
127-0-1-0.05-50-0 0 2466 27 1 47 10 0.0776 0.2520 149 409
127-0-1-0.05-50-0 0 2466 43 27 5 47 0.8316 0.0776 123 149
127-0-1-0.05-50-0 0 2466 27 5 46 11 0.0776 0.0007 149 226
127-0-1-0.05-50-0 0 2467 26 23 5 12 0.8171 0.1698 141 476
127-0-1-0.05-50-0 0 2467 18 26 16 5 0.2181 0.8171 226 141
127-0-1-0.05-50-0 0 2467 38 4 3 7 0.6163 0.0723 270 351
127-0-1-0.05-50-0 0 2468 5 23 11 11 0.0007 0.1698 226 476
127-0-1-0.05-50-0 0 2468 26 1 4 9 0.8171 0.2520 141 409
127-0-1-0.05-50-0 0 2468 27 9 52 6 0.0776 0.6134 149 161
127-0-1-0.05-50-0 0 2469 27 43 55 5 0.0776 0.8316 149 123
127-0-1-0.05-50-0 0 2469 25 43 4 4 0.9430 0.8316 125 123
127-0-1-0.05-50-0 0 2469 5 5 12 12 0.0007 0.0007 226 226
127-0-1-0.05-50-0 0 2470 18 26 17 4 0.2181 0.8171 226 141
127-0-1-0.05-50-0 0 2470 27 25 57 4 0.0776 0.9430 149 125
127-0-1-0.05-50-0 0 2470 27 27 57 57 0.0776 0.0776 149 149
127-0-1-0.05-50-0 0 2471 18 27 17 58 0.2181 0.0776 226 149
127-0-1-0.05-50-0 0 2471 27 1 57 9 0.0776 0.2520 149 409
127-0-1-0.05-50-0 0 2471 18 1 17 8 0.2181 0.2520 226 409
127-0-1-0.05-50-0 0 2472 27 27 56 56 0.0776 0.0776 149 149
127-0-1-0.05-50-0 0 2472 27 5 55 13 0.0776 0.0007 149 226
127-0-1-0.05-50-0 0 2472 27 5 55 12 0.0776 0.0007 149 226
127-0-1-0.05-50-0 0 2473 37 43 5 3 0.8481 0.8316 127 123
127-0-1-0.05-50-0 0 2473 30 5 1 11 0.6008 0.0007 266 226
127-0-1-0.05-50-0 0 2473 27 34 56 5 0.0776 0.7448 149 168
127-0-1-0.05-50-0 0 2474 1 30 7 1 0.2520 0.6008 409 266
127-0-1-0.05-50-0 0 2474 18 27 16 60 0.2181 0.0776 226 149
127-0-1-0.05-50-0 0 2474 27 18 59 16 0.0776 0.2181 149 226
127-0-1-0.05-50-0 0 2475 43 4 2 5 0.8316 0.0723 123 351
127-0-1-0.05-50-0 0 2475 27 27 61 61 0.0776 0.0776 149 149
127-0-1-0.05-50-0 0 2475 45 27 1 60 0.3816 0.0776 173 149
127-0-1-0.05-50-0 0 2476 23 16 13 2 0.1698 0.2228 476 149
127-0-1-0.05-50-0 0 2476 27 27 62 62 0.0776 0.0776 149 149
127-0-1-0.05-50-0 0 2476 23 27 13 61 0.1698 0.0776 476 149
127-0-1-0.05-50-0 0 2477 16 27 1 62 0.2228 0.0776 149 149
127-0-1-0.05-50-0 0 2477 27 27 61 61 0.0776 0.0776 149 149
127-0-1-0.05-50-0 0 2477 23 43 14 2 0.1698 0.8316 476 123
127-0-1-0.05-50-0 0 2478 27 27 59 59 0.0776 0.0776 149 149
127-0-1-0.05-50-0 0 2478 18 49 17 1 0.2181 0.1842 226 136
127-0-1-0.05-50-0 0 2478 27 4 58 4 0.0776 0.0723 149 351
127-0-1-0.05-50-0 0 2479 27 5 61 10 0.0776 0.0007 149 226
127-0-1-0.05-50-0 0 2479 5 23 9 15 0.0007 0.1698 226 476
127-0-1-0.05-50-0 0 2479 26 27 2 61 0.8171 0.0776 141 149
127-0-1-0.05-50-0 0 2480 27 27 60 60 0.0776 0.0776 149 149
127-0-1-0.05-50-0 0 2480 23 27 15 59 0.1698 0.0776 476 149
127-0-1-0.05-50-0 0 2480 27 5 58 9 0.0776 0.0007 149 226
127-0-1-0.05-50-0 0 2481 18 27 15 58 0.2181 0.0776 226 149
127-0-1-0.05-50-0 0 2481 30 18 1 15 0.6008 0.2181 266 226
127-0-1-0.05-50-0 0 2481 33 27 2 57 0.6893 0.0776 191 149
127-0-1-0.05-50-0 0 2482 27 27 58 58 0.0776 0.0776 149 149
127-0-1-0.05-50-0 0 2482 18 27 14 57 0.2181 0.0776 226 149
127-0-1-0.05-50-0 0 2482 27 23 56 15 0.0776 0.1698 149 476
127-0-1-0.05-50-0 0 2483 27 24 57 2 0.0776 0.1940 149 254
127-0-1-0.05-50-0 0 2483 7 5 1 11 0.9267 0.0007 106 226
127-0-1-0.05-50-0 0 2483 27 5 57 10 0.0776 0.0007 149 226
127-0-1-0.05-50-0 0 2484 13 27 4 57 0.8878 0.0776 151 149
127-0-1-0.05-50-0 0 2484 45 34 3 5 0.3816 0.7448 173 168
127-0-1-0.05-50-0 0 2484 1 18 4 15 0.2520 0.2181 409 226
127-0-1-0.05-50-0 0 2485 37 6 8 1 0.8481 0.4266 127 249
127-0-1-0.05-50-0 0 2485 13 27 3 56 0.8878 0.0776 151 149
127-0-1-0.05-50-0 0 2486 38 27 3 57 0.6163 0.0776 270 149
127-0-1-0.05-50-0 0 2486 27 38 56 3 0.0776 0.6163 149 270
127-0-1-0.05-50-0 0 2487 5 18 8 14 0.0007 0.2181 226 226
127-0-1-0.05-50-0 0 2487 13 37 3 7 0.8878 0.8481 151 127
127-0-1-0.05-50-0 0 2488 1 27 6 53 0.2520 0.0776 409 149
127-0-1-0.05-50-0 0 2488 27 18 52 12 0.0776 0.2181 149 226
127-0-1-0.05-50-0 0 2489 2 48 3 1 0.8198 0.1153 167 334
127-0-1-0.05-50-0 0 2489 34 26 3 3 0.7448 0.8171 168 141
127-0-1-0.05-50-0 0 2490 5 19 7 4 0.0007 0.8072 226 134
127-0-1-0.05-50-0 0 2490 27 26 53 2 0.0776 0.8171 149 141
127-0-1-0.05-50-0 0 2491 36 45 1 3 0.8162 0.3816 165 173
127-0-1-0.05-50-0 0 2491 1 27 7 53 0.2520 0.0776 409 149
127-0-1-0.05-50-0 0 2492 2 4 3 4 0.8198 0.0723 167 351
127-0-1-0.05-50-0 0 2492 26 45 2 2 0.8171 0.3816 141 173
127-0-1-0.05-50-0 0 2493 13 34 3 4 0.8878 0.7448 151 168
127-0-1-0.05-50-0 0 2493 9 1 2 7 0.6134 0.2520 161 409
127-0-1-0.05-50-0 0 2494 23 36 9 1 0.1698 0.8162 476 165
127-0-1-0.05-50-0 0 2494 1 5 6 6 0.2520 0.0007 409 226
127-0-1-0.05-50-0 0 2495 1 27 7 55 0.2520 0.0776 409 149
127-0-1-0.05-50-0 0 2495 18 4 13 3 0.2181 0.0723 226 351
127-0-1-0.05-50-0 0 2496 23 27 9 55 0.1698 0.0776 476 149
127-0-1-0.05-50-0 0 2496 4 34 2 4 0.0723 0.7448 351 168
127-0-1-0.05-50-0 0 2497 1 23 7 9 0.2520 0.1698 409 476
127-0-1-0.05-50-0 0 2497 27 27 54 54 0.0776 0.0776 149 149
127-0-1-0.05-50-0 0 2498 27 27 57 57 0.0776 0.0776 149 149
127-0-1-0.05-50-0 0 2498 27 2 56 6 0.0776 0.8198 149 167
127-0-1-0.05-50-0 0 2499 1 18 8 13 0.2520 0.2181 409 226
127-0-1-0.05-50-0 0 2499 37 34 4 3 0.8481 0.7448 127 168
127-0-1-0.05-50-0 0 2500 18 27 12 61 0.2181 0.0776 226 149
127-0-1-0.05-50-0 0 2500 23 27 8 60 0.1698 0.0776 476 149
