140-0-1-0.05-50-0 0 2302 16 42 8 1 0.2228 0.7447 149 106
140-0-1-0.05-50-0 0 2302 22 18 7 6 0.0160 0.2181 311 226
140-0-1-0.05-50-0 0 2303 22 50 8 17 0.0160 0.2147 311 147
140-0-1-0.05-50-0 0 2303 22 36 8 6 0.0160 0.8162 311 165
140-0-1-0.05-50-0 0 2304 6 27 5 1 0.4266 0.0776 249 149
140-0-1-0.05-50-0 0 2304 6 17 5 22 0.4266 0.6398 249 197
140-0-1-0.05-50-0 0 2305 22 48 9 4 0.0160 0.1153 311 334
140-0-1-0.05-50-0 0 2305 18 50 6 18 0.2181 0.2147 226 147
140-0-1-0.05-50-0 0 2306 50 30 17 3 0.2147 0.6008 147 266
140-0-1-0.05-50-0 0 2306 17 22 21 9 0.6398 0.0160 197 311
140-0-1-0.05-50-0 0 2307 36 4 5 5 0.8162 0.0723 165 351
140-0-1-0.05-50-0 0 2307 22 18 8 5 0.0160 0.2181 311 226
140-0-1-0.05-50-0 0 2308 22 4 9 4 0.0160 0.0723 311 351
140-0-1-0.05-50-0 0 2308 17 22 23 9 0.6398 0.0160 197 311
140-0-1-0.05-50-0 0 2309 30 16 2 8 0.6008 0.2228 266 149
140-0-1-0.05-50-0 0 2309 50 14 18 1 0.2147 0.8451 147 105
140-0-1-0.05-50-0 0 2310 48 1 3 2 0.1153 0.2520 334 409
140-0-1-0.05-50-0 0 2310 33 15 3 5 0.6893 0.7918 191 149
140-0-1-0.05-50-0 0 2311 45 50 7 16 0.3816 0.2147 173 147
140-0-1-0.05-50-0 0 2311 50 18 15 4 0.2147 0.2181 147 226
140-0-1-0.05-50-0 0 2312 50 17 17 26 0.2147 0.6398 147 197
140-0-1-0.05-50-0 0 2312 22 34 10 4 0.0160 0.7448 311 168
140-0-1-0.05-50-0 0 2313 34 4 3 2 0.7448 0.0723 168 351
140-0-1-0.05-50-0 0 2313 6 15 2 5 0.4266 0.7918 249 149
140-0-1-0.05-50-0 0 2314 15 34 4 3 0.7918 0.7448 149 168
140-0-1-0.05-50-0 0 2314 17 22 21 9 0.6398 0.0160 197 311
140-0-1-0.05-50-0 0 2315 20 16 1 8 0.9922 0.2228 102 149
140-0-1-0.05-50-0 0 2315 12 50 3 19 0.1896 0.2147 325 147
140-0-1-0.05-50-0 0 2316 45 36 7 5 0.3816 0.8162 173 165
140-0-1-0.05-50-0 0 2316 17 50 25 21 0.6398 0.2147 197 147
140-0-1-0.05-50-0 0 2317 22 6 9 2 0.0160 0.4266 311 249
140-0-1-0.05-50-0 0 2317 22 12 9 3 0.0160 0.1896 311 325
140-0-1-0.05-50-0 0 2318 17 6 24 1 0.6398 0.4266 197 249
140-0-1-0.05-50-0 0 2318 1 22 3 9 0.2520 0.0160 409 311
140-0-1-0.05-50-0 0 2319 18 16 2 7 0.2181 0.2228 226 149
140-0-1-0.05-50-0 0 2319 17 50 26 23 0.6398 0.2147 197 147
140-0-1-0.05-50-0 0 2320 22 8 8 2 0.0160 0.2506 311 303
140-0-1-0.05-50-0 0 2320 50 22 24 8 0.2147 0.0160 147 311
140-0-1-0.05-50-0 0 2321 20 45 2 7 0.9922 0.3816 102 173
140-0-1-0.05-50-0 0 2321 22 17 8 27 0.0160 0.6398 311 197
140-0-1-0.05-50-0 0 2322 50 31 28 3 0.2147 0.5626 147 252
140-0-1-0.05-50-0 0 2322 45 20 5 2 0.3816 0.9922 173 102
140-0-1-0.05-50-0 0 2323 50 15 27 4 0.2147 0.7918 147 149
140-0-1-0.05-50-0 0 2323 25 32 3 3 0.9430 0.6514 125 215
140-0-1-0.05-50-0 0 2324 48 44 3 4 0.1153 0.7034 334 118
140-0-1-0.05-50-0 0 2324 20 50 1 26 0.9922 0.2147 102 147
140-0-1-0.05-50-0 0 2325 41 1 1 3 0.9621 0.2520 105 409
140-0-1-0.05-50-0 0 2325 45 50 6 26 0.3816 0.2147 173 147
140-0-1-0.05-50-0 0 2326 50 45 23 6 0.2147 0.3816 147 173
140-0-1-0.05-50-0 0 2326 42 17 2 25 0.7447 0.6398 106 197
140-0-1-0.05-50-0 0 2327 22 50 7 23 0.0160 0.2147 311 147
140-0-1-0.05-50-0 0 2327 1 39 3 1 0.2520 0.2187 409 309
140-0-1-0.05-50-0 0 2328 17 45 23 5 0.6398 0.3816 197 173
140-0-1-0.05-50-0 0 2328 50 17 23 23 0.2147 0.6398 147 197
140-0-1-0.05-50-0 0 2329 36 17 4 23 0.8162 0.6398 165 197
140-0-1-0.05-50-0 0 2329 50 17 24 22 0.2147 0.6398 147 197
140-0-1-0.05-50-0 0 2330 50 50 22 22 0.2147 0.2147 147 147
140-0-1-0.05-50-0 0 2330 44 17 3 22 0.7034 0.6398 118 197
140-0-1-0.05-50-0 0 2331 45 22 4 9 0.3816 0.0160 173 311
140-0-1-0.05-50-0 0 2331 30 22 3 8 0.6008 0.0160 266 311
140-0-1-0.05-50-0 0 2332 4 42 3 2 0.0723 0.7447 351 106
140-0-1-0.05-50-0 0 2332 44 50 3 22 0.7034 0.2147 118 147
140-0-1-0.05-50-0 0 2333 33 50 2 23 0.6893 0.2147 191 147
140-0-1-0.05-50-0 0 2333 15 30 4 3 0.7918 0.6008 149 266
140-0-1-0.05-50-0 0 2334 15 32 4 2 0.7918 0.6514 149 215
140-0-1-0.05-50-0 0 2334 45 17 5 24 0.3816 0.6398 173 197
140-0-1-0.05-50-0 0 2335 27 25 2 2 0.0776 0.9430 149 125
140-0-1-0.05-50-0 0 2335 31 17 2 21 0.5626 0.6398 252 197
140-0-1-0.05-50-0 0 2336 17 25 20 1 0.6398 0.9430 197 125
140-0-1-0.05-50-0 0 2336 17 50 20 23 0.6398 0.2147 197 147
140-0-1-0.05-50-0 0 2337 22 15 13 6 0.0160 0.7918 311 149
140-0-1-0.05-50-0 0 2337 17 22 18 13 0.6398 0.0160 197 311
140-0-1-0.05-50-0 0 2338 15 41 5 2 0.7918 0.9621 149 105
140-0-1-0.05-50-0 0 2338 22 44 12 4 0.0160 0.7034 311 118
140-0-1-0.05-50-0 0 2339 17 17 20 20 0.6398 0.6398 197 197
140-0-1-0.05-50-0 0 2339 1 22 8 14 0.2520 0.0160 409 311
140-0-1-0.05-50-0 0 2340 48 50 5 17 0.1153 0.2147 334 147
140-0-1-0.05-50-0 0 2340 50 36 16 6 0.2147 0.8162 147 165
140-0-1-0.05-50-0 0 2341 36 36 5 5 0.8162 0.8162 165 165
140-0-1-0.05-50-0 0 2341 30 17 2 18 0.6008 0.6398 266 197
140-0-1-0.05-50-0 0 2342 41 50 1 16 0.9621 0.2147 105 147
140-0-1-0.05-50-0 0 2342 17 31 16 3 0.6398 0.5626 197 252
140-0-1-0.05-50-0 0 2343 42 22 1 13 0.7447 0.0160 106 311
140-0-1-0.05-50-0 0 2343 50 22 13 12 0.2147 0.0160 147 311
140-0-1-0.05-50-0 0 2344 48 34 4 5 0.1153 0.7448 334 168
140-0-1-0.05-50-0 0 2344 15 50 4 13 0.7918 0.2147 149 147
140-0-1-0.05-50-0 0 2345 44 12 5 4 0.7034 0.1896 118 325
140-0-1-0.05-50-0 0 2345 1 17 10 17 0.2520 0.6398 409 197
140-0-1-0.05-50-0 0 2346 37 18 2 1 0.8481 0.2181 127 226
140-0-1-0.05-50-0 0 2346 15 4 3 2 0.7918 0.0723 149 351
140-0-1-0.05-50-0 0 2347 15 50 3 9 0.7918 0.2147 149 147
140-0-1-0.05-50-0 0 2348 22 34 8 4 0.0160 0.7448 311 168
140-0-1-0.05-50-0 0 2349 9 17 1 15 0.6134 0.6398 161 197
140-0-1-0.05-50-0 0 2350 1 37 12 3 0.2520 0.8481 409 127
140-0-1-0.05-50-0 0 2351 17 22 14 10 0.6398 0.0160 197 311
140-0-1-0.05-50-0 0 2352 44 44 7 7 0.7034 0.7034 118 118
140-0-1-0.05-50-0 0 2353 45 37 4 3 0.3816 0.8481 173 127
140-0-1-0.05-50-0 0 2354 50 17 11 13 0.2147 0.6398 147 197
140-0-1-0.05-50-0 0 2354 49 12 3 4 0.1842 0.1896 136 325
140-0-1-0.05-50-0 0 2355 44 12 6 4 0.7034 0.1896 118 325
140-0-1-0.05-50-0 0 2355 20 1 1 13 0.9922 0.2520 102 409
140-0-1-0.05-50-0 0 2356 44 1 6 12 0.7034 0.2520 118 409
140-0-1-0.05-50-0 0 2356 1 1 11 11 0.2520 0.2520 409 409
140-0-1-0.05-50-0 0 2357 50 1 12 10 0.2147 0.2520 147 409
140-0-1-0.05-50-0 0 2357 42 31 1 7 0.7447 0.5626 106 252
140-0-1-0.05-50-0 0 2358 17 30 13 2 0.6398 0.6008 197 266
140-0-1-0.05-50-0 0 2358 49 48 4 2 0.1842 0.1153 136 334
140-0-1-0.05-50-0 0 2359 37 50 3 10 0.8481 0.2147 127 147
140-0-1-0.05-50-0 0 2359 45 44 5 5 0.3816 0.7034 173 118
140-0-1-0.05-50-0 0 2360 49 44 5 4 0.1842 0.7034 136 118
140-0-1-0.05-50-0 0 2361 30 1 1 8 0.6008 0.2520 266 409
140-0-1-0.05-50-0 0 2362 34 34 6 6 0.7448 0.7448 168 168
140-0-1-0.05-50-0 0 2362 1 38 7 3 0.2520 0.6163 409 270
140-0-1-0.05-50-0 0 2363 12 1 4 6 0.1896 0.2520 325 409
140-0-1-0.05-50-0 0 2363 17 44 12 3 0.6398 0.7034 197 118
140-0-1-0.05-50-0 0 2364 9 17 5 12 0.6134 0.6398 161 197
140-0-1-0.05-50-0 0 2364 16 14 3 1 0.2228 0.8451 149 105
140-0-1-0.05-50-0 0 2365 47 22 1 10 0.9293 0.0160 103 311
140-0-1-0.05-50-0 0 2365 16 12 3 4 0.2228 0.1896 149 325
140-0-1-0.05-50-0 0 2366 15 49 6 5 0.7918 0.1842 149 136
140-0-1-0.05-50-0 0 2366 17 37 15 1 0.6398 0.8481 197 127
140-0-1-0.05-50-0 0 2367 45 50 3 10 0.3816 0.2147 173 147
140-0-1-0.05-50-0 0 2367 1 49 6 5 0.2520 0.1842 409 136
140-0-1-0.05-50-0 0 2368 45 36 2 12 0.3816 0.8162 173 165
140-0-1-0.05-50-0 0 2368 48 7 1 1 0.1153 0.9267 334 106
140-0-1-0.05-50-0 0 2369 17 16 16 3 0.6398 0.2228 197 149
140-0-1-0.05-50-0 0 2369 12 17 7 16 0.1896 0.6398 325 197
140-0-1-0.05-50-0 0 2370 12 1 6 4 0.1896 0.2520 325 409
140-0-1-0.05-50-0 0 2370 31 17 5 15 0.5626 0.6398 252 197
140-0-1-0.05-50-0 0 2371 4 12 1 5 0.0723 0.1896 351 325
140-0-1-0.05-50-0 0 2371 44 20 4 2 0.7034 0.9922 118 102
140-0-1-0.05-50-0 0 2372 34 44 4 4 0.7448 0.7034 168 118
140-0-1-0.05-50-0 0 2372 15 1 5 3 0.7918 0.2520 149 409
140-0-1-0.05-50-0 0 2373 17 17 14 14 0.6398 0.6398 197 197
140-0-1-0.05-50-0 0 2374 30 36 2 13 0.6008 0.8162 266 165
140-0-1-0.05-50-0 0 2374 15 44 5 3 0.7918 0.7034 149 118
140-0-1-0.05-50-0 0 2375 4 44 1 2 0.0723 0.7034 351 118
140-0-1-0.05-50-0 0 2375 17 46 13 2 0.6398 0.3451 197 327
140-0-1-0.05-50-0 0 2376 17 31 13 7 0.6398 0.5626 197 252
140-0-1-0.05-50-0 0 2376 32 15 8 5 0.6514 0.7918 215 149
140-0-1-0.05-50-0 0 2377 31 22 6 11 0.5626 0.0160 252 311
140-0-1-0.05-50-0 0 2377 9 32 4 8 0.6134 0.6514 161 215
140-0-1-0.05-50-0 0 2378 44 31 1 6 0.7034 0.5626 118 252
140-0-1-0.05-50-0 0 2378 17 38 14 2 0.6398 0.6163 197 270
140-0-1-0.05-50-0 0 2379 22 16 12 2 0.0160 0.2228 311 149
140-0-1-0.05-50-0 0 2379 22 1 12 3 0.0160 0.2520 311 409
140-0-1-0.05-50-0 0 2380 34 49 4 4 0.7448 0.1842 168 136
140-0-1-0.05-50-0 0 2381 49 16 3 1 0.1842 0.2228 136 149
140-0-1-0.05-50-0 0 2381 17 44 18 1 0.6398 0.7034 197 118
140-0-1-0.05-50-0 0 2382 40 17 2 19 0.9739 0.6398 104 197
140-0-1-0.05-50-0 0 2382 17 2 18 1 0.6398 0.8198 197 167
140-0-1-0.05-50-0 0 2383 36 36 10 10 0.8162 0.8162 165 165
140-0-1-0.05-50-0 0 2384 1 13 2 3 0.2520 0.8878 409 151
140-0-1-0.05-50-0 0 2384 34 49 4 4 0.7448 0.1842 168 136
140-0-1-0.05-50-0 0 2385 17 31 15 3 0.6398 0.5626 197 252
140-0-1-0.05-50-0 0 2385 36 17 12 15 0.8162 0.6398 165 197
140-0-1-0.05-50-0 0 2386 32 50 11 6 0.6514 0.2147 215 147
140-0-1-0.05-50-0 0 2387 32 23 12 2 0.6514 0.1698 215 476
140-0-1-0.05-50-0 0 2388 12 13 5 2 0.1896 0.8878 325 151
140-0-1-0.05-50-0 0 2389 17 17 13 13 0.6398 0.6398 197 197
140-0-1-0.05-50-0 0 2389 9 35 5 3 0.6134 0.0354 161 158
140-0-1-0.05-50-0 0 2390 9 32 5 13 0.6134 0.6514 161 215
140-0-1-0.05-50-0 0 2390 34 36 5 13 0.7448 0.8162 168 165
140-0-1-0.05-50-0 0 2391 17 17 13 13 0.6398 0.6398 197 197
140-0-1-0.05-50-0 0 2391 32 32 11 11 0.6514 0.6514 215 215
140-0-1-0.05-50-0 0 2392 36 4 14 1 0.8162 0.0723 165 351
140-0-1-0.05-50-0 0 2392 36 36 14 14 0.8162 0.8162 165 165
140-0-1-0.05-50-0 0 2393 12 17 9 14 0.1896 0.6398 325 197
140-0-1-0.05-50-0 0 2394 17 40 13 4 0.6398 0.9739 197 104
140-0-1-0.05-50-0 0 2395 9 40 3 4 0.6134 0.9739 161 104
140-0-1-0.05-50-0 0 2395 31 1 6 1 0.5626 0.2520 252 409
140-0-1-0.05-50-0 0 2396 36 22 14 11 0.8162 0.0160 165 311
140-0-1-0.05-50-0 0 2396 30 36 2 14 0.6008 0.8162 266 165
140-0-1-0.05-50-0 0 2397 12 35 10 1 0.1896 0.0354 325 158
140-0-1-0.05-50-0 0 2397 12 32 10 9 0.1896 0.6514 325 215
140-0-1-0.05-50-0 0 2398 12 12 10 10 0.1896 0.1896 325 325
140-0-1-0.05-50-0 0 2398 31 27 5 2 0.5626 0.0776 252 149
140-0-1-0.05-50-0 0 2399 22 42 13 1 0.0160 0.7447 311 106
140-0-1-0.05-50-0 0 2399 17 39 19 1 0.6398 0.2187 197 309
140-0-1-0.05-50-0 0 2400 17 27 19 1 0.6398 0.0776 197 149
140-0-1-0.05-50-0 0 2400 50 30 5 3 0.2147 0.6008 147 266
140-0-1-0.05-50-0 0 2401 34 17 4 19 0.7448 0.6398 168 197
140-0-1-0.05-50-0 0 2401 36 36 13 13 0.8162 0.8162 165 165
140-0-1-0.05-50-0 0 2402 22 31 14 5 0.0160 0.5626 311 252
140-0-1-0.05-50-0 0 2402 17 17 18 18 0.6398 0.6398 197 197
140-0-1-0.05-50-0 0 2403 17 9 19 3 0.6398 0.6134 197 161
140-0-1-0.05-50-0 0 2403 32 36 12 15 0.6514 0.8162 215 165
140-0-1-0.05-50-0 0 2404 12 36 9 15 0.1896 0.8162 325 165
140-0-1-0.05-50-0 0 2404 32 43 12 2 0.6514 0.8316 215 123
140-0-1-0.05-50-0 0 2405 17 17 19 19 0.6398 0.6398 197 197
140-0-1-0.05-50-0 0 2405 22 41 15 2 0.0160 0.9621 311 105
140-0-1-0.05-50-0 0 2406 17 40 20 7 0.6398 0.9739 197 104
140-0-1-0.05-50-0 0 2406 32 17 12 20 0.6514 0.6398 215 197
140-0-1-0.05-50-0 0 2407 30 29 2 6 0.6008 0.6728 266 177
140-0-1-0.05-50-0 0 2407 41 36 2 11 0.9621 0.8162 105 165
140-0-1-0.05-50-0 0 2408 36 17 10 21 0.8162 0.6398 165 197
140-0-1-0.05-50-0 0 2408 9 36 1 10 0.6134 0.8162 161 165
140-0-1-0.05-50-0 0 2409 17 10 19 2 0.6398 0.2533 197 449
140-0-1-0.05-50-0 0 2409 32 34 15 4 0.6514 0.7448 215 168
140-0-1-0.05-50-0 0 2410 4 32 2 16 0.0723 0.6514 351 215
140-0-1-0.05-50-0 0 2410 43 29 1 8 0.8316 0.6728 123 177
140-0-1-0.05-50-0 0 2411 22 30 16 2 0.0160 0.6008 311 266
140-0-1-0.05-50-0 0 2411 17 36 18 9 0.6398 0.8162 197 165
140-0-1-0.05-50-0 0 2412 22 50 15 12 0.0160 0.2147 311 147
140-0-1-0.05-50-0 0 2412 50 31 11 3 0.2147 0.5626 147 252
140-0-1-0.05-50-0 0 2413 36 40 8 5 0.8162 0.9739 165 104
140-0-1-0.05-50-0 0 2413 8 36 4 8 0.2506 0.8162 303 165
140-0-1-0.05-50-0 0 2414 22 12 14 11 0.0160 0.1896 311 325
140-0-1-0.05-50-0 0 2414 36 32 7 17 0.8162 0.6514 165 215
140-0-1-0.05-50-0 0 2415 29 10 6 1 0.6728 0.2533 177 449
140-0-1-0.05-50-0 0 2415 31 45 3 3 0.5626 0.3816 252 173
140-0-1-0.05-50-0 0 2416 40 50 6 12 0.9739 0.2147 104 147
140-0-1-0.05-50-0 0 2416 17 22 18 16 0.6398 0.0160 197 311
140-0-1-0.05-50-0 0 2417 22 41 15 4 0.0160 0.9621 311 105
140-0-1-0.05-50-0 0 2417 8 17 5 17 0.2506 0.6398 303 197
140-0-1-0.05-50-0 0 2418 32 19 18 2 0.6514 0.8072 215 134
140-0-1-0.05-50-0 0 2418 17 32 15 18 0.6398 0.6514 197 215
140-0-1-0.05-50-0 0 2419 49 8 1 6 0.1842 0.2506 136 303
140-0-1-0.05-50-0 0 2419 29 34 5 4 0.6728 0.7448 177 168
140-0-1-0.05-50-0 0 2420 44 22 2 12 0.7034 0.0160 118 311
140-0-1-0.05-50-0 0 2420 29 40 4 4 0.6728 0.9739 177 104
140-0-1-0.05-50-0 0 2421 32 40 17 3 0.6514 0.9739 215 104
140-0-1-0.05-50-0 0 2421 32 12 17 8 0.6514 0.1896 215 325
140-0-1-0.05-50-0 0 2422 13 13 5 5 0.8878 0.8878 151 151
140-0-1-0.05-50-0 0 2422 9 41 1 5 0.6134 0.9621 161 105
140-0-1-0.05-50-0 0 2423 45 36 2 8 0.3816 0.8162 173 165
140-0-1-0.05-50-0 0 2423 32 22 18 10 0.6514 0.0160 215 311
140-0-1-0.05-50-0 0 2424 36 29 5 4 0.8162 0.6728 165 177
140-0-1-0.05-50-0 0 2424 17 31 14 2 0.6398 0.5626 197 252
140-0-1-0.05-50-0 0 2425 50 50 8 8 0.2147 0.2147 147 147
140-0-1-0.05-50-0 0 2425 29 32 3 17 0.6728 0.6514 177 215
140-0-1-0.05-50-0 0 2426 22 8 12 5 0.0160 0.2506 311 303
140-0-1-0.05-50-0 0 2426 36 40 5 3 0.8162 0.9739 165 104
140-0-1-0.05-50-0 0 2427 36 45 5 2 0.8162 0.3816 165 173
140-0-1-0.05-50-0 0 2427 29 40 4 2 0.6728 0.9739 177 104
140-0-1-0.05-50-0 0 2428 48 50 2 7 0.1153 0.2147 334 147
140-0-1-0.05-50-0 0 2428 17 36 15 6 0.6398 0.8162 197 165
140-0-1-0.05-50-0 0 2429 50 17 6 16 0.2147 0.6398 147 197
140-0-1-0.05-50-0 0 2429 29 7 3 2 0.6728 0.9267 177 106
140-0-1-0.05-50-0 0 2430 32 22 17 12 0.6514 0.0160 215 311
140-0-1-0.05-50-0 0 2430 32 49 17 4 0.6514 0.1842 215 136
140-0-1-0.05-50-0 0 2431 32 17 17 13 0.6514 0.6398 215 197
140-0-1-0.05-50-0 0 2431 16 45 4 1 0.2228 0.3816 149 173
140-0-1-0.05-50-0 0 2432 22 32 11 20 0.0160 0.6514 311 215
140-0-1-0.05-50-0 0 2432 32 22 19 11 0.6514 0.0160 215 311
140-0-1-0.05-50-0 0 2433 48 23 2 1 0.1153 0.1698 334 476
140-0-1-0.05-50-0 0 2433 17 12 12 9 0.6398 0.1896 197 325
140-0-1-0.05-50-0 0 2434 6 17 1 12 0.4266 0.6398 249 197
140-0-1-0.05-50-0 0 2434 50 32 8 17 0.2147 0.6514 147 215
140-0-1-0.05-50-0 0 2435 22 50 10 8 0.0160 0.2147 311 147
140-0-1-0.05-50-0 0 2435 34 36 2 4 0.7448 0.8162 168 165
140-0-1-0.05-50-0 0 2436 41 32 7 17 0.9621 0.6514 105 215
140-0-1-0.05-50-0 0 2436 22 22 11 11 0.0160 0.0160 311 311
140-0-1-0.05-50-0 0 2437 8 8 7 7 0.2506 0.2506 303 303
140-0-1-0.05-50-0 0 2437 8 17 6 11 0.2506 0.6398 303 197
140-0-1-0.05-50-0 0 2438 17 9 11 1 0.6398 0.6134 197 161
140-0-1-0.05-50-0 0 2438 22 8 10 7 0.0160 0.2506 311 303
140-0-1-0.05-50-0 0 2439 35 32 2 16 0.0354 0.6514 158 215
140-0-1-0.05-50-0 0 2439 40 10 1 5 0.9739 0.2533 104 449
140-0-1-0.05-50-0 0 2440 50 13 6 5 0.2147 0.8878 147 151
140-0-1-0.05-50-0 0 2440 19 12 2 9 0.8072 0.1896 134 325
140-0-1-0.05-50-0 0 2441 50 32 6 14 0.2147 0.6514 147 215
140-0-1-0.05-50-0 0 2441 41 22 8 10 0.9621 0.0160 105 311
140-0-1-0.05-50-0 0 2442 12 22 8 10 0.1896 0.0160 325 311
140-0-1-0.05-50-0 0 2442 41 12 8 8 0.9621 0.1896 105 325
140-0-1-0.05-50-0 0 2443 12 50 7 6 0.1896 0.2147 325 147
140-0-1-0.05-50-0 0 2443 32 32 12 12 0.6514 0.6514 215 215
140-0-1-0.05-50-0 0 2444 32 50 10 5 0.6514 0.2147 215 147
140-0-1-0.05-50-0 0 2444 13 17 4 14 0.8878 0.6398 151 197
140-0-1-0.05-50-0 0 2445 21 22 2 11 0.4184 0.0160 158 311
140-0-1-0.05-50-0 0 2445 22 26 10 1 0.0160 0.8171 311 141
140-0-1-0.05-50-0 0 2446 35 41 4 7 0.0354 0.9621 158 105
140-0-1-0.05-50-0 0 2447 13 22 2 10 0.8878 0.0160 151 311
140-0-1-0.05-50-0 0 2448 38 50 2 4 0.6163 0.2147 270 147
140-0-1-0.05-50-0 0 2449 21 17 1 15 0.4184 0.6398 158 197
140-0-1-0.05-50-0 0 2450 38 16 2 1 0.6163 0.2228 270 149
140-0-1-0.05-50-0 0 2451 36 22 5 11 0.8162 0.0160 165 311
140-0-1-0.05-50-0 0 2451 17 36 15 5 0.6398 0.8162 197 165
140-0-1-0.05-50-0 0 2452 22 30 10 3 0.0160 0.6008 311 266
140-0-1-0.05-50-0 0 2453 36 17 3 14 0.8162 0.6398 165 197
140-0-1-0.05-50-0 0 2454 3 12 1 5 0.4813 0.1896 321 325
140-0-1-0.05-50-0 0 2455 6 41 1 4 0.4266 0.9621 249 105
140-0-1-0.05-50-0 0 2456 8 22 5 7 0.2506 0.0160 303 311
140-0-1-0.05-50-0 0 2457 6 38 1 2 0.4266 0.6163 249 270
140-0-1-0.05-50-0 0 2458 17 34 11 1 0.6398 0.7448 197 168
140-0-1-0.05-50-0 0 2459 10 21 5 2 0.2533 0.4184 449 158
140-0-1-0.05-50-0 0 2460 32 29 7 2 0.6514 0.6728 215 177
140-0-1-0.05-50-0 0 2461 8 48 7 4 0.2506 0.1153 303 334
140-0-1-0.05-50-0 0 2462 28 35 2 6 0.3846 0.0354 311 158
140-0-1-0.05-50-0 0 2463 32 17 6 11 0.6514 0.6398 215 197
140-0-1-0.05-50-0 0 2464 35 30 6 1 0.0354 0.6008 158 266
140-0-1-0.05-50-0 0 2465 17 8 11 7 0.6398 0.2506 197 303
140-0-1-0.05-50-0 0 2466 19 22 9 6 0.8072 0.0160 134 311
140-0-1-0.05-50-0 0 2466 3 17 1 13 0.4813 0.6398 321 197
140-0-1-0.05-50-0 0 2467 36 47 4 1 0.8162 0.9293 165 103
140-0-1-0.05-50-0 0 2467 38 19 3 10 0.6163 0.8072 270 134
140-0-1-0.05-50-0 0 2468 38 32 3 6 0.6163 0.6514 270 215
140-0-1-0.05-50-0 0 2468 21 50 1 4 0.4184 0.2147 158 147
140-0-1-0.05-50-0 0 2469 12 50 6 3 0.1896 0.2147 325 147
140-0-1-0.05-50-0 0 2469 38 23 5 1 0.6163 0.1698 270 476
140-0-1-0.05-50-0 0 2470 22 39 8 3 0.0160 0.2187 311 309
140-0-1-0.05-50-0 0 2470 38 22 4 8 0.6163 0.0160 270 311
140-0-1-0.05-50-0 0 2471 19 35 10 5 0.8072 0.0354 134 158
140-0-1-0.05-50-0 0 2471 26 50 1 2 0.8171 0.2147 141 147
140-0-1-0.05-50-0 0 2472 38 39 4 2 0.6163 0.2187 270 309
140-0-1-0.05-50-0 0 2472 42 27 2 4 0.7447 0.0776 106 149
140-0-1-0.05-50-0 0 2473 19 13 9 5 0.8072 0.8878 134 151
140-0-1-0.05-50-0 0 2474 36 22 4 9 0.8162 0.0160 165 311
140-0-1-0.05-50-0 0 2475 8 22 7 8 0.2506 0.0160 303 311
140-0-1-0.05-50-0 0 2476 42 8 2 7 0.7447 0.2506 106 303
140-0-1-0.05-50-0 0 2477 27 42 2 2 0.0776 0.7447 149 106
140-0-1-0.05-50-0 0 2478 22 10 6 5 0.0160 0.2533 311 449
140-0-1-0.05-50-0 0 2479 32 48 1 5 0.6514 0.1153 215 334
140-0-1-0.05-50-0 0 2479 39 8 1 5 0.2187 0.2506 309 303
140-0-1-0.05-50-0 0 2480 12 10 3 4 0.1896 0.2533 325 449
140-0-1-0.05-50-0 0 2480 17 38 17 5 0.6398 0.6163 197 270
140-0-1-0.05-50-0 0 2481 36 31 5 5 0.8162 0.5626 165 252
140-0-1-0.05-50-0 0 2481 19 17 12 18 0.8072 0.6398 134 197
140-0-1-0.05-50-0 0 2482 48 22 4 7 0.1153 0.0160 334 311
140-0-1-0.05-50-0 0 2483 13 17 4 15 0.8878 0.6398 151 197
140-0-1-0.05-50-0 0 2484 17 45 14 1 0.6398 0.3816 197 173
140-0-1-0.05-50-0 0 2485 17 31 14 5 0.6398 0.5626 197 252
140-0-1-0.05-50-0 0 2486 19 15 15 1 0.8072 0.7918 134 149
140-0-1-0.05-50-0 0 2487 17 38 12 3 0.6398 0.6163 197 270
140-0-1-0.05-50-0 0 2488 41 35 3 2 0.9621 0.0354 105 158
140-0-1-0.05-50-0 0 2489 17 19 12 15 0.6398 0.8072 197 134
140-0-1-0.05-50-0 0 2489 25 19 4 14 0.9430 0.8072 125 134
140-0-1-0.05-50-0 0 2490 22 19 7 14 0.0160 0.8072 311 134
140-0-1-0.05-50-0 0 2490 25 48 5 5 0.9430 0.1153 125 334
140-0-1-0.05-50-0 0 2491 43 17 1 12 0.8316 0.6398 123 197
140-0-1-0.05-50-0 0 2491 12 50 3 1 0.1896 0.2147 325 147
140-0-1-0.05-50-0 0 2492 17 31 12 3 0.6398 0.5626 197 252
140-0-1-0.05-50-0 0 2493 36 8 7 5 0.8162 0.2506 165 303
140-0-1-0.05-50-0 0 2494 27 19 1 13 0.0776 0.8072 149 134
140-0-1-0.05-50-0 0 2495 43 18 1 1 0.8316 0.2181 123 226
140-0-1-0.05-50-0 0 2495 22 13 7 4 0.0160 0.8878 311 151
140-0-1-0.05-50-0 0 2496 39 39 4 4 0.2187 0.2187 309 309
140-0-1-0.05-50-0 0 2496 40 13 3 3 0.9739 0.8878 104 151
140-0-1-0.05-50-0 0 2497 17 22 12 7 0.6398 0.0160 197 311
140-0-1-0.05-50-0 0 2497 19 47 11 2 0.8072 0.9293 134 103
140-0-1-0.05-50-0 0 2498 22 36 7 5 0.0160 0.8162 311 165
140-0-1-0.05-50-0 0 2498 24 40 2 3 0.1940 0.9739 254 104
140-0-1-0.05-50-0 0 2499 19 16 11 2 0.8072 0.2228 134 149
140-0-1-0.05-50-0 0 2499 22 40 8 2 0.0160 0.9739 311 104
140-0-1-0.05-50-0 0 2500 46 48 6 6 0.3451 0.1153 327 334
140-0-1-0.05-50-0 0 2500 48 39 5 2 0.1153 0.2187 334 309
