145-0-1-0.05-50-0 0 2302 48 9 22 2 0.1153 0.6134 334 161
145-0-1-0.05-50-0 0 2302 28 4 1 2 0.3846 0.0723 311 351
145-0-1-0.05-50-0 0 2303 19 48 2 24 0.8072 0.1153 134 334
145-0-1-0.05-50-0 0 2303 48 3 23 9 0.1153 0.4813 334 321
145-0-1-0.05-50-0 0 2304 48 16 25 7 0.1153 0.2228 334 149
145-0-1-0.05-50-0 0 2304 48 48 25 25 0.1153 0.1153 334 334
145-0-1-0.05-50-0 0 2305 48 48 24 24 0.1153 0.1153 334 334
145-0-1-0.05-50-0 0 2305 11 5 8 5 0.0504 0.0007 384 226
145-0-1-0.05-50-0 0 2306 3 6 9 6 0.4813 0.4266 321 249
145-0-1-0.05-50-0 0 2306 45 16 2 9 0.3816 0.2228 173 149
145-0-1-0.05-50-0 0 2307 35 19 5 2 0.0354 0.8072 158 134
145-0-1-0.05-50-0 0 2307 47 48 4 23 0.9293 0.1153 103 334
145-0-1-0.05-50-0 0 2308 48 8 25 5 0.1153 0.2506 334 303
145-0-1-0.05-50-0 0 2308 6 34 5 4 0.4266 0.7448 249 168
145-0-1-0.05-50-0 0 2309 17 34 4 3 0.6398 0.7448 197 168
145-0-1-0.05-50-0 0 2309 3 45 8 3 0.4813 0.3816 321 173
145-0-1-0.05-50-0 0 2310 8 48 4 25 0.2506 0.1153 303 334
145-0-1-0.05-50-0 0 2310 3 24 8 4 0.4813 0.1940 321 254
145-0-1-0.05-50-0 0 2311 32 16 3 8 0.6514 0.2228 215 149
145-0-1-0.05-50-0 0 2311 38 48 1 25 0.6163 0.1153 270 334
145-0-1-0.05-50-0 0 2312 48 48 26 26 0.1153 0.1153 334 334
145-0-1-0.05-50-0 0 2312 16 48 6 25 0.2228 0.1153 149 334
145-0-1-0.05-50-0 0 2313 8 8 7 7 0.2506 0.2506 303 303
145-0-1-0.05-50-0 0 2313 47 48 3 23 0.9293 0.1153 103 334
145-0-1-0.05-50-0 0 2314 9 48 1 20 0.6134 0.1153 161 334
145-0-1-0.05-50-0 0 2314 35 24 10 3 0.0354 0.1940 158 254
145-0-1-0.05-50-0 0 2315 48 16 19 5 0.1153 0.2228 334 149
145-0-1-0.05-50-0 0 2315 24 10 2 5 0.1940 0.2533 254 449
145-0-1-0.05-50-0 0 2316 39 5 4 4 0.2187 0.0007 309 226
145-0-1-0.05-50-0 0 2316 8 48 8 18 0.2506 0.1153 303 334
145-0-1-0.05-50-0 0 2317 34 28 2 3 0.7448 0.3846 168 311
145-0-1-0.05-50-0 0 2317 3 48 10 17 0.4813 0.1153 321 334
145-0-1-0.05-50-0 0 2318 11 10 9 4 0.0504 0.2533 384 449
145-0-1-0.05-50-0 0 2318 11 39 9 5 0.0504 0.2187 384 309
145-0-1-0.05-50-0 0 2319 24 48 2 16 0.1940 0.1153 254 334
145-0-1-0.05-50-0 0 2319 47 14 2 1 0.9293 0.8451 103 105
145-0-1-0.05-50-0 0 2320 15 5 1 3 0.7918 0.0007 149 226
145-0-1-0.05-50-0 0 2320 28 21 2 2 0.3846 0.4184 311 158
145-0-1-0.05-50-0 0 2321 27 45 1 2 0.0776 0.3816 149 173
145-0-1-0.05-50-0 0 2322 42 15 2 1 0.7447 0.7918 106 149
145-0-1-0.05-50-0 0 2323 34 48 1 13 0.7448 0.1153 168 334
145-0-1-0.05-50-0 0 2324 35 48 10 12 0.0354 0.1153 158 334
145-0-1-0.05-50-0 0 2325 48 39 11 6 0.1153 0.2187 334 309
145-0-1-0.05-50-0 0 2326 8 3 5 5 0.2506 0.4813 303 321
145-0-1-0.05-50-0 0 2327 19 10 1 5 0.8072 0.2533 134 449
145-0-1-0.05-50-0 0 2328 10 32 4 3 0.2533 0.6514 449 215
145-0-1-0.05-50-0 0 2329 39 35 5 12 0.2187 0.0354 309 158
145-0-1-0.05-50-0 0 2330 10 42 5 3 0.2533 0.7447 449 106
145-0-1-0.05-50-0 0 2331 6 27 8 2 0.4266 0.0776 249 149
145-0-1-0.05-50-0 0 2331 35 11 12 5 0.0354 0.0504 158 384
145-0-1-0.05-50-0 0 2332 17 39 6 5 0.6398 0.2187 197 309
145-0-1-0.05-50-0 0 2332 35 10 14 5 0.0354 0.2533 158 449
145-0-1-0.05-50-0 0 2333 48 8 16 8 0.1153 0.2506 334 303
145-0-1-0.05-50-0 0 2333 43 8 1 7 0.8316 0.2506 123 303
145-0-1-0.05-50-0 0 2334 48 35 15 15 0.1153 0.0354 334 158
145-0-1-0.05-50-0 0 2334 35 35 14 14 0.0354 0.0354 158 158
145-0-1-0.05-50-0 0 2335 9 39 1 4 0.6134 0.2187 161 309
145-0-1-0.05-50-0 0 2335 48 16 17 2 0.1153 0.2228 334 149
145-0-1-0.05-50-0 0 2336 17 9 7 1 0.6398 0.6134 197 161
145-0-1-0.05-50-0 0 2336 1 17 4 7 0.2520 0.6398 409 197
145-0-1-0.05-50-0 0 2337 7 35 2 13 0.9267 0.0354 106 158
145-0-1-0.05-50-0 0 2337 31 48 2 20 0.5626 0.1153 252 334
145-0-1-0.05-50-0 0 2338 10 35 4 14 0.2533 0.0354 449 158
145-0-1-0.05-50-0 0 2338 6 35 6 13 0.4266 0.0354 249 158
145-0-1-0.05-50-0 0 2339 47 47 3 3 0.9293 0.9293 103 103
145-0-1-0.05-50-0 0 2339 19 48 1 19 0.8072 0.1153 134 334
145-0-1-0.05-50-0 0 2340 17 38 8 2 0.6398 0.6163 197 270
145-0-1-0.05-50-0 0 2340 21 36 1 4 0.4184 0.8162 158 165
145-0-1-0.05-50-0 0 2341 36 39 3 5 0.8162 0.2187 165 309
145-0-1-0.05-50-0 0 2341 6 32 8 3 0.4266 0.6514 249 215
145-0-1-0.05-50-0 0 2342 35 7 13 3 0.0354 0.9267 158 106
145-0-1-0.05-50-0 0 2342 17 48 8 16 0.6398 0.1153 197 334
145-0-1-0.05-50-0 0 2343 3 12 6 1 0.4813 0.1896 321 325
145-0-1-0.05-50-0 0 2343 48 1 17 4 0.1153 0.2520 334 409
145-0-1-0.05-50-0 0 2344 24 48 1 18 0.1940 0.1153 254 334
145-0-1-0.05-50-0 0 2344 48 3 17 6 0.1153 0.4813 334 321
145-0-1-0.05-50-0 0 2345 11 48 5 17 0.0504 0.1153 384 334
145-0-1-0.05-50-0 0 2345 10 48 5 16 0.2533 0.1153 449 334
145-0-1-0.05-50-0 0 2346 20 8 1 8 0.9922 0.2506 102 303
145-0-1-0.05-50-0 0 2346 44 17 1 10 0.7034 0.6398 118 197
145-0-1-0.05-50-0 0 2347 3 45 5 2 0.4813 0.3816 321 173
145-0-1-0.05-50-0 0 2347 35 8 14 7 0.0354 0.2506 158 303
145-0-1-0.05-50-0 0 2348 28 31 1 4 0.3846 0.5626 311 252
145-0-1-0.05-50-0 0 2348 32 42 3 4 0.6514 0.7447 215 106
145-0-1-0.05-50-0 0 2349 6 17 11 10 0.4266 0.6398 249 197
145-0-1-0.05-50-0 0 2349 6 48 11 16 0.4266 0.1153 249 334
145-0-1-0.05-50-0 0 2350 16 32 2 3 0.2228 0.6514 149 215
145-0-1-0.05-50-0 0 2350 6 48 11 15 0.4266 0.1153 249 334
145-0-1-0.05-50-0 0 2351 8 39 5 8 0.2506 0.2187 303 309
145-0-1-0.05-50-0 0 2351 48 47 14 3 0.1153 0.9293 334 103
145-0-1-0.05-50-0 0 2352 35 17 18 9 0.0354 0.6398 158 197
145-0-1-0.05-50-0 0 2352 39 6 7 11 0.2187 0.4266 309 249
145-0-1-0.05-50-0 0 2353 16 2 2 1 0.2228 0.8198 149 167
145-0-1-0.05-50-0 0 2353 1 35 2 19 0.2520 0.0354 409 158
145-0-1-0.05-50-0 0 2354 19 48 1 15 0.8072 0.1153 134 334
145-0-1-0.05-50-0 0 2354 30 1 1 2 0.6008 0.2520 266 409
145-0-1-0.05-50-0 0 2355 17 17 8 8 0.6398 0.6398 197 197
145-0-1-0.05-50-0 0 2355 11 31 5 5 0.0504 0.5626 384 252
145-0-1-0.05-50-0 0 2356 27 6 1 11 0.0776 0.4266 149 249
145-0-1-0.05-50-0 0 2356 35 48 21 15 0.0354 0.1153 158 334
145-0-1-0.05-50-0 0 2357 12 6 1 9 0.1896 0.4266 325 249
145-0-1-0.05-50-0 0 2357 35 48 20 14 0.0354 0.1153 158 334
145-0-1-0.05-50-0 0 2358 48 48 13 13 0.1153 0.1153 334 334
145-0-1-0.05-50-0 0 2358 21 35 2 22 0.4184 0.0354 158 158
145-0-1-0.05-50-0 0 2359 48 1 13 1 0.1153 0.2520 334 409
145-0-1-0.05-50-0 0 2359 35 48 23 13 0.0354 0.1153 158 334
145-0-1-0.05-50-0 0 2360 35 31 25 6 0.0354 0.5626 158 252
145-0-1-0.05-50-0 0 2360 48 48 9 9 0.1153 0.1153 334 334
145-0-1-0.05-50-0 0 2361 35 31 26 5 0.0354 0.5626 158 252
145-0-1-0.05-50-0 0 2361 35 35 26 26 0.0354 0.0354 158 158
145-0-1-0.05-50-0 0 2362 35 17 23 8 0.0354 0.6398 158 197
145-0-1-0.05-50-0 0 2362 46 10 2 9 0.3451 0.2533 327 449
145-0-1-0.05-50-0 0 2363 17 49 7 1 0.6398 0.1842 197 136
145-0-1-0.05-50-0 0 2363 36 10 5 8 0.8162 0.2533 165 449
145-0-1-0.05-50-0 0 2364 35 8 23 5 0.0354 0.2506 158 303
145-0-1-0.05-50-0 0 2364 9 11 1 7 0.6134 0.0504 161 384
145-0-1-0.05-50-0 0 2365 3 39 10 4 0.4813 0.2187 321 309
145-0-1-0.05-50-0 0 2365 9 36 1 9 0.6134 0.8162 161 165
145-0-1-0.05-50-0 0 2366 36 47 8 4 0.8162 0.9293 165 103
145-0-1-0.05-50-0 0 2366 6 47 6 3 0.4266 0.9293 249 103
145-0-1-0.05-50-0 0 2367 36 35 8 28 0.8162 0.0354 165 158
145-0-1-0.05-50-0 0 2367 35 35 27 27 0.0354 0.0354 158 158
145-0-1-0.05-50-0 0 2368 35 36 24 8 0.0354 0.8162 158 165
145-0-1-0.05-50-0 0 2368 3 3 15 15 0.4813 0.4813 321 321
145-0-1-0.05-50-0 0 2369 11 3 7 14 0.0504 0.4813 384 321
145-0-1-0.05-50-0 0 2369 3 35 13 24 0.4813 0.0354 321 158
145-0-1-0.05-50-0 0 2370 35 12 21 1 0.0354 0.1896 158 325
145-0-1-0.05-50-0 0 2370 9 48 3 7 0.6134 0.1153 161 334
145-0-1-0.05-50-0 0 2371 10 16 11 2 0.2533 0.2228 449 149
145-0-1-0.05-50-0 0 2371 3 37 12 3 0.4813 0.8481 321 127
145-0-1-0.05-50-0 0 2372 48 39 4 4 0.1153 0.2187 334 309
145-0-1-0.05-50-0 0 2372 17 6 12 7 0.6398 0.4266 197 249
145-0-1-0.05-50-0 0 2373 43 35 4 22 0.8316 0.0354 123 158
145-0-1-0.05-50-0 0 2373 7 3 1 12 0.9267 0.4813 106 321
145-0-1-0.05-50-0 0 2374 37 8 2 6 0.8481 0.2506 127 303
145-0-1-0.05-50-0 0 2374 10 11 13 12 0.2533 0.0504 449 384
145-0-1-0.05-50-0 0 2375 36 37 8 3 0.8162 0.8481 165 127
145-0-1-0.05-50-0 0 2375 9 35 2 22 0.6134 0.0354 161 158
145-0-1-0.05-50-0 0 2376 10 8 14 4 0.2533 0.2506 449 303
145-0-1-0.05-50-0 0 2376 17 37 13 2 0.6398 0.8481 197 127
145-0-1-0.05-50-0 0 2377 11 21 10 2 0.0504 0.4184 384 158
145-0-1-0.05-50-0 0 2377 3 37 14 1 0.4813 0.8481 321 127
145-0-1-0.05-50-0 0 2378 8 31 3 7 0.2506 0.5626 303 252
145-0-1-0.05-50-0 0 2378 31 30 6 1 0.5626 0.6008 252 266
145-0-1-0.05-50-0 0 2379 17 31 14 6 0.6398 0.5626 197 252
145-0-1-0.05-50-0 0 2379 43 6 2 9 0.8316 0.4266 123 249
145-0-1-0.05-50-0 0 2380 8 32 3 12 0.2506 0.6514 303 215
145-0-1-0.05-50-0 0 2380 6 17 8 14 0.4266 0.6398 249 197
145-0-1-0.05-50-0 0 2381 32 3 12 14 0.6514 0.4813 215 321
145-0-1-0.05-50-0 0 2381 47 46 3 3 0.9293 0.3451 103 327
145-0-1-0.05-50-0 0 2381 31 10 5 14 0.5626 0.2533 252 449
145-0-1-0.05-50-0 0 2382 24 39 1 4 0.1940 0.2187 254 309
145-0-1-0.05-50-0 0 2382 11 32 15 13 0.0504 0.6514 384 215
145-0-1-0.05-50-0 0 2383 31 17 5 13 0.5626 0.6398 252 197
145-0-1-0.05-50-0 0 2383 6 10 9 13 0.4266 0.2533 249 449
145-0-1-0.05-50-0 0 2384 32 6 13 8 0.6514 0.4266 215 249
145-0-1-0.05-50-0 0 2384 10 11 11 14 0.2533 0.0504 449 384
145-0-1-0.05-50-0 0 2385 39 3 3 14 0.2187 0.4813 309 321
145-0-1-0.05-50-0 0 2385 35 48 23 5 0.0354 0.1153 158 334
145-0-1-0.05-50-0 0 2386 10 3 12 13 0.2533 0.4813 449 321
145-0-1-0.05-50-0 0 2386 10 47 12 4 0.2533 0.9293 449 103
145-0-1-0.05-50-0 0 2387 36 7 7 2 0.8162 0.9267 165 106
145-0-1-0.05-50-0 0 2387 3 28 12 1 0.4813 0.3846 321 311
145-0-1-0.05-50-0 0 2388 10 35 11 22 0.2533 0.0354 449 158
145-0-1-0.05-50-0 0 2388 48 32 4 14 0.1153 0.6514 334 215
145-0-1-0.05-50-0 0 2388 48 46 4 2 0.1153 0.3451 334 327
145-0-1-0.05-50-0 0 2389 11 46 18 1 0.0504 0.3451 384 327
145-0-1-0.05-50-0 0 2389 6 17 6 17 0.4266 0.6398 249 197
145-0-1-0.05-50-0 0 2390 36 10 9 10 0.8162 0.2533 165 449
145-0-1-0.05-50-0 0 2390 36 17 9 16 0.8162 0.6398 165 197
145-0-1-0.05-50-0 0 2391 16 44 1 2 0.2228 0.7034 149 118
145-0-1-0.05-50-0 0 2391 32 43 12 3 0.6514 0.8316 215 123
145-0-1-0.05-50-0 0 2392 17 8 14 3 0.6398 0.2506 197 303
145-0-1-0.05-50-0 0 2392 38 35 2 23 0.6163 0.0354 270 158
145-0-1-0.05-50-0 0 2393 35 17 22 13 0.0354 0.6398 158 197
145-0-1-0.05-50-0 0 2393 11 5 16 2 0.0504 0.0007 384 226
145-0-1-0.05-50-0 0 2394 7 17 2 13 0.9267 0.6398 106 197
145-0-1-0.05-50-0 0 2394 35 36 22 9 0.0354 0.8162 158 165
145-0-1-0.05-50-0 0 2395 3 10 12 7 0.4813 0.2533 321 449
145-0-1-0.05-50-0 0 2395 17 21 12 2 0.6398 0.4184 197 158
145-0-1-0.05-50-0 0 2396 24 17 1 12 0.1940 0.6398 254 197
145-0-1-0.05-50-0 0 2396 17 10 11 8 0.6398 0.2533 197 449
145-0-1-0.05-50-0 0 2396 11 36 21 8 0.0504 0.8162 384 165
145-0-1-0.05-50-0 0 2397 32 6 15 6 0.6514 0.4266 215 249
145-0-1-0.05-50-0 0 2397 10 11 6 20 0.2533 0.0504 449 384
145-0-1-0.05-50-0 0 2397 31 3 8 12 0.5626 0.4813 252 321
145-0-1-0.05-50-0 0 2398 31 11 8 20 0.5626 0.0504 252 384
145-0-1-0.05-50-0 0 2398 44 32 2 14 0.7034 0.6514 118 215
145-0-1-0.05-50-0 0 2398 31 17 8 12 0.5626 0.6398 252 197
145-0-1-0.05-50-0 0 2399 48 11 5 21 0.1153 0.0504 334 384
145-0-1-0.05-50-0 0 2399 3 35 13 24 0.4813 0.0354 321 158
145-0-1-0.05-50-0 0 2399 35 43 23 6 0.0354 0.8316 158 123
145-0-1-0.05-50-0 0 2400 6 4 4 3 0.4266 0.0723 249 351
145-0-1-0.05-50-0 0 2400 11 17 21 11 0.0504 0.6398 384 197
145-0-1-0.05-50-0 0 2400 43 32 5 12 0.8316 0.6514 123 215
145-0-1-0.05-50-0 0 2401 48 43 6 5 0.1153 0.8316 334 123
145-0-1-0.05-50-0 0 2401 48 31 6 8 0.1153 0.5626 334 252
145-0-1-0.05-50-0 0 2401 10 35 5 20 0.2533 0.0354 449 158
145-0-1-0.05-50-0 0 2402 35 35 19 19 0.0354 0.0354 158 158
145-0-1-0.05-50-0 0 2402 11 44 25 3 0.0504 0.7034 384 118
145-0-1-0.05-50-0 0 2402 11 17 25 10 0.0504 0.6398 384 197
145-0-1-0.05-50-0 0 2403 36 2 6 3 0.8162 0.8198 165 167
145-0-1-0.05-50-0 0 2403 32 24 13 1 0.6514 0.1940 215 254
145-0-1-0.05-50-0 0 2403 10 36 6 6 0.2533 0.8162 449 165
145-0-1-0.05-50-0 0 2404 31 6 7 5 0.5626 0.4266 252 249
145-0-1-0.05-50-0 0 2404 3 35 14 22 0.4813 0.0354 321 158
145-0-1-0.05-50-0 0 2404 33 3 2 14 0.6893 0.4813 191 321
145-0-1-0.05-50-0 0 2405 3 3 15 15 0.4813 0.4813 321 321
145-0-1-0.05-50-0 0 2405 17 42 10 1 0.6398 0.7447 197 106
145-0-1-0.05-50-0 0 2405 35 32 21 13 0.0354 0.6514 158 215
145-0-1-0.05-50-0 0 2406 48 11 8 26 0.1153 0.0504 334 384
145-0-1-0.05-50-0 0 2406 11 32 25 11 0.0504 0.6514 384 215
145-0-1-0.05-50-0 0 2406 33 35 1 20 0.6893 0.0354 191 158
145-0-1-0.05-50-0 0 2407 32 36 10 5 0.6514 0.8162 215 165
145-0-1-0.05-50-0 0 2407 32 19 10 2 0.6514 0.8072 215 134
145-0-1-0.05-50-0 0 2407 21 17 1 11 0.4184 0.6398 158 197
145-0-1-0.05-50-0 0 2408 4 3 3 11 0.0723 0.4813 351 321
145-0-1-0.05-50-0 0 2408 7 35 3 20 0.9267 0.0354 106 158
145-0-1-0.05-50-0 0 2409 48 31 9 7 0.1153 0.5626 334 252
145-0-1-0.05-50-0 0 2409 35 47 19 6 0.0354 0.9293 158 103
145-0-1-0.05-50-0 0 2410 3 10 10 9 0.4813 0.2533 321 449
145-0-1-0.05-50-0 0 2410 35 35 17 17 0.0354 0.0354 158 158
145-0-1-0.05-50-0 0 2411 36 48 3 10 0.8162 0.1153 165 334
145-0-1-0.05-50-0 0 2411 6 10 6 7 0.4266 0.2533 249 449
145-0-1-0.05-50-0 0 2412 47 3 5 8 0.9293 0.4813 103 321
145-0-1-0.05-50-0 0 2412 2 3 4 7 0.8198 0.4813 167 321
145-0-1-0.05-50-0 0 2413 7 31 5 8 0.9267 0.5626 106 252
145-0-1-0.05-50-0 0 2413 31 47 7 5 0.5626 0.9293 252 103
145-0-1-0.05-50-0 0 2414 7 35 5 15 0.9267 0.0354 106 158
145-0-1-0.05-50-0 0 2414 47 39 4 3 0.9293 0.2187 103 309
145-0-1-0.05-50-0 0 2415 41 17 1 9 0.9621 0.6398 105 197
145-0-1-0.05-50-0 0 2415 8 48 2 7 0.2506 0.1153 303 334
145-0-1-0.05-50-0 0 2416 4 31 3 8 0.0723 0.5626 351 252
145-0-1-0.05-50-0 0 2416 11 11 24 24 0.0504 0.0504 384 384
145-0-1-0.05-50-0 0 2417 17 29 10 1 0.6398 0.6728 197 177
145-0-1-0.05-50-0 0 2417 36 23 5 1 0.8162 0.1698 165 476
145-0-1-0.05-50-0 0 2418 10 3 11 6 0.2533 0.4813 449 321
145-0-1-0.05-50-0 0 2418 47 11 2 20 0.9293 0.0504 103 384
145-0-1-0.05-50-0 0 2419 32 39 13 3 0.6514 0.2187 215 309
145-0-1-0.05-50-0 0 2419 10 7 11 5 0.2533 0.9267 449 106
145-0-1-0.05-50-0 0 2420 48 43 4 2 0.1153 0.8316 334 123
145-0-1-0.05-50-0 0 2420 26 39 1 2 0.8171 0.2187 141 309
145-0-1-0.05-50-0 0 2421 36 35 4 16 0.8162 0.0354 165 158
145-0-1-0.05-50-0 0 2421 16 31 2 5 0.2228 0.5626 149 252
145-0-1-0.05-50-0 0 2422 2 26 9 1 0.8198 0.8171 167 141
145-0-1-0.05-50-0 0 2422 8 32 2 12 0.2506 0.6514 303 215
145-0-1-0.05-50-0 0 2423 35 10 15 8 0.0354 0.2533 158 449
145-0-1-0.05-50-0 0 2423 11 47 25 3 0.0504 0.9293 384 103
145-0-1-0.05-50-0 0 2424 32 35 11 15 0.6514 0.0354 215 158
145-0-1-0.05-50-0 0 2424 11 31 24 3 0.0504 0.5626 384 252
145-0-1-0.05-50-0 0 2425 8 16 2 1 0.2506 0.2228 303 149
145-0-1-0.05-50-0 0 2425 11 48 21 4 0.0504 0.1153 384 334
145-0-1-0.05-50-0 0 2426 10 17 6 10 0.2533 0.6398 449 197
145-0-1-0.05-50-0 0 2426 35 11 15 22 0.0354 0.0504 158 384
145-0-1-0.05-50-0 0 2427 35 48 15 3 0.0354 0.1153 158 334
145-0-1-0.05-50-0 0 2427 29 31 1 3 0.6728 0.5626 177 252
145-0-1-0.05-50-0 0 2428 47 32 4 11 0.9293 0.6514 103 215
145-0-1-0.05-50-0 0 2428 7 41 6 2 0.9267 0.9621 106 105
145-0-1-0.05-50-0 0 2429 6 47 10 3 0.4266 0.9293 249 103
145-0-1-0.05-50-0 0 2429 6 22 10 3 0.4266 0.0160 249 311
145-0-1-0.05-50-0 0 2430 4 35 2 13 0.0723 0.0354 351 158
145-0-1-0.05-50-0 0 2430 35 11 12 24 0.0354 0.0504 158 384
145-0-1-0.05-50-0 0 2431 17 11 7 23 0.6398 0.0504 197 384
145-0-1-0.05-50-0 0 2431 11 29 22 1 0.0504 0.6728 384 177
145-0-1-0.05-50-0 0 2432 39 4 2 2 0.2187 0.0723 309 351
145-0-1-0.05-50-0 0 2432 6 22 10 2 0.4266 0.0160 249 311
145-0-1-0.05-50-0 0 2433 6 35 10 12 0.4266 0.0354 249 158
145-0-1-0.05-50-0 0 2433 11 36 21 5 0.0504 0.8162 384 165
145-0-1-0.05-50-0 0 2434 21 10 1 6 0.4184 0.2533 158 449
145-0-1-0.05-50-0 0 2434 35 22 11 1 0.0354 0.0160 158 311
145-0-1-0.05-50-0 0 2435 11 11 23 23 0.0504 0.0504 384 384
145-0-1-0.05-50-0 0 2435 17 35 7 12 0.6398 0.0354 197 158
145-0-1-0.05-50-0 0 2436 11 17 22 7 0.0504 0.6398 384 197
145-0-1-0.05-50-0 0 2436 11 10 22 5 0.0504 0.2533 384 449
145-0-1-0.05-50-0 0 2437 11 11 23 23 0.0504 0.0504 384 384
145-0-1-0.05-50-0 0 2437 31 11 2 22 0.5626 0.0504 252 384
145-0-1-0.05-50-0 0 2438 47 11 2 22 0.9293 0.0504 103 384
145-0-1-0.05-50-0 0 2438 11 32 21 9 0.0504 0.6514 384 215
145-0-1-0.05-50-0 0 2439 6 16 11 2 0.4266 0.2228 249 149
145-0-1-0.05-50-0 0 2439 8 11 5 22 0.2506 0.0504 303 384
145-0-1-0.05-50-0 0 2440 32 39 8 1 0.6514 0.2187 215 309
145-0-1-0.05-50-0 0 2440 8 10 6 3 0.2506 0.2533 303 449
145-0-1-0.05-50-0 0 2441 6 5 13 2 0.4266 0.0007 249 226
145-0-1-0.05-50-0 0 2441 17 11 10 21 0.6398 0.0504 197 384
145-0-1-0.05-50-0 0 2442 37 35 1 12 0.8481 0.0354 127 158
145-0-1-0.05-50-0 0 2442 7 48 4 3 0.9267 0.1153 106 334
145-0-1-0.05-50-0 0 2443 17 35 9 12 0.6398 0.0354 197 158
145-0-1-0.05-50-0 0 2443 11 11 17 17 0.0504 0.0504 384 384
145-0-1-0.05-50-0 0 2444 7 11 7 18 0.9267 0.0504 106 384
145-0-1-0.05-50-0 0 2444 11 21 17 1 0.0504 0.4184 384 158
145-0-1-0.05-50-0 0 2445 15 11 1 16 0.7918 0.0504 149 384
145-0-1-0.05-50-0 0 2445 41 6 2 13 0.9621 0.4266 105 249
145-0-1-0.05-50-0 0 2446 11 20 16 6 0.0504 0.9922 384 102
145-0-1-0.05-50-0 0 2446 6 38 12 3 0.4266 0.6163 249 270
145-0-1-0.05-50-0 0 2447 6 4 13 2 0.4266 0.0723 249 351
145-0-1-0.05-50-0 0 2447 7 6 6 13 0.9267 0.4266 106 249
145-0-1-0.05-50-0 0 2448 7 7 6 6 0.9267 0.9267 106 106
145-0-1-0.05-50-0 0 2448 35 35 12 12 0.0354 0.0354 158 158
145-0-1-0.05-50-0 0 2449 38 32 2 8 0.6163 0.6514 270 215
145-0-1-0.05-50-0 0 2449 6 3 13 1 0.4266 0.4813 249 321
145-0-1-0.05-50-0 0 2450 20 35 4 13 0.9922 0.0354 102 158
145-0-1-0.05-50-0 0 2450 17 32 12 7 0.6398 0.6514 197 215
145-0-1-0.05-50-0 0 2451 8 7 8 5 0.2506 0.9267 303 106
145-0-1-0.05-50-0 0 2451 6 12 12 2 0.4266 0.1896 249 325
145-0-1-0.05-50-0 0 2452 17 36 12 11 0.6398 0.8162 197 165
145-0-1-0.05-50-0 0 2452 11 32 13 6 0.0504 0.6514 384 215
145-0-1-0.05-50-0 0 2453 41 48 3 4 0.9621 0.1153 105 334
145-0-1-0.05-50-0 0 2453 6 36 14 10 0.4266 0.8162 249 165
145-0-1-0.05-50-0 0 2454 32 12 5 1 0.6514 0.1896 215 325
145-0-1-0.05-50-0 0 2454 6 35 14 11 0.4266 0.0354 249 158
145-0-1-0.05-50-0 0 2455 10 10 4 4 0.2533 0.2533 449 449
145-0-1-0.05-50-0 0 2455 30 49 2 1 0.6008 0.1842 266 136
145-0-1-0.05-50-0 0 2456 20 35 4 11 0.9922 0.0354 102 158
145-0-1-0.05-50-0 0 2456 35 8 10 5 0.0354 0.2506 158 303
145-0-1-0.05-50-0 0 2457 11 38 12 2 0.0504 0.6163 384 270
145-0-1-0.05-50-0 0 2457 36 41 12 6 0.8162 0.9621 165 105
145-0-1-0.05-50-0 0 2458 11 11 11 11 0.0504 0.0504 384 384
145-0-1-0.05-50-0 0 2458 7 16 4 4 0.9267 0.2228 106 149
145-0-1-0.05-50-0 0 2459 41 36 5 12 0.9621 0.8162 105 165
145-0-1-0.05-50-0 0 2459 11 35 11 10 0.0504 0.0354 384 158
145-0-1-0.05-50-0 0 2460 32 6 5 13 0.6514 0.4266 215 249
145-0-1-0.05-50-0 0 2460 11 6 11 12 0.0504 0.4266 384 249
145-0-1-0.05-50-0 0 2461 35 48 10 3 0.0354 0.1153 158 334
145-0-1-0.05-50-0 0 2461 32 19 4 3 0.6514 0.8072 215 134
145-0-1-0.05-50-0 0 2462 36 40 10 4 0.8162 0.9739 165 104
145-0-1-0.05-50-0 0 2462 17 11 13 11 0.6398 0.0504 197 384
145-0-1-0.05-50-0 0 2463 48 32 2 4 0.1153 0.6514 334 215
145-0-1-0.05-50-0 0 2463 17 35 14 9 0.6398 0.0354 197 158
145-0-1-0.05-50-0 0 2464 10 36 4 11 0.2533 0.8162 449 165
145-0-1-0.05-50-0 0 2464 16 8 4 6 0.2228 0.2506 149 303
145-0-1-0.05-50-0 0 2465 8 31 5 3 0.2506 0.5626 303 252
145-0-1-0.05-50-0 0 2465 40 36 3 11 0.9739 0.8162 104 165
145-0-1-0.05-50-0 0 2466 36 36 11 11 0.8162 0.8162 165 165
145-0-1-0.05-50-0 0 2466 30 41 5 6 0.6008 0.9621 266 105
145-0-1-0.05-50-0 0 2467 6 7 9 5 0.4266 0.9267 249 106
145-0-1-0.05-50-0 0 2467 36 36 10 10 0.8162 0.8162 165 165
145-0-1-0.05-50-0 0 2468 10 32 6 5 0.2533 0.6514 449 215
145-0-1-0.05-50-0 0 2468 11 19 11 2 0.0504 0.8072 384 134
145-0-1-0.05-50-0 0 2469 30 30 5 5 0.6008 0.6008 266 266
145-0-1-0.05-50-0 0 2469 6 30 10 4 0.4266 0.6008 249 266
145-0-1-0.05-50-0 0 2470 6 32 11 4 0.4266 0.6514 249 215
145-0-1-0.05-50-0 0 2470 16 7 4 4 0.2228 0.9267 149 106
145-0-1-0.05-50-0 0 2471 10 10 5 5 0.2533 0.2533 449 449
145-0-1-0.05-50-0 0 2471 36 32 8 3 0.8162 0.6514 165 215
145-0-1-0.05-50-0 0 2472 35 11 7 11 0.0354 0.0504 158 384
145-0-1-0.05-50-0 0 2472 17 16 16 4 0.6398 0.2228 197 149
145-0-1-0.05-50-0 0 2473 10 37 5 3 0.2533 0.8481 449 127
145-0-1-0.05-50-0 0 2473 2 36 1 7 0.8198 0.8162 167 165
145-0-1-0.05-50-0 0 2474 37 10 2 6 0.8481 0.2533 127 449
145-0-1-0.05-50-0 0 2474 11 38 11 1 0.0504 0.6163 384 270
145-0-1-0.05-50-0 0 2475 37 26 2 1 0.8481 0.8171 127 141
145-0-1-0.05-50-0 0 2475 27 35 2 6 0.0776 0.0354 149 158
145-0-1-0.05-50-0 0 2476 6 35 12 5 0.4266 0.0354 249 158
145-0-1-0.05-50-0 0 2476 7 10 4 5 0.9267 0.2533 106 449
145-0-1-0.05-50-0 0 2477 17 27 14 3 0.6398 0.0776 197 149
145-0-1-0.05-50-0 0 2477 8 8 8 8 0.2506 0.2506 303 303
145-0-1-0.05-50-0 0 2478 6 47 12 1 0.4266 0.9293 249 103
145-0-1-0.05-50-0 0 2478 17 8 14 7 0.6398 0.2506 197 303
145-0-1-0.05-50-0 0 2479 7 6 5 13 0.9267 0.4266 106 249
145-0-1-0.05-50-0 0 2479 10 32 4 5 0.2533 0.6514 449 215
145-0-1-0.05-50-0 0 2480 11 8 15 7 0.0504 0.2506 384 303
145-0-1-0.05-50-0 0 2480 8 6 6 13 0.2506 0.4266 303 249
145-0-1-0.05-50-0 0 2481 6 8 12 7 0.4266 0.2506 249 303
145-0-1-0.05-50-0 0 2481 17 46 16 3 0.6398 0.3451 197 327
145-0-1-0.05-50-0 0 2482 8 11 7 20 0.2506 0.0504 303 384
145-0-1-0.05-50-0 0 2482 32 6 4 13 0.6514 0.4266 215 249
145-0-1-0.05-50-0 0 2483 17 35 17 4 0.6398 0.0354 197 158
145-0-1-0.05-50-0 0 2483 7 27 6 3 0.9267 0.0776 106 149
145-0-1-0.05-50-0 0 2484 17 2 17 1 0.6398 0.8198 197 167
145-0-1-0.05-50-0 0 2484 8 17 8 17 0.2506 0.6398 303 197
145-0-1-0.05-50-0 0 2485 8 17 9 16 0.2506 0.6398 303 197
145-0-1-0.05-50-0 0 2485 17 17 15 15 0.6398 0.6398 197 197
145-0-1-0.05-50-0 0 2486 31 17 2 17 0.5626 0.6398 252 197
145-0-1-0.05-50-0 0 2486 19 48 1 8 0.8072 0.1153 134 334
145-0-1-0.05-50-0 0 2487 27 7 3 6 0.0776 0.9267 149 106
145-0-1-0.05-50-0 0 2487 11 17 20 15 0.0504 0.6398 384 197
145-0-1-0.05-50-0 0 2488 10 11 5 18 0.2533 0.0504 449 384
145-0-1-0.05-50-0 0 2488 17 8 14 10 0.6398 0.2506 197 303
145-0-1-0.05-50-0 0 2489 17 17 13 13 0.6398 0.6398 197 197
145-0-1-0.05-50-0 0 2489 48 6 9 11 0.1153 0.4266 334 249
145-0-1-0.05-50-0 0 2490 48 41 10 5 0.1153 0.9621 334 105
145-0-1-0.05-50-0 0 2490 17 36 13 6 0.6398 0.8162 197 165
145-0-1-0.05-50-0 0 2491 30 11 2 17 0.6008 0.0504 266 384
145-0-1-0.05-50-0 0 2491 8 35 8 4 0.2506 0.0354 303 158
145-0-1-0.05-50-0 0 2492 17 48 12 12 0.6398 0.1153 197 334
145-0-1-0.05-50-0 0 2492 32 10 6 6 0.6514 0.2533 215 449
145-0-1-0.05-50-0 0 2493 17 27 13 3 0.6398 0.0776 197 149
145-0-1-0.05-50-0 0 2493 17 47 13 2 0.6398 0.9293 197 103
145-0-1-0.05-50-0 0 2494 11 8 14 7 0.0504 0.2506 384 303
145-0-1-0.05-50-0 0 2494 41 46 5 4 0.9621 0.3451 105 327
145-0-1-0.05-50-0 0 2495 11 20 13 2 0.0504 0.9922 384 102
145-0-1-0.05-50-0 0 2495 11 17 13 15 0.0504 0.6398 384 197
145-0-1-0.05-50-0 0 2496 11 10 14 4 0.0504 0.2533 384 449
145-0-1-0.05-50-0 0 2496 11 27 14 2 0.0504 0.0776 384 149
145-0-1-0.05-50-0 0 2497 47 17 1 16 0.9293 0.6398 103 197
145-0-1-0.05-50-0 0 2497 46 11 3 14 0.3451 0.0504 327 384
145-0-1-0.05-50-0 0 2498 31 29 5 1 0.5626 0.6728 252 177
145-0-1-0.05-50-0 0 2498 17 40 16 3 0.6398 0.9739 197 104
145-0-1-0.05-50-0 0 2499 36 8 5 6 0.8162 0.2506 165 303
145-0-1-0.05-50-0 0 2499 17 6 16 15 0.6398 0.4266 197 249
145-0-1-0.05-50-0 0 2500 17 16 17 4 0.6398 0.2228 197 149
145-0-1-0.05-50-0 0 2500 8 48 5 14 0.2506 0.1153 303 334
