147-1-1-0.05-50-0 1 2302 41 22 101 1 0.9621 0.0160 105 311
147-1-1-0.05-50-0 1 2302 41 4 101 1 0.9621 0.0723 105 351
147-1-1-0.05-50-0 1 2302 36 2 132 56 0.8162 0.8198 165 167
147-1-1-0.05-50-0 1 2303 48 27 2 146 0.1153 0.0776 334 149
147-1-1-0.05-50-0 1 2303 14 25 4 124 0.8451 0.9430 105 125
147-1-1-0.05-50-0 1 2303 36 26 135 64 0.8162 0.8171 165 141
147-1-1-0.05-50-0 1 2304 36 2 135 54 0.8162 0.8198 165 167
147-1-1-0.05-50-0 1 2304 37 50 16 5 0.8481 0.2147 127 147
147-1-1-0.05-50-0 1 2304 37 16 16 11 0.8481 0.2228 127 149
147-1-1-0.05-50-0 1 2304 36 43 135 104 0.8162 0.8316 165 123
147-1-1-0.05-50-0 1 2305 36 43 144 106 0.8162 0.8316 165 123
147-1-1-0.05-50-0 1 2305 36 36 144 144 0.8162 0.8162 165 165
147-1-1-0.05-50-0 1 2305 26 21 66 2 0.8171 0.4184 141 158
147-1-1-0.05-50-0 1 2305 36 26 143 66 0.8162 0.8171 165 141
147-1-1-0.05-50-0 1 2305 40 21 100 1 0.9739 0.4184 104 158
147-1-1-0.05-50-0 1 2305 36 2 143 55 0.8162 0.8198 165 167
147-1-1-0.05-50-0 1 2305 36 37 143 16 0.8162 0.8481 165 127
147-1-1-0.05-50-0 1 2305 36 43 143 105 0.8162 0.8316 165 123
147-1-1-0.05-50-0 1 2305 1 39 7 4 0.2520 0.2187 409 309
147-1-1-0.05-50-0 1 2305 39 16 3 10 0.2187 0.2228 309 149
147-1-1-0.05-50-0 1 2306 36 43 145 102 0.8162 0.8316 165 123
147-1-1-0.05-50-0 1 2306 36 26 145 69 0.8162 0.8171 165 141
147-1-1-0.05-50-0 1 2306 40 44 98 2 0.9739 0.7034 104 118
147-1-1-0.05-50-0 1 2306 36 36 145 145 0.8162 0.8162 165 165
147-1-1-0.05-50-0 1 2307 36 43 145 100 0.8162 0.8316 165 123
147-1-1-0.05-50-0 1 2307 10 27 5 143 0.2533 0.0776 449 149
147-1-1-0.05-50-0 1 2307 40 42 102 1 0.9739 0.7447 104 106
147-1-1-0.05-50-0 1 2307 40 44 102 1 0.9739 0.7034 104 118
147-1-1-0.05-50-0 1 2307 36 43 145 99 0.8162 0.8316 165 123
147-1-1-0.05-50-0 1 2308 36 43 147 100 0.8162 0.8316 165 123
147-1-1-0.05-50-0 1 2308 36 36 147 147 0.8162 0.8162 165 165
147-1-1-0.05-50-0 1 2308 36 36 146 146 0.8162 0.8162 165 165
147-1-1-0.05-50-0 1 2308 36 36 145 145 0.8162 0.8162 165 165
147-1-1-0.05-50-0 1 2308 36 43 144 99 0.8162 0.8316 165 123
147-1-1-0.05-50-0 1 2308 1 18 8 1 0.2520 0.2181 409 226
147-1-1-0.05-50-0 1 2309 43 24 102 1 0.8316 0.1940 123 254
147-1-1-0.05-50-0 1 2309 36 36 141 141 0.8162 0.8162 165 165
147-1-1-0.05-50-0 1 2309 10 27 5 142 0.2533 0.0776 449 149
147-1-1-0.05-50-0 1 2309 48 27 2 141 0.1153 0.0776 334 149
147-1-1-0.05-50-0 1 2309 36 43 140 102 0.8162 0.8316 165 123
147-1-1-0.05-50-0 1 2310 20 33 68 1 0.9922 0.6893 102 191
147-1-1-0.05-50-0 1 2310 36 26 139 68 0.8162 0.8171 165 141
147-1-1-0.05-50-0 1 2310 16 23 9 1 0.2228 0.1698 149 476
147-1-1-0.05-50-0 1 2310 36 36 139 139 0.8162 0.8162 165 165
147-1-1-0.05-50-0 1 2310 36 26 138 67 0.8162 0.8171 165 141
147-1-1-0.05-50-0 1 2310 36 36 138 138 0.8162 0.8162 165 165
147-1-1-0.05-50-0 1 2310 36 26 137 66 0.8162 0.8171 165 141
147-1-1-0.05-50-0 1 2311 36 26 141 64 0.8162 0.8171 165 141
147-1-1-0.05-50-0 1 2311 36 26 141 63 0.8162 0.8171 165 141
147-1-1-0.05-50-0 1 2312 36 43 136 107 0.8162 0.8316 165 123
147-1-1-0.05-50-0 1 2312 36 43 136 106 0.8162 0.8316 165 123
147-1-1-0.05-50-0 1 2313 36 43 136 104 0.8162 0.8316 165 123
147-1-1-0.05-50-0 1 2313 40 44 96 1 0.9739 0.7034 104 118
147-1-1-0.05-50-0 1 2313 36 43 136 103 0.8162 0.8316 165 123
147-1-1-0.05-50-0 1 2313 10 27 9 146 0.2533 0.0776 449 149
147-1-1-0.05-50-0 1 2313 1 50 8 4 0.2520 0.2147 409 147
147-1-1-0.05-50-0 1 2313 36 43 136 102 0.8162 0.8316 165 123
147-1-1-0.05-50-0 1 2313 36 26 136 63 0.8162 0.8171 165 141
147-1-1-0.05-50-0 1 2313 37 39 18 7 0.8481 0.2187 127 309
147-1-1-0.05-50-0 1 2314 37 16 20 9 0.8481 0.2228 127 149
147-1-1-0.05-50-0 1 2314 20 30 66 1 0.9922 0.6008 102 266
147-1-1-0.05-50-0 1 2314 36 43 144 102 0.8162 0.8316 165 123
147-1-1-0.05-50-0 1 2315 36 43 143 103 0.8162 0.8316 165 123
147-1-1-0.05-50-0 1 2316 36 2 138 59 0.8162 0.8198 165 167
147-1-1-0.05-50-0 1 2316 37 48 20 4 0.8481 0.1153 127 334
147-1-1-0.05-50-0 1 2316 10 27 9 146 0.2533 0.0776 449 149
147-1-1-0.05-50-0 1 2316 36 26 138 64 0.8162 0.8171 165 141
147-1-1-0.05-50-0 1 2316 36 36 138 138 0.8162 0.8162 165 165
147-1-1-0.05-50-0 1 2317 36 37 139 22 0.8162 0.8481 165 127
147-1-1-0.05-50-0 1 2317 40 28 95 1 0.9739 0.3846 104 311
147-1-1-0.05-50-0 1 2317 40 29 95 1 0.9739 0.6728 104 177
147-1-1-0.05-50-0 1 2317 36 26 139 63 0.8162 0.8171 165 141
147-1-1-0.05-50-0 1 2317 36 37 139 21 0.8162 0.8481 165 127
147-1-1-0.05-50-0 1 2317 1 1 9 9 0.2520 0.2520 409 409
147-1-1-0.05-50-0 1 2318 36 43 143 103 0.8162 0.8316 165 123
147-1-1-0.05-50-0 1 2318 20 45 69 1 0.9922 0.3816 102 173
147-1-1-0.05-50-0 1 2318 36 14 143 4 0.8162 0.8451 165 105
147-1-1-0.05-50-0 1 2318 26 3 66 1 0.8171 0.4813 141 321
147-1-1-0.05-50-0 1 2318 39 39 8 8 0.2187 0.2187 309 309
147-1-1-0.05-50-0 1 2318 36 36 143 143 0.8162 0.8162 165 165
147-1-1-0.05-50-0 1 2319 1 16 9 7 0.2520 0.2228 409 149
147-1-1-0.05-50-0 1 2319 39 50 7 2 0.2187 0.2147 309 147
147-1-1-0.05-50-0 1 2319 36 36 144 144 0.8162 0.8162 165 165
147-1-1-0.05-50-0 1 2319 36 43 143 101 0.8162 0.8316 165 123
147-1-1-0.05-50-0 1 2320 36 36 147 147 0.8162 0.8162 165 165
147-1-1-0.05-50-0 1 2320 36 36 146 146 0.8162 0.8162 165 165
147-1-1-0.05-50-0 1 2321 36 43 148 104 0.8162 0.8316 165 123
147-1-1-0.05-50-0 1 2321 36 43 148 103 0.8162 0.8316 165 123
147-1-1-0.05-50-0 1 2321 36 2 148 60 0.8162 0.8198 165 167
147-1-1-0.05-50-0 1 2321 36 26 148 69 0.8162 0.8171 165 141
147-1-1-0.05-50-0 1 2322 48 27 2 149 0.1153 0.0776 334 149
147-1-1-0.05-50-0 1 2322 36 26 154 72 0.8162 0.8171 165 141
147-1-1-0.05-50-0 1 2323 36 43 155 106 0.8162 0.8316 165 123
147-1-1-0.05-50-0 1 2323 10 27 8 149 0.2533 0.0776 449 149
147-1-1-0.05-50-0 1 2323 36 43 155 105 0.8162 0.8316 165 123
147-1-1-0.05-50-0 1 2323 36 43 155 104 0.8162 0.8316 165 123
147-1-1-0.05-50-0 1 2323 36 43 155 103 0.8162 0.8316 165 123
147-1-1-0.05-50-0 1 2323 36 43 155 102 0.8162 0.8316 165 123
147-1-1-0.05-50-0 1 2323 36 43 155 101 0.8162 0.8316 165 123
147-1-1-0.05-50-0 1 2323 36 36 155 155 0.8162 0.8162 165 165
147-1-1-0.05-50-0 1 2324 25 22 119 1 0.9430 0.0160 125 311
147-1-1-0.05-50-0 1 2324 36 26 157 72 0.8162 0.8171 165 141
147-1-1-0.05-50-0 1 2324 36 26 157 71 0.8162 0.8171 165 141
147-1-1-0.05-50-0 1 2324 39 39 8 8 0.2187 0.2187 309 309
147-1-1-0.05-50-0 1 2325 36 43 161 103 0.8162 0.8316 165 123
147-1-1-0.05-50-0 1 2325 36 2 161 62 0.8162 0.8198 165 167
147-1-1-0.05-50-0 1 2326 36 36 162 162 0.8162 0.8162 165 165
147-1-1-0.05-50-0 1 2326 36 37 161 20 0.8162 0.8481 165 127
147-1-1-0.05-50-0 1 2326 2 3 61 1 0.8198 0.4813 167 321
147-1-1-0.05-50-0 1 2327 36 43 162 103 0.8162 0.8316 165 123
147-1-1-0.05-50-0 1 2327 36 26 162 70 0.8162 0.8171 165 141
147-1-1-0.05-50-0 1 2328 39 16 7 8 0.2187 0.2228 309 149
147-1-1-0.05-50-0 1 2328 36 43 165 98 0.8162 0.8316 165 123
147-1-1-0.05-50-0 1 2328 36 36 165 165 0.8162 0.8162 165 165
147-1-1-0.05-50-0 1 2328 36 2 164 60 0.8162 0.8198 165 167
147-1-1-0.05-50-0 1 2329 37 16 19 6 0.8481 0.2228 127 149
147-1-1-0.05-50-0 1 2330 36 43 165 92 0.8162 0.8316 165 123
147-1-1-0.05-50-0 1 2331 10 27 7 148 0.2533 0.0776 449 149
147-1-1-0.05-50-0 1 2331 36 36 163 163 0.8162 0.8162 165 165
147-1-1-0.05-50-0 1 2331 36 2 162 55 0.8162 0.8198 165 167
147-1-1-0.05-50-0 1 2331 36 2 162 54 0.8162 0.8198 165 167
147-1-1-0.05-50-0 1 2332 36 43 165 93 0.8162 0.8316 165 123
147-1-1-0.05-50-0 1 2332 36 36 165 165 0.8162 0.8162 165 165
147-1-1-0.05-50-0 1 2332 39 39 7 7 0.2187 0.2187 309 309
147-1-1-0.05-50-0 1 2332 36 36 164 164 0.8162 0.8162 165 165
147-1-1-0.05-50-0 1 2332 36 2 163 52 0.8162 0.8198 165 167
147-1-1-0.05-50-0 1 2333 36 43 158 88 0.8162 0.8316 165 123
147-1-1-0.05-50-0 1 2333 40 34 98 2 0.9739 0.7448 104 168
147-1-1-0.05-50-0 1 2333 36 2 158 52 0.8162 0.8198 165 167
147-1-1-0.05-50-0 1 2333 36 2 158 51 0.8162 0.8198 165 167
147-1-1-0.05-50-0 1 2333 36 26 158 61 0.8162 0.8171 165 141
147-1-1-0.05-50-0 1 2334 36 26 158 59 0.8162 0.8171 165 141
147-1-1-0.05-50-0 1 2334 36 43 158 87 0.8162 0.8316 165 123
147-1-1-0.05-50-0 1 2335 36 36 155 155 0.8162 0.8162 165 165
147-1-1-0.05-50-0 1 2335 36 43 154 88 0.8162 0.8316 165 123
147-1-1-0.05-50-0 1 2335 36 2 154 49 0.8162 0.8198 165 167
147-1-1-0.05-50-0 1 2336 40 34 91 1 0.9739 0.7448 104 168
147-1-1-0.05-50-0 1 2336 36 43 158 90 0.8162 0.8316 165 123
147-1-1-0.05-50-0 1 2336 36 36 158 158 0.8162 0.8162 165 165
147-1-1-0.05-50-0 1 2337 36 36 161 161 0.8162 0.8162 165 165
147-1-1-0.05-50-0 1 2337 36 36 160 160 0.8162 0.8162 165 165
147-1-1-0.05-50-0 1 2337 36 43 159 92 0.8162 0.8316 165 123
147-1-1-0.05-50-0 1 2337 36 36 159 159 0.8162 0.8162 165 165
147-1-1-0.05-50-0 1 2337 40 33 94 2 0.9739 0.6893 104 191
147-1-1-0.05-50-0 1 2338 40 30 97 1 0.9739 0.6008 104 266
147-1-1-0.05-50-0 1 2338 36 2 161 48 0.8162 0.8198 165 167
147-1-1-0.05-50-0 1 2338 36 43 161 91 0.8162 0.8316 165 123
147-1-1-0.05-50-0 1 2338 36 36 161 161 0.8162 0.8162 165 165
147-1-1-0.05-50-0 1 2338 36 36 160 160 0.8162 0.8162 165 165
147-1-1-0.05-50-0 1 2338 36 36 159 159 0.8162 0.8162 165 165
147-1-1-0.05-50-0 1 2339 37 16 18 5 0.8481 0.2228 127 149
147-1-1-0.05-50-0 1 2339 36 26 158 59 0.8162 0.8171 165 141
147-1-1-0.05-50-0 1 2339 40 33 97 1 0.9739 0.6893 104 191
147-1-1-0.05-50-0 1 2339 36 36 158 158 0.8162 0.8162 165 165
147-1-1-0.05-50-0 1 2340 40 9 96 1 0.9739 0.6134 104 161
147-1-1-0.05-50-0 1 2340 1 16 10 4 0.2520 0.2228 409 149
147-1-1-0.05-50-0 1 2340 36 36 159 159 0.8162 0.8162 165 165
147-1-1-0.05-50-0 1 2340 36 43 158 90 0.8162 0.8316 165 123
147-1-1-0.05-50-0 1 2340 36 36 158 158 0.8162 0.8162 165 165
147-1-1-0.05-50-0 1 2340 39 16 7 3 0.2187 0.2228 309 149
147-1-1-0.05-50-0 1 2341 36 36 160 160 0.8162 0.8162 165 165
147-1-1-0.05-50-0 1 2341 36 19 159 1 0.8162 0.8072 165 134
147-1-1-0.05-50-0 1 2342 36 26 157 60 0.8162 0.8171 165 141
147-1-1-0.05-50-0 1 2342 37 39 15 7 0.8481 0.2187 127 309
147-1-1-0.05-50-0 1 2342 39 39 6 6 0.2187 0.2187 309 309
147-1-1-0.05-50-0 1 2342 40 9 97 1 0.9739 0.6134 104 161
147-1-1-0.05-50-0 1 2343 39 16 5 2 0.2187 0.2228 309 149
147-1-1-0.05-50-0 1 2343 36 36 154 154 0.8162 0.8162 165 165
147-1-1-0.05-50-0 1 2344 36 36 158 158 0.8162 0.8162 165 165
147-1-1-0.05-50-0 1 2344 36 43 157 88 0.8162 0.8316 165 123
147-1-1-0.05-50-0 1 2344 36 2 157 43 0.8162 0.8198 165 167
147-1-1-0.05-50-0 1 2345 36 36 161 161 0.8162 0.8162 165 165
147-1-1-0.05-50-0 1 2345 36 43 160 87 0.8162 0.8316 165 123
147-1-1-0.05-50-0 1 2346 36 36 165 165 0.8162 0.8162 165 165
147-1-1-0.05-50-0 1 2346 36 36 164 164 0.8162 0.8162 165 165
147-1-1-0.05-50-0 1 2346 37 39 17 5 0.8481 0.2187 127 309
147-1-1-0.05-50-0 1 2346 10 27 11 149 0.2533 0.0776 449 149
147-1-1-0.05-50-0 1 2346 36 2 163 43 0.8162 0.8198 165 167
147-1-1-0.05-50-0 1 2346 36 36 163 163 0.8162 0.8162 165 165
147-1-1-0.05-50-0 1 2346 40 32 98 1 0.9739 0.6514 104 215
147-1-1-0.05-50-0 1 2346 36 2 162 42 0.8162 0.8198 165 167
147-1-1-0.05-50-0 1 2346 36 36 162 162 0.8162 0.8162 165 165
147-1-1-0.05-50-0 1 2347 36 26 165 57 0.8162 0.8171 165 141
147-1-1-0.05-50-0 1 2347 36 43 165 89 0.8162 0.8316 165 123
147-1-1-0.05-50-0 1 2347 1 1 13 13 0.2520 0.2520 409 409
147-1-1-0.05-50-0 1 2347 36 43 165 88 0.8162 0.8316 165 123
147-1-1-0.05-50-0 1 2348 1 39 12 4 0.2520 0.2187 409 309
147-1-1-0.05-50-0 1 2348 36 43 161 85 0.8162 0.8316 165 123
147-1-1-0.05-50-0 1 2348 14 20 7 63 0.8451 0.9922 105 102
147-1-1-0.05-50-0 1 2348 36 2 161 40 0.8162 0.8198 165 167
147-1-1-0.05-50-0 1 2348 36 36 161 161 0.8162 0.8162 165 165
147-1-1-0.05-50-0 1 2348 36 36 160 160 0.8162 0.8162 165 165
147-1-1-0.05-50-0 1 2348 1 10 12 10 0.2520 0.2533 409 449
147-1-1-0.05-50-0 1 2348 48 27 1 149 0.1153 0.0776 334 149
147-1-1-0.05-50-0 1 2348 36 26 159 55 0.8162 0.8171 165 141
147-1-1-0.05-50-0 1 2349 36 36 156 156 0.8162 0.8162 165 165
147-1-1-0.05-50-0 1 2349 40 30 93 1 0.9739 0.6008 104 266
147-1-1-0.05-50-0 1 2349 36 37 155 21 0.8162 0.8481 165 127
147-1-1-0.05-50-0 1 2349 48 27 2 144 0.1153 0.0776 334 149
147-1-1-0.05-50-0 1 2349 36 43 155 84 0.8162 0.8316 165 123
147-1-1-0.05-50-0 1 2350 1 1 12 12 0.2520 0.2520 409 409
147-1-1-0.05-50-0 1 2350 2 33 39 1 0.8198 0.6893 167 191
147-1-1-0.05-50-0 1 2350 36 36 157 157 0.8162 0.8162 165 165
147-1-1-0.05-50-0 1 2351 36 36 153 153 0.8162 0.8162 165 165
147-1-1-0.05-50-0 1 2351 36 43 152 81 0.8162 0.8316 165 123
147-1-1-0.05-50-0 1 2351 36 36 152 152 0.8162 0.8162 165 165
147-1-1-0.05-50-0 1 2352 36 36 152 152 0.8162 0.8162 165 165
147-1-1-0.05-50-0 1 2352 36 14 151 6 0.8162 0.8451 165 105
147-1-1-0.05-50-0 1 2352 36 43 151 87 0.8162 0.8316 165 123
147-1-1-0.05-50-0 1 2352 36 36 151 151 0.8162 0.8162 165 165
147-1-1-0.05-50-0 1 2352 37 48 20 2 0.8481 0.1153 127 334
147-1-1-0.05-50-0 1 2352 36 36 150 150 0.8162 0.8162 165 165
147-1-1-0.05-50-0 1 2353 36 2 151 38 0.8162 0.8198 165 167
147-1-1-0.05-50-0 1 2353 36 2 151 37 0.8162 0.8198 165 167
147-1-1-0.05-50-0 1 2354 20 29 68 1 0.9922 0.6728 102 177
147-1-1-0.05-50-0 1 2354 36 26 145 52 0.8162 0.8171 165 141
147-1-1-0.05-50-0 1 2354 36 36 145 145 0.8162 0.8162 165 165
147-1-1-0.05-50-0 1 2354 36 2 144 38 0.8162 0.8198 165 167
147-1-1-0.05-50-0 1 2354 36 36 144 144 0.8162 0.8162 165 165
147-1-1-0.05-50-0 1 2355 37 12 19 1 0.8481 0.1896 127 325
147-1-1-0.05-50-0 1 2355 36 43 144 84 0.8162 0.8316 165 123
147-1-1-0.05-50-0 1 2355 36 2 144 39 0.8162 0.8198 165 167
147-1-1-0.05-50-0 1 2355 40 17 92 1 0.9739 0.6398 104 197
147-1-1-0.05-50-0 1 2355 36 2 144 38 0.8162 0.8198 165 167
147-1-1-0.05-50-0 1 2355 20 9 68 2 0.9922 0.6134 102 161
147-1-1-0.05-50-0 1 2355 36 36 144 144 0.8162 0.8162 165 165
147-1-1-0.05-50-0 1 2356 36 36 143 143 0.8162 0.8162 165 165
147-1-1-0.05-50-0 1 2356 36 2 142 39 0.8162 0.8198 165 167
147-1-1-0.05-50-0 1 2356 36 36 142 142 0.8162 0.8162 165 165
147-1-1-0.05-50-0 1 2357 36 36 142 142 0.8162 0.8162 165 165
147-1-1-0.05-50-0 1 2357 36 36 141 141 0.8162 0.8162 165 165
147-1-1-0.05-50-0 1 2357 36 36 140 140 0.8162 0.8162 165 165
147-1-1-0.05-50-0 1 2357 1 10 16 9 0.2520 0.2533 409 449
147-1-1-0.05-50-0 1 2357 36 43 139 81 0.8162 0.8316 165 123
147-1-1-0.05-50-0 1 2357 36 43 139 80 0.8162 0.8316 165 123
147-1-1-0.05-50-0 1 2357 36 26 139 52 0.8162 0.8171 165 141
147-1-1-0.05-50-0 1 2357 14 43 7 79 0.8451 0.8316 105 123
147-1-1-0.05-50-0 1 2357 20 9 70 1 0.9922 0.6134 102 161
147-1-1-0.05-50-0 1 2358 36 43 134 79 0.8162 0.8316 165 123
147-1-1-0.05-50-0 1 2358 40 15 93 1 0.9739 0.7918 104 149
147-1-1-0.05-50-0 1 2358 1 10 16 8 0.2520 0.2533 409 449
147-1-1-0.05-50-0 1 2358 36 2 134 38 0.8162 0.8198 165 167
147-1-1-0.05-50-0 1 2358 14 47 7 69 0.8451 0.9293 105 103
147-1-1-0.05-50-0 1 2358 36 36 134 134 0.8162 0.8162 165 165
147-1-1-0.05-50-0 1 2358 14 7 7 84 0.8451 0.9267 105 106
147-1-1-0.05-50-0 1 2359 1 1 15 15 0.2520 0.2520 409 409
147-1-1-0.05-50-0 1 2359 36 43 134 82 0.8162 0.8316 165 123
147-1-1-0.05-50-0 1 2359 36 26 134 53 0.8162 0.8171 165 141
147-1-1-0.05-50-0 1 2360 36 43 132 80 0.8162 0.8316 165 123
147-1-1-0.05-50-0 1 2360 36 26 132 52 0.8162 0.8171 165 141
147-1-1-0.05-50-0 1 2360 36 43 132 79 0.8162 0.8316 165 123
147-1-1-0.05-50-0 1 2360 37 48 21 2 0.8481 0.1153 127 334
147-1-1-0.05-50-0 1 2360 36 36 132 132 0.8162 0.8162 165 165
147-1-1-0.05-50-0 1 2360 36 43 131 78 0.8162 0.8316 165 123
147-1-1-0.05-50-0 1 2360 36 36 131 131 0.8162 0.8162 165 165
147-1-1-0.05-50-0 1 2361 36 26 129 50 0.8162 0.8171 165 141
147-1-1-0.05-50-0 1 2361 36 2 129 35 0.8162 0.8198 165 167
147-1-1-0.05-50-0 1 2361 36 2 129 34 0.8162 0.8198 165 167
147-1-1-0.05-50-0 1 2361 36 36 129 129 0.8162 0.8162 165 165
147-1-1-0.05-50-0 1 2362 1 8 16 5 0.2520 0.2506 409 303
147-1-1-0.05-50-0 1 2362 10 27 8 149 0.2533 0.0776 449 149
147-1-1-0.05-50-0 1 2362 10 27 8 148 0.2533 0.0776 449 149
147-1-1-0.05-50-0 1 2362 36 2 128 34 0.8162 0.8198 165 167
147-1-1-0.05-50-0 1 2362 36 36 128 128 0.8162 0.8162 165 165
147-1-1-0.05-50-0 1 2363 36 43 126 80 0.8162 0.8316 165 123
147-1-1-0.05-50-0 1 2363 36 36 126 126 0.8162 0.8162 165 165
147-1-1-0.05-50-0 1 2363 41 5 104 2 0.9621 0.0007 105 226
147-1-1-0.05-50-0 1 2364 36 36 126 126 0.8162 0.8162 165 165
147-1-1-0.05-50-0 1 2364 2 6 32 1 0.8198 0.4266 167 249
147-1-1-0.05-50-0 1 2364 36 43 125 81 0.8162 0.8316 165 123
147-1-1-0.05-50-0 1 2364 36 36 125 125 0.8162 0.8162 165 165
147-1-1-0.05-50-0 1 2364 36 36 124 124 0.8162 0.8162 165 165
147-1-1-0.05-50-0 1 2365 37 48 18 1 0.8481 0.1153 127 334
147-1-1-0.05-50-0 1 2365 36 36 118 118 0.8162 0.8162 165 165
147-1-1-0.05-50-0 1 2365 36 43 117 80 0.8162 0.8316 165 123
147-1-1-0.05-50-0 1 2366 40 33 104 1 0.9739 0.6893 104 191
147-1-1-0.05-50-0 1 2366 36 36 122 122 0.8162 0.8162 165 165
147-1-1-0.05-50-0 1 2366 36 36 121 121 0.8162 0.8162 165 165
147-1-1-0.05-50-0 1 2367 20 33 73 1 0.9922 0.6893 102 191
147-1-1-0.05-50-0 1 2367 1 8 18 4 0.2520 0.2506 409 303
147-1-1-0.05-50-0 1 2367 36 37 119 17 0.8162 0.8481 165 127
147-1-1-0.05-50-0 1 2368 36 36 121 121 0.8162 0.8162 165 165
147-1-1-0.05-50-0 1 2368 36 43 120 77 0.8162 0.8316 165 123
147-1-1-0.05-50-0 1 2368 36 36 120 120 0.8162 0.8162 165 165
147-1-1-0.05-50-0 1 2368 36 26 119 49 0.8162 0.8171 165 141
147-1-1-0.05-50-0 1 2369 36 26 122 44 0.8162 0.8171 165 141
147-1-1-0.05-50-0 1 2369 36 26 122 43 0.8162 0.8171 165 141
147-1-1-0.05-50-0 1 2370 20 31 66 1 0.9922 0.5626 102 252
147-1-1-0.05-50-0 1 2370 36 36 123 123 0.8162 0.8162 165 165
147-1-1-0.05-50-0 1 2370 36 36 122 122 0.8162 0.8162 165 165
147-1-1-0.05-50-0 1 2370 10 27 10 149 0.2533 0.0776 449 149
147-1-1-0.05-50-0 1 2371 26 3 46 1 0.8171 0.4813 141 321
147-1-1-0.05-50-0 1 2371 36 36 117 117 0.8162 0.8162 165 165
147-1-1-0.05-50-0 1 2371 25 11 118 1 0.9430 0.0504 125 384
147-1-1-0.05-50-0 1 2372 36 43 116 77 0.8162 0.8316 165 123
147-1-1-0.05-50-0 1 2372 1 1 20 20 0.2520 0.2520 409 409
147-1-1-0.05-50-0 1 2372 43 12 76 1 0.8316 0.1896 123 325
147-1-1-0.05-50-0 1 2373 36 26 117 48 0.8162 0.8171 165 141
147-1-1-0.05-50-0 1 2373 36 43 117 76 0.8162 0.8316 165 123
147-1-1-0.05-50-0 1 2373 1 1 19 19 0.2520 0.2520 409 409
147-1-1-0.05-50-0 1 2373 36 37 117 16 0.8162 0.8481 165 127
147-1-1-0.05-50-0 1 2374 36 36 118 118 0.8162 0.8162 165 165
147-1-1-0.05-50-0 1 2374 25 11 117 1 0.9430 0.0504 125 384
147-1-1-0.05-50-0 1 2375 36 2 113 35 0.8162 0.8198 165 167
147-1-1-0.05-50-0 1 2375 1 1 15 15 0.2520 0.2520 409 409
147-1-1-0.05-50-0 1 2376 36 37 116 17 0.8162 0.8481 165 127
147-1-1-0.05-50-0 1 2376 10 27 15 141 0.2533 0.0776 449 149
147-1-1-0.05-50-0 1 2376 36 37 116 16 0.8162 0.8481 165 127
147-1-1-0.05-50-0 1 2376 36 26 116 50 0.8162 0.8171 165 141
147-1-1-0.05-50-0 1 2376 40 34 104 1 0.9739 0.7448 104 168
147-1-1-0.05-50-0 1 2376 26 6 49 2 0.8171 0.4266 141 249
147-1-1-0.05-50-0 1 2377 40 6 104 1 0.9739 0.4266 104 249
147-1-1-0.05-50-0 1 2377 20 45 67 1 0.9922 0.3816 102 173
147-1-1-0.05-50-0 1 2377 41 35 102 1 0.9621 0.0354 105 158
147-1-1-0.05-50-0 1 2377 36 43 118 80 0.8162 0.8316 165 123
147-1-1-0.05-50-0 1 2378 36 37 117 15 0.8162 0.8481 165 127
147-1-1-0.05-50-0 1 2378 36 43 117 73 0.8162 0.8316 165 123
147-1-1-0.05-50-0 1 2378 36 26 117 54 0.8162 0.8171 165 141
147-1-1-0.05-50-0 1 2378 36 36 117 117 0.8162 0.8162 165 165
147-1-1-0.05-50-0 1 2378 1 10 13 15 0.2520 0.2533 409 449
147-1-1-0.05-50-0 1 2379 36 36 115 115 0.8162 0.8162 165 165
147-1-1-0.05-50-0 1 2379 14 7 6 91 0.8451 0.9267 105 106
147-1-1-0.05-50-0 1 2379 36 43 114 72 0.8162 0.8316 165 123
147-1-1-0.05-50-0 1 2380 36 2 115 39 0.8162 0.8198 165 167
147-1-1-0.05-50-0 1 2380 36 36 115 115 0.8162 0.8162 165 165
147-1-1-0.05-50-0 1 2380 36 36 114 114 0.8162 0.8162 165 165
147-1-1-0.05-50-0 1 2380 36 43 113 71 0.8162 0.8316 165 123
147-1-1-0.05-50-0 1 2380 20 31 72 1 0.9922 0.5626 102 252
147-1-1-0.05-50-0 1 2381 10 27 17 143 0.2533 0.0776 449 149
147-1-1-0.05-50-0 1 2381 37 39 17 6 0.8481 0.2187 127 309
147-1-1-0.05-50-0 1 2381 36 36 115 115 0.8162 0.8162 165 165
147-1-1-0.05-50-0 1 2382 10 27 17 145 0.2533 0.0776 449 149
147-1-1-0.05-50-0 1 2383 37 23 18 1 0.8481 0.1698 127 476
147-1-1-0.05-50-0 1 2383 36 2 122 40 0.8162 0.8198 165 167
147-1-1-0.05-50-0 1 2383 10 27 18 142 0.2533 0.0776 449 149
147-1-1-0.05-50-0 1 2383 36 2 122 39 0.8162 0.8198 165 167
147-1-1-0.05-50-0 1 2384 10 27 19 142 0.2533 0.0776 449 149
147-1-1-0.05-50-0 1 2384 36 36 121 121 0.8162 0.8162 165 165
147-1-1-0.05-50-0 1 2384 14 37 7 17 0.8451 0.8481 105 127
147-1-1-0.05-50-0 1 2384 36 2 120 38 0.8162 0.8198 165 167
147-1-1-0.05-50-0 1 2384 36 36 120 120 0.8162 0.8162 165 165
147-1-1-0.05-50-0 1 2385 10 27 19 143 0.2533 0.0776 449 149
147-1-1-0.05-50-0 1 2385 41 4 102 2 0.9621 0.0723 105 351
147-1-1-0.05-50-0 1 2385 36 43 121 67 0.8162 0.8316 165 123
147-1-1-0.05-50-0 1 2385 36 36 121 121 0.8162 0.8162 165 165
147-1-1-0.05-50-0 1 2385 36 2 120 36 0.8162 0.8198 165 167
147-1-1-0.05-50-0 1 2386 39 39 6 6 0.2187 0.2187 309 309
147-1-1-0.05-50-0 1 2386 36 36 125 125 0.8162 0.8162 165 165
147-1-1-0.05-50-0 1 2386 36 36 124 124 0.8162 0.8162 165 165
147-1-1-0.05-50-0 1 2386 36 37 123 15 0.8162 0.8481 165 127
147-1-1-0.05-50-0 1 2386 10 27 17 142 0.2533 0.0776 449 149
147-1-1-0.05-50-0 1 2387 36 37 119 15 0.8162 0.8481 165 127
147-1-1-0.05-50-0 1 2387 36 36 119 119 0.8162 0.8162 165 165
147-1-1-0.05-50-0 1 2387 1 1 17 17 0.2520 0.2520 409 409
147-1-1-0.05-50-0 1 2387 1 10 16 16 0.2520 0.2533 409 449
147-1-1-0.05-50-0 1 2388 41 4 102 2 0.9621 0.0723 105 351
147-1-1-0.05-50-0 1 2388 36 37 117 14 0.8162 0.8481 165 127
147-1-1-0.05-50-0 1 2388 36 2 117 36 0.8162 0.8198 165 167
147-1-1-0.05-50-0 1 2388 2 9 35 1 0.8198 0.6134 167 161
147-1-1-0.05-50-0 1 2388 36 14 117 6 0.8162 0.8451 165 105
147-1-1-0.05-50-0 1 2388 36 43 117 67 0.8162 0.8316 165 123
147-1-1-0.05-50-0 1 2389 10 27 16 142 0.2533 0.0776 449 149
147-1-1-0.05-50-0 1 2389 41 4 105 1 0.9621 0.0723 105 351
147-1-1-0.05-50-0 1 2390 36 43 113 62 0.8162 0.8316 165 123
147-1-1-0.05-50-0 1 2390 36 37 113 14 0.8162 0.8481 165 127
147-1-1-0.05-50-0 1 2390 36 2 113 33 0.8162 0.8198 165 167
147-1-1-0.05-50-0 1 2390 1 10 19 17 0.2520 0.2533 409 449
147-1-1-0.05-50-0 1 2390 36 36 113 113 0.8162 0.8162 165 165
147-1-1-0.05-50-0 1 2390 10 27 16 147 0.2533 0.0776 449 149
147-1-1-0.05-50-0 1 2390 36 36 112 112 0.8162 0.8162 165 165
147-1-1-0.05-50-0 1 2391 43 12 58 1 0.8316 0.1896 123 325
147-1-1-0.05-50-0 1 2391 36 36 113 113 0.8162 0.8162 165 165
147-1-1-0.05-50-0 1 2391 36 26 112 53 0.8162 0.8171 165 141
147-1-1-0.05-50-0 1 2391 36 43 112 58 0.8162 0.8316 165 123
147-1-1-0.05-50-0 1 2392 36 36 112 112 0.8162 0.8162 165 165
147-1-1-0.05-50-0 1 2392 26 6 50 1 0.8171 0.4266 141 249
147-1-1-0.05-50-0 1 2392 10 27 14 149 0.2533 0.0776 449 149
147-1-1-0.05-50-0 1 2392 20 9 70 1 0.9922 0.6134 102 161
147-1-1-0.05-50-0 1 2393 36 2 115 35 0.8162 0.8198 165 167
147-1-1-0.05-50-0 1 2393 14 43 2 62 0.8451 0.8316 105 123
147-1-1-0.05-50-0 1 2393 36 43 115 61 0.8162 0.8316 165 123
147-1-1-0.05-50-0 1 2393 36 2 115 34 0.8162 0.8198 165 167
147-1-1-0.05-50-0 1 2394 36 36 118 118 0.8162 0.8162 165 165
147-1-1-0.05-50-0 1 2394 36 43 117 60 0.8162 0.8316 165 123
147-1-1-0.05-50-0 1 2394 36 2 117 37 0.8162 0.8198 165 167
147-1-1-0.05-50-0 1 2394 36 36 117 117 0.8162 0.8162 165 165
147-1-1-0.05-50-0 1 2394 36 2 116 36 0.8162 0.8198 165 167
147-1-1-0.05-50-0 1 2394 36 36 116 116 0.8162 0.8162 165 165
147-1-1-0.05-50-0 1 2394 1 1 21 21 0.2520 0.2520 409 409
147-1-1-0.05-50-0 1 2395 36 36 115 115 0.8162 0.8162 165 165
147-1-1-0.05-50-0 1 2395 36 36 114 114 0.8162 0.8162 165 165
147-1-1-0.05-50-0 1 2395 36 43 113 60 0.8162 0.8316 165 123
147-1-1-0.05-50-0 1 2395 36 36 113 113 0.8162 0.8162 165 165
147-1-1-0.05-50-0 1 2396 1 1 23 23 0.2520 0.2520 409 409
147-1-1-0.05-50-0 1 2396 36 37 114 12 0.8162 0.8481 165 127
147-1-1-0.05-50-0 1 2396 36 26 114 52 0.8162 0.8171 165 141
147-1-1-0.05-50-0 1 2396 36 43 114 57 0.8162 0.8316 165 123
147-1-1-0.05-50-0 1 2397 40 15 104 1 0.9739 0.7918 104 149
147-1-1-0.05-50-0 1 2397 1 1 22 22 0.2520 0.2520 409 409
147-1-1-0.05-50-0 1 2397 1 10 21 15 0.2520 0.2533 409 449
147-1-1-0.05-50-0 1 2397 36 36 114 114 0.8162 0.8162 165 165
147-1-1-0.05-50-0 1 2397 36 36 113 113 0.8162 0.8162 165 165
147-1-1-0.05-50-0 1 2398 10 27 13 149 0.2533 0.0776 449 149
147-1-1-0.05-50-0 1 2398 36 36 114 114 0.8162 0.8162 165 165
147-1-1-0.05-50-0 1 2399 36 43 115 55 0.8162 0.8316 165 123
147-1-1-0.05-50-0 1 2399 36 2 115 32 0.8162 0.8198 165 167
147-1-1-0.05-50-0 1 2399 36 43 115 54 0.8162 0.8316 165 123
147-1-1-0.05-50-0 1 2399 36 26 115 46 0.8162 0.8171 165 141
147-1-1-0.05-50-0 1 2399 36 36 115 115 0.8162 0.8162 165 165
147-1-1-0.05-50-0 1 2400 36 26 118 43 0.8162 0.8171 165 141
147-1-1-0.05-50-0 1 2400 36 36 118 118 0.8162 0.8162 165 165
147-1-1-0.05-50-0 1 2400 36 43 117 51 0.8162 0.8316 165 123
147-1-1-0.05-50-0 1 2401 40 21 104 1 0.9739 0.4184 104 158
147-1-1-0.05-50-0 1 2401 36 2 115 30 0.8162 0.8198 165 167
147-1-1-0.05-50-0 1 2401 36 26 115 44 0.8162 0.8171 165 141
147-1-1-0.05-50-0 1 2402 20 44 75 1 0.9922 0.7034 102 118
147-1-1-0.05-50-0 1 2402 41 5 105 1 0.9621 0.0007 105 226
147-1-1-0.05-50-0 1 2402 36 37 116 10 0.8162 0.8481 165 127
147-1-1-0.05-50-0 1 2402 36 36 116 116 0.8162 0.8162 165 165
147-1-1-0.05-50-0 1 2402 1 10 23 13 0.2520 0.2533 409 449
147-1-1-0.05-50-0 1 2402 36 36 115 115 0.8162 0.8162 165 165
147-1-1-0.05-50-0 1 2402 36 37 114 9 0.8162 0.8481 165 127
147-1-1-0.05-50-0 1 2403 36 2 115 28 0.8162 0.8198 165 167
147-1-1-0.05-50-0 1 2403 36 36 115 115 0.8162 0.8162 165 165
147-1-1-0.05-50-0 1 2404 1 1 24 24 0.2520 0.2520 409 409
147-1-1-0.05-50-0 1 2405 36 36 114 114 0.8162 0.8162 165 165
147-1-1-0.05-50-0 1 2405 1 10 25 15 0.2520 0.2533 409 449
147-1-1-0.05-50-0 1 2405 36 36 113 113 0.8162 0.8162 165 165
147-1-1-0.05-50-0 1 2405 10 27 14 149 0.2533 0.0776 449 149
147-1-1-0.05-50-0 1 2406 37 16 7 2 0.8481 0.2228 127 149
147-1-1-0.05-50-0 1 2406 36 43 115 64 0.8162 0.8316 165 123
147-1-1-0.05-50-0 1 2406 36 43 115 63 0.8162 0.8316 165 123
147-1-1-0.05-50-0 1 2407 1 1 24 24 0.2520 0.2520 409 409
147-1-1-0.05-50-0 1 2407 36 43 114 64 0.8162 0.8316 165 123
147-1-1-0.05-50-0 1 2408 10 27 13 149 0.2533 0.0776 449 149
147-1-1-0.05-50-0 1 2408 36 26 116 43 0.8162 0.8171 165 141
147-1-1-0.05-50-0 1 2408 1 10 23 13 0.2520 0.2533 409 449
147-1-1-0.05-50-0 1 2409 20 6 76 1 0.9922 0.4266 102 249
147-1-1-0.05-50-0 1 2409 36 37 117 8 0.8162 0.8481 165 127
147-1-1-0.05-50-0 1 2409 2 30 31 1 0.8198 0.6008 167 266
147-1-1-0.05-50-0 1 2409 10 27 12 148 0.2533 0.0776 449 149
147-1-1-0.05-50-0 1 2410 36 43 119 62 0.8162 0.8316 165 123
147-1-1-0.05-50-0 1 2410 36 26 119 41 0.8162 0.8171 165 141
147-1-1-0.05-50-0 1 2410 36 36 119 119 0.8162 0.8162 165 165
147-1-1-0.05-50-0 1 2411 1 10 23 10 0.2520 0.2533 409 449
147-1-1-0.05-50-0 1 2411 1 10 23 9 0.2520 0.2533 409 449
147-1-1-0.05-50-0 1 2411 36 36 111 111 0.8162 0.8162 165 165
147-1-1-0.05-50-0 1 2412 36 36 110 110 0.8162 0.8162 165 165
147-1-1-0.05-50-0 1 2412 1 39 24 2 0.2520 0.2187 409 309
147-1-1-0.05-50-0 1 2413 2 3 30 1 0.8198 0.4813 167 321
147-1-1-0.05-50-0 1 2413 43 49 61 1 0.8316 0.1842 123 136
147-1-1-0.05-50-0 1 2413 36 36 111 111 0.8162 0.8162 165 165
147-1-1-0.05-50-0 1 2414 43 24 60 1 0.8316 0.1940 123 254
147-1-1-0.05-50-0 1 2415 36 36 111 111 0.8162 0.8162 165 165
147-1-1-0.05-50-0 1 2415 36 2 110 30 0.8162 0.8198 165 167
147-1-1-0.05-50-0 1 2416 36 43 112 54 0.8162 0.8316 165 123
147-1-1-0.05-50-0 1 2416 36 36 112 112 0.8162 0.8162 165 165
147-1-1-0.05-50-0 1 2416 36 36 111 111 0.8162 0.8162 165 165
147-1-1-0.05-50-0 1 2416 36 43 110 53 0.8162 0.8316 165 123
147-1-1-0.05-50-0 1 2416 36 36 110 110 0.8162 0.8162 165 165
147-1-1-0.05-50-0 1 2416 36 2 109 32 0.8162 0.8198 165 167
147-1-1-0.05-50-0 1 2417 1 1 28 28 0.2520 0.2520 409 409
147-1-1-0.05-50-0 1 2417 36 36 116 116 0.8162 0.8162 165 165
147-1-1-0.05-50-0 1 2417 41 35 105 1 0.9621 0.0354 105 158
147-1-1-0.05-50-0 1 2417 36 36 115 115 0.8162 0.8162 165 165
147-1-1-0.05-50-0 1 2417 1 16 27 2 0.2520 0.2228 409 149
147-1-1-0.05-50-0 1 2418 36 26 113 42 0.8162 0.8171 165 141
147-1-1-0.05-50-0 1 2418 25 35 120 2 0.9430 0.0354 125 158
147-1-1-0.05-50-0 1 2418 36 37 113 7 0.8162 0.8481 165 127
147-1-1-0.05-50-0 1 2418 1 10 25 6 0.2520 0.2533 409 449
147-1-1-0.05-50-0 1 2418 36 36 113 113 0.8162 0.8162 165 165
147-1-1-0.05-50-0 1 2418 1 1 25 25 0.2520 0.2520 409 409
147-1-1-0.05-50-0 1 2418 2 38 32 1 0.8198 0.6163 167 270
147-1-1-0.05-50-0 1 2419 36 2 115 33 0.8162 0.8198 165 167
147-1-1-0.05-50-0 1 2419 40 9 93 1 0.9739 0.6134 104 161
147-1-1-0.05-50-0 1 2419 36 36 115 115 0.8162 0.8162 165 165
147-1-1-0.05-50-0 1 2419 36 36 114 114 0.8162 0.8162 165 165
147-1-1-0.05-50-0 1 2419 36 36 113 113 0.8162 0.8162 165 165
147-1-1-0.05-50-0 1 2420 36 2 109 33 0.8162 0.8198 165 167
147-1-1-0.05-50-0 1 2420 25 35 119 1 0.9430 0.0354 125 158
147-1-1-0.05-50-0 1 2421 36 26 109 43 0.8162 0.8171 165 141
147-1-1-0.05-50-0 1 2421 36 26 109 42 0.8162 0.8171 165 141
147-1-1-0.05-50-0 1 2421 36 36 109 109 0.8162 0.8162 165 165
147-1-1-0.05-50-0 1 2422 36 43 109 54 0.8162 0.8316 165 123
147-1-1-0.05-50-0 1 2422 36 36 109 109 0.8162 0.8162 165 165
147-1-1-0.05-50-0 1 2423 2 44 34 1 0.8198 0.7034 167 118
147-1-1-0.05-50-0 1 2423 1 1 26 26 0.2520 0.2520 409 409
147-1-1-0.05-50-0 1 2423 1 16 25 1 0.2520 0.2228 409 149
147-1-1-0.05-50-0 1 2423 36 43 110 54 0.8162 0.8316 165 123
147-1-1-0.05-50-0 1 2424 36 36 114 114 0.8162 0.8162 165 165
147-1-1-0.05-50-0 1 2424 36 2 113 33 0.8162 0.8198 165 167
147-1-1-0.05-50-0 1 2425 10 27 4 149 0.2533 0.0776 449 149
147-1-1-0.05-50-0 1 2425 36 36 109 109 0.8162 0.8162 165 165
147-1-1-0.05-50-0 1 2426 36 36 102 102 0.8162 0.8162 165 165
147-1-1-0.05-50-0 1 2427 36 36 102 102 0.8162 0.8162 165 165
147-1-1-0.05-50-0 1 2427 10 27 4 149 0.2533 0.0776 449 149
147-1-1-0.05-50-0 1 2427 41 22 103 1 0.9621 0.0160 105 311
147-1-1-0.05-50-0 1 2427 1 39 25 1 0.2520 0.2187 409 309
147-1-1-0.05-50-0 1 2427 20 21 70 1 0.9922 0.4184 102 158
147-1-1-0.05-50-0 1 2427 36 26 101 42 0.8162 0.8171 165 141
147-1-1-0.05-50-0 1 2427 36 43 101 45 0.8162 0.8316 165 123
147-1-1-0.05-50-0 1 2427 1 1 25 25 0.2520 0.2520 409 409
147-1-1-0.05-50-0 1 2428 36 36 99 99 0.8162 0.8162 165 165
147-1-1-0.05-50-0 1 2428 40 46 96 1 0.9739 0.3451 104 327
147-1-1-0.05-50-0 1 2428 36 36 98 98 0.8162 0.8162 165 165
147-1-1-0.05-50-0 1 2430 36 2 103 29 0.8162 0.8198 165 167
147-1-1-0.05-50-0 1 2430 25 22 107 1 0.9430 0.0160 125 311
147-1-1-0.05-50-0 1 2430 36 36 103 103 0.8162 0.8162 165 165
147-1-1-0.05-50-0 1 2431 36 26 101 37 0.8162 0.8171 165 141
147-1-1-0.05-50-0 1 2431 36 36 101 101 0.8162 0.8162 165 165
147-1-1-0.05-50-0 1 2432 36 43 99 41 0.8162 0.8316 165 123
147-1-1-0.05-50-0 1 2432 1 8 26 3 0.2520 0.2506 409 303
147-1-1-0.05-50-0 1 2432 36 2 99 27 0.8162 0.8198 165 167
147-1-1-0.05-50-0 1 2433 1 23 26 2 0.2520 0.1698 409 476
147-1-1-0.05-50-0 1 2433 36 36 105 105 0.8162 0.8162 165 165
147-1-1-0.05-50-0 1 2433 36 26 104 40 0.8162 0.8171 165 141
147-1-1-0.05-50-0 1 2433 36 26 104 39 0.8162 0.8171 165 141
147-1-1-0.05-50-0 1 2434 41 4 103 1 0.9621 0.0723 105 351
147-1-1-0.05-50-0 1 2434 1 8 25 2 0.2520 0.2506 409 303
147-1-1-0.05-50-0 1 2434 36 2 104 27 0.8162 0.8198 165 167
147-1-1-0.05-50-0 1 2435 36 2 101 25 0.8162 0.8198 165 167
147-1-1-0.05-50-0 1 2435 36 36 101 101 0.8162 0.8162 165 165
147-1-1-0.05-50-0 1 2435 36 36 100 100 0.8162 0.8162 165 165
147-1-1-0.05-50-0 1 2436 1 1 30 30 0.2520 0.2520 409 409
147-1-1-0.05-50-0 1 2436 1 1 29 29 0.2520 0.2520 409 409
147-1-1-0.05-50-0 1 2436 36 26 102 36 0.8162 0.8171 165 141
147-1-1-0.05-50-0 1 2436 36 2 102 27 0.8162 0.8198 165 167
147-1-1-0.05-50-0 1 2437 36 26 101 37 0.8162 0.8171 165 141
147-1-1-0.05-50-0 1 2437 36 36 101 101 0.8162 0.8162 165 165
147-1-1-0.05-50-0 1 2437 43 49 38 1 0.8316 0.1842 123 136
147-1-1-0.05-50-0 1 2437 1 1 30 30 0.2520 0.2520 409 409
147-1-1-0.05-50-0 1 2437 36 36 100 100 0.8162 0.8162 165 165
147-1-1-0.05-50-0 1 2437 36 26 99 36 0.8162 0.8171 165 141
147-1-1-0.05-50-0 1 2438 36 2 102 29 0.8162 0.8198 165 167
147-1-1-0.05-50-0 1 2438 36 36 102 102 0.8162 0.8162 165 165
147-1-1-0.05-50-0 1 2439 36 26 104 36 0.8162 0.8171 165 141
147-1-1-0.05-50-0 1 2439 36 2 104 28 0.8162 0.8198 165 167
147-1-1-0.05-50-0 1 2439 1 1 31 31 0.2520 0.2520 409 409
147-1-1-0.05-50-0 1 2439 36 36 104 104 0.8162 0.8162 165 165
147-1-1-0.05-50-0 1 2439 1 10 30 5 0.2520 0.2533 409 449
147-1-1-0.05-50-0 1 2440 36 43 101 36 0.8162 0.8316 165 123
147-1-1-0.05-50-0 1 2441 1 1 30 30 0.2520 0.2520 409 409
147-1-1-0.05-50-0 1 2441 36 26 105 35 0.8162 0.8171 165 141
147-1-1-0.05-50-0 1 2442 40 15 104 1 0.9739 0.7918 104 149
147-1-1-0.05-50-0 1 2442 36 26 103 37 0.8162 0.8171 165 141
147-1-1-0.05-50-0 1 2442 36 36 103 103 0.8162 0.8162 165 165
147-1-1-0.05-50-0 1 2443 36 43 104 36 0.8162 0.8316 165 123
147-1-1-0.05-50-0 1 2444 36 14 106 3 0.8162 0.8451 165 105
147-1-1-0.05-50-0 1 2444 36 36 106 106 0.8162 0.8162 165 165
147-1-1-0.05-50-0 1 2444 10 27 6 149 0.2533 0.0776 449 149
147-1-1-0.05-50-0 1 2445 25 35 109 1 0.9430 0.0354 125 158
147-1-1-0.05-50-0 1 2445 36 2 107 30 0.8162 0.8198 165 167
147-1-1-0.05-50-0 1 2445 36 36 107 107 0.8162 0.8162 165 165
147-1-1-0.05-50-0 1 2445 36 36 106 106 0.8162 0.8162 165 165
147-1-1-0.05-50-0 1 2446 36 36 105 105 0.8162 0.8162 165 165
147-1-1-0.05-50-0 1 2446 36 26 104 40 0.8162 0.8171 165 141
147-1-1-0.05-50-0 1 2446 1 1 33 33 0.2520 0.2520 409 409
147-1-1-0.05-50-0 1 2446 36 2 104 30 0.8162 0.8198 165 167
147-1-1-0.05-50-0 1 2447 36 43 101 35 0.8162 0.8316 165 123
147-1-1-0.05-50-0 1 2447 20 46 71 2 0.9922 0.3451 102 327
147-1-1-0.05-50-0 1 2447 26 46 40 1 0.8171 0.3451 141 327
147-1-1-0.05-50-0 1 2447 36 2 101 29 0.8162 0.8198 165 167
147-1-1-0.05-50-0 1 2448 36 36 100 100 0.8162 0.8162 165 165
147-1-1-0.05-50-0 1 2448 1 1 35 35 0.2520 0.2520 409 409
147-1-1-0.05-50-0 1 2449 36 36 102 102 0.8162 0.8162 165 165
147-1-1-0.05-50-0 1 2449 36 36 101 101 0.8162 0.8162 165 165
147-1-1-0.05-50-0 1 2449 36 36 100 100 0.8162 0.8162 165 165
147-1-1-0.05-50-0 1 2449 40 6 103 1 0.9739 0.4266 104 249
147-1-1-0.05-50-0 1 2450 36 36 100 100 0.8162 0.8162 165 165
147-1-1-0.05-50-0 1 2450 36 26 99 41 0.8162 0.8171 165 141
147-1-1-0.05-50-0 1 2450 25 35 109 1 0.9430 0.0354 125 158
147-1-1-0.05-50-0 1 2450 1 1 35 35 0.2520 0.2520 409 409
147-1-1-0.05-50-0 1 2451 1 1 36 36 0.2520 0.2520 409 409
147-1-1-0.05-50-0 1 2451 36 26 102 41 0.8162 0.8171 165 141
147-1-1-0.05-50-0 1 2452 36 2 99 30 0.8162 0.8198 165 167
147-1-1-0.05-50-0 1 2452 20 38 72 1 0.9922 0.6163 102 270
147-1-1-0.05-50-0 1 2452 36 36 99 99 0.8162 0.8162 165 165
147-1-1-0.05-50-0 1 2453 40 6 104 1 0.9739 0.4266 104 249
147-1-1-0.05-50-0 1 2453 36 36 100 100 0.8162 0.8162 165 165
147-1-1-0.05-50-0 1 2453 36 2 99 30 0.8162 0.8198 165 167
147-1-1-0.05-50-0 1 2454 36 36 94 94 0.8162 0.8162 165 165
147-1-1-0.05-50-0 1 2454 36 26 93 41 0.8162 0.8171 165 141
147-1-1-0.05-50-0 1 2454 36 43 93 39 0.8162 0.8316 165 123
147-1-1-0.05-50-0 1 2454 1 1 38 38 0.2520 0.2520 409 409
147-1-1-0.05-50-0 1 2454 1 1 37 37 0.2520 0.2520 409 409
147-1-1-0.05-50-0 1 2455 36 36 90 90 0.8162 0.8162 165 165
147-1-1-0.05-50-0 1 2455 37 23 12 1 0.8481 0.1698 127 476
147-1-1-0.05-50-0 1 2455 1 1 36 36 0.2520 0.2520 409 409
147-1-1-0.05-50-0 1 2456 41 4 105 1 0.9621 0.0723 105 351
147-1-1-0.05-50-0 1 2457 41 22 105 1 0.9621 0.0160 105 311
147-1-1-0.05-50-0 1 2457 36 26 96 41 0.8162 0.8171 165 141
147-1-1-0.05-50-0 1 2457 36 36 96 96 0.8162 0.8162 165 165
147-1-1-0.05-50-0 1 2457 36 26 95 40 0.8162 0.8171 165 141
147-1-1-0.05-50-0 1 2458 40 29 98 1 0.9739 0.6728 104 177
147-1-1-0.05-50-0 1 2458 36 36 98 98 0.8162 0.8162 165 165
147-1-1-0.05-50-0 1 2458 36 43 97 39 0.8162 0.8316 165 123
147-1-1-0.05-50-0 1 2458 36 36 97 97 0.8162 0.8162 165 165
147-1-1-0.05-50-0 1 2459 36 36 97 97 0.8162 0.8162 165 165
147-1-1-0.05-50-0 1 2459 36 2 96 33 0.8162 0.8198 165 167
147-1-1-0.05-50-0 1 2459 10 27 5 149 0.2533 0.0776 449 149
147-1-1-0.05-50-0 1 2460 36 37 96 10 0.8162 0.8481 165 127
147-1-1-0.05-50-0 1 2461 1 1 36 36 0.2520 0.2520 409 409
147-1-1-0.05-50-0 1 2461 2 29 32 1 0.8198 0.6728 167 177
147-1-1-0.05-50-0 1 2462 37 39 8 3 0.8481 0.2187 127 309
147-1-1-0.05-50-0 1 2462 36 2 98 32 0.8162 0.8198 165 167
147-1-1-0.05-50-0 1 2462 1 1 36 36 0.2520 0.2520 409 409
147-1-1-0.05-50-0 1 2462 36 36 98 98 0.8162 0.8162 165 165
147-1-1-0.05-50-0 1 2462 1 1 35 35 0.2520 0.2520 409 409
147-1-1-0.05-50-0 1 2463 36 43 98 36 0.8162 0.8316 165 123
147-1-1-0.05-50-0 1 2463 10 27 5 146 0.2533 0.0776 449 149
147-1-1-0.05-50-0 1 2463 36 43 98 35 0.8162 0.8316 165 123
147-1-1-0.05-50-0 1 2463 1 39 36 3 0.2520 0.2187 409 309
147-1-1-0.05-50-0 1 2464 20 38 82 1 0.9922 0.6163 102 270
147-1-1-0.05-50-0 1 2464 36 26 100 42 0.8162 0.8171 165 141
147-1-1-0.05-50-0 1 2465 36 36 102 102 0.8162 0.8162 165 165
147-1-1-0.05-50-0 1 2465 1 1 42 42 0.2520 0.2520 409 409
147-1-1-0.05-50-0 1 2465 36 36 101 101 0.8162 0.8162 165 165
147-1-1-0.05-50-0 1 2465 1 1 41 41 0.2520 0.2520 409 409
147-1-1-0.05-50-0 1 2466 36 36 104 104 0.8162 0.8162 165 165
147-1-1-0.05-50-0 1 2466 1 1 38 38 0.2520 0.2520 409 409
147-1-1-0.05-50-0 1 2466 36 36 103 103 0.8162 0.8162 165 165
147-1-1-0.05-50-0 1 2467 36 26 103 43 0.8162 0.8171 165 141
147-1-1-0.05-50-0 1 2467 36 43 103 40 0.8162 0.8316 165 123
147-1-1-0.05-50-0 1 2468 40 6 83 1 0.9739 0.4266 104 249
147-1-1-0.05-50-0 1 2468 14 13 1 149 0.8451 0.8878 105 151
147-1-1-0.05-50-0 1 2468 1 1 38 38 0.2520 0.2520 409 409
147-1-1-0.05-50-0 1 2468 36 2 104 36 0.8162 0.8198 165 167
147-1-1-0.05-50-0 1 2468 36 36 104 104 0.8162 0.8162 165 165
147-1-1-0.05-50-0 1 2468 1 1 37 37 0.2520 0.2520 409 409
147-1-1-0.05-50-0 1 2469 36 36 109 109 0.8162 0.8162 165 165
147-1-1-0.05-50-0 1 2469 1 39 35 2 0.2520 0.2187 409 309
147-1-1-0.05-50-0 1 2470 10 27 6 148 0.2533 0.0776 449 149
147-1-1-0.05-50-0 1 2470 36 2 110 37 0.8162 0.8198 165 167
147-1-1-0.05-50-0 1 2470 41 5 104 1 0.9621 0.0007 105 226
147-1-1-0.05-50-0 1 2472 36 37 105 8 0.8162 0.8481 165 127
147-1-1-0.05-50-0 1 2472 36 36 105 105 0.8162 0.8162 165 165
147-1-1-0.05-50-0 1 2472 36 26 104 48 0.8162 0.8171 165 141
147-1-1-0.05-50-0 1 2472 10 27 6 149 0.2533 0.0776 449 149
147-1-1-0.05-50-0 1 2472 1 10 32 6 0.2520 0.2533 409 449
147-1-1-0.05-50-0 1 2472 43 24 39 2 0.8316 0.1940 123 254
147-1-1-0.05-50-0 1 2473 36 2 105 38 0.8162 0.8198 165 167
147-1-1-0.05-50-0 1 2473 36 2 105 37 0.8162 0.8198 165 167
147-1-1-0.05-50-0 1 2473 36 36 105 105 0.8162 0.8162 165 165
147-1-1-0.05-50-0 1 2473 1 10 31 5 0.2520 0.2533 409 449
147-1-1-0.05-50-0 1 2473 1 1 31 31 0.2520 0.2520 409 409
147-1-1-0.05-50-0 1 2474 36 36 103 103 0.8162 0.8162 165 165
147-1-1-0.05-50-0 1 2474 1 1 31 31 0.2520 0.2520 409 409
147-1-1-0.05-50-0 1 2474 20 28 79 1 0.9922 0.3846 102 311
147-1-1-0.05-50-0 1 2474 36 37 102 7 0.8162 0.8481 165 127
147-1-1-0.05-50-0 1 2474 36 2 102 37 0.8162 0.8198 165 167
147-1-1-0.05-50-0 1 2475 36 36 97 97 0.8162 0.8162 165 165
147-1-1-0.05-50-0 1 2475 36 36 96 96 0.8162 0.8162 165 165
147-1-1-0.05-50-0 1 2476 40 34 83 3 0.9739 0.7448 104 168
147-1-1-0.05-50-0 1 2476 36 36 97 97 0.8162 0.8162 165 165
147-1-1-0.05-50-0 1 2476 40 34 83 2 0.9739 0.7448 104 168
147-1-1-0.05-50-0 1 2477 36 26 97 47 0.8162 0.8171 165 141
147-1-1-0.05-50-0 1 2477 36 26 97 46 0.8162 0.8171 165 141
147-1-1-0.05-50-0 1 2478 36 2 96 35 0.8162 0.8198 165 167
147-1-1-0.05-50-0 1 2478 36 19 96 3 0.8162 0.8072 165 134
147-1-1-0.05-50-0 1 2478 36 26 96 48 0.8162 0.8171 165 141
147-1-1-0.05-50-0 1 2478 36 26 96 47 0.8162 0.8171 165 141
147-1-1-0.05-50-0 1 2479 36 36 100 100 0.8162 0.8162 165 165
147-1-1-0.05-50-0 1 2479 36 36 99 99 0.8162 0.8162 165 165
147-1-1-0.05-50-0 1 2479 40 46 86 1 0.9739 0.3451 104 327
147-1-1-0.05-50-0 1 2479 1 1 29 29 0.2520 0.2520 409 409
147-1-1-0.05-50-0 1 2479 36 26 98 47 0.8162 0.8171 165 141
147-1-1-0.05-50-0 1 2480 36 26 99 48 0.8162 0.8171 165 141
147-1-1-0.05-50-0 1 2481 1 1 27 27 0.2520 0.2520 409 409
147-1-1-0.05-50-0 1 2481 36 37 99 6 0.8162 0.8481 165 127
147-1-1-0.05-50-0 1 2481 36 36 99 99 0.8162 0.8162 165 165
147-1-1-0.05-50-0 1 2482 40 34 91 2 0.9739 0.7448 104 168
147-1-1-0.05-50-0 1 2482 36 36 98 98 0.8162 0.8162 165 165
147-1-1-0.05-50-0 1 2483 36 36 97 97 0.8162 0.8162 165 165
147-1-1-0.05-50-0 1 2483 36 43 96 31 0.8162 0.8316 165 123
147-1-1-0.05-50-0 1 2483 36 2 96 36 0.8162 0.8198 165 167
147-1-1-0.05-50-0 1 2483 20 45 83 1 0.9922 0.3816 102 173
147-1-1-0.05-50-0 1 2483 41 11 103 1 0.9621 0.0504 105 384
147-1-1-0.05-50-0 1 2483 1 1 25 25 0.2520 0.2520 409 409
147-1-1-0.05-50-0 1 2484 41 35 105 1 0.9621 0.0354 105 158
147-1-1-0.05-50-0 1 2484 10 27 7 144 0.2533 0.0776 449 149
147-1-1-0.05-50-0 1 2485 36 36 97 97 0.8162 0.8162 165 165
147-1-1-0.05-50-0 1 2485 36 2 96 38 0.8162 0.8198 165 167
147-1-1-0.05-50-0 1 2485 36 2 96 37 0.8162 0.8198 165 167
147-1-1-0.05-50-0 1 2485 36 26 96 47 0.8162 0.8171 165 141
147-1-1-0.05-50-0 1 2486 36 2 96 36 0.8162 0.8198 165 167
147-1-1-0.05-50-0 1 2486 36 43 96 30 0.8162 0.8316 165 123
147-1-1-0.05-50-0 1 2486 20 6 84 1 0.9922 0.4266 102 249
147-1-1-0.05-50-0 1 2487 1 1 23 23 0.2520 0.2520 409 409
147-1-1-0.05-50-0 1 2487 36 26 98 44 0.8162 0.8171 165 141
147-1-1-0.05-50-0 1 2488 43 24 30 3 0.8316 0.1940 123 254
147-1-1-0.05-50-0 1 2488 40 34 85 2 0.9739 0.7448 104 168
147-1-1-0.05-50-0 1 2488 10 27 8 149 0.2533 0.0776 449 149
147-1-1-0.05-50-0 1 2488 2 31 38 3 0.8198 0.5626 167 252
147-1-1-0.05-50-0 1 2489 36 26 96 40 0.8162 0.8171 165 141
147-1-1-0.05-50-0 1 2489 40 44 82 1 0.9739 0.7034 104 118
147-1-1-0.05-50-0 1 2490 36 43 94 30 0.8162 0.8316 165 123
147-1-1-0.05-50-0 1 2490 37 39 10 1 0.8481 0.2187 127 309
147-1-1-0.05-50-0 1 2490 36 26 94 39 0.8162 0.8171 165 141
147-1-1-0.05-50-0 1 2490 40 34 86 3 0.9739 0.7448 104 168
147-1-1-0.05-50-0 1 2490 36 36 94 94 0.8162 0.8162 165 165
147-1-1-0.05-50-0 1 2491 1 10 24 8 0.2520 0.2533 409 449
147-1-1-0.05-50-0 1 2491 1 10 24 7 0.2520 0.2533 409 449
147-1-1-0.05-50-0 1 2491 10 27 6 149 0.2533 0.0776 449 149
147-1-1-0.05-50-0 1 2491 36 43 96 28 0.8162 0.8316 165 123
147-1-1-0.05-50-0 1 2492 36 43 98 27 0.8162 0.8316 165 123
147-1-1-0.05-50-0 1 2492 7 31 102 2 0.9267 0.5626 106 252
147-1-1-0.05-50-0 1 2492 36 36 98 98 0.8162 0.8162 165 165
147-1-1-0.05-50-0 1 2492 36 43 97 26 0.8162 0.8316 165 123
147-1-1-0.05-50-0 1 2492 40 34 85 2 0.9739 0.7448 104 168
147-1-1-0.05-50-0 1 2493 37 48 10 1 0.8481 0.1153 127 334
147-1-1-0.05-50-0 1 2493 1 1 24 24 0.2520 0.2520 409 409
147-1-1-0.05-50-0 1 2494 1 39 22 1 0.2520 0.2187 409 309
147-1-1-0.05-50-0 1 2494 36 36 94 94 0.8162 0.8162 165 165
147-1-1-0.05-50-0 1 2495 1 10 24 6 0.2520 0.2533 409 449
147-1-1-0.05-50-0 1 2495 36 37 96 11 0.8162 0.8481 165 127
147-1-1-0.05-50-0 1 2495 1 8 24 4 0.2520 0.2506 409 303
147-1-1-0.05-50-0 1 2495 41 35 102 1 0.9621 0.0354 105 158
147-1-1-0.05-50-0 1 2495 7 31 104 1 0.9267 0.5626 106 252
147-1-1-0.05-50-0 1 2495 36 2 96 39 0.8162 0.8198 165 167
147-1-1-0.05-50-0 1 2495 2 21 38 1 0.8198 0.4184 167 158
147-1-1-0.05-50-0 1 2496 36 36 95 95 0.8162 0.8162 165 165
147-1-1-0.05-50-0 1 2496 36 26 94 43 0.8162 0.8171 165 141
147-1-1-0.05-50-0 1 2496 10 27 5 149 0.2533 0.0776 449 149
147-1-1-0.05-50-0 1 2497 36 37 89 12 0.8162 0.8481 165 127
147-1-1-0.05-50-0 1 2497 37 24 11 2 0.8481 0.1940 127 254
147-1-1-0.05-50-0 1 2498 36 26 87 41 0.8162 0.8171 165 141
147-1-1-0.05-50-0 1 2498 36 2 87 40 0.8162 0.8198 165 167
147-1-1-0.05-50-0 1 2499 36 36 85 85 0.8162 0.8162 165 165
147-1-1-0.05-50-0 1 2499 36 2 84 41 0.8162 0.8198 165 167
147-1-1-0.05-50-0 1 2499 40 32 82 1 0.9739 0.6514 104 215
147-1-1-0.05-50-0 1 2499 36 36 84 84 0.8162 0.8162 165 165
147-1-1-0.05-50-0 1 2500 36 43 81 31 0.8162 0.8316 165 123
147-1-1-0.05-50-0 1 2500 36 36 81 81 0.8162 0.8162 165 165
