149-0-1-0.05-50-0 0 2302 1 19 9 14 0.2520 0.8072 409 134
149-0-1-0.05-50-0 0 2302 19 44 13 5 0.8072 0.7034 134 118
149-0-1-0.05-50-0 0 2302 26 42 6 11 0.8171 0.7447 141 106
149-0-1-0.05-50-0 0 2303 19 12 13 6 0.8072 0.1896 134 325
149-0-1-0.05-50-0 0 2303 20 2 1 11 0.9922 0.8198 102 167
149-0-1-0.05-50-0 0 2303 31 8 2 15 0.5626 0.2506 252 303
149-0-1-0.05-50-0 0 2304 2 33 9 3 0.8198 0.6893 167 191
149-0-1-0.05-50-0 0 2304 50 2 4 9 0.2147 0.8198 147 167
149-0-1-0.05-50-0 0 2304 8 19 15 13 0.2506 0.8072 303 134
149-0-1-0.05-50-0 0 2305 8 48 17 18 0.2506 0.1153 303 334
149-0-1-0.05-50-0 0 2305 48 48 17 17 0.1153 0.1153 334 334
149-0-1-0.05-50-0 0 2305 13 48 2 16 0.8878 0.1153 151 334
149-0-1-0.05-50-0 0 2306 2 19 8 13 0.8198 0.8072 167 134
149-0-1-0.05-50-0 0 2306 26 39 10 13 0.8171 0.2187 141 309
149-0-1-0.05-50-0 0 2306 31 8 2 17 0.5626 0.2506 252 303
149-0-1-0.05-50-0 0 2307 42 39 11 11 0.7447 0.2187 106 309
149-0-1-0.05-50-0 0 2307 2 48 8 13 0.8198 0.1153 167 334
149-0-1-0.05-50-0 0 2307 8 46 16 3 0.2506 0.3451 303 327
149-0-1-0.05-50-0 0 2308 2 8 8 13 0.8198 0.2506 167 303
149-0-1-0.05-50-0 0 2308 19 30 12 13 0.8072 0.6008 134 266
149-0-1-0.05-50-0 0 2308 46 17 2 5 0.3451 0.6398 327 197
149-0-1-0.05-50-0 0 2309 5 8 1 12 0.0007 0.2506 226 303
149-0-1-0.05-50-0 0 2309 42 48 7 11 0.7447 0.1153 106 334
149-0-1-0.05-50-0 0 2310 43 17 1 4 0.8316 0.6398 123 197
149-0-1-0.05-50-0 0 2310 26 42 11 8 0.8171 0.7447 141 106
149-0-1-0.05-50-0 0 2311 19 8 12 13 0.8072 0.2506 134 303
149-0-1-0.05-50-0 0 2311 14 31 4 3 0.8451 0.5626 105 252
149-0-1-0.05-50-0 0 2312 17 8 3 12 0.6398 0.2506 197 303
149-0-1-0.05-50-0 0 2312 39 48 12 11 0.2187 0.1153 309 334
149-0-1-0.05-50-0 0 2312 39 44 12 5 0.2187 0.7034 309 118
149-0-1-0.05-50-0 0 2313 18 33 6 1 0.2181 0.6893 226 191
149-0-1-0.05-50-0 0 2313 14 13 4 4 0.8451 0.8878 105 151
149-0-1-0.05-50-0 0 2314 19 38 10 1 0.8072 0.6163 134 270
149-0-1-0.05-50-0 0 2314 2 31 8 2 0.8198 0.5626 167 252
149-0-1-0.05-50-0 0 2315 1 8 8 14 0.2520 0.2506 409 303
149-0-1-0.05-50-0 0 2315 30 8 12 13 0.6008 0.2506 266 303
149-0-1-0.05-50-0 0 2316 10 2 7 8 0.2533 0.8198 449 167
149-0-1-0.05-50-0 0 2316 17 10 3 7 0.6398 0.2533 197 449
149-0-1-0.05-50-0 0 2316 18 17 8 3 0.2181 0.6398 226 197
149-0-1-0.05-50-0 0 2317 44 46 4 3 0.7034 0.3451 118 327
149-0-1-0.05-50-0 0 2317 50 2 6 5 0.2147 0.8198 147 167
149-0-1-0.05-50-0 0 2317 1 8 8 12 0.2520 0.2506 409 303
149-0-1-0.05-50-0 0 2318 2 30 3 13 0.8198 0.6008 167 266
149-0-1-0.05-50-0 0 2318 30 8 12 12 0.6008 0.2506 266 303
149-0-1-0.05-50-0 0 2318 1 34 8 3 0.2520 0.7448 409 168
149-0-1-0.05-50-0 0 2319 12 2 6 2 0.1896 0.8198 325 167
149-0-1-0.05-50-0 0 2319 39 35 18 4 0.2187 0.0354 309 158
149-0-1-0.05-50-0 0 2319 39 30 18 13 0.2187 0.6008 309 266
149-0-1-0.05-50-0 0 2320 13 39 3 17 0.8878 0.2187 151 309
149-0-1-0.05-50-0 0 2320 19 19 14 14 0.8072 0.8072 134 134
149-0-1-0.05-50-0 0 2320 42 39 8 16 0.7447 0.2187 106 309
149-0-1-0.05-50-0 0 2321 10 21 7 2 0.2533 0.4184 449 158
149-0-1-0.05-50-0 0 2321 8 10 10 7 0.2506 0.2533 303 449
149-0-1-0.05-50-0 0 2321 26 1 17 7 0.8171 0.2520 141 409
149-0-1-0.05-50-0 0 2322 48 48 6 6 0.1153 0.1153 334 334
149-0-1-0.05-50-0 0 2322 1 19 5 12 0.2520 0.8072 409 134
149-0-1-0.05-50-0 0 2322 26 26 17 17 0.8171 0.8171 141 141
149-0-1-0.05-50-0 0 2323 42 44 7 6 0.7447 0.7034 106 118
149-0-1-0.05-50-0 0 2323 39 26 19 17 0.2187 0.8171 309 141
149-0-1-0.05-50-0 0 2323 26 44 16 5 0.8171 0.7034 141 118
149-0-1-0.05-50-0 0 2324 39 50 20 8 0.2187 0.2147 309 147
149-0-1-0.05-50-0 0 2324 19 17 10 2 0.8072 0.6398 134 197
149-0-1-0.05-50-0 0 2325 14 30 4 12 0.8451 0.6008 105 266
149-0-1-0.05-50-0 0 2325 50 26 7 20 0.2147 0.8171 147 141
149-0-1-0.05-50-0 0 2326 26 26 20 20 0.8171 0.8171 141 141
149-0-1-0.05-50-0 0 2326 26 46 19 4 0.8171 0.3451 141 327
149-0-1-0.05-50-0 0 2326 19 10 8 7 0.8072 0.2533 134 449
149-0-1-0.05-50-0 0 2327 30 42 12 6 0.6008 0.7447 266 106
149-0-1-0.05-50-0 0 2327 26 6 18 2 0.8171 0.4266 141 249
149-0-1-0.05-50-0 0 2327 22 30 2 12 0.0160 0.6008 311 266
149-0-1-0.05-50-0 0 2328 37 42 2 5 0.8481 0.7447 127 106
149-0-1-0.05-50-0 0 2328 8 8 8 8 0.2506 0.2506 303 303
149-0-1-0.05-50-0 0 2329 39 30 20 11 0.2187 0.6008 309 266
149-0-1-0.05-50-0 0 2329 42 2 5 1 0.7447 0.8198 106 167
149-0-1-0.05-50-0 0 2330 42 1 6 6 0.7447 0.2520 106 409
149-0-1-0.05-50-0 0 2330 13 18 3 13 0.8878 0.2181 151 226
149-0-1-0.05-50-0 0 2330 26 12 17 4 0.8171 0.1896 141 325
149-0-1-0.05-50-0 0 2331 42 46 7 3 0.7447 0.3451 106 327
149-0-1-0.05-50-0 0 2331 50 26 8 18 0.2147 0.8171 147 141
149-0-1-0.05-50-0 0 2331 26 12 17 3 0.8171 0.1896 141 325
149-0-1-0.05-50-0 0 2332 13 30 3 12 0.8878 0.6008 151 266
149-0-1-0.05-50-0 0 2332 50 39 9 17 0.2147 0.2187 147 309
149-0-1-0.05-50-0 0 2333 10 44 5 5 0.2533 0.7034 449 118
149-0-1-0.05-50-0 0 2333 18 26 9 19 0.2181 0.8171 226 141
149-0-1-0.05-50-0 0 2333 30 30 11 11 0.6008 0.6008 266 266
149-0-1-0.05-50-0 0 2334 37 19 2 9 0.8481 0.8072 127 134
149-0-1-0.05-50-0 0 2334 18 30 9 10 0.2181 0.6008 226 266
149-0-1-0.05-50-0 0 2334 26 31 18 3 0.8171 0.5626 141 252
149-0-1-0.05-50-0 0 2335 18 1 9 4 0.2181 0.2520 226 409
149-0-1-0.05-50-0 0 2335 26 16 20 3 0.8171 0.2228 141 149
149-0-1-0.05-50-0 0 2335 42 10 12 6 0.7447 0.2533 106 449
149-0-1-0.05-50-0 0 2336 30 42 11 11 0.6008 0.7447 266 106
149-0-1-0.05-50-0 0 2336 26 26 21 21 0.8171 0.8171 141 141
149-0-1-0.05-50-0 0 2336 10 19 5 8 0.2533 0.8072 449 134
149-0-1-0.05-50-0 0 2337 50 14 10 5 0.2147 0.8451 147 105
149-0-1-0.05-50-0 0 2337 22 30 3 10 0.0160 0.6008 311 266
149-0-1-0.05-50-0 0 2337 39 39 16 16 0.2187 0.2187 309 309
149-0-1-0.05-50-0 0 2338 5 48 3 13 0.0007 0.1153 226 334
149-0-1-0.05-50-0 0 2338 44 26 3 22 0.7034 0.8171 118 141
149-0-1-0.05-50-0 0 2338 26 10 21 4 0.8171 0.2533 141 449
149-0-1-0.05-50-0 0 2339 35 48 5 13 0.0354 0.1153 158 334
149-0-1-0.05-50-0 0 2339 10 48 3 12 0.2533 0.1153 449 334
149-0-1-0.05-50-0 0 2339 48 14 11 4 0.1153 0.8451 334 105
149-0-1-0.05-50-0 0 2340 48 39 10 16 0.1153 0.2187 334 309
149-0-1-0.05-50-0 0 2340 50 39 11 15 0.2147 0.2187 147 309
149-0-1-0.05-50-0 0 2341 48 35 12 6 0.1153 0.0354 334 158
149-0-1-0.05-50-0 0 2341 26 26 21 21 0.8171 0.8171 141 141
149-0-1-0.05-50-0 0 2341 34 14 3 3 0.7448 0.8451 168 105
149-0-1-0.05-50-0 0 2342 26 39 20 15 0.8171 0.2187 141 309
149-0-1-0.05-50-0 0 2342 30 19 8 9 0.6008 0.8072 266 134
149-0-1-0.05-50-0 0 2342 50 33 14 1 0.2147 0.6893 147 191
149-0-1-0.05-50-0 0 2343 19 50 8 14 0.8072 0.2147 134 147
149-0-1-0.05-50-0 0 2343 19 5 8 3 0.8072 0.0007 134 226
149-0-1-0.05-50-0 0 2343 18 13 9 8 0.2181 0.8878 226 151
149-0-1-0.05-50-0 0 2344 50 26 14 19 0.2147 0.8171 147 141
149-0-1-0.05-50-0 0 2344 35 50 6 14 0.0354 0.2147 158 147
149-0-1-0.05-50-0 0 2344 48 42 13 11 0.1153 0.7447 334 106
149-0-1-0.05-50-0 0 2345 50 35 12 6 0.2147 0.0354 147 158
149-0-1-0.05-50-0 0 2345 24 48 2 13 0.1940 0.1153 254 334
149-0-1-0.05-50-0 0 2346 42 42 9 9 0.7447 0.7447 106 106
149-0-1-0.05-50-0 0 2346 18 37 10 2 0.2181 0.8481 226 127
149-0-1-0.05-50-0 0 2346 24 42 2 8 0.1940 0.7447 254 106
149-0-1-0.05-50-0 0 2347 18 5 11 2 0.2181 0.0007 226 226
149-0-1-0.05-50-0 0 2347 26 26 21 21 0.8171 0.8171 141 141
149-0-1-0.05-50-0 0 2347 13 16 6 3 0.8878 0.2228 151 149
149-0-1-0.05-50-0 0 2348 14 19 1 8 0.8451 0.8072 105 134
149-0-1-0.05-50-0 0 2348 48 26 14 19 0.1153 0.8171 334 141
149-0-1-0.05-50-0 0 2348 19 18 7 11 0.8072 0.2181 134 226
149-0-1-0.05-50-0 0 2349 39 26 14 18 0.2187 0.8171 309 141
149-0-1-0.05-50-0 0 2349 13 26 6 17 0.8878 0.8171 151 141
149-0-1-0.05-50-0 0 2350 5 34 1 4 0.0007 0.7448 226 168
149-0-1-0.05-50-0 0 2350 13 10 6 2 0.8878 0.2533 151 449
149-0-1-0.05-50-0 0 2350 18 42 14 6 0.2181 0.7447 226 106
149-0-1-0.05-50-0 0 2351 30 10 10 1 0.6008 0.2533 266 449
149-0-1-0.05-50-0 0 2351 8 15 9 2 0.2506 0.7918 303 149
149-0-1-0.05-50-0 0 2352 23 18 1 12 0.1698 0.2181 476 226
149-0-1-0.05-50-0 0 2352 7 22 2 3 0.9267 0.0160 106 311
149-0-1-0.05-50-0 0 2353 26 48 17 18 0.8171 0.1153 141 334
149-0-1-0.05-50-0 0 2353 50 28 12 1 0.2147 0.3846 147 311
149-0-1-0.05-50-0 0 2354 26 18 18 12 0.8171 0.2181 141 226
149-0-1-0.05-50-0 0 2354 13 50 5 11 0.8878 0.2147 151 147
149-0-1-0.05-50-0 0 2355 19 30 8 10 0.8072 0.6008 134 266
149-0-1-0.05-50-0 0 2355 8 39 10 14 0.2506 0.2187 303 309
149-0-1-0.05-50-0 0 2356 30 16 9 4 0.6008 0.2228 266 149
149-0-1-0.05-50-0 0 2356 48 48 16 16 0.1153 0.1153 334 334
149-0-1-0.05-50-0 0 2356 31 30 2 9 0.5626 0.6008 252 266
149-0-1-0.05-50-0 0 2357 39 7 13 3 0.2187 0.9267 309 106
149-0-1-0.05-50-0 0 2357 24 5 4 2 0.1940 0.0007 254 226
149-0-1-0.05-50-0 0 2357 12 39 5 13 0.1896 0.2187 325 309
149-0-1-0.05-50-0 0 2358 26 13 19 5 0.8171 0.8878 141 151
149-0-1-0.05-50-0 0 2358 34 19 4 8 0.7448 0.8072 168 134
149-0-1-0.05-50-0 0 2359 50 13 14 4 0.2147 0.8878 147 151
149-0-1-0.05-50-0 0 2359 34 8 6 9 0.7448 0.2506 168 303
149-0-1-0.05-50-0 0 2359 8 6 8 4 0.2506 0.4266 303 249
149-0-1-0.05-50-0 0 2360 50 18 15 9 0.2147 0.2181 147 226
149-0-1-0.05-50-0 0 2360 12 48 5 19 0.1896 0.1153 325 334
149-0-1-0.05-50-0 0 2360 24 1 4 2 0.1940 0.2520 254 409
149-0-1-0.05-50-0 0 2361 12 42 6 6 0.1896 0.7447 325 106
149-0-1-0.05-50-0 0 2361 8 8 9 9 0.2506 0.2506 303 303
149-0-1-0.05-50-0 0 2361 13 34 3 7 0.8878 0.7448 151 168
149-0-1-0.05-50-0 0 2362 6 30 3 13 0.4266 0.6008 249 266
149-0-1-0.05-50-0 0 2362 6 34 3 6 0.4266 0.7448 249 168
149-0-1-0.05-50-0 0 2362 8 26 8 22 0.2506 0.8171 303 141
149-0-1-0.05-50-0 0 2363 18 50 8 15 0.2181 0.2147 226 147
149-0-1-0.05-50-0 0 2363 5 16 2 4 0.0007 0.2228 226 149
149-0-1-0.05-50-0 0 2363 43 19 6 8 0.8316 0.8072 123 134
149-0-1-0.05-50-0 0 2364 39 43 14 6 0.2187 0.8316 309 123
149-0-1-0.05-50-0 0 2364 8 7 9 3 0.2506 0.9267 303 106
149-0-1-0.05-50-0 0 2364 8 26 9 26 0.2506 0.8171 303 141
149-0-1-0.05-50-0 0 2365 16 37 5 1 0.2228 0.8481 149 127
149-0-1-0.05-50-0 0 2365 26 1 26 2 0.8171 0.2520 141 409
149-0-1-0.05-50-0 0 2365 26 26 26 26 0.8171 0.8171 141 141
149-0-1-0.05-50-0 0 2366 47 26 2 24 0.9293 0.8171 103 141
149-0-1-0.05-50-0 0 2366 48 30 14 13 0.1153 0.6008 334 266
149-0-1-0.05-50-0 0 2366 43 39 3 16 0.8316 0.2187 123 309
149-0-1-0.05-50-0 0 2367 19 30 8 12 0.8072 0.6008 134 266
149-0-1-0.05-50-0 0 2367 26 26 23 23 0.8171 0.8171 141 141
149-0-1-0.05-50-0 0 2367 8 26 9 22 0.2506 0.8171 303 141
149-0-1-0.05-50-0 0 2368 26 39 23 16 0.8171 0.2187 141 309
149-0-1-0.05-50-0 0 2368 30 39 12 15 0.6008 0.2187 266 309
149-0-1-0.05-50-0 0 2368 24 18 6 10 0.1940 0.2181 254 226
149-0-1-0.05-50-0 0 2369 50 48 18 14 0.2147 0.1153 147 334
149-0-1-0.05-50-0 0 2369 26 26 21 21 0.8171 0.8171 141 141
149-0-1-0.05-50-0 0 2369 50 30 18 12 0.2147 0.6008 147 266
149-0-1-0.05-50-0 0 2370 26 8 23 9 0.8171 0.2506 141 303
149-0-1-0.05-50-0 0 2370 18 8 9 8 0.2181 0.2506 226 303
149-0-1-0.05-50-0 0 2370 50 39 19 14 0.2147 0.2187 147 309
149-0-1-0.05-50-0 0 2371 6 26 5 24 0.4266 0.8171 249 141
149-0-1-0.05-50-0 0 2371 8 18 7 9 0.2506 0.2181 303 226
149-0-1-0.05-50-0 0 2371 8 26 7 23 0.2506 0.8171 303 141
149-0-1-0.05-50-0 0 2372 26 6 22 5 0.8171 0.4266 141 249
149-0-1-0.05-50-0 0 2372 42 39 4 13 0.7447 0.2187 106 309
149-0-1-0.05-50-0 0 2372 50 26 21 22 0.2147 0.8171 147 141
149-0-1-0.05-50-0 0 2373 48 48 11 11 0.1153 0.1153 334 334
149-0-1-0.05-50-0 0 2373 5 50 5 22 0.0007 0.2147 226 147
149-0-1-0.05-50-0 0 2373 24 31 6 4 0.1940 0.5626 254 252
149-0-1-0.05-50-0 0 2374 50 26 23 22 0.2147 0.8171 147 141
149-0-1-0.05-50-0 0 2374 18 26 9 21 0.2181 0.8171 226 141
149-0-1-0.05-50-0 0 2374 26 30 20 11 0.8171 0.6008 141 266
149-0-1-0.05-50-0 0 2375 22 30 2 10 0.0160 0.6008 311 266
149-0-1-0.05-50-0 0 2375 50 15 24 1 0.2147 0.7918 147 149
149-0-1-0.05-50-0 0 2375 19 18 8 9 0.8072 0.2181 134 226
149-0-1-0.05-50-0 0 2376 43 26 5 20 0.8316 0.8171 123 141
149-0-1-0.05-50-0 0 2376 42 43 5 5 0.7447 0.8316 106 123
149-0-1-0.05-50-0 0 2376 30 8 9 6 0.6008 0.2506 266 303
149-0-1-0.05-50-0 0 2377 18 36 10 1 0.2181 0.8162 226 165
149-0-1-0.05-50-0 0 2377 26 19 23 8 0.8171 0.8072 141 134
149-0-1-0.05-50-0 0 2377 19 31 7 4 0.8072 0.5626 134 252
149-0-1-0.05-50-0 0 2378 50 24 24 6 0.2147 0.1940 147 254
149-0-1-0.05-50-0 0 2378 18 47 9 3 0.2181 0.9293 226 103
149-0-1-0.05-50-0 0 2378 26 48 24 13 0.8171 0.1153 141 334
149-0-1-0.05-50-0 0 2379 12 26 6 24 0.1896 0.8171 325 141
149-0-1-0.05-50-0 0 2379 26 2 23 1 0.8171 0.8198 141 167
149-0-1-0.05-50-0 0 2379 50 13 22 3 0.2147 0.8878 147 151
149-0-1-0.05-50-0 0 2380 5 7 7 2 0.0007 0.9267 226 106
149-0-1-0.05-50-0 0 2380 50 34 24 2 0.2147 0.7448 147 168
149-0-1-0.05-50-0 0 2380 50 48 24 15 0.2147 0.1153 147 334
149-0-1-0.05-50-0 0 2381 35 5 3 8 0.0354 0.0007 158 226
149-0-1-0.05-50-0 0 2381 50 26 25 21 0.2147 0.8171 147 141
149-0-1-0.05-50-0 0 2381 12 48 6 16 0.1896 0.1153 325 334
149-0-1-0.05-50-0 0 2382 18 50 10 27 0.2181 0.2147 226 147
149-0-1-0.05-50-0 0 2382 18 26 10 21 0.2181 0.8171 226 141
149-0-1-0.05-50-0 0 2382 4 50 2 26 0.0723 0.2147 351 147
149-0-1-0.05-50-0 0 2383 39 13 11 2 0.2187 0.8878 309 151
149-0-1-0.05-50-0 0 2383 16 30 2 8 0.2228 0.6008 149 266
149-0-1-0.05-50-0 0 2383 50 42 24 7 0.2147 0.7447 147 106
149-0-1-0.05-50-0 0 2384 5 50 6 24 0.0007 0.2147 226 147
149-0-1-0.05-50-0 0 2384 26 16 19 3 0.8171 0.2228 141 149
149-0-1-0.05-50-0 0 2384 48 39 15 11 0.1153 0.2187 334 309
149-0-1-0.05-50-0 0 2385 50 36 24 2 0.2147 0.8162 147 165
149-0-1-0.05-50-0 0 2385 50 50 24 24 0.2147 0.2147 147 147
149-0-1-0.05-50-0 0 2385 24 43 4 4 0.1940 0.8316 254 123
149-0-1-0.05-50-0 0 2386 5 19 6 8 0.0007 0.8072 226 134
149-0-1-0.05-50-0 0 2386 35 39 3 11 0.0354 0.2187 158 309
149-0-1-0.05-50-0 0 2386 48 39 15 10 0.1153 0.2187 334 309
149-0-1-0.05-50-0 0 2387 13 35 5 3 0.8878 0.0354 151 158
149-0-1-0.05-50-0 0 2387 26 5 21 6 0.8171 0.0007 141 226
149-0-1-0.05-50-0 0 2387 12 26 3 21 0.1896 0.8171 325 141
149-0-1-0.05-50-0 0 2388 50 50 24 24 0.2147 0.2147 147 147
149-0-1-0.05-50-0 0 2388 42 43 4 2 0.7447 0.8316 106 123
149-0-1-0.05-50-0 0 2389 50 13 23 4 0.2147 0.8878 147 151
149-0-1-0.05-50-0 0 2389 31 24 3 3 0.5626 0.1940 252 254
149-0-1-0.05-50-0 0 2389 44 48 2 14 0.7034 0.1153 118 334
149-0-1-0.05-50-0 0 2390 50 17 25 1 0.2147 0.6398 147 197
149-0-1-0.05-50-0 0 2390 18 48 10 13 0.2181 0.1153 226 334
149-0-1-0.05-50-0 0 2391 39 48 7 13 0.2187 0.1153 309 334
149-0-1-0.05-50-0 0 2391 31 50 3 28 0.5626 0.2147 252 147
149-0-1-0.05-50-0 0 2391 24 50 2 27 0.1940 0.2147 254 147
149-0-1-0.05-50-0 0 2392 50 42 24 5 0.2147 0.7447 147 106
149-0-1-0.05-50-0 0 2392 39 5 9 4 0.2187 0.0007 309 226
149-0-1-0.05-50-0 0 2392 18 34 11 6 0.2181 0.7448 226 168
149-0-1-0.05-50-0 0 2393 30 26 8 20 0.6008 0.8171 266 141
149-0-1-0.05-50-0 0 2393 12 36 4 1 0.1896 0.8162 325 165
149-0-1-0.05-50-0 0 2394 45 14 3 1 0.3816 0.8451 173 105
149-0-1-0.05-50-0 0 2394 30 42 8 3 0.6008 0.7447 266 106
149-0-1-0.05-50-0 0 2395 24 48 3 14 0.1940 0.1153 254 334
149-0-1-0.05-50-0 0 2395 50 39 21 9 0.2147 0.2187 147 309
149-0-1-0.05-50-0 0 2396 35 26 4 17 0.0354 0.8171 158 141
149-0-1-0.05-50-0 0 2396 50 16 22 2 0.2147 0.2228 147 149
149-0-1-0.05-50-0 0 2396 18 44 13 2 0.2181 0.7034 226 118
149-0-1-0.05-50-0 0 2397 13 38 3 2 0.8878 0.6163 151 270
149-0-1-0.05-50-0 0 2397 10 50 1 23 0.2533 0.2147 449 147
149-0-1-0.05-50-0 0 2398 50 50 21 21 0.2147 0.2147 147 147
149-0-1-0.05-50-0 0 2398 4 48 2 13 0.0723 0.1153 351 334
149-0-1-0.05-50-0 0 2399 26 18 14 14 0.8171 0.2181 141 226
149-0-1-0.05-50-0 0 2399 5 48 4 12 0.0007 0.1153 226 334
149-0-1-0.05-50-0 0 2400 48 35 11 5 0.1153 0.0354 334 158
149-0-1-0.05-50-0 0 2400 32 26 2 14 0.6514 0.8171 215 141
149-0-1-0.05-50-0 0 2401 6 18 6 12 0.4266 0.2181 249 226
149-0-1-0.05-50-0 0 2401 50 18 23 11 0.2147 0.2181 147 226
149-0-1-0.05-50-0 0 2402 6 22 6 12 0.4266 0.0160 249 311
149-0-1-0.05-50-0 0 2402 50 48 24 11 0.2147 0.1153 147 334
149-0-1-0.05-50-0 0 2403 13 35 1 6 0.8878 0.0354 151 158
149-0-1-0.05-50-0 0 2403 50 26 27 11 0.2147 0.8171 147 141
149-0-1-0.05-50-0 0 2404 19 50 3 28 0.8072 0.2147 134 147
149-0-1-0.05-50-0 0 2404 47 50 5 27 0.9293 0.2147 103 147
149-0-1-0.05-50-0 0 2405 5 22 3 13 0.0007 0.0160 226 311
149-0-1-0.05-50-0 0 2405 5 22 3 12 0.0007 0.0160 226 311
149-0-1-0.05-50-0 0 2405 39 47 10 6 0.2187 0.9293 309 103
149-0-1-0.05-50-0 0 2406 50 22 30 12 0.2147 0.0160 147 311
149-0-1-0.05-50-0 0 2406 26 30 8 7 0.8171 0.6008 141 266
149-0-1-0.05-50-0 0 2406 43 5 3 3 0.8316 0.0007 123 226
149-0-1-0.05-50-0 0 2407 50 48 29 10 0.2147 0.1153 147 334
149-0-1-0.05-50-0 0 2407 12 6 7 7 0.1896 0.4266 325 249
149-0-1-0.05-50-0 0 2407 50 12 29 7 0.2147 0.1896 147 325
149-0-1-0.05-50-0 0 2408 18 18 11 11 0.2181 0.2181 226 226
149-0-1-0.05-50-0 0 2408 31 19 2 3 0.5626 0.8072 252 134
149-0-1-0.05-50-0 0 2409 48 18 9 11 0.1153 0.2181 334 226
149-0-1-0.05-50-0 0 2409 39 50 10 28 0.2187 0.2147 309 147
149-0-1-0.05-50-0 0 2410 50 12 28 8 0.2147 0.1896 147 325
149-0-1-0.05-50-0 0 2410 26 44 8 2 0.8171 0.7034 141 118
149-0-1-0.05-50-0 0 2411 35 26 5 7 0.0354 0.8171 158 141
149-0-1-0.05-50-0 0 2411 45 34 7 7 0.3816 0.7448 173 168
149-0-1-0.05-50-0 0 2412 35 12 6 8 0.0354 0.1896 158 325
149-0-1-0.05-50-0 0 2412 34 12 7 7 0.7448 0.1896 168 325
149-0-1-0.05-50-0 0 2412 18 11 12 1 0.2181 0.0504 226 384
149-0-1-0.05-50-0 0 2413 5 47 1 4 0.0007 0.9293 226 103
149-0-1-0.05-50-0 0 2413 42 12 3 6 0.7447 0.1896 106 325
149-0-1-0.05-50-0 0 2413 50 6 28 9 0.2147 0.4266 147 249
149-0-1-0.05-50-0 0 2414 35 15 6 1 0.0354 0.7918 158 149
149-0-1-0.05-50-0 0 2414 18 48 13 9 0.2181 0.1153 226 334
149-0-1-0.05-50-0 0 2414 26 18 6 13 0.8171 0.2181 141 226
149-0-1-0.05-50-0 0 2415 48 50 8 23 0.1153 0.2147 334 147
149-0-1-0.05-50-0 0 2415 16 41 2 2 0.2228 0.9621 149 105
149-0-1-0.05-50-0 0 2415 30 22 7 18 0.6008 0.0160 266 311
149-0-1-0.05-50-0 0 2416 22 34 19 7 0.0160 0.7448 311 168
149-0-1-0.05-50-0 0 2416 50 32 24 2 0.2147 0.6514 147 215
149-0-1-0.05-50-0 0 2417 22 26 20 7 0.0160 0.8171 311 141
149-0-1-0.05-50-0 0 2417 39 48 12 8 0.2187 0.1153 309 334
149-0-1-0.05-50-0 0 2417 39 22 12 20 0.2187 0.0160 309 311
149-0-1-0.05-50-0 0 2418 50 22 27 19 0.2147 0.0160 147 311
149-0-1-0.05-50-0 0 2418 4 34 3 7 0.0723 0.7448 351 168
149-0-1-0.05-50-0 0 2418 22 39 18 14 0.0160 0.2187 311 309
149-0-1-0.05-50-0 0 2419 30 34 9 6 0.6008 0.7448 266 168
149-0-1-0.05-50-0 0 2419 39 48 12 8 0.2187 0.1153 309 334
149-0-1-0.05-50-0 0 2419 24 50 2 26 0.1940 0.2147 254 147
149-0-1-0.05-50-0 0 2420 47 35 4 8 0.9293 0.0354 103 158
149-0-1-0.05-50-0 0 2420 31 11 1 1 0.5626 0.0504 252 384
149-0-1-0.05-50-0 0 2420 39 22 12 19 0.2187 0.0160 309 311
149-0-1-0.05-50-0 0 2421 35 19 7 3 0.0354 0.8072 158 134
149-0-1-0.05-50-0 0 2421 26 35 5 7 0.8171 0.0354 141 158
149-0-1-0.05-50-0 0 2421 34 18 4 16 0.7448 0.2181 168 226
149-0-1-0.05-50-0 0 2422 24 47 2 4 0.1940 0.9293 254 103
149-0-1-0.05-50-0 0 2422 34 6 4 7 0.7448 0.4266 168 249
149-0-1-0.05-50-0 0 2423 18 30 16 8 0.2181 0.6008 226 266
149-0-1-0.05-50-0 0 2423 42 48 3 6 0.7447 0.1153 106 334
149-0-1-0.05-50-0 0 2424 26 45 4 5 0.8171 0.3816 141 173
149-0-1-0.05-50-0 0 2424 50 22 27 22 0.2147 0.0160 147 311
149-0-1-0.05-50-0 0 2424 35 50 6 27 0.0354 0.2147 158 147
149-0-1-0.05-50-0 0 2425 45 6 4 7 0.3816 0.4266 173 249
149-0-1-0.05-50-0 0 2425 39 35 14 6 0.2187 0.0354 309 158
149-0-1-0.05-50-0 0 2425 22 24 17 6 0.0160 0.1940 311 254
149-0-1-0.05-50-0 0 2426 30 35 8 5 0.6008 0.0354 266 158
149-0-1-0.05-50-0 0 2426 35 8 4 4 0.0354 0.2506 158 303
149-0-1-0.05-50-0 0 2427 34 24 4 5 0.7448 0.1940 168 254
149-0-1-0.05-50-0 0 2427 45 12 5 6 0.3816 0.1896 173 325
149-0-1-0.05-50-0 0 2428 39 50 12 30 0.2187 0.2147 309 147
149-0-1-0.05-50-0 0 2428 50 19 29 3 0.2147 0.8072 147 134
149-0-1-0.05-50-0 0 2428 45 39 6 12 0.3816 0.2187 173 309
149-0-1-0.05-50-0 0 2429 39 22 11 20 0.2187 0.0160 309 311
149-0-1-0.05-50-0 0 2429 18 18 16 16 0.2181 0.2181 226 226
149-0-1-0.05-50-0 0 2430 30 43 7 3 0.6008 0.8316 266 123
149-0-1-0.05-50-0 0 2430 22 39 19 11 0.0160 0.2187 311 309
149-0-1-0.05-50-0 0 2431 48 22 5 20 0.1153 0.0160 334 311
149-0-1-0.05-50-0 0 2431 8 39 2 9 0.2506 0.2187 303 309
149-0-1-0.05-50-0 0 2432 45 22 5 20 0.3816 0.0160 173 311
149-0-1-0.05-50-0 0 2432 34 50 4 28 0.7448 0.2147 168 147
149-0-1-0.05-50-0 0 2433 26 50 6 26 0.8171 0.2147 141 147
149-0-1-0.05-50-0 0 2433 23 30 1 5 0.1698 0.6008 476 266
149-0-1-0.05-50-0 0 2434 18 39 12 11 0.2181 0.2187 226 309
149-0-1-0.05-50-0 0 2434 33 6 1 4 0.6893 0.4266 191 249
149-0-1-0.05-50-0 0 2435 40 50 2 26 0.9739 0.2147 104 147
149-0-1-0.05-50-0 0 2435 6 22 3 16 0.4266 0.0160 249 311
149-0-1-0.05-50-0 0 2436 39 34 11 5 0.2187 0.7448 309 168
149-0-1-0.05-50-0 0 2436 50 2 26 2 0.2147 0.8198 147 167
149-0-1-0.05-50-0 0 2437 26 50 7 28 0.8171 0.2147 141 147
149-0-1-0.05-50-0 0 2437 50 42 27 2 0.2147 0.7447 147 106
149-0-1-0.05-50-0 0 2437 24 50 6 27 0.1940 0.2147 254 147
149-0-1-0.05-50-0 0 2438 50 50 27 27 0.2147 0.2147 147 147
149-0-1-0.05-50-0 0 2438 16 35 4 4 0.2228 0.0354 149 158
149-0-1-0.05-50-0 0 2439 50 18 24 11 0.2147 0.2181 147 226
149-0-1-0.05-50-0 0 2439 50 50 24 24 0.2147 0.2147 147 147
149-0-1-0.05-50-0 0 2440 18 39 10 14 0.2181 0.2187 226 309
149-0-1-0.05-50-0 0 2440 26 19 6 3 0.8171 0.8072 141 134
149-0-1-0.05-50-0 0 2441 26 24 7 7 0.8171 0.1940 141 254
149-0-1-0.05-50-0 0 2441 6 50 3 25 0.4266 0.2147 249 147
149-0-1-0.05-50-0 0 2441 50 34 24 5 0.2147 0.7448 147 168
149-0-1-0.05-50-0 0 2442 22 43 17 3 0.0160 0.8316 311 123
149-0-1-0.05-50-0 0 2442 39 18 13 9 0.2187 0.2181 309 226
149-0-1-0.05-50-0 0 2442 16 3 4 1 0.2228 0.4813 149 321
149-0-1-0.05-50-0 0 2443 24 39 6 14 0.1940 0.2187 254 309
149-0-1-0.05-50-0 0 2443 50 18 24 9 0.2147 0.2181 147 226
149-0-1-0.05-50-0 0 2443 50 18 24 8 0.2147 0.2181 147 226
149-0-1-0.05-50-0 0 2444 22 22 20 20 0.0160 0.0160 311 311
149-0-1-0.05-50-0 0 2444 26 50 5 24 0.8171 0.2147 141 147
149-0-1-0.05-50-0 0 2445 30 50 3 24 0.6008 0.2147 266 147
149-0-1-0.05-50-0 0 2445 40 39 3 13 0.9739 0.2187 104 309
149-0-1-0.05-50-0 0 2446 33 26 2 6 0.6893 0.8171 191 141
149-0-1-0.05-50-0 0 2446 50 18 25 6 0.2147 0.2181 147 226
149-0-1-0.05-50-0 0 2447 22 27 19 7 0.0160 0.0776 311 149
149-0-1-0.05-50-0 0 2447 22 18 19 6 0.0160 0.2181 311 226
149-0-1-0.05-50-0 0 2448 49 50 4 24 0.1842 0.2147 136 147
149-0-1-0.05-50-0 0 2448 14 50 1 23 0.8451 0.2147 105 147
149-0-1-0.05-50-0 0 2449 33 4 1 3 0.6893 0.0723 191 351
149-0-1-0.05-50-0 0 2449 50 26 24 5 0.2147 0.8171 147 141
149-0-1-0.05-50-0 0 2450 50 47 24 4 0.2147 0.9293 147 103
149-0-1-0.05-50-0 0 2450 50 50 24 24 0.2147 0.2147 147 147
149-0-1-0.05-50-0 0 2451 18 50 6 24 0.2181 0.2147 226 147
149-0-1-0.05-50-0 0 2451 50 24 23 9 0.2147 0.1940 147 254
149-0-1-0.05-50-0 0 2452 35 22 5 18 0.0354 0.0160 158 311
149-0-1-0.05-50-0 0 2452 34 12 4 2 0.7448 0.1896 168 325
149-0-1-0.05-50-0 0 2453 24 22 8 19 0.1940 0.0160 254 311
149-0-1-0.05-50-0 0 2453 18 43 4 3 0.2181 0.8316 226 123
149-0-1-0.05-50-0 0 2454 33 24 1 9 0.6893 0.1940 191 254
149-0-1-0.05-50-0 0 2454 50 43 29 2 0.2147 0.8316 147 123
149-0-1-0.05-50-0 0 2455 19 6 3 1 0.8072 0.4266 134 249
149-0-1-0.05-50-0 0 2455 50 16 31 2 0.2147 0.2228 147 149
149-0-1-0.05-50-0 0 2456 22 50 18 32 0.0160 0.2147 311 147
149-0-1-0.05-50-0 0 2456 50 27 31 7 0.2147 0.0776 147 149
149-0-1-0.05-50-0 0 2456 32 34 5 4 0.6514 0.7448 215 168
149-0-1-0.05-50-0 0 2457 24 7 9 3 0.1940 0.9267 254 106
149-0-1-0.05-50-0 0 2457 22 40 18 3 0.0160 0.9739 311 104
149-0-1-0.05-50-0 0 2457 48 50 3 32 0.1153 0.2147 334 147
149-0-1-0.05-50-0 0 2458 50 24 31 9 0.2147 0.1940 147 254
149-0-1-0.05-50-0 0 2458 45 50 8 31 0.3816 0.2147 173 147
149-0-1-0.05-50-0 0 2458 39 45 10 8 0.2187 0.3816 309 173
149-0-1-0.05-50-0 0 2459 26 13 4 1 0.8171 0.8878 141 151
149-0-1-0.05-50-0 0 2459 22 50 17 33 0.0160 0.2147 311 147
149-0-1-0.05-50-0 0 2459 34 47 4 3 0.7448 0.9293 168 103
149-0-1-0.05-50-0 0 2460 50 27 32 7 0.2147 0.0776 147 149
149-0-1-0.05-50-0 0 2460 27 32 6 5 0.0776 0.6514 149 215
149-0-1-0.05-50-0 0 2461 18 39 5 9 0.2181 0.2187 226 309
149-0-1-0.05-50-0 0 2461 18 27 5 7 0.2181 0.0776 226 149
149-0-1-0.05-50-0 0 2461 18 32 5 4 0.2181 0.6514 226 215
149-0-1-0.05-50-0 0 2462 22 22 20 20 0.0160 0.0160 311 311
149-0-1-0.05-50-0 0 2462 8 19 2 5 0.2506 0.8072 303 134
149-0-1-0.05-50-0 0 2462 7 22 4 19 0.9267 0.0160 106 311
149-0-1-0.05-50-0 0 2463 4 35 12 6 0.0723 0.0354 351 158
149-0-1-0.05-50-0 0 2463 7 24 4 7 0.9267 0.1940 106 254
149-0-1-0.05-50-0 0 2463 50 45 30 7 0.2147 0.3816 147 173
149-0-1-0.05-50-0 0 2464 4 50 13 31 0.0723 0.2147 351 147
149-0-1-0.05-50-0 0 2464 4 49 13 8 0.0723 0.1842 351 136
149-0-1-0.05-50-0 0 2464 22 40 20 4 0.0160 0.9739 311 104
149-0-1-0.05-50-0 0 2465 26 50 5 31 0.8171 0.2147 141 147
149-0-1-0.05-50-0 0 2465 17 50 1 30 0.6398 0.2147 197 147
149-0-1-0.05-50-0 0 2465 14 50 1 29 0.8451 0.2147 105 147
149-0-1-0.05-50-0 0 2466 7 22 5 19 0.9267 0.0160 106 311
149-0-1-0.05-50-0 0 2466 12 47 3 3 0.1896 0.9293 325 103
149-0-1-0.05-50-0 0 2466 50 45 29 5 0.2147 0.3816 147 173
149-0-1-0.05-50-0 0 2467 45 48 4 4 0.3816 0.1153 173 334
149-0-1-0.05-50-0 0 2467 22 44 18 3 0.0160 0.7034 311 118
149-0-1-0.05-50-0 0 2467 39 4 10 12 0.2187 0.0723 309 351
149-0-1-0.05-50-0 0 2468 34 35 8 6 0.7448 0.0354 168 158
149-0-1-0.05-50-0 0 2468 30 22 2 19 0.6008 0.0160 266 311
149-0-1-0.05-50-0 0 2468 49 26 7 5 0.1842 0.8171 136 141
149-0-1-0.05-50-0 0 2469 46 50 2 28 0.3451 0.2147 327 147
149-0-1-0.05-50-0 0 2469 4 22 10 19 0.0723 0.0160 351 311
149-0-1-0.05-50-0 0 2469 39 27 11 8 0.2187 0.0776 309 149
149-0-1-0.05-50-0 0 2470 4 50 10 28 0.0723 0.2147 351 147
149-0-1-0.05-50-0 0 2470 4 39 10 12 0.0723 0.2187 351 309
149-0-1-0.05-50-0 0 2470 18 24 6 7 0.2181 0.1940 226 254
149-0-1-0.05-50-0 0 2471 39 49 10 4 0.2187 0.1842 309 136
149-0-1-0.05-50-0 0 2471 7 4 4 10 0.9267 0.0723 106 351
149-0-1-0.05-50-0 0 2471 19 40 5 4 0.8072 0.9739 134 104
149-0-1-0.05-50-0 0 2472 4 4 10 10 0.0723 0.0723 351 351
149-0-1-0.05-50-0 0 2472 24 50 6 27 0.1940 0.2147 254 147
149-0-1-0.05-50-0 0 2472 22 4 20 9 0.0160 0.0723 311 351
149-0-1-0.05-50-0 0 2473 39 39 11 11 0.2187 0.2187 309 309
149-0-1-0.05-50-0 0 2473 50 26 25 4 0.2147 0.8171 147 141
149-0-1-0.05-50-0 0 2473 47 18 5 7 0.9293 0.2181 103 226
149-0-1-0.05-50-0 0 2474 47 50 5 24 0.9293 0.2147 103 147
149-0-1-0.05-50-0 0 2474 50 34 23 7 0.2147 0.7448 147 168
149-0-1-0.05-50-0 0 2475 7 39 4 9 0.9267 0.2187 106 309
149-0-1-0.05-50-0 0 2475 43 18 4 6 0.8316 0.2181 123 226
149-0-1-0.05-50-0 0 2476 30 43 1 4 0.6008 0.8316 266 123
149-0-1-0.05-50-0 0 2476 24 27 7 8 0.1940 0.0776 254 149
149-0-1-0.05-50-0 0 2476 22 34 20 5 0.0160 0.7448 311 168
149-0-1-0.05-50-0 0 2477 50 49 24 5 0.2147 0.1842 147 136
149-0-1-0.05-50-0 0 2477 27 22 6 21 0.0776 0.0160 149 311
149-0-1-0.05-50-0 0 2477 22 4 20 11 0.0160 0.0723 311 351
149-0-1-0.05-50-0 0 2478 39 19 8 4 0.2187 0.8072 309 134
149-0-1-0.05-50-0 0 2478 24 7 8 6 0.1940 0.9267 254 106
149-0-1-0.05-50-0 0 2479 22 27 18 6 0.0160 0.0776 311 149
149-0-1-0.05-50-0 0 2479 50 32 26 7 0.2147 0.6514 147 215
149-0-1-0.05-50-0 0 2480 4 50 10 25 0.0723 0.2147 351 147
149-0-1-0.05-50-0 0 2480 26 22 3 16 0.8171 0.0160 141 311
149-0-1-0.05-50-0 0 2481 27 50 7 23 0.0776 0.2147 149 147
149-0-1-0.05-50-0 0 2481 45 50 3 22 0.3816 0.2147 173 147
149-0-1-0.05-50-0 0 2482 2 3 3 1 0.8198 0.4813 167 321
149-0-1-0.05-50-0 0 2482 30 34 1 4 0.6008 0.7448 266 168
149-0-1-0.05-50-0 0 2483 48 50 3 20 0.1153 0.2147 334 147
149-0-1-0.05-50-0 0 2483 50 7 19 6 0.2147 0.9267 147 106
149-0-1-0.05-50-0 0 2484 27 32 7 6 0.0776 0.6514 149 215
149-0-1-0.05-50-0 0 2484 24 24 9 9 0.1940 0.1940 254 254
149-0-1-0.05-50-0 0 2485 18 50 5 18 0.2181 0.2147 226 147
149-0-1-0.05-50-0 0 2485 27 39 6 9 0.0776 0.2187 149 309
149-0-1-0.05-50-0 0 2486 24 46 8 1 0.1940 0.3451 254 327
149-0-1-0.05-50-0 0 2486 39 32 8 4 0.2187 0.6514 309 215
149-0-1-0.05-50-0 0 2487 24 22 8 15 0.1940 0.0160 254 311
149-0-1-0.05-50-0 0 2487 27 39 5 8 0.0776 0.2187 149 309
149-0-1-0.05-50-0 0 2488 4 44 10 3 0.0723 0.7034 351 118
149-0-1-0.05-50-0 0 2488 22 27 15 5 0.0160 0.0776 311 149
149-0-1-0.05-50-0 0 2489 50 22 20 16 0.2147 0.0160 147 311
149-0-1-0.05-50-0 0 2489 32 50 3 20 0.6514 0.2147 215 147
149-0-1-0.05-50-0 0 2490 50 37 19 4 0.2147 0.8481 147 127
149-0-1-0.05-50-0 0 2490 9 24 1 6 0.6134 0.1940 161 254
149-0-1-0.05-50-0 0 2491 22 37 15 3 0.0160 0.8481 311 127
149-0-1-0.05-50-0 0 2491 39 39 10 10 0.2187 0.2187 309 309
149-0-1-0.05-50-0 0 2492 18 50 7 20 0.2181 0.2147 226 147
149-0-1-0.05-50-0 0 2492 4 18 14 7 0.0723 0.2181 351 226
149-0-1-0.05-50-0 0 2493 37 48 2 7 0.8481 0.1153 127 334
149-0-1-0.05-50-0 0 2493 4 22 13 17 0.0723 0.0160 351 311
149-0-1-0.05-50-0 0 2494 12 8 4 3 0.1896 0.2506 325 303
149-0-1-0.05-50-0 0 2494 24 39 5 9 0.1940 0.2187 254 309
149-0-1-0.05-50-0 0 2495 39 22 7 19 0.2187 0.0160 309 311
149-0-1-0.05-50-0 0 2495 35 22 2 18 0.0354 0.0160 158 311
149-0-1-0.05-50-0 0 2496 22 34 18 3 0.0160 0.7448 311 168
149-0-1-0.05-50-0 0 2496 48 8 7 2 0.1153 0.2506 334 303
149-0-1-0.05-50-0 0 2497 34 22 2 18 0.7448 0.0160 168 311
149-0-1-0.05-50-0 0 2497 50 4 24 13 0.2147 0.0723 147 351
149-0-1-0.05-50-0 0 2498 24 24 7 7 0.1940 0.1940 254 254
149-0-1-0.05-50-0 0 2498 26 47 2 6 0.8171 0.9293 141 103
149-0-1-0.05-50-0 0 2499 2 32 2 5 0.8198 0.6514 167 215
149-0-1-0.05-50-0 0 2499 49 4 4 12 0.1842 0.0723 136 351
149-0-1-0.05-50-0 0 2500 22 16 15 2 0.0160 0.2228 311 149
149-0-1-0.05-50-0 0 2500 44 22 2 15 0.7034 0.0160 118 311
