154-0-1-0.05-50-0 0 2302 42 30 3 9 0.7447 0.6008 106 266
154-0-1-0.05-50-0 0 2302 16 6 3 1 0.2228 0.4266 149 249
154-0-1-0.05-50-0 0 2303 1 48 3 4 0.2520 0.1153 409 334
154-0-1-0.05-50-0 0 2303 49 5 5 12 0.1842 0.0007 136 226
154-0-1-0.05-50-0 0 2304 29 34 15 16 0.6728 0.7448 177 168
154-0-1-0.05-50-0 0 2304 24 24 8 8 0.1940 0.1940 254 254
154-0-1-0.05-50-0 0 2305 5 34 11 14 0.0007 0.7448 226 168
154-0-1-0.05-50-0 0 2305 48 24 3 7 0.1153 0.1940 334 254
154-0-1-0.05-50-0 0 2306 2 34 4 12 0.8198 0.7448 167 168
154-0-1-0.05-50-0 0 2306 34 33 11 2 0.7448 0.6893 168 191
154-0-1-0.05-50-0 0 2307 29 49 18 6 0.6728 0.1842 177 136
154-0-1-0.05-50-0 0 2307 31 44 1 3 0.5626 0.7034 252 118
154-0-1-0.05-50-0 0 2308 40 34 6 11 0.9739 0.7448 104 168
154-0-1-0.05-50-0 0 2308 5 19 12 7 0.0007 0.8072 226 134
154-0-1-0.05-50-0 0 2309 37 30 4 11 0.8481 0.6008 127 266
154-0-1-0.05-50-0 0 2309 34 5 10 12 0.7448 0.0007 168 226
154-0-1-0.05-50-0 0 2310 24 34 6 11 0.1940 0.7448 254 168
154-0-1-0.05-50-0 0 2310 34 30 10 10 0.7448 0.6008 168 266
154-0-1-0.05-50-0 0 2311 29 29 20 20 0.6728 0.6728 177 177
154-0-1-0.05-50-0 0 2311 11 37 3 5 0.0504 0.8481 384 127
154-0-1-0.05-50-0 0 2312 48 39 5 2 0.1153 0.2187 334 309
154-0-1-0.05-50-0 0 2312 46 40 8 10 0.3451 0.9739 327 104
154-0-1-0.05-50-0 0 2313 48 24 5 7 0.1153 0.1940 334 254
154-0-1-0.05-50-0 0 2313 30 29 9 20 0.6008 0.6728 266 177
154-0-1-0.05-50-0 0 2314 24 34 7 8 0.1940 0.7448 254 168
154-0-1-0.05-50-0 0 2314 34 46 7 8 0.7448 0.3451 168 327
154-0-1-0.05-50-0 0 2315 9 19 5 4 0.6134 0.8072 161 134
154-0-1-0.05-50-0 0 2315 11 30 4 7 0.0504 0.6008 384 266
154-0-1-0.05-50-0 0 2316 44 5 4 9 0.7034 0.0007 118 226
154-0-1-0.05-50-0 0 2316 42 29 3 20 0.7447 0.6728 106 177
154-0-1-0.05-50-0 0 2317 44 11 4 4 0.7034 0.0504 118 384
154-0-1-0.05-50-0 0 2317 30 3 6 1 0.6008 0.4813 266 321
154-0-1-0.05-50-0 0 2318 29 24 18 6 0.6728 0.1940 177 254
154-0-1-0.05-50-0 0 2318 49 45 5 8 0.1842 0.3816 136 173
154-0-1-0.05-50-0 0 2319 29 46 17 6 0.6728 0.3451 177 327
154-0-1-0.05-50-0 0 2319 30 29 8 17 0.6008 0.6728 266 177
154-0-1-0.05-50-0 0 2320 48 30 5 7 0.1153 0.6008 334 266
154-0-1-0.05-50-0 0 2320 32 46 5 6 0.6514 0.3451 215 327
154-0-1-0.05-50-0 0 2321 30 40 5 9 0.6008 0.9739 266 104
154-0-1-0.05-50-0 0 2321 26 32 1 5 0.8171 0.6514 141 215
154-0-1-0.05-50-0 0 2322 40 40 8 8 0.9739 0.9739 104 104
154-0-1-0.05-50-0 0 2322 5 19 8 4 0.0007 0.8072 226 134
154-0-1-0.05-50-0 0 2323 5 2 8 6 0.0007 0.8198 226 167
154-0-1-0.05-50-0 0 2323 7 32 1 4 0.9267 0.6514 106 215
154-0-1-0.05-50-0 0 2324 45 33 7 1 0.3816 0.6893 173 191
154-0-1-0.05-50-0 0 2324 24 46 5 5 0.1940 0.3451 254 327
154-0-1-0.05-50-0 0 2325 40 26 8 2 0.9739 0.8171 104 141
154-0-1-0.05-50-0 0 2325 5 49 9 4 0.0007 0.1842 226 136
154-0-1-0.05-50-0 0 2326 29 48 19 8 0.6728 0.1153 177 334
154-0-1-0.05-50-0 0 2326 5 9 11 5 0.0007 0.6134 226 161
154-0-1-0.05-50-0 0 2327 5 40 11 8 0.0007 0.9739 226 104
154-0-1-0.05-50-0 0 2327 29 46 17 4 0.6728 0.3451 177 327
154-0-1-0.05-50-0 0 2328 48 5 8 13 0.1153 0.0007 334 226
154-0-1-0.05-50-0 0 2328 29 48 17 8 0.6728 0.1153 177 334
154-0-1-0.05-50-0 0 2329 45 2 8 7 0.3816 0.8198 173 167
154-0-1-0.05-50-0 0 2329 5 30 11 5 0.0007 0.6008 226 266
154-0-1-0.05-50-0 0 2330 39 5 1 12 0.2187 0.0007 309 226
154-0-1-0.05-50-0 0 2330 50 5 4 11 0.2147 0.0007 147 226
154-0-1-0.05-50-0 0 2331 29 24 21 4 0.6728 0.1940 177 254
154-0-1-0.05-50-0 0 2331 29 11 21 5 0.6728 0.0504 177 384
154-0-1-0.05-50-0 0 2332 5 40 9 7 0.0007 0.9739 226 104
154-0-1-0.05-50-0 0 2332 45 46 9 5 0.3816 0.3451 173 327
154-0-1-0.05-50-0 0 2333 50 37 4 8 0.2147 0.8481 147 127
154-0-1-0.05-50-0 0 2333 26 48 1 8 0.8171 0.1153 141 334
154-0-1-0.05-50-0 0 2334 32 44 5 7 0.6514 0.7034 215 118
154-0-1-0.05-50-0 0 2334 5 29 8 22 0.0007 0.6728 226 177
154-0-1-0.05-50-0 0 2335 32 9 5 4 0.6514 0.6134 215 161
154-0-1-0.05-50-0 0 2335 29 40 23 5 0.6728 0.9739 177 104
154-0-1-0.05-50-0 0 2336 5 45 9 10 0.0007 0.3816 226 173
154-0-1-0.05-50-0 0 2336 44 48 6 7 0.7034 0.1153 118 334
154-0-1-0.05-50-0 0 2337 29 21 24 2 0.6728 0.4184 177 158
154-0-1-0.05-50-0 0 2337 37 5 6 9 0.8481 0.0007 127 226
154-0-1-0.05-50-0 0 2338 37 24 6 4 0.8481 0.1940 127 254
154-0-1-0.05-50-0 0 2338 29 40 23 6 0.6728 0.9739 177 104
154-0-1-0.05-50-0 0 2339 45 24 8 3 0.3816 0.1940 173 254
154-0-1-0.05-50-0 0 2339 36 45 3 8 0.8162 0.3816 165 173
154-0-1-0.05-50-0 0 2340 36 29 3 23 0.8162 0.6728 165 177
154-0-1-0.05-50-0 0 2340 41 9 1 5 0.9621 0.6134 105 161
154-0-1-0.05-50-0 0 2341 29 40 22 4 0.6728 0.9739 177 104
154-0-1-0.05-50-0 0 2341 39 2 2 8 0.2187 0.8198 309 167
154-0-1-0.05-50-0 0 2342 21 32 1 7 0.4184 0.6514 158 215
154-0-1-0.05-50-0 0 2342 8 42 2 5 0.2506 0.7447 303 106
154-0-1-0.05-50-0 0 2343 44 11 6 4 0.7034 0.0504 118 384
154-0-1-0.05-50-0 0 2343 5 2 8 8 0.0007 0.8198 226 167
154-0-1-0.05-50-0 0 2344 45 44 10 6 0.3816 0.7034 173 118
154-0-1-0.05-50-0 0 2344 30 5 8 9 0.6008 0.0007 266 226
154-0-1-0.05-50-0 0 2345 29 30 19 7 0.6728 0.6008 177 266
154-0-1-0.05-50-0 0 2345 34 40 6 6 0.7448 0.9739 168 104
154-0-1-0.05-50-0 0 2346 48 34 6 6 0.1153 0.7448 334 168
154-0-1-0.05-50-0 0 2346 5 30 8 8 0.0007 0.6008 226 266
154-0-1-0.05-50-0 0 2347 29 39 18 3 0.6728 0.2187 177 309
154-0-1-0.05-50-0 0 2347 41 5 1 9 0.9621 0.0007 105 226
154-0-1-0.05-50-0 0 2348 2 37 9 7 0.8198 0.8481 167 127
154-0-1-0.05-50-0 0 2348 29 44 18 4 0.6728 0.7034 177 118
154-0-1-0.05-50-0 0 2349 29 48 18 6 0.6728 0.1153 177 334
154-0-1-0.05-50-0 0 2349 49 42 10 4 0.1842 0.7447 136 106
154-0-1-0.05-50-0 0 2350 9 9 5 5 0.6134 0.6134 161 161
154-0-1-0.05-50-0 0 2350 34 30 4 6 0.7448 0.6008 168 266
154-0-1-0.05-50-0 0 2351 2 29 9 20 0.8198 0.6728 167 177
154-0-1-0.05-50-0 0 2351 37 2 7 9 0.8481 0.8198 127 167
154-0-1-0.05-50-0 0 2352 34 2 5 8 0.7448 0.8198 168 167
154-0-1-0.05-50-0 0 2352 49 11 8 8 0.1842 0.0504 136 384
154-0-1-0.05-50-0 0 2353 30 37 5 6 0.6008 0.8481 266 127
154-0-1-0.05-50-0 0 2353 18 42 1 3 0.2181 0.7447 226 106
154-0-1-0.05-50-0 0 2354 49 42 8 3 0.1842 0.7447 136 106
154-0-1-0.05-50-0 0 2354 42 49 2 8 0.7447 0.1842 106 136
154-0-1-0.05-50-0 0 2355 14 50 1 11 0.8451 0.2147 105 147
154-0-1-0.05-50-0 0 2355 34 45 5 14 0.7448 0.3816 168 173
154-0-1-0.05-50-0 0 2356 27 32 1 5 0.0776 0.6514 149 215
154-0-1-0.05-50-0 0 2356 44 5 2 11 0.7034 0.0007 118 226
154-0-1-0.05-50-0 0 2357 42 34 3 5 0.7447 0.7448 106 168
154-0-1-0.05-50-0 0 2357 5 44 10 2 0.0007 0.7034 226 118
154-0-1-0.05-50-0 0 2358 50 5 11 10 0.2147 0.0007 147 226
154-0-1-0.05-50-0 0 2358 2 2 6 6 0.8198 0.8198 167 167
154-0-1-0.05-50-0 0 2359 49 5 11 11 0.1842 0.0007 136 226
154-0-1-0.05-50-0 0 2359 11 11 7 7 0.0504 0.0504 384 384
154-0-1-0.05-50-0 0 2360 5 45 10 14 0.0007 0.3816 226 173
154-0-1-0.05-50-0 0 2360 11 5 7 10 0.0504 0.0007 384 226
154-0-1-0.05-50-0 0 2361 50 40 13 6 0.2147 0.9739 147 104
154-0-1-0.05-50-0 0 2361 11 50 7 13 0.0504 0.2147 384 147
154-0-1-0.05-50-0 0 2362 39 29 3 24 0.2187 0.6728 309 177
154-0-1-0.05-50-0 0 2362 50 29 12 23 0.2147 0.6728 147 177
154-0-1-0.05-50-0 0 2363 49 2 12 6 0.1842 0.8198 136 167
154-0-1-0.05-50-0 0 2363 42 29 4 23 0.7447 0.6728 106 177
154-0-1-0.05-50-0 0 2364 39 45 3 14 0.2187 0.3816 309 173
154-0-1-0.05-50-0 0 2364 29 49 23 11 0.6728 0.1842 177 136
154-0-1-0.05-50-0 0 2365 9 35 5 1 0.6134 0.0354 161 158
154-0-1-0.05-50-0 0 2365 42 45 4 13 0.7447 0.3816 106 173
154-0-1-0.05-50-0 0 2366 46 11 2 5 0.3451 0.0504 327 384
154-0-1-0.05-50-0 0 2366 2 29 6 22 0.8198 0.6728 167 177
154-0-1-0.05-50-0 0 2367 21 9 1 5 0.4184 0.6134 158 161
154-0-1-0.05-50-0 0 2367 29 45 21 9 0.6728 0.3816 177 173
154-0-1-0.05-50-0 0 2368 2 45 7 8 0.8198 0.3816 167 173
154-0-1-0.05-50-0 0 2368 6 11 1 5 0.4266 0.0504 249 384
154-0-1-0.05-50-0 0 2369 12 8 3 4 0.1896 0.2506 325 303
154-0-1-0.05-50-0 0 2369 37 37 9 9 0.8481 0.8481 127 127
154-0-1-0.05-50-0 0 2370 29 15 22 1 0.6728 0.7918 177 149
154-0-1-0.05-50-0 0 2370 5 19 11 2 0.0007 0.8072 226 134
154-0-1-0.05-50-0 0 2371 2 9 6 3 0.8198 0.6134 167 161
154-0-1-0.05-50-0 0 2371 30 6 3 2 0.6008 0.4266 266 249
154-0-1-0.05-50-0 0 2372 2 50 6 12 0.8198 0.2147 167 147
154-0-1-0.05-50-0 0 2372 47 40 1 5 0.9293 0.9739 103 104
154-0-1-0.05-50-0 0 2373 29 30 25 2 0.6728 0.6008 177 266
154-0-1-0.05-50-0 0 2373 50 46 12 4 0.2147 0.3451 147 327
154-0-1-0.05-50-0 0 2374 12 29 2 25 0.1896 0.6728 325 177
154-0-1-0.05-50-0 0 2374 2 29 6 24 0.8198 0.6728 167 177
154-0-1-0.05-50-0 0 2375 32 37 2 7 0.6514 0.8481 215 127
154-0-1-0.05-50-0 0 2375 29 34 23 1 0.6728 0.7448 177 168
154-0-1-0.05-50-0 0 2376 45 18 9 1 0.3816 0.2181 173 226
154-0-1-0.05-50-0 0 2376 45 2 9 6 0.3816 0.8198 173 167
154-0-1-0.05-50-0 0 2377 50 21 12 2 0.2147 0.4184 147 158
154-0-1-0.05-50-0 0 2377 29 12 23 4 0.6728 0.1896 177 325
154-0-1-0.05-50-0 0 2378 5 49 10 13 0.0007 0.1842 226 136
154-0-1-0.05-50-0 0 2378 42 42 5 5 0.7447 0.7447 106 106
154-0-1-0.05-50-0 0 2379 37 42 6 4 0.8481 0.7447 127 106
154-0-1-0.05-50-0 0 2379 6 39 1 1 0.4266 0.2187 249 309
154-0-1-0.05-50-0 0 2380 42 5 3 12 0.7447 0.0007 106 226
154-0-1-0.05-50-0 0 2380 5 49 11 13 0.0007 0.1842 226 136
154-0-1-0.05-50-0 0 2381 47 11 1 5 0.9293 0.0504 103 384
154-0-1-0.05-50-0 0 2381 50 50 16 16 0.2147 0.2147 147 147
154-0-1-0.05-50-0 0 2382 50 36 17 2 0.2147 0.8162 147 165
154-0-1-0.05-50-0 0 2382 29 50 24 17 0.6728 0.2147 177 147
154-0-1-0.05-50-0 0 2383 5 50 11 17 0.0007 0.2147 226 147
154-0-1-0.05-50-0 0 2383 50 29 16 25 0.2147 0.6728 147 177
154-0-1-0.05-50-0 0 2384 5 45 9 9 0.0007 0.3816 226 173
154-0-1-0.05-50-0 0 2384 22 6 1 1 0.0160 0.4266 311 249
154-0-1-0.05-50-0 0 2385 29 50 23 14 0.6728 0.2147 177 147
154-0-1-0.05-50-0 0 2385 45 50 8 13 0.3816 0.2147 173 147
154-0-1-0.05-50-0 0 2386 29 37 24 6 0.6728 0.8481 177 127
154-0-1-0.05-50-0 0 2386 29 49 24 17 0.6728 0.1842 177 136
154-0-1-0.05-50-0 0 2387 42 12 3 2 0.7447 0.1896 106 325
154-0-1-0.05-50-0 0 2387 50 32 12 6 0.2147 0.6514 147 215
154-0-1-0.05-50-0 0 2388 11 37 3 4 0.0504 0.8481 384 127
154-0-1-0.05-50-0 0 2388 49 2 16 5 0.1842 0.8198 136 167
154-0-1-0.05-50-0 0 2389 50 18 12 1 0.2147 0.2181 147 226
154-0-1-0.05-50-0 0 2389 32 29 5 23 0.6514 0.6728 215 177
154-0-1-0.05-50-0 0 2390 46 49 5 16 0.3451 0.1842 327 136
154-0-1-0.05-50-0 0 2390 5 29 10 23 0.0007 0.6728 226 177
154-0-1-0.05-50-0 0 2391 29 45 20 6 0.6728 0.3816 177 173
154-0-1-0.05-50-0 0 2391 5 48 11 5 0.0007 0.1153 226 334
154-0-1-0.05-50-0 0 2392 42 49 4 15 0.7447 0.1842 106 136
154-0-1-0.05-50-0 0 2392 5 31 10 1 0.0007 0.5626 226 252
154-0-1-0.05-50-0 0 2393 21 48 1 4 0.4184 0.1153 158 334
154-0-1-0.05-50-0 0 2393 29 49 24 14 0.6728 0.1842 177 136
154-0-1-0.05-50-0 0 2394 5 29 10 25 0.0007 0.6728 226 177
154-0-1-0.05-50-0 0 2394 45 50 3 11 0.3816 0.2147 173 147
154-0-1-0.05-50-0 0 2395 50 5 11 12 0.2147 0.0007 147 226
154-0-1-0.05-50-0 0 2395 2 49 5 14 0.8198 0.1842 167 136
154-0-1-0.05-50-0 0 2396 50 50 13 13 0.2147 0.2147 147 147
154-0-1-0.05-50-0 0 2396 46 50 6 12 0.3451 0.2147 327 147
154-0-1-0.05-50-0 0 2397 50 48 10 4 0.2147 0.1153 147 334
154-0-1-0.05-50-0 0 2397 29 17 25 2 0.6728 0.6398 177 197
154-0-1-0.05-50-0 0 2398 29 49 26 15 0.6728 0.1842 177 136
154-0-1-0.05-50-0 0 2398 49 29 14 26 0.1842 0.6728 136 177
154-0-1-0.05-50-0 0 2399 29 50 25 11 0.6728 0.2147 177 147
154-0-1-0.05-50-0 0 2399 2 32 6 6 0.8198 0.6514 167 215
154-0-1-0.05-50-0 0 2400 41 2 3 6 0.9621 0.8198 105 167
154-0-1-0.05-50-0 0 2400 8 27 4 2 0.2506 0.0776 303 149
154-0-1-0.05-50-0 0 2401 34 29 3 27 0.7448 0.6728 168 177
154-0-1-0.05-50-0 0 2401 32 7 4 2 0.6514 0.9267 215 106
154-0-1-0.05-50-0 0 2402 7 29 1 25 0.9267 0.6728 106 177
154-0-1-0.05-50-0 0 2402 5 49 11 17 0.0007 0.1842 226 136
154-0-1-0.05-50-0 0 2403 29 30 25 3 0.6728 0.6008 177 266
154-0-1-0.05-50-0 0 2403 8 50 5 10 0.2506 0.2147 303 147
154-0-1-0.05-50-0 0 2404 49 45 18 5 0.1842 0.3816 136 173
154-0-1-0.05-50-0 0 2404 46 46 9 9 0.3451 0.3451 327 327
154-0-1-0.05-50-0 0 2405 4 49 1 17 0.0723 0.1842 351 136
154-0-1-0.05-50-0 0 2405 5 49 13 16 0.0007 0.1842 226 136
154-0-1-0.05-50-0 0 2406 29 5 25 12 0.6728 0.0007 177 226
154-0-1-0.05-50-0 0 2406 45 4 4 1 0.3816 0.0723 173 351
154-0-1-0.05-50-0 0 2407 37 12 5 3 0.8481 0.1896 127 325
154-0-1-0.05-50-0 0 2407 28 42 4 8 0.3846 0.7447 311 106
154-0-1-0.05-50-0 0 2408 29 46 27 13 0.6728 0.3451 177 327
154-0-1-0.05-50-0 0 2408 49 41 16 5 0.1842 0.9621 136 105
154-0-1-0.05-50-0 0 2408 49 15 16 5 0.1842 0.7918 136 149
154-0-1-0.05-50-0 0 2409 2 36 9 2 0.8198 0.8162 167 165
154-0-1-0.05-50-0 0 2409 42 5 7 13 0.7447 0.0007 106 226
154-0-1-0.05-50-0 0 2409 32 29 4 28 0.6514 0.6728 215 177
154-0-1-0.05-50-0 0 2410 29 29 27 27 0.6728 0.6728 177 177
154-0-1-0.05-50-0 0 2410 50 42 7 7 0.2147 0.7447 147 106
154-0-1-0.05-50-0 0 2410 27 32 1 4 0.0776 0.6514 149 215
154-0-1-0.05-50-0 0 2411 29 46 27 12 0.6728 0.3451 177 327
154-0-1-0.05-50-0 0 2411 29 29 27 27 0.6728 0.6728 177 177
154-0-1-0.05-50-0 0 2411 28 49 4 20 0.3846 0.1842 311 136
154-0-1-0.05-50-0 0 2412 29 2 26 10 0.6728 0.8198 177 167
154-0-1-0.05-50-0 0 2412 5 21 15 2 0.0007 0.4184 226 158
154-0-1-0.05-50-0 0 2412 2 49 9 19 0.8198 0.1842 167 136
154-0-1-0.05-50-0 0 2413 2 5 10 14 0.8198 0.0007 167 226
154-0-1-0.05-50-0 0 2413 49 24 18 3 0.1842 0.1940 136 254
154-0-1-0.05-50-0 0 2413 17 46 3 13 0.6398 0.3451 197 327
154-0-1-0.05-50-0 0 2414 46 49 12 22 0.3451 0.1842 327 136
154-0-1-0.05-50-0 0 2414 34 49 3 21 0.7448 0.1842 168 136
154-0-1-0.05-50-0 0 2414 46 49 12 20 0.3451 0.1842 327 136
154-0-1-0.05-50-0 0 2415 29 46 26 12 0.6728 0.3451 177 327
154-0-1-0.05-50-0 0 2415 15 29 6 26 0.7918 0.6728 149 177
154-0-1-0.05-50-0 0 2415 2 21 11 1 0.8198 0.4184 167 158
154-0-1-0.05-50-0 0 2416 42 34 5 3 0.7447 0.7448 106 168
154-0-1-0.05-50-0 0 2416 48 13 2 1 0.1153 0.8878 334 151
154-0-1-0.05-50-0 0 2416 46 29 12 25 0.3451 0.6728 327 177
154-0-1-0.05-50-0 0 2417 12 29 3 24 0.1896 0.6728 325 177
154-0-1-0.05-50-0 0 2417 48 17 4 2 0.1153 0.6398 334 197
154-0-1-0.05-50-0 0 2417 49 37 20 6 0.1842 0.8481 136 127
154-0-1-0.05-50-0 0 2418 42 48 6 4 0.7447 0.1153 106 334
154-0-1-0.05-50-0 0 2418 29 49 23 21 0.6728 0.1842 177 136
154-0-1-0.05-50-0 0 2418 5 46 16 13 0.0007 0.3451 226 327
154-0-1-0.05-50-0 0 2419 29 5 23 16 0.6728 0.0007 177 226
154-0-1-0.05-50-0 0 2419 44 42 2 6 0.7034 0.7447 118 106
154-0-1-0.05-50-0 0 2419 8 12 5 3 0.2506 0.1896 303 325
154-0-1-0.05-50-0 0 2420 46 17 13 1 0.3451 0.6398 327 197
154-0-1-0.05-50-0 0 2420 2 41 11 4 0.8198 0.9621 167 105
154-0-1-0.05-50-0 0 2420 34 49 2 21 0.7448 0.1842 168 136
154-0-1-0.05-50-0 0 2421 45 45 7 7 0.3816 0.3816 173 173
154-0-1-0.05-50-0 0 2421 49 45 20 6 0.1842 0.3816 136 173
154-0-1-0.05-50-0 0 2421 5 46 15 12 0.0007 0.3451 226 327
154-0-1-0.05-50-0 0 2422 2 46 12 11 0.8198 0.3451 167 327
154-0-1-0.05-50-0 0 2422 8 46 6 10 0.2506 0.3451 303 327
154-0-1-0.05-50-0 0 2422 5 50 15 8 0.0007 0.2147 226 147
154-0-1-0.05-50-0 0 2423 40 49 1 23 0.9739 0.1842 104 136
154-0-1-0.05-50-0 0 2423 49 11 22 6 0.1842 0.0504 136 384
154-0-1-0.05-50-0 0 2423 34 5 2 17 0.7448 0.0007 168 226
154-0-1-0.05-50-0 0 2424 5 2 15 11 0.0007 0.8198 226 167
154-0-1-0.05-50-0 0 2424 40 49 1 20 0.9739 0.1842 104 136
154-0-1-0.05-50-0 0 2424 42 29 8 22 0.7447 0.6728 106 177
154-0-1-0.05-50-0 0 2425 49 45 20 6 0.1842 0.3816 136 173
154-0-1-0.05-50-0 0 2425 8 45 5 5 0.2506 0.3816 303 173
154-0-1-0.05-50-0 0 2425 42 44 8 3 0.7447 0.7034 106 118
154-0-1-0.05-50-0 0 2426 5 50 15 7 0.0007 0.2147 226 147
154-0-1-0.05-50-0 0 2426 44 46 2 10 0.7034 0.3451 118 327
154-0-1-0.05-50-0 0 2426 32 34 5 3 0.6514 0.7448 215 168
154-0-1-0.05-50-0 0 2427 8 46 8 9 0.2506 0.3451 303 327
154-0-1-0.05-50-0 0 2427 32 8 5 8 0.6514 0.2506 215 303
154-0-1-0.05-50-0 0 2427 5 42 16 8 0.0007 0.7447 226 106
154-0-1-0.05-50-0 0 2428 42 46 7 6 0.7447 0.3451 106 327
154-0-1-0.05-50-0 0 2428 8 46 8 5 0.2506 0.3451 303 327
154-0-1-0.05-50-0 0 2428 2 29 9 22 0.8198 0.6728 167 177
154-0-1-0.05-50-0 0 2429 15 49 3 18 0.7918 0.1842 149 136
154-0-1-0.05-50-0 0 2429 8 32 8 5 0.2506 0.6514 303 215
154-0-1-0.05-50-0 0 2430 37 10 3 2 0.8481 0.2533 127 449
154-0-1-0.05-50-0 0 2430 16 29 3 20 0.2228 0.6728 149 177
154-0-1-0.05-50-0 0 2431 28 11 7 5 0.3846 0.0504 311 384
154-0-1-0.05-50-0 0 2431 5 48 14 3 0.0007 0.1153 226 334
154-0-1-0.05-50-0 0 2432 49 2 15 6 0.1842 0.8198 136 167
154-0-1-0.05-50-0 0 2432 32 45 3 9 0.6514 0.3816 215 173
154-0-1-0.05-50-0 0 2433 29 46 22 4 0.6728 0.3451 177 327
154-0-1-0.05-50-0 0 2433 29 49 22 15 0.6728 0.1842 177 136
154-0-1-0.05-50-0 0 2434 10 48 2 2 0.2533 0.1153 449 334
154-0-1-0.05-50-0 0 2434 29 29 22 22 0.6728 0.6728 177 177
154-0-1-0.05-50-0 0 2435 5 32 13 3 0.0007 0.6514 226 215
154-0-1-0.05-50-0 0 2435 34 41 4 5 0.7448 0.9621 168 105
154-0-1-0.05-50-0 0 2436 2 2 6 6 0.8198 0.8198 167 167
154-0-1-0.05-50-0 0 2436 29 49 22 14 0.6728 0.1842 177 136
154-0-1-0.05-50-0 0 2436 27 48 6 1 0.0776 0.1153 149 334
154-0-1-0.05-50-0 0 2437 29 49 20 13 0.6728 0.1842 177 136
154-0-1-0.05-50-0 0 2437 2 45 4 9 0.8198 0.3816 167 173
154-0-1-0.05-50-0 0 2438 41 49 4 12 0.9621 0.1842 105 136
154-0-1-0.05-50-0 0 2438 8 8 9 9 0.2506 0.2506 303 303
154-0-1-0.05-50-0 0 2439 23 37 2 2 0.1698 0.8481 476 127
154-0-1-0.05-50-0 0 2439 49 50 11 7 0.1842 0.2147 136 147
154-0-1-0.05-50-0 0 2440 10 29 4 20 0.2533 0.6728 449 177
154-0-1-0.05-50-0 0 2440 29 11 19 9 0.6728 0.0504 177 384
154-0-1-0.05-50-0 0 2441 50 44 7 1 0.2147 0.7034 147 118
154-0-1-0.05-50-0 0 2441 45 10 9 4 0.3816 0.2533 173 449
154-0-1-0.05-50-0 0 2442 23 18 3 1 0.1698 0.2181 476 226
154-0-1-0.05-50-0 0 2442 29 49 20 12 0.6728 0.1842 177 136
154-0-1-0.05-50-0 0 2443 42 29 6 23 0.7447 0.6728 106 177
154-0-1-0.05-50-0 0 2443 34 2 6 5 0.7448 0.8198 168 167
154-0-1-0.05-50-0 0 2444 45 49 8 12 0.3816 0.1842 173 136
154-0-1-0.05-50-0 0 2444 2 8 4 8 0.8198 0.2506 167 303
154-0-1-0.05-50-0 0 2445 11 5 8 18 0.0504 0.0007 384 226
154-0-1-0.05-50-0 0 2445 41 20 5 2 0.9621 0.9922 105 102
154-0-1-0.05-50-0 0 2445 12 12 6 6 0.1896 0.1896 325 325
154-0-1-0.05-50-0 0 2446 5 27 18 5 0.0007 0.0776 226 149
154-0-1-0.05-50-0 0 2446 29 49 25 12 0.6728 0.1842 177 136
154-0-1-0.05-50-0 0 2446 10 11 4 9 0.2533 0.0504 449 384
154-0-1-0.05-50-0 0 2447 29 49 27 11 0.6728 0.1842 177 136
154-0-1-0.05-50-0 0 2447 49 11 10 9 0.1842 0.0504 136 384
154-0-1-0.05-50-0 0 2447 29 28 27 9 0.6728 0.3846 177 311
154-0-1-0.05-50-0 0 2448 29 28 27 8 0.6728 0.3846 177 311
154-0-1-0.05-50-0 0 2448 40 34 1 7 0.9739 0.7448 104 168
154-0-1-0.05-50-0 0 2448 29 8 27 8 0.6728 0.2506 177 303
154-0-1-0.05-50-0 0 2449 3 27 3 3 0.4813 0.0776 321 149
154-0-1-0.05-50-0 0 2449 37 28 4 7 0.8481 0.3846 127 311
154-0-1-0.05-50-0 0 2449 5 10 18 4 0.0007 0.2533 226 449
154-0-1-0.05-50-0 0 2450 11 30 8 1 0.0504 0.6008 384 266
154-0-1-0.05-50-0 0 2450 5 28 19 6 0.0007 0.3846 226 311
154-0-1-0.05-50-0 0 2450 50 45 5 10 0.2147 0.3816 147 173
154-0-1-0.05-50-0 0 2451 2 49 5 11 0.8198 0.1842 167 136
154-0-1-0.05-50-0 0 2451 23 49 3 10 0.1698 0.1842 476 136
154-0-1-0.05-50-0 0 2451 5 34 19 6 0.0007 0.7448 226 168
154-0-1-0.05-50-0 0 2452 45 42 8 7 0.3816 0.7447 173 106
154-0-1-0.05-50-0 0 2452 33 29 1 28 0.6893 0.6728 191 177
154-0-1-0.05-50-0 0 2452 29 29 27 27 0.6728 0.6728 177 177
154-0-1-0.05-50-0 0 2453 29 46 27 6 0.6728 0.3451 177 327
154-0-1-0.05-50-0 0 2453 37 8 2 6 0.8481 0.2506 127 303
154-0-1-0.05-50-0 0 2453 34 29 6 27 0.7448 0.6728 168 177
154-0-1-0.05-50-0 0 2454 49 8 10 5 0.1842 0.2506 136 303
154-0-1-0.05-50-0 0 2454 5 16 20 3 0.0007 0.2228 226 149
154-0-1-0.05-50-0 0 2454 29 15 26 2 0.6728 0.7918 177 149
154-0-1-0.05-50-0 0 2455 45 5 10 18 0.3816 0.0007 173 226
154-0-1-0.05-50-0 0 2455 45 41 10 5 0.3816 0.9621 173 105
154-0-1-0.05-50-0 0 2456 46 45 4 10 0.3451 0.3816 327 173
154-0-1-0.05-50-0 0 2456 6 10 3 2 0.4266 0.2533 249 449
154-0-1-0.05-50-0 0 2457 49 23 14 3 0.1842 0.1698 136 476
154-0-1-0.05-50-0 0 2457 16 8 1 4 0.2228 0.2506 149 303
154-0-1-0.05-50-0 0 2458 34 29 8 27 0.7448 0.6728 168 177
154-0-1-0.05-50-0 0 2458 11 23 10 3 0.0504 0.1698 384 476
154-0-1-0.05-50-0 0 2459 5 5 16 16 0.0007 0.0007 226 226
154-0-1-0.05-50-0 0 2459 29 13 26 1 0.6728 0.8878 177 151
154-0-1-0.05-50-0 0 2460 2 5 8 15 0.8198 0.0007 167 226
154-0-1-0.05-50-0 0 2460 2 6 8 3 0.8198 0.4266 167 249
154-0-1-0.05-50-0 0 2460 42 15 6 2 0.7447 0.7918 106 149
154-0-1-0.05-50-0 0 2461 29 45 27 10 0.6728 0.3816 177 173
154-0-1-0.05-50-0 0 2461 49 12 17 5 0.1842 0.1896 136 325
154-0-1-0.05-50-0 0 2462 3 42 5 6 0.4813 0.7447 321 106
154-0-1-0.05-50-0 0 2462 45 11 9 10 0.3816 0.0504 173 384
154-0-1-0.05-50-0 0 2462 29 2 29 10 0.6728 0.8198 177 167
154-0-1-0.05-50-0 0 2463 28 27 7 3 0.3846 0.0776 311 149
154-0-1-0.05-50-0 0 2463 5 10 14 2 0.0007 0.2533 226 449
154-0-1-0.05-50-0 0 2463 42 29 5 28 0.7447 0.6728 106 177
154-0-1-0.05-50-0 0 2464 50 34 2 7 0.2147 0.7448 147 168
154-0-1-0.05-50-0 0 2464 45 5 8 16 0.3816 0.0007 173 226
154-0-1-0.05-50-0 0 2465 11 29 9 25 0.0504 0.6728 384 177
154-0-1-0.05-50-0 0 2465 49 29 14 24 0.1842 0.6728 136 177
154-0-1-0.05-50-0 0 2466 29 29 27 27 0.6728 0.6728 177 177
154-0-1-0.05-50-0 0 2466 11 23 9 4 0.0504 0.1698 384 476
154-0-1-0.05-50-0 0 2467 11 45 10 10 0.0504 0.3816 384 173
154-0-1-0.05-50-0 0 2467 49 33 12 3 0.1842 0.6893 136 191
154-0-1-0.05-50-0 0 2467 12 15 5 1 0.1896 0.7918 325 149
154-0-1-0.05-50-0 0 2468 45 21 11 1 0.3816 0.4184 173 158
154-0-1-0.05-50-0 0 2468 45 11 11 10 0.3816 0.0504 173 384
154-0-1-0.05-50-0 0 2469 42 5 5 15 0.7447 0.0007 106 226
154-0-1-0.05-50-0 0 2469 3 29 5 26 0.4813 0.6728 321 177
154-0-1-0.05-50-0 0 2470 30 46 2 4 0.6008 0.3451 266 327
154-0-1-0.05-50-0 0 2470 29 28 28 7 0.6728 0.3846 177 311
154-0-1-0.05-50-0 0 2471 45 5 9 15 0.3816 0.0007 173 226
154-0-1-0.05-50-0 0 2471 11 29 8 27 0.0504 0.6728 384 177
154-0-1-0.05-50-0 0 2472 11 29 6 27 0.0504 0.6728 384 177
154-0-1-0.05-50-0 0 2472 41 29 5 26 0.9621 0.6728 105 177
154-0-1-0.05-50-0 0 2473 12 5 9 12 0.1896 0.0007 325 226
154-0-1-0.05-50-0 0 2473 10 5 1 11 0.2533 0.0007 449 226
154-0-1-0.05-50-0 0 2474 29 45 23 7 0.6728 0.3816 177 173
154-0-1-0.05-50-0 0 2474 12 5 10 10 0.1896 0.0007 325 226
154-0-1-0.05-50-0 0 2475 29 29 25 25 0.6728 0.6728 177 177
154-0-1-0.05-50-0 0 2475 27 49 3 11 0.0776 0.1842 149 136
154-0-1-0.05-50-0 0 2476 50 6 1 3 0.2147 0.4266 147 249
154-0-1-0.05-50-0 0 2476 32 49 1 11 0.6514 0.1842 215 136
154-0-1-0.05-50-0 0 2477 49 12 10 11 0.1842 0.1896 136 325
154-0-1-0.05-50-0 0 2477 5 28 10 4 0.0007 0.3846 226 311
154-0-1-0.05-50-0 0 2478 29 5 22 10 0.6728 0.0007 177 226
154-0-1-0.05-50-0 0 2478 45 2 7 9 0.3816 0.8198 173 167
154-0-1-0.05-50-0 0 2479 46 46 7 7 0.3451 0.3451 327 327
154-0-1-0.05-50-0 0 2479 33 49 2 10 0.6893 0.1842 191 136
154-0-1-0.05-50-0 0 2480 41 29 6 21 0.9621 0.6728 105 177
154-0-1-0.05-50-0 0 2480 46 34 6 3 0.3451 0.7448 327 168
154-0-1-0.05-50-0 0 2481 2 11 12 6 0.8198 0.0504 167 384
154-0-1-0.05-50-0 0 2481 5 6 10 1 0.0007 0.4266 226 249
154-0-1-0.05-50-0 0 2482 3 11 4 5 0.4813 0.0504 321 384
154-0-1-0.05-50-0 0 2482 49 46 10 6 0.1842 0.3451 136 327
154-0-1-0.05-50-0 0 2483 30 2 5 12 0.6008 0.8198 266 167
154-0-1-0.05-50-0 0 2483 49 2 10 11 0.1842 0.8198 136 167
154-0-1-0.05-50-0 0 2484 4 29 6 19 0.0723 0.6728 351 177
154-0-1-0.05-50-0 0 2484 29 30 18 5 0.6728 0.6008 177 266
154-0-1-0.05-50-0 0 2485 24 4 2 6 0.1940 0.0723 254 351
154-0-1-0.05-50-0 0 2485 5 27 10 5 0.0007 0.0776 226 149
154-0-1-0.05-50-0 0 2486 45 2 6 10 0.3816 0.8198 173 167
154-0-1-0.05-50-0 0 2486 30 29 4 20 0.6008 0.6728 266 177
154-0-1-0.05-50-0 0 2487 42 45 5 5 0.7447 0.3816 106 173
154-0-1-0.05-50-0 0 2487 17 46 4 5 0.6398 0.3451 197 327
154-0-1-0.05-50-0 0 2488 5 34 13 3 0.0007 0.7448 226 168
154-0-1-0.05-50-0 0 2488 8 29 2 21 0.2506 0.6728 303 177
154-0-1-0.05-50-0 0 2489 27 29 6 21 0.0776 0.6728 149 177
154-0-1-0.05-50-0 0 2489 46 6 4 1 0.3451 0.4266 327 249
154-0-1-0.05-50-0 0 2490 12 23 11 3 0.1896 0.1698 325 476
154-0-1-0.05-50-0 0 2490 27 12 7 11 0.0776 0.1896 149 325
154-0-1-0.05-50-0 0 2491 12 5 11 13 0.1896 0.0007 325 226
154-0-1-0.05-50-0 0 2491 29 5 20 12 0.6728 0.0007 177 226
154-0-1-0.05-50-0 0 2492 29 42 21 6 0.6728 0.7447 177 106
154-0-1-0.05-50-0 0 2492 3 5 6 12 0.4813 0.0007 321 226
154-0-1-0.05-50-0 0 2493 2 29 8 21 0.8198 0.6728 167 177
154-0-1-0.05-50-0 0 2493 17 29 5 20 0.6398 0.6728 197 177
154-0-1-0.05-50-0 0 2494 49 3 8 6 0.1842 0.4813 136 321
154-0-1-0.05-50-0 0 2494 29 4 17 7 0.6728 0.0723 177 351
154-0-1-0.05-50-0 0 2495 49 23 6 2 0.1842 0.1698 136 476
154-0-1-0.05-50-0 0 2495 3 5 5 13 0.4813 0.0007 321 226
154-0-1-0.05-50-0 0 2496 11 29 4 14 0.0504 0.6728 384 177
154-0-1-0.05-50-0 0 2496 46 30 8 6 0.3451 0.6008 327 266
154-0-1-0.05-50-0 0 2497 49 49 6 6 0.1842 0.1842 136 136
154-0-1-0.05-50-0 0 2497 29 2 13 8 0.6728 0.8198 177 167
154-0-1-0.05-50-0 0 2498 29 12 14 13 0.6728 0.1896 177 325
154-0-1-0.05-50-0 0 2498 12 24 12 4 0.1896 0.1940 325 254
154-0-1-0.05-50-0 0 2499 5 29 10 15 0.0007 0.6728 226 177
154-0-1-0.05-50-0 0 2499 35 11 1 3 0.0354 0.0504 158 384
154-0-1-0.05-50-0 0 2500 2 49 7 5 0.8198 0.1842 167 136
154-0-1-0.05-50-0 0 2500 24 12 3 13 0.1940 0.1896 254 325
