161-0-1-0.05-50-0 0 2302 35 5 6 2 0.0354 0.0007 158 226
161-0-1-0.05-50-0 0 2302 12 21 16 3 0.1896 0.4184 325 158
161-0-1-0.05-50-0 0 2303 41 22 8 8 0.9621 0.0160 105 311
161-0-1-0.05-50-0 0 2303 7 31 5 4 0.9267 0.5626 106 252
161-0-1-0.05-50-0 0 2304 9 12 2 17 0.6134 0.1896 161 325
161-0-1-0.05-50-0 0 2304 22 18 6 8 0.0160 0.2181 311 226
161-0-1-0.05-50-0 0 2305 17 17 5 5 0.6398 0.6398 197 197
161-0-1-0.05-50-0 0 2305 22 27 5 4 0.0160 0.0776 311 149
161-0-1-0.05-50-0 0 2306 16 30 4 2 0.2228 0.6008 149 266
161-0-1-0.05-50-0 0 2306 12 24 16 3 0.1896 0.1940 325 254
161-0-1-0.05-50-0 0 2307 12 29 16 8 0.1896 0.6728 325 177
161-0-1-0.05-50-0 0 2307 36 41 3 9 0.8162 0.9621 165 105
161-0-1-0.05-50-0 0 2308 12 29 16 7 0.1896 0.6728 325 177
161-0-1-0.05-50-0 0 2308 12 12 16 16 0.1896 0.1896 325 325
161-0-1-0.05-50-0 0 2309 1 7 1 8 0.2520 0.9267 409 106
161-0-1-0.05-50-0 0 2309 16 22 4 5 0.2228 0.0160 149 311
161-0-1-0.05-50-0 0 2310 16 29 4 7 0.2228 0.6728 149 177
161-0-1-0.05-50-0 0 2310 41 41 10 10 0.9621 0.9621 105 105
161-0-1-0.05-50-0 0 2311 12 43 18 13 0.1896 0.8316 325 123
161-0-1-0.05-50-0 0 2311 41 9 9 2 0.9621 0.6134 105 161
161-0-1-0.05-50-0 0 2312 18 49 10 1 0.2181 0.1842 226 136
161-0-1-0.05-50-0 0 2312 12 6 18 1 0.1896 0.4266 325 249
161-0-1-0.05-50-0 0 2313 10 18 2 11 0.2533 0.2181 449 226
161-0-1-0.05-50-0 0 2313 22 16 5 4 0.0160 0.2228 311 149
161-0-1-0.05-50-0 0 2314 42 36 4 3 0.7447 0.8162 106 165
161-0-1-0.05-50-0 0 2314 7 2 9 3 0.9267 0.8198 106 167
161-0-1-0.05-50-0 0 2315 29 22 6 6 0.6728 0.0160 177 311
161-0-1-0.05-50-0 0 2315 21 22 2 5 0.4184 0.0160 158 311
161-0-1-0.05-50-0 0 2316 35 10 11 2 0.0354 0.2533 158 449
161-0-1-0.05-50-0 0 2316 12 16 18 4 0.1896 0.2228 325 149
161-0-1-0.05-50-0 0 2317 41 12 9 17 0.9621 0.1896 105 325
161-0-1-0.05-50-0 0 2317 28 42 7 4 0.3846 0.7447 311 106
161-0-1-0.05-50-0 0 2318 17 42 3 3 0.6398 0.7447 197 106
161-0-1-0.05-50-0 0 2318 9 4 1 3 0.6134 0.0723 161 351
161-0-1-0.05-50-0 0 2319 42 41 3 8 0.7447 0.9621 106 105
161-0-1-0.05-50-0 0 2319 12 21 17 4 0.1896 0.4184 325 158
161-0-1-0.05-50-0 0 2320 8 27 2 3 0.2506 0.0776 303 149
161-0-1-0.05-50-0 0 2320 35 43 11 18 0.0354 0.8316 158 123
161-0-1-0.05-50-0 0 2321 2 26 3 3 0.8198 0.8171 167 141
161-0-1-0.05-50-0 0 2321 32 22 1 5 0.6514 0.0160 215 311
161-0-1-0.05-50-0 0 2322 35 42 11 3 0.0354 0.7447 158 106
161-0-1-0.05-50-0 0 2322 4 12 2 17 0.0723 0.1896 351 325
161-0-1-0.05-50-0 0 2323 12 43 16 16 0.1896 0.8316 325 123
161-0-1-0.05-50-0 0 2323 7 8 16 4 0.9267 0.2506 106 303
161-0-1-0.05-50-0 0 2324 41 7 4 15 0.9621 0.9267 105 106
161-0-1-0.05-50-0 0 2324 31 43 3 16 0.5626 0.8316 252 123
161-0-1-0.05-50-0 0 2325 12 28 18 6 0.1896 0.3846 325 311
161-0-1-0.05-50-0 0 2325 43 35 15 14 0.8316 0.0354 123 158
161-0-1-0.05-50-0 0 2326 4 30 3 1 0.0723 0.6008 351 266
161-0-1-0.05-50-0 0 2326 12 3 19 1 0.1896 0.4813 325 321
161-0-1-0.05-50-0 0 2327 12 27 20 3 0.1896 0.0776 325 149
161-0-1-0.05-50-0 0 2327 27 15 2 2 0.0776 0.7918 149 149
161-0-1-0.05-50-0 0 2328 12 8 20 5 0.1896 0.2506 325 303
161-0-1-0.05-50-0 0 2328 35 8 14 4 0.0354 0.2506 158 303
161-0-1-0.05-50-0 0 2329 41 31 3 4 0.9621 0.5626 105 252
161-0-1-0.05-50-0 0 2329 43 35 15 14 0.8316 0.0354 123 158
161-0-1-0.05-50-0 0 2330 35 18 13 10 0.0354 0.2181 158 226
161-0-1-0.05-50-0 0 2330 12 18 19 9 0.1896 0.2181 325 226
161-0-1-0.05-50-0 0 2331 15 15 2 2 0.7918 0.7918 149 149
161-0-1-0.05-50-0 0 2331 7 18 20 8 0.9267 0.2181 106 226
161-0-1-0.05-50-0 0 2332 18 21 7 7 0.2181 0.4184 226 158
161-0-1-0.05-50-0 0 2332 22 7 5 19 0.0160 0.9267 311 106
161-0-1-0.05-50-0 0 2333 7 43 19 19 0.9267 0.8316 106 123
161-0-1-0.05-50-0 0 2333 43 12 18 19 0.8316 0.1896 123 325
161-0-1-0.05-50-0 0 2334 12 7 17 19 0.1896 0.9267 325 106
161-0-1-0.05-50-0 0 2334 35 43 13 17 0.0354 0.8316 158 123
161-0-1-0.05-50-0 0 2335 7 43 18 16 0.9267 0.8316 106 123
161-0-1-0.05-50-0 0 2335 4 12 6 16 0.0723 0.1896 351 325
161-0-1-0.05-50-0 0 2336 22 27 4 5 0.0160 0.0776 311 149
161-0-1-0.05-50-0 0 2336 35 22 11 4 0.0354 0.0160 158 311
161-0-1-0.05-50-0 0 2337 43 12 17 15 0.8316 0.1896 123 325
161-0-1-0.05-50-0 0 2337 18 35 6 10 0.2181 0.0354 226 158
161-0-1-0.05-50-0 0 2338 28 21 4 7 0.3846 0.4184 311 158
161-0-1-0.05-50-0 0 2338 5 43 5 18 0.0007 0.8316 226 123
161-0-1-0.05-50-0 0 2339 22 5 3 5 0.0160 0.0007 311 226
161-0-1-0.05-50-0 0 2339 7 31 17 4 0.9267 0.5626 106 252
161-0-1-0.05-50-0 0 2340 7 31 18 4 0.9267 0.5626 106 252
161-0-1-0.05-50-0 0 2340 12 7 12 18 0.1896 0.9267 325 106
161-0-1-0.05-50-0 0 2341 7 7 17 17 0.9267 0.9267 106 106
161-0-1-0.05-50-0 0 2341 28 49 5 1 0.3846 0.1842 311 136
161-0-1-0.05-50-0 0 2342 5 16 3 2 0.0007 0.2228 226 149
161-0-1-0.05-50-0 0 2342 5 12 3 12 0.0007 0.1896 226 325
161-0-1-0.05-50-0 0 2343 27 35 3 11 0.0776 0.0354 149 158
161-0-1-0.05-50-0 0 2343 46 21 3 6 0.3451 0.4184 327 158
161-0-1-0.05-50-0 0 2344 7 28 15 5 0.9267 0.3846 106 311
161-0-1-0.05-50-0 0 2344 18 31 7 2 0.2181 0.5626 226 252
161-0-1-0.05-50-0 0 2345 21 18 6 6 0.4184 0.2181 158 226
161-0-1-0.05-50-0 0 2345 7 7 15 15 0.9267 0.9267 106 106
161-0-1-0.05-50-0 0 2346 20 46 2 3 0.9922 0.3451 102 327
161-0-1-0.05-50-0 0 2346 35 12 10 11 0.0354 0.1896 158 325
161-0-1-0.05-50-0 0 2347 41 4 4 7 0.9621 0.0723 105 351
161-0-1-0.05-50-0 0 2347 43 5 12 4 0.8316 0.0007 123 226
161-0-1-0.05-50-0 0 2348 17 43 3 13 0.6398 0.8316 197 123
161-0-1-0.05-50-0 0 2348 43 5 12 3 0.8316 0.0007 123 226
161-0-1-0.05-50-0 0 2349 7 31 11 3 0.9267 0.5626 106 252
161-0-1-0.05-50-0 0 2349 43 43 13 13 0.8316 0.8316 123 123
161-0-1-0.05-50-0 0 2350 43 42 12 1 0.8316 0.7447 123 106
161-0-1-0.05-50-0 0 2350 7 12 11 10 0.9267 0.1896 106 325
161-0-1-0.05-50-0 0 2351 35 17 9 2 0.0354 0.6398 158 197
161-0-1-0.05-50-0 0 2351 21 5 5 1 0.4184 0.0007 158 226
161-0-1-0.05-50-0 0 2352 43 7 13 16 0.8316 0.9267 123 106
161-0-1-0.05-50-0 0 2352 35 35 10 10 0.0354 0.0354 158 158
161-0-1-0.05-50-0 0 2353 2 43 5 13 0.8198 0.8316 167 123
161-0-1-0.05-50-0 0 2353 43 48 12 3 0.8316 0.1153 123 334
161-0-1-0.05-50-0 0 2354 12 7 8 14 0.1896 0.9267 325 106
161-0-1-0.05-50-0 0 2354 28 7 4 13 0.3846 0.9267 311 106
161-0-1-0.05-50-0 0 2355 10 35 4 10 0.2533 0.0354 449 158
161-0-1-0.05-50-0 0 2355 31 4 5 4 0.5626 0.0723 252 351
161-0-1-0.05-50-0 0 2356 12 12 9 9 0.1896 0.1896 325 325
161-0-1-0.05-50-0 0 2356 7 26 11 4 0.9267 0.8171 106 141
161-0-1-0.05-50-0 0 2357 35 26 10 3 0.0354 0.8171 158 141
161-0-1-0.05-50-0 0 2357 21 12 5 7 0.4184 0.1896 158 325
161-0-1-0.05-50-0 0 2358 21 2 5 7 0.4184 0.8198 158 167
161-0-1-0.05-50-0 0 2359 7 12 9 5 0.9267 0.1896 106 325
161-0-1-0.05-50-0 0 2360 2 18 6 9 0.8198 0.2181 167 226
161-0-1-0.05-50-0 0 2361 28 7 3 7 0.3846 0.9267 311 106
161-0-1-0.05-50-0 0 2362 8 34 3 1 0.2506 0.7448 303 168
161-0-1-0.05-50-0 0 2363 7 35 6 10 0.9267 0.0354 106 158
161-0-1-0.05-50-0 0 2364 35 48 8 4 0.0354 0.1153 158 334
161-0-1-0.05-50-0 0 2365 2 7 7 7 0.8198 0.9267 167 106
161-0-1-0.05-50-0 0 2366 18 21 9 4 0.2181 0.4184 226 158
161-0-1-0.05-50-0 0 2367 43 33 9 2 0.8316 0.6893 123 191
161-0-1-0.05-50-0 0 2367 2 47 8 1 0.8198 0.9293 167 103
161-0-1-0.05-50-0 0 2368 12 31 3 4 0.1896 0.5626 325 252
161-0-1-0.05-50-0 0 2368 8 27 6 7 0.2506 0.0776 303 149
161-0-1-0.05-50-0 0 2369 7 28 5 3 0.9267 0.3846 106 311
161-0-1-0.05-50-0 0 2369 8 7 7 5 0.2506 0.9267 303 106
161-0-1-0.05-50-0 0 2370 41 29 3 3 0.9621 0.6728 105 177
161-0-1-0.05-50-0 0 2371 43 21 7 5 0.8316 0.4184 123 158
161-0-1-0.05-50-0 0 2372 43 10 7 5 0.8316 0.2533 123 449
161-0-1-0.05-50-0 0 2373 41 2 3 7 0.9621 0.8198 105 167
161-0-1-0.05-50-0 0 2374 40 43 1 8 0.9739 0.8316 104 123
161-0-1-0.05-50-0 0 2375 18 10 8 5 0.2181 0.2533 226 449
161-0-1-0.05-50-0 0 2376 10 18 4 9 0.2533 0.2181 449 226
161-0-1-0.05-50-0 0 2377 27 35 7 12 0.0776 0.0354 149 158
161-0-1-0.05-50-0 0 2378 35 50 11 1 0.0354 0.2147 158 147
161-0-1-0.05-50-0 0 2379 27 46 7 3 0.0776 0.3451 149 327
161-0-1-0.05-50-0 0 2380 2 48 5 1 0.8198 0.1153 167 334
161-0-1-0.05-50-0 0 2381 27 3 7 1 0.0776 0.4813 149 321
161-0-1-0.05-50-0 0 2382 2 26 4 3 0.8198 0.8171 167 141
161-0-1-0.05-50-0 0 2383 16 26 1 2 0.2228 0.8171 149 141
161-0-1-0.05-50-0 0 2384 33 2 1 4 0.6893 0.8198 191 167
161-0-1-0.05-50-0 0 2385 35 37 8 1 0.0354 0.8481 158 127
161-0-1-0.05-50-0 0 2386 35 7 9 5 0.0354 0.9267 158 106
161-0-1-0.05-50-0 0 2387 8 35 10 9 0.2506 0.0354 303 158
161-0-1-0.05-50-0 0 2388 21 2 8 4 0.4184 0.8198 158 167
161-0-1-0.05-50-0 0 2389 35 8 8 9 0.0354 0.2506 158 303
161-0-1-0.05-50-0 0 2390 18 35 7 10 0.2181 0.0354 226 158
161-0-1-0.05-50-0 0 2391 11 21 6 7 0.0504 0.4184 384 158
161-0-1-0.05-50-0 0 2392 33 41 2 1 0.6893 0.9621 191 105
161-0-1-0.05-50-0 0 2393 28 11 1 6 0.3846 0.0504 311 384
161-0-1-0.05-50-0 0 2394 29 7 4 8 0.6728 0.9267 177 106
161-0-1-0.05-50-0 0 2394 35 22 12 1 0.0354 0.0160 158 311
161-0-1-0.05-50-0 0 2395 10 10 8 8 0.2533 0.2533 449 449
161-0-1-0.05-50-0 0 2396 35 29 11 5 0.0354 0.6728 158 177
161-0-1-0.05-50-0 0 2397 10 20 6 2 0.2533 0.9922 449 102
161-0-1-0.05-50-0 0 2398 8 11 10 4 0.2506 0.0504 303 384
161-0-1-0.05-50-0 0 2399 35 31 11 3 0.0354 0.5626 158 252
161-0-1-0.05-50-0 0 2400 28 35 4 11 0.3846 0.0354 311 158
161-0-1-0.05-50-0 0 2401 8 8 7 7 0.2506 0.2506 303 303
161-0-1-0.05-50-0 0 2402 31 18 1 7 0.5626 0.2181 252 226
161-0-1-0.05-50-0 0 2403 18 25 6 1 0.2181 0.9430 226 125
161-0-1-0.05-50-0 0 2404 8 12 6 7 0.2506 0.1896 303 325
161-0-1-0.05-50-0 0 2405 7 10 10 7 0.9267 0.2533 106 449
161-0-1-0.05-50-0 0 2406 35 14 9 1 0.0354 0.8451 158 105
161-0-1-0.05-50-0 0 2407 7 18 9 6 0.9267 0.2181 106 226
161-0-1-0.05-50-0 0 2408 12 7 7 9 0.1896 0.9267 325 106
161-0-1-0.05-50-0 0 2408 9 32 1 4 0.6134 0.6514 161 215
161-0-1-0.05-50-0 0 2409 12 12 6 6 0.1896 0.1896 325 325
161-0-1-0.05-50-0 0 2410 25 7 1 8 0.9430 0.9267 125 106
161-0-1-0.05-50-0 0 2411 21 5 7 1 0.4184 0.0007 158 226
161-0-1-0.05-50-0 0 2412 21 43 8 7 0.4184 0.8316 158 123
161-0-1-0.05-50-0 0 2412 2 7 5 7 0.8198 0.9267 167 106
161-0-1-0.05-50-0 0 2413 8 27 9 14 0.2506 0.0776 303 149
161-0-1-0.05-50-0 0 2413 43 32 7 2 0.8316 0.6514 123 215
161-0-1-0.05-50-0 0 2414 21 35 9 12 0.4184 0.0354 158 158
161-0-1-0.05-50-0 0 2414 28 12 3 5 0.3846 0.1896 311 325
161-0-1-0.05-50-0 0 2415 18 27 6 13 0.2181 0.0776 226 149
161-0-1-0.05-50-0 0 2415 28 43 3 7 0.3846 0.8316 311 123
161-0-1-0.05-50-0 0 2416 8 25 11 2 0.2506 0.9430 303 125
161-0-1-0.05-50-0 0 2416 12 18 4 6 0.1896 0.2181 325 226
161-0-1-0.05-50-0 0 2417 46 7 4 5 0.3451 0.9267 327 106
161-0-1-0.05-50-0 0 2417 21 21 9 9 0.4184 0.4184 158 158
161-0-1-0.05-50-0 0 2418 7 27 4 14 0.9267 0.0776 106 149
161-0-1-0.05-50-0 0 2418 46 28 4 2 0.3451 0.3846 327 311
161-0-1-0.05-50-0 0 2419 21 8 8 14 0.4184 0.2506 158 303
161-0-1-0.05-50-0 0 2419 21 43 8 6 0.4184 0.8316 158 123
161-0-1-0.05-50-0 0 2420 27 35 15 12 0.0776 0.0354 149 158
161-0-1-0.05-50-0 0 2420 31 12 4 4 0.5626 0.1896 252 325
161-0-1-0.05-50-0 0 2421 10 42 7 1 0.2533 0.7447 449 106
161-0-1-0.05-50-0 0 2421 50 29 2 5 0.2147 0.6728 147 177
161-0-1-0.05-50-0 0 2422 8 35 13 11 0.2506 0.0354 303 158
161-0-1-0.05-50-0 0 2422 27 35 13 10 0.0776 0.0354 149 158
161-0-1-0.05-50-0 0 2423 35 43 9 4 0.0354 0.8316 158 123
161-0-1-0.05-50-0 0 2423 7 7 4 4 0.9267 0.9267 106 106
161-0-1-0.05-50-0 0 2424 35 27 9 15 0.0354 0.0776 158 149
161-0-1-0.05-50-0 0 2424 27 27 14 14 0.0776 0.0776 149 149
161-0-1-0.05-50-0 0 2425 4 46 3 4 0.0723 0.3451 351 327
161-0-1-0.05-50-0 0 2425 29 35 5 8 0.6728 0.0354 177 158
161-0-1-0.05-50-0 0 2426 35 32 8 1 0.0354 0.6514 158 215
161-0-1-0.05-50-0 0 2426 10 31 9 6 0.2533 0.5626 449 252
161-0-1-0.05-50-0 0 2427 43 8 3 14 0.8316 0.2506 123 303
161-0-1-0.05-50-0 0 2427 40 8 3 13 0.9739 0.2506 104 303
161-0-1-0.05-50-0 0 2428 46 8 4 12 0.3451 0.2506 327 303
161-0-1-0.05-50-0 0 2428 40 35 3 8 0.9739 0.0354 104 158
161-0-1-0.05-50-0 0 2429 21 27 8 14 0.4184 0.0776 158 149
161-0-1-0.05-50-0 0 2429 31 35 6 8 0.5626 0.0354 252 158
161-0-1-0.05-50-0 0 2430 50 27 3 13 0.2147 0.0776 147 149
161-0-1-0.05-50-0 0 2430 10 27 11 12 0.2533 0.0776 449 149
161-0-1-0.05-50-0 0 2431 35 21 6 6 0.0354 0.4184 158 158
161-0-1-0.05-50-0 0 2431 8 37 12 1 0.2506 0.8481 303 127
161-0-1-0.05-50-0 0 2432 4 35 3 5 0.0723 0.0354 351 158
161-0-1-0.05-50-0 0 2432 10 31 11 7 0.2533 0.5626 449 252
161-0-1-0.05-50-0 0 2433 7 8 7 14 0.9267 0.2506 106 303
161-0-1-0.05-50-0 0 2433 8 5 13 1 0.2506 0.0007 303 226
161-0-1-0.05-50-0 0 2434 10 8 11 12 0.2533 0.2506 449 303
161-0-1-0.05-50-0 0 2434 31 21 5 5 0.5626 0.4184 252 158
161-0-1-0.05-50-0 0 2435 35 31 3 5 0.0354 0.5626 158 252
161-0-1-0.05-50-0 0 2435 12 50 5 6 0.1896 0.2147 325 147
161-0-1-0.05-50-0 0 2436 29 7 3 6 0.6728 0.9267 177 106
161-0-1-0.05-50-0 0 2436 8 27 11 14 0.2506 0.0776 303 149
161-0-1-0.05-50-0 0 2437 8 4 12 2 0.2506 0.0723 303 351
161-0-1-0.05-50-0 0 2437 29 31 4 5 0.6728 0.5626 177 252
161-0-1-0.05-50-0 0 2438 10 46 11 6 0.2533 0.3451 449 327
161-0-1-0.05-50-0 0 2439 27 31 15 4 0.0776 0.5626 149 252
161-0-1-0.05-50-0 0 2440 29 27 3 15 0.6728 0.0776 177 149
161-0-1-0.05-50-0 0 2441 50 18 6 2 0.2147 0.2181 147 226
161-0-1-0.05-50-0 0 2442 46 31 4 4 0.3451 0.5626 327 252
161-0-1-0.05-50-0 0 2443 10 27 10 16 0.2533 0.0776 449 149
161-0-1-0.05-50-0 0 2444 46 8 3 8 0.3451 0.2506 327 303
161-0-1-0.05-50-0 0 2445 12 31 2 2 0.1896 0.5626 325 252
161-0-1-0.05-50-0 0 2446 10 8 12 8 0.2533 0.2506 449 303
161-0-1-0.05-50-0 0 2447 31 35 1 3 0.5626 0.0354 252 158
161-0-1-0.05-50-0 0 2448 18 50 2 7 0.2181 0.2147 226 147
161-0-1-0.05-50-0 0 2449 50 21 6 9 0.2147 0.4184 147 158
161-0-1-0.05-50-0 0 2450 19 27 1 13 0.8072 0.0776 134 149
161-0-1-0.05-50-0 0 2451 29 29 6 6 0.6728 0.6728 177 177
161-0-1-0.05-50-0 0 2452 29 10 5 14 0.6728 0.2533 177 449
161-0-1-0.05-50-0 0 2452 8 7 8 3 0.2506 0.9267 303 106
161-0-1-0.05-50-0 0 2453 45 10 2 12 0.3816 0.2533 173 449
161-0-1-0.05-50-0 0 2453 8 20 8 2 0.2506 0.9922 303 102
161-0-1-0.05-50-0 0 2454 10 10 12 12 0.2533 0.2533 449 449
161-0-1-0.05-50-0 0 2455 40 2 6 5 0.9739 0.8198 104 167
161-0-1-0.05-50-0 0 2456 22 12 1 4 0.0160 0.1896 311 325
161-0-1-0.05-50-0 0 2456 27 41 9 4 0.0776 0.9621 149 105
161-0-1-0.05-50-0 0 2457 23 50 1 6 0.1698 0.2147 476 147
161-0-1-0.05-50-0 0 2457 29 50 5 5 0.6728 0.2147 177 147
161-0-1-0.05-50-0 0 2458 21 27 6 9 0.4184 0.0776 158 149
161-0-1-0.05-50-0 0 2458 48 40 2 9 0.1153 0.9739 334 104
161-0-1-0.05-50-0 0 2459 48 50 3 3 0.1153 0.2147 334 147
161-0-1-0.05-50-0 0 2459 41 29 4 5 0.9621 0.6728 105 177
161-0-1-0.05-50-0 0 2460 41 21 5 6 0.9621 0.4184 105 158
161-0-1-0.05-50-0 0 2460 27 21 8 5 0.0776 0.4184 149 158
161-0-1-0.05-50-0 0 2461 22 38 3 1 0.0160 0.6163 311 270
161-0-1-0.05-50-0 0 2461 10 12 12 4 0.2533 0.1896 449 325
161-0-1-0.05-50-0 0 2462 40 29 9 4 0.9739 0.6728 104 177
161-0-1-0.05-50-0 0 2462 43 28 6 2 0.8316 0.3846 123 311
161-0-1-0.05-50-0 0 2463 21 40 5 8 0.4184 0.9739 158 104
161-0-1-0.05-50-0 0 2463 41 21 5 5 0.9621 0.4184 105 158
161-0-1-0.05-50-0 0 2464 35 41 1 5 0.0354 0.9621 158 105
161-0-1-0.05-50-0 0 2464 29 10 3 13 0.6728 0.2533 177 449
161-0-1-0.05-50-0 0 2465 27 8 9 6 0.0776 0.2506 149 303
161-0-1-0.05-50-0 0 2466 43 8 6 5 0.8316 0.2506 123 303
161-0-1-0.05-50-0 0 2466 12 7 3 3 0.1896 0.9267 325 106
161-0-1-0.05-50-0 0 2467 22 43 5 6 0.0160 0.8316 311 123
161-0-1-0.05-50-0 0 2467 27 10 9 17 0.0776 0.2533 149 449
161-0-1-0.05-50-0 0 2468 32 45 1 4 0.6514 0.3816 215 173
161-0-1-0.05-50-0 0 2468 10 47 17 2 0.2533 0.9293 449 103
161-0-1-0.05-50-0 0 2469 40 8 10 4 0.9739 0.2506 104 303
161-0-1-0.05-50-0 0 2469 9 27 8 10 0.6134 0.0776 161 149
161-0-1-0.05-50-0 0 2470 45 22 3 4 0.3816 0.0160 173 311
161-0-1-0.05-50-0 0 2470 8 41 2 4 0.2506 0.9621 303 105
161-0-1-0.05-50-0 0 2471 32 40 2 9 0.6514 0.9739 215 104
161-0-1-0.05-50-0 0 2471 10 5 18 3 0.2533 0.0007 449 226
161-0-1-0.05-50-0 0 2472 3 47 3 1 0.4813 0.9293 321 103
161-0-1-0.05-50-0 0 2472 31 22 3 3 0.5626 0.0160 252 311
161-0-1-0.05-50-0 0 2473 32 3 1 3 0.6514 0.4813 215 321
161-0-1-0.05-50-0 0 2473 12 7 2 3 0.1896 0.9267 325 106
161-0-1-0.05-50-0 0 2474 40 27 9 6 0.9739 0.0776 104 149
161-0-1-0.05-50-0 0 2474 2 40 14 9 0.8198 0.9739 167 104
161-0-1-0.05-50-0 0 2475 10 43 19 4 0.2533 0.8316 449 123
161-0-1-0.05-50-0 0 2475 27 10 5 19 0.0776 0.2533 149 449
161-0-1-0.05-50-0 0 2476 2 21 11 2 0.8198 0.4184 167 158
161-0-1-0.05-50-0 0 2476 20 45 1 2 0.9922 0.3816 102 173
161-0-1-0.05-50-0 0 2477 41 40 4 9 0.9621 0.9739 105 104
161-0-1-0.05-50-0 0 2477 50 34 4 2 0.2147 0.7448 147 168
161-0-1-0.05-50-0 0 2478 40 22 8 3 0.9739 0.0160 104 311
161-0-1-0.05-50-0 0 2478 48 48 7 7 0.1153 0.1153 334 334
161-0-1-0.05-50-0 0 2479 10 32 18 2 0.2533 0.6514 449 215
161-0-1-0.05-50-0 0 2479 2 28 11 1 0.8198 0.3846 167 311
161-0-1-0.05-50-0 0 2480 10 2 17 11 0.2533 0.8198 449 167
161-0-1-0.05-50-0 0 2480 10 29 17 4 0.2533 0.6728 449 177
161-0-1-0.05-50-0 0 2481 41 10 5 17 0.9621 0.2533 105 449
161-0-1-0.05-50-0 0 2481 9 10 10 16 0.6134 0.2533 161 449
161-0-1-0.05-50-0 0 2482 7 41 2 5 0.9267 0.9621 106 105
161-0-1-0.05-50-0 0 2482 11 46 4 2 0.0504 0.3451 384 327
161-0-1-0.05-50-0 0 2483 2 27 10 9 0.8198 0.0776 167 149
161-0-1-0.05-50-0 0 2483 9 11 10 4 0.6134 0.0504 161 384
161-0-1-0.05-50-0 0 2484 48 39 6 1 0.1153 0.2187 334 309
161-0-1-0.05-50-0 0 2484 27 40 8 9 0.0776 0.9739 149 104
161-0-1-0.05-50-0 0 2485 2 27 10 8 0.8198 0.0776 167 149
161-0-1-0.05-50-0 0 2485 5 3 6 1 0.0007 0.4813 226 321
161-0-1-0.05-50-0 0 2486 48 48 6 6 0.1153 0.1153 334 334
161-0-1-0.05-50-0 0 2486 48 14 5 4 0.1153 0.8451 334 105
161-0-1-0.05-50-0 0 2487 12 2 2 10 0.1896 0.8198 325 167
161-0-1-0.05-50-0 0 2487 9 2 11 9 0.6134 0.8198 161 167
161-0-1-0.05-50-0 0 2488 18 2 1 9 0.2181 0.8198 226 167
161-0-1-0.05-50-0 0 2488 29 9 6 10 0.6728 0.6134 177 161
161-0-1-0.05-50-0 0 2489 11 40 2 8 0.0504 0.9739 384 104
161-0-1-0.05-50-0 0 2489 8 10 2 14 0.2506 0.2533 303 449
161-0-1-0.05-50-0 0 2490 27 10 7 12 0.0776 0.2533 149 449
161-0-1-0.05-50-0 0 2490 14 5 5 6 0.8451 0.0007 105 226
161-0-1-0.05-50-0 0 2491 9 10 9 11 0.6134 0.2533 161 449
161-0-1-0.05-50-0 0 2491 14 48 5 5 0.8451 0.1153 105 334
161-0-1-0.05-50-0 0 2492 43 10 3 10 0.8316 0.2533 123 449
161-0-1-0.05-50-0 0 2492 14 10 3 9 0.8451 0.2533 105 449
161-0-1-0.05-50-0 0 2493 38 2 2 10 0.6163 0.8198 270 167
161-0-1-0.05-50-0 0 2493 17 9 1 10 0.6398 0.6134 197 161
161-0-1-0.05-50-0 0 2494 9 48 9 5 0.6134 0.1153 161 334
161-0-1-0.05-50-0 0 2494 29 12 7 3 0.6728 0.1896 177 325
161-0-1-0.05-50-0 0 2495 3 14 2 3 0.4813 0.8451 321 105
161-0-1-0.05-50-0 0 2495 9 29 9 7 0.6134 0.6728 161 177
161-0-1-0.05-50-0 0 2496 48 17 4 2 0.1153 0.6398 334 197
161-0-1-0.05-50-0 0 2496 48 3 4 2 0.1153 0.4813 334 321
161-0-1-0.05-50-0 0 2497 21 22 2 4 0.4184 0.0160 158 311
161-0-1-0.05-50-0 0 2497 14 2 2 11 0.8451 0.8198 105 167
161-0-1-0.05-50-0 0 2498 22 9 4 9 0.0160 0.6134 311 161
161-0-1-0.05-50-0 0 2498 29 38 8 3 0.6728 0.6163 177 270
161-0-1-0.05-50-0 0 2499 7 11 2 3 0.9267 0.0504 106 384
161-0-1-0.05-50-0 0 2499 10 40 8 6 0.2533 0.9739 449 104
161-0-1-0.05-50-0 0 2500 9 46 9 2 0.6134 0.3451 161 327
161-0-1-0.05-50-0 0 2500 2 41 11 7 0.8198 0.9621 167 105
