163-0-1-0.05-50-0 0 2302 4 13 3 3 0.0723 0.8878 351 151
163-0-1-0.05-50-0 0 2302 45 4 10 3 0.3816 0.0723 173 351
163-0-1-0.05-50-0 0 2303 31 48 5 5 0.5626 0.1153 252 334
163-0-1-0.05-50-0 0 2303 45 11 10 14 0.3816 0.0504 173 384
163-0-1-0.05-50-0 0 2304 8 30 8 3 0.2506 0.6008 303 266
163-0-1-0.05-50-0 0 2304 7 6 2 3 0.9267 0.4266 106 249
163-0-1-0.05-50-0 0 2305 39 41 6 1 0.2187 0.9621 309 105
163-0-1-0.05-50-0 0 2306 35 11 3 12 0.0354 0.0504 158 384
163-0-1-0.05-50-0 0 2307 2 37 8 1 0.8198 0.8481 167 127
163-0-1-0.05-50-0 0 2307 8 45 10 11 0.2506 0.3816 303 173
163-0-1-0.05-50-0 0 2308 30 6 2 4 0.6008 0.4266 266 249
163-0-1-0.05-50-0 0 2308 11 2 11 9 0.0504 0.8198 384 167
163-0-1-0.05-50-0 0 2309 26 48 3 5 0.8171 0.1153 141 334
163-0-1-0.05-50-0 0 2309 24 39 8 7 0.1940 0.2187 254 309
163-0-1-0.05-50-0 0 2310 33 24 1 8 0.6893 0.1940 191 254
163-0-1-0.05-50-0 0 2311 13 11 2 10 0.8878 0.0504 151 384
163-0-1-0.05-50-0 0 2312 2 11 8 9 0.8198 0.0504 167 384
163-0-1-0.05-50-0 0 2313 8 24 9 7 0.2506 0.1940 303 254
163-0-1-0.05-50-0 0 2314 45 2 10 8 0.3816 0.8198 173 167
163-0-1-0.05-50-0 0 2315 39 42 6 3 0.2187 0.7447 309 106
163-0-1-0.05-50-0 0 2315 8 45 10 10 0.2506 0.3816 303 173
163-0-1-0.05-50-0 0 2316 8 8 12 12 0.2506 0.2506 303 303
163-0-1-0.05-50-0 0 2316 13 45 2 9 0.8878 0.3816 151 173
163-0-1-0.05-50-0 0 2317 11 24 10 7 0.0504 0.1940 384 254
163-0-1-0.05-50-0 0 2317 8 24 12 6 0.2506 0.1940 303 254
163-0-1-0.05-50-0 0 2318 31 30 6 1 0.5626 0.6008 252 266
163-0-1-0.05-50-0 0 2318 2 8 8 13 0.8198 0.2506 167 303
163-0-1-0.05-50-0 0 2319 2 8 7 11 0.8198 0.2506 167 303
163-0-1-0.05-50-0 0 2319 40 39 4 6 0.9739 0.2187 104 309
163-0-1-0.05-50-0 0 2320 4 45 1 12 0.0723 0.3816 351 173
163-0-1-0.05-50-0 0 2320 31 11 7 8 0.5626 0.0504 252 384
163-0-1-0.05-50-0 0 2321 31 43 7 3 0.5626 0.8316 252 123
163-0-1-0.05-50-0 0 2322 2 24 5 6 0.8198 0.1940 167 254
163-0-1-0.05-50-0 0 2323 48 40 10 4 0.1153 0.9739 334 104
163-0-1-0.05-50-0 0 2324 45 24 10 5 0.3816 0.1940 173 254
163-0-1-0.05-50-0 0 2324 35 8 5 11 0.0354 0.2506 158 303
163-0-1-0.05-50-0 0 2325 24 24 4 4 0.1940 0.1940 254 254
163-0-1-0.05-50-0 0 2325 11 40 7 3 0.0504 0.9739 384 104
163-0-1-0.05-50-0 0 2326 2 36 6 7 0.8198 0.8162 167 165
163-0-1-0.05-50-0 0 2326 13 8 3 12 0.8878 0.2506 151 303
163-0-1-0.05-50-0 0 2327 33 8 4 11 0.6893 0.2506 191 303
163-0-1-0.05-50-0 0 2327 45 13 10 3 0.3816 0.8878 173 151
163-0-1-0.05-50-0 0 2328 18 3 2 3 0.2181 0.4813 226 321
163-0-1-0.05-50-0 0 2328 33 24 4 5 0.6893 0.1940 191 254
163-0-1-0.05-50-0 0 2329 24 23 4 3 0.1940 0.1698 254 476
163-0-1-0.05-50-0 0 2329 42 24 4 4 0.7447 0.1940 106 254
163-0-1-0.05-50-0 0 2330 18 23 2 2 0.2181 0.1698 226 476
163-0-1-0.05-50-0 0 2330 48 3 9 2 0.1153 0.4813 334 321
163-0-1-0.05-50-0 0 2331 42 8 4 7 0.7447 0.2506 106 303
163-0-1-0.05-50-0 0 2331 45 45 11 11 0.3816 0.3816 173 173
163-0-1-0.05-50-0 0 2332 48 26 10 1 0.1153 0.8171 334 141
163-0-1-0.05-50-0 0 2332 45 8 10 6 0.3816 0.2506 173 303
163-0-1-0.05-50-0 0 2333 43 31 3 6 0.8316 0.5626 123 252
163-0-1-0.05-50-0 0 2333 36 8 7 4 0.8162 0.2506 165 303
163-0-1-0.05-50-0 0 2334 45 40 9 2 0.3816 0.9739 173 104
163-0-1-0.05-50-0 0 2335 31 35 4 8 0.5626 0.0354 252 158
163-0-1-0.05-50-0 0 2336 33 5 5 1 0.6893 0.0007 191 226
163-0-1-0.05-50-0 0 2337 23 13 1 4 0.1698 0.8878 476 151
163-0-1-0.05-50-0 0 2337 33 33 5 5 0.6893 0.6893 191 191
163-0-1-0.05-50-0 0 2338 7 11 3 8 0.9267 0.0504 106 384
163-0-1-0.05-50-0 0 2338 3 45 2 13 0.4813 0.3816 321 173
163-0-1-0.05-50-0 0 2339 39 30 3 1 0.2187 0.6008 309 266
163-0-1-0.05-50-0 0 2339 24 28 5 2 0.1940 0.3846 254 311
163-0-1-0.05-50-0 0 2340 36 2 8 7 0.8162 0.8198 165 167
163-0-1-0.05-50-0 0 2340 43 8 3 5 0.8316 0.2506 123 303
163-0-1-0.05-50-0 0 2341 8 24 4 6 0.2506 0.1940 303 254
163-0-1-0.05-50-0 0 2341 35 36 9 8 0.0354 0.8162 158 165
163-0-1-0.05-50-0 0 2342 43 35 3 9 0.8316 0.0354 123 158
163-0-1-0.05-50-0 0 2342 33 45 4 16 0.6893 0.3816 191 173
163-0-1-0.05-50-0 0 2343 31 38 3 3 0.5626 0.6163 252 270
163-0-1-0.05-50-0 0 2343 35 46 8 3 0.0354 0.3451 158 327
163-0-1-0.05-50-0 0 2344 43 48 3 13 0.8316 0.1153 123 334
163-0-1-0.05-50-0 0 2344 48 45 12 16 0.1153 0.3816 334 173
163-0-1-0.05-50-0 0 2345 2 48 6 13 0.8198 0.1153 167 334
163-0-1-0.05-50-0 0 2345 45 45 15 15 0.3816 0.3816 173 173
163-0-1-0.05-50-0 0 2346 2 48 6 12 0.8198 0.1153 167 334
163-0-1-0.05-50-0 0 2346 45 48 15 11 0.3816 0.1153 173 334
163-0-1-0.05-50-0 0 2347 34 42 1 11 0.7448 0.7447 168 106
163-0-1-0.05-50-0 0 2347 36 43 6 3 0.8162 0.8316 165 123
163-0-1-0.05-50-0 0 2348 8 39 4 4 0.2506 0.2187 303 309
163-0-1-0.05-50-0 0 2348 42 6 10 1 0.7447 0.4266 106 249
163-0-1-0.05-50-0 0 2349 2 50 7 1 0.8198 0.2147 167 147
163-0-1-0.05-50-0 0 2349 38 45 3 15 0.6163 0.3816 270 173
163-0-1-0.05-50-0 0 2350 7 8 5 7 0.9267 0.2506 106 303
163-0-1-0.05-50-0 0 2350 39 7 3 5 0.2187 0.9267 309 106
163-0-1-0.05-50-0 0 2351 35 28 7 3 0.0354 0.3846 158 311
163-0-1-0.05-50-0 0 2351 45 13 15 2 0.3816 0.8878 173 151
163-0-1-0.05-50-0 0 2352 24 8 4 6 0.1940 0.2506 254 303
163-0-1-0.05-50-0 0 2352 23 7 2 4 0.1698 0.9267 476 106
163-0-1-0.05-50-0 0 2353 45 39 13 3 0.3816 0.2187 173 309
163-0-1-0.05-50-0 0 2353 27 42 1 13 0.0776 0.7447 149 106
163-0-1-0.05-50-0 0 2354 46 24 2 4 0.3451 0.1940 327 254
163-0-1-0.05-50-0 0 2354 11 2 7 8 0.0504 0.8198 384 167
163-0-1-0.05-50-0 0 2355 38 36 3 7 0.6163 0.8162 270 165
163-0-1-0.05-50-0 0 2355 2 43 7 1 0.8198 0.8316 167 123
163-0-1-0.05-50-0 0 2356 39 48 2 13 0.2187 0.1153 309 334
163-0-1-0.05-50-0 0 2356 45 8 15 6 0.3816 0.2506 173 303
163-0-1-0.05-50-0 0 2357 42 11 13 7 0.7447 0.0504 106 384
163-0-1-0.05-50-0 0 2357 48 29 12 1 0.1153 0.6728 334 177
163-0-1-0.05-50-0 0 2358 42 31 12 2 0.7447 0.5626 106 252
163-0-1-0.05-50-0 0 2358 48 2 11 7 0.1153 0.8198 334 167
163-0-1-0.05-50-0 0 2359 35 8 9 5 0.0354 0.2506 158 303
163-0-1-0.05-50-0 0 2359 48 24 12 4 0.1153 0.1940 334 254
163-0-1-0.05-50-0 0 2360 38 42 3 12 0.6163 0.7447 270 106
163-0-1-0.05-50-0 0 2360 33 46 2 4 0.6893 0.3451 191 327
163-0-1-0.05-50-0 0 2361 38 39 4 3 0.6163 0.2187 270 309
163-0-1-0.05-50-0 0 2361 23 47 2 1 0.1698 0.9293 476 103
163-0-1-0.05-50-0 0 2362 35 15 10 1 0.0354 0.7918 158 149
163-0-1-0.05-50-0 0 2362 8 28 4 3 0.2506 0.3846 303 311
163-0-1-0.05-50-0 0 2363 48 46 13 1 0.1153 0.3451 334 327
163-0-1-0.05-50-0 0 2363 36 2 5 8 0.8162 0.8198 165 167
163-0-1-0.05-50-0 0 2364 11 11 5 5 0.0504 0.0504 384 384
163-0-1-0.05-50-0 0 2365 11 2 4 8 0.0504 0.8198 384 167
163-0-1-0.05-50-0 0 2366 45 23 15 4 0.3816 0.1698 173 476
163-0-1-0.05-50-0 0 2366 45 3 15 2 0.3816 0.4813 173 321
163-0-1-0.05-50-0 0 2367 42 48 10 14 0.7447 0.1153 106 334
163-0-1-0.05-50-0 0 2367 38 23 4 3 0.6163 0.1698 270 476
163-0-1-0.05-50-0 0 2368 38 35 3 11 0.6163 0.0354 270 158
163-0-1-0.05-50-0 0 2369 35 31 9 1 0.0354 0.5626 158 252
163-0-1-0.05-50-0 0 2370 35 38 8 3 0.0354 0.6163 158 270
163-0-1-0.05-50-0 0 2371 42 38 14 2 0.7447 0.6163 106 270
163-0-1-0.05-50-0 0 2372 16 7 3 5 0.2228 0.9267 149 106
163-0-1-0.05-50-0 0 2373 48 45 13 12 0.1153 0.3816 334 173
163-0-1-0.05-50-0 0 2374 35 42 7 17 0.0354 0.7447 158 106
163-0-1-0.05-50-0 0 2375 2 24 6 4 0.8198 0.1940 167 254
163-0-1-0.05-50-0 0 2375 2 48 6 16 0.8198 0.1153 167 334
163-0-1-0.05-50-0 0 2376 13 48 1 15 0.8878 0.1153 151 334
163-0-1-0.05-50-0 0 2376 48 17 14 1 0.1153 0.6398 334 197
163-0-1-0.05-50-0 0 2377 42 42 17 17 0.7447 0.7447 106 106
163-0-1-0.05-50-0 0 2377 35 13 10 1 0.0354 0.8878 158 151
163-0-1-0.05-50-0 0 2378 48 26 15 5 0.1153 0.8171 334 141
163-0-1-0.05-50-0 0 2378 36 28 8 3 0.8162 0.3846 165 311
163-0-1-0.05-50-0 0 2379 45 48 17 15 0.3816 0.1153 173 334
163-0-1-0.05-50-0 0 2379 36 36 8 8 0.8162 0.8162 165 165
163-0-1-0.05-50-0 0 2380 16 36 3 7 0.2228 0.8162 149 165
163-0-1-0.05-50-0 0 2380 26 45 3 20 0.8171 0.3816 141 173
163-0-1-0.05-50-0 0 2381 45 45 19 19 0.3816 0.3816 173 173
163-0-1-0.05-50-0 0 2381 42 4 16 4 0.7447 0.0723 106 351
163-0-1-0.05-50-0 0 2382 48 33 15 7 0.1153 0.6893 334 191
163-0-1-0.05-50-0 0 2382 42 35 16 8 0.7447 0.0354 106 158
163-0-1-0.05-50-0 0 2383 7 45 6 17 0.9267 0.3816 106 173
163-0-1-0.05-50-0 0 2383 16 48 3 14 0.2228 0.1153 149 334
163-0-1-0.05-50-0 0 2384 48 42 13 17 0.1153 0.7447 334 106
163-0-1-0.05-50-0 0 2384 24 2 2 6 0.1940 0.8198 254 167
163-0-1-0.05-50-0 0 2385 35 45 7 16 0.0354 0.3816 158 173
163-0-1-0.05-50-0 0 2385 45 35 15 7 0.3816 0.0354 173 158
163-0-1-0.05-50-0 0 2386 2 45 4 15 0.8198 0.3816 167 173
163-0-1-0.05-50-0 0 2386 48 17 13 1 0.1153 0.6398 334 197
163-0-1-0.05-50-0 0 2387 26 33 3 9 0.8171 0.6893 141 191
163-0-1-0.05-50-0 0 2387 48 38 13 1 0.1153 0.6163 334 270
163-0-1-0.05-50-0 0 2388 6 31 1 1 0.4266 0.5626 249 252
163-0-1-0.05-50-0 0 2388 33 7 8 6 0.6893 0.9267 191 106
163-0-1-0.05-50-0 0 2389 42 48 18 16 0.7447 0.1153 106 334
163-0-1-0.05-50-0 0 2389 28 35 3 6 0.3846 0.0354 311 158
163-0-1-0.05-50-0 0 2390 7 42 5 20 0.9267 0.7447 106 106
163-0-1-0.05-50-0 0 2390 40 19 5 2 0.9739 0.8072 104 134
163-0-1-0.05-50-0 0 2391 45 42 12 17 0.3816 0.7447 173 106
163-0-1-0.05-50-0 0 2391 35 42 5 16 0.0354 0.7447 158 106
163-0-1-0.05-50-0 0 2392 16 48 4 17 0.2228 0.1153 149 334
163-0-1-0.05-50-0 0 2392 45 2 13 8 0.3816 0.8198 173 167
163-0-1-0.05-50-0 0 2393 48 42 17 13 0.1153 0.7447 334 106
163-0-1-0.05-50-0 0 2393 40 35 5 5 0.9739 0.0354 104 158
163-0-1-0.05-50-0 0 2394 48 26 17 2 0.1153 0.8171 334 141
163-0-1-0.05-50-0 0 2394 42 48 12 17 0.7447 0.1153 106 334
163-0-1-0.05-50-0 0 2395 45 2 14 6 0.3816 0.8198 173 167
163-0-1-0.05-50-0 0 2395 36 48 3 16 0.8162 0.1153 165 334
163-0-1-0.05-50-0 0 2396 48 45 15 14 0.1153 0.3816 334 173
163-0-1-0.05-50-0 0 2396 12 33 1 6 0.1896 0.6893 325 191
163-0-1-0.05-50-0 0 2397 24 8 4 4 0.1940 0.2506 254 303
163-0-1-0.05-50-0 0 2398 7 33 4 5 0.9267 0.6893 106 191
163-0-1-0.05-50-0 0 2399 45 42 14 13 0.3816 0.7447 173 106
163-0-1-0.05-50-0 0 2399 48 7 16 4 0.1153 0.9267 334 106
163-0-1-0.05-50-0 0 2400 45 8 14 2 0.3816 0.2506 173 303
163-0-1-0.05-50-0 0 2401 35 2 3 6 0.0354 0.8198 158 167
163-0-1-0.05-50-0 0 2401 24 45 4 14 0.1940 0.3816 254 173
163-0-1-0.05-50-0 0 2402 42 23 14 2 0.7447 0.1698 106 476
163-0-1-0.05-50-0 0 2403 45 28 12 5 0.3816 0.3846 173 311
163-0-1-0.05-50-0 0 2403 11 45 1 12 0.0504 0.3816 384 173
163-0-1-0.05-50-0 0 2404 39 48 3 15 0.2187 0.1153 309 334
163-0-1-0.05-50-0 0 2404 48 36 14 3 0.1153 0.8162 334 165
163-0-1-0.05-50-0 0 2405 48 40 14 6 0.1153 0.9739 334 104
163-0-1-0.05-50-0 0 2406 36 48 2 13 0.8162 0.1153 165 334
163-0-1-0.05-50-0 0 2406 48 42 12 14 0.1153 0.7447 334 106
163-0-1-0.05-50-0 0 2407 48 48 13 13 0.1153 0.1153 334 334
163-0-1-0.05-50-0 0 2407 19 42 2 12 0.8072 0.7447 134 106
163-0-1-0.05-50-0 0 2408 4 8 4 2 0.0723 0.2506 351 303
163-0-1-0.05-50-0 0 2408 16 24 2 7 0.2228 0.1940 149 254
163-0-1-0.05-50-0 0 2409 35 48 8 14 0.0354 0.1153 158 334
163-0-1-0.05-50-0 0 2409 24 45 8 11 0.1940 0.3816 254 173
163-0-1-0.05-50-0 0 2410 30 4 2 4 0.6008 0.0723 266 351
163-0-1-0.05-50-0 0 2410 16 40 3 7 0.2228 0.9739 149 104
163-0-1-0.05-50-0 0 2411 45 48 10 13 0.3816 0.1153 173 334
163-0-1-0.05-50-0 0 2412 24 48 9 11 0.1940 0.1153 254 334
163-0-1-0.05-50-0 0 2412 18 19 2 2 0.2181 0.8072 226 134
163-0-1-0.05-50-0 0 2413 45 42 10 8 0.3816 0.7447 173 106
163-0-1-0.05-50-0 0 2414 33 36 4 3 0.6893 0.8162 191 165
163-0-1-0.05-50-0 0 2414 25 24 1 10 0.9430 0.1940 125 254
163-0-1-0.05-50-0 0 2415 22 18 2 2 0.0160 0.2181 311 226
163-0-1-0.05-50-0 0 2416 48 16 11 5 0.1153 0.2228 334 149
163-0-1-0.05-50-0 0 2416 45 10 12 1 0.3816 0.2533 173 449
163-0-1-0.05-50-0 0 2417 24 36 6 3 0.1940 0.8162 254 165
163-0-1-0.05-50-0 0 2417 35 24 9 6 0.0354 0.1940 158 254
163-0-1-0.05-50-0 0 2418 24 42 5 9 0.1940 0.7447 254 106
163-0-1-0.05-50-0 0 2418 4 45 3 13 0.0723 0.3816 351 173
163-0-1-0.05-50-0 0 2419 38 13 1 1 0.6163 0.8878 270 151
163-0-1-0.05-50-0 0 2419 45 32 11 1 0.3816 0.6514 173 215
163-0-1-0.05-50-0 0 2420 7 4 5 3 0.9267 0.0723 106 351
163-0-1-0.05-50-0 0 2421 35 16 8 2 0.0354 0.2228 158 149
163-0-1-0.05-50-0 0 2422 48 3 15 4 0.1153 0.4813 334 321
163-0-1-0.05-50-0 0 2422 7 48 5 15 0.9267 0.1153 106 334
163-0-1-0.05-50-0 0 2423 8 16 2 1 0.2506 0.2228 303 149
163-0-1-0.05-50-0 0 2423 28 35 8 8 0.3846 0.0354 311 158
163-0-1-0.05-50-0 0 2424 48 45 14 11 0.1153 0.3816 334 173
163-0-1-0.05-50-0 0 2425 27 7 1 4 0.0776 0.9267 149 106
163-0-1-0.05-50-0 0 2426 6 48 2 13 0.4266 0.1153 249 334
163-0-1-0.05-50-0 0 2427 4 28 3 8 0.0723 0.3846 351 311
163-0-1-0.05-50-0 0 2428 48 45 11 10 0.1153 0.3816 334 173
163-0-1-0.05-50-0 0 2429 6 45 2 9 0.4266 0.3816 249 173
163-0-1-0.05-50-0 0 2430 48 24 13 7 0.1153 0.1940 334 254
163-0-1-0.05-50-0 0 2431 35 35 6 6 0.0354 0.0354 158 158
163-0-1-0.05-50-0 0 2432 4 24 4 5 0.0723 0.1940 351 254
163-0-1-0.05-50-0 0 2433 45 22 10 4 0.3816 0.0160 173 311
163-0-1-0.05-50-0 0 2434 15 33 3 4 0.7918 0.6893 149 191
163-0-1-0.05-50-0 0 2435 48 21 12 1 0.1153 0.4184 334 158
163-0-1-0.05-50-0 0 2436 3 36 5 1 0.4813 0.8162 321 165
163-0-1-0.05-50-0 0 2437 33 6 3 2 0.6893 0.4266 191 249
163-0-1-0.05-50-0 0 2438 48 45 11 8 0.1153 0.3816 334 173
163-0-1-0.05-50-0 0 2439 29 8 3 2 0.6728 0.2506 177 303
163-0-1-0.05-50-0 0 2440 48 45 12 7 0.1153 0.3816 334 173
163-0-1-0.05-50-0 0 2441 45 15 6 3 0.3816 0.7918 173 149
163-0-1-0.05-50-0 0 2442 48 37 14 2 0.1153 0.8481 334 127
163-0-1-0.05-50-0 0 2443 35 6 4 2 0.0354 0.4266 158 249
163-0-1-0.05-50-0 0 2444 42 15 5 3 0.7447 0.7918 106 149
163-0-1-0.05-50-0 0 2445 45 48 8 15 0.3816 0.1153 173 334
163-0-1-0.05-50-0 0 2445 3 9 4 3 0.4813 0.6134 321 161
163-0-1-0.05-50-0 0 2446 23 39 1 6 0.1698 0.2187 476 309
163-0-1-0.05-50-0 0 2447 11 42 7 5 0.0504 0.7447 384 106
163-0-1-0.05-50-0 0 2448 15 7 2 3 0.7918 0.9267 149 106
163-0-1-0.05-50-0 0 2449 35 35 3 3 0.0354 0.0354 158 158
163-0-1-0.05-50-0 0 2450 49 11 4 7 0.1842 0.0504 136 384
163-0-1-0.05-50-0 0 2451 22 28 2 6 0.0160 0.3846 311 311
163-0-1-0.05-50-0 0 2452 28 45 5 9 0.3846 0.3816 311 173
163-0-1-0.05-50-0 0 2453 11 49 7 4 0.0504 0.1842 384 136
163-0-1-0.05-50-0 0 2453 11 29 7 6 0.0504 0.6728 384 177
163-0-1-0.05-50-0 0 2454 48 48 15 15 0.1153 0.1153 334 334
163-0-1-0.05-50-0 0 2455 39 39 9 9 0.2187 0.2187 309 309
163-0-1-0.05-50-0 0 2455 3 49 5 4 0.4813 0.1842 321 136
163-0-1-0.05-50-0 0 2456 48 31 16 3 0.1153 0.5626 334 252
163-0-1-0.05-50-0 0 2457 5 22 1 4 0.0007 0.0160 226 311
163-0-1-0.05-50-0 0 2457 39 48 8 18 0.2187 0.1153 309 334
163-0-1-0.05-50-0 0 2458 6 33 2 2 0.4266 0.6893 249 191
163-0-1-0.05-50-0 0 2458 28 49 3 3 0.3846 0.1842 311 136
163-0-1-0.05-50-0 0 2459 48 48 19 19 0.1153 0.1153 334 334
163-0-1-0.05-50-0 0 2459 7 3 4 5 0.9267 0.4813 106 321
163-0-1-0.05-50-0 0 2460 31 28 2 3 0.5626 0.3846 252 311
163-0-1-0.05-50-0 0 2460 48 3 16 4 0.1153 0.4813 334 321
163-0-1-0.05-50-0 0 2461 24 6 3 2 0.1940 0.4266 254 249
163-0-1-0.05-50-0 0 2461 38 29 2 5 0.6163 0.6728 270 177
163-0-1-0.05-50-0 0 2462 11 48 13 16 0.0504 0.1153 384 334
163-0-1-0.05-50-0 0 2462 39 11 11 13 0.2187 0.0504 309 384
163-0-1-0.05-50-0 0 2463 35 22 3 3 0.0354 0.0160 158 311
163-0-1-0.05-50-0 0 2463 24 48 5 15 0.1940 0.1153 254 334
163-0-1-0.05-50-0 0 2464 38 38 2 2 0.6163 0.6163 270 270
163-0-1-0.05-50-0 0 2464 33 29 2 4 0.6893 0.6728 191 177
163-0-1-0.05-50-0 0 2465 38 11 2 12 0.6163 0.0504 270 384
163-0-1-0.05-50-0 0 2465 14 21 1 2 0.8451 0.4184 105 158
163-0-1-0.05-50-0 0 2466 11 3 10 4 0.0504 0.4813 384 321
163-0-1-0.05-50-0 0 2466 11 39 10 14 0.0504 0.2187 384 309
163-0-1-0.05-50-0 0 2467 7 39 4 15 0.9267 0.2187 106 309
163-0-1-0.05-50-0 0 2467 48 7 15 4 0.1153 0.9267 334 106
163-0-1-0.05-50-0 0 2468 42 47 2 1 0.7447 0.9293 106 103
163-0-1-0.05-50-0 0 2468 16 48 5 14 0.2228 0.1153 149 334
163-0-1-0.05-50-0 0 2469 11 28 9 2 0.0504 0.3846 384 311
163-0-1-0.05-50-0 0 2469 27 24 3 5 0.0776 0.1940 149 254
163-0-1-0.05-50-0 0 2470 38 11 2 8 0.6163 0.0504 270 384
163-0-1-0.05-50-0 0 2471 35 39 3 12 0.0354 0.2187 158 309
163-0-1-0.05-50-0 0 2472 15 16 2 5 0.7918 0.2228 149 149
163-0-1-0.05-50-0 0 2473 48 21 12 1 0.1153 0.4184 334 158
163-0-1-0.05-50-0 0 2474 1 42 3 2 0.2520 0.7447 409 106
163-0-1-0.05-50-0 0 2475 11 6 6 2 0.0504 0.4266 384 249
163-0-1-0.05-50-0 0 2476 3 33 2 3 0.4813 0.6893 321 191
163-0-1-0.05-50-0 0 2477 16 11 5 6 0.2228 0.0504 149 384
163-0-1-0.05-50-0 0 2478 39 11 10 5 0.2187 0.0504 309 384
163-0-1-0.05-50-0 0 2479 24 29 5 2 0.1940 0.6728 254 177
163-0-1-0.05-50-0 0 2480 4 50 5 2 0.0723 0.2147 351 147
163-0-1-0.05-50-0 0 2481 15 9 2 3 0.7918 0.6134 149 161
163-0-1-0.05-50-0 0 2482 39 24 10 6 0.2187 0.1940 309 254
163-0-1-0.05-50-0 0 2483 45 39 2 9 0.3816 0.2187 173 309
163-0-1-0.05-50-0 0 2484 39 9 8 3 0.2187 0.6134 309 161
163-0-1-0.05-50-0 0 2485 35 11 1 5 0.0354 0.0504 158 384
163-0-1-0.05-50-0 0 2486 3 37 2 3 0.4813 0.8481 321 127
163-0-1-0.05-50-0 0 2487 29 39 2 8 0.6728 0.2187 177 309
163-0-1-0.05-50-0 0 2488 48 39 20 8 0.1153 0.2187 334 309
163-0-1-0.05-50-0 0 2489 48 24 18 3 0.1153 0.1940 334 254
163-0-1-0.05-50-0 0 2490 37 48 2 20 0.8481 0.1153 127 334
163-0-1-0.05-50-0 0 2491 39 39 6 6 0.2187 0.2187 309 309
163-0-1-0.05-50-0 0 2492 39 3 7 2 0.2187 0.4813 309 321
163-0-1-0.05-50-0 0 2493 21 4 1 8 0.4184 0.0723 158 351
163-0-1-0.05-50-0 0 2494 50 48 2 17 0.2147 0.1153 147 334
163-0-1-0.05-50-0 0 2494 2 5 1 2 0.8198 0.0007 167 226
163-0-1-0.05-50-0 0 2495 31 39 1 9 0.5626 0.2187 252 309
163-0-1-0.05-50-0 0 2495 13 16 7 3 0.8878 0.2228 151 149
163-0-1-0.05-50-0 0 2496 50 19 2 2 0.2147 0.8072 147 134
163-0-1-0.05-50-0 0 2496 48 48 16 16 0.1153 0.1153 334 334
163-0-1-0.05-50-0 0 2497 36 39 2 9 0.8162 0.2187 165 309
163-0-1-0.05-50-0 0 2497 13 21 8 2 0.8878 0.4184 151 158
163-0-1-0.05-50-0 0 2498 19 2 2 1 0.8072 0.8198 134 167
163-0-1-0.05-50-0 0 2498 11 9 5 4 0.0504 0.6134 384 161
163-0-1-0.05-50-0 0 2499 27 13 4 11 0.0776 0.8878 149 151
163-0-1-0.05-50-0 0 2499 42 33 1 7 0.7447 0.6893 106 191
163-0-1-0.05-50-0 0 2500 13 48 9 13 0.8878 0.1153 151 334
163-0-1-0.05-50-0 0 2500 41 38 3 2 0.9621 0.6163 105 270
