165-1-1-0.05-50-0 1 2302 1 1 115 115 0.2520 0.2520 409 409
165-1-1-0.05-50-0 1 2302 14 25 65 112 0.8451 0.9430 105 125
165-1-1-0.05-50-0 1 2302 36 14 108 65 0.8162 0.8451 165 105
165-1-1-0.05-50-0 1 2302 43 49 100 1 0.8316 0.1842 123 136
165-1-1-0.05-50-0 1 2303 36 36 106 106 0.8162 0.8162 165 165
165-1-1-0.05-50-0 1 2303 14 47 64 88 0.8451 0.9293 105 103
165-1-1-0.05-50-0 1 2303 1 8 115 119 0.2520 0.2506 409 303
165-1-1-0.05-50-0 1 2303 2 9 167 2 0.8198 0.6134 167 161
165-1-1-0.05-50-0 1 2303 14 40 64 104 0.8451 0.9739 105 104
165-1-1-0.05-50-0 1 2303 1 1 115 115 0.2520 0.2520 409 409
165-1-1-0.05-50-0 1 2303 36 2 105 167 0.8162 0.8198 165 167
165-1-1-0.05-50-0 1 2303 14 37 64 114 0.8451 0.8481 105 127
165-1-1-0.05-50-0 1 2304 36 2 106 167 0.8162 0.8198 165 167
165-1-1-0.05-50-0 1 2304 36 36 106 106 0.8162 0.8162 165 165
165-1-1-0.05-50-0 1 2304 2 9 166 1 0.8198 0.6134 167 161
165-1-1-0.05-50-0 1 2304 36 37 105 116 0.8162 0.8481 165 127
165-1-1-0.05-50-0 1 2304 1 8 115 120 0.2520 0.2506 409 303
165-1-1-0.05-50-0 1 2304 1 1 115 115 0.2520 0.2520 409 409
165-1-1-0.05-50-0 1 2304 1 8 114 119 0.2520 0.2506 409 303
165-1-1-0.05-50-0 1 2304 36 26 105 141 0.8162 0.8171 165 141
165-1-1-0.05-50-0 1 2305 28 10 3 66 0.3846 0.2533 311 449
165-1-1-0.05-50-0 1 2305 36 26 109 140 0.8162 0.8171 165 141
165-1-1-0.05-50-0 1 2306 1 8 115 113 0.2520 0.2506 409 303
165-1-1-0.05-50-0 1 2306 14 7 65 106 0.8451 0.9267 105 106
165-1-1-0.05-50-0 1 2306 26 28 137 3 0.8171 0.3846 141 311
165-1-1-0.05-50-0 1 2306 28 10 2 67 0.3846 0.2533 311 449
165-1-1-0.05-50-0 1 2306 36 14 114 65 0.8162 0.8451 165 105
165-1-1-0.05-50-0 1 2306 26 28 137 2 0.8171 0.3846 141 311
165-1-1-0.05-50-0 1 2306 1 1 115 115 0.2520 0.2520 409 409
165-1-1-0.05-50-0 1 2306 14 36 64 114 0.8451 0.8162 105 165
165-1-1-0.05-50-0 1 2306 1 10 114 66 0.2520 0.2533 409 449
165-1-1-0.05-50-0 1 2306 36 37 113 115 0.8162 0.8481 165 127
165-1-1-0.05-50-0 1 2307 36 43 114 98 0.8162 0.8316 165 123
165-1-1-0.05-50-0 1 2307 36 37 114 114 0.8162 0.8481 165 127
165-1-1-0.05-50-0 1 2307 1 8 112 117 0.2520 0.2506 409 303
165-1-1-0.05-50-0 1 2307 1 1 112 112 0.2520 0.2520 409 409
165-1-1-0.05-50-0 1 2307 36 2 114 164 0.8162 0.8198 165 167
165-1-1-0.05-50-0 1 2307 14 36 66 114 0.8451 0.8162 105 165
165-1-1-0.05-50-0 1 2307 14 26 66 136 0.8451 0.8171 105 141
165-1-1-0.05-50-0 1 2307 14 41 66 93 0.8451 0.9621 105 105
165-1-1-0.05-50-0 1 2308 1 8 112 116 0.2520 0.2506 409 303
165-1-1-0.05-50-0 1 2308 1 1 112 112 0.2520 0.2520 409 409
165-1-1-0.05-50-0 1 2308 36 37 116 116 0.8162 0.8481 165 127
165-1-1-0.05-50-0 1 2308 36 43 116 99 0.8162 0.8316 165 123
165-1-1-0.05-50-0 1 2308 2 44 158 1 0.8198 0.7034 167 118
165-1-1-0.05-50-0 1 2308 14 13 65 147 0.8451 0.8878 105 151
165-1-1-0.05-50-0 1 2308 14 26 65 136 0.8451 0.8171 105 141
165-1-1-0.05-50-0 1 2309 2 31 157 1 0.8198 0.5626 167 252
165-1-1-0.05-50-0 1 2309 1 8 118 113 0.2520 0.2506 409 303
165-1-1-0.05-50-0 1 2309 1 10 118 67 0.2520 0.2533 409 449
165-1-1-0.05-50-0 1 2309 1 8 118 112 0.2520 0.2506 409 303
165-1-1-0.05-50-0 1 2309 1 1 118 118 0.2520 0.2520 409 409
165-1-1-0.05-50-0 1 2309 36 37 117 114 0.8162 0.8481 165 127
165-1-1-0.05-50-0 1 2309 1 10 117 66 0.2520 0.2533 409 449
165-1-1-0.05-50-0 1 2310 14 43 71 104 0.8451 0.8316 105 123
165-1-1-0.05-50-0 1 2310 1 10 121 67 0.2520 0.2533 409 449
165-1-1-0.05-50-0 1 2310 1 1 121 121 0.2520 0.2520 409 409
165-1-1-0.05-50-0 1 2310 37 12 117 2 0.8481 0.1896 127 325
165-1-1-0.05-50-0 1 2310 28 10 1 66 0.3846 0.2533 311 449
165-1-1-0.05-50-0 1 2310 1 8 120 116 0.2520 0.2506 409 303
165-1-1-0.05-50-0 1 2311 43 12 107 1 0.8316 0.1896 123 325
165-1-1-0.05-50-0 1 2311 1 1 122 122 0.2520 0.2520 409 409
165-1-1-0.05-50-0 1 2311 14 26 74 141 0.8451 0.8171 105 141
165-1-1-0.05-50-0 1 2311 1 10 121 61 0.2520 0.2533 409 449
165-1-1-0.05-50-0 1 2311 14 25 74 109 0.8451 0.9430 105 125
165-1-1-0.05-50-0 1 2311 1 1 121 121 0.2520 0.2520 409 409
165-1-1-0.05-50-0 1 2311 1 1 120 120 0.2520 0.2520 409 409
165-1-1-0.05-50-0 1 2311 1 1 119 119 0.2520 0.2520 409 409
165-1-1-0.05-50-0 1 2311 36 26 122 140 0.8162 0.8171 165 141
165-1-1-0.05-50-0 1 2312 36 37 126 122 0.8162 0.8481 165 127
165-1-1-0.05-50-0 1 2312 14 25 72 114 0.8451 0.9430 105 125
165-1-1-0.05-50-0 1 2312 1 8 121 115 0.2520 0.2506 409 303
165-1-1-0.05-50-0 1 2312 36 36 126 126 0.8162 0.8162 165 165
165-1-1-0.05-50-0 1 2312 36 26 125 141 0.8162 0.8171 165 141
165-1-1-0.05-50-0 1 2313 1 10 121 59 0.2520 0.2533 409 449
165-1-1-0.05-50-0 1 2313 14 37 69 123 0.8451 0.8481 105 127
165-1-1-0.05-50-0 1 2313 1 8 121 111 0.2520 0.2506 409 303
165-1-1-0.05-50-0 1 2313 36 36 125 125 0.8162 0.8162 165 165
165-1-1-0.05-50-0 1 2313 40 42 104 1 0.9739 0.7447 104 106
165-1-1-0.05-50-0 1 2313 14 7 69 95 0.8451 0.9267 105 106
165-1-1-0.05-50-0 1 2314 41 22 90 2 0.9621 0.0160 105 311
165-1-1-0.05-50-0 1 2314 1 8 122 114 0.2520 0.2506 409 303
165-1-1-0.05-50-0 1 2314 36 14 126 69 0.8162 0.8451 165 105
165-1-1-0.05-50-0 1 2314 36 36 126 126 0.8162 0.8162 165 165
165-1-1-0.05-50-0 1 2314 14 37 68 123 0.8451 0.8481 105 127
165-1-1-0.05-50-0 1 2314 41 22 90 1 0.9621 0.0160 105 311
165-1-1-0.05-50-0 1 2314 36 36 125 125 0.8162 0.8162 165 165
165-1-1-0.05-50-0 1 2315 1 8 127 113 0.2520 0.2506 409 303
165-1-1-0.05-50-0 1 2315 36 36 125 125 0.8162 0.8162 165 165
165-1-1-0.05-50-0 1 2315 1 8 127 112 0.2520 0.2506 409 303
165-1-1-0.05-50-0 1 2315 36 26 124 141 0.8162 0.8171 165 141
165-1-1-0.05-50-0 1 2315 1 1 127 127 0.2520 0.2520 409 409
165-1-1-0.05-50-0 1 2315 1 1 126 126 0.2520 0.2520 409 409
165-1-1-0.05-50-0 1 2315 14 37 68 127 0.8451 0.8481 105 127
165-1-1-0.05-50-0 1 2315 1 1 125 125 0.2520 0.2520 409 409
165-1-1-0.05-50-0 1 2316 1 1 125 125 0.2520 0.2520 409 409
165-1-1-0.05-50-0 1 2316 36 43 128 106 0.8162 0.8316 165 123
165-1-1-0.05-50-0 1 2316 36 14 128 70 0.8162 0.8451 165 105
165-1-1-0.05-50-0 1 2316 14 26 69 141 0.8451 0.8171 105 141
165-1-1-0.05-50-0 1 2316 14 40 69 97 0.8451 0.9739 105 104
165-1-1-0.05-50-0 1 2316 36 14 128 69 0.8162 0.8451 165 105
165-1-1-0.05-50-0 1 2316 41 4 91 2 0.9621 0.0723 105 351
165-1-1-0.05-50-0 1 2316 36 2 128 154 0.8162 0.8198 165 167
165-1-1-0.05-50-0 1 2317 36 36 125 125 0.8162 0.8162 165 165
165-1-1-0.05-50-0 1 2317 1 8 124 110 0.2520 0.2506 409 303
165-1-1-0.05-50-0 1 2317 1 1 124 124 0.2520 0.2520 409 409
165-1-1-0.05-50-0 1 2317 1 8 123 109 0.2520 0.2506 409 303
165-1-1-0.05-50-0 1 2317 1 8 123 108 0.2520 0.2506 409 303
165-1-1-0.05-50-0 1 2318 14 41 64 99 0.8451 0.9621 105 105
165-1-1-0.05-50-0 1 2318 1 10 127 59 0.2520 0.2533 409 449
165-1-1-0.05-50-0 1 2318 36 2 126 149 0.8162 0.8198 165 167
165-1-1-0.05-50-0 1 2318 36 43 126 107 0.8162 0.8316 165 123
165-1-1-0.05-50-0 1 2318 36 37 126 127 0.8162 0.8481 165 127
165-1-1-0.05-50-0 1 2318 1 10 127 58 0.2520 0.2533 409 449
165-1-1-0.05-50-0 1 2319 1 1 129 129 0.2520 0.2520 409 409
165-1-1-0.05-50-0 1 2319 36 2 123 152 0.8162 0.8198 165 167
165-1-1-0.05-50-0 1 2319 36 36 123 123 0.8162 0.8162 165 165
165-1-1-0.05-50-0 1 2319 41 4 101 1 0.9621 0.0723 105 351
165-1-1-0.05-50-0 1 2319 1 10 128 57 0.2520 0.2533 409 449
165-1-1-0.05-50-0 1 2319 1 1 128 128 0.2520 0.2520 409 409
165-1-1-0.05-50-0 1 2319 36 2 122 151 0.8162 0.8198 165 167
165-1-1-0.05-50-0 1 2319 1 1 127 127 0.2520 0.2520 409 409
165-1-1-0.05-50-0 1 2319 40 33 97 1 0.9739 0.6893 104 191
165-1-1-0.05-50-0 1 2320 36 2 126 154 0.8162 0.8198 165 167
165-1-1-0.05-50-0 1 2320 36 26 126 141 0.8162 0.8171 165 141
165-1-1-0.05-50-0 1 2320 1 1 127 127 0.2520 0.2520 409 409
165-1-1-0.05-50-0 1 2320 36 37 126 126 0.8162 0.8481 165 127
165-1-1-0.05-50-0 1 2320 36 2 126 153 0.8162 0.8198 165 167
165-1-1-0.05-50-0 1 2320 1 10 126 56 0.2520 0.2533 409 449
165-1-1-0.05-50-0 1 2320 1 8 126 102 0.2520 0.2506 409 303
165-1-1-0.05-50-0 1 2321 1 1 126 126 0.2520 0.2520 409 409
165-1-1-0.05-50-0 1 2321 1 8 125 104 0.2520 0.2506 409 303
165-1-1-0.05-50-0 1 2321 1 10 125 55 0.2520 0.2533 409 449
165-1-1-0.05-50-0 1 2321 36 36 125 125 0.8162 0.8162 165 165
165-1-1-0.05-50-0 1 2321 36 37 124 127 0.8162 0.8481 165 127
165-1-1-0.05-50-0 1 2321 36 37 124 126 0.8162 0.8481 165 127
165-1-1-0.05-50-0 1 2322 1 1 124 124 0.2520 0.2520 409 409
165-1-1-0.05-50-0 1 2322 1 1 123 123 0.2520 0.2520 409 409
165-1-1-0.05-50-0 1 2322 1 1 122 122 0.2520 0.2520 409 409
165-1-1-0.05-50-0 1 2322 1 10 121 53 0.2520 0.2533 409 449
165-1-1-0.05-50-0 1 2322 1 8 121 103 0.2520 0.2506 409 303
165-1-1-0.05-50-0 1 2322 1 1 121 121 0.2520 0.2520 409 409
165-1-1-0.05-50-0 1 2322 36 43 128 116 0.8162 0.8316 165 123
165-1-1-0.05-50-0 1 2323 1 8 123 102 0.2520 0.2506 409 303
165-1-1-0.05-50-0 1 2323 36 43 132 115 0.8162 0.8316 165 123
165-1-1-0.05-50-0 1 2323 1 1 123 123 0.2520 0.2520 409 409
165-1-1-0.05-50-0 1 2323 36 36 132 132 0.8162 0.8162 165 165
165-1-1-0.05-50-0 1 2323 36 37 131 123 0.8162 0.8481 165 127
165-1-1-0.05-50-0 1 2323 1 1 122 122 0.2520 0.2520 409 409
165-1-1-0.05-50-0 1 2323 1 8 121 101 0.2520 0.2506 409 303
165-1-1-0.05-50-0 1 2324 36 37 133 121 0.8162 0.8481 165 127
165-1-1-0.05-50-0 1 2324 40 15 101 2 0.9739 0.7918 104 149
165-1-1-0.05-50-0 1 2324 1 10 124 56 0.2520 0.2533 409 449
165-1-1-0.05-50-0 1 2324 14 37 62 120 0.8451 0.8481 105 127
165-1-1-0.05-50-0 1 2325 1 8 125 99 0.2520 0.2506 409 303
165-1-1-0.05-50-0 1 2325 36 43 137 116 0.8162 0.8316 165 123
165-1-1-0.05-50-0 1 2325 14 47 59 98 0.8451 0.9293 105 103
165-1-1-0.05-50-0 1 2325 36 14 137 59 0.8162 0.8451 165 105
165-1-1-0.05-50-0 1 2325 36 26 137 137 0.8162 0.8171 165 141
165-1-1-0.05-50-0 1 2325 40 28 100 1 0.9739 0.3846 104 311
165-1-1-0.05-50-0 1 2325 36 43 137 115 0.8162 0.8316 165 123
165-1-1-0.05-50-0 1 2325 36 37 137 116 0.8162 0.8481 165 127
165-1-1-0.05-50-0 1 2325 41 4 102 2 0.9621 0.0723 105 351
165-1-1-0.05-50-0 1 2325 1 1 125 125 0.2520 0.2520 409 409
165-1-1-0.05-50-0 1 2326 1 8 124 100 0.2520 0.2506 409 303
165-1-1-0.05-50-0 1 2326 14 36 60 133 0.8451 0.8162 105 165
165-1-1-0.05-50-0 1 2326 36 26 132 141 0.8162 0.8171 165 141
165-1-1-0.05-50-0 1 2326 36 37 132 117 0.8162 0.8481 165 127
165-1-1-0.05-50-0 1 2326 1 1 124 124 0.2520 0.2520 409 409
165-1-1-0.05-50-0 1 2326 1 1 123 123 0.2520 0.2520 409 409
165-1-1-0.05-50-0 1 2326 14 43 60 111 0.8451 0.8316 105 123
165-1-1-0.05-50-0 1 2326 36 36 132 132 0.8162 0.8162 165 165
165-1-1-0.05-50-0 1 2326 14 43 60 110 0.8451 0.8316 105 123
165-1-1-0.05-50-0 1 2327 1 8 122 104 0.2520 0.2506 409 303
165-1-1-0.05-50-0 1 2327 36 26 131 140 0.8162 0.8171 165 141
165-1-1-0.05-50-0 1 2327 36 2 131 166 0.8162 0.8198 165 167
165-1-1-0.05-50-0 1 2327 36 2 131 165 0.8162 0.8198 165 167
165-1-1-0.05-50-0 1 2327 36 26 131 139 0.8162 0.8171 165 141
165-1-1-0.05-50-0 1 2327 1 10 122 56 0.2520 0.2533 409 449
165-1-1-0.05-50-0 1 2327 1 1 122 122 0.2520 0.2520 409 409
165-1-1-0.05-50-0 1 2327 1 1 121 121 0.2520 0.2520 409 409
165-1-1-0.05-50-0 1 2327 36 2 131 164 0.8162 0.8198 165 167
165-1-1-0.05-50-0 1 2327 1 1 120 120 0.2520 0.2520 409 409
165-1-1-0.05-50-0 1 2327 1 1 119 119 0.2520 0.2520 409 409
165-1-1-0.05-50-0 1 2327 1 1 118 118 0.2520 0.2520 409 409
165-1-1-0.05-50-0 1 2328 1 8 121 102 0.2520 0.2506 409 303
165-1-1-0.05-50-0 1 2328 14 37 65 110 0.8451 0.8481 105 127
165-1-1-0.05-50-0 1 2328 1 8 121 101 0.2520 0.2506 409 303
165-1-1-0.05-50-0 1 2328 36 26 133 138 0.8162 0.8171 165 141
165-1-1-0.05-50-0 1 2328 36 36 133 133 0.8162 0.8162 165 165
165-1-1-0.05-50-0 1 2328 36 2 132 167 0.8162 0.8198 165 167
165-1-1-0.05-50-0 1 2328 36 26 132 137 0.8162 0.8171 165 141
165-1-1-0.05-50-0 1 2328 36 43 132 110 0.8162 0.8316 165 123
165-1-1-0.05-50-0 1 2329 36 14 131 67 0.8162 0.8451 165 105
165-1-1-0.05-50-0 1 2329 36 26 131 139 0.8162 0.8171 165 141
165-1-1-0.05-50-0 1 2329 2 3 167 1 0.8198 0.4813 167 321
165-1-1-0.05-50-0 1 2329 14 2 66 167 0.8451 0.8198 105 167
165-1-1-0.05-50-0 1 2329 1 10 125 62 0.2520 0.2533 409 449
165-1-1-0.05-50-0 1 2329 36 2 131 166 0.8162 0.8198 165 167
165-1-1-0.05-50-0 1 2329 14 25 66 125 0.8451 0.9430 105 125
165-1-1-0.05-50-0 1 2329 36 2 131 165 0.8162 0.8198 165 167
165-1-1-0.05-50-0 1 2330 36 26 134 139 0.8162 0.8171 165 141
165-1-1-0.05-50-0 1 2330 1 1 131 131 0.2520 0.2520 409 409
165-1-1-0.05-50-0 1 2330 36 26 134 138 0.8162 0.8171 165 141
165-1-1-0.05-50-0 1 2330 36 36 134 134 0.8162 0.8162 165 165
165-1-1-0.05-50-0 1 2330 14 37 66 117 0.8451 0.8481 105 127
165-1-1-0.05-50-0 1 2330 36 37 133 116 0.8162 0.8481 165 127
165-1-1-0.05-50-0 1 2331 36 14 137 65 0.8162 0.8451 165 105
165-1-1-0.05-50-0 1 2331 36 36 137 137 0.8162 0.8162 165 165
165-1-1-0.05-50-0 1 2331 36 2 136 167 0.8162 0.8198 165 167
165-1-1-0.05-50-0 1 2331 28 10 1 62 0.3846 0.2533 311 449
165-1-1-0.05-50-0 1 2331 1 1 130 130 0.2520 0.2520 409 409
165-1-1-0.05-50-0 1 2331 1 1 129 129 0.2520 0.2520 409 409
165-1-1-0.05-50-0 1 2332 1 1 133 133 0.2520 0.2520 409 409
165-1-1-0.05-50-0 1 2332 36 37 139 112 0.8162 0.8481 165 127
165-1-1-0.05-50-0 1 2332 1 10 132 64 0.2520 0.2533 409 449
165-1-1-0.05-50-0 1 2332 37 16 111 1 0.8481 0.2228 127 149
165-1-1-0.05-50-0 1 2332 1 1 132 132 0.2520 0.2520 409 409
165-1-1-0.05-50-0 1 2332 36 2 139 167 0.8162 0.8198 165 167
165-1-1-0.05-50-0 1 2332 1 1 131 131 0.2520 0.2520 409 409
165-1-1-0.05-50-0 1 2332 36 36 139 139 0.8162 0.8162 165 165
165-1-1-0.05-50-0 1 2333 41 4 100 1 0.9621 0.0723 105 351
165-1-1-0.05-50-0 1 2333 36 37 140 109 0.8162 0.8481 165 127
165-1-1-0.05-50-0 1 2333 1 1 131 131 0.2520 0.2520 409 409
165-1-1-0.05-50-0 1 2333 36 26 140 136 0.8162 0.8171 165 141
165-1-1-0.05-50-0 1 2333 14 41 67 100 0.8451 0.9621 105 105
165-1-1-0.05-50-0 1 2333 1 8 130 115 0.2520 0.2506 409 303
165-1-1-0.05-50-0 1 2333 26 6 135 2 0.8171 0.4266 141 249
165-1-1-0.05-50-0 1 2334 40 15 103 1 0.9739 0.7918 104 149
165-1-1-0.05-50-0 1 2334 1 1 131 131 0.2520 0.2520 409 409
165-1-1-0.05-50-0 1 2334 36 2 135 167 0.8162 0.8198 165 167
165-1-1-0.05-50-0 1 2334 14 26 71 137 0.8451 0.8171 105 141
165-1-1-0.05-50-0 1 2334 1 8 130 119 0.2520 0.2506 409 303
165-1-1-0.05-50-0 1 2334 37 39 111 3 0.8481 0.2187 127 309
165-1-1-0.05-50-0 1 2334 26 46 136 1 0.8171 0.3451 141 327
165-1-1-0.05-50-0 1 2334 36 36 135 135 0.8162 0.8162 165 165
165-1-1-0.05-50-0 1 2334 36 36 134 134 0.8162 0.8162 165 165
165-1-1-0.05-50-0 1 2334 1 10 130 64 0.2520 0.2533 409 449
165-1-1-0.05-50-0 1 2334 1 1 130 130 0.2520 0.2520 409 409
165-1-1-0.05-50-0 1 2334 2 6 166 1 0.8198 0.4266 167 249
165-1-1-0.05-50-0 1 2335 14 47 73 95 0.8451 0.9293 105 103
165-1-1-0.05-50-0 1 2335 1 1 131 131 0.2520 0.2520 409 409
165-1-1-0.05-50-0 1 2335 1 8 130 118 0.2520 0.2506 409 303
165-1-1-0.05-50-0 1 2336 14 43 74 116 0.8451 0.8316 105 123
165-1-1-0.05-50-0 1 2336 36 37 130 107 0.8162 0.8481 165 127
165-1-1-0.05-50-0 1 2336 14 13 74 151 0.8451 0.8878 105 151
165-1-1-0.05-50-0 1 2336 36 37 130 106 0.8162 0.8481 165 127
165-1-1-0.05-50-0 1 2336 14 7 74 100 0.8451 0.9267 105 106
165-1-1-0.05-50-0 1 2336 14 13 74 150 0.8451 0.8878 105 151
165-1-1-0.05-50-0 1 2336 36 37 130 105 0.8162 0.8481 165 127
165-1-1-0.05-50-0 1 2336 14 26 74 135 0.8451 0.8171 105 141
165-1-1-0.05-50-0 1 2337 14 43 77 118 0.8451 0.8316 105 123
165-1-1-0.05-50-0 1 2337 26 28 134 1 0.8171 0.3846 141 311
165-1-1-0.05-50-0 1 2337 36 2 133 164 0.8162 0.8198 165 167
165-1-1-0.05-50-0 1 2337 1 8 129 111 0.2520 0.2506 409 303
165-1-1-0.05-50-0 1 2338 36 14 136 77 0.8162 0.8451 165 105
165-1-1-0.05-50-0 1 2338 14 13 76 148 0.8451 0.8878 105 151
165-1-1-0.05-50-0 1 2338 1 10 131 70 0.2520 0.2533 409 449
165-1-1-0.05-50-0 1 2338 36 2 136 166 0.8162 0.8198 165 167
165-1-1-0.05-50-0 1 2338 36 43 136 120 0.8162 0.8316 165 123
165-1-1-0.05-50-0 1 2338 36 2 136 165 0.8162 0.8198 165 167
165-1-1-0.05-50-0 1 2338 14 14 76 76 0.8451 0.8451 105 105
165-1-1-0.05-50-0 1 2339 36 36 137 137 0.8162 0.8162 165 165
165-1-1-0.05-50-0 1 2339 14 25 71 124 0.8451 0.9430 105 125
165-1-1-0.05-50-0 1 2339 14 47 71 94 0.8451 0.9293 105 103
165-1-1-0.05-50-0 1 2339 1 1 129 129 0.2520 0.2520 409 409
165-1-1-0.05-50-0 1 2339 14 36 71 136 0.8451 0.8162 105 165
165-1-1-0.05-50-0 1 2339 14 43 71 117 0.8451 0.8316 105 123
165-1-1-0.05-50-0 1 2339 36 2 135 167 0.8162 0.8198 165 167
165-1-1-0.05-50-0 1 2339 1 8 128 112 0.2520 0.2506 409 303
165-1-1-0.05-50-0 1 2340 1 1 135 135 0.2520 0.2520 409 409
165-1-1-0.05-50-0 1 2340 1 1 134 134 0.2520 0.2520 409 409
165-1-1-0.05-50-0 1 2340 1 1 133 133 0.2520 0.2520 409 409
165-1-1-0.05-50-0 1 2340 36 26 134 127 0.8162 0.8171 165 141
165-1-1-0.05-50-0 1 2340 14 36 73 134 0.8451 0.8162 105 165
165-1-1-0.05-50-0 1 2340 1 10 132 66 0.2520 0.2533 409 449
165-1-1-0.05-50-0 1 2340 36 14 133 73 0.8162 0.8451 165 105
165-1-1-0.05-50-0 1 2341 1 10 134 62 0.2520 0.2533 409 449
165-1-1-0.05-50-0 1 2341 14 41 71 100 0.8451 0.9621 105 105
165-1-1-0.05-50-0 1 2341 1 10 134 61 0.2520 0.2533 409 449
165-1-1-0.05-50-0 1 2341 36 2 137 167 0.8162 0.8198 165 167
165-1-1-0.05-50-0 1 2341 36 2 137 166 0.8162 0.8198 165 167
165-1-1-0.05-50-0 1 2341 36 36 137 137 0.8162 0.8162 165 165
165-1-1-0.05-50-0 1 2342 1 8 136 110 0.2520 0.2506 409 303
165-1-1-0.05-50-0 1 2342 14 14 68 68 0.8451 0.8451 105 105
165-1-1-0.05-50-0 1 2342 36 36 137 137 0.8162 0.8162 165 165
165-1-1-0.05-50-0 1 2342 2 17 163 1 0.8198 0.6398 167 197
165-1-1-0.05-50-0 1 2342 36 2 136 163 0.8162 0.8198 165 167
165-1-1-0.05-50-0 1 2342 36 36 136 136 0.8162 0.8162 165 165
165-1-1-0.05-50-0 1 2342 36 26 135 130 0.8162 0.8171 165 141
165-1-1-0.05-50-0 1 2343 36 2 137 166 0.8162 0.8198 165 167
165-1-1-0.05-50-0 1 2343 1 1 137 137 0.2520 0.2520 409 409
165-1-1-0.05-50-0 1 2343 14 26 67 130 0.8451 0.8171 105 141
165-1-1-0.05-50-0 1 2343 14 47 67 93 0.8451 0.9293 105 103
165-1-1-0.05-50-0 1 2343 36 26 137 129 0.8162 0.8171 165 141
165-1-1-0.05-50-0 1 2343 36 36 137 137 0.8162 0.8162 165 165
165-1-1-0.05-50-0 1 2343 1 8 136 109 0.2520 0.2506 409 303
165-1-1-0.05-50-0 1 2343 1 1 136 136 0.2520 0.2520 409 409
165-1-1-0.05-50-0 1 2344 1 1 136 136 0.2520 0.2520 409 409
165-1-1-0.05-50-0 1 2344 36 2 134 161 0.8162 0.8198 165 167
165-1-1-0.05-50-0 1 2344 14 13 69 151 0.8451 0.8878 105 151
165-1-1-0.05-50-0 1 2344 36 26 134 129 0.8162 0.8171 165 141
165-1-1-0.05-50-0 1 2344 26 28 128 1 0.8171 0.3846 141 311
165-1-1-0.05-50-0 1 2344 36 14 134 69 0.8162 0.8451 165 105
165-1-1-0.05-50-0 1 2344 1 1 135 135 0.2520 0.2520 409 409
165-1-1-0.05-50-0 1 2344 36 37 134 124 0.8162 0.8481 165 127
165-1-1-0.05-50-0 1 2344 14 25 68 124 0.8451 0.9430 105 125
165-1-1-0.05-50-0 1 2345 1 10 136 63 0.2520 0.2533 409 449
165-1-1-0.05-50-0 1 2345 36 26 136 126 0.8162 0.8171 165 141
165-1-1-0.05-50-0 1 2345 36 2 136 163 0.8162 0.8198 165 167
165-1-1-0.05-50-0 1 2345 1 8 136 115 0.2520 0.2506 409 303
165-1-1-0.05-50-0 1 2345 14 40 71 84 0.8451 0.9739 105 104
165-1-1-0.05-50-0 1 2345 1 8 136 114 0.2520 0.2506 409 303
165-1-1-0.05-50-0 1 2345 1 1 136 136 0.2520 0.2520 409 409
165-1-1-0.05-50-0 1 2345 1 1 135 135 0.2520 0.2520 409 409
165-1-1-0.05-50-0 1 2345 1 1 134 134 0.2520 0.2520 409 409
165-1-1-0.05-50-0 1 2345 14 13 71 149 0.8451 0.8878 105 151
165-1-1-0.05-50-0 1 2346 1 8 130 119 0.2520 0.2506 409 303
165-1-1-0.05-50-0 1 2346 1 1 130 130 0.2520 0.2520 409 409
165-1-1-0.05-50-0 1 2346 36 37 134 127 0.8162 0.8481 165 127
165-1-1-0.05-50-0 1 2346 1 1 129 129 0.2520 0.2520 409 409
165-1-1-0.05-50-0 1 2346 14 40 74 83 0.8451 0.9739 105 104
165-1-1-0.05-50-0 1 2346 36 2 134 166 0.8162 0.8198 165 167
165-1-1-0.05-50-0 1 2346 36 36 134 134 0.8162 0.8162 165 165
165-1-1-0.05-50-0 1 2346 36 37 133 126 0.8162 0.8481 165 127
165-1-1-0.05-50-0 1 2346 1 1 128 128 0.2520 0.2520 409 409
165-1-1-0.05-50-0 1 2347 1 8 131 119 0.2520 0.2506 409 303
165-1-1-0.05-50-0 1 2347 1 1 131 131 0.2520 0.2520 409 409
165-1-1-0.05-50-0 1 2347 7 3 104 1 0.9267 0.4813 106 321
165-1-1-0.05-50-0 1 2347 36 36 136 136 0.8162 0.8162 165 165
165-1-1-0.05-50-0 1 2347 1 10 130 59 0.2520 0.2533 409 449
165-1-1-0.05-50-0 1 2347 14 37 73 123 0.8451 0.8481 105 127
165-1-1-0.05-50-0 1 2347 14 25 73 115 0.8451 0.9430 105 125
165-1-1-0.05-50-0 1 2347 1 1 130 130 0.2520 0.2520 409 409
165-1-1-0.05-50-0 1 2347 36 36 135 135 0.8162 0.8162 165 165
165-1-1-0.05-50-0 1 2348 36 37 138 125 0.8162 0.8481 165 127
165-1-1-0.05-50-0 1 2348 14 25 76 116 0.8451 0.9430 105 125
165-1-1-0.05-50-0 1 2348 1 8 127 120 0.2520 0.2506 409 303
165-1-1-0.05-50-0 1 2348 36 36 138 138 0.8162 0.8162 165 165
165-1-1-0.05-50-0 1 2348 14 37 76 124 0.8451 0.8481 105 127
165-1-1-0.05-50-0 1 2348 36 37 137 123 0.8162 0.8481 165 127
165-1-1-0.05-50-0 1 2348 36 36 137 137 0.8162 0.8162 165 165
165-1-1-0.05-50-0 1 2348 1 8 127 119 0.2520 0.2506 409 303
165-1-1-0.05-50-0 1 2349 1 1 129 129 0.2520 0.2520 409 409
165-1-1-0.05-50-0 1 2349 36 37 137 123 0.8162 0.8481 165 127
165-1-1-0.05-50-0 1 2349 1 1 128 128 0.2520 0.2520 409 409
165-1-1-0.05-50-0 1 2349 36 37 137 122 0.8162 0.8481 165 127
165-1-1-0.05-50-0 1 2349 36 2 137 167 0.8162 0.8198 165 167
165-1-1-0.05-50-0 1 2349 36 2 137 166 0.8162 0.8198 165 167
165-1-1-0.05-50-0 1 2349 14 26 78 130 0.8451 0.8171 105 141
165-1-1-0.05-50-0 1 2349 36 37 137 121 0.8162 0.8481 165 127
165-1-1-0.05-50-0 1 2350 1 1 132 132 0.2520 0.2520 409 409
165-1-1-0.05-50-0 1 2350 36 36 138 138 0.8162 0.8162 165 165
165-1-1-0.05-50-0 1 2350 37 48 127 1 0.8481 0.1153 127 334
165-1-1-0.05-50-0 1 2350 36 26 137 131 0.8162 0.8171 165 141
165-1-1-0.05-50-0 1 2350 1 10 131 55 0.2520 0.2533 409 449
165-1-1-0.05-50-0 1 2350 36 2 137 167 0.8162 0.8198 165 167
165-1-1-0.05-50-0 1 2351 1 1 133 133 0.2520 0.2520 409 409
165-1-1-0.05-50-0 1 2351 36 43 136 115 0.8162 0.8316 165 123
165-1-1-0.05-50-0 1 2351 1 8 132 118 0.2520 0.2506 409 303
165-1-1-0.05-50-0 1 2351 1 1 132 132 0.2520 0.2520 409 409
165-1-1-0.05-50-0 1 2351 14 26 81 130 0.8451 0.8171 105 141
165-1-1-0.05-50-0 1 2351 1 8 131 117 0.2520 0.2506 409 303
165-1-1-0.05-50-0 1 2351 1 1 131 131 0.2520 0.2520 409 409
165-1-1-0.05-50-0 1 2351 36 26 136 129 0.8162 0.8171 165 141
165-1-1-0.05-50-0 1 2351 36 14 136 81 0.8162 0.8451 165 105
165-1-1-0.05-50-0 1 2352 37 23 127 1 0.8481 0.1698 127 476
165-1-1-0.05-50-0 1 2352 36 43 135 122 0.8162 0.8316 165 123
165-1-1-0.05-50-0 1 2352 1 1 129 129 0.2520 0.2520 409 409
165-1-1-0.05-50-0 1 2352 36 36 135 135 0.8162 0.8162 165 165
165-1-1-0.05-50-0 1 2352 36 36 134 134 0.8162 0.8162 165 165
165-1-1-0.05-50-0 1 2352 36 36 133 133 0.8162 0.8162 165 165
165-1-1-0.05-50-0 1 2353 1 10 128 54 0.2520 0.2533 409 449
165-1-1-0.05-50-0 1 2353 1 10 128 53 0.2520 0.2533 409 449
165-1-1-0.05-50-0 1 2353 14 7 84 105 0.8451 0.9267 105 106
165-1-1-0.05-50-0 1 2353 1 1 128 128 0.2520 0.2520 409 409
165-1-1-0.05-50-0 1 2353 36 26 127 128 0.8162 0.8171 165 141
165-1-1-0.05-50-0 1 2353 14 41 84 105 0.8451 0.9621 105 105
165-1-1-0.05-50-0 1 2353 2 21 163 1 0.8198 0.4184 167 158
165-1-1-0.05-50-0 1 2354 14 37 85 124 0.8451 0.8481 105 127
165-1-1-0.05-50-0 1 2354 36 26 128 126 0.8162 0.8171 165 141
165-1-1-0.05-50-0 1 2354 36 43 128 121 0.8162 0.8316 165 123
165-1-1-0.05-50-0 1 2354 14 37 85 123 0.8451 0.8481 105 127
165-1-1-0.05-50-0 1 2354 36 36 128 128 0.8162 0.8162 165 165
165-1-1-0.05-50-0 1 2354 36 2 127 163 0.8162 0.8198 165 167
165-1-1-0.05-50-0 1 2354 14 26 85 125 0.8451 0.8171 105 141
165-1-1-0.05-50-0 1 2354 37 16 122 1 0.8481 0.2228 127 149
165-1-1-0.05-50-0 1 2354 36 26 127 124 0.8162 0.8171 165 141
165-1-1-0.05-50-0 1 2355 1 1 130 130 0.2520 0.2520 409 409
165-1-1-0.05-50-0 1 2355 14 13 87 148 0.8451 0.8878 105 151
165-1-1-0.05-50-0 1 2355 1 8 129 117 0.2520 0.2506 409 303
165-1-1-0.05-50-0 1 2356 1 1 135 135 0.2520 0.2520 409 409
165-1-1-0.05-50-0 1 2356 1 8 134 118 0.2520 0.2506 409 303
165-1-1-0.05-50-0 1 2356 14 37 88 122 0.8451 0.8481 105 127
165-1-1-0.05-50-0 1 2356 1 8 134 117 0.2520 0.2506 409 303
165-1-1-0.05-50-0 1 2356 1 1 134 134 0.2520 0.2520 409 409
165-1-1-0.05-50-0 1 2356 1 1 133 133 0.2520 0.2520 409 409
165-1-1-0.05-50-0 1 2356 1 1 132 132 0.2520 0.2520 409 409
165-1-1-0.05-50-0 1 2356 36 14 130 88 0.8162 0.8451 165 105
165-1-1-0.05-50-0 1 2357 1 1 130 130 0.2520 0.2520 409 409
165-1-1-0.05-50-0 1 2357 1 1 129 129 0.2520 0.2520 409 409
165-1-1-0.05-50-0 1 2357 10 27 57 4 0.2533 0.0776 449 149
165-1-1-0.05-50-0 1 2357 14 40 93 93 0.8451 0.9739 105 104
165-1-1-0.05-50-0 1 2357 36 26 131 123 0.8162 0.8171 165 141
165-1-1-0.05-50-0 1 2357 14 40 93 92 0.8451 0.9739 105 104
165-1-1-0.05-50-0 1 2357 36 36 131 131 0.8162 0.8162 165 165
165-1-1-0.05-50-0 1 2358 1 8 127 116 0.2520 0.2506 409 303
165-1-1-0.05-50-0 1 2358 14 47 93 101 0.8451 0.9293 105 103
165-1-1-0.05-50-0 1 2358 41 35 105 1 0.9621 0.0354 105 158
165-1-1-0.05-50-0 1 2358 36 36 131 131 0.8162 0.8162 165 165
165-1-1-0.05-50-0 1 2358 14 13 93 141 0.8451 0.8878 105 151
165-1-1-0.05-50-0 1 2358 41 4 105 1 0.9621 0.0723 105 351
165-1-1-0.05-50-0 1 2358 1 1 127 127 0.2520 0.2520 409 409
165-1-1-0.05-50-0 1 2358 1 10 126 58 0.2520 0.2533 409 449
165-1-1-0.05-50-0 1 2358 1 8 126 115 0.2520 0.2506 409 303
165-1-1-0.05-50-0 1 2358 36 14 130 93 0.8162 0.8451 165 105
165-1-1-0.05-50-0 1 2358 36 14 130 92 0.8162 0.8451 165 105
165-1-1-0.05-50-0 1 2359 1 1 126 126 0.2520 0.2520 409 409
165-1-1-0.05-50-0 1 2359 14 13 89 144 0.8451 0.8878 105 151
165-1-1-0.05-50-0 1 2359 14 43 89 123 0.8451 0.8316 105 123
165-1-1-0.05-50-0 1 2359 1 8 125 116 0.2520 0.2506 409 303
165-1-1-0.05-50-0 1 2359 1 8 125 115 0.2520 0.2506 409 303
165-1-1-0.05-50-0 1 2360 40 29 100 1 0.9739 0.6728 104 177
165-1-1-0.05-50-0 1 2360 14 2 89 164 0.8451 0.8198 105 167
165-1-1-0.05-50-0 1 2360 36 36 133 133 0.8162 0.8162 165 165
165-1-1-0.05-50-0 1 2360 14 40 89 100 0.8451 0.9739 105 104
165-1-1-0.05-50-0 1 2360 14 25 89 118 0.8451 0.9430 105 125
165-1-1-0.05-50-0 1 2360 36 43 132 123 0.8162 0.8316 165 123
165-1-1-0.05-50-0 1 2361 2 17 166 1 0.8198 0.6398 167 197
165-1-1-0.05-50-0 1 2361 1 8 121 117 0.2520 0.2506 409 303
165-1-1-0.05-50-0 1 2361 25 35 122 2 0.9430 0.0354 125 158
165-1-1-0.05-50-0 1 2361 14 13 91 139 0.8451 0.8878 105 151
165-1-1-0.05-50-0 1 2361 14 2 91 166 0.8451 0.8198 105 167
165-1-1-0.05-50-0 1 2361 10 27 66 3 0.2533 0.0776 449 149
165-1-1-0.05-50-0 1 2361 14 25 91 122 0.8451 0.9430 105 125
165-1-1-0.05-50-0 1 2362 36 26 135 122 0.8162 0.8171 165 141
165-1-1-0.05-50-0 1 2362 36 26 135 121 0.8162 0.8171 165 141
165-1-1-0.05-50-0 1 2362 2 38 167 2 0.8198 0.6163 167 270
165-1-1-0.05-50-0 1 2362 14 41 91 101 0.8451 0.9621 105 105
165-1-1-0.05-50-0 1 2362 25 35 120 1 0.9430 0.0354 125 158
165-1-1-0.05-50-0 1 2362 1 1 124 124 0.2520 0.2520 409 409
165-1-1-0.05-50-0 1 2362 1 10 123 67 0.2520 0.2533 409 449
165-1-1-0.05-50-0 1 2362 1 8 123 117 0.2520 0.2506 409 303
165-1-1-0.05-50-0 1 2362 41 4 100 1 0.9621 0.0723 105 351
165-1-1-0.05-50-0 1 2362 1 8 123 116 0.2520 0.2506 409 303
165-1-1-0.05-50-0 1 2362 14 7 91 103 0.8451 0.9267 105 106
165-1-1-0.05-50-0 1 2363 14 26 92 121 0.8451 0.8171 105 141
165-1-1-0.05-50-0 1 2363 1 10 124 64 0.2520 0.2533 409 449
165-1-1-0.05-50-0 1 2363 36 37 134 127 0.8162 0.8481 165 127
165-1-1-0.05-50-0 1 2363 36 14 134 92 0.8162 0.8451 165 105
165-1-1-0.05-50-0 1 2363 1 8 124 114 0.2520 0.2506 409 303
165-1-1-0.05-50-0 1 2364 36 2 134 167 0.8162 0.8198 165 167
165-1-1-0.05-50-0 1 2364 36 43 134 123 0.8162 0.8316 165 123
165-1-1-0.05-50-0 1 2364 26 46 121 1 0.8171 0.3451 141 327
165-1-1-0.05-50-0 1 2364 1 1 124 124 0.2520 0.2520 409 409
165-1-1-0.05-50-0 1 2364 36 37 134 122 0.8162 0.8481 165 127
165-1-1-0.05-50-0 1 2364 36 36 134 134 0.8162 0.8162 165 165
165-1-1-0.05-50-0 1 2364 14 37 88 121 0.8451 0.8481 105 127
165-1-1-0.05-50-0 1 2364 14 43 88 122 0.8451 0.8316 105 123
165-1-1-0.05-50-0 1 2364 1 8 123 111 0.2520 0.2506 409 303
165-1-1-0.05-50-0 1 2364 1 8 123 110 0.2520 0.2506 409 303
165-1-1-0.05-50-0 1 2365 1 1 119 119 0.2520 0.2520 409 409
165-1-1-0.05-50-0 1 2365 14 37 89 121 0.8451 0.8481 105 127
165-1-1-0.05-50-0 1 2365 36 36 133 133 0.8162 0.8162 165 165
165-1-1-0.05-50-0 1 2365 1 10 118 70 0.2520 0.2533 409 449
165-1-1-0.05-50-0 1 2365 1 8 118 111 0.2520 0.2506 409 303
165-1-1-0.05-50-0 1 2365 36 14 132 89 0.8162 0.8451 165 105
165-1-1-0.05-50-0 1 2365 14 25 88 123 0.8451 0.9430 105 125
165-1-1-0.05-50-0 1 2365 14 36 88 132 0.8451 0.8162 105 165
165-1-1-0.05-50-0 1 2365 1 10 118 69 0.2520 0.2533 409 449
165-1-1-0.05-50-0 1 2365 14 2 88 167 0.8451 0.8198 105 167
165-1-1-0.05-50-0 1 2365 1 1 118 118 0.2520 0.2520 409 409
165-1-1-0.05-50-0 1 2365 37 50 120 1 0.8481 0.2147 127 147
165-1-1-0.05-50-0 1 2365 10 27 68 2 0.2533 0.0776 449 149
165-1-1-0.05-50-0 1 2366 14 7 86 103 0.8451 0.9267 105 106
165-1-1-0.05-50-0 1 2366 1 8 118 111 0.2520 0.2506 409 303
165-1-1-0.05-50-0 1 2366 1 10 118 66 0.2520 0.2533 409 449
165-1-1-0.05-50-0 1 2366 14 37 86 123 0.8451 0.8481 105 127
165-1-1-0.05-50-0 1 2366 1 1 118 118 0.2520 0.2520 409 409
165-1-1-0.05-50-0 1 2366 1 10 117 65 0.2520 0.2533 409 449
165-1-1-0.05-50-0 1 2366 14 37 86 122 0.8451 0.8481 105 127
165-1-1-0.05-50-0 1 2366 2 38 164 1 0.8198 0.6163 167 270
165-1-1-0.05-50-0 1 2366 36 36 132 132 0.8162 0.8162 165 165
165-1-1-0.05-50-0 1 2367 36 43 131 115 0.8162 0.8316 165 123
165-1-1-0.05-50-0 1 2367 1 8 118 108 0.2520 0.2506 409 303
165-1-1-0.05-50-0 1 2367 1 1 118 118 0.2520 0.2520 409 409
165-1-1-0.05-50-0 1 2367 14 14 88 88 0.8451 0.8451 105 105
165-1-1-0.05-50-0 1 2367 14 13 87 130 0.8451 0.8878 105 151
165-1-1-0.05-50-0 1 2367 1 8 117 107 0.2520 0.2506 409 303
165-1-1-0.05-50-0 1 2367 36 37 131 120 0.8162 0.8481 165 127
165-1-1-0.05-50-0 1 2368 36 36 136 136 0.8162 0.8162 165 165
165-1-1-0.05-50-0 1 2368 36 36 135 135 0.8162 0.8162 165 165
165-1-1-0.05-50-0 1 2368 1 10 124 69 0.2520 0.2533 409 449
165-1-1-0.05-50-0 1 2368 1 8 124 113 0.2520 0.2506 409 303
165-1-1-0.05-50-0 1 2368 1 1 124 124 0.2520 0.2520 409 409
165-1-1-0.05-50-0 1 2369 14 43 84 115 0.8451 0.8316 105 123
165-1-1-0.05-50-0 1 2369 1 8 119 117 0.2520 0.2506 409 303
165-1-1-0.05-50-0 1 2369 14 43 84 114 0.8451 0.8316 105 123
165-1-1-0.05-50-0 1 2369 36 37 132 119 0.8162 0.8481 165 127
165-1-1-0.05-50-0 1 2369 36 37 132 118 0.8162 0.8481 165 127
165-1-1-0.05-50-0 1 2369 10 27 70 2 0.2533 0.0776 449 149
165-1-1-0.05-50-0 1 2369 36 2 132 163 0.8162 0.8198 165 167
165-1-1-0.05-50-0 1 2369 36 36 132 132 0.8162 0.8162 165 165
165-1-1-0.05-50-0 1 2369 36 26 131 116 0.8162 0.8171 165 141
165-1-1-0.05-50-0 1 2369 14 13 84 132 0.8451 0.8878 105 151
165-1-1-0.05-50-0 1 2369 14 37 84 117 0.8451 0.8481 105 127
165-1-1-0.05-50-0 1 2370 1 1 127 127 0.2520 0.2520 409 409
165-1-1-0.05-50-0 1 2370 36 37 135 113 0.8162 0.8481 165 127
165-1-1-0.05-50-0 1 2370 1 1 126 126 0.2520 0.2520 409 409
165-1-1-0.05-50-0 1 2370 1 1 125 125 0.2520 0.2520 409 409
165-1-1-0.05-50-0 1 2370 41 4 104 1 0.9621 0.0723 105 351
165-1-1-0.05-50-0 1 2370 1 8 124 121 0.2520 0.2506 409 303
165-1-1-0.05-50-0 1 2371 1 8 123 122 0.2520 0.2506 409 303
165-1-1-0.05-50-0 1 2371 1 1 123 123 0.2520 0.2520 409 409
165-1-1-0.05-50-0 1 2371 1 1 122 122 0.2520 0.2520 409 409
165-1-1-0.05-50-0 1 2371 1 8 121 121 0.2520 0.2506 409 303
165-1-1-0.05-50-0 1 2371 1 8 121 120 0.2520 0.2506 409 303
165-1-1-0.05-50-0 1 2371 1 8 121 119 0.2520 0.2506 409 303
165-1-1-0.05-50-0 1 2372 37 48 119 1 0.8481 0.1153 127 334
165-1-1-0.05-50-0 1 2372 36 26 131 122 0.8162 0.8171 165 141
165-1-1-0.05-50-0 1 2372 1 1 128 128 0.2520 0.2520 409 409
165-1-1-0.05-50-0 1 2372 36 43 131 110 0.8162 0.8316 165 123
165-1-1-0.05-50-0 1 2372 1 1 127 127 0.2520 0.2520 409 409
165-1-1-0.05-50-0 1 2373 14 41 87 105 0.8451 0.9621 105 105
165-1-1-0.05-50-0 1 2373 1 1 124 124 0.2520 0.2520 409 409
165-1-1-0.05-50-0 1 2373 14 37 87 125 0.8451 0.8481 105 127
165-1-1-0.05-50-0 1 2373 40 15 79 1 0.9739 0.7918 104 149
165-1-1-0.05-50-0 1 2373 36 2 133 164 0.8162 0.8198 165 167
165-1-1-0.05-50-0 1 2373 1 8 123 135 0.2520 0.2506 409 303
165-1-1-0.05-50-0 1 2374 36 26 138 119 0.8162 0.8171 165 141
165-1-1-0.05-50-0 1 2374 36 14 138 92 0.8162 0.8451 165 105
165-1-1-0.05-50-0 1 2374 36 43 138 103 0.8162 0.8316 165 123
165-1-1-0.05-50-0 1 2374 14 25 91 125 0.8451 0.9430 105 125
165-1-1-0.05-50-0 1 2374 36 14 138 91 0.8162 0.8451 165 105
165-1-1-0.05-50-0 1 2375 14 41 92 99 0.8451 0.9621 105 105
165-1-1-0.05-50-0 1 2375 14 2 92 165 0.8451 0.8198 105 167
165-1-1-0.05-50-0 1 2375 14 25 92 125 0.8451 0.9430 105 125
165-1-1-0.05-50-0 1 2375 36 43 138 102 0.8162 0.8316 165 123
165-1-1-0.05-50-0 1 2375 10 27 78 1 0.2533 0.0776 449 149
165-1-1-0.05-50-0 1 2375 14 7 92 104 0.8451 0.9267 105 106
165-1-1-0.05-50-0 1 2375 36 36 138 138 0.8162 0.8162 165 165
165-1-1-0.05-50-0 1 2376 1 1 131 131 0.2520 0.2520 409 409
165-1-1-0.05-50-0 1 2376 36 26 130 115 0.8162 0.8171 165 141
165-1-1-0.05-50-0 1 2376 1 1 130 130 0.2520 0.2520 409 409
165-1-1-0.05-50-0 1 2376 36 2 130 166 0.8162 0.8198 165 167
165-1-1-0.05-50-0 1 2376 36 36 130 130 0.8162 0.8162 165 165
165-1-1-0.05-50-0 1 2376 1 1 129 129 0.2520 0.2520 409 409
165-1-1-0.05-50-0 1 2376 36 2 129 165 0.8162 0.8198 165 167
165-1-1-0.05-50-0 1 2377 14 37 90 127 0.8451 0.8481 105 127
165-1-1-0.05-50-0 1 2377 1 8 126 139 0.2520 0.2506 409 303
165-1-1-0.05-50-0 1 2377 1 8 126 138 0.2520 0.2506 409 303
165-1-1-0.05-50-0 1 2377 36 2 135 167 0.8162 0.8198 165 167
165-1-1-0.05-50-0 1 2378 36 26 130 114 0.8162 0.8171 165 141
165-1-1-0.05-50-0 1 2378 36 37 130 127 0.8162 0.8481 165 127
165-1-1-0.05-50-0 1 2378 2 21 167 1 0.8198 0.4184 167 158
165-1-1-0.05-50-0 1 2378 36 14 130 90 0.8162 0.8451 165 105
165-1-1-0.05-50-0 1 2378 1 1 127 127 0.2520 0.2520 409 409
165-1-1-0.05-50-0 1 2378 14 14 89 89 0.8451 0.8451 105 105
165-1-1-0.05-50-0 1 2378 2 30 167 1 0.8198 0.6008 167 266
165-1-1-0.05-50-0 1 2379 36 43 134 112 0.8162 0.8316 165 123
165-1-1-0.05-50-0 1 2379 36 43 134 111 0.8162 0.8316 165 123
165-1-1-0.05-50-0 1 2379 36 14 134 87 0.8162 0.8451 165 105
165-1-1-0.05-50-0 1 2379 36 37 134 127 0.8162 0.8481 165 127
165-1-1-0.05-50-0 1 2379 2 29 162 1 0.8198 0.6728 167 177
165-1-1-0.05-50-0 1 2379 1 1 124 124 0.2520 0.2520 409 409
165-1-1-0.05-50-0 1 2379 14 36 86 134 0.8451 0.8162 105 165
165-1-1-0.05-50-0 1 2379 14 7 86 103 0.8451 0.9267 105 106
165-1-1-0.05-50-0 1 2380 1 8 126 145 0.2520 0.2506 409 303
165-1-1-0.05-50-0 1 2380 1 1 126 126 0.2520 0.2520 409 409
165-1-1-0.05-50-0 1 2380 36 37 130 125 0.8162 0.8481 165 127
165-1-1-0.05-50-0 1 2380 36 26 130 119 0.8162 0.8171 165 141
165-1-1-0.05-50-0 1 2380 1 1 125 125 0.2520 0.2520 409 409
165-1-1-0.05-50-0 1 2381 1 1 124 124 0.2520 0.2520 409 409
165-1-1-0.05-50-0 1 2381 14 37 90 121 0.8451 0.8481 105 127
165-1-1-0.05-50-0 1 2381 36 2 136 162 0.8162 0.8198 165 167
165-1-1-0.05-50-0 1 2381 40 45 74 1 0.9739 0.3816 104 173
165-1-1-0.05-50-0 1 2381 14 41 90 81 0.8451 0.9621 105 105
165-1-1-0.05-50-0 1 2381 14 2 90 161 0.8451 0.8198 105 167
165-1-1-0.05-50-0 1 2381 1 1 123 123 0.2520 0.2520 409 409
165-1-1-0.05-50-0 1 2381 1 10 122 77 0.2520 0.2533 409 449
165-1-1-0.05-50-0 1 2381 36 37 136 120 0.8162 0.8481 165 127
165-1-1-0.05-50-0 1 2382 36 43 141 115 0.8162 0.8316 165 123
165-1-1-0.05-50-0 1 2382 1 8 120 155 0.2520 0.2506 409 303
165-1-1-0.05-50-0 1 2382 36 26 141 117 0.8162 0.8171 165 141
165-1-1-0.05-50-0 1 2382 36 43 141 114 0.8162 0.8316 165 123
165-1-1-0.05-50-0 1 2382 36 26 141 116 0.8162 0.8171 165 141
165-1-1-0.05-50-0 1 2382 1 8 120 154 0.2520 0.2506 409 303
165-1-1-0.05-50-0 1 2382 14 43 86 113 0.8451 0.8316 105 123
165-1-1-0.05-50-0 1 2383 14 14 88 88 0.8451 0.8451 105 105
165-1-1-0.05-50-0 1 2383 36 43 145 111 0.8162 0.8316 165 123
165-1-1-0.05-50-0 1 2383 14 2 87 158 0.8451 0.8198 105 167
165-1-1-0.05-50-0 1 2383 36 37 145 116 0.8162 0.8481 165 127
165-1-1-0.05-50-0 1 2383 1 8 124 157 0.2520 0.2506 409 303
165-1-1-0.05-50-0 1 2383 14 41 87 79 0.8451 0.9621 105 105
165-1-1-0.05-50-0 1 2384 36 36 146 146 0.8162 0.8162 165 165
165-1-1-0.05-50-0 1 2384 14 40 85 74 0.8451 0.9739 105 104
165-1-1-0.05-50-0 1 2384 1 1 125 125 0.2520 0.2520 409 409
165-1-1-0.05-50-0 1 2384 36 36 145 145 0.8162 0.8162 165 165
165-1-1-0.05-50-0 1 2384 1 8 124 158 0.2520 0.2506 409 303
165-1-1-0.05-50-0 1 2384 1 8 124 157 0.2520 0.2506 409 303
165-1-1-0.05-50-0 1 2384 36 43 144 107 0.8162 0.8316 165 123
165-1-1-0.05-50-0 1 2384 14 40 85 73 0.8451 0.9739 105 104
165-1-1-0.05-50-0 1 2385 1 8 125 159 0.2520 0.2506 409 303
165-1-1-0.05-50-0 1 2385 1 10 125 77 0.2520 0.2533 409 449
165-1-1-0.05-50-0 1 2385 14 43 90 104 0.8451 0.8316 105 123
165-1-1-0.05-50-0 1 2385 1 1 125 125 0.2520 0.2520 409 409
165-1-1-0.05-50-0 1 2385 36 43 142 103 0.8162 0.8316 165 123
165-1-1-0.05-50-0 1 2385 36 26 142 116 0.8162 0.8171 165 141
165-1-1-0.05-50-0 1 2386 36 43 140 102 0.8162 0.8316 165 123
165-1-1-0.05-50-0 1 2386 36 26 140 120 0.8162 0.8171 165 141
165-1-1-0.05-50-0 1 2386 14 14 93 93 0.8451 0.8451 105 105
165-1-1-0.05-50-0 1 2386 1 10 119 80 0.2520 0.2533 409 449
165-1-1-0.05-50-0 1 2386 36 36 140 140 0.8162 0.8162 165 165
165-1-1-0.05-50-0 1 2387 36 2 143 156 0.8162 0.8198 165 167
165-1-1-0.05-50-0 1 2387 36 36 143 143 0.8162 0.8162 165 165
165-1-1-0.05-50-0 1 2387 14 41 92 79 0.8451 0.9621 105 105
165-1-1-0.05-50-0 1 2387 14 37 92 119 0.8451 0.8481 105 127
165-1-1-0.05-50-0 1 2387 14 14 92 92 0.8451 0.8451 105 105
165-1-1-0.05-50-0 1 2387 36 37 142 118 0.8162 0.8481 165 127
165-1-1-0.05-50-0 1 2387 2 17 155 1 0.8198 0.6398 167 197
165-1-1-0.05-50-0 1 2387 14 36 91 142 0.8451 0.8162 105 165
165-1-1-0.05-50-0 1 2388 37 23 123 2 0.8481 0.1698 127 476
165-1-1-0.05-50-0 1 2388 14 2 90 160 0.8451 0.8198 105 167
165-1-1-0.05-50-0 1 2388 1 1 121 121 0.2520 0.2520 409 409
165-1-1-0.05-50-0 1 2388 14 43 90 95 0.8451 0.8316 105 123
165-1-1-0.05-50-0 1 2388 1 1 120 120 0.2520 0.2520 409 409
165-1-1-0.05-50-0 1 2388 1 8 119 163 0.2520 0.2506 409 303
165-1-1-0.05-50-0 1 2388 14 36 90 142 0.8451 0.8162 105 165
165-1-1-0.05-50-0 1 2389 36 36 140 140 0.8162 0.8162 165 165
165-1-1-0.05-50-0 1 2389 36 43 139 97 0.8162 0.8316 165 123
165-1-1-0.05-50-0 1 2389 36 2 139 158 0.8162 0.8198 165 167
165-1-1-0.05-50-0 1 2389 1 10 117 79 0.2520 0.2533 409 449
165-1-1-0.05-50-0 1 2389 14 36 89 139 0.8451 0.8162 105 165
165-1-1-0.05-50-0 1 2389 1 1 117 117 0.2520 0.2520 409 409
165-1-1-0.05-50-0 1 2389 36 2 138 157 0.8162 0.8198 165 167
165-1-1-0.05-50-0 1 2389 36 14 138 89 0.8162 0.8451 165 105
165-1-1-0.05-50-0 1 2389 1 8 116 166 0.2520 0.2506 409 303
165-1-1-0.05-50-0 1 2389 25 35 113 2 0.9430 0.0354 125 158
165-1-1-0.05-50-0 1 2390 1 8 113 168 0.2520 0.2506 409 303
165-1-1-0.05-50-0 1 2390 1 1 113 113 0.2520 0.2520 409 409
165-1-1-0.05-50-0 1 2390 36 14 136 87 0.8162 0.8451 165 105
165-1-1-0.05-50-0 1 2390 14 37 86 123 0.8451 0.8481 105 127
165-1-1-0.05-50-0 1 2390 36 14 136 86 0.8162 0.8451 165 105
165-1-1-0.05-50-0 1 2390 1 8 112 167 0.2520 0.2506 409 303
165-1-1-0.05-50-0 1 2390 14 36 85 136 0.8451 0.8162 105 165
165-1-1-0.05-50-0 1 2390 36 2 135 158 0.8162 0.8198 165 167
165-1-1-0.05-50-0 1 2390 1 8 112 166 0.2520 0.2506 409 303
165-1-1-0.05-50-0 1 2390 1 10 112 80 0.2520 0.2533 409 449
165-1-1-0.05-50-0 1 2390 1 50 112 1 0.2520 0.2147 409 147
165-1-1-0.05-50-0 1 2390 1 8 112 165 0.2520 0.2506 409 303
165-1-1-0.05-50-0 1 2391 1 10 111 79 0.2520 0.2533 409 449
165-1-1-0.05-50-0 1 2391 14 47 83 97 0.8451 0.9293 105 103
165-1-1-0.05-50-0 1 2391 1 1 111 111 0.2520 0.2520 409 409
165-1-1-0.05-50-0 1 2391 36 37 131 122 0.8162 0.8481 165 127
165-1-1-0.05-50-0 1 2391 14 26 83 119 0.8451 0.8171 105 141
165-1-1-0.05-50-0 1 2391 1 1 110 110 0.2520 0.2520 409 409
165-1-1-0.05-50-0 1 2391 41 35 78 2 0.9621 0.0354 105 158
165-1-1-0.05-50-0 1 2391 36 37 131 121 0.8162 0.8481 165 127
165-1-1-0.05-50-0 1 2392 41 35 74 1 0.9621 0.0354 105 158
165-1-1-0.05-50-0 1 2392 36 26 130 122 0.8162 0.8171 165 141
165-1-1-0.05-50-0 1 2392 36 26 130 121 0.8162 0.8171 165 141
165-1-1-0.05-50-0 1 2392 1 1 109 109 0.2520 0.2520 409 409
165-1-1-0.05-50-0 1 2392 36 36 130 130 0.8162 0.8162 165 165
165-1-1-0.05-50-0 1 2392 36 36 129 129 0.8162 0.8162 165 165
165-1-1-0.05-50-0 1 2392 1 10 108 83 0.2520 0.2533 409 449
165-1-1-0.05-50-0 1 2392 37 23 122 1 0.8481 0.1698 127 476
165-1-1-0.05-50-0 1 2392 1 1 108 108 0.2520 0.2520 409 409
165-1-1-0.05-50-0 1 2392 36 26 128 120 0.8162 0.8171 165 141
165-1-1-0.05-50-0 1 2392 14 47 86 97 0.8451 0.9293 105 103
165-1-1-0.05-50-0 1 2392 1 8 107 161 0.2520 0.2506 409 303
165-1-1-0.05-50-0 1 2393 1 1 102 102 0.2520 0.2520 409 409
165-1-1-0.05-50-0 1 2393 36 37 123 122 0.8162 0.8481 165 127
165-1-1-0.05-50-0 1 2393 36 36 123 123 0.8162 0.8162 165 165
165-1-1-0.05-50-0 1 2393 36 43 122 95 0.8162 0.8316 165 123
165-1-1-0.05-50-0 1 2393 14 25 87 113 0.8451 0.9430 105 125
165-1-1-0.05-50-0 1 2393 14 2 87 162 0.8451 0.8198 105 167
165-1-1-0.05-50-0 1 2393 36 14 122 87 0.8162 0.8451 165 105
165-1-1-0.05-50-0 1 2393 1 10 101 87 0.2520 0.2533 409 449
165-1-1-0.05-50-0 1 2393 14 13 86 149 0.8451 0.8878 105 151
165-1-1-0.05-50-0 1 2393 14 25 86 112 0.8451 0.9430 105 125
165-1-1-0.05-50-0 1 2393 1 10 101 86 0.2520 0.2533 409 449
165-1-1-0.05-50-0 1 2393 1 10 101 85 0.2520 0.2533 409 449
165-1-1-0.05-50-0 1 2393 37 39 121 3 0.8481 0.2187 127 309
165-1-1-0.05-50-0 1 2393 36 2 122 161 0.8162 0.8198 165 167
165-1-1-0.05-50-0 1 2394 36 2 125 155 0.8162 0.8198 165 167
165-1-1-0.05-50-0 1 2394 36 43 125 96 0.8162 0.8316 165 123
165-1-1-0.05-50-0 1 2394 14 13 84 149 0.8451 0.8878 105 151
165-1-1-0.05-50-0 1 2394 36 37 125 121 0.8162 0.8481 165 127
165-1-1-0.05-50-0 1 2394 37 50 120 1 0.8481 0.2147 127 147
165-1-1-0.05-50-0 1 2394 36 37 125 120 0.8162 0.8481 165 127
165-1-1-0.05-50-0 1 2394 36 26 125 120 0.8162 0.8171 165 141
165-1-1-0.05-50-0 1 2395 36 43 127 94 0.8162 0.8316 165 123
165-1-1-0.05-50-0 1 2395 1 1 106 106 0.2520 0.2520 409 409
165-1-1-0.05-50-0 1 2395 36 26 127 125 0.8162 0.8171 165 141
165-1-1-0.05-50-0 1 2395 36 26 127 124 0.8162 0.8171 165 141
165-1-1-0.05-50-0 1 2395 36 14 127 85 0.8162 0.8451 165 105
165-1-1-0.05-50-0 1 2395 36 26 127 123 0.8162 0.8171 165 141
165-1-1-0.05-50-0 1 2395 14 47 84 103 0.8451 0.9293 105 103
165-1-1-0.05-50-0 1 2396 1 1 108 108 0.2520 0.2520 409 409
165-1-1-0.05-50-0 1 2396 14 25 83 122 0.8451 0.9430 105 125
165-1-1-0.05-50-0 1 2396 14 26 83 123 0.8451 0.8171 105 141
165-1-1-0.05-50-0 1 2396 1 10 107 94 0.2520 0.2533 409 449
165-1-1-0.05-50-0 1 2396 14 36 83 126 0.8451 0.8162 105 165
165-1-1-0.05-50-0 1 2396 40 32 65 1 0.9739 0.6514 104 215
165-1-1-0.05-50-0 1 2397 14 25 85 121 0.8451 0.9430 105 125
165-1-1-0.05-50-0 1 2397 14 26 85 122 0.8451 0.8171 105 141
165-1-1-0.05-50-0 1 2397 1 8 108 162 0.2520 0.2506 409 303
165-1-1-0.05-50-0 1 2397 36 26 124 121 0.8162 0.8171 165 141
165-1-1-0.05-50-0 1 2397 36 43 124 95 0.8162 0.8316 165 123
165-1-1-0.05-50-0 1 2397 36 36 124 124 0.8162 0.8162 165 165
165-1-1-0.05-50-0 1 2397 14 36 85 123 0.8451 0.8162 105 165
165-1-1-0.05-50-0 1 2398 14 25 84 122 0.8451 0.9430 105 125
165-1-1-0.05-50-0 1 2398 14 2 84 153 0.8451 0.8198 105 167
165-1-1-0.05-50-0 1 2398 36 37 129 116 0.8162 0.8481 165 127
165-1-1-0.05-50-0 1 2398 1 8 112 160 0.2520 0.2506 409 303
165-1-1-0.05-50-0 1 2398 36 43 129 99 0.8162 0.8316 165 123
165-1-1-0.05-50-0 1 2398 1 1 112 112 0.2520 0.2520 409 409
165-1-1-0.05-50-0 1 2398 1 10 111 99 0.2520 0.2533 409 449
165-1-1-0.05-50-0 1 2398 14 25 84 121 0.8451 0.9430 105 125
165-1-1-0.05-50-0 1 2398 1 10 111 98 0.2520 0.2533 409 449
165-1-1-0.05-50-0 1 2398 36 26 129 120 0.8162 0.8171 165 141
165-1-1-0.05-50-0 1 2399 14 26 81 121 0.8451 0.8171 105 141
165-1-1-0.05-50-0 1 2399 36 14 132 81 0.8162 0.8451 165 105
165-1-1-0.05-50-0 1 2399 1 10 112 91 0.2520 0.2533 409 449
165-1-1-0.05-50-0 1 2399 36 37 132 116 0.8162 0.8481 165 127
165-1-1-0.05-50-0 1 2399 37 39 115 2 0.8481 0.2187 127 309
165-1-1-0.05-50-0 1 2399 14 14 80 80 0.8451 0.8451 105 105
165-1-1-0.05-50-0 1 2399 36 43 132 94 0.8162 0.8316 165 123
165-1-1-0.05-50-0 1 2399 1 10 112 90 0.2520 0.2533 409 449
165-1-1-0.05-50-0 1 2400 41 35 78 1 0.9621 0.0354 105 158
165-1-1-0.05-50-0 1 2400 14 25 78 123 0.8451 0.9430 105 125
165-1-1-0.05-50-0 1 2400 14 13 78 147 0.8451 0.8878 105 151
165-1-1-0.05-50-0 1 2400 36 43 135 95 0.8162 0.8316 165 123
165-1-1-0.05-50-0 1 2400 36 2 135 160 0.8162 0.8198 165 167
165-1-1-0.05-50-0 1 2400 14 2 78 159 0.8451 0.8198 105 167
165-1-1-0.05-50-0 1 2401 2 17 161 1 0.8198 0.6398 167 197
165-1-1-0.05-50-0 1 2401 36 14 138 78 0.8162 0.8451 165 105
165-1-1-0.05-50-0 1 2401 1 8 109 157 0.2520 0.2506 409 303
165-1-1-0.05-50-0 1 2401 14 37 77 111 0.8451 0.8481 105 127
165-1-1-0.05-50-0 1 2401 1 8 109 156 0.2520 0.2506 409 303
165-1-1-0.05-50-0 1 2401 1 8 109 155 0.2520 0.2506 409 303
165-1-1-0.05-50-0 1 2401 36 26 138 123 0.8162 0.8171 165 141
165-1-1-0.05-50-0 1 2401 36 26 138 122 0.8162 0.8171 165 141
165-1-1-0.05-50-0 1 2401 36 37 138 110 0.8162 0.8481 165 127
165-1-1-0.05-50-0 1 2402 14 7 78 102 0.8451 0.9267 105 106
165-1-1-0.05-50-0 1 2402 36 2 138 159 0.8162 0.8198 165 167
165-1-1-0.05-50-0 1 2402 1 1 112 112 0.2520 0.2520 409 409
165-1-1-0.05-50-0 1 2402 36 43 138 93 0.8162 0.8316 165 123
165-1-1-0.05-50-0 1 2402 36 2 138 158 0.8162 0.8198 165 167
165-1-1-0.05-50-0 1 2403 36 2 144 159 0.8162 0.8198 165 167
165-1-1-0.05-50-0 1 2403 1 8 116 154 0.2520 0.2506 409 303
165-1-1-0.05-50-0 1 2403 14 2 79 158 0.8451 0.8198 105 167
165-1-1-0.05-50-0 1 2403 1 10 116 87 0.2520 0.2533 409 449
165-1-1-0.05-50-0 1 2403 36 37 144 104 0.8162 0.8481 165 127
165-1-1-0.05-50-0 1 2403 36 43 144 92 0.8162 0.8316 165 123
165-1-1-0.05-50-0 1 2403 2 32 157 1 0.8198 0.6514 167 215
165-1-1-0.05-50-0 1 2403 1 8 116 153 0.2520 0.2506 409 303
165-1-1-0.05-50-0 1 2403 10 27 86 4 0.2533 0.0776 449 149
165-1-1-0.05-50-0 1 2403 14 36 79 144 0.8451 0.8162 105 165
165-1-1-0.05-50-0 1 2403 36 26 143 125 0.8162 0.8171 165 141
165-1-1-0.05-50-0 1 2403 36 37 143 103 0.8162 0.8481 165 127
165-1-1-0.05-50-0 1 2404 36 37 142 101 0.8162 0.8481 165 127
165-1-1-0.05-50-0 1 2404 1 10 112 88 0.2520 0.2533 409 449
165-1-1-0.05-50-0 1 2404 14 43 80 95 0.8451 0.8316 105 123
165-1-1-0.05-50-0 1 2404 1 8 112 155 0.2520 0.2506 409 303
165-1-1-0.05-50-0 1 2404 37 39 100 1 0.8481 0.2187 127 309
165-1-1-0.05-50-0 1 2404 2 33 159 1 0.8198 0.6893 167 191
165-1-1-0.05-50-0 1 2404 36 26 142 125 0.8162 0.8171 165 141
165-1-1-0.05-50-0 1 2404 1 1 112 112 0.2520 0.2520 409 409
165-1-1-0.05-50-0 1 2405 36 26 146 127 0.8162 0.8171 165 141
165-1-1-0.05-50-0 1 2405 10 27 89 3 0.2533 0.0776 449 149
165-1-1-0.05-50-0 1 2405 14 2 81 161 0.8451 0.8198 105 167
165-1-1-0.05-50-0 1 2405 1 1 109 109 0.2520 0.2520 409 409
165-1-1-0.05-50-0 1 2405 36 36 146 146 0.8162 0.8162 165 165
165-1-1-0.05-50-0 1 2405 1 8 108 159 0.2520 0.2506 409 303
165-1-1-0.05-50-0 1 2406 1 8 107 166 0.2520 0.2506 409 303
165-1-1-0.05-50-0 1 2406 1 1 107 107 0.2520 0.2520 409 409
165-1-1-0.05-50-0 1 2406 36 36 148 148 0.8162 0.8162 165 165
165-1-1-0.05-50-0 1 2406 36 43 147 102 0.8162 0.8316 165 123
165-1-1-0.05-50-0 1 2406 14 37 85 102 0.8451 0.8481 105 127
165-1-1-0.05-50-0 1 2406 1 8 106 165 0.2520 0.2506 409 303
165-1-1-0.05-50-0 1 2407 36 2 145 158 0.8162 0.8198 165 167
165-1-1-0.05-50-0 1 2407 36 37 145 100 0.8162 0.8481 165 127
165-1-1-0.05-50-0 1 2407 36 14 145 87 0.8162 0.8451 165 105
165-1-1-0.05-50-0 1 2407 36 36 145 145 0.8162 0.8162 165 165
165-1-1-0.05-50-0 1 2407 40 34 76 1 0.9739 0.7448 104 168
165-1-1-0.05-50-0 1 2407 36 36 144 144 0.8162 0.8162 165 165
165-1-1-0.05-50-0 1 2407 36 2 143 157 0.8162 0.8198 165 167
165-1-1-0.05-50-0 1 2407 36 36 143 143 0.8162 0.8162 165 165
165-1-1-0.05-50-0 1 2407 36 37 142 99 0.8162 0.8481 165 127
165-1-1-0.05-50-0 1 2408 36 36 144 144 0.8162 0.8162 165 165
165-1-1-0.05-50-0 1 2408 1 1 104 104 0.2520 0.2520 409 409
165-1-1-0.05-50-0 1 2408 36 37 143 101 0.8162 0.8481 165 127
165-1-1-0.05-50-0 1 2408 2 44 150 1 0.8198 0.7034 167 118
165-1-1-0.05-50-0 1 2408 36 26 143 134 0.8162 0.8171 165 141
165-1-1-0.05-50-0 1 2408 1 10 103 93 0.2520 0.2533 409 449
165-1-1-0.05-50-0 1 2408 14 36 85 143 0.8451 0.8162 105 165
165-1-1-0.05-50-0 1 2408 41 5 79 1 0.9621 0.0007 105 226
165-1-1-0.05-50-0 1 2409 1 1 103 103 0.2520 0.2520 409 409
165-1-1-0.05-50-0 1 2409 36 37 141 102 0.8162 0.8481 165 127
165-1-1-0.05-50-0 1 2409 14 7 84 102 0.8451 0.9267 105 106
165-1-1-0.05-50-0 1 2409 14 2 84 144 0.8451 0.8198 105 167
165-1-1-0.05-50-0 1 2409 36 26 141 134 0.8162 0.8171 165 141
165-1-1-0.05-50-0 1 2409 1 1 102 102 0.2520 0.2520 409 409
165-1-1-0.05-50-0 1 2409 40 44 79 1 0.9739 0.7034 104 118
165-1-1-0.05-50-0 1 2409 1 10 101 93 0.2520 0.2533 409 449
165-1-1-0.05-50-0 1 2410 42 10 1 90 0.7447 0.2533 106 449
165-1-1-0.05-50-0 1 2410 14 7 81 104 0.8451 0.9267 105 106
165-1-1-0.05-50-0 1 2410 9 8 1 168 0.6134 0.2506 161 303
165-1-1-0.05-50-0 1 2410 36 2 138 141 0.8162 0.8198 165 167
165-1-1-0.05-50-0 1 2410 36 2 138 140 0.8162 0.8198 165 167
165-1-1-0.05-50-0 1 2410 1 8 97 167 0.2520 0.2506 409 303
165-1-1-0.05-50-0 1 2410 36 43 138 101 0.8162 0.8316 165 123
165-1-1-0.05-50-0 1 2411 14 47 82 103 0.8451 0.9293 105 103
165-1-1-0.05-50-0 1 2411 14 13 82 151 0.8451 0.8878 105 151
165-1-1-0.05-50-0 1 2411 36 2 144 140 0.8162 0.8198 165 167
165-1-1-0.05-50-0 1 2411 1 10 99 89 0.2520 0.2533 409 449
165-1-1-0.05-50-0 1 2411 36 36 144 144 0.8162 0.8162 165 165
165-1-1-0.05-50-0 1 2412 14 34 88 2 0.8451 0.7448 105 168
165-1-1-0.05-50-0 1 2412 36 14 147 88 0.8162 0.8451 165 105
165-1-1-0.05-50-0 1 2412 14 26 87 134 0.8451 0.8171 105 141
165-1-1-0.05-50-0 1 2412 1 8 101 170 0.2520 0.2506 409 303
165-1-1-0.05-50-0 1 2412 36 43 147 108 0.8162 0.8316 165 123
165-1-1-0.05-50-0 1 2412 36 43 147 107 0.8162 0.8316 165 123
165-1-1-0.05-50-0 1 2412 14 14 87 87 0.8451 0.8451 105 105
165-1-1-0.05-50-0 1 2413 1 10 103 93 0.2520 0.2533 409 449
165-1-1-0.05-50-0 1 2413 36 43 147 98 0.8162 0.8316 165 123
165-1-1-0.05-50-0 1 2413 36 43 147 97 0.8162 0.8316 165 123
165-1-1-0.05-50-0 1 2413 36 2 147 137 0.8162 0.8198 165 167
165-1-1-0.05-50-0 1 2413 40 42 68 1 0.9739 0.7447 104 106
165-1-1-0.05-50-0 1 2413 1 8 103 166 0.2520 0.2506 409 303
165-1-1-0.05-50-0 1 2414 14 2 87 138 0.8451 0.8198 105 167
165-1-1-0.05-50-0 1 2414 2 9 137 1 0.8198 0.6134 167 161
165-1-1-0.05-50-0 1 2414 36 36 151 151 0.8162 0.8162 165 165
165-1-1-0.05-50-0 1 2414 36 36 150 150 0.8162 0.8162 165 165
165-1-1-0.05-50-0 1 2414 14 2 87 137 0.8451 0.8198 105 167
165-1-1-0.05-50-0 1 2414 36 2 149 136 0.8162 0.8198 165 167
165-1-1-0.05-50-0 1 2414 1 8 108 163 0.2520 0.2506 409 303
165-1-1-0.05-50-0 1 2414 14 2 87 135 0.8451 0.8198 105 167
165-1-1-0.05-50-0 1 2415 1 1 111 111 0.2520 0.2520 409 409
165-1-1-0.05-50-0 1 2415 36 26 153 139 0.8162 0.8171 165 141
165-1-1-0.05-50-0 1 2415 14 25 90 124 0.8451 0.9430 105 125
165-1-1-0.05-50-0 1 2415 36 26 153 138 0.8162 0.8171 165 141
165-1-1-0.05-50-0 1 2415 14 26 90 137 0.8451 0.8171 105 141
165-1-1-0.05-50-0 1 2415 36 2 153 132 0.8162 0.8198 165 167
165-1-1-0.05-50-0 1 2415 36 37 153 99 0.8162 0.8481 165 127
165-1-1-0.05-50-0 1 2415 14 13 90 151 0.8451 0.8878 105 151
165-1-1-0.05-50-0 1 2415 36 26 153 136 0.8162 0.8171 165 141
165-1-1-0.05-50-0 1 2415 14 13 90 150 0.8451 0.8878 105 151
165-1-1-0.05-50-0 1 2415 14 47 90 99 0.8451 0.9293 105 103
165-1-1-0.05-50-0 1 2416 2 32 129 1 0.8198 0.6514 167 215
165-1-1-0.05-50-0 1 2416 14 43 91 95 0.8451 0.8316 105 123
165-1-1-0.05-50-0 1 2416 36 14 155 91 0.8162 0.8451 165 105
165-1-1-0.05-50-0 1 2416 14 14 90 90 0.8451 0.8451 105 105
165-1-1-0.05-50-0 1 2416 1 1 116 116 0.2520 0.2520 409 409
165-1-1-0.05-50-0 1 2416 1 10 115 90 0.2520 0.2533 409 449
165-1-1-0.05-50-0 1 2416 1 1 115 115 0.2520 0.2520 409 409
165-1-1-0.05-50-0 1 2416 14 2 89 129 0.8451 0.8198 105 167
165-1-1-0.05-50-0 1 2416 1 8 114 167 0.2520 0.2506 409 303
165-1-1-0.05-50-0 1 2416 36 37 155 96 0.8162 0.8481 165 127
165-1-1-0.05-50-0 1 2416 14 43 89 94 0.8451 0.8316 105 123
165-1-1-0.05-50-0 1 2417 14 7 90 98 0.8451 0.9267 105 106
165-1-1-0.05-50-0 1 2417 14 13 90 149 0.8451 0.8878 105 151
165-1-1-0.05-50-0 1 2417 36 14 156 90 0.8162 0.8451 165 105
165-1-1-0.05-50-0 1 2418 14 37 88 91 0.8451 0.8481 105 127
165-1-1-0.05-50-0 1 2418 10 27 89 2 0.2533 0.0776 449 149
165-1-1-0.05-50-0 1 2418 36 26 150 135 0.8162 0.8171 165 141
165-1-1-0.05-50-0 1 2418 1 8 112 173 0.2520 0.2506 409 303
165-1-1-0.05-50-0 1 2418 36 36 150 150 0.8162 0.8162 165 165
165-1-1-0.05-50-0 1 2418 36 26 149 134 0.8162 0.8171 165 141
165-1-1-0.05-50-0 1 2418 1 1 112 112 0.2520 0.2520 409 409
165-1-1-0.05-50-0 1 2418 1 8 111 172 0.2520 0.2506 409 303
165-1-1-0.05-50-0 1 2418 1 8 111 171 0.2520 0.2506 409 303
165-1-1-0.05-50-0 1 2418 36 36 149 149 0.8162 0.8162 165 165
165-1-1-0.05-50-0 1 2418 1 1 111 111 0.2520 0.2520 409 409
165-1-1-0.05-50-0 1 2419 36 2 148 125 0.8162 0.8198 165 167
165-1-1-0.05-50-0 1 2419 14 36 86 148 0.8451 0.8162 105 165
165-1-1-0.05-50-0 1 2419 1 1 114 114 0.2520 0.2520 409 409
165-1-1-0.05-50-0 1 2419 36 36 147 147 0.8162 0.8162 165 165
165-1-1-0.05-50-0 1 2419 14 47 86 102 0.8451 0.9293 105 103
165-1-1-0.05-50-0 1 2419 36 37 146 93 0.8162 0.8481 165 127
165-1-1-0.05-50-0 1 2420 1 8 112 174 0.2520 0.2506 409 303
165-1-1-0.05-50-0 1 2420 1 10 112 89 0.2520 0.2533 409 449
165-1-1-0.05-50-0 1 2420 36 36 150 150 0.8162 0.8162 165 165
165-1-1-0.05-50-0 1 2420 1 8 112 173 0.2520 0.2506 409 303
165-1-1-0.05-50-0 1 2420 1 1 112 112 0.2520 0.2520 409 409
165-1-1-0.05-50-0 1 2421 36 36 147 147 0.8162 0.8162 165 165
165-1-1-0.05-50-0 1 2421 36 26 146 140 0.8162 0.8171 165 141
165-1-1-0.05-50-0 1 2421 25 11 116 1 0.9430 0.0504 125 384
165-1-1-0.05-50-0 1 2421 1 8 116 170 0.2520 0.2506 409 303
165-1-1-0.05-50-0 1 2421 40 15 67 2 0.9739 0.7918 104 149
165-1-1-0.05-50-0 1 2421 14 41 90 73 0.8451 0.9621 105 105
165-1-1-0.05-50-0 1 2421 36 43 146 100 0.8162 0.8316 165 123
165-1-1-0.05-50-0 1 2421 1 8 116 169 0.2520 0.2506 409 303
165-1-1-0.05-50-0 1 2421 1 1 116 116 0.2520 0.2520 409 409
165-1-1-0.05-50-0 1 2421 36 2 146 123 0.8162 0.8198 165 167
165-1-1-0.05-50-0 1 2421 14 36 90 146 0.8451 0.8162 105 165
165-1-1-0.05-50-0 1 2422 1 10 111 90 0.2520 0.2533 409 449
165-1-1-0.05-50-0 1 2422 36 2 146 120 0.8162 0.8198 165 167
165-1-1-0.05-50-0 1 2422 1 10 111 89 0.2520 0.2533 409 449
165-1-1-0.05-50-0 1 2422 10 27 88 1 0.2533 0.0776 449 149
165-1-1-0.05-50-0 1 2422 36 2 146 119 0.8162 0.8198 165 167
165-1-1-0.05-50-0 1 2423 14 7 93 105 0.8451 0.9267 105 106
165-1-1-0.05-50-0 1 2423 1 8 117 170 0.2520 0.2506 409 303
165-1-1-0.05-50-0 1 2423 36 14 149 93 0.8162 0.8451 165 105
165-1-1-0.05-50-0 1 2423 14 25 92 117 0.8451 0.9430 105 125
165-1-1-0.05-50-0 1 2423 14 36 92 149 0.8451 0.8162 105 165
165-1-1-0.05-50-0 1 2423 36 43 148 101 0.8162 0.8316 165 123
165-1-1-0.05-50-0 1 2423 19 34 2 2 0.8072 0.7448 134 168
165-1-1-0.05-50-0 1 2424 36 2 148 118 0.8162 0.8198 165 167
165-1-1-0.05-50-0 1 2424 1 10 119 87 0.2520 0.2533 409 449
165-1-1-0.05-50-0 1 2424 1 1 119 119 0.2520 0.2520 409 409
165-1-1-0.05-50-0 1 2424 14 14 93 93 0.8451 0.8451 105 105
165-1-1-0.05-50-0 1 2424 36 36 148 148 0.8162 0.8162 165 165
165-1-1-0.05-50-0 1 2424 36 36 147 147 0.8162 0.8162 165 165
165-1-1-0.05-50-0 1 2424 1 1 118 118 0.2520 0.2520 409 409
165-1-1-0.05-50-0 1 2424 36 26 146 141 0.8162 0.8171 165 141
165-1-1-0.05-50-0 1 2424 36 2 146 117 0.8162 0.8198 165 167
165-1-1-0.05-50-0 1 2425 2 33 109 1 0.8198 0.6893 167 191
165-1-1-0.05-50-0 1 2425 1 8 118 175 0.2520 0.2506 409 303
165-1-1-0.05-50-0 1 2425 36 14 143 96 0.8162 0.8451 165 105
165-1-1-0.05-50-0 1 2425 1 8 118 174 0.2520 0.2506 409 303
165-1-1-0.05-50-0 1 2425 1 1 118 118 0.2520 0.2520 409 409
165-1-1-0.05-50-0 1 2425 1 8 117 173 0.2520 0.2506 409 303
165-1-1-0.05-50-0 1 2425 36 36 143 143 0.8162 0.8162 165 165
165-1-1-0.05-50-0 1 2425 36 37 142 100 0.8162 0.8481 165 127
165-1-1-0.05-50-0 1 2425 14 26 95 141 0.8451 0.8171 105 141
165-1-1-0.05-50-0 1 2426 1 1 126 126 0.2520 0.2520 409 409
165-1-1-0.05-50-0 1 2426 1 1 125 125 0.2520 0.2520 409 409
165-1-1-0.05-50-0 1 2426 36 36 147 147 0.8162 0.8162 165 165
165-1-1-0.05-50-0 1 2426 1 10 124 90 0.2520 0.2533 409 449
165-1-1-0.05-50-0 1 2426 1 1 124 124 0.2520 0.2520 409 409
165-1-1-0.05-50-0 1 2426 36 36 146 146 0.8162 0.8162 165 165
165-1-1-0.05-50-0 1 2426 14 36 94 145 0.8451 0.8162 105 165
165-1-1-0.05-50-0 1 2426 1 1 123 123 0.2520 0.2520 409 409
165-1-1-0.05-50-0 1 2426 1 1 122 122 0.2520 0.2520 409 409
165-1-1-0.05-50-0 1 2426 40 46 65 1 0.9739 0.3451 104 327
165-1-1-0.05-50-0 1 2427 1 1 123 123 0.2520 0.2520 409 409
165-1-1-0.05-50-0 1 2427 1 8 122 177 0.2520 0.2506 409 303
165-1-1-0.05-50-0 1 2427 14 43 94 105 0.8451 0.8316 105 123
165-1-1-0.05-50-0 1 2427 1 8 122 176 0.2520 0.2506 409 303
165-1-1-0.05-50-0 1 2427 36 14 147 94 0.8162 0.8451 165 105
165-1-1-0.05-50-0 1 2427 1 10 122 88 0.2520 0.2533 409 449
165-1-1-0.05-50-0 1 2427 36 43 147 104 0.8162 0.8316 165 123
165-1-1-0.05-50-0 1 2427 1 8 122 175 0.2520 0.2506 409 303
165-1-1-0.05-50-0 1 2427 1 1 122 122 0.2520 0.2520 409 409
165-1-1-0.05-50-0 1 2427 14 37 93 98 0.8451 0.8481 105 127
165-1-1-0.05-50-0 1 2427 14 47 93 103 0.8451 0.9293 105 103
165-1-1-0.05-50-0 1 2428 2 21 115 1 0.8198 0.4184 167 158
165-1-1-0.05-50-0 1 2428 1 1 118 118 0.2520 0.2520 409 409
165-1-1-0.05-50-0 1 2428 36 36 145 145 0.8162 0.8162 165 165
165-1-1-0.05-50-0 1 2428 1 1 117 117 0.2520 0.2520 409 409
165-1-1-0.05-50-0 1 2428 36 14 144 95 0.8162 0.8451 165 105
165-1-1-0.05-50-0 1 2428 14 37 94 94 0.8451 0.8481 105 127
165-1-1-0.05-50-0 1 2428 14 37 94 93 0.8451 0.8481 105 127
165-1-1-0.05-50-0 1 2429 1 1 121 121 0.2520 0.2520 409 409
165-1-1-0.05-50-0 1 2429 14 7 90 106 0.8451 0.9267 105 106
165-1-1-0.05-50-0 1 2429 14 14 90 90 0.8451 0.8451 105 105
165-1-1-0.05-50-0 1 2429 14 41 89 81 0.8451 0.9621 105 105
165-1-1-0.05-50-0 1 2429 1 8 120 181 0.2520 0.2506 409 303
165-1-1-0.05-50-0 1 2429 2 31 116 1 0.8198 0.5626 167 252
165-1-1-0.05-50-0 1 2430 14 25 88 124 0.8451 0.9430 105 125
165-1-1-0.05-50-0 1 2430 36 37 146 95 0.8162 0.8481 165 127
165-1-1-0.05-50-0 1 2430 1 8 123 183 0.2520 0.2506 409 303
165-1-1-0.05-50-0 1 2430 36 37 146 94 0.8162 0.8481 165 127
165-1-1-0.05-50-0 1 2430 14 13 88 142 0.8451 0.8878 105 151
165-1-1-0.05-50-0 1 2430 36 2 146 110 0.8162 0.8198 165 167
165-1-1-0.05-50-0 1 2430 14 43 88 97 0.8451 0.8316 105 123
165-1-1-0.05-50-0 1 2431 36 43 152 93 0.8162 0.8316 165 123
165-1-1-0.05-50-0 1 2431 36 14 152 89 0.8162 0.8451 165 105
165-1-1-0.05-50-0 1 2431 1 1 121 121 0.2520 0.2520 409 409
165-1-1-0.05-50-0 1 2431 14 36 88 152 0.8451 0.8162 105 165
165-1-1-0.05-50-0 1 2431 1 10 120 95 0.2520 0.2533 409 449
165-1-1-0.05-50-0 1 2431 1 1 120 120 0.2520 0.2520 409 409
165-1-1-0.05-50-0 1 2431 14 25 88 125 0.8451 0.9430 105 125
165-1-1-0.05-50-0 1 2431 14 43 88 92 0.8451 0.8316 105 123
165-1-1-0.05-50-0 1 2432 36 36 155 155 0.8162 0.8162 165 165
165-1-1-0.05-50-0 1 2432 36 26 154 136 0.8162 0.8171 165 141
165-1-1-0.05-50-0 1 2432 14 2 91 112 0.8451 0.8198 105 167
165-1-1-0.05-50-0 1 2432 36 36 154 154 0.8162 0.8162 165 165
165-1-1-0.05-50-0 1 2432 36 37 153 91 0.8162 0.8481 165 127
165-1-1-0.05-50-0 1 2432 36 2 153 111 0.8162 0.8198 165 167
165-1-1-0.05-50-0 1 2433 14 43 91 96 0.8451 0.8316 105 123
165-1-1-0.05-50-0 1 2433 14 47 91 103 0.8451 0.9293 105 103
165-1-1-0.05-50-0 1 2433 1 10 120 102 0.2520 0.2533 409 449
165-1-1-0.05-50-0 1 2433 1 8 120 180 0.2520 0.2506 409 303
165-1-1-0.05-50-0 1 2433 36 36 153 153 0.8162 0.8162 165 165
165-1-1-0.05-50-0 1 2433 1 10 120 101 0.2520 0.2533 409 449
165-1-1-0.05-50-0 1 2433 1 10 120 100 0.2520 0.2533 409 449
165-1-1-0.05-50-0 1 2433 1 8 120 179 0.2520 0.2506 409 303
165-1-1-0.05-50-0 1 2434 1 8 124 179 0.2520 0.2506 409 303
165-1-1-0.05-50-0 1 2434 26 45 134 1 0.8171 0.3816 141 173
165-1-1-0.05-50-0 1 2434 36 37 159 89 0.8162 0.8481 165 127
165-1-1-0.05-50-0 1 2434 36 36 159 159 0.8162 0.8162 165 165
165-1-1-0.05-50-0 1 2434 36 43 158 101 0.8162 0.8316 165 123
165-1-1-0.05-50-0 1 2434 1 10 124 101 0.2520 0.2533 409 449
165-1-1-0.05-50-0 1 2434 36 2 158 112 0.8162 0.8198 165 167
165-1-1-0.05-50-0 1 2434 14 26 97 134 0.8451 0.8171 105 141
165-1-1-0.05-50-0 1 2434 36 36 158 158 0.8162 0.8162 165 165
165-1-1-0.05-50-0 1 2434 36 14 157 97 0.8162 0.8451 165 105
165-1-1-0.05-50-0 1 2435 14 37 96 88 0.8451 0.8481 105 127
165-1-1-0.05-50-0 1 2435 36 26 156 131 0.8162 0.8171 165 141
165-1-1-0.05-50-0 1 2435 1 10 122 101 0.2520 0.2533 409 449
165-1-1-0.05-50-0 1 2436 14 7 95 99 0.8451 0.9267 105 106
165-1-1-0.05-50-0 1 2436 14 25 95 119 0.8451 0.9430 105 125
165-1-1-0.05-50-0 1 2436 14 36 95 151 0.8451 0.8162 105 165
165-1-1-0.05-50-0 1 2436 14 13 95 142 0.8451 0.8878 105 151
165-1-1-0.05-50-0 1 2436 36 26 150 131 0.8162 0.8171 165 141
165-1-1-0.05-50-0 1 2436 36 26 150 130 0.8162 0.8171 165 141
165-1-1-0.05-50-0 1 2436 14 41 95 80 0.8451 0.9621 105 105
165-1-1-0.05-50-0 1 2436 14 47 95 103 0.8451 0.9293 105 103
165-1-1-0.05-50-0 1 2436 14 37 95 89 0.8451 0.8481 105 127
165-1-1-0.05-50-0 1 2437 1 8 120 179 0.2520 0.2506 409 303
165-1-1-0.05-50-0 1 2437 1 10 120 103 0.2520 0.2533 409 449
165-1-1-0.05-50-0 1 2437 1 8 120 178 0.2520 0.2506 409 303
165-1-1-0.05-50-0 1 2437 1 8 120 177 0.2520 0.2506 409 303
165-1-1-0.05-50-0 1 2437 1 10 120 102 0.2520 0.2533 409 449
165-1-1-0.05-50-0 1 2437 14 26 95 128 0.8451 0.8171 105 141
165-1-1-0.05-50-0 1 2437 1 1 120 120 0.2520 0.2520 409 409
165-1-1-0.05-50-0 1 2437 14 25 95 117 0.8451 0.9430 105 125
165-1-1-0.05-50-0 1 2437 36 37 152 86 0.8162 0.8481 165 127
165-1-1-0.05-50-0 1 2438 36 2 153 111 0.8162 0.8198 165 167
165-1-1-0.05-50-0 1 2438 36 19 153 2 0.8162 0.8072 165 134
165-1-1-0.05-50-0 1 2438 1 8 120 171 0.2520 0.2506 409 303
165-1-1-0.05-50-0 1 2438 1 8 120 170 0.2520 0.2506 409 303
165-1-1-0.05-50-0 1 2438 40 44 67 1 0.9739 0.7034 104 118
165-1-1-0.05-50-0 1 2438 36 2 153 110 0.8162 0.8198 165 167
165-1-1-0.05-50-0 1 2438 1 8 120 169 0.2520 0.2506 409 303
165-1-1-0.05-50-0 1 2438 2 33 109 2 0.8198 0.6893 167 191
165-1-1-0.05-50-0 1 2438 36 2 153 109 0.8162 0.8198 165 167
165-1-1-0.05-50-0 1 2439 14 2 96 108 0.8451 0.8198 105 167
165-1-1-0.05-50-0 1 2439 14 25 96 118 0.8451 0.9430 105 125
165-1-1-0.05-50-0 1 2439 1 10 123 104 0.2520 0.2533 409 449
165-1-1-0.05-50-0 1 2439 14 41 96 81 0.8451 0.9621 105 105
165-1-1-0.05-50-0 1 2439 36 36 151 151 0.8162 0.8162 165 165
165-1-1-0.05-50-0 1 2439 1 1 123 123 0.2520 0.2520 409 409
165-1-1-0.05-50-0 1 2439 14 13 96 148 0.8451 0.8878 105 151
165-1-1-0.05-50-0 1 2439 36 36 150 150 0.8162 0.8162 165 165
165-1-1-0.05-50-0 1 2440 36 43 152 108 0.8162 0.8316 165 123
165-1-1-0.05-50-0 1 2440 36 14 152 95 0.8162 0.8451 165 105
165-1-1-0.05-50-0 1 2440 36 2 152 102 0.8162 0.8198 165 167
165-1-1-0.05-50-0 1 2440 36 36 152 152 0.8162 0.8162 165 165
165-1-1-0.05-50-0 1 2440 1 8 128 166 0.2520 0.2506 409 303
165-1-1-0.05-50-0 1 2440 1 1 128 128 0.2520 0.2520 409 409
165-1-1-0.05-50-0 1 2440 1 8 127 165 0.2520 0.2506 409 303
165-1-1-0.05-50-0 1 2440 36 14 151 94 0.8162 0.8451 165 105
165-1-1-0.05-50-0 1 2440 36 2 151 101 0.8162 0.8198 165 167
165-1-1-0.05-50-0 1 2441 36 14 150 95 0.8162 0.8451 165 105
165-1-1-0.05-50-0 1 2441 2 17 99 1 0.8198 0.6398 167 197
165-1-1-0.05-50-0 1 2441 36 37 150 90 0.8162 0.8481 165 127
165-1-1-0.05-50-0 1 2441 36 37 150 89 0.8162 0.8481 165 127
165-1-1-0.05-50-0 1 2441 36 36 150 150 0.8162 0.8162 165 165
165-1-1-0.05-50-0 1 2441 36 2 149 99 0.8162 0.8198 165 167
165-1-1-0.05-50-0 1 2441 1 1 123 123 0.2520 0.2520 409 409
165-1-1-0.05-50-0 1 2442 36 43 147 111 0.8162 0.8316 165 123
165-1-1-0.05-50-0 1 2442 14 26 93 137 0.8451 0.8171 105 141
165-1-1-0.05-50-0 1 2442 1 10 119 120 0.2520 0.2533 409 449
165-1-1-0.05-50-0 1 2442 36 37 147 92 0.8162 0.8481 165 127
165-1-1-0.05-50-0 1 2442 14 47 93 98 0.8451 0.9293 105 103
165-1-1-0.05-50-0 1 2442 14 36 93 147 0.8451 0.8162 105 165
165-1-1-0.05-50-0 1 2442 36 2 146 96 0.8162 0.8198 165 167
165-1-1-0.05-50-0 1 2442 36 43 146 110 0.8162 0.8316 165 123
165-1-1-0.05-50-0 1 2443 1 1 121 121 0.2520 0.2520 409 409
165-1-1-0.05-50-0 1 2443 1 1 120 120 0.2520 0.2520 409 409
165-1-1-0.05-50-0 1 2443 1 10 119 123 0.2520 0.2533 409 449
165-1-1-0.05-50-0 1 2443 36 36 146 146 0.8162 0.8162 165 165
165-1-1-0.05-50-0 1 2443 36 26 145 141 0.8162 0.8171 165 141
165-1-1-0.05-50-0 1 2443 36 43 145 112 0.8162 0.8316 165 123
165-1-1-0.05-50-0 1 2443 36 36 145 145 0.8162 0.8162 165 165
165-1-1-0.05-50-0 1 2443 14 43 88 111 0.8451 0.8316 105 123
165-1-1-0.05-50-0 1 2444 36 2 144 96 0.8162 0.8198 165 167
165-1-1-0.05-50-0 1 2444 2 3 95 1 0.8198 0.4813 167 321
165-1-1-0.05-50-0 1 2444 1 1 116 116 0.2520 0.2520 409 409
165-1-1-0.05-50-0 1 2444 14 41 89 71 0.8451 0.9621 105 105
165-1-1-0.05-50-0 1 2444 14 2 89 95 0.8451 0.8198 105 167
165-1-1-0.05-50-0 1 2444 14 25 89 121 0.8451 0.9430 105 125
165-1-1-0.05-50-0 1 2444 1 1 115 115 0.2520 0.2520 409 409
165-1-1-0.05-50-0 1 2445 14 14 87 87 0.8451 0.8451 105 105
165-1-1-0.05-50-0 1 2445 36 2 143 95 0.8162 0.8198 165 167
165-1-1-0.05-50-0 1 2445 36 36 143 143 0.8162 0.8162 165 165
165-1-1-0.05-50-0 1 2445 1 8 110 172 0.2520 0.2506 409 303
165-1-1-0.05-50-0 1 2446 36 14 139 91 0.8162 0.8451 165 105
165-1-1-0.05-50-0 1 2446 1 8 108 171 0.2520 0.2506 409 303
165-1-1-0.05-50-0 1 2446 36 36 139 139 0.8162 0.8162 165 165
165-1-1-0.05-50-0 1 2446 1 8 108 170 0.2520 0.2506 409 303
165-1-1-0.05-50-0 1 2446 1 1 108 108 0.2520 0.2520 409 409
165-1-1-0.05-50-0 1 2446 1 8 107 169 0.2520 0.2506 409 303
165-1-1-0.05-50-0 1 2446 14 36 90 138 0.8451 0.8162 105 165
165-1-1-0.05-50-0 1 2447 36 36 136 136 0.8162 0.8162 165 165
165-1-1-0.05-50-0 1 2447 14 2 89 94 0.8451 0.8198 105 167
165-1-1-0.05-50-0 1 2447 36 43 135 112 0.8162 0.8316 165 123
165-1-1-0.05-50-0 1 2447 1 1 109 109 0.2520 0.2520 409 409
165-1-1-0.05-50-0 1 2448 1 10 109 138 0.2520 0.2533 409 449
165-1-1-0.05-50-0 1 2448 36 26 134 136 0.8162 0.8171 165 141
165-1-1-0.05-50-0 1 2448 36 36 134 134 0.8162 0.8162 165 165
165-1-1-0.05-50-0 1 2448 14 43 86 112 0.8451 0.8316 105 123
165-1-1-0.05-50-0 1 2448 1 10 109 137 0.2520 0.2533 409 449
165-1-1-0.05-50-0 1 2448 1 1 109 109 0.2520 0.2520 409 409
165-1-1-0.05-50-0 1 2448 1 1 108 108 0.2520 0.2520 409 409
165-1-1-0.05-50-0 1 2448 36 26 133 135 0.8162 0.8171 165 141
165-1-1-0.05-50-0 1 2448 1 8 107 179 0.2520 0.2506 409 303
165-1-1-0.05-50-0 1 2448 14 41 86 69 0.8451 0.9621 105 105
165-1-1-0.05-50-0 1 2448 1 8 107 178 0.2520 0.2506 409 303
165-1-1-0.05-50-0 1 2449 37 24 93 1 0.8481 0.1940 127 254
165-1-1-0.05-50-0 1 2449 14 20 86 2 0.8451 0.9922 105 102
165-1-1-0.05-50-0 1 2449 1 8 112 184 0.2520 0.2506 409 303
165-1-1-0.05-50-0 1 2449 1 8 112 183 0.2520 0.2506 409 303
165-1-1-0.05-50-0 1 2449 36 14 139 86 0.8162 0.8451 165 105
165-1-1-0.05-50-0 1 2449 36 26 139 134 0.8162 0.8171 165 141
165-1-1-0.05-50-0 1 2449 40 15 66 1 0.9739 0.7918 104 149
165-1-1-0.05-50-0 1 2449 36 43 139 110 0.8162 0.8316 165 123
165-1-1-0.05-50-0 1 2449 14 36 85 139 0.8451 0.8162 105 165
165-1-1-0.05-50-0 1 2450 36 43 141 110 0.8162 0.8316 165 123
165-1-1-0.05-50-0 1 2450 1 1 114 114 0.2520 0.2520 409 409
165-1-1-0.05-50-0 1 2450 1 10 113 136 0.2520 0.2533 409 449
165-1-1-0.05-50-0 1 2450 1 10 113 135 0.2520 0.2533 409 449
165-1-1-0.05-50-0 1 2450 1 8 113 182 0.2520 0.2506 409 303
165-1-1-0.05-50-0 1 2450 36 36 141 141 0.8162 0.8162 165 165
165-1-1-0.05-50-0 1 2450 14 43 87 109 0.8451 0.8316 105 123
165-1-1-0.05-50-0 1 2450 37 48 92 2 0.8481 0.1153 127 334
165-1-1-0.05-50-0 1 2451 14 47 92 102 0.8451 0.9293 105 103
165-1-1-0.05-50-0 1 2451 36 36 141 141 0.8162 0.8162 165 165
165-1-1-0.05-50-0 1 2451 14 13 92 147 0.8451 0.8878 105 151
165-1-1-0.05-50-0 1 2451 14 26 92 132 0.8451 0.8171 105 141
165-1-1-0.05-50-0 1 2451 1 1 113 113 0.2520 0.2520 409 409
165-1-1-0.05-50-0 1 2451 36 36 140 140 0.8162 0.8162 165 165
165-1-1-0.05-50-0 1 2451 36 36 139 139 0.8162 0.8162 165 165
165-1-1-0.05-50-0 1 2451 1 10 112 133 0.2520 0.2533 409 449
165-1-1-0.05-50-0 1 2451 36 14 138 92 0.8162 0.8451 165 105
165-1-1-0.05-50-0 1 2451 36 26 138 131 0.8162 0.8171 165 141
165-1-1-0.05-50-0 1 2452 36 36 135 135 0.8162 0.8162 165 165
165-1-1-0.05-50-0 1 2452 14 26 92 134 0.8451 0.8171 105 141
165-1-1-0.05-50-0 1 2452 36 43 134 110 0.8162 0.8316 165 123
165-1-1-0.05-50-0 1 2452 36 43 134 109 0.8162 0.8316 165 123
165-1-1-0.05-50-0 1 2452 14 7 92 105 0.8451 0.9267 105 106
165-1-1-0.05-50-0 1 2452 37 23 94 2 0.8481 0.1698 127 476
165-1-1-0.05-50-0 1 2452 1 8 116 186 0.2520 0.2506 409 303
165-1-1-0.05-50-0 1 2452 1 1 116 116 0.2520 0.2520 409 409
165-1-1-0.05-50-0 1 2452 36 37 134 94 0.8162 0.8481 165 127
165-1-1-0.05-50-0 1 2452 1 1 115 115 0.2520 0.2520 409 409
165-1-1-0.05-50-0 1 2453 14 37 91 91 0.8451 0.8481 105 127
165-1-1-0.05-50-0 1 2453 1 8 117 185 0.2520 0.2506 409 303
165-1-1-0.05-50-0 1 2453 1 1 117 117 0.2520 0.2520 409 409
165-1-1-0.05-50-0 1 2453 14 26 91 138 0.8451 0.8171 105 141
165-1-1-0.05-50-0 1 2453 21 1 1 116 0.4184 0.2520 158 409
165-1-1-0.05-50-0 1 2454 1 8 117 183 0.2520 0.2506 409 303
165-1-1-0.05-50-0 1 2454 1 1 117 117 0.2520 0.2520 409 409
165-1-1-0.05-50-0 1 2454 1 8 116 182 0.2520 0.2506 409 303
165-1-1-0.05-50-0 1 2454 40 21 68 1 0.9739 0.4184 104 158
165-1-1-0.05-50-0 1 2454 14 47 88 100 0.8451 0.9293 105 103
165-1-1-0.05-50-0 1 2454 14 43 88 110 0.8451 0.8316 105 123
165-1-1-0.05-50-0 1 2454 1 1 116 116 0.2520 0.2520 409 409
165-1-1-0.05-50-0 1 2454 36 14 132 88 0.8162 0.8451 165 105
165-1-1-0.05-50-0 1 2454 36 14 132 87 0.8162 0.8451 165 105
165-1-1-0.05-50-0 1 2454 37 23 92 1 0.8481 0.1698 127 476
165-1-1-0.05-50-0 1 2454 1 10 115 127 0.2520 0.2533 409 449
165-1-1-0.05-50-0 1 2454 36 37 132 92 0.8162 0.8481 165 127
165-1-1-0.05-50-0 1 2454 36 36 132 132 0.8162 0.8162 165 165
165-1-1-0.05-50-0 1 2454 1 8 115 181 0.2520 0.2506 409 303
165-1-1-0.05-50-0 1 2455 36 37 133 93 0.8162 0.8481 165 127
165-1-1-0.05-50-0 1 2455 36 26 133 133 0.8162 0.8171 165 141
165-1-1-0.05-50-0 1 2455 36 2 133 98 0.8162 0.8198 165 167
165-1-1-0.05-50-0 1 2455 36 14 133 92 0.8162 0.8451 165 105
165-1-1-0.05-50-0 1 2455 36 26 133 132 0.8162 0.8171 165 141
165-1-1-0.05-50-0 1 2455 36 43 133 113 0.8162 0.8316 165 123
165-1-1-0.05-50-0 1 2455 1 10 110 124 0.2520 0.2533 409 449
165-1-1-0.05-50-0 1 2455 36 26 133 131 0.8162 0.8171 165 141
165-1-1-0.05-50-0 1 2455 1 8 110 185 0.2520 0.2506 409 303
165-1-1-0.05-50-0 1 2456 36 14 134 88 0.8162 0.8451 165 105
165-1-1-0.05-50-0 1 2456 36 36 134 134 0.8162 0.8162 165 165
165-1-1-0.05-50-0 1 2456 1 10 109 127 0.2520 0.2533 409 449
165-1-1-0.05-50-0 1 2456 1 8 109 183 0.2520 0.2506 409 303
165-1-1-0.05-50-0 1 2456 1 8 109 182 0.2520 0.2506 409 303
165-1-1-0.05-50-0 1 2456 14 47 87 100 0.8451 0.9293 105 103
165-1-1-0.05-50-0 1 2456 1 10 109 126 0.2520 0.2533 409 449
165-1-1-0.05-50-0 1 2456 36 43 133 110 0.8162 0.8316 165 123
165-1-1-0.05-50-0 1 2457 14 26 91 131 0.8451 0.8171 105 141
165-1-1-0.05-50-0 1 2457 26 46 130 1 0.8171 0.3451 141 327
165-1-1-0.05-50-0 1 2457 36 37 136 86 0.8162 0.8481 165 127
165-1-1-0.05-50-0 1 2457 14 40 91 65 0.8451 0.9739 105 104
165-1-1-0.05-50-0 1 2457 14 13 91 144 0.8451 0.8878 105 151
165-1-1-0.05-50-0 1 2458 1 8 110 183 0.2520 0.2506 409 303
165-1-1-0.05-50-0 1 2458 1 10 110 124 0.2520 0.2533 409 449
165-1-1-0.05-50-0 1 2458 1 10 110 123 0.2520 0.2533 409 449
165-1-1-0.05-50-0 1 2458 14 36 94 138 0.8451 0.8162 105 165
165-1-1-0.05-50-0 1 2458 36 14 137 94 0.8162 0.8451 165 105
165-1-1-0.05-50-0 1 2459 36 37 133 86 0.8162 0.8481 165 127
165-1-1-0.05-50-0 1 2459 14 7 92 104 0.8451 0.9267 105 106
165-1-1-0.05-50-0 1 2459 1 10 110 124 0.2520 0.2533 409 449
165-1-1-0.05-50-0 1 2459 14 36 92 133 0.8451 0.8162 105 165
165-1-1-0.05-50-0 1 2459 1 10 110 123 0.2520 0.2533 409 449
165-1-1-0.05-50-0 1 2459 36 26 132 130 0.8162 0.8171 165 141
165-1-1-0.05-50-0 1 2459 36 26 132 129 0.8162 0.8171 165 141
165-1-1-0.05-50-0 1 2459 36 36 132 132 0.8162 0.8162 165 165
165-1-1-0.05-50-0 1 2460 14 25 93 117 0.8451 0.9430 105 125
165-1-1-0.05-50-0 1 2460 14 36 93 127 0.8451 0.8162 105 165
165-1-1-0.05-50-0 1 2460 36 43 126 105 0.8162 0.8316 165 123
165-1-1-0.05-50-0 1 2460 41 35 78 1 0.9621 0.0354 105 158
165-1-1-0.05-50-0 1 2460 36 14 126 93 0.8162 0.8451 165 105
165-1-1-0.05-50-0 1 2460 14 13 92 140 0.8451 0.8878 105 151
165-1-1-0.05-50-0 1 2461 36 37 125 85 0.8162 0.8481 165 127
165-1-1-0.05-50-0 1 2461 14 25 90 119 0.8451 0.9430 105 125
165-1-1-0.05-50-0 1 2461 1 1 116 116 0.2520 0.2520 409 409
165-1-1-0.05-50-0 1 2461 37 48 84 1 0.8481 0.1153 127 334
165-1-1-0.05-50-0 1 2461 14 41 90 77 0.8451 0.9621 105 105
165-1-1-0.05-50-0 1 2461 1 10 115 122 0.2520 0.2533 409 449
165-1-1-0.05-50-0 1 2461 36 37 125 84 0.8162 0.8481 165 127
165-1-1-0.05-50-0 1 2461 36 2 125 100 0.8162 0.8198 165 167
165-1-1-0.05-50-0 1 2461 36 36 125 125 0.8162 0.8162 165 165
165-1-1-0.05-50-0 1 2461 36 37 124 83 0.8162 0.8481 165 127
165-1-1-0.05-50-0 1 2462 14 2 92 98 0.8451 0.8198 105 167
165-1-1-0.05-50-0 1 2462 14 41 92 74 0.8451 0.9621 105 105
165-1-1-0.05-50-0 1 2462 1 10 112 115 0.2520 0.2533 409 449
165-1-1-0.05-50-0 1 2462 14 13 92 137 0.8451 0.8878 105 151
165-1-1-0.05-50-0 1 2463 1 8 113 178 0.2520 0.2506 409 303
165-1-1-0.05-50-0 1 2463 36 33 127 2 0.8162 0.6893 165 191
165-1-1-0.05-50-0 1 2463 36 36 127 127 0.8162 0.8162 165 165
165-1-1-0.05-50-0 1 2463 1 1 113 113 0.2520 0.2520 409 409
165-1-1-0.05-50-0 1 2463 14 26 94 127 0.8451 0.8171 105 141
165-1-1-0.05-50-0 1 2463 14 43 94 107 0.8451 0.8316 105 123
165-1-1-0.05-50-0 1 2463 1 8 112 177 0.2520 0.2506 409 303
165-1-1-0.05-50-0 1 2463 1 8 112 176 0.2520 0.2506 409 303
165-1-1-0.05-50-0 1 2464 1 8 111 171 0.2520 0.2506 409 303
165-1-1-0.05-50-0 1 2464 14 13 94 135 0.8451 0.8878 105 151
165-1-1-0.05-50-0 1 2464 36 37 120 85 0.8162 0.8481 165 127
165-1-1-0.05-50-0 1 2464 14 7 94 106 0.8451 0.9267 105 106
165-1-1-0.05-50-0 1 2464 36 15 120 1 0.8162 0.7918 165 149
165-1-1-0.05-50-0 1 2464 41 5 71 1 0.9621 0.0007 105 226
165-1-1-0.05-50-0 1 2464 1 8 111 170 0.2520 0.2506 409 303
165-1-1-0.05-50-0 1 2464 14 14 94 94 0.8451 0.8451 105 105
165-1-1-0.05-50-0 1 2464 36 26 120 127 0.8162 0.8171 165 141
165-1-1-0.05-50-0 1 2464 14 36 93 120 0.8451 0.8162 105 165
165-1-1-0.05-50-0 1 2465 1 8 115 167 0.2520 0.2506 409 303
165-1-1-0.05-50-0 1 2465 36 37 120 83 0.8162 0.8481 165 127
165-1-1-0.05-50-0 1 2465 1 10 115 118 0.2520 0.2533 409 449
165-1-1-0.05-50-0 1 2465 40 32 69 1 0.9739 0.6514 104 215
165-1-1-0.05-50-0 1 2465 36 26 120 125 0.8162 0.8171 165 141
165-1-1-0.05-50-0 1 2465 2 33 99 1 0.8198 0.6893 167 191
165-1-1-0.05-50-0 1 2465 36 37 120 82 0.8162 0.8481 165 127
165-1-1-0.05-50-0 1 2465 1 1 115 115 0.2520 0.2520 409 409
165-1-1-0.05-50-0 1 2465 36 14 120 91 0.8162 0.8451 165 105
165-1-1-0.05-50-0 1 2465 36 43 120 109 0.8162 0.8316 165 123
165-1-1-0.05-50-0 1 2466 1 10 112 116 0.2520 0.2533 409 449
165-1-1-0.05-50-0 1 2466 1 8 112 172 0.2520 0.2506 409 303
165-1-1-0.05-50-0 1 2466 36 14 123 93 0.8162 0.8451 165 105
165-1-1-0.05-50-0 1 2466 36 43 123 110 0.8162 0.8316 165 123
165-1-1-0.05-50-0 1 2466 1 8 112 171 0.2520 0.2506 409 303
165-1-1-0.05-50-0 1 2466 36 43 123 109 0.8162 0.8316 165 123
165-1-1-0.05-50-0 1 2467 36 36 123 123 0.8162 0.8162 165 165
165-1-1-0.05-50-0 1 2467 1 8 120 171 0.2520 0.2506 409 303
165-1-1-0.05-50-0 1 2467 36 26 122 126 0.8162 0.8171 165 141
165-1-1-0.05-50-0 1 2467 14 26 86 125 0.8451 0.8171 105 141
165-1-1-0.05-50-0 1 2468 1 10 123 113 0.2520 0.2533 409 449
165-1-1-0.05-50-0 1 2468 14 13 88 130 0.8451 0.8878 105 151
165-1-1-0.05-50-0 1 2468 36 26 124 124 0.8162 0.8171 165 141
165-1-1-0.05-50-0 1 2468 14 37 88 79 0.8451 0.8481 105 127
165-1-1-0.05-50-0 1 2468 36 26 124 123 0.8162 0.8171 165 141
165-1-1-0.05-50-0 1 2468 14 43 88 105 0.8451 0.8316 105 123
165-1-1-0.05-50-0 1 2468 14 7 88 106 0.8451 0.9267 105 106
165-1-1-0.05-50-0 1 2468 1 8 123 177 0.2520 0.2506 409 303
165-1-1-0.05-50-0 1 2469 14 2 89 99 0.8451 0.8198 105 167
165-1-1-0.05-50-0 1 2469 36 43 122 108 0.8162 0.8316 165 123
165-1-1-0.05-50-0 1 2469 14 47 89 103 0.8451 0.9293 105 103
165-1-1-0.05-50-0 1 2469 1 10 128 116 0.2520 0.2533 409 449
165-1-1-0.05-50-0 1 2470 14 26 92 125 0.8451 0.8171 105 141
165-1-1-0.05-50-0 1 2470 36 36 121 121 0.8162 0.8162 165 165
165-1-1-0.05-50-0 1 2470 1 10 127 115 0.2520 0.2533 409 449
165-1-1-0.05-50-0 1 2470 36 2 120 100 0.8162 0.8198 165 167
165-1-1-0.05-50-0 1 2471 36 26 122 128 0.8162 0.8171 165 141
165-1-1-0.05-50-0 1 2471 1 8 129 176 0.2520 0.2506 409 303
165-1-1-0.05-50-0 1 2471 36 43 122 111 0.8162 0.8316 165 123
165-1-1-0.05-50-0 1 2471 14 37 93 75 0.8451 0.8481 105 127
165-1-1-0.05-50-0 1 2471 36 2 122 102 0.8162 0.8198 165 167
165-1-1-0.05-50-0 1 2472 36 26 123 130 0.8162 0.8171 165 141
165-1-1-0.05-50-0 1 2472 1 8 129 175 0.2520 0.2506 409 303
165-1-1-0.05-50-0 1 2472 14 43 93 109 0.8451 0.8316 105 123
165-1-1-0.05-50-0 1 2472 14 40 93 68 0.8451 0.9739 105 104
165-1-1-0.05-50-0 1 2472 1 8 129 174 0.2520 0.2506 409 303
165-1-1-0.05-50-0 1 2472 14 25 93 111 0.8451 0.9430 105 125
165-1-1-0.05-50-0 1 2472 36 2 123 100 0.8162 0.8198 165 167
165-1-1-0.05-50-0 1 2472 1 10 129 109 0.2520 0.2533 409 449
165-1-1-0.05-50-0 1 2472 1 1 129 129 0.2520 0.2520 409 409
165-1-1-0.05-50-0 1 2472 1 10 128 108 0.2520 0.2533 409 449
165-1-1-0.05-50-0 1 2473 14 25 93 111 0.8451 0.9430 105 125
165-1-1-0.05-50-0 1 2473 1 1 127 127 0.2520 0.2520 409 409
165-1-1-0.05-50-0 1 2473 36 43 123 103 0.8162 0.8316 165 123
165-1-1-0.05-50-0 1 2473 36 26 123 128 0.8162 0.8171 165 141
165-1-1-0.05-50-0 1 2473 14 36 93 123 0.8451 0.8162 105 165
165-1-1-0.05-50-0 1 2474 1 10 130 117 0.2520 0.2533 409 449
165-1-1-0.05-50-0 1 2474 1 10 130 116 0.2520 0.2533 409 449
165-1-1-0.05-50-0 1 2474 41 5 63 1 0.9621 0.0007 105 226
165-1-1-0.05-50-0 1 2474 1 1 130 130 0.2520 0.2520 409 409
165-1-1-0.05-50-0 1 2474 37 12 74 1 0.8481 0.1896 127 325
165-1-1-0.05-50-0 1 2474 36 37 124 74 0.8162 0.8481 165 127
165-1-1-0.05-50-0 1 2474 1 8 129 179 0.2520 0.2506 409 303
165-1-1-0.05-50-0 1 2474 1 8 129 178 0.2520 0.2506 409 303
165-1-1-0.05-50-0 1 2474 36 43 124 103 0.8162 0.8316 165 123
165-1-1-0.05-50-0 1 2475 14 26 97 132 0.8451 0.8171 105 141
165-1-1-0.05-50-0 1 2475 14 36 97 126 0.8451 0.8162 105 165
165-1-1-0.05-50-0 1 2475 36 43 125 103 0.8162 0.8316 165 123
165-1-1-0.05-50-0 1 2475 1 1 131 131 0.2520 0.2520 409 409
165-1-1-0.05-50-0 1 2475 36 26 125 131 0.8162 0.8171 165 141
165-1-1-0.05-50-0 1 2475 36 36 125 125 0.8162 0.8162 165 165
165-1-1-0.05-50-0 1 2475 25 22 110 1 0.9430 0.0160 125 311
165-1-1-0.05-50-0 1 2476 1 8 128 186 0.2520 0.2506 409 303
165-1-1-0.05-50-0 1 2476 1 8 128 185 0.2520 0.2506 409 303
165-1-1-0.05-50-0 1 2476 1 8 128 184 0.2520 0.2506 409 303
165-1-1-0.05-50-0 1 2476 36 26 123 130 0.8162 0.8171 165 141
165-1-1-0.05-50-0 1 2476 1 10 128 121 0.2520 0.2533 409 449
165-1-1-0.05-50-0 1 2476 10 27 120 2 0.2533 0.0776 449 149
165-1-1-0.05-50-0 1 2476 1 8 128 183 0.2520 0.2506 409 303
165-1-1-0.05-50-0 1 2477 36 43 125 107 0.8162 0.8316 165 123
165-1-1-0.05-50-0 1 2477 1 8 134 188 0.2520 0.2506 409 303
165-1-1-0.05-50-0 1 2477 36 2 125 104 0.8162 0.8198 165 167
165-1-1-0.05-50-0 1 2477 36 43 125 106 0.8162 0.8316 165 123
165-1-1-0.05-50-0 1 2478 14 47 99 102 0.8451 0.9293 105 103
165-1-1-0.05-50-0 1 2478 14 13 99 141 0.8451 0.8878 105 151
165-1-1-0.05-50-0 1 2478 14 43 99 108 0.8451 0.8316 105 123
165-1-1-0.05-50-0 1 2478 36 2 123 108 0.8162 0.8198 165 167
165-1-1-0.05-50-0 1 2478 1 8 140 190 0.2520 0.2506 409 303
165-1-1-0.05-50-0 1 2479 36 14 125 98 0.8162 0.8451 165 105
165-1-1-0.05-50-0 1 2479 1 10 142 119 0.2520 0.2533 409 449
165-1-1-0.05-50-0 1 2479 1 1 142 142 0.2520 0.2520 409 409
165-1-1-0.05-50-0 1 2479 1 8 141 194 0.2520 0.2506 409 303
165-1-1-0.05-50-0 1 2479 14 13 97 144 0.8451 0.8878 105 151
165-1-1-0.05-50-0 1 2479 36 43 125 107 0.8162 0.8316 165 123
165-1-1-0.05-50-0 1 2479 1 10 141 118 0.2520 0.2533 409 449
165-1-1-0.05-50-0 1 2480 14 40 95 71 0.8451 0.9739 105 104
165-1-1-0.05-50-0 1 2480 14 25 95 96 0.8451 0.9430 105 125
165-1-1-0.05-50-0 1 2480 36 37 127 72 0.8162 0.8481 165 127
165-1-1-0.05-50-0 1 2480 2 29 109 1 0.8198 0.6728 167 177
165-1-1-0.05-50-0 1 2480 1 10 148 119 0.2520 0.2533 409 449
165-1-1-0.05-50-0 1 2480 14 26 95 131 0.8451 0.8171 105 141
165-1-1-0.05-50-0 1 2480 1 10 148 118 0.2520 0.2533 409 449
165-1-1-0.05-50-0 1 2480 36 43 127 109 0.8162 0.8316 165 123
165-1-1-0.05-50-0 1 2480 1 1 148 148 0.2520 0.2520 409 409
165-1-1-0.05-50-0 1 2481 37 39 72 1 0.8481 0.2187 127 309
165-1-1-0.05-50-0 1 2481 1 1 146 146 0.2520 0.2520 409 409
165-1-1-0.05-50-0 1 2481 36 14 129 94 0.8162 0.8451 165 105
165-1-1-0.05-50-0 1 2481 1 10 145 117 0.2520 0.2533 409 449
165-1-1-0.05-50-0 1 2481 1 8 145 198 0.2520 0.2506 409 303
165-1-1-0.05-50-0 1 2481 1 10 145 116 0.2520 0.2533 409 449
165-1-1-0.05-50-0 1 2481 36 36 129 129 0.8162 0.8162 165 165
165-1-1-0.05-50-0 1 2481 36 43 128 109 0.8162 0.8316 165 123
165-1-1-0.05-50-0 1 2481 1 10 145 115 0.2520 0.2533 409 449
165-1-1-0.05-50-0 1 2482 1 10 146 115 0.2520 0.2533 409 449
165-1-1-0.05-50-0 1 2482 36 14 122 93 0.8162 0.8451 165 105
165-1-1-0.05-50-0 1 2482 14 14 92 92 0.8451 0.8451 105 105
165-1-1-0.05-50-0 1 2482 1 8 146 198 0.2520 0.2506 409 303
165-1-1-0.05-50-0 1 2482 36 43 122 106 0.8162 0.8316 165 123
165-1-1-0.05-50-0 1 2483 36 36 124 124 0.8162 0.8162 165 165
165-1-1-0.05-50-0 1 2483 1 8 151 198 0.2520 0.2506 409 303
165-1-1-0.05-50-0 1 2483 36 36 123 123 0.8162 0.8162 165 165
165-1-1-0.05-50-0 1 2483 1 1 151 151 0.2520 0.2520 409 409
165-1-1-0.05-50-0 1 2483 36 43 122 106 0.8162 0.8316 165 123
165-1-1-0.05-50-0 1 2483 1 8 150 197 0.2520 0.2506 409 303
165-1-1-0.05-50-0 1 2483 1 8 150 196 0.2520 0.2506 409 303
165-1-1-0.05-50-0 1 2483 14 13 89 151 0.8451 0.8878 105 151
165-1-1-0.05-50-0 1 2483 36 26 122 122 0.8162 0.8171 165 141
165-1-1-0.05-50-0 1 2484 1 1 158 158 0.2520 0.2520 409 409
165-1-1-0.05-50-0 1 2484 36 43 124 107 0.8162 0.8316 165 123
165-1-1-0.05-50-0 1 2484 36 26 124 120 0.8162 0.8171 165 141
165-1-1-0.05-50-0 1 2484 41 4 59 3 0.9621 0.0723 105 351
165-1-1-0.05-50-0 1 2484 14 40 89 69 0.8451 0.9739 105 104
165-1-1-0.05-50-0 1 2485 14 13 88 148 0.8451 0.8878 105 151
165-1-1-0.05-50-0 1 2485 1 1 156 156 0.2520 0.2520 409 409
165-1-1-0.05-50-0 1 2485 1 10 155 122 0.2520 0.2533 409 449
165-1-1-0.05-50-0 1 2485 36 26 125 121 0.8162 0.8171 165 141
165-1-1-0.05-50-0 1 2485 36 43 125 102 0.8162 0.8316 165 123
165-1-1-0.05-50-0 1 2485 1 8 155 193 0.2520 0.2506 409 303
165-1-1-0.05-50-0 1 2485 14 2 88 113 0.8451 0.8198 105 167
165-1-1-0.05-50-0 1 2485 36 14 125 88 0.8162 0.8451 165 105
165-1-1-0.05-50-0 1 2485 40 33 66 1 0.9739 0.6893 104 191
165-1-1-0.05-50-0 1 2486 14 36 86 126 0.8451 0.8162 105 165
165-1-1-0.05-50-0 1 2486 14 14 86 86 0.8451 0.8451 105 105
165-1-1-0.05-50-0 1 2486 1 10 156 122 0.2520 0.2533 409 449
165-1-1-0.05-50-0 1 2486 1 8 156 199 0.2520 0.2506 409 303
165-1-1-0.05-50-0 1 2486 1 1 156 156 0.2520 0.2520 409 409
165-1-1-0.05-50-0 1 2486 36 37 125 74 0.8162 0.8481 165 127
165-1-1-0.05-50-0 1 2487 36 37 124 72 0.8162 0.8481 165 127
165-1-1-0.05-50-0 1 2487 43 12 98 2 0.8316 0.1896 123 325
165-1-1-0.05-50-0 1 2487 1 8 154 201 0.2520 0.2506 409 303
165-1-1-0.05-50-0 1 2487 14 13 85 144 0.8451 0.8878 105 151
165-1-1-0.05-50-0 1 2487 1 1 154 154 0.2520 0.2520 409 409
165-1-1-0.05-50-0 1 2488 36 14 126 86 0.8162 0.8451 165 105
165-1-1-0.05-50-0 1 2488 36 14 126 85 0.8162 0.8451 165 105
165-1-1-0.05-50-0 1 2488 1 10 161 131 0.2520 0.2533 409 449
165-1-1-0.05-50-0 1 2488 1 1 161 161 0.2520 0.2520 409 409
165-1-1-0.05-50-0 1 2488 36 26 126 119 0.8162 0.8171 165 141
165-1-1-0.05-50-0 1 2488 36 43 126 99 0.8162 0.8316 165 123
165-1-1-0.05-50-0 1 2488 14 47 84 102 0.8451 0.9293 105 103
165-1-1-0.05-50-0 1 2489 36 43 126 98 0.8162 0.8316 165 123
165-1-1-0.05-50-0 1 2489 1 8 164 198 0.2520 0.2506 409 303
165-1-1-0.05-50-0 1 2489 36 26 126 113 0.8162 0.8171 165 141
165-1-1-0.05-50-0 1 2489 43 24 97 2 0.8316 0.1940 123 254
165-1-1-0.05-50-0 1 2489 1 1 164 164 0.2520 0.2520 409 409
165-1-1-0.05-50-0 1 2489 1 8 163 197 0.2520 0.2506 409 303
165-1-1-0.05-50-0 1 2489 14 43 85 97 0.8451 0.8316 105 123
165-1-1-0.05-50-0 1 2489 37 48 73 4 0.8481 0.1153 127 334
165-1-1-0.05-50-0 1 2489 14 2 85 114 0.8451 0.8198 105 167
165-1-1-0.05-50-0 1 2489 1 8 163 196 0.2520 0.2506 409 303
165-1-1-0.05-50-0 1 2490 41 35 60 2 0.9621 0.0354 105 158
165-1-1-0.05-50-0 1 2490 1 1 162 162 0.2520 0.2520 409 409
165-1-1-0.05-50-0 1 2490 1 8 161 196 0.2520 0.2506 409 303
165-1-1-0.05-50-0 1 2490 10 27 130 3 0.2533 0.0776 449 149
165-1-1-0.05-50-0 1 2490 1 1 161 161 0.2520 0.2520 409 409
165-1-1-0.05-50-0 1 2491 36 2 133 103 0.8162 0.8198 165 167
165-1-1-0.05-50-0 1 2491 36 43 133 98 0.8162 0.8316 165 123
165-1-1-0.05-50-0 1 2491 14 2 81 102 0.8451 0.8198 105 167
165-1-1-0.05-50-0 1 2491 14 40 81 61 0.8451 0.9739 105 104
165-1-1-0.05-50-0 1 2491 2 9 101 1 0.8198 0.6134 167 161
165-1-1-0.05-50-0 1 2491 37 48 73 3 0.8481 0.1153 127 334
165-1-1-0.05-50-0 1 2492 36 2 133 103 0.8162 0.8198 165 167
165-1-1-0.05-50-0 1 2492 1 1 161 161 0.2520 0.2520 409 409
165-1-1-0.05-50-0 1 2492 1 10 160 134 0.2520 0.2533 409 449
165-1-1-0.05-50-0 1 2492 1 1 160 160 0.2520 0.2520 409 409
165-1-1-0.05-50-0 1 2492 1 8 159 208 0.2520 0.2506 409 303
165-1-1-0.05-50-0 1 2492 1 10 159 133 0.2520 0.2533 409 449
165-1-1-0.05-50-0 1 2492 36 2 133 102 0.8162 0.8198 165 167
165-1-1-0.05-50-0 1 2493 14 26 79 110 0.8451 0.8171 105 141
165-1-1-0.05-50-0 1 2493 1 8 155 215 0.2520 0.2506 409 303
165-1-1-0.05-50-0 1 2493 36 14 140 79 0.8162 0.8451 165 105
165-1-1-0.05-50-0 1 2493 1 1 155 155 0.2520 0.2520 409 409
165-1-1-0.05-50-0 1 2493 36 2 140 97 0.8162 0.8198 165 167
165-1-1-0.05-50-0 1 2493 36 36 140 140 0.8162 0.8162 165 165
165-1-1-0.05-50-0 1 2493 41 4 63 1 0.9621 0.0723 105 351
165-1-1-0.05-50-0 1 2493 1 1 154 154 0.2520 0.2520 409 409
165-1-1-0.05-50-0 1 2493 1 1 153 153 0.2520 0.2520 409 409
165-1-1-0.05-50-0 1 2493 1 1 152 152 0.2520 0.2520 409 409
165-1-1-0.05-50-0 1 2494 1 10 155 135 0.2520 0.2533 409 449
165-1-1-0.05-50-0 1 2494 14 26 75 106 0.8451 0.8171 105 141
165-1-1-0.05-50-0 1 2494 36 36 136 136 0.8162 0.8162 165 165
165-1-1-0.05-50-0 1 2494 14 26 75 105 0.8451 0.8171 105 141
165-1-1-0.05-50-0 1 2494 1 1 155 155 0.2520 0.2520 409 409
165-1-1-0.05-50-0 1 2494 1 1 154 154 0.2520 0.2520 409 409
165-1-1-0.05-50-0 1 2494 14 36 75 135 0.8451 0.8162 105 165
165-1-1-0.05-50-0 1 2494 1 1 153 153 0.2520 0.2520 409 409
165-1-1-0.05-50-0 1 2494 1 1 152 152 0.2520 0.2520 409 409
165-1-1-0.05-50-0 1 2495 14 7 74 106 0.8451 0.9267 105 106
165-1-1-0.05-50-0 1 2495 1 10 149 139 0.2520 0.2533 409 449
165-1-1-0.05-50-0 1 2495 14 37 74 77 0.8451 0.8481 105 127
165-1-1-0.05-50-0 1 2495 36 14 130 74 0.8162 0.8451 165 105
165-1-1-0.05-50-0 1 2495 36 26 130 106 0.8162 0.8171 165 141
165-1-1-0.05-50-0 1 2495 25 35 109 1 0.9430 0.0354 125 158
165-1-1-0.05-50-0 1 2495 36 2 130 100 0.8162 0.8198 165 167
165-1-1-0.05-50-0 1 2496 36 43 128 96 0.8162 0.8316 165 123
165-1-1-0.05-50-0 1 2496 14 7 76 105 0.8451 0.9267 105 106
165-1-1-0.05-50-0 1 2496 36 26 128 109 0.8162 0.8171 165 141
165-1-1-0.05-50-0 1 2496 1 1 156 156 0.2520 0.2520 409 409
165-1-1-0.05-50-0 1 2496 1 8 155 205 0.2520 0.2506 409 303
165-1-1-0.05-50-0 1 2496 14 13 76 148 0.8451 0.8878 105 151
165-1-1-0.05-50-0 1 2496 36 26 128 108 0.8162 0.8171 165 141
165-1-1-0.05-50-0 1 2496 1 8 155 204 0.2520 0.2506 409 303
165-1-1-0.05-50-0 1 2497 36 19 127 2 0.8162 0.8072 165 134
165-1-1-0.05-50-0 1 2497 1 10 156 130 0.2520 0.2533 409 449
165-1-1-0.05-50-0 1 2497 36 43 127 96 0.8162 0.8316 165 123
165-1-1-0.05-50-0 1 2497 1 1 156 156 0.2520 0.2520 409 409
165-1-1-0.05-50-0 1 2497 1 1 155 155 0.2520 0.2520 409 409
165-1-1-0.05-50-0 1 2497 1 10 154 129 0.2520 0.2533 409 449
165-1-1-0.05-50-0 1 2498 36 36 123 123 0.8162 0.8162 165 165
165-1-1-0.05-50-0 1 2498 14 7 78 106 0.8451 0.9267 105 106
165-1-1-0.05-50-0 1 2498 36 37 122 71 0.8162 0.8481 165 127
165-1-1-0.05-50-0 1 2498 1 8 155 207 0.2520 0.2506 409 303
165-1-1-0.05-50-0 1 2498 37 48 70 2 0.8481 0.1153 127 334
165-1-1-0.05-50-0 1 2498 14 25 78 107 0.8451 0.9430 105 125
165-1-1-0.05-50-0 1 2498 14 26 78 106 0.8451 0.8171 105 141
165-1-1-0.05-50-0 1 2498 36 2 122 98 0.8162 0.8198 165 167
165-1-1-0.05-50-0 1 2498 1 10 155 131 0.2520 0.2533 409 449
165-1-1-0.05-50-0 1 2499 36 37 125 70 0.8162 0.8481 165 127
165-1-1-0.05-50-0 1 2499 14 40 80 54 0.8451 0.9739 105 104
165-1-1-0.05-50-0 1 2499 1 8 159 211 0.2520 0.2506 409 303
165-1-1-0.05-50-0 1 2499 36 43 125 94 0.8162 0.8316 165 123
165-1-1-0.05-50-0 1 2499 1 10 159 132 0.2520 0.2533 409 449
165-1-1-0.05-50-0 1 2499 1 1 159 159 0.2520 0.2520 409 409
165-1-1-0.05-50-0 1 2499 1 8 158 210 0.2520 0.2506 409 303
165-1-1-0.05-50-0 1 2499 36 36 125 125 0.8162 0.8162 165 165
165-1-1-0.05-50-0 1 2499 1 1 158 158 0.2520 0.2520 409 409
165-1-1-0.05-50-0 1 2499 14 2 80 97 0.8451 0.8198 105 167
165-1-1-0.05-50-0 1 2500 1 10 160 134 0.2520 0.2533 409 449
165-1-1-0.05-50-0 1 2500 36 36 125 125 0.8162 0.8162 165 165
165-1-1-0.05-50-0 1 2500 1 8 160 209 0.2520 0.2506 409 303
165-1-1-0.05-50-0 1 2500 1 1 160 160 0.2520 0.2520 409 409
165-1-1-0.05-50-0 1 2500 1 8 159 208 0.2520 0.2506 409 303
165-1-1-0.05-50-0 1 2500 1 1 159 159 0.2520 0.2520 409 409
