168-0-1-0.05-50-0 0 2302 26 10 3 11 0.8171 0.2533 141 449
168-0-1-0.05-50-0 0 2302 34 20 8 10 0.7448 0.9922 168 102
168-0-1-0.05-50-0 0 2303 29 49 9 9 0.6728 0.1842 177 136
168-0-1-0.05-50-0 0 2303 42 12 7 3 0.7447 0.1896 106 325
168-0-1-0.05-50-0 0 2304 38 40 2 2 0.6163 0.9739 270 104
168-0-1-0.05-50-0 0 2304 1 29 8 6 0.2520 0.6728 409 177
168-0-1-0.05-50-0 0 2305 32 1 8 9 0.6514 0.2520 215 409
168-0-1-0.05-50-0 0 2305 42 45 8 21 0.7447 0.3816 106 173
168-0-1-0.05-50-0 0 2306 1 32 9 8 0.2520 0.6514 409 215
168-0-1-0.05-50-0 0 2306 32 20 7 9 0.6514 0.9922 215 102
168-0-1-0.05-50-0 0 2307 1 22 9 10 0.2520 0.0160 409 311
168-0-1-0.05-50-0 0 2307 29 45 7 18 0.6728 0.3816 177 173
168-0-1-0.05-50-0 0 2308 46 15 4 2 0.3451 0.7918 327 149
168-0-1-0.05-50-0 0 2308 21 1 2 9 0.4184 0.2520 158 409
168-0-1-0.05-50-0 0 2308 45 10 17 13 0.3816 0.2533 173 449
168-0-1-0.05-50-0 0 2309 1 42 8 11 0.2520 0.7447 409 106
168-0-1-0.05-50-0 0 2309 1 32 8 7 0.2520 0.6514 409 215
168-0-1-0.05-50-0 0 2309 10 47 11 3 0.2533 0.9293 449 103
168-0-1-0.05-50-0 0 2310 22 19 6 5 0.0160 0.8072 311 134
168-0-1-0.05-50-0 0 2310 32 44 7 7 0.6514 0.7034 215 118
168-0-1-0.05-50-0 0 2311 31 44 6 5 0.5626 0.7034 252 118
168-0-1-0.05-50-0 0 2311 11 42 4 11 0.0504 0.7447 384 106
168-0-1-0.05-50-0 0 2312 1 45 8 20 0.2520 0.3816 409 173
168-0-1-0.05-50-0 0 2312 29 26 8 5 0.6728 0.8171 177 141
168-0-1-0.05-50-0 0 2313 11 22 5 7 0.0504 0.0160 384 311
168-0-1-0.05-50-0 0 2313 10 40 9 2 0.2533 0.9739 449 104
168-0-1-0.05-50-0 0 2314 47 31 2 6 0.9293 0.5626 103 252
168-0-1-0.05-50-0 0 2314 42 45 8 17 0.7447 0.3816 106 173
168-0-1-0.05-50-0 0 2315 1 29 8 6 0.2520 0.6728 409 177
168-0-1-0.05-50-0 0 2315 31 34 6 5 0.5626 0.7448 252 168
168-0-1-0.05-50-0 0 2316 39 26 1 6 0.2187 0.8171 309 141
168-0-1-0.05-50-0 0 2316 1 20 8 8 0.2520 0.9922 409 102
168-0-1-0.05-50-0 0 2316 22 10 6 11 0.0160 0.2533 311 449
168-0-1-0.05-50-0 0 2317 32 34 7 5 0.6514 0.7448 215 168
168-0-1-0.05-50-0 0 2317 47 26 2 5 0.9293 0.8171 103 141
168-0-1-0.05-50-0 0 2317 45 10 16 10 0.3816 0.2533 173 449
168-0-1-0.05-50-0 0 2318 20 16 8 5 0.9922 0.2228 102 149
168-0-1-0.05-50-0 0 2318 20 18 8 11 0.9922 0.2181 102 226
168-0-1-0.05-50-0 0 2318 26 42 4 12 0.8171 0.7447 141 106
168-0-1-0.05-50-0 0 2319 10 29 10 6 0.2533 0.6728 449 177
168-0-1-0.05-50-0 0 2319 19 16 2 4 0.8072 0.2228 134 149
168-0-1-0.05-50-0 0 2320 22 29 7 5 0.0160 0.6728 311 177
168-0-1-0.05-50-0 0 2320 18 25 10 2 0.2181 0.9430 226 125
168-0-1-0.05-50-0 0 2321 49 5 9 1 0.1842 0.0007 136 226
168-0-1-0.05-50-0 0 2321 44 45 7 18 0.7034 0.3816 118 173
168-0-1-0.05-50-0 0 2322 45 49 19 9 0.3816 0.1842 173 136
168-0-1-0.05-50-0 0 2322 31 45 7 19 0.5626 0.3816 252 173
168-0-1-0.05-50-0 0 2323 38 16 5 4 0.6163 0.2228 270 149
168-0-1-0.05-50-0 0 2323 45 10 20 14 0.3816 0.2533 173 449
168-0-1-0.05-50-0 0 2323 10 45 13 20 0.2533 0.3816 449 173
168-0-1-0.05-50-0 0 2324 1 31 6 7 0.2520 0.5626 409 252
168-0-1-0.05-50-0 0 2324 32 44 5 8 0.6514 0.7034 215 118
168-0-1-0.05-50-0 0 2325 18 29 8 6 0.2181 0.6728 226 177
168-0-1-0.05-50-0 0 2325 45 49 20 8 0.3816 0.1842 173 136
168-0-1-0.05-50-0 0 2326 35 29 1 5 0.0354 0.6728 158 177
168-0-1-0.05-50-0 0 2326 29 49 4 8 0.6728 0.1842 177 136
168-0-1-0.05-50-0 0 2327 13 34 3 4 0.8878 0.7448 151 168
168-0-1-0.05-50-0 0 2327 11 16 5 2 0.0504 0.2228 384 149
168-0-1-0.05-50-0 0 2328 31 45 7 18 0.5626 0.3816 252 173
168-0-1-0.05-50-0 0 2328 20 42 7 8 0.9922 0.7447 102 106
168-0-1-0.05-50-0 0 2329 22 45 11 17 0.0160 0.3816 311 173
168-0-1-0.05-50-0 0 2329 1 49 7 9 0.2520 0.1842 409 136
168-0-1-0.05-50-0 0 2330 34 42 3 7 0.7448 0.7447 168 106
168-0-1-0.05-50-0 0 2330 39 18 3 8 0.2187 0.2181 309 226
168-0-1-0.05-50-0 0 2331 30 32 6 5 0.6008 0.6514 266 215
168-0-1-0.05-50-0 0 2331 44 10 5 11 0.7034 0.2533 118 449
168-0-1-0.05-50-0 0 2332 15 39 1 3 0.7918 0.2187 149 309
168-0-1-0.05-50-0 0 2332 46 18 3 7 0.3451 0.2181 327 226
168-0-1-0.05-50-0 0 2333 31 45 5 18 0.5626 0.3816 252 173
168-0-1-0.05-50-0 0 2333 10 45 9 17 0.2533 0.3816 449 173
168-0-1-0.05-50-0 0 2334 20 49 4 8 0.9922 0.1842 102 136
168-0-1-0.05-50-0 0 2334 30 23 6 1 0.6008 0.1698 266 476
168-0-1-0.05-50-0 0 2335 39 20 3 4 0.2187 0.9922 309 102
168-0-1-0.05-50-0 0 2335 16 32 2 6 0.2228 0.6514 149 215
168-0-1-0.05-50-0 0 2336 1 34 7 2 0.2520 0.7448 409 168
168-0-1-0.05-50-0 0 2336 29 15 8 1 0.6728 0.7918 177 149
168-0-1-0.05-50-0 0 2337 45 11 16 5 0.3816 0.0504 173 384
168-0-1-0.05-50-0 0 2337 16 48 3 1 0.2228 0.1153 149 334
168-0-1-0.05-50-0 0 2338 30 10 7 11 0.6008 0.2533 266 449
168-0-1-0.05-50-0 0 2338 29 44 7 4 0.6728 0.7034 177 118
168-0-1-0.05-50-0 0 2339 42 49 9 7 0.7447 0.1842 106 136
168-0-1-0.05-50-0 0 2339 30 45 7 18 0.6008 0.3816 266 173
168-0-1-0.05-50-0 0 2340 10 45 10 15 0.2533 0.3816 449 173
168-0-1-0.05-50-0 0 2340 18 1 7 7 0.2181 0.2520 226 409
168-0-1-0.05-50-0 0 2341 34 13 1 4 0.7448 0.8878 168 151
168-0-1-0.05-50-0 0 2341 39 19 1 5 0.2187 0.8072 309 134
168-0-1-0.05-50-0 0 2342 47 22 1 12 0.9293 0.0160 103 311
168-0-1-0.05-50-0 0 2342 35 42 2 9 0.0354 0.7447 158 106
168-0-1-0.05-50-0 0 2343 22 21 11 2 0.0160 0.4184 311 158
168-0-1-0.05-50-0 0 2343 30 18 6 7 0.6008 0.2181 266 226
168-0-1-0.05-50-0 0 2344 35 30 3 6 0.0354 0.6008 158 266
168-0-1-0.05-50-0 0 2344 32 10 6 13 0.6514 0.2533 215 449
168-0-1-0.05-50-0 0 2345 10 49 11 7 0.2533 0.1842 449 136
168-0-1-0.05-50-0 0 2345 22 31 10 5 0.0160 0.5626 311 252
168-0-1-0.05-50-0 0 2346 1 29 6 7 0.2520 0.6728 409 177
168-0-1-0.05-50-0 0 2346 36 9 3 1 0.8162 0.6134 165 161
168-0-1-0.05-50-0 0 2347 31 13 4 3 0.5626 0.8878 252 151
168-0-1-0.05-50-0 0 2347 1 35 7 3 0.2520 0.0354 409 158
168-0-1-0.05-50-0 0 2348 32 10 5 12 0.6514 0.2533 215 449
168-0-1-0.05-50-0 0 2348 11 30 8 4 0.0504 0.6008 384 266
168-0-1-0.05-50-0 0 2349 22 2 12 1 0.0160 0.8198 311 167
168-0-1-0.05-50-0 0 2349 36 10 3 11 0.8162 0.2533 165 449
168-0-1-0.05-50-0 0 2350 32 13 5 2 0.6514 0.8878 215 151
168-0-1-0.05-50-0 0 2350 10 29 11 8 0.2533 0.6728 449 177
168-0-1-0.05-50-0 0 2351 11 19 9 4 0.0504 0.8072 384 134
168-0-1-0.05-50-0 0 2351 40 31 3 5 0.9739 0.5626 104 252
168-0-1-0.05-50-0 0 2352 36 32 5 5 0.8162 0.6514 165 215
168-0-1-0.05-50-0 0 2352 1 10 10 11 0.2520 0.2533 409 449
168-0-1-0.05-50-0 0 2353 42 42 8 8 0.7447 0.7447 106 106
168-0-1-0.05-50-0 0 2353 38 18 7 3 0.6163 0.2181 270 226
168-0-1-0.05-50-0 0 2353 49 45 7 22 0.1842 0.3816 136 173
168-0-1-0.05-50-0 0 2354 31 35 4 3 0.5626 0.0354 252 158
168-0-1-0.05-50-0 0 2354 10 42 11 9 0.2533 0.7447 449 106
168-0-1-0.05-50-0 0 2354 37 10 5 11 0.8481 0.2533 127 449
168-0-1-0.05-50-0 0 2355 32 22 6 12 0.6514 0.0160 215 311
168-0-1-0.05-50-0 0 2355 38 42 9 8 0.6163 0.7447 270 106
168-0-1-0.05-50-0 0 2356 18 10 2 11 0.2181 0.2533 226 449
168-0-1-0.05-50-0 0 2356 39 38 2 10 0.2187 0.6163 309 270
168-0-1-0.05-50-0 0 2356 32 29 6 9 0.6514 0.6728 215 177
168-0-1-0.05-50-0 0 2357 28 30 2 3 0.3846 0.6008 311 266
168-0-1-0.05-50-0 0 2357 22 31 11 3 0.0160 0.5626 311 252
168-0-1-0.05-50-0 0 2358 26 34 3 2 0.8171 0.7448 141 168
168-0-1-0.05-50-0 0 2358 49 29 9 7 0.1842 0.6728 136 177
168-0-1-0.05-50-0 0 2358 42 29 8 6 0.7447 0.6728 106 177
168-0-1-0.05-50-0 0 2359 26 45 3 22 0.8171 0.3816 141 173
168-0-1-0.05-50-0 0 2359 48 1 1 12 0.1153 0.2520 334 409
168-0-1-0.05-50-0 0 2359 37 36 4 6 0.8481 0.8162 127 165
168-0-1-0.05-50-0 0 2360 36 45 5 21 0.8162 0.3816 165 173
168-0-1-0.05-50-0 0 2360 42 45 11 20 0.7447 0.3816 106 173
168-0-1-0.05-50-0 0 2360 46 45 5 19 0.3451 0.3816 327 173
168-0-1-0.05-50-0 0 2361 17 10 2 11 0.6398 0.2533 197 449
168-0-1-0.05-50-0 0 2361 28 36 4 5 0.3846 0.8162 311 165
168-0-1-0.05-50-0 0 2362 11 13 12 1 0.0504 0.8878 384 151
168-0-1-0.05-50-0 0 2362 17 49 2 11 0.6398 0.1842 197 136
168-0-1-0.05-50-0 0 2363 34 38 1 5 0.7448 0.6163 168 270
168-0-1-0.05-50-0 0 2363 45 11 16 13 0.3816 0.0504 173 384
168-0-1-0.05-50-0 0 2363 10 22 10 11 0.2533 0.0160 449 311
168-0-1-0.05-50-0 0 2364 18 11 3 12 0.2181 0.0504 226 384
168-0-1-0.05-50-0 0 2364 18 22 3 9 0.2181 0.0160 226 311
168-0-1-0.05-50-0 0 2365 31 45 2 15 0.5626 0.3816 252 173
168-0-1-0.05-50-0 0 2365 10 41 10 1 0.2533 0.9621 449 105
168-0-1-0.05-50-0 0 2366 10 42 9 14 0.2533 0.7447 449 106
168-0-1-0.05-50-0 0 2366 22 33 9 1 0.0160 0.6893 311 191
168-0-1-0.05-50-0 0 2367 11 37 12 7 0.0504 0.8481 384 127
168-0-1-0.05-50-0 0 2367 49 46 8 5 0.1842 0.3451 136 327
168-0-1-0.05-50-0 0 2368 45 22 12 10 0.3816 0.0160 173 311
168-0-1-0.05-50-0 0 2368 37 1 6 8 0.8481 0.2520 127 409
168-0-1-0.05-50-0 0 2369 46 46 6 6 0.3451 0.3451 327 327
168-0-1-0.05-50-0 0 2369 1 22 6 9 0.2520 0.0160 409 311
168-0-1-0.05-50-0 0 2370 3 7 1 1 0.4813 0.9267 321 106
168-0-1-0.05-50-0 0 2370 49 10 8 8 0.1842 0.2533 136 449
168-0-1-0.05-50-0 0 2371 16 11 2 12 0.2228 0.0504 149 384
168-0-1-0.05-50-0 0 2371 22 44 8 2 0.0160 0.7034 311 118
168-0-1-0.05-50-0 0 2372 11 38 11 8 0.0504 0.6163 384 270
168-0-1-0.05-50-0 0 2372 42 31 11 4 0.7447 0.5626 106 252
168-0-1-0.05-50-0 0 2373 1 29 6 2 0.2520 0.6728 409 177
168-0-1-0.05-50-0 0 2373 49 11 11 11 0.1842 0.0504 136 384
168-0-1-0.05-50-0 0 2374 45 49 8 12 0.3816 0.1842 173 136
168-0-1-0.05-50-0 0 2374 28 17 4 4 0.3846 0.6398 311 197
168-0-1-0.05-50-0 0 2375 35 42 2 9 0.0354 0.7447 158 106
168-0-1-0.05-50-0 0 2375 11 1 11 5 0.0504 0.2520 384 409
168-0-1-0.05-50-0 0 2376 38 11 5 12 0.6163 0.0504 270 384
168-0-1-0.05-50-0 0 2376 38 30 5 5 0.6163 0.6008 270 266
168-0-1-0.05-50-0 0 2377 31 45 4 9 0.5626 0.3816 252 173
168-0-1-0.05-50-0 0 2377 35 47 2 8 0.0354 0.9293 158 103
168-0-1-0.05-50-0 0 2378 42 37 8 7 0.7447 0.8481 106 127
168-0-1-0.05-50-0 0 2378 10 47 7 7 0.2533 0.9293 449 103
168-0-1-0.05-50-0 0 2379 44 11 1 15 0.7034 0.0504 118 384
168-0-1-0.05-50-0 0 2379 32 19 10 1 0.6514 0.8072 215 134
168-0-1-0.05-50-0 0 2380 30 32 4 11 0.6008 0.6514 266 215
168-0-1-0.05-50-0 0 2380 10 22 8 7 0.2533 0.0160 449 311
168-0-1-0.05-50-0 0 2381 49 49 11 11 0.1842 0.1842 136 136
168-0-1-0.05-50-0 0 2381 10 37 8 5 0.2533 0.8481 449 127
168-0-1-0.05-50-0 0 2382 11 37 16 4 0.0504 0.8481 384 127
168-0-1-0.05-50-0 0 2382 1 49 3 11 0.2520 0.1842 409 136
168-0-1-0.05-50-0 0 2383 30 8 5 3 0.6008 0.2506 266 303
168-0-1-0.05-50-0 0 2383 10 11 8 16 0.2533 0.0504 449 384
168-0-1-0.05-50-0 0 2384 47 32 3 8 0.9293 0.6514 103 215
168-0-1-0.05-50-0 0 2384 42 30 10 6 0.7447 0.6008 106 266
168-0-1-0.05-50-0 0 2385 32 46 7 4 0.6514 0.3451 215 327
168-0-1-0.05-50-0 0 2385 49 28 13 4 0.1842 0.3846 136 311
168-0-1-0.05-50-0 0 2386 11 46 15 4 0.0504 0.3451 384 327
168-0-1-0.05-50-0 0 2386 11 42 15 11 0.0504 0.7447 384 106
168-0-1-0.05-50-0 0 2387 42 11 10 15 0.7447 0.0504 106 384
168-0-1-0.05-50-0 0 2387 6 32 1 6 0.4266 0.6514 249 215
168-0-1-0.05-50-0 0 2388 42 45 10 13 0.7447 0.3816 106 173
168-0-1-0.05-50-0 0 2388 11 11 14 14 0.0504 0.0504 384 384
168-0-1-0.05-50-0 0 2389 11 10 13 11 0.0504 0.2533 384 449
168-0-1-0.05-50-0 0 2389 22 49 7 12 0.0160 0.1842 311 136
168-0-1-0.05-50-0 0 2390 38 3 4 2 0.6163 0.4813 270 321
168-0-1-0.05-50-0 0 2390 12 22 2 6 0.1896 0.0160 325 311
168-0-1-0.05-50-0 0 2391 11 31 10 8 0.0504 0.5626 384 252
168-0-1-0.05-50-0 0 2391 46 11 2 10 0.3451 0.0504 327 384
168-0-1-0.05-50-0 0 2392 16 11 1 9 0.2228 0.0504 149 384
168-0-1-0.05-50-0 0 2392 42 38 11 5 0.7447 0.6163 106 270
168-0-1-0.05-50-0 0 2393 32 45 5 14 0.6514 0.3816 215 173
168-0-1-0.05-50-0 0 2393 49 10 14 12 0.1842 0.2533 136 449
168-0-1-0.05-50-0 0 2394 31 11 7 9 0.5626 0.0504 252 384
168-0-1-0.05-50-0 0 2394 32 45 5 14 0.6514 0.3816 215 173
168-0-1-0.05-50-0 0 2395 49 36 15 6 0.1842 0.8162 136 165
168-0-1-0.05-50-0 0 2395 46 42 4 11 0.3451 0.7447 327 106
168-0-1-0.05-50-0 0 2396 36 31 4 8 0.8162 0.5626 165 252
168-0-1-0.05-50-0 0 2396 30 3 7 1 0.6008 0.4813 266 321
168-0-1-0.05-50-0 0 2397 36 38 4 6 0.8162 0.6163 165 270
168-0-1-0.05-50-0 0 2397 45 45 16 16 0.3816 0.3816 173 173
168-0-1-0.05-50-0 0 2398 45 29 15 1 0.3816 0.6728 173 177
168-0-1-0.05-50-0 0 2398 8 31 3 8 0.2506 0.5626 303 252
168-0-1-0.05-50-0 0 2399 28 11 8 7 0.3846 0.0504 311 384
168-0-1-0.05-50-0 0 2399 37 38 2 4 0.8481 0.6163 127 270
168-0-1-0.05-50-0 0 2400 45 31 16 7 0.3816 0.5626 173 252
168-0-1-0.05-50-0 0 2400 42 42 12 12 0.7447 0.7447 106 106
168-0-1-0.05-50-0 0 2401 47 49 4 17 0.9293 0.1842 103 136
168-0-1-0.05-50-0 0 2401 20 3 2 1 0.9922 0.4813 102 321
168-0-1-0.05-50-0 0 2402 37 45 3 16 0.8481 0.3816 127 173
168-0-1-0.05-50-0 0 2402 49 49 17 17 0.1842 0.1842 136 136
168-0-1-0.05-50-0 0 2403 49 44 16 2 0.1842 0.7034 136 118
168-0-1-0.05-50-0 0 2403 45 12 15 2 0.3816 0.1896 173 325
168-0-1-0.05-50-0 0 2404 49 49 17 17 0.1842 0.1842 136 136
168-0-1-0.05-50-0 0 2404 10 32 16 5 0.2533 0.6514 449 215
168-0-1-0.05-50-0 0 2404 45 37 16 4 0.3816 0.8481 173 127
168-0-1-0.05-50-0 0 2405 28 32 8 4 0.3846 0.6514 311 215
168-0-1-0.05-50-0 0 2405 30 30 4 4 0.6008 0.6008 266 266
168-0-1-0.05-50-0 0 2406 42 30 9 4 0.7447 0.6008 106 266
168-0-1-0.05-50-0 0 2406 49 1 16 8 0.1842 0.2520 136 409
168-0-1-0.05-50-0 0 2407 49 31 19 8 0.1842 0.5626 136 252
168-0-1-0.05-50-0 0 2407 45 10 20 15 0.3816 0.2533 173 449
168-0-1-0.05-50-0 0 2408 28 28 9 9 0.3846 0.3846 311 311
168-0-1-0.05-50-0 0 2408 45 22 24 7 0.3816 0.0160 173 311
168-0-1-0.05-50-0 0 2408 49 1 19 9 0.1842 0.2520 136 409
168-0-1-0.05-50-0 0 2409 4 20 2 1 0.0723 0.9922 351 102
168-0-1-0.05-50-0 0 2409 10 45 16 24 0.2533 0.3816 449 173
168-0-1-0.05-50-0 0 2409 49 45 19 23 0.1842 0.3816 136 173
168-0-1-0.05-50-0 0 2410 28 49 7 18 0.3846 0.1842 311 136
168-0-1-0.05-50-0 0 2410 22 10 6 16 0.0160 0.2533 311 449
168-0-1-0.05-50-0 0 2411 1 6 10 5 0.2520 0.4266 409 249
168-0-1-0.05-50-0 0 2411 22 45 6 23 0.0160 0.3816 311 173
168-0-1-0.05-50-0 0 2412 32 10 2 16 0.6514 0.2533 215 449
168-0-1-0.05-50-0 0 2412 45 42 22 11 0.3816 0.7447 173 106
168-0-1-0.05-50-0 0 2413 10 45 16 23 0.2533 0.3816 449 173
168-0-1-0.05-50-0 0 2413 46 40 2 3 0.3451 0.9739 327 104
168-0-1-0.05-50-0 0 2414 45 32 22 2 0.3816 0.6514 173 215
168-0-1-0.05-50-0 0 2414 6 11 5 7 0.4266 0.0504 249 384
168-0-1-0.05-50-0 0 2415 45 47 21 4 0.3816 0.9293 173 103
168-0-1-0.05-50-0 0 2415 40 38 2 2 0.9739 0.6163 104 270
168-0-1-0.05-50-0 0 2416 13 31 1 8 0.8878 0.5626 151 252
168-0-1-0.05-50-0 0 2416 44 39 2 6 0.7034 0.2187 118 309
168-0-1-0.05-50-0 0 2417 45 10 20 17 0.3816 0.2533 173 449
168-0-1-0.05-50-0 0 2417 28 45 9 20 0.3846 0.3816 311 173
168-0-1-0.05-50-0 0 2418 39 44 7 2 0.2187 0.7034 309 118
168-0-1-0.05-50-0 0 2418 6 39 4 7 0.4266 0.2187 249 309
168-0-1-0.05-50-0 0 2419 11 9 8 3 0.0504 0.6134 384 161
168-0-1-0.05-50-0 0 2419 28 39 8 6 0.3846 0.2187 311 309
168-0-1-0.05-50-0 0 2420 45 45 22 22 0.3816 0.3816 173 173
168-0-1-0.05-50-0 0 2420 10 42 17 11 0.2533 0.7447 449 106
168-0-1-0.05-50-0 0 2421 45 10 18 18 0.3816 0.2533 173 449
168-0-1-0.05-50-0 0 2421 49 9 11 2 0.1842 0.6134 136 161
168-0-1-0.05-50-0 0 2422 49 25 9 1 0.1842 0.9430 136 125
168-0-1-0.05-50-0 0 2422 46 42 2 11 0.3451 0.7447 327 106
168-0-1-0.05-50-0 0 2423 45 28 17 10 0.3816 0.3846 173 311
168-0-1-0.05-50-0 0 2423 1 31 19 10 0.2520 0.5626 409 252
168-0-1-0.05-50-0 0 2424 10 31 20 9 0.2533 0.5626 449 252
168-0-1-0.05-50-0 0 2424 11 49 10 8 0.0504 0.1842 384 136
168-0-1-0.05-50-0 0 2425 1 8 19 3 0.2520 0.2506 409 303
168-0-1-0.05-50-0 0 2425 6 47 4 3 0.4266 0.9293 249 103
168-0-1-0.05-50-0 0 2426 45 10 18 22 0.3816 0.2533 173 449
168-0-1-0.05-50-0 0 2426 1 31 19 6 0.2520 0.5626 409 252
168-0-1-0.05-50-0 0 2427 45 10 18 21 0.3816 0.2533 173 449
168-0-1-0.05-50-0 0 2427 10 11 20 9 0.2533 0.0504 449 384
168-0-1-0.05-50-0 0 2428 9 10 1 20 0.6134 0.2533 161 449
168-0-1-0.05-50-0 0 2428 31 1 5 20 0.5626 0.2520 252 409
168-0-1-0.05-50-0 0 2428 28 34 9 1 0.3846 0.7448 311 168
168-0-1-0.05-50-0 0 2429 45 30 20 3 0.3816 0.6008 173 266
168-0-1-0.05-50-0 0 2429 11 42 9 11 0.0504 0.7447 384 106
168-0-1-0.05-50-0 0 2430 10 47 15 3 0.2533 0.9293 449 103
168-0-1-0.05-50-0 0 2430 10 39 15 4 0.2533 0.2187 449 309
168-0-1-0.05-50-0 0 2431 1 1 22 22 0.2520 0.2520 409 409
168-0-1-0.05-50-0 0 2431 31 1 5 21 0.5626 0.2520 252 409
168-0-1-0.05-50-0 0 2432 1 37 20 4 0.2520 0.8481 409 127
168-0-1-0.05-50-0 0 2432 13 49 8 8 0.8878 0.1842 151 136
168-0-1-0.05-50-0 0 2432 36 9 3 1 0.8162 0.6134 165 161
168-0-1-0.05-50-0 0 2433 42 1 9 19 0.7447 0.2520 106 409
168-0-1-0.05-50-0 0 2433 36 8 3 1 0.8162 0.2506 165 303
168-0-1-0.05-50-0 0 2434 13 45 11 22 0.8878 0.3816 151 173
168-0-1-0.05-50-0 0 2434 49 31 7 4 0.1842 0.5626 136 252
168-0-1-0.05-50-0 0 2434 1 45 17 21 0.2520 0.3816 409 173
168-0-1-0.05-50-0 0 2435 45 45 20 20 0.3816 0.3816 173 173
168-0-1-0.05-50-0 0 2435 11 28 10 14 0.0504 0.3846 384 311
168-0-1-0.05-50-0 0 2436 28 21 15 1 0.3846 0.4184 311 158
168-0-1-0.05-50-0 0 2436 11 49 11 6 0.0504 0.1842 384 136
168-0-1-0.05-50-0 0 2436 30 28 2 15 0.6008 0.3846 266 311
168-0-1-0.05-50-0 0 2437 13 10 11 16 0.8878 0.2533 151 449
168-0-1-0.05-50-0 0 2437 1 11 19 11 0.2520 0.0504 409 384
168-0-1-0.05-50-0 0 2437 45 10 18 15 0.3816 0.2533 173 449
168-0-1-0.05-50-0 0 2438 1 49 18 7 0.2520 0.1842 409 136
168-0-1-0.05-50-0 0 2438 10 10 14 14 0.2533 0.2533 449 449
168-0-1-0.05-50-0 0 2438 13 11 10 10 0.8878 0.0504 151 384
168-0-1-0.05-50-0 0 2439 10 1 12 17 0.2533 0.2520 449 409
168-0-1-0.05-50-0 0 2439 42 28 11 16 0.7447 0.3846 106 311
168-0-1-0.05-50-0 0 2440 13 13 10 10 0.8878 0.8878 151 151
168-0-1-0.05-50-0 0 2440 28 5 15 1 0.3846 0.0007 311 226
168-0-1-0.05-50-0 0 2440 1 28 17 15 0.2520 0.3846 409 311
168-0-1-0.05-50-0 0 2441 47 23 2 2 0.9293 0.1698 103 476
168-0-1-0.05-50-0 0 2441 10 42 12 10 0.2533 0.7447 449 106
168-0-1-0.05-50-0 0 2442 11 42 9 9 0.0504 0.7447 384 106
168-0-1-0.05-50-0 0 2442 28 19 16 8 0.3846 0.8072 311 134
168-0-1-0.05-50-0 0 2443 10 28 13 18 0.2533 0.3846 449 311
168-0-1-0.05-50-0 0 2443 22 30 3 3 0.0160 0.6008 311 266
168-0-1-0.05-50-0 0 2443 49 42 10 8 0.1842 0.7447 136 106
168-0-1-0.05-50-0 0 2444 13 39 11 3 0.8878 0.2187 151 309
168-0-1-0.05-50-0 0 2444 11 45 11 17 0.0504 0.3816 384 173
168-0-1-0.05-50-0 0 2444 11 42 11 7 0.0504 0.7447 384 106
168-0-1-0.05-50-0 0 2445 1 43 17 3 0.2520 0.8316 409 123
168-0-1-0.05-50-0 0 2445 13 1 10 17 0.8878 0.2520 151 409
168-0-1-0.05-50-0 0 2446 19 1 8 18 0.8072 0.2520 134 409
168-0-1-0.05-50-0 0 2446 39 45 2 17 0.2187 0.3816 309 173
168-0-1-0.05-50-0 0 2447 10 10 10 10 0.2533 0.2533 449 449
168-0-1-0.05-50-0 0 2447 19 10 8 9 0.8072 0.2533 134 449
168-0-1-0.05-50-0 0 2448 31 45 2 18 0.5626 0.3816 252 173
168-0-1-0.05-50-0 0 2448 45 22 17 5 0.3816 0.0160 173 311
168-0-1-0.05-50-0 0 2448 1 1 17 17 0.2520 0.2520 409 409
168-0-1-0.05-50-0 0 2449 13 10 11 9 0.8878 0.2533 151 449
168-0-1-0.05-50-0 0 2449 1 13 17 11 0.2520 0.8878 409 151
168-0-1-0.05-50-0 0 2449 30 1 4 17 0.6008 0.2520 266 409
168-0-1-0.05-50-0 0 2450 45 43 20 2 0.3816 0.8316 173 123
168-0-1-0.05-50-0 0 2450 10 10 8 8 0.2533 0.2533 449 449
168-0-1-0.05-50-0 0 2450 19 46 6 2 0.8072 0.3451 134 327
168-0-1-0.05-50-0 0 2451 45 22 21 7 0.3816 0.0160 173 311
168-0-1-0.05-50-0 0 2451 42 36 9 4 0.7447 0.8162 106 165
168-0-1-0.05-50-0 0 2451 39 46 2 1 0.2187 0.3451 309 327
168-0-1-0.05-50-0 0 2452 11 13 11 10 0.0504 0.8878 384 151
168-0-1-0.05-50-0 0 2452 28 21 21 3 0.3846 0.4184 311 158
168-0-1-0.05-50-0 0 2452 45 42 21 11 0.3816 0.7447 173 106
168-0-1-0.05-50-0 0 2453 46 39 1 2 0.3451 0.2187 327 309
168-0-1-0.05-50-0 0 2453 39 17 1 2 0.2187 0.6398 309 197
168-0-1-0.05-50-0 0 2453 22 21 5 2 0.0160 0.4184 311 158
168-0-1-0.05-50-0 0 2454 1 28 16 23 0.2520 0.3846 409 311
168-0-1-0.05-50-0 0 2454 45 22 23 5 0.3816 0.0160 173 311
168-0-1-0.05-50-0 0 2454 11 28 12 22 0.0504 0.3846 384 311
168-0-1-0.05-50-0 0 2455 45 49 23 8 0.3816 0.1842 173 136
168-0-1-0.05-50-0 0 2455 10 10 7 7 0.2533 0.2533 449 449
168-0-1-0.05-50-0 0 2456 11 45 13 23 0.0504 0.3816 384 173
168-0-1-0.05-50-0 0 2456 45 19 22 6 0.3816 0.8072 173 134
168-0-1-0.05-50-0 0 2456 28 25 20 3 0.3846 0.9430 311 125
168-0-1-0.05-50-0 0 2457 43 28 4 21 0.8316 0.3846 123 311
168-0-1-0.05-50-0 0 2457 28 40 20 4 0.3846 0.9739 311 104
168-0-1-0.05-50-0 0 2457 1 28 16 20 0.2520 0.3846 409 311
168-0-1-0.05-50-0 0 2458 45 11 28 13 0.3816 0.0504 173 384
168-0-1-0.05-50-0 0 2458 28 45 19 28 0.3846 0.3816 311 173
168-0-1-0.05-50-0 0 2458 30 13 6 12 0.6008 0.8878 266 151
168-0-1-0.05-50-0 0 2459 45 45 28 28 0.3816 0.3816 173 173
168-0-1-0.05-50-0 0 2459 19 45 5 27 0.8072 0.3816 134 173
168-0-1-0.05-50-0 0 2459 10 11 8 13 0.2533 0.0504 449 384
168-0-1-0.05-50-0 0 2460 45 28 27 18 0.3816 0.3846 173 311
168-0-1-0.05-50-0 0 2460 49 33 7 1 0.1842 0.6893 136 191
168-0-1-0.05-50-0 0 2460 28 30 17 5 0.3846 0.6008 311 266
168-0-1-0.05-50-0 0 2461 1 49 16 8 0.2520 0.1842 409 136
168-0-1-0.05-50-0 0 2461 13 44 9 1 0.8878 0.7034 151 118
168-0-1-0.05-50-0 0 2461 37 28 2 17 0.8481 0.3846 127 311
168-0-1-0.05-50-0 0 2462 22 11 6 11 0.0160 0.0504 311 384
168-0-1-0.05-50-0 0 2462 42 28 9 17 0.7447 0.3846 106 311
168-0-1-0.05-50-0 0 2462 30 45 5 31 0.6008 0.3816 266 173
168-0-1-0.05-50-0 0 2463 28 42 17 9 0.3846 0.7447 311 106
168-0-1-0.05-50-0 0 2463 10 36 8 9 0.2533 0.8162 449 165
168-0-1-0.05-50-0 0 2463 22 1 6 16 0.0160 0.2520 311 409
168-0-1-0.05-50-0 0 2464 13 22 9 6 0.8878 0.0160 151 311
168-0-1-0.05-50-0 0 2464 45 1 30 15 0.3816 0.2520 173 409
168-0-1-0.05-50-0 0 2464 2 45 1 30 0.8198 0.3816 167 173
168-0-1-0.05-50-0 0 2465 42 28 8 14 0.7447 0.3846 106 311
168-0-1-0.05-50-0 0 2465 30 1 6 14 0.6008 0.2520 266 409
168-0-1-0.05-50-0 0 2465 1 36 13 8 0.2520 0.8162 409 165
168-0-1-0.05-50-0 0 2466 1 28 13 14 0.2520 0.3846 409 311
168-0-1-0.05-50-0 0 2466 22 13 6 9 0.0160 0.8878 311 151
168-0-1-0.05-50-0 0 2467 45 22 30 6 0.3816 0.0160 173 311
168-0-1-0.05-50-0 0 2467 31 30 2 6 0.5626 0.6008 252 266
168-0-1-0.05-50-0 0 2467 42 28 9 12 0.7447 0.3846 106 311
168-0-1-0.05-50-0 0 2468 19 42 3 9 0.8072 0.7447 134 106
168-0-1-0.05-50-0 0 2468 10 36 8 9 0.2533 0.8162 449 165
168-0-1-0.05-50-0 0 2468 45 42 30 8 0.3816 0.7447 173 106
168-0-1-0.05-50-0 0 2469 30 13 5 8 0.6008 0.8878 266 151
168-0-1-0.05-50-0 0 2469 45 42 30 8 0.3816 0.7447 173 106
168-0-1-0.05-50-0 0 2469 10 22 8 6 0.2533 0.0160 449 311
168-0-1-0.05-50-0 0 2470 45 28 29 12 0.3816 0.3846 173 311
168-0-1-0.05-50-0 0 2470 10 11 9 13 0.2533 0.0504 449 384
168-0-1-0.05-50-0 0 2470 45 46 29 1 0.3816 0.3451 173 327
168-0-1-0.05-50-0 0 2471 49 45 7 27 0.1842 0.3816 136 173
168-0-1-0.05-50-0 0 2471 28 13 11 8 0.3846 0.8878 311 151
168-0-1-0.05-50-0 0 2471 49 19 7 4 0.1842 0.8072 136 134
168-0-1-0.05-50-0 0 2472 1 45 19 25 0.2520 0.3816 409 173
168-0-1-0.05-50-0 0 2472 50 24 3 1 0.2147 0.1940 147 254
168-0-1-0.05-50-0 0 2472 1 13 19 7 0.2520 0.8878 409 151
168-0-1-0.05-50-0 0 2473 1 19 19 1 0.2520 0.8072 409 134
168-0-1-0.05-50-0 0 2473 10 10 9 9 0.2533 0.2533 449 449
168-0-1-0.05-50-0 0 2474 9 28 3 11 0.6134 0.3846 161 311
168-0-1-0.05-50-0 0 2474 30 42 4 7 0.6008 0.7447 266 106
168-0-1-0.05-50-0 0 2474 31 16 3 1 0.5626 0.2228 252 149
168-0-1-0.05-50-0 0 2475 10 45 8 24 0.2533 0.3816 449 173
168-0-1-0.05-50-0 0 2475 21 28 1 10 0.4184 0.3846 158 311
168-0-1-0.05-50-0 0 2475 10 45 8 23 0.2533 0.3816 449 173
168-0-1-0.05-50-0 0 2476 28 1 9 23 0.3846 0.2520 311 409
168-0-1-0.05-50-0 0 2476 39 1 4 22 0.2187 0.2520 309 409
168-0-1-0.05-50-0 0 2476 50 11 3 14 0.2147 0.0504 147 384
168-0-1-0.05-50-0 0 2477 45 11 24 13 0.3816 0.0504 173 384
168-0-1-0.05-50-0 0 2477 13 18 6 4 0.8878 0.2181 151 226
168-0-1-0.05-50-0 0 2478 1 1 20 20 0.2520 0.2520 409 409
168-0-1-0.05-50-0 0 2478 8 10 1 7 0.2506 0.2533 303 449
168-0-1-0.05-50-0 0 2479 30 45 5 24 0.6008 0.3816 266 173
168-0-1-0.05-50-0 0 2479 1 45 20 23 0.2520 0.3816 409 173
168-0-1-0.05-50-0 0 2480 28 13 12 6 0.3846 0.8878 311 151
168-0-1-0.05-50-0 0 2480 1 50 19 6 0.2520 0.2147 409 147
168-0-1-0.05-50-0 0 2480 45 1 23 19 0.3816 0.2520 173 409
168-0-1-0.05-50-0 0 2481 18 45 2 23 0.2181 0.3816 226 173
168-0-1-0.05-50-0 0 2481 21 1 1 20 0.4184 0.2520 158 409
168-0-1-0.05-50-0 0 2481 13 36 4 4 0.8878 0.8162 151 165
168-0-1-0.05-50-0 0 2482 30 42 7 5 0.6008 0.7447 266 106
168-0-1-0.05-50-0 0 2482 30 28 7 13 0.6008 0.3846 266 311
168-0-1-0.05-50-0 0 2483 1 1 21 21 0.2520 0.2520 409 409
168-0-1-0.05-50-0 0 2483 11 28 14 12 0.0504 0.3846 384 311
168-0-1-0.05-50-0 0 2483 13 31 3 5 0.8878 0.5626 151 252
168-0-1-0.05-50-0 0 2484 1 42 20 4 0.2520 0.7447 409 106
168-0-1-0.05-50-0 0 2484 45 13 21 2 0.3816 0.8878 173 151
168-0-1-0.05-50-0 0 2485 11 40 13 9 0.0504 0.9739 384 104
168-0-1-0.05-50-0 0 2485 45 40 21 8 0.3816 0.9739 173 104
168-0-1-0.05-50-0 0 2486 36 23 1 1 0.8162 0.1698 165 476
168-0-1-0.05-50-0 0 2486 1 30 22 6 0.2520 0.6008 409 266
168-0-1-0.05-50-0 0 2487 25 25 3 3 0.9430 0.9430 125 125
168-0-1-0.05-50-0 0 2487 49 1 10 22 0.1842 0.2520 136 409
168-0-1-0.05-50-0 0 2487 30 30 6 6 0.6008 0.6008 266 266
168-0-1-0.05-50-0 0 2488 6 10 2 6 0.4266 0.2533 249 449
168-0-1-0.05-50-0 0 2488 1 18 23 2 0.2520 0.2181 409 226
168-0-1-0.05-50-0 0 2489 45 22 23 7 0.3816 0.0160 173 311
168-0-1-0.05-50-0 0 2489 31 22 5 6 0.5626 0.0160 252 311
168-0-1-0.05-50-0 0 2490 45 40 24 8 0.3816 0.9739 173 104
168-0-1-0.05-50-0 0 2490 28 11 9 14 0.3846 0.0504 311 384
168-0-1-0.05-50-0 0 2490 1 14 25 2 0.2520 0.8451 409 105
168-0-1-0.05-50-0 0 2491 28 17 10 3 0.3846 0.6398 311 197
168-0-1-0.05-50-0 0 2491 1 49 25 9 0.2520 0.1842 409 136
168-0-1-0.05-50-0 0 2492 9 1 4 24 0.6134 0.2520 161 409
168-0-1-0.05-50-0 0 2492 21 49 1 9 0.4184 0.1842 158 136
168-0-1-0.05-50-0 0 2493 40 42 7 3 0.9739 0.7447 104 106
168-0-1-0.05-50-0 0 2493 24 21 2 1 0.1940 0.4184 254 158
168-0-1-0.05-50-0 0 2494 28 6 10 2 0.3846 0.4266 311 249
168-0-1-0.05-50-0 0 2494 11 40 16 7 0.0504 0.9739 384 104
168-0-1-0.05-50-0 0 2495 12 37 2 1 0.1896 0.8481 325 127
168-0-1-0.05-50-0 0 2495 24 45 2 26 0.1940 0.3816 254 173
168-0-1-0.05-50-0 0 2496 49 45 8 21 0.1842 0.3816 136 173
168-0-1-0.05-50-0 0 2496 31 22 8 6 0.5626 0.0160 252 311
168-0-1-0.05-50-0 0 2497 11 22 17 5 0.0504 0.0160 384 311
168-0-1-0.05-50-0 0 2497 25 31 3 8 0.9430 0.5626 125 252
168-0-1-0.05-50-0 0 2498 5 11 4 16 0.0007 0.0504 226 384
168-0-1-0.05-50-0 0 2498 6 28 2 12 0.4266 0.3846 249 311
168-0-1-0.05-50-0 0 2499 11 1 17 23 0.0504 0.2520 384 409
168-0-1-0.05-50-0 0 2499 11 30 17 7 0.0504 0.6008 384 266
168-0-1-0.05-50-0 0 2500 45 5 23 4 0.3816 0.0007 173 226
168-0-1-0.05-50-0 0 2500 11 31 18 7 0.0504 0.5626 384 252
168-0-1-0.05-50-0 0 2500 1 13 22 1 0.2520 0.8878 409 151
