171-0-1-0.05-50-0 0 2302 39 42 36 1 0.2187 0.7447 309 106
171-0-1-0.05-50-0 0 2302 33 38 10 14 0.6893 0.6163 191 270
171-0-1-0.05-50-0 0 2303 7 39 1 37 0.9267 0.2187 106 309
171-0-1-0.05-50-0 0 2303 39 38 36 13 0.2187 0.6163 309 270
171-0-1-0.05-50-0 0 2304 40 47 2 3 0.9739 0.9293 104 103
171-0-1-0.05-50-0 0 2304 21 38 2 13 0.4184 0.6163 158 270
171-0-1-0.05-50-0 0 2305 33 35 9 5 0.6893 0.0354 191 158
171-0-1-0.05-50-0 0 2305 39 10 34 6 0.2187 0.2533 309 449
171-0-1-0.05-50-0 0 2306 38 39 11 35 0.6163 0.2187 270 309
171-0-1-0.05-50-0 0 2306 39 9 34 2 0.2187 0.6134 309 161
171-0-1-0.05-50-0 0 2307 36 38 10 12 0.8162 0.6163 165 270
171-0-1-0.05-50-0 0 2307 2 19 7 5 0.8198 0.8072 167 134
171-0-1-0.05-50-0 0 2308 49 35 3 4 0.1842 0.0354 136 158
171-0-1-0.05-50-0 0 2308 47 2 2 6 0.9293 0.8198 103 167
171-0-1-0.05-50-0 0 2309 39 39 34 34 0.2187 0.2187 309 309
171-0-1-0.05-50-0 0 2309 39 34 33 3 0.2187 0.7448 309 168
171-0-1-0.05-50-0 0 2310 39 39 34 34 0.2187 0.2187 309 309
171-0-1-0.05-50-0 0 2310 10 39 7 33 0.2533 0.2187 449 309
171-0-1-0.05-50-0 0 2311 39 6 34 1 0.2187 0.4266 309 249
171-0-1-0.05-50-0 0 2311 39 39 34 34 0.2187 0.2187 309 309
171-0-1-0.05-50-0 0 2312 10 38 8 11 0.2533 0.6163 449 270
171-0-1-0.05-50-0 0 2312 12 36 1 12 0.1896 0.8162 325 165
171-0-1-0.05-50-0 0 2313 39 10 34 9 0.2187 0.2533 309 449
171-0-1-0.05-50-0 0 2313 33 39 11 34 0.6893 0.2187 191 309
171-0-1-0.05-50-0 0 2314 38 19 10 7 0.6163 0.8072 270 134
171-0-1-0.05-50-0 0 2314 30 19 9 6 0.6008 0.8072 266 134
171-0-1-0.05-50-0 0 2315 8 39 2 32 0.2506 0.2187 303 309
171-0-1-0.05-50-0 0 2315 19 33 5 10 0.8072 0.6893 134 191
171-0-1-0.05-50-0 0 2316 39 21 30 5 0.2187 0.4184 309 158
171-0-1-0.05-50-0 0 2316 43 47 3 2 0.8316 0.9293 123 103
171-0-1-0.05-50-0 0 2317 39 34 28 3 0.2187 0.7448 309 168
171-0-1-0.05-50-0 0 2317 38 36 10 14 0.6163 0.8162 270 165
171-0-1-0.05-50-0 0 2318 8 10 2 12 0.2506 0.2533 303 449
171-0-1-0.05-50-0 0 2318 32 39 1 27 0.6514 0.2187 215 309
171-0-1-0.05-50-0 0 2318 36 25 13 6 0.8162 0.9430 165 125
171-0-1-0.05-50-0 0 2319 7 10 1 12 0.9267 0.2533 106 449
171-0-1-0.05-50-0 0 2319 36 19 13 5 0.8162 0.8072 165 134
171-0-1-0.05-50-0 0 2319 39 30 25 10 0.2187 0.6008 309 266
171-0-1-0.05-50-0 0 2320 39 33 26 11 0.2187 0.6893 309 191
171-0-1-0.05-50-0 0 2320 39 33 26 10 0.2187 0.6893 309 191
171-0-1-0.05-50-0 0 2320 10 33 11 9 0.2533 0.6893 449 191
171-0-1-0.05-50-0 0 2321 27 2 5 7 0.0776 0.8198 149 167
171-0-1-0.05-50-0 0 2321 40 33 1 8 0.9739 0.6893 104 191
171-0-1-0.05-50-0 0 2321 30 36 7 15 0.6008 0.8162 266 165
171-0-1-0.05-50-0 0 2322 18 36 2 14 0.2181 0.8162 226 165
171-0-1-0.05-50-0 0 2322 25 38 5 9 0.9430 0.6163 125 270
171-0-1-0.05-50-0 0 2323 39 35 21 7 0.2187 0.0354 309 158
171-0-1-0.05-50-0 0 2323 39 36 21 13 0.2187 0.8162 309 165
171-0-1-0.05-50-0 0 2324 39 49 23 10 0.2187 0.1842 309 136
171-0-1-0.05-50-0 0 2324 29 39 5 23 0.6728 0.2187 177 309
171-0-1-0.05-50-0 0 2325 39 49 23 10 0.2187 0.1842 309 136
171-0-1-0.05-50-0 0 2325 27 36 5 12 0.0776 0.8162 149 165
171-0-1-0.05-50-0 0 2326 36 33 12 6 0.8162 0.6893 165 191
171-0-1-0.05-50-0 0 2326 35 38 6 7 0.0354 0.6163 158 270
171-0-1-0.05-50-0 0 2327 36 36 13 13 0.8162 0.8162 165 165
171-0-1-0.05-50-0 0 2327 38 36 6 12 0.6163 0.8162 270 165
171-0-1-0.05-50-0 0 2328 30 2 8 6 0.6008 0.8198 266 167
171-0-1-0.05-50-0 0 2328 1 49 5 10 0.2520 0.1842 409 136
171-0-1-0.05-50-0 0 2329 39 18 24 2 0.2187 0.2181 309 226
171-0-1-0.05-50-0 0 2329 8 33 5 4 0.2506 0.6893 303 191
171-0-1-0.05-50-0 0 2330 43 39 2 25 0.8316 0.2187 123 309
171-0-1-0.05-50-0 0 2330 36 39 11 24 0.8162 0.2187 165 309
171-0-1-0.05-50-0 0 2331 38 36 7 12 0.6163 0.8162 270 165
171-0-1-0.05-50-0 0 2331 33 38 5 7 0.6893 0.6163 191 270
171-0-1-0.05-50-0 0 2332 33 7 5 3 0.6893 0.9267 191 106
171-0-1-0.05-50-0 0 2332 27 35 8 6 0.0776 0.0354 149 158
171-0-1-0.05-50-0 0 2333 38 49 6 13 0.6163 0.1842 270 136
171-0-1-0.05-50-0 0 2333 35 37 6 1 0.0354 0.8481 158 127
171-0-1-0.05-50-0 0 2333 39 2 26 10 0.2187 0.8198 309 167
171-0-1-0.05-50-0 0 2334 2 43 9 2 0.8198 0.8316 167 123
171-0-1-0.05-50-0 0 2334 44 27 1 8 0.7034 0.0776 118 149
171-0-1-0.05-50-0 0 2335 33 10 6 9 0.6893 0.2533 191 449
171-0-1-0.05-50-0 0 2335 34 2 1 8 0.7448 0.8198 168 167
171-0-1-0.05-50-0 0 2335 14 36 5 11 0.8451 0.8162 105 165
171-0-1-0.05-50-0 0 2336 40 38 3 5 0.9739 0.6163 104 270
171-0-1-0.05-50-0 0 2336 2 2 7 7 0.8198 0.8198 167 167
171-0-1-0.05-50-0 0 2337 1 49 7 11 0.2520 0.1842 409 136
171-0-1-0.05-50-0 0 2337 10 36 8 7 0.2533 0.8162 449 165
171-0-1-0.05-50-0 0 2338 2 33 7 8 0.8198 0.6893 167 191
171-0-1-0.05-50-0 0 2338 39 1 31 7 0.2187 0.2520 309 409
171-0-1-0.05-50-0 0 2339 14 1 6 7 0.8451 0.2520 105 409
171-0-1-0.05-50-0 0 2339 49 2 9 7 0.1842 0.8198 136 167
171-0-1-0.05-50-0 0 2339 23 8 2 6 0.1698 0.2506 476 303
171-0-1-0.05-50-0 0 2340 35 39 9 32 0.0354 0.2187 158 309
171-0-1-0.05-50-0 0 2340 39 4 31 2 0.2187 0.0723 309 351
171-0-1-0.05-50-0 0 2340 8 25 4 3 0.2506 0.9430 303 125
171-0-1-0.05-50-0 0 2341 4 8 1 4 0.0723 0.2506 351 303
171-0-1-0.05-50-0 0 2341 39 39 31 31 0.2187 0.2187 309 309
171-0-1-0.05-50-0 0 2342 44 30 3 12 0.7034 0.6008 118 266
171-0-1-0.05-50-0 0 2342 44 1 3 6 0.7034 0.2520 118 409
171-0-1-0.05-50-0 0 2342 39 33 31 8 0.2187 0.6893 309 191
171-0-1-0.05-50-0 0 2343 35 30 9 11 0.0354 0.6008 158 266
171-0-1-0.05-50-0 0 2343 35 35 9 9 0.0354 0.0354 158 158
171-0-1-0.05-50-0 0 2343 39 33 30 7 0.2187 0.6893 309 191
171-0-1-0.05-50-0 0 2344 36 39 8 28 0.8162 0.2187 165 309
171-0-1-0.05-50-0 0 2344 19 33 3 6 0.8072 0.6893 134 191
171-0-1-0.05-50-0 0 2344 30 2 11 8 0.6008 0.8198 266 167
171-0-1-0.05-50-0 0 2345 2 35 7 8 0.8198 0.0354 167 158
171-0-1-0.05-50-0 0 2345 39 21 26 6 0.2187 0.4184 309 158
171-0-1-0.05-50-0 0 2346 39 39 27 27 0.2187 0.2187 309 309
171-0-1-0.05-50-0 0 2346 7 10 1 8 0.9267 0.2533 106 449
171-0-1-0.05-50-0 0 2347 16 18 1 3 0.2228 0.2181 149 226
171-0-1-0.05-50-0 0 2347 43 39 2 28 0.8316 0.2187 123 309
171-0-1-0.05-50-0 0 2348 33 39 7 26 0.6893 0.2187 191 309
171-0-1-0.05-50-0 0 2348 2 36 6 8 0.8198 0.8162 167 165
171-0-1-0.05-50-0 0 2349 24 36 3 6 0.1940 0.8162 254 165
171-0-1-0.05-50-0 0 2349 2 2 6 6 0.8198 0.8198 167 167
171-0-1-0.05-50-0 0 2350 19 40 5 6 0.8072 0.9739 134 104
171-0-1-0.05-50-0 0 2350 10 37 6 1 0.2533 0.8481 449 127
171-0-1-0.05-50-0 0 2351 2 43 6 1 0.8198 0.8316 167 123
171-0-1-0.05-50-0 0 2351 27 4 6 1 0.0776 0.0723 149 351
171-0-1-0.05-50-0 0 2352 10 19 8 5 0.2533 0.8072 449 134
171-0-1-0.05-50-0 0 2352 19 8 4 4 0.8072 0.2506 134 303
171-0-1-0.05-50-0 0 2353 39 19 26 5 0.2187 0.8072 309 134
171-0-1-0.05-50-0 0 2353 44 39 3 26 0.7034 0.2187 118 309
171-0-1-0.05-50-0 0 2354 30 30 11 11 0.6008 0.6008 266 266
171-0-1-0.05-50-0 0 2354 12 27 4 6 0.1896 0.0776 325 149
171-0-1-0.05-50-0 0 2355 10 39 8 29 0.2533 0.2187 449 309
171-0-1-0.05-50-0 0 2355 39 33 28 8 0.2187 0.6893 309 191
171-0-1-0.05-50-0 0 2355 30 39 10 28 0.6008 0.2187 266 309
171-0-1-0.05-50-0 0 2356 12 39 5 26 0.1896 0.2187 325 309
171-0-1-0.05-50-0 0 2356 39 18 25 5 0.2187 0.2181 309 226
171-0-1-0.05-50-0 0 2356 10 5 8 1 0.2533 0.0007 449 226
171-0-1-0.05-50-0 0 2357 27 18 5 4 0.0776 0.2181 149 226
171-0-1-0.05-50-0 0 2357 40 39 4 24 0.9739 0.2187 104 309
171-0-1-0.05-50-0 0 2358 14 49 8 13 0.8451 0.1842 105 136
171-0-1-0.05-50-0 0 2358 36 19 3 4 0.8162 0.8072 165 134
171-0-1-0.05-50-0 0 2358 30 14 9 8 0.6008 0.8451 266 105
171-0-1-0.05-50-0 0 2359 39 36 25 3 0.2187 0.8162 309 165
171-0-1-0.05-50-0 0 2359 39 49 25 12 0.2187 0.1842 309 136
171-0-1-0.05-50-0 0 2359 40 24 4 4 0.9739 0.1940 104 254
171-0-1-0.05-50-0 0 2360 18 18 3 3 0.2181 0.2181 226 226
171-0-1-0.05-50-0 0 2360 38 27 7 5 0.6163 0.0776 270 149
171-0-1-0.05-50-0 0 2361 35 21 6 2 0.0354 0.4184 158 158
171-0-1-0.05-50-0 0 2361 27 10 3 9 0.0776 0.2533 149 449
171-0-1-0.05-50-0 0 2362 39 9 25 2 0.2187 0.6134 309 161
171-0-1-0.05-50-0 0 2362 38 8 7 4 0.6163 0.2506 270 303
171-0-1-0.05-50-0 0 2363 39 12 24 5 0.2187 0.1896 309 325
171-0-1-0.05-50-0 0 2363 24 8 3 3 0.1940 0.2506 254 303
171-0-1-0.05-50-0 0 2364 39 33 23 10 0.2187 0.6893 309 191
171-0-1-0.05-50-0 0 2364 39 27 23 3 0.2187 0.0776 309 149
171-0-1-0.05-50-0 0 2364 30 10 11 9 0.6008 0.2533 266 449
171-0-1-0.05-50-0 0 2365 39 33 22 9 0.2187 0.6893 309 191
171-0-1-0.05-50-0 0 2365 2 30 13 10 0.8198 0.6008 167 266
171-0-1-0.05-50-0 0 2365 23 10 5 10 0.1698 0.2533 476 449
171-0-1-0.05-50-0 0 2366 39 8 21 2 0.2187 0.2506 309 303
171-0-1-0.05-50-0 0 2366 10 6 8 5 0.2533 0.4266 449 249
171-0-1-0.05-50-0 0 2366 2 35 14 6 0.8198 0.0354 167 158
171-0-1-0.05-50-0 0 2367 33 49 7 12 0.6893 0.1842 191 136
171-0-1-0.05-50-0 0 2367 38 2 8 14 0.6163 0.8198 270 167
171-0-1-0.05-50-0 0 2368 49 38 12 8 0.1842 0.6163 136 270
171-0-1-0.05-50-0 0 2368 35 30 6 10 0.0354 0.6008 158 266
171-0-1-0.05-50-0 0 2368 14 18 7 7 0.8451 0.2181 105 226
171-0-1-0.05-50-0 0 2369 24 22 7 1 0.1940 0.0160 254 311
171-0-1-0.05-50-0 0 2369 18 10 6 8 0.2181 0.2533 226 449
171-0-1-0.05-50-0 0 2369 34 39 3 22 0.7448 0.2187 168 309
171-0-1-0.05-50-0 0 2370 49 10 11 7 0.1842 0.2533 136 449
171-0-1-0.05-50-0 0 2370 39 39 20 20 0.2187 0.2187 309 309
171-0-1-0.05-50-0 0 2371 31 18 1 5 0.5626 0.2181 252 226
171-0-1-0.05-50-0 0 2371 2 49 14 10 0.8198 0.1842 167 136
171-0-1-0.05-50-0 0 2372 2 38 15 5 0.8198 0.6163 167 270
171-0-1-0.05-50-0 0 2372 2 1 15 5 0.8198 0.2520 167 409
171-0-1-0.05-50-0 0 2372 25 14 3 9 0.9430 0.8451 125 105
171-0-1-0.05-50-0 0 2373 39 50 22 1 0.2187 0.2147 309 147
171-0-1-0.05-50-0 0 2373 25 33 3 8 0.9430 0.6893 125 191
171-0-1-0.05-50-0 0 2373 1 7 4 6 0.2520 0.9267 409 106
171-0-1-0.05-50-0 0 2374 2 24 14 7 0.8198 0.1940 167 254
171-0-1-0.05-50-0 0 2374 33 39 7 22 0.6893 0.2187 191 309
171-0-1-0.05-50-0 0 2374 39 30 21 14 0.2187 0.6008 309 266
171-0-1-0.05-50-0 0 2375 15 39 3 21 0.7918 0.2187 149 309
171-0-1-0.05-50-0 0 2375 39 30 20 14 0.2187 0.6008 309 266
171-0-1-0.05-50-0 0 2375 33 34 8 5 0.6893 0.7448 191 168
171-0-1-0.05-50-0 0 2376 2 39 14 22 0.8198 0.2187 167 309
171-0-1-0.05-50-0 0 2376 35 17 7 2 0.0354 0.6398 158 197
171-0-1-0.05-50-0 0 2376 2 23 14 7 0.8198 0.1698 167 476
171-0-1-0.05-50-0 0 2377 39 14 20 10 0.2187 0.8451 309 105
171-0-1-0.05-50-0 0 2377 34 8 4 1 0.7448 0.2506 168 303
171-0-1-0.05-50-0 0 2377 7 25 6 4 0.9267 0.9430 106 125
171-0-1-0.05-50-0 0 2378 40 49 6 12 0.9739 0.1842 104 136
171-0-1-0.05-50-0 0 2378 35 49 7 11 0.0354 0.1842 158 136
171-0-1-0.05-50-0 0 2378 12 10 4 7 0.1896 0.2533 325 449
171-0-1-0.05-50-0 0 2379 34 39 5 20 0.7448 0.2187 168 309
171-0-1-0.05-50-0 0 2379 30 30 13 13 0.6008 0.6008 266 266
171-0-1-0.05-50-0 0 2379 1 40 3 6 0.2520 0.9739 409 104
171-0-1-0.05-50-0 0 2380 7 2 6 11 0.9267 0.8198 106 167
171-0-1-0.05-50-0 0 2380 30 30 13 13 0.6008 0.6008 266 266
171-0-1-0.05-50-0 0 2381 33 39 7 18 0.6893 0.2187 191 309
171-0-1-0.05-50-0 0 2381 10 33 6 7 0.2533 0.6893 449 191
171-0-1-0.05-50-0 0 2382 49 2 10 11 0.1842 0.8198 136 167
171-0-1-0.05-50-0 0 2382 39 31 17 2 0.2187 0.5626 309 252
171-0-1-0.05-50-0 0 2382 7 30 7 13 0.9267 0.6008 106 266
171-0-1-0.05-50-0 0 2383 30 39 11 16 0.6008 0.2187 266 309
171-0-1-0.05-50-0 0 2383 30 34 11 4 0.6008 0.7448 266 168
171-0-1-0.05-50-0 0 2384 24 27 4 3 0.1940 0.0776 254 149
171-0-1-0.05-50-0 0 2384 2 30 9 11 0.8198 0.6008 167 266
171-0-1-0.05-50-0 0 2385 39 12 17 5 0.2187 0.1896 309 325
171-0-1-0.05-50-0 0 2385 14 25 12 3 0.8451 0.9430 105 125
171-0-1-0.05-50-0 0 2385 30 13 10 2 0.6008 0.8878 266 151
171-0-1-0.05-50-0 0 2386 14 14 12 12 0.8451 0.8451 105 105
171-0-1-0.05-50-0 0 2386 14 14 11 11 0.8451 0.8451 105 105
171-0-1-0.05-50-0 0 2386 15 40 4 4 0.7918 0.9739 149 104
171-0-1-0.05-50-0 0 2387 39 2 17 8 0.2187 0.8198 309 167
171-0-1-0.05-50-0 0 2387 35 49 10 11 0.0354 0.1842 158 136
171-0-1-0.05-50-0 0 2388 28 15 4 3 0.3846 0.7918 311 149
171-0-1-0.05-50-0 0 2388 24 28 4 4 0.1940 0.3846 254 311
171-0-1-0.05-50-0 0 2389 35 28 10 4 0.0354 0.3846 158 311
171-0-1-0.05-50-0 0 2389 23 45 9 2 0.1698 0.3816 476 173
171-0-1-0.05-50-0 0 2390 27 24 2 4 0.0776 0.1940 149 254
171-0-1-0.05-50-0 0 2390 30 14 13 8 0.6008 0.8451 266 105
171-0-1-0.05-50-0 0 2391 49 49 10 10 0.1842 0.1842 136 136
171-0-1-0.05-50-0 0 2391 7 7 9 9 0.9267 0.9267 106 106
171-0-1-0.05-50-0 0 2392 30 18 12 4 0.6008 0.2181 266 226
171-0-1-0.05-50-0 0 2392 49 28 10 4 0.1842 0.3846 136 311
171-0-1-0.05-50-0 0 2393 18 24 3 2 0.2181 0.1940 226 254
171-0-1-0.05-50-0 0 2393 24 49 1 9 0.1940 0.1842 254 136
171-0-1-0.05-50-0 0 2394 2 34 9 3 0.8198 0.7448 167 168
171-0-1-0.05-50-0 0 2394 35 18 14 4 0.0354 0.2181 158 226
171-0-1-0.05-50-0 0 2395 35 35 15 15 0.0354 0.0354 158 158
171-0-1-0.05-50-0 0 2395 3 38 1 3 0.4813 0.6163 321 270
171-0-1-0.05-50-0 0 2396 44 44 2 2 0.7034 0.7034 118 118
171-0-1-0.05-50-0 0 2396 6 36 4 2 0.4266 0.8162 249 165
171-0-1-0.05-50-0 0 2397 12 21 7 1 0.1896 0.4184 325 158
171-0-1-0.05-50-0 0 2397 39 49 13 8 0.2187 0.1842 309 136
171-0-1-0.05-50-0 0 2398 39 33 15 8 0.2187 0.6893 309 191
171-0-1-0.05-50-0 0 2398 40 23 2 5 0.9739 0.1698 104 476
171-0-1-0.05-50-0 0 2399 35 30 18 13 0.0354 0.6008 158 266
171-0-1-0.05-50-0 0 2399 33 39 8 15 0.6893 0.2187 191 309
171-0-1-0.05-50-0 0 2400 2 12 6 8 0.8198 0.1896 167 325
171-0-1-0.05-50-0 0 2400 38 10 3 7 0.6163 0.2533 270 449
171-0-1-0.05-50-0 0 2401 39 10 14 6 0.2187 0.2533 309 449
171-0-1-0.05-50-0 0 2401 35 35 20 20 0.0354 0.0354 158 158
171-0-1-0.05-50-0 0 2402 39 49 15 9 0.2187 0.1842 309 136
171-0-1-0.05-50-0 0 2402 15 33 4 8 0.7918 0.6893 149 191
171-0-1-0.05-50-0 0 2403 49 33 10 7 0.1842 0.6893 136 191
171-0-1-0.05-50-0 0 2403 7 2 10 5 0.9267 0.8198 106 167
171-0-1-0.05-50-0 0 2404 7 15 10 4 0.9267 0.7918 106 149
171-0-1-0.05-50-0 0 2404 7 30 10 12 0.9267 0.6008 106 266
171-0-1-0.05-50-0 0 2405 7 14 9 3 0.9267 0.8451 106 105
171-0-1-0.05-50-0 0 2405 39 30 17 11 0.2187 0.6008 309 266
171-0-1-0.05-50-0 0 2406 49 30 10 10 0.1842 0.6008 136 266
171-0-1-0.05-50-0 0 2406 15 18 3 5 0.7918 0.2181 149 226
171-0-1-0.05-50-0 0 2407 39 15 17 3 0.2187 0.7918 309 149
171-0-1-0.05-50-0 0 2407 39 39 17 17 0.2187 0.2187 309 309
171-0-1-0.05-50-0 0 2408 30 29 8 2 0.6008 0.6728 266 177
171-0-1-0.05-50-0 0 2408 15 35 1 16 0.7918 0.0354 149 158
171-0-1-0.05-50-0 0 2409 2 39 4 16 0.8198 0.2187 167 309
171-0-1-0.05-50-0 0 2409 6 35 6 15 0.4266 0.0354 249 158
171-0-1-0.05-50-0 0 2410 5 1 4 4 0.0007 0.2520 226 409
171-0-1-0.05-50-0 0 2410 10 39 6 15 0.2533 0.2187 449 309
171-0-1-0.05-50-0 0 2411 25 35 2 14 0.9430 0.0354 125 158
171-0-1-0.05-50-0 0 2411 49 4 6 2 0.1842 0.0723 136 351
171-0-1-0.05-50-0 0 2412 30 35 10 13 0.6008 0.0354 266 158
171-0-1-0.05-50-0 0 2412 2 39 4 13 0.8198 0.2187 167 309
171-0-1-0.05-50-0 0 2413 35 5 11 5 0.0354 0.0007 158 226
171-0-1-0.05-50-0 0 2413 23 10 7 6 0.1698 0.2533 476 449
171-0-1-0.05-50-0 0 2414 6 22 5 5 0.4266 0.0160 249 311
171-0-1-0.05-50-0 0 2414 25 39 2 11 0.9430 0.2187 125 309
171-0-1-0.05-50-0 0 2415 40 9 4 8 0.9739 0.6134 104 161
171-0-1-0.05-50-0 0 2415 18 30 5 10 0.2181 0.6008 226 266
171-0-1-0.05-50-0 0 2416 49 40 7 4 0.1842 0.9739 136 104
171-0-1-0.05-50-0 0 2416 10 10 4 4 0.2533 0.2533 449 449
171-0-1-0.05-50-0 0 2417 35 9 12 7 0.0354 0.6134 158 161
171-0-1-0.05-50-0 0 2417 9 22 6 3 0.6134 0.0160 161 311
171-0-1-0.05-50-0 0 2418 29 23 1 6 0.6728 0.1698 177 476
171-0-1-0.05-50-0 0 2418 22 35 2 12 0.0160 0.0354 311 158
171-0-1-0.05-50-0 0 2419 2 5 5 4 0.8198 0.0007 167 226
171-0-1-0.05-50-0 0 2419 7 18 11 5 0.9267 0.2181 106 226
171-0-1-0.05-50-0 0 2420 29 34 1 2 0.6728 0.7448 177 168
171-0-1-0.05-50-0 0 2420 30 30 9 9 0.6008 0.6008 266 266
171-0-1-0.05-50-0 0 2421 2 49 5 7 0.8198 0.1842 167 136
171-0-1-0.05-50-0 0 2421 35 39 13 12 0.0354 0.2187 158 309
171-0-1-0.05-50-0 0 2422 40 7 3 13 0.9739 0.9267 104 106
171-0-1-0.05-50-0 0 2422 34 7 1 12 0.7448 0.9267 168 106
171-0-1-0.05-50-0 0 2423 23 1 4 5 0.1698 0.2520 476 409
171-0-1-0.05-50-0 0 2423 35 34 13 1 0.0354 0.7448 158 168
171-0-1-0.05-50-0 0 2424 7 2 11 5 0.9267 0.8198 106 167
171-0-1-0.05-50-0 0 2424 29 22 2 2 0.6728 0.0160 177 311
171-0-1-0.05-50-0 0 2425 39 43 10 1 0.2187 0.8316 309 123
171-0-1-0.05-50-0 0 2425 10 31 4 1 0.2533 0.5626 449 252
171-0-1-0.05-50-0 0 2426 7 5 12 4 0.9267 0.0007 106 226
171-0-1-0.05-50-0 0 2426 38 6 1 5 0.6163 0.4266 270 249
171-0-1-0.05-50-0 0 2427 17 9 1 7 0.6398 0.6134 197 161
171-0-1-0.05-50-0 0 2427 10 12 4 5 0.2533 0.1896 449 325
171-0-1-0.05-50-0 0 2428 5 39 3 9 0.0007 0.2187 226 309
171-0-1-0.05-50-0 0 2428 35 7 16 11 0.0354 0.9267 158 106
171-0-1-0.05-50-0 0 2429 35 35 15 15 0.0354 0.0354 158 158
171-0-1-0.05-50-0 0 2429 49 7 7 11 0.1842 0.9267 136 106
171-0-1-0.05-50-0 0 2430 18 23 4 4 0.2181 0.1698 226 476
171-0-1-0.05-50-0 0 2430 48 9 6 8 0.1153 0.6134 334 161
171-0-1-0.05-50-0 0 2431 49 2 6 4 0.1842 0.8198 136 167
171-0-1-0.05-50-0 0 2431 7 1 8 4 0.9267 0.2520 106 409
171-0-1-0.05-50-0 0 2432 12 7 4 8 0.1896 0.9267 325 106
171-0-1-0.05-50-0 0 2432 14 7 3 7 0.8451 0.9267 105 106
171-0-1-0.05-50-0 0 2433 25 29 1 1 0.9430 0.6728 125 177
171-0-1-0.05-50-0 0 2433 35 31 21 1 0.0354 0.5626 158 252
171-0-1-0.05-50-0 0 2434 48 6 7 5 0.1153 0.4266 334 249
171-0-1-0.05-50-0 0 2434 30 2 9 4 0.6008 0.8198 266 167
171-0-1-0.05-50-0 0 2435 35 48 23 8 0.0354 0.1153 158 334
171-0-1-0.05-50-0 0 2435 38 35 1 23 0.6163 0.0354 270 158
171-0-1-0.05-50-0 0 2436 49 41 8 1 0.1842 0.9621 136 105
171-0-1-0.05-50-0 0 2436 35 48 23 7 0.0354 0.1153 158 334
171-0-1-0.05-50-0 0 2437 48 6 6 3 0.1153 0.4266 334 249
171-0-1-0.05-50-0 0 2437 33 7 2 7 0.6893 0.9267 191 106
171-0-1-0.05-50-0 0 2438 7 39 6 9 0.9267 0.2187 106 309
171-0-1-0.05-50-0 0 2438 36 35 3 23 0.8162 0.0354 165 158
171-0-1-0.05-50-0 0 2439 39 35 8 21 0.2187 0.0354 309 158
171-0-1-0.05-50-0 0 2439 30 40 6 2 0.6008 0.9739 266 104
171-0-1-0.05-50-0 0 2440 39 25 7 2 0.2187 0.9430 309 125
171-0-1-0.05-50-0 0 2440 10 35 3 19 0.2533 0.0354 449 158
171-0-1-0.05-50-0 0 2441 5 16 5 4 0.0007 0.2228 226 149
171-0-1-0.05-50-0 0 2441 2 49 4 7 0.8198 0.1842 167 136
171-0-1-0.05-50-0 0 2442 28 17 1 2 0.3846 0.6398 311 197
171-0-1-0.05-50-0 0 2442 35 7 16 7 0.0354 0.9267 158 106
171-0-1-0.05-50-0 0 2443 39 49 8 7 0.2187 0.1842 309 136
171-0-1-0.05-50-0 0 2443 9 10 6 3 0.6134 0.2533 161 449
171-0-1-0.05-50-0 0 2444 48 35 9 16 0.1153 0.0354 334 158
171-0-1-0.05-50-0 0 2444 1 35 6 15 0.2520 0.0354 409 158
171-0-1-0.05-50-0 0 2445 7 39 7 10 0.9267 0.2187 106 309
171-0-1-0.05-50-0 0 2445 15 48 2 9 0.7918 0.1153 149 334
171-0-1-0.05-50-0 0 2446 30 39 6 9 0.6008 0.2187 266 309
171-0-1-0.05-50-0 0 2446 35 9 16 6 0.0354 0.6134 158 161
171-0-1-0.05-50-0 0 2447 9 7 5 7 0.6134 0.9267 161 106
171-0-1-0.05-50-0 0 2447 39 49 8 6 0.2187 0.1842 309 136
171-0-1-0.05-50-0 0 2448 7 38 6 2 0.9267 0.6163 106 270
171-0-1-0.05-50-0 0 2448 16 16 5 5 0.2228 0.2228 149 149
171-0-1-0.05-50-0 0 2449 6 1 3 8 0.4266 0.2520 249 409
171-0-1-0.05-50-0 0 2449 30 35 6 16 0.6008 0.0354 266 158
171-0-1-0.05-50-0 0 2450 39 2 9 8 0.2187 0.8198 309 167
171-0-1-0.05-50-0 0 2450 48 7 10 7 0.1153 0.9267 334 106
171-0-1-0.05-50-0 0 2451 35 2 16 7 0.0354 0.8198 158 167
171-0-1-0.05-50-0 0 2451 35 39 16 9 0.0354 0.2187 158 309
171-0-1-0.05-50-0 0 2452 9 28 5 4 0.6134 0.3846 161 311
171-0-1-0.05-50-0 0 2452 7 16 6 5 0.9267 0.2228 106 149
171-0-1-0.05-50-0 0 2453 7 2 6 6 0.9267 0.8198 106 167
171-0-1-0.05-50-0 0 2453 35 7 19 6 0.0354 0.9267 158 106
171-0-1-0.05-50-0 0 2454 16 2 5 5 0.2228 0.8198 149 167
171-0-1-0.05-50-0 0 2454 48 35 8 20 0.1153 0.0354 334 158
171-0-1-0.05-50-0 0 2455 35 36 19 3 0.0354 0.8162 158 165
171-0-1-0.05-50-0 0 2455 30 18 6 9 0.6008 0.2181 266 226
171-0-1-0.05-50-0 0 2456 17 23 1 3 0.6398 0.1698 197 476
171-0-1-0.05-50-0 0 2456 35 49 19 8 0.0354 0.1842 158 136
171-0-1-0.05-50-0 0 2457 18 18 7 7 0.2181 0.2181 226 226
171-0-1-0.05-50-0 0 2457 29 15 2 2 0.6728 0.7918 177 149
171-0-1-0.05-50-0 0 2458 44 49 4 7 0.7034 0.1842 118 136
171-0-1-0.05-50-0 0 2458 48 5 8 4 0.1153 0.0007 334 226
171-0-1-0.05-50-0 0 2459 12 18 9 6 0.1896 0.2181 325 226
171-0-1-0.05-50-0 0 2459 39 3 7 1 0.2187 0.4813 309 321
171-0-1-0.05-50-0 0 2460 24 48 5 8 0.1940 0.1153 254 334
171-0-1-0.05-50-0 0 2460 36 35 1 23 0.8162 0.0354 165 158
171-0-1-0.05-50-0 0 2461 46 1 2 7 0.3451 0.2520 327 409
171-0-1-0.05-50-0 0 2461 39 16 8 8 0.2187 0.2228 309 149
171-0-1-0.05-50-0 0 2462 5 35 4 25 0.0007 0.0354 226 158
171-0-1-0.05-50-0 0 2462 1 46 6 2 0.2520 0.3451 409 327
171-0-1-0.05-50-0 0 2463 20 18 1 6 0.9922 0.2181 102 226
171-0-1-0.05-50-0 0 2463 6 39 5 8 0.4266 0.2187 249 309
171-0-1-0.05-50-0 0 2464 16 9 8 6 0.2228 0.6134 149 161
171-0-1-0.05-50-0 0 2464 7 18 5 5 0.9267 0.2181 106 226
171-0-1-0.05-50-0 0 2465 35 6 21 6 0.0354 0.4266 158 249
171-0-1-0.05-50-0 0 2465 6 35 5 21 0.4266 0.0354 249 158
171-0-1-0.05-50-0 0 2466 2 7 7 6 0.8198 0.9267 167 106
171-0-1-0.05-50-0 0 2466 29 35 2 20 0.6728 0.0354 177 158
171-0-1-0.05-50-0 0 2467 49 9 7 5 0.1842 0.6134 136 161
171-0-1-0.05-50-0 0 2467 36 45 1 4 0.8162 0.3816 165 173
171-0-1-0.05-50-0 0 2468 49 46 7 4 0.1842 0.3451 136 327
171-0-1-0.05-50-0 0 2468 18 35 5 20 0.2181 0.0354 226 158
171-0-1-0.05-50-0 0 2469 24 1 4 5 0.1940 0.2520 254 409
171-0-1-0.05-50-0 0 2469 49 32 7 1 0.1842 0.6514 136 215
171-0-1-0.05-50-0 0 2470 41 49 2 8 0.9621 0.1842 105 136
171-0-1-0.05-50-0 0 2470 35 39 22 9 0.0354 0.2187 158 309
171-0-1-0.05-50-0 0 2471 12 1 11 4 0.1896 0.2520 325 409
171-0-1-0.05-50-0 0 2471 2 18 7 5 0.8198 0.2181 167 226
171-0-1-0.05-50-0 0 2472 33 30 1 5 0.6893 0.6008 191 266
171-0-1-0.05-50-0 0 2472 25 39 1 9 0.9430 0.2187 125 309
171-0-1-0.05-50-0 0 2473 29 28 4 3 0.6728 0.3846 177 311
171-0-1-0.05-50-0 0 2473 39 4 9 1 0.2187 0.0723 309 351
171-0-1-0.05-50-0 0 2474 48 20 3 2 0.1153 0.9922 334 102
171-0-1-0.05-50-0 0 2474 33 16 1 9 0.6893 0.2228 191 149
171-0-1-0.05-50-0 0 2475 39 41 9 3 0.2187 0.9621 309 105
171-0-1-0.05-50-0 0 2475 1 16 3 9 0.2520 0.2228 409 149
171-0-1-0.05-50-0 0 2476 38 6 3 5 0.6163 0.4266 270 249
171-0-1-0.05-50-0 0 2476 12 5 12 4 0.1896 0.0007 325 226
171-0-1-0.05-50-0 0 2477 2 6 5 4 0.8198 0.4266 167 249
171-0-1-0.05-50-0 0 2477 6 27 3 3 0.4266 0.0776 249 149
171-0-1-0.05-50-0 0 2478 9 35 5 25 0.6134 0.0354 161 158
171-0-1-0.05-50-0 0 2478 12 12 13 13 0.1896 0.1896 325 325
171-0-1-0.05-50-0 0 2479 24 2 7 4 0.1940 0.8198 254 167
171-0-1-0.05-50-0 0 2479 35 49 24 9 0.0354 0.1842 158 136
171-0-1-0.05-50-0 0 2480 6 35 4 24 0.4266 0.0354 249 158
171-0-1-0.05-50-0 0 2480 29 35 4 23 0.6728 0.0354 177 158
171-0-1-0.05-50-0 0 2481 35 16 23 11 0.0354 0.2228 158 149
171-0-1-0.05-50-0 0 2481 39 2 10 3 0.2187 0.8198 309 167
171-0-1-0.05-50-0 0 2482 35 41 25 2 0.0354 0.9621 158 105
171-0-1-0.05-50-0 0 2482 9 35 5 25 0.6134 0.0354 161 158
171-0-1-0.05-50-0 0 2483 29 22 3 1 0.6728 0.0160 177 311
171-0-1-0.05-50-0 0 2483 18 7 3 3 0.2181 0.9267 226 106
171-0-1-0.05-50-0 0 2484 12 9 10 5 0.1896 0.6134 325 161
171-0-1-0.05-50-0 0 2484 45 9 3 4 0.3816 0.6134 173 161
171-0-1-0.05-50-0 0 2485 1 39 4 11 0.2520 0.2187 409 309
171-0-1-0.05-50-0 0 2485 10 29 5 3 0.2533 0.6728 449 177
171-0-1-0.05-50-0 0 2486 46 7 2 2 0.3451 0.9267 327 106
171-0-1-0.05-50-0 0 2486 25 48 2 2 0.9430 0.1153 125 334
171-0-1-0.05-50-0 0 2487 35 7 25 1 0.0354 0.9267 158 106
171-0-1-0.05-50-0 0 2487 44 32 4 2 0.7034 0.6514 118 215
171-0-1-0.05-50-0 0 2488 30 18 4 3 0.6008 0.2181 266 226
171-0-1-0.05-50-0 0 2488 9 35 3 27 0.6134 0.0354 161 158
171-0-1-0.05-50-0 0 2489 16 49 11 11 0.2228 0.1842 149 136
171-0-1-0.05-50-0 0 2489 35 30 26 4 0.0354 0.6008 158 266
171-0-1-0.05-50-0 0 2489 28 10 3 11 0.3846 0.2533 311 449
171-0-1-0.05-50-0 0 2490 35 16 27 12 0.0354 0.2228 158 149
171-0-1-0.05-50-0 0 2490 30 2 3 2 0.6008 0.8198 266 167
171-0-1-0.05-50-0 0 2490 35 1 27 5 0.0354 0.2520 158 409
171-0-1-0.05-50-0 0 2491 6 27 5 7 0.4266 0.0776 249 149
171-0-1-0.05-50-0 0 2491 49 39 10 9 0.1842 0.2187 136 309
171-0-1-0.05-50-0 0 2491 35 10 29 10 0.0354 0.2533 158 449
171-0-1-0.05-50-0 0 2492 35 35 32 32 0.0354 0.0354 158 158
171-0-1-0.05-50-0 0 2492 29 24 4 7 0.6728 0.1940 177 254
171-0-1-0.05-50-0 0 2492 10 24 9 6 0.2533 0.1940 449 254
171-0-1-0.05-50-0 0 2493 39 33 8 3 0.2187 0.6893 309 191
171-0-1-0.05-50-0 0 2493 10 38 9 3 0.2533 0.6163 449 270
171-0-1-0.05-50-0 0 2493 9 35 2 31 0.6134 0.0354 161 158
171-0-1-0.05-50-0 0 2494 33 35 2 29 0.6893 0.0354 191 158
171-0-1-0.05-50-0 0 2494 35 10 28 10 0.0354 0.2533 158 449
171-0-1-0.05-50-0 0 2494 9 29 2 5 0.6134 0.6728 161 177
171-0-1-0.05-50-0 0 2495 35 15 27 1 0.0354 0.7918 158 149
171-0-1-0.05-50-0 0 2495 6 35 5 27 0.4266 0.0354 249 158
171-0-1-0.05-50-0 0 2495 12 16 14 17 0.1896 0.2228 325 149
171-0-1-0.05-50-0 0 2496 49 44 13 5 0.1842 0.7034 136 118
171-0-1-0.05-50-0 0 2496 27 12 6 14 0.0776 0.1896 149 325
171-0-1-0.05-50-0 0 2496 28 16 4 16 0.3846 0.2228 311 149
171-0-1-0.05-50-0 0 2497 44 16 4 16 0.7034 0.2228 118 149
171-0-1-0.05-50-0 0 2497 29 9 4 1 0.6728 0.6134 177 161
171-0-1-0.05-50-0 0 2497 16 12 15 14 0.2228 0.1896 149 325
171-0-1-0.05-50-0 0 2498 34 33 4 3 0.7448 0.6893 168 191
171-0-1-0.05-50-0 0 2498 25 40 1 3 0.9430 0.9739 125 104
171-0-1-0.05-50-0 0 2498 35 16 30 17 0.0354 0.2228 158 149
171-0-1-0.05-50-0 0 2499 35 16 30 17 0.0354 0.2228 158 149
171-0-1-0.05-50-0 0 2499 35 27 30 7 0.0354 0.0776 158 149
171-0-1-0.05-50-0 0 2499 35 27 30 6 0.0354 0.0776 158 149
171-0-1-0.05-50-0 0 2500 24 35 2 31 0.1940 0.0354 254 158
171-0-1-0.05-50-0 0 2500 12 4 13 2 0.1896 0.0723 325 351
171-0-1-0.05-50-0 0 2500 49 49 14 14 0.1842 0.1842 136 136
