173-0-1-0.05-50-0 0 2302 16 24 35 14 0.2228 0.1940 149 254
173-0-1-0.05-50-0 0 2302 5 28 20 3 0.0007 0.3846 226 311
173-0-1-0.05-50-0 0 2302 5 32 20 3 0.0007 0.6514 226 215
173-0-1-0.05-50-0 0 2303 16 37 35 4 0.2228 0.8481 149 127
173-0-1-0.05-50-0 0 2303 24 14 12 1 0.1940 0.8451 254 105
173-0-1-0.05-50-0 0 2303 41 16 9 35 0.9621 0.2228 105 149
173-0-1-0.05-50-0 0 2304 16 48 35 5 0.2228 0.1153 149 334
173-0-1-0.05-50-0 0 2304 31 39 1 5 0.5626 0.2187 252 309
173-0-1-0.05-50-0 0 2305 5 28 21 3 0.0007 0.3846 226 311
173-0-1-0.05-50-0 0 2305 37 49 4 18 0.8481 0.1842 127 136
173-0-1-0.05-50-0 0 2306 24 41 14 9 0.1940 0.9621 254 105
173-0-1-0.05-50-0 0 2306 5 1 22 8 0.0007 0.2520 226 409
173-0-1-0.05-50-0 0 2307 19 48 1 4 0.8072 0.1153 134 334
173-0-1-0.05-50-0 0 2307 6 16 3 31 0.4266 0.2228 249 149
173-0-1-0.05-50-0 0 2308 49 19 22 1 0.1842 0.8072 136 134
173-0-1-0.05-50-0 0 2308 24 41 14 7 0.1940 0.9621 254 105
173-0-1-0.05-50-0 0 2309 49 48 22 3 0.1842 0.1153 136 334
173-0-1-0.05-50-0 0 2309 16 27 30 8 0.2228 0.0776 149 149
173-0-1-0.05-50-0 0 2309 33 49 2 22 0.6893 0.1842 191 136
173-0-1-0.05-50-0 0 2310 24 16 16 31 0.1940 0.2228 254 149
173-0-1-0.05-50-0 0 2310 41 16 4 30 0.9621 0.2228 105 149
173-0-1-0.05-50-0 0 2310 16 49 29 21 0.2228 0.1842 149 136
173-0-1-0.05-50-0 0 2311 16 38 28 1 0.2228 0.6163 149 270
173-0-1-0.05-50-0 0 2311 5 49 30 22 0.0007 0.1842 226 136
173-0-1-0.05-50-0 0 2311 5 1 30 9 0.0007 0.2520 226 409
173-0-1-0.05-50-0 0 2312 49 39 22 2 0.1842 0.2187 136 309
173-0-1-0.05-50-0 0 2312 37 5 5 31 0.8481 0.0007 127 226
173-0-1-0.05-50-0 0 2312 16 24 30 15 0.2228 0.1940 149 254
173-0-1-0.05-50-0 0 2313 39 5 1 28 0.2187 0.0007 309 226
173-0-1-0.05-50-0 0 2313 16 30 30 2 0.2228 0.6008 149 266
173-0-1-0.05-50-0 0 2313 31 24 1 16 0.5626 0.1940 252 254
173-0-1-0.05-50-0 0 2314 48 49 2 23 0.1153 0.1842 334 136
173-0-1-0.05-50-0 0 2314 16 5 30 27 0.2228 0.0007 149 226
173-0-1-0.05-50-0 0 2314 49 16 22 30 0.1842 0.2228 136 149
173-0-1-0.05-50-0 0 2315 48 3 2 1 0.1153 0.4813 334 321
173-0-1-0.05-50-0 0 2315 24 30 16 1 0.1940 0.6008 254 266
173-0-1-0.05-50-0 0 2316 48 23 3 2 0.1153 0.1698 334 476
173-0-1-0.05-50-0 0 2316 28 24 3 17 0.3846 0.1940 311 254
173-0-1-0.05-50-0 0 2317 37 5 7 26 0.8481 0.0007 127 226
173-0-1-0.05-50-0 0 2317 24 24 15 15 0.1940 0.1940 254 254
173-0-1-0.05-50-0 0 2318 1 49 9 22 0.2520 0.1842 409 136
173-0-1-0.05-50-0 0 2318 1 31 9 1 0.2520 0.5626 409 252
173-0-1-0.05-50-0 0 2319 5 24 21 13 0.0007 0.1940 226 254
173-0-1-0.05-50-0 0 2319 5 28 21 3 0.0007 0.3846 226 311
173-0-1-0.05-50-0 0 2320 5 28 22 2 0.0007 0.3846 226 311
173-0-1-0.05-50-0 0 2320 16 13 26 2 0.2228 0.8878 149 151
173-0-1-0.05-50-0 0 2321 5 5 24 24 0.0007 0.0007 226 226
173-0-1-0.05-50-0 0 2321 49 22 28 4 0.1842 0.0160 136 311
173-0-1-0.05-50-0 0 2322 37 5 5 23 0.8481 0.0007 127 226
173-0-1-0.05-50-0 0 2322 16 16 27 27 0.2228 0.2228 149 149
173-0-1-0.05-50-0 0 2323 49 16 27 26 0.1842 0.2228 136 149
173-0-1-0.05-50-0 0 2323 5 48 20 3 0.0007 0.1153 226 334
173-0-1-0.05-50-0 0 2324 5 49 20 29 0.0007 0.1842 226 136
173-0-1-0.05-50-0 0 2324 24 24 14 14 0.1940 0.1940 254 254
173-0-1-0.05-50-0 0 2325 1 1 9 9 0.2520 0.2520 409 409
173-0-1-0.05-50-0 0 2325 1 5 8 21 0.2520 0.0007 409 226
173-0-1-0.05-50-0 0 2326 16 5 24 22 0.2228 0.0007 149 226
173-0-1-0.05-50-0 0 2326 5 5 21 21 0.0007 0.0007 226 226
173-0-1-0.05-50-0 0 2327 49 2 32 2 0.1842 0.8198 136 167
173-0-1-0.05-50-0 0 2327 49 5 32 21 0.1842 0.0007 136 226
173-0-1-0.05-50-0 0 2328 49 4 34 1 0.1842 0.0723 136 351
173-0-1-0.05-50-0 0 2328 49 49 34 34 0.1842 0.1842 136 136
173-0-1-0.05-50-0 0 2329 27 24 4 11 0.0776 0.1940 149 254
173-0-1-0.05-50-0 0 2329 24 49 10 36 0.1940 0.1842 254 136
173-0-1-0.05-50-0 0 2330 9 29 1 3 0.6134 0.6728 161 177
173-0-1-0.05-50-0 0 2330 16 16 25 25 0.2228 0.2228 149 149
173-0-1-0.05-50-0 0 2331 16 49 26 34 0.2228 0.1842 149 136
173-0-1-0.05-50-0 0 2331 6 49 4 33 0.4266 0.1842 249 136
173-0-1-0.05-50-0 0 2332 11 41 2 4 0.0504 0.9621 384 105
173-0-1-0.05-50-0 0 2332 49 16 32 27 0.1842 0.2228 136 149
173-0-1-0.05-50-0 0 2333 49 49 30 30 0.1842 0.1842 136 136
173-0-1-0.05-50-0 0 2333 24 24 8 8 0.1940 0.1940 254 254
173-0-1-0.05-50-0 0 2334 49 48 29 4 0.1842 0.1153 136 334
173-0-1-0.05-50-0 0 2334 49 16 29 29 0.1842 0.2228 136 149
173-0-1-0.05-50-0 0 2334 16 48 28 3 0.2228 0.1153 149 334
173-0-1-0.05-50-0 0 2335 49 16 31 30 0.1842 0.2228 136 149
173-0-1-0.05-50-0 0 2335 5 49 20 31 0.0007 0.1842 226 136
173-0-1-0.05-50-0 0 2335 44 16 1 29 0.7034 0.2228 118 149
173-0-1-0.05-50-0 0 2336 9 49 1 29 0.6134 0.1842 161 136
173-0-1-0.05-50-0 0 2336 16 49 28 28 0.2228 0.1842 149 136
173-0-1-0.05-50-0 0 2337 37 5 7 19 0.8481 0.0007 127 226
173-0-1-0.05-50-0 0 2337 16 16 29 29 0.2228 0.2228 149 149
173-0-1-0.05-50-0 0 2338 16 25 28 2 0.2228 0.9430 149 125
173-0-1-0.05-50-0 0 2338 19 12 3 2 0.8072 0.1896 134 325
173-0-1-0.05-50-0 0 2338 1 27 9 4 0.2520 0.0776 409 149
173-0-1-0.05-50-0 0 2339 5 41 19 3 0.0007 0.9621 226 105
173-0-1-0.05-50-0 0 2339 49 49 33 33 0.1842 0.1842 136 136
173-0-1-0.05-50-0 0 2339 6 37 4 8 0.4266 0.8481 249 127
173-0-1-0.05-50-0 0 2340 5 49 16 34 0.0007 0.1842 226 136
173-0-1-0.05-50-0 0 2340 5 49 16 33 0.0007 0.1842 226 136
173-0-1-0.05-50-0 0 2340 49 1 32 12 0.1842 0.2520 136 409
173-0-1-0.05-50-0 0 2341 49 1 33 11 0.1842 0.2520 136 409
173-0-1-0.05-50-0 0 2341 19 49 3 33 0.8072 0.1842 134 136
173-0-1-0.05-50-0 0 2342 27 32 3 1 0.0776 0.6514 149 215
173-0-1-0.05-50-0 0 2342 12 21 2 4 0.1896 0.4184 325 158
173-0-1-0.05-50-0 0 2342 28 19 7 3 0.3846 0.8072 311 134
173-0-1-0.05-50-0 0 2343 28 1 8 11 0.3846 0.2520 311 409
173-0-1-0.05-50-0 0 2343 16 49 33 33 0.2228 0.1842 149 136
173-0-1-0.05-50-0 0 2343 47 5 2 19 0.9293 0.0007 103 226
173-0-1-0.05-50-0 0 2344 22 28 4 9 0.0160 0.3846 311 311
173-0-1-0.05-50-0 0 2344 33 49 4 31 0.6893 0.1842 191 136
173-0-1-0.05-50-0 0 2344 16 16 34 34 0.2228 0.2228 149 149
173-0-1-0.05-50-0 0 2345 19 5 2 20 0.8072 0.0007 134 226
173-0-1-0.05-50-0 0 2345 24 5 3 19 0.1940 0.0007 254 226
173-0-1-0.05-50-0 0 2345 16 6 36 5 0.2228 0.4266 149 249
173-0-1-0.05-50-0 0 2346 37 16 7 36 0.8481 0.2228 127 149
173-0-1-0.05-50-0 0 2346 16 28 35 9 0.2228 0.3846 149 311
173-0-1-0.05-50-0 0 2346 1 12 10 2 0.2520 0.1896 409 325
173-0-1-0.05-50-0 0 2347 27 5 3 19 0.0776 0.0007 149 226
173-0-1-0.05-50-0 0 2347 49 47 33 3 0.1842 0.9293 136 103
173-0-1-0.05-50-0 0 2347 49 33 33 3 0.1842 0.6893 136 191
173-0-1-0.05-50-0 0 2348 44 16 2 36 0.7034 0.2228 118 149
173-0-1-0.05-50-0 0 2348 49 37 32 7 0.1842 0.8481 136 127
173-0-1-0.05-50-0 0 2348 5 16 18 35 0.0007 0.2228 226 149
173-0-1-0.05-50-0 0 2349 19 5 4 16 0.8072 0.0007 134 226
173-0-1-0.05-50-0 0 2349 37 16 6 34 0.8481 0.2228 127 149
173-0-1-0.05-50-0 0 2349 1 10 12 1 0.2520 0.2533 409 449
173-0-1-0.05-50-0 0 2350 41 1 2 12 0.9621 0.2520 105 409
173-0-1-0.05-50-0 0 2350 49 37 31 6 0.1842 0.8481 136 127
173-0-1-0.05-50-0 0 2351 49 24 32 3 0.1842 0.1940 136 254
173-0-1-0.05-50-0 0 2351 5 27 16 3 0.0007 0.0776 226 149
173-0-1-0.05-50-0 0 2351 44 49 2 32 0.7034 0.1842 118 136
173-0-1-0.05-50-0 0 2352 2 49 1 31 0.8198 0.1842 167 136
173-0-1-0.05-50-0 0 2352 19 1 5 9 0.8072 0.2520 134 409
173-0-1-0.05-50-0 0 2353 49 5 31 17 0.1842 0.0007 136 226
173-0-1-0.05-50-0 0 2353 16 25 30 2 0.2228 0.9430 149 125
173-0-1-0.05-50-0 0 2354 49 41 31 3 0.1842 0.9621 136 105
173-0-1-0.05-50-0 0 2354 1 22 9 4 0.2520 0.0160 409 311
173-0-1-0.05-50-0 0 2355 41 16 2 30 0.9621 0.2228 105 149
173-0-1-0.05-50-0 0 2355 19 49 4 28 0.8072 0.1842 134 136
173-0-1-0.05-50-0 0 2356 16 5 28 15 0.2228 0.0007 149 226
173-0-1-0.05-50-0 0 2356 47 16 3 28 0.9293 0.2228 103 149
173-0-1-0.05-50-0 0 2357 16 19 28 5 0.2228 0.8072 149 134
173-0-1-0.05-50-0 0 2357 22 16 5 28 0.0160 0.2228 311 149
173-0-1-0.05-50-0 0 2358 16 5 27 15 0.2228 0.0007 149 226
173-0-1-0.05-50-0 0 2358 49 21 26 4 0.1842 0.4184 136 158
173-0-1-0.05-50-0 0 2359 50 16 1 28 0.2147 0.2228 147 149
173-0-1-0.05-50-0 0 2359 26 16 2 27 0.8171 0.2228 141 149
173-0-1-0.05-50-0 0 2360 16 49 27 26 0.2228 0.1842 149 136
173-0-1-0.05-50-0 0 2360 49 16 25 27 0.1842 0.2228 136 149
173-0-1-0.05-50-0 0 2361 28 22 8 6 0.3846 0.0160 311 311
173-0-1-0.05-50-0 0 2361 1 27 10 3 0.2520 0.0776 409 149
173-0-1-0.05-50-0 0 2361 16 1 27 10 0.2228 0.2520 149 409
173-0-1-0.05-50-0 0 2362 19 16 5 29 0.8072 0.2228 134 149
173-0-1-0.05-50-0 0 2362 49 11 27 6 0.1842 0.0504 136 384
173-0-1-0.05-50-0 0 2362 28 1 8 10 0.3846 0.2520 311 409
173-0-1-0.05-50-0 0 2363 16 41 29 4 0.2228 0.9621 149 105
173-0-1-0.05-50-0 0 2363 21 49 3 26 0.4184 0.1842 158 136
173-0-1-0.05-50-0 0 2363 43 25 2 3 0.8316 0.9430 123 125
173-0-1-0.05-50-0 0 2364 49 1 23 9 0.1842 0.2520 136 409
173-0-1-0.05-50-0 0 2364 5 16 14 29 0.0007 0.2228 226 149
173-0-1-0.05-50-0 0 2364 16 5 28 14 0.2228 0.0007 149 226
173-0-1-0.05-50-0 0 2365 5 24 13 2 0.0007 0.1940 226 254
173-0-1-0.05-50-0 0 2365 47 3 3 2 0.9293 0.4813 103 321
173-0-1-0.05-50-0 0 2365 43 5 2 13 0.8316 0.0007 123 226
173-0-1-0.05-50-0 0 2366 28 19 11 6 0.3846 0.8072 311 134
173-0-1-0.05-50-0 0 2366 21 16 3 33 0.4184 0.2228 158 149
173-0-1-0.05-50-0 0 2366 11 16 5 32 0.0504 0.2228 384 149
173-0-1-0.05-50-0 0 2367 49 47 23 3 0.1842 0.9293 136 103
173-0-1-0.05-50-0 0 2367 16 41 31 3 0.2228 0.9621 149 105
173-0-1-0.05-50-0 0 2367 49 27 23 5 0.1842 0.0776 136 149
173-0-1-0.05-50-0 0 2368 49 16 26 31 0.1842 0.2228 136 149
173-0-1-0.05-50-0 0 2368 1 49 7 26 0.2520 0.1842 409 136
173-0-1-0.05-50-0 0 2368 44 1 2 7 0.7034 0.2520 118 409
173-0-1-0.05-50-0 0 2369 33 16 3 31 0.6893 0.2228 191 149
173-0-1-0.05-50-0 0 2369 28 32 13 2 0.3846 0.6514 311 215
173-0-1-0.05-50-0 0 2369 25 49 2 26 0.9430 0.1842 125 136
173-0-1-0.05-50-0 0 2370 11 16 6 30 0.0504 0.2228 384 149
173-0-1-0.05-50-0 0 2370 32 47 1 3 0.6514 0.9293 215 103
173-0-1-0.05-50-0 0 2370 16 28 29 13 0.2228 0.3846 149 311
173-0-1-0.05-50-0 0 2371 22 49 6 24 0.0160 0.1842 311 136
173-0-1-0.05-50-0 0 2371 49 16 23 29 0.1842 0.2228 136 149
173-0-1-0.05-50-0 0 2372 11 27 6 3 0.0504 0.0776 384 149
173-0-1-0.05-50-0 0 2372 37 50 7 2 0.8481 0.2147 127 147
173-0-1-0.05-50-0 0 2373 16 28 29 12 0.2228 0.3846 149 311
173-0-1-0.05-50-0 0 2373 37 16 7 29 0.8481 0.2228 127 149
173-0-1-0.05-50-0 0 2374 33 49 5 25 0.6893 0.1842 191 136
173-0-1-0.05-50-0 0 2374 37 33 7 5 0.8481 0.6893 127 191
173-0-1-0.05-50-0 0 2375 48 24 6 2 0.1153 0.1940 334 254
173-0-1-0.05-50-0 0 2375 16 28 28 11 0.2228 0.3846 149 311
173-0-1-0.05-50-0 0 2376 5 49 11 24 0.0007 0.1842 226 136
173-0-1-0.05-50-0 0 2376 16 28 27 10 0.2228 0.3846 149 311
173-0-1-0.05-50-0 0 2376 16 24 27 1 0.2228 0.1940 149 254
173-0-1-0.05-50-0 0 2377 37 50 7 1 0.8481 0.2147 127 147
173-0-1-0.05-50-0 0 2377 28 48 8 6 0.3846 0.1153 311 334
173-0-1-0.05-50-0 0 2378 49 33 23 5 0.1842 0.6893 136 191
173-0-1-0.05-50-0 0 2378 26 19 3 4 0.8171 0.8072 141 134
173-0-1-0.05-50-0 0 2379 49 11 23 8 0.1842 0.0504 136 384
173-0-1-0.05-50-0 0 2379 16 16 28 28 0.2228 0.2228 149 149
173-0-1-0.05-50-0 0 2380 12 16 3 27 0.1896 0.2228 325 149
173-0-1-0.05-50-0 0 2380 28 37 10 7 0.3846 0.8481 311 127
173-0-1-0.05-50-0 0 2381 16 49 26 22 0.2228 0.1842 149 136
173-0-1-0.05-50-0 0 2381 47 16 1 26 0.9293 0.2228 103 149
173-0-1-0.05-50-0 0 2382 16 25 22 4 0.2228 0.9430 149 125
173-0-1-0.05-50-0 0 2382 11 5 6 12 0.0504 0.0007 384 226
173-0-1-0.05-50-0 0 2383 14 48 2 7 0.8451 0.1153 105 334
173-0-1-0.05-50-0 0 2383 33 37 5 4 0.6893 0.8481 191 127
173-0-1-0.05-50-0 0 2384 5 16 10 23 0.0007 0.2228 226 149
173-0-1-0.05-50-0 0 2384 16 49 22 29 0.2228 0.1842 149 136
173-0-1-0.05-50-0 0 2385 5 46 9 1 0.0007 0.3451 226 327
173-0-1-0.05-50-0 0 2385 16 33 23 4 0.2228 0.6893 149 191
173-0-1-0.05-50-0 0 2386 49 22 31 8 0.1842 0.0160 136 311
173-0-1-0.05-50-0 0 2386 49 8 31 1 0.1842 0.2506 136 303
173-0-1-0.05-50-0 0 2387 22 33 7 3 0.0160 0.6893 311 191
173-0-1-0.05-50-0 0 2387 1 33 15 2 0.2520 0.6893 409 191
173-0-1-0.05-50-0 0 2388 11 16 5 24 0.0504 0.2228 384 149
173-0-1-0.05-50-0 0 2388 16 18 23 2 0.2228 0.2181 149 226
173-0-1-0.05-50-0 0 2389 1 5 15 9 0.2520 0.0007 409 226
173-0-1-0.05-50-0 0 2389 26 16 3 26 0.8171 0.2228 141 149
173-0-1-0.05-50-0 0 2389 19 43 3 4 0.8072 0.8316 134 123
173-0-1-0.05-50-0 0 2390 48 16 5 27 0.1153 0.2228 334 149
173-0-1-0.05-50-0 0 2390 37 49 2 29 0.8481 0.1842 127 136
173-0-1-0.05-50-0 0 2390 11 19 4 3 0.0504 0.8072 384 134
173-0-1-0.05-50-0 0 2391 43 1 4 18 0.8316 0.2520 123 409
173-0-1-0.05-50-0 0 2391 28 49 16 29 0.3846 0.1842 311 136
173-0-1-0.05-50-0 0 2391 16 1 26 17 0.2228 0.2520 149 409
173-0-1-0.05-50-0 0 2392 49 16 25 24 0.1842 0.2228 136 149
173-0-1-0.05-50-0 0 2392 16 44 23 3 0.2228 0.7034 149 118
173-0-1-0.05-50-0 0 2393 25 49 3 25 0.9430 0.1842 125 136
173-0-1-0.05-50-0 0 2393 28 43 15 2 0.3846 0.8316 311 123
173-0-1-0.05-50-0 0 2394 49 28 26 16 0.1842 0.3846 136 311
173-0-1-0.05-50-0 0 2394 47 49 1 26 0.9293 0.1842 103 136
173-0-1-0.05-50-0 0 2395 49 16 21 20 0.1842 0.2228 136 149
173-0-1-0.05-50-0 0 2395 12 48 2 4 0.1896 0.1153 325 334
173-0-1-0.05-50-0 0 2396 28 49 15 20 0.3846 0.1842 311 136
173-0-1-0.05-50-0 0 2396 49 28 19 15 0.1842 0.3846 136 311
173-0-1-0.05-50-0 0 2397 28 48 14 4 0.3846 0.1153 311 334
173-0-1-0.05-50-0 0 2397 25 22 4 7 0.9430 0.0160 125 311
173-0-1-0.05-50-0 0 2398 48 5 3 10 0.1153 0.0007 334 226
173-0-1-0.05-50-0 0 2398 21 49 6 18 0.4184 0.1842 158 136
173-0-1-0.05-50-0 0 2399 49 48 17 3 0.1842 0.1153 136 334
173-0-1-0.05-50-0 0 2399 5 28 9 15 0.0007 0.3846 226 311
173-0-1-0.05-50-0 0 2400 16 4 16 3 0.2228 0.0723 149 351
173-0-1-0.05-50-0 0 2400 1 19 23 2 0.2520 0.8072 409 134
173-0-1-0.05-50-0 0 2401 16 36 15 3 0.2228 0.8162 149 165
173-0-1-0.05-50-0 0 2401 13 1 4 24 0.8878 0.2520 151 409
173-0-1-0.05-50-0 0 2402 21 5 7 8 0.4184 0.0007 158 226
173-0-1-0.05-50-0 0 2402 3 25 3 8 0.4813 0.9430 321 125
173-0-1-0.05-50-0 0 2403 16 28 15 14 0.2228 0.3846 149 311
173-0-1-0.05-50-0 0 2403 5 26 8 3 0.0007 0.8171 226 141
173-0-1-0.05-50-0 0 2404 49 21 19 7 0.1842 0.4184 136 158
173-0-1-0.05-50-0 0 2404 37 16 2 15 0.8481 0.2228 127 149
173-0-1-0.05-50-0 0 2404 1 13 24 5 0.2520 0.8878 409 151
173-0-1-0.05-50-0 0 2405 22 36 8 3 0.0160 0.8162 311 165
173-0-1-0.05-50-0 0 2405 28 13 13 3 0.3846 0.8878 311 151
173-0-1-0.05-50-0 0 2406 1 16 26 14 0.2520 0.2228 409 149
173-0-1-0.05-50-0 0 2406 9 9 6 6 0.6134 0.6134 161 161
173-0-1-0.05-50-0 0 2407 32 4 3 3 0.6514 0.0723 215 351
173-0-1-0.05-50-0 0 2407 49 43 18 1 0.1842 0.8316 136 123
173-0-1-0.05-50-0 0 2407 9 13 5 2 0.6134 0.8878 161 151
173-0-1-0.05-50-0 0 2408 19 49 2 19 0.8072 0.1842 134 136
173-0-1-0.05-50-0 0 2408 1 28 29 14 0.2520 0.3846 409 311
173-0-1-0.05-50-0 0 2408 32 16 3 12 0.6514 0.2228 215 149
173-0-1-0.05-50-0 0 2409 1 22 30 11 0.2520 0.0160 409 311
173-0-1-0.05-50-0 0 2409 40 13 1 1 0.9739 0.8878 104 151
173-0-1-0.05-50-0 0 2409 12 3 5 4 0.1896 0.4813 325 321
173-0-1-0.05-50-0 0 2410 49 49 17 17 0.1842 0.1842 136 136
173-0-1-0.05-50-0 0 2410 1 3 28 4 0.2520 0.4813 409 321
173-0-1-0.05-50-0 0 2410 1 16 28 11 0.2520 0.2228 409 149
173-0-1-0.05-50-0 0 2411 25 37 6 2 0.9430 0.8481 125 127
173-0-1-0.05-50-0 0 2411 1 47 27 4 0.2520 0.9293 409 103
173-0-1-0.05-50-0 0 2411 6 1 2 27 0.4266 0.2520 249 409
173-0-1-0.05-50-0 0 2412 3 28 3 13 0.4813 0.3846 321 311
173-0-1-0.05-50-0 0 2412 1 5 27 9 0.2520 0.0007 409 226
173-0-1-0.05-50-0 0 2412 49 28 17 12 0.1842 0.3846 136 311
173-0-1-0.05-50-0 0 2413 16 28 12 14 0.2228 0.3846 149 311
173-0-1-0.05-50-0 0 2413 21 39 9 5 0.4184 0.2187 158 309
173-0-1-0.05-50-0 0 2413 44 28 2 13 0.7034 0.3846 118 311
173-0-1-0.05-50-0 0 2414 16 5 12 8 0.2228 0.0007 149 226
173-0-1-0.05-50-0 0 2414 28 49 13 18 0.3846 0.1842 311 136
173-0-1-0.05-50-0 0 2414 16 28 12 13 0.2228 0.3846 149 311
173-0-1-0.05-50-0 0 2415 16 49 12 17 0.2228 0.1842 149 136
173-0-1-0.05-50-0 0 2415 16 16 12 12 0.2228 0.2228 149 149
173-0-1-0.05-50-0 0 2415 1 39 26 4 0.2520 0.2187 409 309
173-0-1-0.05-50-0 0 2416 47 21 3 11 0.9293 0.4184 103 158
173-0-1-0.05-50-0 0 2416 22 25 12 6 0.0160 0.9430 311 125
173-0-1-0.05-50-0 0 2416 44 16 2 11 0.7034 0.2228 118 149
173-0-1-0.05-50-0 0 2417 18 22 5 12 0.2181 0.0160 226 311
173-0-1-0.05-50-0 0 2417 49 28 15 11 0.1842 0.3846 136 311
173-0-1-0.05-50-0 0 2417 22 22 11 11 0.0160 0.0160 311 311
173-0-1-0.05-50-0 0 2418 49 49 15 15 0.1842 0.1842 136 136
173-0-1-0.05-50-0 0 2418 49 12 14 6 0.1842 0.1896 136 325
173-0-1-0.05-50-0 0 2419 39 16 3 12 0.2187 0.2228 309 149
173-0-1-0.05-50-0 0 2419 1 5 22 7 0.2520 0.0007 409 226
173-0-1-0.05-50-0 0 2420 16 31 11 3 0.2228 0.5626 149 252
173-0-1-0.05-50-0 0 2420 28 47 11 3 0.3846 0.9293 311 103
173-0-1-0.05-50-0 0 2421 48 22 6 11 0.1153 0.0160 334 311
173-0-1-0.05-50-0 0 2421 22 9 10 6 0.0160 0.6134 311 161
173-0-1-0.05-50-0 0 2422 49 22 12 10 0.1842 0.0160 136 311
173-0-1-0.05-50-0 0 2422 1 5 23 7 0.2520 0.0007 409 226
173-0-1-0.05-50-0 0 2422 49 4 12 4 0.1842 0.0723 136 351
173-0-1-0.05-50-0 0 2423 1 12 24 5 0.2520 0.1896 409 325
173-0-1-0.05-50-0 0 2423 21 21 6 6 0.4184 0.4184 158 158
173-0-1-0.05-50-0 0 2424 44 18 1 7 0.7034 0.2181 118 226
173-0-1-0.05-50-0 0 2424 1 25 24 2 0.2520 0.9430 409 125
173-0-1-0.05-50-0 0 2425 6 3 1 5 0.4266 0.4813 249 321
173-0-1-0.05-50-0 0 2425 22 12 11 4 0.0160 0.1896 311 325
173-0-1-0.05-50-0 0 2426 4 1 2 24 0.0723 0.2520 351 409
173-0-1-0.05-50-0 0 2426 48 22 5 12 0.1153 0.0160 334 311
173-0-1-0.05-50-0 0 2427 48 22 5 12 0.1153 0.0160 334 311
173-0-1-0.05-50-0 0 2427 1 49 24 13 0.2520 0.1842 409 136
173-0-1-0.05-50-0 0 2428 36 1 5 25 0.8162 0.2520 165 409
173-0-1-0.05-50-0 0 2428 1 48 24 5 0.2520 0.1153 409 334
173-0-1-0.05-50-0 0 2429 49 21 14 8 0.1842 0.4184 136 158
173-0-1-0.05-50-0 0 2429 36 4 5 2 0.8162 0.0723 165 351
173-0-1-0.05-50-0 0 2430 5 16 6 10 0.0007 0.2228 226 149
173-0-1-0.05-50-0 0 2430 49 1 15 25 0.1842 0.2520 136 409
173-0-1-0.05-50-0 0 2431 1 11 23 1 0.2520 0.0504 409 384
173-0-1-0.05-50-0 0 2431 5 9 7 4 0.0007 0.6134 226 161
173-0-1-0.05-50-0 0 2432 29 19 2 3 0.6728 0.8072 177 134
173-0-1-0.05-50-0 0 2432 28 49 17 16 0.3846 0.1842 311 136
173-0-1-0.05-50-0 0 2433 9 42 4 1 0.6134 0.7447 161 106
173-0-1-0.05-50-0 0 2433 28 18 17 5 0.3846 0.2181 311 226
173-0-1-0.05-50-0 0 2434 1 1 24 24 0.2520 0.2520 409 409
173-0-1-0.05-50-0 0 2434 49 48 15 3 0.1842 0.1153 136 334
173-0-1-0.05-50-0 0 2435 9 16 4 9 0.6134 0.2228 161 149
173-0-1-0.05-50-0 0 2435 44 49 3 16 0.7034 0.1842 118 136
173-0-1-0.05-50-0 0 2435 37 49 4 15 0.8481 0.1842 127 136
173-0-1-0.05-50-0 0 2436 5 36 9 8 0.0007 0.8162 226 165
173-0-1-0.05-50-0 0 2436 9 31 5 3 0.6134 0.5626 161 252
173-0-1-0.05-50-0 0 2436 33 5 3 9 0.6893 0.0007 191 226
173-0-1-0.05-50-0 0 2437 49 1 16 22 0.1842 0.2520 136 409
173-0-1-0.05-50-0 0 2437 18 18 5 5 0.2181 0.2181 226 226
173-0-1-0.05-50-0 0 2437 17 1 2 21 0.6398 0.2520 197 409
173-0-1-0.05-50-0 0 2438 1 49 20 15 0.2520 0.1842 409 136
173-0-1-0.05-50-0 0 2438 22 16 9 9 0.0160 0.2228 311 149
173-0-1-0.05-50-0 0 2438 37 28 3 19 0.8481 0.3846 127 311
173-0-1-0.05-50-0 0 2439 20 36 1 8 0.9922 0.8162 102 165
173-0-1-0.05-50-0 0 2439 1 12 19 2 0.2520 0.1896 409 325
173-0-1-0.05-50-0 0 2440 22 33 11 5 0.0160 0.6893 311 191
173-0-1-0.05-50-0 0 2440 33 21 4 9 0.6893 0.4184 191 158
173-0-1-0.05-50-0 0 2440 27 25 2 2 0.0776 0.9430 149 125
173-0-1-0.05-50-0 0 2441 22 17 12 4 0.0160 0.6398 311 197
173-0-1-0.05-50-0 0 2441 28 3 19 3 0.3846 0.4813 311 321
173-0-1-0.05-50-0 0 2441 37 33 3 4 0.8481 0.6893 127 191
173-0-1-0.05-50-0 0 2442 47 28 3 20 0.9293 0.3846 103 311
173-0-1-0.05-50-0 0 2442 48 39 3 3 0.1153 0.2187 334 309
173-0-1-0.05-50-0 0 2443 36 1 3 17 0.8162 0.2520 165 409
173-0-1-0.05-50-0 0 2443 16 15 8 1 0.2228 0.7918 149 149
173-0-1-0.05-50-0 0 2444 28 28 18 18 0.3846 0.3846 311 311
173-0-1-0.05-50-0 0 2444 33 46 4 1 0.6893 0.3451 191 327
173-0-1-0.05-50-0 0 2445 32 5 1 10 0.6514 0.0007 215 226
173-0-1-0.05-50-0 0 2445 44 1 4 15 0.7034 0.2520 118 409
173-0-1-0.05-50-0 0 2446 48 21 2 8 0.1153 0.4184 334 158
173-0-1-0.05-50-0 0 2446 1 39 14 2 0.2520 0.2187 409 309
173-0-1-0.05-50-0 0 2447 49 28 10 16 0.1842 0.3846 136 311
173-0-1-0.05-50-0 0 2447 36 49 3 10 0.8162 0.1842 165 136
173-0-1-0.05-50-0 0 2448 21 18 7 6 0.4184 0.2181 158 226
173-0-1-0.05-50-0 0 2448 3 33 2 6 0.4813 0.6893 321 191
173-0-1-0.05-50-0 0 2449 5 5 10 10 0.0007 0.0007 226 226
173-0-1-0.05-50-0 0 2449 21 1 8 13 0.4184 0.2520 158 409
173-0-1-0.05-50-0 0 2450 1 28 10 17 0.2520 0.3846 409 311
173-0-1-0.05-50-0 0 2450 22 28 12 16 0.0160 0.3846 311 311
173-0-1-0.05-50-0 0 2451 1 33 13 6 0.2520 0.6893 409 191
173-0-1-0.05-50-0 0 2451 49 16 10 7 0.1842 0.2228 136 149
173-0-1-0.05-50-0 0 2452 22 39 14 2 0.0160 0.2187 311 309
173-0-1-0.05-50-0 0 2452 22 1 14 13 0.0160 0.2520 311 409
173-0-1-0.05-50-0 0 2452 37 22 5 14 0.8481 0.0160 127 311
173-0-1-0.05-50-0 0 2453 12 1 5 13 0.1896 0.2520 325 409
173-0-1-0.05-50-0 0 2453 21 28 10 14 0.4184 0.3846 158 311
173-0-1-0.05-50-0 0 2454 49 27 11 4 0.1842 0.0776 136 149
173-0-1-0.05-50-0 0 2454 26 9 3 8 0.8171 0.6134 141 161
173-0-1-0.05-50-0 0 2455 1 20 14 4 0.2520 0.9922 409 102
173-0-1-0.05-50-0 0 2455 28 15 12 1 0.3846 0.7918 311 149
173-0-1-0.05-50-0 0 2455 12 1 5 14 0.1896 0.2520 325 409
173-0-1-0.05-50-0 0 2456 49 1 9 14 0.1842 0.2520 136 409
173-0-1-0.05-50-0 0 2456 33 29 6 4 0.6893 0.6728 191 177
173-0-1-0.05-50-0 0 2456 16 25 9 1 0.2228 0.9430 149 125
173-0-1-0.05-50-0 0 2457 37 28 3 12 0.8481 0.3846 127 311
173-0-1-0.05-50-0 0 2457 1 47 14 4 0.2520 0.9293 409 103
173-0-1-0.05-50-0 0 2457 22 17 15 6 0.0160 0.6398 311 197
173-0-1-0.05-50-0 0 2458 44 28 8 11 0.7034 0.3846 118 311
173-0-1-0.05-50-0 0 2458 5 5 13 13 0.0007 0.0007 226 226
173-0-1-0.05-50-0 0 2458 5 33 12 5 0.0007 0.6893 226 191
173-0-1-0.05-50-0 0 2459 22 26 15 3 0.0160 0.8171 311 141
173-0-1-0.05-50-0 0 2459 44 48 8 3 0.7034 0.1153 118 334
173-0-1-0.05-50-0 0 2459 49 28 11 10 0.1842 0.3846 136 311
173-0-1-0.05-50-0 0 2460 31 16 4 8 0.5626 0.2228 252 149
173-0-1-0.05-50-0 0 2460 32 9 5 7 0.6514 0.6134 215 161
173-0-1-0.05-50-0 0 2460 22 21 16 10 0.0160 0.4184 311 158
173-0-1-0.05-50-0 0 2461 5 44 15 8 0.0007 0.7034 226 118
173-0-1-0.05-50-0 0 2461 1 9 16 6 0.2520 0.6134 409 161
173-0-1-0.05-50-0 0 2461 44 5 7 15 0.7034 0.0007 118 226
173-0-1-0.05-50-0 0 2462 5 16 14 9 0.0007 0.2228 226 149
173-0-1-0.05-50-0 0 2462 31 49 3 10 0.5626 0.1842 252 136
173-0-1-0.05-50-0 0 2462 20 33 4 7 0.9922 0.6893 102 191
173-0-1-0.05-50-0 0 2463 9 1 5 18 0.6134 0.2520 161 409
173-0-1-0.05-50-0 0 2463 16 22 9 17 0.2228 0.0160 149 311
173-0-1-0.05-50-0 0 2463 12 5 4 14 0.1896 0.0007 325 226
173-0-1-0.05-50-0 0 2464 49 48 8 2 0.1842 0.1153 136 334
173-0-1-0.05-50-0 0 2464 27 21 5 10 0.0776 0.4184 149 158
173-0-1-0.05-50-0 0 2464 1 39 17 2 0.2520 0.2187 409 309
173-0-1-0.05-50-0 0 2465 5 32 15 6 0.0007 0.6514 226 215
173-0-1-0.05-50-0 0 2465 17 5 7 15 0.6398 0.0007 197 226
173-0-1-0.05-50-0 0 2465 22 1 17 16 0.0160 0.2520 311 409
173-0-1-0.05-50-0 0 2466 29 28 5 13 0.6728 0.3846 177 311
173-0-1-0.05-50-0 0 2466 22 28 19 12 0.0160 0.3846 311 311
173-0-1-0.05-50-0 0 2466 16 32 11 4 0.2228 0.6514 149 215
173-0-1-0.05-50-0 0 2467 32 12 4 4 0.6514 0.1896 215 325
173-0-1-0.05-50-0 0 2467 33 28 5 10 0.6893 0.3846 191 311
173-0-1-0.05-50-0 0 2467 5 18 13 5 0.0007 0.2181 226 226
173-0-1-0.05-50-0 0 2468 28 7 9 1 0.3846 0.9267 311 106
173-0-1-0.05-50-0 0 2468 18 17 4 8 0.2181 0.6398 226 197
173-0-1-0.05-50-0 0 2468 1 27 16 5 0.2520 0.0776 409 149
173-0-1-0.05-50-0 0 2469 1 1 17 17 0.2520 0.2520 409 409
173-0-1-0.05-50-0 0 2469 47 37 6 2 0.9293 0.8481 103 127
173-0-1-0.05-50-0 0 2469 21 3 10 3 0.4184 0.4813 158 321
173-0-1-0.05-50-0 0 2470 17 13 7 1 0.6398 0.8878 197 151
173-0-1-0.05-50-0 0 2470 3 28 2 9 0.4813 0.3846 321 311
173-0-1-0.05-50-0 0 2470 5 31 14 4 0.0007 0.5626 226 252
173-0-1-0.05-50-0 0 2471 21 28 11 10 0.4184 0.3846 158 311
173-0-1-0.05-50-0 0 2471 5 16 14 9 0.0007 0.2228 226 149
173-0-1-0.05-50-0 0 2471 17 22 7 19 0.6398 0.0160 197 311
173-0-1-0.05-50-0 0 2472 16 21 9 10 0.2228 0.4184 149 158
173-0-1-0.05-50-0 0 2472 21 1 9 21 0.4184 0.2520 158 409
173-0-1-0.05-50-0 0 2472 22 35 18 3 0.0160 0.0354 311 158
173-0-1-0.05-50-0 0 2473 20 18 4 3 0.9922 0.2181 102 226
173-0-1-0.05-50-0 0 2473 31 1 4 21 0.5626 0.2520 252 409
173-0-1-0.05-50-0 0 2473 22 29 17 4 0.0160 0.6728 311 177
173-0-1-0.05-50-0 0 2474 3 1 2 20 0.4813 0.2520 321 409
173-0-1-0.05-50-0 0 2474 44 27 7 4 0.7034 0.0776 118 149
173-0-1-0.05-50-0 0 2474 36 35 2 2 0.8162 0.0354 165 158
173-0-1-0.05-50-0 0 2475 47 16 7 8 0.9293 0.2228 103 149
173-0-1-0.05-50-0 0 2475 47 1 7 19 0.9293 0.2520 103 409
173-0-1-0.05-50-0 0 2475 47 49 7 5 0.9293 0.1842 103 136
173-0-1-0.05-50-0 0 2476 5 17 16 7 0.0007 0.6398 226 197
173-0-1-0.05-50-0 0 2476 28 50 9 2 0.3846 0.2147 311 147
173-0-1-0.05-50-0 0 2476 5 22 16 17 0.0007 0.0160 226 311
173-0-1-0.05-50-0 0 2477 44 16 8 9 0.7034 0.2228 118 149
173-0-1-0.05-50-0 0 2477 28 21 10 8 0.3846 0.4184 311 158
173-0-1-0.05-50-0 0 2477 22 22 16 16 0.0160 0.0160 311 311
173-0-1-0.05-50-0 0 2478 47 22 7 17 0.9293 0.0160 103 311
173-0-1-0.05-50-0 0 2478 17 49 7 5 0.6398 0.1842 197 136
173-0-1-0.05-50-0 0 2478 36 26 4 4 0.8162 0.8171 165 141
173-0-1-0.05-50-0 0 2479 16 22 8 15 0.2228 0.0160 149 311
173-0-1-0.05-50-0 0 2479 21 21 8 8 0.4184 0.4184 158 158
173-0-1-0.05-50-0 0 2479 44 16 8 8 0.7034 0.2228 118 149
173-0-1-0.05-50-0 0 2480 28 12 10 1 0.3846 0.1896 311 325
173-0-1-0.05-50-0 0 2480 9 36 5 5 0.6134 0.8162 161 165
173-0-1-0.05-50-0 0 2480 17 22 9 14 0.6398 0.0160 197 311
173-0-1-0.05-50-0 0 2481 17 21 9 8 0.6398 0.4184 197 158
173-0-1-0.05-50-0 0 2481 1 28 24 10 0.2520 0.3846 409 311
173-0-1-0.05-50-0 0 2481 5 22 13 14 0.0007 0.0160 226 311
173-0-1-0.05-50-0 0 2482 9 5 7 14 0.6134 0.0007 161 226
173-0-1-0.05-50-0 0 2482 17 1 10 24 0.6398 0.2520 197 409
173-0-1-0.05-50-0 0 2482 24 5 3 13 0.1940 0.0007 254 226
173-0-1-0.05-50-0 0 2483 1 20 23 5 0.2520 0.9922 409 102
173-0-1-0.05-50-0 0 2483 23 38 3 2 0.1698 0.6163 476 270
173-0-1-0.05-50-0 0 2483 20 27 4 4 0.9922 0.0776 102 149
173-0-1-0.05-50-0 0 2484 21 3 7 7 0.4184 0.4813 158 321
173-0-1-0.05-50-0 0 2484 27 39 3 1 0.0776 0.2187 149 309
173-0-1-0.05-50-0 0 2484 26 3 3 6 0.8171 0.4813 141 321
173-0-1-0.05-50-0 0 2485 24 9 3 7 0.1940 0.6134 254 161
173-0-1-0.05-50-0 0 2485 23 5 5 13 0.1698 0.0007 476 226
173-0-1-0.05-50-0 0 2485 44 9 11 6 0.7034 0.6134 118 161
173-0-1-0.05-50-0 0 2486 3 22 5 13 0.4813 0.0160 321 311
173-0-1-0.05-50-0 0 2486 44 21 11 7 0.7034 0.4184 118 158
173-0-1-0.05-50-0 0 2486 28 5 8 13 0.3846 0.0007 311 226
173-0-1-0.05-50-0 0 2487 16 28 9 7 0.2228 0.3846 149 311
173-0-1-0.05-50-0 0 2487 16 38 9 1 0.2228 0.6163 149 270
173-0-1-0.05-50-0 0 2487 21 22 6 14 0.4184 0.0160 158 311
173-0-1-0.05-50-0 0 2488 27 22 4 13 0.0776 0.0160 149 311
173-0-1-0.05-50-0 0 2488 36 3 4 5 0.8162 0.4813 165 321
173-0-1-0.05-50-0 0 2488 44 17 11 11 0.7034 0.6398 118 197
173-0-1-0.05-50-0 0 2489 1 5 29 11 0.2520 0.0007 409 226
173-0-1-0.05-50-0 0 2489 1 31 29 3 0.2520 0.5626 409 252
173-0-1-0.05-50-0 0 2489 5 40 10 1 0.0007 0.9739 226 104
173-0-1-0.05-50-0 0 2490 32 21 3 7 0.6514 0.4184 215 158
173-0-1-0.05-50-0 0 2490 3 44 5 11 0.4813 0.7034 321 118
173-0-1-0.05-50-0 0 2490 27 44 4 10 0.0776 0.7034 149 118
173-0-1-0.05-50-0 0 2491 44 27 10 5 0.7034 0.0776 118 149
173-0-1-0.05-50-0 0 2491 9 9 6 6 0.6134 0.6134 161 161
173-0-1-0.05-50-0 0 2491 17 5 7 10 0.6398 0.0007 197 226
173-0-1-0.05-50-0 0 2492 5 27 9 4 0.0007 0.0776 226 149
173-0-1-0.05-50-0 0 2492 28 16 8 9 0.3846 0.2228 311 149
173-0-1-0.05-50-0 0 2492 27 1 3 31 0.0776 0.2520 149 409
173-0-1-0.05-50-0 0 2493 28 36 10 3 0.3846 0.8162 311 165
173-0-1-0.05-50-0 0 2493 36 1 2 29 0.8162 0.2520 165 409
173-0-1-0.05-50-0 0 2493 16 1 8 28 0.2228 0.2520 149 409
173-0-1-0.05-50-0 0 2494 44 49 12 4 0.7034 0.1842 118 136
173-0-1-0.05-50-0 0 2494 3 26 5 3 0.4813 0.8171 321 141
173-0-1-0.05-50-0 0 2494 1 44 33 12 0.2520 0.7034 409 118
173-0-1-0.05-50-0 0 2495 1 21 33 6 0.2520 0.4184 409 158
173-0-1-0.05-50-0 0 2495 44 1 11 33 0.7034 0.2520 118 409
173-0-1-0.05-50-0 0 2495 1 1 32 32 0.2520 0.2520 409 409
173-0-1-0.05-50-0 0 2496 23 49 2 3 0.1698 0.1842 476 136
173-0-1-0.05-50-0 0 2496 27 21 3 5 0.0776 0.4184 149 158
173-0-1-0.05-50-0 0 2496 1 34 31 3 0.2520 0.7448 409 168
173-0-1-0.05-50-0 0 2497 1 1 30 30 0.2520 0.2520 409 409
173-0-1-0.05-50-0 0 2497 1 44 29 10 0.2520 0.7034 409 118
173-0-1-0.05-50-0 0 2497 1 17 29 5 0.2520 0.6398 409 197
173-0-1-0.05-50-0 0 2498 29 1 2 29 0.6728 0.2520 177 409
173-0-1-0.05-50-0 0 2498 47 33 7 5 0.9293 0.6893 103 191
173-0-1-0.05-50-0 0 2498 22 9 14 6 0.0160 0.6134 311 161
173-0-1-0.05-50-0 0 2499 22 27 15 5 0.0160 0.0776 311 149
173-0-1-0.05-50-0 0 2499 31 49 2 2 0.5626 0.1842 252 136
173-0-1-0.05-50-0 0 2499 22 9 15 5 0.0160 0.6134 311 161
173-0-1-0.05-50-0 0 2500 48 22 3 16 0.1153 0.0160 334 311
173-0-1-0.05-50-0 0 2500 3 16 7 9 0.4813 0.2228 321 149
173-0-1-0.05-50-0 0 2500 5 44 12 9 0.0007 0.7034 226 118
