175-1-1-0.05-50-0 1 2302 36 14 111 10 0.8162 0.8451 165 105
175-1-1-0.05-50-0 1 2302 36 36 111 111 0.8162 0.8162 165 165
175-1-1-0.05-50-0 1 2303 36 37 110 65 0.8162 0.8481 165 127
175-1-1-0.05-50-0 1 2304 36 37 108 62 0.8162 0.8481 165 127
175-1-1-0.05-50-0 1 2304 40 28 33 1 0.9739 0.3846 104 311
175-1-1-0.05-50-0 1 2304 36 26 108 12 0.8162 0.8171 165 141
175-1-1-0.05-50-0 1 2306 2 33 69 1 0.8198 0.6893 167 191
175-1-1-0.05-50-0 1 2306 1 1 12 12 0.2520 0.2520 409 409
175-1-1-0.05-50-0 1 2307 36 36 108 108 0.8162 0.8162 165 165
175-1-1-0.05-50-0 1 2308 36 36 105 105 0.8162 0.8162 165 165
175-1-1-0.05-50-0 1 2308 36 36 104 104 0.8162 0.8162 165 165
175-1-1-0.05-50-0 1 2308 37 23 62 1 0.8481 0.1698 127 476
175-1-1-0.05-50-0 1 2308 36 36 103 103 0.8162 0.8162 165 165
175-1-1-0.05-50-0 1 2309 40 46 36 3 0.9739 0.3451 104 327
175-1-1-0.05-50-0 1 2309 41 35 96 2 0.9621 0.0354 105 158
175-1-1-0.05-50-0 1 2310 36 36 107 107 0.8162 0.8162 165 165
175-1-1-0.05-50-0 1 2310 36 36 106 106 0.8162 0.8162 165 165
175-1-1-0.05-50-0 1 2310 36 36 105 105 0.8162 0.8162 165 165
175-1-1-0.05-50-0 1 2310 37 18 61 1 0.8481 0.2181 127 226
175-1-1-0.05-50-0 1 2310 14 20 11 17 0.8451 0.9922 105 102
175-1-1-0.05-50-0 1 2310 40 46 35 2 0.9739 0.3451 104 327
175-1-1-0.05-50-0 1 2310 36 37 104 61 0.8162 0.8481 165 127
175-1-1-0.05-50-0 1 2311 36 36 103 103 0.8162 0.8162 165 165
175-1-1-0.05-50-0 1 2311 1 8 11 4 0.2520 0.2506 409 303
175-1-1-0.05-50-0 1 2311 41 4 96 1 0.9621 0.0723 105 351
175-1-1-0.05-50-0 1 2312 36 37 102 66 0.8162 0.8481 165 127
175-1-1-0.05-50-0 1 2312 36 37 102 65 0.8162 0.8481 165 127
175-1-1-0.05-50-0 1 2312 36 43 102 43 0.8162 0.8316 165 123
175-1-1-0.05-50-0 1 2312 36 2 102 70 0.8162 0.8198 165 167
175-1-1-0.05-50-0 1 2314 25 35 102 4 0.9430 0.0354 125 158
175-1-1-0.05-50-0 1 2315 25 35 101 2 0.9430 0.0354 125 158
175-1-1-0.05-50-0 1 2315 36 43 112 40 0.8162 0.8316 165 123
175-1-1-0.05-50-0 1 2315 36 36 112 112 0.8162 0.8162 165 165
175-1-1-0.05-50-0 1 2315 36 37 111 75 0.8162 0.8481 165 127
175-1-1-0.05-50-0 1 2315 36 43 111 39 0.8162 0.8316 165 123
175-1-1-0.05-50-0 1 2315 36 36 111 111 0.8162 0.8162 165 165
175-1-1-0.05-50-0 1 2316 40 33 33 1 0.9739 0.6893 104 191
175-1-1-0.05-50-0 1 2316 36 36 113 113 0.8162 0.8162 165 165
175-1-1-0.05-50-0 1 2316 10 27 3 27 0.2533 0.0776 449 149
175-1-1-0.05-50-0 1 2317 1 1 15 15 0.2520 0.2520 409 409
175-1-1-0.05-50-0 1 2317 36 43 113 36 0.8162 0.8316 165 123
175-1-1-0.05-50-0 1 2317 36 36 113 113 0.8162 0.8162 165 165
175-1-1-0.05-50-0 1 2317 40 9 34 1 0.9739 0.6134 104 161
175-1-1-0.05-50-0 1 2317 36 2 112 70 0.8162 0.8198 165 167
175-1-1-0.05-50-0 1 2318 25 35 105 1 0.9430 0.0354 125 158
175-1-1-0.05-50-0 1 2318 36 36 112 112 0.8162 0.8162 165 165
175-1-1-0.05-50-0 1 2319 36 36 111 111 0.8162 0.8162 165 165
175-1-1-0.05-50-0 1 2319 1 1 14 14 0.2520 0.2520 409 409
175-1-1-0.05-50-0 1 2319 14 25 11 104 0.8451 0.9430 105 125
175-1-1-0.05-50-0 1 2319 41 35 97 1 0.9621 0.0354 105 158
175-1-1-0.05-50-0 1 2319 36 36 110 110 0.8162 0.8162 165 165
175-1-1-0.05-50-0 1 2319 36 36 109 109 0.8162 0.8162 165 165
175-1-1-0.05-50-0 1 2320 36 2 110 70 0.8162 0.8198 165 167
175-1-1-0.05-50-0 1 2320 36 2 110 69 0.8162 0.8198 165 167
175-1-1-0.05-50-0 1 2321 36 14 110 11 0.8162 0.8451 165 105
175-1-1-0.05-50-0 1 2321 14 41 10 98 0.8451 0.9621 105 105
175-1-1-0.05-50-0 1 2321 37 16 74 1 0.8481 0.2228 127 149
175-1-1-0.05-50-0 1 2321 36 36 110 110 0.8162 0.8162 165 165
175-1-1-0.05-50-0 1 2322 41 4 98 1 0.9621 0.0723 105 351
175-1-1-0.05-50-0 1 2322 36 2 114 63 0.8162 0.8198 165 167
175-1-1-0.05-50-0 1 2323 14 14 10 10 0.8451 0.8451 105 105
175-1-1-0.05-50-0 1 2323 14 36 9 110 0.8451 0.8162 105 165
175-1-1-0.05-50-0 1 2323 36 14 109 9 0.8162 0.8451 165 105
175-1-1-0.05-50-0 1 2323 36 37 109 75 0.8162 0.8481 165 127
175-1-1-0.05-50-0 1 2323 36 2 109 64 0.8162 0.8198 165 167
175-1-1-0.05-50-0 1 2324 41 5 100 1 0.9621 0.0007 105 226
175-1-1-0.05-50-0 1 2324 36 36 113 113 0.8162 0.8162 165 165
175-1-1-0.05-50-0 1 2325 36 2 113 67 0.8162 0.8198 165 167
175-1-1-0.05-50-0 1 2325 36 36 113 113 0.8162 0.8162 165 165
175-1-1-0.05-50-0 1 2326 40 17 36 1 0.9739 0.6398 104 197
175-1-1-0.05-50-0 1 2326 36 2 107 69 0.8162 0.8198 165 167
175-1-1-0.05-50-0 1 2326 36 37 107 75 0.8162 0.8481 165 127
175-1-1-0.05-50-0 1 2327 36 2 109 69 0.8162 0.8198 165 167
175-1-1-0.05-50-0 1 2327 36 43 109 32 0.8162 0.8316 165 123
175-1-1-0.05-50-0 1 2327 41 4 101 2 0.9621 0.0723 105 351
175-1-1-0.05-50-0 1 2327 36 37 109 75 0.8162 0.8481 165 127
175-1-1-0.05-50-0 1 2327 36 2 109 68 0.8162 0.8198 165 167
175-1-1-0.05-50-0 1 2329 37 18 83 1 0.8481 0.2181 127 226
175-1-1-0.05-50-0 1 2329 1 1 12 12 0.2520 0.2520 409 409
175-1-1-0.05-50-0 1 2329 36 37 112 83 0.8162 0.8481 165 127
175-1-1-0.05-50-0 1 2329 10 27 2 31 0.2533 0.0776 449 149
175-1-1-0.05-50-0 1 2329 36 43 112 31 0.8162 0.8316 165 123
175-1-1-0.05-50-0 1 2329 36 36 112 112 0.8162 0.8162 165 165
175-1-1-0.05-50-0 1 2330 10 27 2 32 0.2533 0.0776 449 149
175-1-1-0.05-50-0 1 2330 36 36 113 113 0.8162 0.8162 165 165
175-1-1-0.05-50-0 1 2330 36 36 112 112 0.8162 0.8162 165 165
175-1-1-0.05-50-0 1 2330 14 47 8 90 0.8451 0.9293 105 103
175-1-1-0.05-50-0 1 2331 1 8 11 3 0.2520 0.2506 409 303
175-1-1-0.05-50-0 1 2331 36 14 108 6 0.8162 0.8451 165 105
175-1-1-0.05-50-0 1 2331 36 37 108 79 0.8162 0.8481 165 127
175-1-1-0.05-50-0 1 2331 36 36 108 108 0.8162 0.8162 165 165
175-1-1-0.05-50-0 1 2332 36 36 108 108 0.8162 0.8162 165 165
175-1-1-0.05-50-0 1 2332 7 3 106 2 0.9267 0.4813 106 321
175-1-1-0.05-50-0 1 2332 36 37 107 76 0.8162 0.8481 165 127
175-1-1-0.05-50-0 1 2332 1 10 11 2 0.2520 0.2533 409 449
175-1-1-0.05-50-0 1 2332 36 2 107 64 0.8162 0.8198 165 167
175-1-1-0.05-50-0 1 2333 43 12 34 1 0.8316 0.1896 123 325
175-1-1-0.05-50-0 1 2333 36 36 109 109 0.8162 0.8162 165 165
175-1-1-0.05-50-0 1 2333 1 1 10 10 0.2520 0.2520 409 409
175-1-1-0.05-50-0 1 2334 1 1 10 10 0.2520 0.2520 409 409
175-1-1-0.05-50-0 1 2335 26 21 6 1 0.8171 0.4184 141 158
175-1-1-0.05-50-0 1 2335 36 2 109 63 0.8162 0.8198 165 167
175-1-1-0.05-50-0 1 2335 36 36 109 109 0.8162 0.8162 165 165
175-1-1-0.05-50-0 1 2335 36 36 108 108 0.8162 0.8162 165 165
175-1-1-0.05-50-0 1 2336 36 36 104 104 0.8162 0.8162 165 165
175-1-1-0.05-50-0 1 2336 37 18 75 2 0.8481 0.2181 127 226
175-1-1-0.05-50-0 1 2337 36 36 105 105 0.8162 0.8162 165 165
175-1-1-0.05-50-0 1 2337 36 2 104 64 0.8162 0.8198 165 167
175-1-1-0.05-50-0 1 2337 36 37 104 77 0.8162 0.8481 165 127
175-1-1-0.05-50-0 1 2337 1 1 8 8 0.2520 0.2520 409 409
175-1-1-0.05-50-0 1 2338 36 2 102 65 0.8162 0.8198 165 167
175-1-1-0.05-50-0 1 2338 36 37 102 79 0.8162 0.8481 165 127
175-1-1-0.05-50-0 1 2338 36 36 102 102 0.8162 0.8162 165 165
175-1-1-0.05-50-0 1 2338 36 36 101 101 0.8162 0.8162 165 165
175-1-1-0.05-50-0 1 2339 1 8 8 3 0.2520 0.2506 409 303
175-1-1-0.05-50-0 1 2339 37 23 83 2 0.8481 0.1698 127 476
175-1-1-0.05-50-0 1 2339 36 36 99 99 0.8162 0.8162 165 165
175-1-1-0.05-50-0 1 2339 40 29 34 1 0.9739 0.6728 104 177
175-1-1-0.05-50-0 1 2339 36 26 98 6 0.8162 0.8171 165 141
175-1-1-0.05-50-0 1 2339 37 18 83 1 0.8481 0.2181 127 226
175-1-1-0.05-50-0 1 2340 36 2 98 70 0.8162 0.8198 165 167
175-1-1-0.05-50-0 1 2340 7 3 104 1 0.9267 0.4813 106 321
175-1-1-0.05-50-0 1 2340 2 9 69 2 0.8198 0.6134 167 161
175-1-1-0.05-50-0 1 2340 36 37 98 84 0.8162 0.8481 165 127
175-1-1-0.05-50-0 1 2341 40 9 34 1 0.9739 0.6134 104 161
175-1-1-0.05-50-0 1 2341 36 36 98 98 0.8162 0.8162 165 165
175-1-1-0.05-50-0 1 2342 20 44 19 1 0.9922 0.7034 102 118
175-1-1-0.05-50-0 1 2342 36 37 90 84 0.8162 0.8481 165 127
175-1-1-0.05-50-0 1 2342 15 46 3 1 0.7918 0.3451 149 327
175-1-1-0.05-50-0 1 2342 2 9 66 1 0.8198 0.6134 167 161
175-1-1-0.05-50-0 1 2342 36 36 90 90 0.8162 0.8162 165 165
175-1-1-0.05-50-0 1 2343 37 23 83 1 0.8481 0.1698 127 476
175-1-1-0.05-50-0 1 2344 36 37 92 85 0.8162 0.8481 165 127
175-1-1-0.05-50-0 1 2345 37 23 81 1 0.8481 0.1698 127 476
175-1-1-0.05-50-0 1 2345 36 2 94 66 0.8162 0.8198 165 167
175-1-1-0.05-50-0 1 2345 36 37 94 81 0.8162 0.8481 165 127
175-1-1-0.05-50-0 1 2346 36 37 95 81 0.8162 0.8481 165 127
175-1-1-0.05-50-0 1 2347 36 37 93 80 0.8162 0.8481 165 127
175-1-1-0.05-50-0 1 2347 37 16 79 1 0.8481 0.2228 127 149
175-1-1-0.05-50-0 1 2348 36 37 92 78 0.8162 0.8481 165 127
175-1-1-0.05-50-0 1 2348 36 43 92 35 0.8162 0.8316 165 123
175-1-1-0.05-50-0 1 2349 36 43 94 33 0.8162 0.8316 165 123
175-1-1-0.05-50-0 1 2349 20 9 20 1 0.9922 0.6134 102 161
175-1-1-0.05-50-0 1 2350 36 37 90 74 0.8162 0.8481 165 127
175-1-1-0.05-50-0 1 2350 15 10 6 3 0.7918 0.2533 149 449
175-1-1-0.05-50-0 1 2350 36 36 90 90 0.8162 0.8162 165 165
175-1-1-0.05-50-0 1 2352 34 27 1 28 0.7448 0.0776 168 149
175-1-1-0.05-50-0 1 2352 40 15 44 5 0.9739 0.7918 104 149
175-1-1-0.05-50-0 1 2352 36 37 91 69 0.8162 0.8481 165 127
175-1-1-0.05-50-0 1 2352 15 8 4 2 0.7918 0.2506 149 303
175-1-1-0.05-50-0 1 2353 36 37 93 70 0.8162 0.8481 165 127
175-1-1-0.05-50-0 1 2353 36 43 93 33 0.8162 0.8316 165 123
175-1-1-0.05-50-0 1 2353 2 33 55 1 0.8198 0.6893 167 191
175-1-1-0.05-50-0 1 2354 1 1 11 11 0.2520 0.2520 409 409
175-1-1-0.05-50-0 1 2354 36 37 92 70 0.8162 0.8481 165 127
175-1-1-0.05-50-0 1 2354 40 15 40 3 0.9739 0.7918 104 149
175-1-1-0.05-50-0 1 2354 36 2 92 56 0.8162 0.8198 165 167
175-1-1-0.05-50-0 1 2356 14 36 1 97 0.8451 0.8162 105 165
175-1-1-0.05-50-0 1 2356 2 44 58 1 0.8198 0.7034 167 118
175-1-1-0.05-50-0 1 2356 36 36 96 96 0.8162 0.8162 165 165
175-1-1-0.05-50-0 1 2356 36 37 95 76 0.8162 0.8481 165 127
175-1-1-0.05-50-0 1 2357 40 21 44 1 0.9739 0.4184 104 158
175-1-1-0.05-50-0 1 2357 36 36 99 99 0.8162 0.8162 165 165
175-1-1-0.05-50-0 1 2358 37 18 73 1 0.8481 0.2181 127 226
175-1-1-0.05-50-0 1 2358 2 17 57 1 0.8198 0.6398 167 197
175-1-1-0.05-50-0 1 2359 37 50 72 1 0.8481 0.2147 127 147
175-1-1-0.05-50-0 1 2359 36 43 102 27 0.8162 0.8316 165 123
175-1-1-0.05-50-0 1 2359 41 4 102 1 0.9621 0.0723 105 351
175-1-1-0.05-50-0 1 2359 36 2 102 55 0.8162 0.8198 165 167
175-1-1-0.05-50-0 1 2359 36 36 102 102 0.8162 0.8162 165 165
175-1-1-0.05-50-0 1 2360 36 37 99 75 0.8162 0.8481 165 127
175-1-1-0.05-50-0 1 2360 36 37 99 74 0.8162 0.8481 165 127
175-1-1-0.05-50-0 1 2361 36 37 101 70 0.8162 0.8481 165 127
175-1-1-0.05-50-0 1 2361 36 2 101 54 0.8162 0.8198 165 167
175-1-1-0.05-50-0 1 2361 36 2 101 53 0.8162 0.8198 165 167
175-1-1-0.05-50-0 1 2361 41 5 102 2 0.9621 0.0007 105 226
175-1-1-0.05-50-0 1 2362 36 36 103 103 0.8162 0.8162 165 165
175-1-1-0.05-50-0 1 2362 36 36 102 102 0.8162 0.8162 165 165
175-1-1-0.05-50-0 1 2362 36 36 101 101 0.8162 0.8162 165 165
175-1-1-0.05-50-0 1 2363 1 1 10 10 0.2520 0.2520 409 409
175-1-1-0.05-50-0 1 2363 36 37 99 71 0.8162 0.8481 165 127
175-1-1-0.05-50-0 1 2363 36 36 99 99 0.8162 0.8162 165 165
175-1-1-0.05-50-0 1 2363 36 36 98 98 0.8162 0.8162 165 165
175-1-1-0.05-50-0 1 2364 2 17 49 1 0.8198 0.6398 167 197
175-1-1-0.05-50-0 1 2364 7 3 104 1 0.9267 0.4813 106 321
175-1-1-0.05-50-0 1 2364 36 2 93 49 0.8162 0.8198 165 167
175-1-1-0.05-50-0 1 2365 36 14 93 1 0.8162 0.8451 165 105
175-1-1-0.05-50-0 1 2365 40 46 40 1 0.9739 0.3451 104 327
175-1-1-0.05-50-0 1 2365 36 2 93 47 0.8162 0.8198 165 167
175-1-1-0.05-50-0 1 2366 36 2 93 45 0.8162 0.8198 165 167
175-1-1-0.05-50-0 1 2366 40 15 40 1 0.9739 0.7918 104 149
175-1-1-0.05-50-0 1 2366 36 32 93 1 0.8162 0.6514 165 215
175-1-1-0.05-50-0 1 2367 36 37 94 74 0.8162 0.8481 165 127
175-1-1-0.05-50-0 1 2368 36 2 93 42 0.8162 0.8198 165 167
175-1-1-0.05-50-0 1 2368 36 2 93 41 0.8162 0.8198 165 167
175-1-1-0.05-50-0 1 2369 36 43 93 31 0.8162 0.8316 165 123
175-1-1-0.05-50-0 1 2369 36 2 93 39 0.8162 0.8198 165 167
175-1-1-0.05-50-0 1 2369 41 5 103 2 0.9621 0.0007 105 226
175-1-1-0.05-50-0 1 2369 40 46 39 1 0.9739 0.3451 104 327
175-1-1-0.05-50-0 1 2370 36 37 88 74 0.8162 0.8481 165 127
175-1-1-0.05-50-0 1 2371 36 37 89 71 0.8162 0.8481 165 127
175-1-1-0.05-50-0 1 2371 36 36 89 89 0.8162 0.8162 165 165
175-1-1-0.05-50-0 1 2371 36 36 88 88 0.8162 0.8162 165 165
175-1-1-0.05-50-0 1 2371 36 43 87 28 0.8162 0.8316 165 123
175-1-1-0.05-50-0 1 2371 36 36 87 87 0.8162 0.8162 165 165
175-1-1-0.05-50-0 1 2372 1 8 8 8 0.2520 0.2506 409 303
175-1-1-0.05-50-0 1 2372 36 36 84 84 0.8162 0.8162 165 165
175-1-1-0.05-50-0 1 2372 36 36 83 83 0.8162 0.8162 165 165
175-1-1-0.05-50-0 1 2373 36 43 84 23 0.8162 0.8316 165 123
175-1-1-0.05-50-0 1 2373 36 37 84 74 0.8162 0.8481 165 127
175-1-1-0.05-50-0 1 2373 36 36 84 84 0.8162 0.8162 165 165
175-1-1-0.05-50-0 1 2374 41 5 103 2 0.9621 0.0007 105 226
175-1-1-0.05-50-0 1 2374 36 37 82 73 0.8162 0.8481 165 127
175-1-1-0.05-50-0 1 2375 36 36 80 80 0.8162 0.8162 165 165
175-1-1-0.05-50-0 1 2376 37 18 77 1 0.8481 0.2181 127 226
175-1-1-0.05-50-0 1 2376 36 36 81 81 0.8162 0.8162 165 165
175-1-1-0.05-50-0 1 2377 36 37 75 80 0.8162 0.8481 165 127
175-1-1-0.05-50-0 1 2377 36 36 75 75 0.8162 0.8162 165 165
175-1-1-0.05-50-0 1 2377 41 5 105 1 0.9621 0.0007 105 226
175-1-1-0.05-50-0 1 2378 36 37 73 81 0.8162 0.8481 165 127
175-1-1-0.05-50-0 1 2378 36 2 73 35 0.8162 0.8198 165 167
175-1-1-0.05-50-0 1 2378 1 10 7 2 0.2520 0.2533 409 449
175-1-1-0.05-50-0 1 2379 1 1 7 7 0.2520 0.2520 409 409
175-1-1-0.05-50-0 1 2379 36 36 74 74 0.8162 0.8162 165 165
175-1-1-0.05-50-0 1 2380 36 2 70 37 0.8162 0.8198 165 167
175-1-1-0.05-50-0 1 2380 36 2 70 36 0.8162 0.8198 165 167
175-1-1-0.05-50-0 1 2380 41 22 105 2 0.9621 0.0160 105 311
175-1-1-0.05-50-0 1 2381 36 37 68 77 0.8162 0.8481 165 127
175-1-1-0.05-50-0 1 2381 40 34 47 2 0.9739 0.7448 104 168
175-1-1-0.05-50-0 1 2381 36 37 68 76 0.8162 0.8481 165 127
175-1-1-0.05-50-0 1 2381 41 22 105 1 0.9621 0.0160 105 311
175-1-1-0.05-50-0 1 2382 36 37 69 75 0.8162 0.8481 165 127
175-1-1-0.05-50-0 1 2382 1 1 6 6 0.2520 0.2520 409 409
175-1-1-0.05-50-0 1 2383 36 36 69 69 0.8162 0.8162 165 165
175-1-1-0.05-50-0 1 2383 36 36 68 68 0.8162 0.8162 165 165
175-1-1-0.05-50-0 1 2384 36 36 66 66 0.8162 0.8162 165 165
175-1-1-0.05-50-0 1 2384 36 37 65 70 0.8162 0.8481 165 127
175-1-1-0.05-50-0 1 2385 36 37 65 74 0.8162 0.8481 165 127
175-1-1-0.05-50-0 1 2385 36 37 65 73 0.8162 0.8481 165 127
175-1-1-0.05-50-0 1 2385 36 43 65 23 0.8162 0.8316 165 123
175-1-1-0.05-50-0 1 2386 36 30 64 1 0.8162 0.6008 165 266
175-1-1-0.05-50-0 1 2387 36 37 65 75 0.8162 0.8481 165 127
175-1-1-0.05-50-0 1 2387 41 11 105 1 0.9621 0.0504 105 384
175-1-1-0.05-50-0 1 2388 43 49 22 1 0.8316 0.1842 123 136
175-1-1-0.05-50-0 1 2388 36 2 70 34 0.8162 0.8198 165 167
175-1-1-0.05-50-0 1 2389 36 37 73 77 0.8162 0.8481 165 127
175-1-1-0.05-50-0 1 2389 36 36 73 73 0.8162 0.8162 165 165
175-1-1-0.05-50-0 1 2389 36 36 72 72 0.8162 0.8162 165 165
175-1-1-0.05-50-0 1 2389 36 37 71 76 0.8162 0.8481 165 127
175-1-1-0.05-50-0 1 2391 36 37 68 78 0.8162 0.8481 165 127
175-1-1-0.05-50-0 1 2391 36 2 68 33 0.8162 0.8198 165 167
175-1-1-0.05-50-0 1 2391 36 2 68 32 0.8162 0.8198 165 167
175-1-1-0.05-50-0 1 2393 43 12 21 1 0.8316 0.1896 123 325
175-1-1-0.05-50-0 1 2393 36 36 73 73 0.8162 0.8162 165 165
175-1-1-0.05-50-0 1 2393 36 36 72 72 0.8162 0.8162 165 165
175-1-1-0.05-50-0 1 2394 41 4 103 1 0.9621 0.0723 105 351
175-1-1-0.05-50-0 1 2395 36 36 64 64 0.8162 0.8162 165 165
175-1-1-0.05-50-0 1 2397 40 33 58 1 0.9739 0.6893 104 191
175-1-1-0.05-50-0 1 2398 36 26 55 12 0.8162 0.8171 165 141
175-1-1-0.05-50-0 1 2399 14 7 1 101 0.8451 0.9267 105 106
175-1-1-0.05-50-0 1 2399 36 37 55 81 0.8162 0.8481 165 127
175-1-1-0.05-50-0 1 2399 40 28 63 1 0.9739 0.3846 104 311
175-1-1-0.05-50-0 1 2400 36 37 60 77 0.8162 0.8481 165 127
175-1-1-0.05-50-0 1 2400 36 37 60 76 0.8162 0.8481 165 127
175-1-1-0.05-50-0 1 2400 36 37 60 75 0.8162 0.8481 165 127
175-1-1-0.05-50-0 1 2400 40 38 62 1 0.9739 0.6163 104 270
175-1-1-0.05-50-0 1 2402 36 2 61 36 0.8162 0.8198 165 167
175-1-1-0.05-50-0 1 2403 36 37 62 78 0.8162 0.8481 165 127
175-1-1-0.05-50-0 1 2404 36 19 63 1 0.8162 0.8072 165 134
175-1-1-0.05-50-0 1 2404 36 2 63 38 0.8162 0.8198 165 167
175-1-1-0.05-50-0 1 2405 15 1 1 5 0.7918 0.2520 149 409
175-1-1-0.05-50-0 1 2407 36 37 59 85 0.8162 0.8481 165 127
175-1-1-0.05-50-0 1 2408 36 36 64 64 0.8162 0.8162 165 165
175-1-1-0.05-50-0 1 2408 36 36 63 63 0.8162 0.8162 165 165
175-1-1-0.05-50-0 1 2408 40 45 58 1 0.9739 0.3816 104 173
175-1-1-0.05-50-0 1 2410 37 23 79 2 0.8481 0.1698 127 476
175-1-1-0.05-50-0 1 2411 20 21 14 1 0.9922 0.4184 102 158
175-1-1-0.05-50-0 1 2411 37 23 81 1 0.8481 0.1698 127 476
175-1-1-0.05-50-0 1 2412 36 37 62 87 0.8162 0.8481 165 127
175-1-1-0.05-50-0 1 2413 36 37 61 88 0.8162 0.8481 165 127
175-1-1-0.05-50-0 1 2413 36 37 61 87 0.8162 0.8481 165 127
175-1-1-0.05-50-0 1 2414 36 43 62 27 0.8162 0.8316 165 123
175-1-1-0.05-50-0 1 2415 40 42 60 1 0.9739 0.7447 104 106
175-1-1-0.05-50-0 1 2415 36 36 60 60 0.8162 0.8162 165 165
175-1-1-0.05-50-0 1 2416 36 2 57 44 0.8162 0.8198 165 167
175-1-1-0.05-50-0 1 2416 36 2 57 43 0.8162 0.8198 165 167
175-1-1-0.05-50-0 1 2417 36 37 57 78 0.8162 0.8481 165 127
175-1-1-0.05-50-0 1 2418 36 37 55 78 0.8162 0.8481 165 127
175-1-1-0.05-50-0 1 2420 36 36 57 57 0.8162 0.8162 165 165
175-1-1-0.05-50-0 1 2420 36 37 56 80 0.8162 0.8481 165 127
175-1-1-0.05-50-0 1 2420 36 2 56 49 0.8162 0.8198 165 167
175-1-1-0.05-50-0 1 2421 36 36 53 53 0.8162 0.8162 165 165
175-1-1-0.05-50-0 1 2422 36 37 50 78 0.8162 0.8481 165 127
175-1-1-0.05-50-0 1 2422 36 37 50 77 0.8162 0.8481 165 127
175-1-1-0.05-50-0 1 2422 2 30 54 1 0.8198 0.6008 167 266
175-1-1-0.05-50-0 1 2423 36 19 53 1 0.8162 0.8072 165 134
175-1-1-0.05-50-0 1 2424 36 43 55 28 0.8162 0.8316 165 123
175-1-1-0.05-50-0 1 2425 37 12 78 1 0.8481 0.1896 127 325
175-1-1-0.05-50-0 1 2425 36 2 59 52 0.8162 0.8198 165 167
175-1-1-0.05-50-0 1 2426 37 24 75 1 0.8481 0.1940 127 254
175-1-1-0.05-50-0 1 2426 36 37 57 75 0.8162 0.8481 165 127
175-1-1-0.05-50-0 1 2428 36 37 57 71 0.8162 0.8481 165 127
175-1-1-0.05-50-0 1 2428 36 43 57 23 0.8162 0.8316 165 123
175-1-1-0.05-50-0 1 2428 36 37 57 70 0.8162 0.8481 165 127
175-1-1-0.05-50-0 1 2428 41 4 101 1 0.9621 0.0723 105 351
175-1-1-0.05-50-0 1 2428 1 8 6 14 0.2520 0.2506 409 303
175-1-1-0.05-50-0 1 2430 37 16 73 2 0.8481 0.2228 127 149
175-1-1-0.05-50-0 1 2430 36 37 53 73 0.8162 0.8481 165 127
175-1-1-0.05-50-0 1 2431 36 2 55 45 0.8162 0.8198 165 167
175-1-1-0.05-50-0 1 2431 2 33 44 1 0.8198 0.6893 167 191
175-1-1-0.05-50-0 1 2431 14 13 4 150 0.8451 0.8878 105 151
175-1-1-0.05-50-0 1 2431 36 36 55 55 0.8162 0.8162 165 165
175-1-1-0.05-50-0 1 2431 37 50 71 1 0.8481 0.2147 127 147
175-1-1-0.05-50-0 1 2431 36 2 54 44 0.8162 0.8198 165 167
175-1-1-0.05-50-0 1 2431 14 25 4 118 0.8451 0.9430 105 125
175-1-1-0.05-50-0 1 2432 36 37 53 72 0.8162 0.8481 165 127
175-1-1-0.05-50-0 1 2433 25 22 118 1 0.9430 0.0160 125 311
175-1-1-0.05-50-0 1 2433 36 37 55 69 0.8162 0.8481 165 127
175-1-1-0.05-50-0 1 2434 36 37 55 67 0.8162 0.8481 165 127
175-1-1-0.05-50-0 1 2434 36 3 55 1 0.8162 0.4813 165 321
175-1-1-0.05-50-0 1 2434 36 37 55 66 0.8162 0.8481 165 127
175-1-1-0.05-50-0 1 2434 37 16 65 1 0.8481 0.2228 127 149
175-1-1-0.05-50-0 1 2435 36 14 58 4 0.8162 0.8451 165 105
175-1-1-0.05-50-0 1 2436 36 2 62 45 0.8162 0.8198 165 167
175-1-1-0.05-50-0 1 2436 36 37 62 62 0.8162 0.8481 165 127
175-1-1-0.05-50-0 1 2436 36 36 62 62 0.8162 0.8162 165 165
175-1-1-0.05-50-0 1 2437 40 15 61 1 0.9739 0.7918 104 149
175-1-1-0.05-50-0 1 2437 36 36 60 60 0.8162 0.8162 165 165
175-1-1-0.05-50-0 1 2438 36 36 62 62 0.8162 0.8162 165 165
175-1-1-0.05-50-0 1 2438 40 34 57 1 0.9739 0.7448 104 168
175-1-1-0.05-50-0 1 2439 36 36 62 62 0.8162 0.8162 165 165
175-1-1-0.05-50-0 1 2439 36 37 61 59 0.8162 0.8481 165 127
175-1-1-0.05-50-0 1 2439 36 36 61 61 0.8162 0.8162 165 165
175-1-1-0.05-50-0 1 2441 36 43 57 32 0.8162 0.8316 165 123
175-1-1-0.05-50-0 1 2443 36 2 57 37 0.8162 0.8198 165 167
175-1-1-0.05-50-0 1 2443 36 37 57 65 0.8162 0.8481 165 127
175-1-1-0.05-50-0 1 2446 36 37 58 67 0.8162 0.8481 165 127
175-1-1-0.05-50-0 1 2446 36 43 58 28 0.8162 0.8316 165 123
175-1-1-0.05-50-0 1 2447 48 27 1 17 0.1153 0.0776 334 149
175-1-1-0.05-50-0 1 2447 40 21 57 2 0.9739 0.4184 104 158
175-1-1-0.05-50-0 1 2448 37 24 72 1 0.8481 0.1940 127 254
175-1-1-0.05-50-0 1 2448 36 36 58 58 0.8162 0.8162 165 165
175-1-1-0.05-50-0 1 2448 36 2 57 36 0.8162 0.8198 165 167
175-1-1-0.05-50-0 1 2448 36 37 57 72 0.8162 0.8481 165 127
175-1-1-0.05-50-0 1 2449 36 43 55 29 0.8162 0.8316 165 123
175-1-1-0.05-50-0 1 2449 37 48 71 1 0.8481 0.1153 127 334
175-1-1-0.05-50-0 1 2450 36 36 59 59 0.8162 0.8162 165 165
175-1-1-0.05-50-0 1 2451 36 36 57 57 0.8162 0.8162 165 165
175-1-1-0.05-50-0 1 2451 36 36 56 56 0.8162 0.8162 165 165
175-1-1-0.05-50-0 1 2451 36 36 55 55 0.8162 0.8162 165 165
175-1-1-0.05-50-0 1 2451 25 11 119 1 0.9430 0.0504 125 384
175-1-1-0.05-50-0 1 2452 36 37 53 68 0.8162 0.8481 165 127
175-1-1-0.05-50-0 1 2453 40 6 52 1 0.9739 0.4266 104 249
175-1-1-0.05-50-0 1 2454 36 37 57 65 0.8162 0.8481 165 127
175-1-1-0.05-50-0 1 2454 36 36 57 57 0.8162 0.8162 165 165
175-1-1-0.05-50-0 1 2454 36 36 56 56 0.8162 0.8162 165 165
175-1-1-0.05-50-0 1 2455 36 37 55 63 0.8162 0.8481 165 127
175-1-1-0.05-50-0 1 2455 37 48 62 1 0.8481 0.1153 127 334
175-1-1-0.05-50-0 1 2456 36 26 56 12 0.8162 0.8171 165 141
175-1-1-0.05-50-0 1 2456 36 15 56 1 0.8162 0.7918 165 149
175-1-1-0.05-50-0 1 2456 36 37 56 59 0.8162 0.8481 165 127
175-1-1-0.05-50-0 1 2457 36 37 56 61 0.8162 0.8481 165 127
175-1-1-0.05-50-0 1 2457 36 2 56 42 0.8162 0.8198 165 167
175-1-1-0.05-50-0 1 2457 36 37 56 60 0.8162 0.8481 165 127
175-1-1-0.05-50-0 1 2458 12 48 2 1 0.1896 0.1153 325 334
175-1-1-0.05-50-0 1 2459 1 1 10 10 0.2520 0.2520 409 409
175-1-1-0.05-50-0 1 2460 36 26 54 13 0.8162 0.8171 165 141
175-1-1-0.05-50-0 1 2461 40 15 52 1 0.9739 0.7918 104 149
175-1-1-0.05-50-0 1 2462 36 2 52 41 0.8162 0.8198 165 167
175-1-1-0.05-50-0 1 2463 36 36 52 52 0.8162 0.8162 165 165
175-1-1-0.05-50-0 1 2463 37 23 53 1 0.8481 0.1698 127 476
175-1-1-0.05-50-0 1 2464 2 17 38 1 0.8198 0.6398 167 197
175-1-1-0.05-50-0 1 2465 1 12 9 2 0.2520 0.1896 409 325
175-1-1-0.05-50-0 1 2466 1 1 9 9 0.2520 0.2520 409 409
175-1-1-0.05-50-0 1 2466 36 36 47 47 0.8162 0.8162 165 165
175-1-1-0.05-50-0 1 2466 36 37 46 54 0.8162 0.8481 165 127
175-1-1-0.05-50-0 1 2466 20 9 31 1 0.9922 0.6134 102 161
175-1-1-0.05-50-0 1 2467 36 26 48 13 0.8162 0.8171 165 141
175-1-1-0.05-50-0 1 2468 36 2 49 39 0.8162 0.8198 165 167
175-1-1-0.05-50-0 1 2468 36 43 49 45 0.8162 0.8316 165 123
175-1-1-0.05-50-0 1 2468 7 31 106 1 0.9267 0.5626 106 252
175-1-1-0.05-50-0 1 2469 36 37 48 57 0.8162 0.8481 165 127
175-1-1-0.05-50-0 1 2469 2 6 36 1 0.8198 0.4266 167 249
175-1-1-0.05-50-0 1 2469 1 39 8 1 0.2520 0.2187 409 309
175-1-1-0.05-50-0 1 2469 36 36 48 48 0.8162 0.8162 165 165
175-1-1-0.05-50-0 1 2471 37 50 57 1 0.8481 0.2147 127 147
175-1-1-0.05-50-0 1 2472 36 2 47 36 0.8162 0.8198 165 167
175-1-1-0.05-50-0 1 2472 36 43 47 44 0.8162 0.8316 165 123
175-1-1-0.05-50-0 1 2473 43 12 44 1 0.8316 0.1896 123 325
175-1-1-0.05-50-0 1 2473 1 1 6 6 0.2520 0.2520 409 409
175-1-1-0.05-50-0 1 2474 36 37 49 62 0.8162 0.8481 165 127
175-1-1-0.05-50-0 1 2475 36 37 49 61 0.8162 0.8481 165 127
175-1-1-0.05-50-0 1 2475 41 5 103 1 0.9621 0.0007 105 226
175-1-1-0.05-50-0 1 2476 37 18 62 1 0.8481 0.2181 127 226
175-1-1-0.05-50-0 1 2479 36 37 50 62 0.8162 0.8481 165 127
175-1-1-0.05-50-0 1 2479 1 8 4 13 0.2520 0.2506 409 303
175-1-1-0.05-50-0 1 2479 34 27 2 33 0.7448 0.0776 168 149
175-1-1-0.05-50-0 1 2480 37 50 62 2 0.8481 0.2147 127 147
175-1-1-0.05-50-0 1 2480 36 43 52 43 0.8162 0.8316 165 123
175-1-1-0.05-50-0 1 2481 36 43 51 42 0.8162 0.8316 165 123
175-1-1-0.05-50-0 1 2481 36 36 51 51 0.8162 0.8162 165 165
175-1-1-0.05-50-0 1 2481 36 2 50 47 0.8162 0.8198 165 167
175-1-1-0.05-50-0 1 2482 36 37 48 63 0.8162 0.8481 165 127
175-1-1-0.05-50-0 1 2482 36 2 48 43 0.8162 0.8198 165 167
175-1-1-0.05-50-0 1 2483 40 31 62 1 0.9739 0.5626 104 252
175-1-1-0.05-50-0 1 2483 36 37 50 62 0.8162 0.8481 165 127
175-1-1-0.05-50-0 1 2484 40 42 64 1 0.9739 0.7447 104 106
175-1-1-0.05-50-0 1 2484 36 36 52 52 0.8162 0.8162 165 165
175-1-1-0.05-50-0 1 2484 36 2 51 42 0.8162 0.8198 165 167
175-1-1-0.05-50-0 1 2485 41 22 104 1 0.9621 0.0160 105 311
175-1-1-0.05-50-0 1 2485 7 3 103 1 0.9267 0.4813 106 321
175-1-1-0.05-50-0 1 2485 40 34 65 3 0.9739 0.7448 104 168
175-1-1-0.05-50-0 1 2486 36 43 53 42 0.8162 0.8316 165 123
175-1-1-0.05-50-0 1 2486 40 34 62 2 0.9739 0.7448 104 168
175-1-1-0.05-50-0 1 2489 40 34 65 2 0.9739 0.7448 104 168
175-1-1-0.05-50-0 1 2489 36 36 54 54 0.8162 0.8162 165 165
175-1-1-0.05-50-0 1 2490 40 29 68 2 0.9739 0.6728 104 177
175-1-1-0.05-50-0 1 2490 1 8 4 8 0.2520 0.2506 409 303
175-1-1-0.05-50-0 1 2491 36 2 59 45 0.8162 0.8198 165 167
175-1-1-0.05-50-0 1 2491 41 22 103 1 0.9621 0.0160 105 311
175-1-1-0.05-50-0 1 2491 40 29 68 1 0.9739 0.6728 104 177
175-1-1-0.05-50-0 1 2492 36 36 56 56 0.8162 0.8162 165 165
175-1-1-0.05-50-0 1 2492 25 11 119 1 0.9430 0.0504 125 384
175-1-1-0.05-50-0 1 2494 36 36 55 55 0.8162 0.8162 165 165
175-1-1-0.05-50-0 1 2494 40 34 67 1 0.9739 0.7448 104 168
175-1-1-0.05-50-0 1 2494 36 2 54 51 0.8162 0.8198 165 167
175-1-1-0.05-50-0 1 2496 37 24 65 1 0.8481 0.1940 127 254
175-1-1-0.05-50-0 1 2496 36 43 55 51 0.8162 0.8316 165 123
175-1-1-0.05-50-0 1 2498 36 2 56 56 0.8162 0.8198 165 167
175-1-1-0.05-50-0 1 2498 36 36 56 56 0.8162 0.8162 165 165
175-1-1-0.05-50-0 1 2498 37 50 64 1 0.8481 0.2147 127 147
175-1-1-0.05-50-0 1 2498 36 2 55 55 0.8162 0.8198 165 167
175-1-1-0.05-50-0 1 2499 36 2 56 53 0.8162 0.8198 165 167
175-1-1-0.05-50-0 1 2499 1 8 5 8 0.2520 0.2506 409 303
175-1-1-0.05-50-0 1 2499 36 43 56 53 0.8162 0.8316 165 123
