176-1-1-0.05-50-0 1 2302 14 47 82 94 0.8451 0.9293 105 103
176-1-1-0.05-50-0 1 2302 14 47 82 93 0.8451 0.9293 105 103
176-1-1-0.05-50-0 1 2302 14 26 82 141 0.8451 0.8171 105 141
176-1-1-0.05-50-0 1 2302 48 27 6 144 0.1153 0.0776 334 149
176-1-1-0.05-50-0 1 2303 14 41 83 88 0.8451 0.9621 105 105
176-1-1-0.05-50-0 1 2303 14 14 83 83 0.8451 0.8451 105 105
176-1-1-0.05-50-0 1 2303 36 26 64 141 0.8162 0.8171 165 141
176-1-1-0.05-50-0 1 2303 1 10 21 29 0.2520 0.2533 409 449
176-1-1-0.05-50-0 1 2304 14 36 84 68 0.8451 0.8162 105 165
176-1-1-0.05-50-0 1 2304 14 14 84 84 0.8451 0.8451 105 105
176-1-1-0.05-50-0 1 2304 41 4 87 4 0.9621 0.0723 105 351
176-1-1-0.05-50-0 1 2304 20 33 87 1 0.9922 0.6893 102 191
176-1-1-0.05-50-0 1 2304 36 2 67 163 0.8162 0.8198 165 167
176-1-1-0.05-50-0 1 2305 14 13 87 151 0.8451 0.8878 105 151
176-1-1-0.05-50-0 1 2305 1 10 19 27 0.2520 0.2533 409 449
176-1-1-0.05-50-0 1 2305 14 20 87 89 0.8451 0.9922 105 102
176-1-1-0.05-50-0 1 2305 14 47 87 87 0.8451 0.9293 105 103
176-1-1-0.05-50-0 1 2305 14 26 87 133 0.8451 0.8171 105 141
176-1-1-0.05-50-0 1 2305 14 25 87 125 0.8451 0.9430 105 125
176-1-1-0.05-50-0 1 2305 36 14 67 87 0.8162 0.8451 165 105
176-1-1-0.05-50-0 1 2305 36 26 67 132 0.8162 0.8171 165 141
176-1-1-0.05-50-0 1 2305 36 14 67 86 0.8162 0.8451 165 105
176-1-1-0.05-50-0 1 2305 36 14 67 85 0.8162 0.8451 165 105
176-1-1-0.05-50-0 1 2306 1 18 19 7 0.2520 0.2181 409 226
176-1-1-0.05-50-0 1 2306 36 2 68 165 0.8162 0.8198 165 167
176-1-1-0.05-50-0 1 2306 14 25 83 122 0.8451 0.9430 105 125
176-1-1-0.05-50-0 1 2306 37 39 9 10 0.8481 0.2187 127 309
176-1-1-0.05-50-0 1 2306 36 43 68 52 0.8162 0.8316 165 123
176-1-1-0.05-50-0 1 2306 14 36 83 68 0.8451 0.8162 105 165
176-1-1-0.05-50-0 1 2306 36 43 67 51 0.8162 0.8316 165 123
176-1-1-0.05-50-0 1 2306 14 25 83 121 0.8451 0.9430 105 125
176-1-1-0.05-50-0 1 2307 14 2 84 162 0.8451 0.8198 105 167
176-1-1-0.05-50-0 1 2307 36 2 65 161 0.8162 0.8198 165 167
176-1-1-0.05-50-0 1 2307 14 40 84 75 0.8451 0.9739 105 104
176-1-1-0.05-50-0 1 2307 14 14 84 84 0.8451 0.8451 105 105
176-1-1-0.05-50-0 1 2307 36 43 65 49 0.8162 0.8316 165 123
176-1-1-0.05-50-0 1 2308 1 1 22 22 0.2520 0.2520 409 409
176-1-1-0.05-50-0 1 2308 36 36 66 66 0.8162 0.8162 165 165
176-1-1-0.05-50-0 1 2308 36 2 65 159 0.8162 0.8198 165 167
176-1-1-0.05-50-0 1 2308 48 27 6 148 0.1153 0.0776 334 149
176-1-1-0.05-50-0 1 2308 36 36 65 65 0.8162 0.8162 165 165
176-1-1-0.05-50-0 1 2309 10 27 26 147 0.2533 0.0776 449 149
176-1-1-0.05-50-0 1 2309 14 41 83 90 0.8451 0.9621 105 105
176-1-1-0.05-50-0 1 2309 36 2 65 164 0.8162 0.8198 165 167
176-1-1-0.05-50-0 1 2309 14 43 83 49 0.8451 0.8316 105 123
176-1-1-0.05-50-0 1 2309 14 2 83 163 0.8451 0.8198 105 167
176-1-1-0.05-50-0 1 2309 14 26 83 126 0.8451 0.8171 105 141
176-1-1-0.05-50-0 1 2309 41 35 89 1 0.9621 0.0354 105 158
176-1-1-0.05-50-0 1 2310 14 36 88 67 0.8451 0.8162 105 165
176-1-1-0.05-50-0 1 2310 14 26 88 129 0.8451 0.8171 105 141
176-1-1-0.05-50-0 1 2310 41 4 88 4 0.9621 0.0723 105 351
176-1-1-0.05-50-0 1 2310 37 18 11 6 0.8481 0.2181 127 226
176-1-1-0.05-50-0 1 2310 14 40 88 67 0.8451 0.9739 105 104
176-1-1-0.05-50-0 1 2310 14 47 88 80 0.8451 0.9293 105 103
176-1-1-0.05-50-0 1 2311 36 2 63 167 0.8162 0.8198 165 167
176-1-1-0.05-50-0 1 2311 18 48 5 7 0.2181 0.1153 226 334
176-1-1-0.05-50-0 1 2311 36 14 63 90 0.8162 0.8451 165 105
176-1-1-0.05-50-0 1 2311 36 14 63 89 0.8162 0.8451 165 105
176-1-1-0.05-50-0 1 2311 36 14 63 88 0.8162 0.8451 165 105
176-1-1-0.05-50-0 1 2311 36 26 63 128 0.8162 0.8171 165 141
176-1-1-0.05-50-0 1 2311 10 27 30 149 0.2533 0.0776 449 149
176-1-1-0.05-50-0 1 2312 25 22 116 1 0.9430 0.0160 125 311
176-1-1-0.05-50-0 1 2312 14 41 87 89 0.8451 0.9621 105 105
176-1-1-0.05-50-0 1 2312 1 10 18 29 0.2520 0.2533 409 449
176-1-1-0.05-50-0 1 2312 36 36 61 61 0.8162 0.8162 165 165
176-1-1-0.05-50-0 1 2312 2 3 167 1 0.8198 0.4813 167 321
176-1-1-0.05-50-0 1 2312 36 2 60 167 0.8162 0.8198 165 167
176-1-1-0.05-50-0 1 2312 14 7 87 104 0.8451 0.9267 105 106
176-1-1-0.05-50-0 1 2312 36 36 60 60 0.8162 0.8162 165 165
176-1-1-0.05-50-0 1 2312 14 13 87 149 0.8451 0.8878 105 151
176-1-1-0.05-50-0 1 2313 36 26 58 131 0.8162 0.8171 165 141
176-1-1-0.05-50-0 1 2313 36 2 58 167 0.8162 0.8198 165 167
176-1-1-0.05-50-0 1 2313 14 26 85 130 0.8451 0.8171 105 141
176-1-1-0.05-50-0 1 2314 14 41 84 88 0.8451 0.9621 105 105
176-1-1-0.05-50-0 1 2314 1 10 19 30 0.2520 0.2533 409 449
176-1-1-0.05-50-0 1 2314 14 41 84 87 0.8451 0.9621 105 105
176-1-1-0.05-50-0 1 2315 10 27 29 148 0.2533 0.0776 449 149
176-1-1-0.05-50-0 1 2315 10 27 29 147 0.2533 0.0776 449 149
176-1-1-0.05-50-0 1 2315 14 26 84 133 0.8451 0.8171 105 141
176-1-1-0.05-50-0 1 2315 14 41 84 87 0.8451 0.9621 105 105
176-1-1-0.05-50-0 1 2315 37 39 11 9 0.8481 0.2187 127 309
176-1-1-0.05-50-0 1 2315 41 4 86 4 0.9621 0.0723 105 351
176-1-1-0.05-50-0 1 2316 1 10 21 28 0.2520 0.2533 409 449
176-1-1-0.05-50-0 1 2316 10 27 27 149 0.2533 0.0776 449 149
176-1-1-0.05-50-0 1 2316 36 2 59 166 0.8162 0.8198 165 167
176-1-1-0.05-50-0 1 2316 36 14 59 87 0.8162 0.8451 165 105
176-1-1-0.05-50-0 1 2317 10 27 28 149 0.2533 0.0776 449 149
176-1-1-0.05-50-0 1 2318 14 47 82 79 0.8451 0.9293 105 103
176-1-1-0.05-50-0 1 2318 36 2 61 167 0.8162 0.8198 165 167
176-1-1-0.05-50-0 1 2318 19 19 4 4 0.8072 0.8072 134 134
176-1-1-0.05-50-0 1 2318 14 36 82 61 0.8451 0.8162 105 165
176-1-1-0.05-50-0 1 2318 1 1 24 24 0.2520 0.2520 409 409
176-1-1-0.05-50-0 1 2318 14 40 82 69 0.8451 0.9739 105 104
176-1-1-0.05-50-0 1 2318 20 32 85 1 0.9922 0.6514 102 215
176-1-1-0.05-50-0 1 2318 36 2 60 166 0.8162 0.8198 165 167
176-1-1-0.05-50-0 1 2318 14 20 82 85 0.8451 0.9922 105 102
176-1-1-0.05-50-0 1 2318 43 24 47 3 0.8316 0.1940 123 254
176-1-1-0.05-50-0 1 2319 36 14 60 84 0.8162 0.8451 165 105
176-1-1-0.05-50-0 1 2319 14 40 83 68 0.8451 0.9739 105 104
176-1-1-0.05-50-0 1 2319 14 2 83 167 0.8451 0.8198 105 167
176-1-1-0.05-50-0 1 2319 43 24 47 2 0.8316 0.1940 123 254
176-1-1-0.05-50-0 1 2319 1 1 24 24 0.2520 0.2520 409 409
176-1-1-0.05-50-0 1 2320 41 4 80 3 0.9621 0.0723 105 351
176-1-1-0.05-50-0 1 2320 10 27 30 149 0.2533 0.0776 449 149
176-1-1-0.05-50-0 1 2320 14 2 83 167 0.8451 0.8198 105 167
176-1-1-0.05-50-0 1 2320 14 20 83 85 0.8451 0.9922 105 102
176-1-1-0.05-50-0 1 2320 14 25 83 117 0.8451 0.9430 105 125
176-1-1-0.05-50-0 1 2320 14 14 83 83 0.8451 0.8451 105 105
176-1-1-0.05-50-0 1 2320 14 20 82 84 0.8451 0.9922 105 102
176-1-1-0.05-50-0 1 2320 10 27 30 148 0.2533 0.0776 449 149
176-1-1-0.05-50-0 1 2320 36 26 63 141 0.8162 0.8171 165 141
176-1-1-0.05-50-0 1 2320 36 14 63 82 0.8162 0.8451 165 105
176-1-1-0.05-50-0 1 2320 2 17 166 1 0.8198 0.6398 167 197
176-1-1-0.05-50-0 1 2321 1 10 23 31 0.2520 0.2533 409 449
176-1-1-0.05-50-0 1 2321 14 26 83 139 0.8451 0.8171 105 141
176-1-1-0.05-50-0 1 2321 36 43 64 50 0.8162 0.8316 165 123
176-1-1-0.05-50-0 1 2321 14 40 83 62 0.8451 0.9739 105 104
176-1-1-0.05-50-0 1 2322 39 48 10 8 0.2187 0.1153 309 334
176-1-1-0.05-50-0 1 2322 36 2 63 162 0.8162 0.8198 165 167
176-1-1-0.05-50-0 1 2322 1 39 23 10 0.2520 0.2187 409 309
176-1-1-0.05-50-0 1 2322 14 2 82 161 0.8451 0.8198 105 167
176-1-1-0.05-50-0 1 2322 26 46 137 1 0.8171 0.3451 141 327
176-1-1-0.05-50-0 1 2323 14 20 80 87 0.8451 0.9922 105 102
176-1-1-0.05-50-0 1 2323 20 45 86 2 0.9922 0.3816 102 173
176-1-1-0.05-50-0 1 2324 14 2 81 153 0.8451 0.8198 105 167
176-1-1-0.05-50-0 1 2324 39 48 12 7 0.2187 0.1153 309 334
176-1-1-0.05-50-0 1 2324 14 41 81 78 0.8451 0.9621 105 105
176-1-1-0.05-50-0 1 2324 1 50 21 1 0.2520 0.2147 409 147
176-1-1-0.05-50-0 1 2324 37 48 11 6 0.8481 0.1153 127 334
176-1-1-0.05-50-0 1 2324 36 26 62 131 0.8162 0.8171 165 141
176-1-1-0.05-50-0 1 2324 14 13 81 147 0.8451 0.8878 105 151
176-1-1-0.05-50-0 1 2324 36 14 62 81 0.8162 0.8451 165 105
176-1-1-0.05-50-0 1 2325 36 36 64 64 0.8162 0.8162 165 165
176-1-1-0.05-50-0 1 2325 39 18 12 2 0.2187 0.2181 309 226
176-1-1-0.05-50-0 1 2325 36 36 63 63 0.8162 0.8162 165 165
176-1-1-0.05-50-0 1 2325 26 45 131 1 0.8171 0.3816 141 173
176-1-1-0.05-50-0 1 2325 37 48 11 5 0.8481 0.1153 127 334
176-1-1-0.05-50-0 1 2326 36 14 64 81 0.8162 0.8451 165 105
176-1-1-0.05-50-0 1 2326 10 27 31 149 0.2533 0.0776 449 149
176-1-1-0.05-50-0 1 2326 14 14 80 80 0.8451 0.8451 105 105
176-1-1-0.05-50-0 1 2327 14 41 81 70 0.8451 0.9621 105 105
176-1-1-0.05-50-0 1 2327 39 48 13 4 0.2187 0.1153 309 334
176-1-1-0.05-50-0 1 2327 36 36 65 65 0.8162 0.8162 165 165
176-1-1-0.05-50-0 1 2327 14 25 81 125 0.8451 0.9430 105 125
176-1-1-0.05-50-0 1 2327 36 2 64 166 0.8162 0.8198 165 167
176-1-1-0.05-50-0 1 2328 15 39 2 14 0.7918 0.2187 149 309
176-1-1-0.05-50-0 1 2328 14 47 80 76 0.8451 0.9293 105 103
176-1-1-0.05-50-0 1 2328 50 48 1 3 0.2147 0.1153 147 334
176-1-1-0.05-50-0 1 2328 36 2 63 167 0.8162 0.8198 165 167
176-1-1-0.05-50-0 1 2328 36 26 63 132 0.8162 0.8171 165 141
176-1-1-0.05-50-0 1 2328 39 24 13 2 0.2187 0.1940 309 254
176-1-1-0.05-50-0 1 2328 10 27 30 149 0.2533 0.0776 449 149
176-1-1-0.05-50-0 1 2328 1 39 17 13 0.2520 0.2187 409 309
176-1-1-0.05-50-0 1 2328 25 11 123 1 0.9430 0.0504 125 384
176-1-1-0.05-50-0 1 2329 14 2 82 167 0.8451 0.8198 105 167
176-1-1-0.05-50-0 1 2329 14 26 82 137 0.8451 0.8171 105 141
176-1-1-0.05-50-0 1 2329 2 30 166 1 0.8198 0.6008 167 266
176-1-1-0.05-50-0 1 2329 36 43 63 52 0.8162 0.8316 165 123
176-1-1-0.05-50-0 1 2329 36 43 63 51 0.8162 0.8316 165 123
176-1-1-0.05-50-0 1 2329 14 7 82 103 0.8451 0.9267 105 106
176-1-1-0.05-50-0 1 2329 1 10 18 30 0.2520 0.2533 409 449
176-1-1-0.05-50-0 1 2330 14 41 84 74 0.8451 0.9621 105 105
176-1-1-0.05-50-0 1 2330 36 2 64 166 0.8162 0.8198 165 167
176-1-1-0.05-50-0 1 2330 14 20 84 98 0.8451 0.9922 105 102
176-1-1-0.05-50-0 1 2330 10 27 29 149 0.2533 0.0776 449 149
176-1-1-0.05-50-0 1 2330 14 2 84 165 0.8451 0.8198 105 167
176-1-1-0.05-50-0 1 2330 14 20 84 97 0.8451 0.9922 105 102
176-1-1-0.05-50-0 1 2331 40 15 65 2 0.9739 0.7918 104 149
176-1-1-0.05-50-0 1 2331 14 36 86 64 0.8451 0.8162 105 165
176-1-1-0.05-50-0 1 2331 41 4 75 6 0.9621 0.0723 105 351
176-1-1-0.05-50-0 1 2332 14 2 88 167 0.8451 0.8198 105 167
176-1-1-0.05-50-0 1 2332 14 2 88 166 0.8451 0.8198 105 167
176-1-1-0.05-50-0 1 2332 37 48 15 2 0.8481 0.1153 127 334
176-1-1-0.05-50-0 1 2332 36 2 63 165 0.8162 0.8198 165 167
176-1-1-0.05-50-0 1 2332 36 26 63 141 0.8162 0.8171 165 141
176-1-1-0.05-50-0 1 2332 14 25 88 118 0.8451 0.9430 105 125
176-1-1-0.05-50-0 1 2333 36 2 63 165 0.8162 0.8198 165 167
176-1-1-0.05-50-0 1 2333 14 41 90 78 0.8451 0.9621 105 105
176-1-1-0.05-50-0 1 2333 14 13 90 151 0.8451 0.8878 105 151
176-1-1-0.05-50-0 1 2333 14 2 90 164 0.8451 0.8198 105 167
176-1-1-0.05-50-0 1 2333 10 27 28 149 0.2533 0.0776 449 149
176-1-1-0.05-50-0 1 2333 10 27 28 148 0.2533 0.0776 449 149
176-1-1-0.05-50-0 1 2334 36 14 62 87 0.8162 0.8451 165 105
176-1-1-0.05-50-0 1 2334 14 43 86 57 0.8451 0.8316 105 123
176-1-1-0.05-50-0 1 2334 40 3 65 1 0.9739 0.4813 104 321
176-1-1-0.05-50-0 1 2335 1 10 19 28 0.2520 0.2533 409 449
176-1-1-0.05-50-0 1 2335 10 27 27 149 0.2533 0.0776 449 149
176-1-1-0.05-50-0 1 2335 15 8 1 3 0.7918 0.2506 149 303
176-1-1-0.05-50-0 1 2335 14 13 87 150 0.8451 0.8878 105 151
176-1-1-0.05-50-0 1 2335 41 4 74 7 0.9621 0.0723 105 351
176-1-1-0.05-50-0 1 2336 26 6 135 2 0.8171 0.4266 141 249
176-1-1-0.05-50-0 1 2336 14 25 86 115 0.8451 0.9430 105 125
176-1-1-0.05-50-0 1 2336 14 2 86 160 0.8451 0.8198 105 167
176-1-1-0.05-50-0 1 2336 14 40 86 67 0.8451 0.9739 105 104
176-1-1-0.05-50-0 1 2336 36 14 61 86 0.8162 0.8451 165 105
176-1-1-0.05-50-0 1 2337 40 34 69 3 0.9739 0.7448 104 168
176-1-1-0.05-50-0 1 2337 14 37 87 14 0.8451 0.8481 105 127
176-1-1-0.05-50-0 1 2337 10 27 26 148 0.2533 0.0776 449 149
176-1-1-0.05-50-0 1 2337 36 14 60 87 0.8162 0.8451 165 105
176-1-1-0.05-50-0 1 2337 41 4 77 6 0.9621 0.0723 105 351
176-1-1-0.05-50-0 1 2337 14 26 86 136 0.8451 0.8171 105 141
176-1-1-0.05-50-0 1 2338 19 15 5 1 0.8072 0.7918 134 149
176-1-1-0.05-50-0 1 2338 14 25 89 115 0.8451 0.9430 105 125
176-1-1-0.05-50-0 1 2338 1 10 18 26 0.2520 0.2533 409 449
176-1-1-0.05-50-0 1 2338 2 31 157 1 0.8198 0.5626 167 252
176-1-1-0.05-50-0 1 2338 14 26 89 133 0.8451 0.8171 105 141
176-1-1-0.05-50-0 1 2338 14 7 89 106 0.8451 0.9267 105 106
176-1-1-0.05-50-0 1 2338 1 1 18 18 0.2520 0.2520 409 409
176-1-1-0.05-50-0 1 2339 14 26 83 132 0.8451 0.8171 105 141
176-1-1-0.05-50-0 1 2339 36 26 58 131 0.8162 0.8171 165 141
176-1-1-0.05-50-0 1 2339 14 43 83 60 0.8451 0.8316 105 123
176-1-1-0.05-50-0 1 2340 20 6 91 2 0.9922 0.4266 102 249
176-1-1-0.05-50-0 1 2340 14 26 85 135 0.8451 0.8171 105 141
176-1-1-0.05-50-0 1 2340 14 2 85 162 0.8451 0.8198 105 167
176-1-1-0.05-50-0 1 2340 36 2 58 161 0.8162 0.8198 165 167
176-1-1-0.05-50-0 1 2340 14 47 85 87 0.8451 0.9293 105 103
176-1-1-0.05-50-0 1 2340 20 6 91 1 0.9922 0.4266 102 249
176-1-1-0.05-50-0 1 2340 40 34 70 1 0.9739 0.7448 104 168
176-1-1-0.05-50-0 1 2341 36 36 63 63 0.8162 0.8162 165 165
176-1-1-0.05-50-0 1 2341 14 41 85 85 0.8451 0.9621 105 105
176-1-1-0.05-50-0 1 2341 14 26 85 134 0.8451 0.8171 105 141
176-1-1-0.05-50-0 1 2342 36 43 61 61 0.8162 0.8316 165 123
176-1-1-0.05-50-0 1 2342 14 26 86 134 0.8451 0.8171 105 141
176-1-1-0.05-50-0 1 2342 36 26 61 133 0.8162 0.8171 165 141
176-1-1-0.05-50-0 1 2342 1 39 16 6 0.2520 0.2187 409 309
176-1-1-0.05-50-0 1 2342 10 27 25 146 0.2533 0.0776 449 149
176-1-1-0.05-50-0 1 2342 41 4 89 5 0.9621 0.0723 105 351
176-1-1-0.05-50-0 1 2343 36 2 62 167 0.8162 0.8198 165 167
176-1-1-0.05-50-0 1 2343 14 25 95 116 0.8451 0.9430 105 125
176-1-1-0.05-50-0 1 2343 37 23 13 1 0.8481 0.1698 127 476
176-1-1-0.05-50-0 1 2343 14 26 95 134 0.8451 0.8171 105 141
176-1-1-0.05-50-0 1 2343 14 41 95 92 0.8451 0.9621 105 105
176-1-1-0.05-50-0 1 2343 10 27 25 148 0.2533 0.0776 449 149
176-1-1-0.05-50-0 1 2343 14 13 95 144 0.8451 0.8878 105 151
176-1-1-0.05-50-0 1 2343 43 24 61 1 0.8316 0.1940 123 254
176-1-1-0.05-50-0 1 2343 36 26 62 133 0.8162 0.8171 165 141
176-1-1-0.05-50-0 1 2344 14 43 94 61 0.8451 0.8316 105 123
176-1-1-0.05-50-0 1 2344 14 26 94 134 0.8451 0.8171 105 141
176-1-1-0.05-50-0 1 2344 36 2 62 167 0.8162 0.8198 165 167
176-1-1-0.05-50-0 1 2344 14 13 94 142 0.8451 0.8878 105 151
176-1-1-0.05-50-0 1 2344 14 40 94 81 0.8451 0.9739 105 104
176-1-1-0.05-50-0 1 2344 14 36 94 62 0.8451 0.8162 105 165
176-1-1-0.05-50-0 1 2345 36 26 62 135 0.8162 0.8171 165 141
176-1-1-0.05-50-0 1 2345 1 39 15 6 0.2520 0.2187 409 309
176-1-1-0.05-50-0 1 2345 40 34 81 2 0.9739 0.7448 104 168
176-1-1-0.05-50-0 1 2345 40 31 81 1 0.9739 0.5626 104 252
176-1-1-0.05-50-0 1 2346 40 17 80 1 0.9739 0.6398 104 197
176-1-1-0.05-50-0 1 2346 36 2 59 152 0.8162 0.8198 165 167
176-1-1-0.05-50-0 1 2346 40 42 80 1 0.9739 0.7447 104 106
176-1-1-0.05-50-0 1 2346 14 40 96 80 0.8451 0.9739 105 104
176-1-1-0.05-50-0 1 2346 36 14 59 96 0.8162 0.8451 165 105
176-1-1-0.05-50-0 1 2347 14 13 94 145 0.8451 0.8878 105 151
176-1-1-0.05-50-0 1 2347 36 2 56 152 0.8162 0.8198 165 167
176-1-1-0.05-50-0 1 2347 10 27 21 149 0.2533 0.0776 449 149
176-1-1-0.05-50-0 1 2347 36 14 56 94 0.8162 0.8451 165 105
176-1-1-0.05-50-0 1 2348 14 20 92 91 0.8451 0.9922 105 102
176-1-1-0.05-50-0 1 2348 36 19 61 6 0.8162 0.8072 165 134
176-1-1-0.05-50-0 1 2348 26 28 139 1 0.8171 0.3846 141 311
176-1-1-0.05-50-0 1 2348 36 36 61 61 0.8162 0.8162 165 165
176-1-1-0.05-50-0 1 2348 14 7 92 88 0.8451 0.9267 105 106
176-1-1-0.05-50-0 1 2348 10 27 23 148 0.2533 0.0776 449 149
176-1-1-0.05-50-0 1 2348 37 18 12 6 0.8481 0.2181 127 226
176-1-1-0.05-50-0 1 2349 36 26 59 141 0.8162 0.8171 165 141
176-1-1-0.05-50-0 1 2349 14 13 95 145 0.8451 0.8878 105 151
176-1-1-0.05-50-0 1 2349 36 14 59 95 0.8162 0.8451 165 105
176-1-1-0.05-50-0 1 2349 41 4 94 3 0.9621 0.0723 105 351
176-1-1-0.05-50-0 1 2349 36 26 59 140 0.8162 0.8171 165 141
176-1-1-0.05-50-0 1 2349 1 1 14 14 0.2520 0.2520 409 409
176-1-1-0.05-50-0 1 2350 14 7 99 89 0.8451 0.9267 105 106
176-1-1-0.05-50-0 1 2350 14 13 99 148 0.8451 0.8878 105 151
176-1-1-0.05-50-0 1 2350 14 2 99 149 0.8451 0.8198 105 167
176-1-1-0.05-50-0 1 2350 14 7 99 88 0.8451 0.9267 105 106
176-1-1-0.05-50-0 1 2350 14 13 99 147 0.8451 0.8878 105 151
176-1-1-0.05-50-0 1 2350 36 14 59 99 0.8162 0.8451 165 105
176-1-1-0.05-50-0 1 2350 36 26 59 134 0.8162 0.8171 165 141
176-1-1-0.05-50-0 1 2350 10 27 21 149 0.2533 0.0776 449 149
176-1-1-0.05-50-0 1 2350 14 20 98 89 0.8451 0.9922 105 102
176-1-1-0.05-50-0 1 2351 37 18 11 7 0.8481 0.2181 127 226
176-1-1-0.05-50-0 1 2351 14 43 97 61 0.8451 0.8316 105 123
176-1-1-0.05-50-0 1 2351 36 2 57 141 0.8162 0.8198 165 167
176-1-1-0.05-50-0 1 2351 14 26 97 131 0.8451 0.8171 105 141
176-1-1-0.05-50-0 1 2352 36 43 59 60 0.8162 0.8316 165 123
176-1-1-0.05-50-0 1 2352 1 18 16 5 0.2520 0.2181 409 226
176-1-1-0.05-50-0 1 2352 14 41 98 92 0.8451 0.9621 105 105
176-1-1-0.05-50-0 1 2352 14 41 98 91 0.8451 0.9621 105 105
176-1-1-0.05-50-0 1 2352 36 26 59 133 0.8162 0.8171 165 141
176-1-1-0.05-50-0 1 2352 37 39 12 5 0.8481 0.2187 127 309
176-1-1-0.05-50-0 1 2353 36 37 61 13 0.8162 0.8481 165 127
176-1-1-0.05-50-0 1 2353 14 7 103 96 0.8451 0.9267 105 106
176-1-1-0.05-50-0 1 2353 10 27 21 148 0.2533 0.0776 449 149
176-1-1-0.05-50-0 1 2354 36 2 59 141 0.8162 0.8198 165 167
176-1-1-0.05-50-0 1 2354 14 13 104 146 0.8451 0.8878 105 151
176-1-1-0.05-50-0 1 2354 14 7 104 98 0.8451 0.9267 105 106
176-1-1-0.05-50-0 1 2354 36 26 59 137 0.8162 0.8171 165 141
176-1-1-0.05-50-0 1 2354 39 39 5 5 0.2187 0.2187 309 309
176-1-1-0.05-50-0 1 2354 14 2 104 140 0.8451 0.8198 105 167
176-1-1-0.05-50-0 1 2354 14 25 104 100 0.8451 0.9430 105 125
176-1-1-0.05-50-0 1 2355 14 41 105 86 0.8451 0.9621 105 105
176-1-1-0.05-50-0 1 2355 14 13 105 147 0.8451 0.8878 105 151
176-1-1-0.05-50-0 1 2355 40 34 83 1 0.9739 0.7448 104 168
176-1-1-0.05-50-0 1 2355 14 36 105 58 0.8451 0.8162 105 165
176-1-1-0.05-50-0 1 2355 14 40 105 83 0.8451 0.9739 105 104
176-1-1-0.05-50-0 1 2355 36 26 57 136 0.8162 0.8171 165 141
176-1-1-0.05-50-0 1 2356 36 26 57 135 0.8162 0.8171 165 141
176-1-1-0.05-50-0 1 2356 14 25 105 108 0.8451 0.9430 105 125
176-1-1-0.05-50-0 1 2356 14 14 105 105 0.8451 0.8451 105 105
176-1-1-0.05-50-0 1 2356 14 41 104 81 0.8451 0.9621 105 105
176-1-1-0.05-50-0 1 2356 1 1 18 18 0.2520 0.2520 409 409
176-1-1-0.05-50-0 1 2356 14 25 104 107 0.8451 0.9430 105 125
176-1-1-0.05-50-0 1 2357 14 26 105 136 0.8451 0.8171 105 141
176-1-1-0.05-50-0 1 2357 14 14 105 105 0.8451 0.8451 105 105
176-1-1-0.05-50-0 1 2357 14 14 104 104 0.8451 0.8451 105 105
176-1-1-0.05-50-0 1 2358 14 13 104 151 0.8451 0.8878 105 151
176-1-1-0.05-50-0 1 2358 1 39 20 7 0.2520 0.2187 409 309
176-1-1-0.05-50-0 1 2358 36 2 51 151 0.8162 0.8198 165 167
176-1-1-0.05-50-0 1 2358 14 25 104 108 0.8451 0.9430 105 125
176-1-1-0.05-50-0 1 2358 36 26 51 131 0.8162 0.8171 165 141
176-1-1-0.05-50-0 1 2358 14 7 104 98 0.8451 0.9267 105 106
176-1-1-0.05-50-0 1 2359 14 41 105 86 0.8451 0.9621 105 105
176-1-1-0.05-50-0 1 2359 1 1 21 21 0.2520 0.2520 409 409
176-1-1-0.05-50-0 1 2359 1 10 20 24 0.2520 0.2533 409 449
176-1-1-0.05-50-0 1 2359 36 43 50 66 0.8162 0.8316 165 123
176-1-1-0.05-50-0 1 2360 36 2 46 147 0.8162 0.8198 165 167
176-1-1-0.05-50-0 1 2360 14 13 105 151 0.8451 0.8878 105 151
176-1-1-0.05-50-0 1 2360 1 8 20 3 0.2520 0.2506 409 303
176-1-1-0.05-50-0 1 2361 14 47 101 79 0.8451 0.9293 105 103
176-1-1-0.05-50-0 1 2361 2 6 154 1 0.8198 0.4266 167 249
176-1-1-0.05-50-0 1 2361 10 27 25 146 0.2533 0.0776 449 149
176-1-1-0.05-50-0 1 2361 10 27 25 145 0.2533 0.0776 449 149
176-1-1-0.05-50-0 1 2362 1 10 21 30 0.2520 0.2533 409 449
176-1-1-0.05-50-0 1 2362 48 27 2 135 0.1153 0.0776 334 149
176-1-1-0.05-50-0 1 2362 36 14 49 103 0.8162 0.8451 165 105
176-1-1-0.05-50-0 1 2362 37 18 17 2 0.8481 0.2181 127 226
176-1-1-0.05-50-0 1 2362 14 20 102 94 0.8451 0.9922 105 102
176-1-1-0.05-50-0 1 2362 36 36 49 49 0.8162 0.8162 165 165
176-1-1-0.05-50-0 1 2363 14 26 101 127 0.8451 0.8171 105 141
176-1-1-0.05-50-0 1 2363 10 27 34 131 0.2533 0.0776 449 149
176-1-1-0.05-50-0 1 2363 14 41 101 96 0.8451 0.9621 105 105
176-1-1-0.05-50-0 1 2363 40 42 78 1 0.9739 0.7447 104 106
176-1-1-0.05-50-0 1 2364 14 25 103 110 0.8451 0.9430 105 125
176-1-1-0.05-50-0 1 2364 14 20 103 91 0.8451 0.9922 105 102
176-1-1-0.05-50-0 1 2364 14 14 103 103 0.8451 0.8451 105 105
176-1-1-0.05-50-0 1 2364 14 41 102 94 0.8451 0.9621 105 105
176-1-1-0.05-50-0 1 2365 39 48 5 2 0.2187 0.1153 309 334
176-1-1-0.05-50-0 1 2365 36 2 54 158 0.8162 0.8198 165 167
176-1-1-0.05-50-0 1 2366 14 47 98 84 0.8451 0.9293 105 103
176-1-1-0.05-50-0 1 2366 14 43 98 74 0.8451 0.8316 105 123
176-1-1-0.05-50-0 1 2366 14 20 98 97 0.8451 0.9922 105 102
176-1-1-0.05-50-0 1 2366 1 10 25 33 0.2520 0.2533 409 449
176-1-1-0.05-50-0 1 2366 36 2 54 160 0.8162 0.8198 165 167
176-1-1-0.05-50-0 1 2367 10 27 32 141 0.2533 0.0776 449 149
176-1-1-0.05-50-0 1 2367 36 14 53 98 0.8162 0.8451 165 105
176-1-1-0.05-50-0 1 2367 10 27 32 140 0.2533 0.0776 449 149
176-1-1-0.05-50-0 1 2368 14 40 92 81 0.8451 0.9739 105 104
176-1-1-0.05-50-0 1 2368 36 43 54 76 0.8162 0.8316 165 123
176-1-1-0.05-50-0 1 2368 36 36 54 54 0.8162 0.8162 165 165
176-1-1-0.05-50-0 1 2368 14 25 92 110 0.8451 0.9430 105 125
176-1-1-0.05-50-0 1 2369 14 47 91 88 0.8451 0.9293 105 103
176-1-1-0.05-50-0 1 2369 14 7 91 100 0.8451 0.9267 105 106
176-1-1-0.05-50-0 1 2369 20 30 98 1 0.9922 0.6008 102 266
176-1-1-0.05-50-0 1 2369 25 35 105 1 0.9430 0.0354 125 158
176-1-1-0.05-50-0 1 2369 10 27 33 147 0.2533 0.0776 449 149
176-1-1-0.05-50-0 1 2370 36 43 55 74 0.8162 0.8316 165 123
176-1-1-0.05-50-0 1 2370 40 34 84 1 0.9739 0.7448 104 168
176-1-1-0.05-50-0 1 2370 14 47 97 90 0.8451 0.9293 105 103
176-1-1-0.05-50-0 1 2370 36 2 55 156 0.8162 0.8198 165 167
176-1-1-0.05-50-0 1 2370 36 14 55 97 0.8162 0.8451 165 105
176-1-1-0.05-50-0 1 2370 14 36 96 55 0.8451 0.8162 105 165
176-1-1-0.05-50-0 1 2371 1 10 22 34 0.2520 0.2533 409 449
176-1-1-0.05-50-0 1 2371 1 1 22 22 0.2520 0.2520 409 409
176-1-1-0.05-50-0 1 2371 14 13 101 151 0.8451 0.8878 105 151
176-1-1-0.05-50-0 1 2371 39 50 5 5 0.2187 0.2147 309 147
176-1-1-0.05-50-0 1 2371 14 20 101 100 0.8451 0.9922 105 102
176-1-1-0.05-50-0 1 2372 36 26 57 135 0.8162 0.8171 165 141
176-1-1-0.05-50-0 1 2372 10 27 32 148 0.2533 0.0776 449 149
176-1-1-0.05-50-0 1 2372 14 43 102 76 0.8451 0.8316 105 123
176-1-1-0.05-50-0 1 2372 36 14 57 102 0.8162 0.8451 165 105
176-1-1-0.05-50-0 1 2372 14 20 101 97 0.8451 0.9922 105 102
176-1-1-0.05-50-0 1 2372 14 25 101 107 0.8451 0.9430 105 125
176-1-1-0.05-50-0 1 2373 1 10 20 31 0.2520 0.2533 409 449
176-1-1-0.05-50-0 1 2374 1 39 20 5 0.2520 0.2187 409 309
176-1-1-0.05-50-0 1 2374 1 10 20 29 0.2520 0.2533 409 449
176-1-1-0.05-50-0 1 2374 36 43 58 78 0.8162 0.8316 165 123
176-1-1-0.05-50-0 1 2374 14 41 105 105 0.8451 0.9621 105 105
176-1-1-0.05-50-0 1 2375 20 30 99 1 0.9922 0.6008 102 266
176-1-1-0.05-50-0 1 2375 36 14 59 105 0.8162 0.8451 165 105
176-1-1-0.05-50-0 1 2375 14 7 104 89 0.8451 0.9267 105 106
176-1-1-0.05-50-0 1 2375 36 2 59 154 0.8162 0.8198 165 167
176-1-1-0.05-50-0 1 2375 1 1 20 20 0.2520 0.2520 409 409
176-1-1-0.05-50-0 1 2375 14 40 104 78 0.8451 0.9739 105 104
176-1-1-0.05-50-0 1 2376 36 2 56 151 0.8162 0.8198 165 167
176-1-1-0.05-50-0 1 2376 36 26 56 119 0.8162 0.8171 165 141
176-1-1-0.05-50-0 1 2376 10 27 29 149 0.2533 0.0776 449 149
176-1-1-0.05-50-0 1 2376 36 36 56 56 0.8162 0.8162 165 165
176-1-1-0.05-50-0 1 2376 43 49 77 1 0.8316 0.1842 123 136
176-1-1-0.05-50-0 1 2377 36 43 52 75 0.8162 0.8316 165 123
176-1-1-0.05-50-0 1 2377 14 25 105 109 0.8451 0.9430 105 125
176-1-1-0.05-50-0 1 2377 36 14 52 105 0.8162 0.8451 165 105
176-1-1-0.05-50-0 1 2377 36 43 52 74 0.8162 0.8316 165 123
176-1-1-0.05-50-0 1 2377 1 10 19 27 0.2520 0.2533 409 449
176-1-1-0.05-50-0 1 2378 14 13 105 151 0.8451 0.8878 105 151
176-1-1-0.05-50-0 1 2378 14 47 105 99 0.8451 0.9293 105 103
176-1-1-0.05-50-0 1 2378 14 2 105 147 0.8451 0.8198 105 167
176-1-1-0.05-50-0 1 2378 2 32 146 1 0.8198 0.6514 167 215
176-1-1-0.05-50-0 1 2379 14 7 103 94 0.8451 0.9267 105 106
176-1-1-0.05-50-0 1 2379 36 14 52 103 0.8162 0.8451 165 105
176-1-1-0.05-50-0 1 2379 14 47 102 101 0.8451 0.9293 105 103
176-1-1-0.05-50-0 1 2379 10 27 28 149 0.2533 0.0776 449 149
176-1-1-0.05-50-0 1 2379 41 5 105 3 0.9621 0.0007 105 226
176-1-1-0.05-50-0 1 2379 25 11 107 1 0.9430 0.0504 125 384
176-1-1-0.05-50-0 1 2379 1 10 20 28 0.2520 0.2533 409 449
176-1-1-0.05-50-0 1 2379 14 47 102 100 0.8451 0.9293 105 103
176-1-1-0.05-50-0 1 2380 14 7 104 90 0.8451 0.9267 105 106
176-1-1-0.05-50-0 1 2380 14 36 104 52 0.8451 0.8162 105 165
176-1-1-0.05-50-0 1 2380 14 26 104 122 0.8451 0.8171 105 141
176-1-1-0.05-50-0 1 2381 37 50 22 3 0.8481 0.2147 127 147
176-1-1-0.05-50-0 1 2381 41 5 105 2 0.9621 0.0007 105 226
176-1-1-0.05-50-0 1 2381 36 43 51 71 0.8162 0.8316 165 123
176-1-1-0.05-50-0 1 2381 36 26 51 118 0.8162 0.8171 165 141
176-1-1-0.05-50-0 1 2381 14 19 101 3 0.8451 0.8072 105 134
176-1-1-0.05-50-0 1 2381 37 48 22 3 0.8481 0.1153 127 334
176-1-1-0.05-50-0 1 2381 20 46 97 1 0.9922 0.3451 102 327
176-1-1-0.05-50-0 1 2382 14 2 103 146 0.8451 0.8198 105 167
176-1-1-0.05-50-0 1 2382 2 9 145 1 0.8198 0.6134 167 161
176-1-1-0.05-50-0 1 2382 1 8 17 6 0.2520 0.2506 409 303
176-1-1-0.05-50-0 1 2382 14 43 103 69 0.8451 0.8316 105 123
176-1-1-0.05-50-0 1 2382 14 40 103 82 0.8451 0.9739 105 104
176-1-1-0.05-50-0 1 2383 14 47 105 98 0.8451 0.9293 105 103
176-1-1-0.05-50-0 1 2383 1 1 17 17 0.2520 0.2520 409 409
176-1-1-0.05-50-0 1 2383 14 13 105 151 0.8451 0.8878 105 151
176-1-1-0.05-50-0 1 2383 14 20 105 97 0.8451 0.9922 105 102
176-1-1-0.05-50-0 1 2384 14 2 105 149 0.8451 0.8198 105 167
176-1-1-0.05-50-0 1 2385 36 26 58 109 0.8162 0.8171 165 141
176-1-1-0.05-50-0 1 2385 10 27 22 149 0.2533 0.0776 449 149
176-1-1-0.05-50-0 1 2385 14 41 103 95 0.8451 0.9621 105 105
176-1-1-0.05-50-0 1 2385 1 10 17 22 0.2520 0.2533 409 449
176-1-1-0.05-50-0 1 2385 36 2 58 147 0.8162 0.8198 165 167
176-1-1-0.05-50-0 1 2385 10 27 21 148 0.2533 0.0776 449 149
176-1-1-0.05-50-0 1 2385 10 27 21 147 0.2533 0.0776 449 149
176-1-1-0.05-50-0 1 2386 1 39 18 4 0.2520 0.2187 409 309
176-1-1-0.05-50-0 1 2386 14 26 102 114 0.8451 0.8171 105 141
176-1-1-0.05-50-0 1 2386 36 43 57 75 0.8162 0.8316 165 123
176-1-1-0.05-50-0 1 2386 10 27 19 149 0.2533 0.0776 449 149
176-1-1-0.05-50-0 1 2387 14 2 100 150 0.8451 0.8198 105 167
176-1-1-0.05-50-0 1 2387 14 37 100 26 0.8451 0.8481 105 127
176-1-1-0.05-50-0 1 2387 14 2 100 149 0.8451 0.8198 105 167
176-1-1-0.05-50-0 1 2387 14 26 100 115 0.8451 0.8171 105 141
176-1-1-0.05-50-0 1 2388 14 2 100 151 0.8451 0.8198 105 167
176-1-1-0.05-50-0 1 2388 14 2 100 150 0.8451 0.8198 105 167
176-1-1-0.05-50-0 1 2388 14 13 100 151 0.8451 0.8878 105 151
176-1-1-0.05-50-0 1 2389 14 26 102 116 0.8451 0.8171 105 141
176-1-1-0.05-50-0 1 2389 14 26 102 115 0.8451 0.8171 105 141
176-1-1-0.05-50-0 1 2389 37 24 25 2 0.8481 0.1940 127 254
176-1-1-0.05-50-0 1 2389 14 41 102 102 0.8451 0.9621 105 105
176-1-1-0.05-50-0 1 2390 36 2 55 150 0.8162 0.8198 165 167
176-1-1-0.05-50-0 1 2390 43 49 79 1 0.8316 0.1842 123 136
176-1-1-0.05-50-0 1 2390 10 27 21 149 0.2533 0.0776 449 149
176-1-1-0.05-50-0 1 2390 14 2 103 149 0.8451 0.8198 105 167
176-1-1-0.05-50-0 1 2391 48 27 3 149 0.1153 0.0776 334 149
176-1-1-0.05-50-0 1 2391 2 21 155 1 0.8198 0.4184 167 158
176-1-1-0.05-50-0 1 2391 41 5 102 2 0.9621 0.0007 105 226
176-1-1-0.05-50-0 1 2391 1 10 15 20 0.2520 0.2533 409 449
176-1-1-0.05-50-0 1 2391 14 13 102 149 0.8451 0.8878 105 151
176-1-1-0.05-50-0 1 2392 14 13 101 150 0.8451 0.8878 105 151
176-1-1-0.05-50-0 1 2392 43 24 80 1 0.8316 0.1940 123 254
176-1-1-0.05-50-0 1 2392 36 26 56 116 0.8162 0.8171 165 141
176-1-1-0.05-50-0 1 2392 36 26 56 115 0.8162 0.8171 165 141
176-1-1-0.05-50-0 1 2393 36 37 57 25 0.8162 0.8481 165 127
176-1-1-0.05-50-0 1 2393 14 13 105 150 0.8451 0.8878 105 151
176-1-1-0.05-50-0 1 2394 14 47 101 98 0.8451 0.9293 105 103
176-1-1-0.05-50-0 1 2394 43 12 86 2 0.8316 0.1896 123 325
176-1-1-0.05-50-0 1 2394 37 39 23 5 0.8481 0.2187 127 309
176-1-1-0.05-50-0 1 2394 48 27 3 149 0.1153 0.0776 334 149
176-1-1-0.05-50-0 1 2395 14 26 105 112 0.8451 0.8171 105 141
176-1-1-0.05-50-0 1 2395 36 26 56 111 0.8162 0.8171 165 141
176-1-1-0.05-50-0 1 2395 14 25 105 102 0.8451 0.9430 105 125
176-1-1-0.05-50-0 1 2396 14 25 105 102 0.8451 0.9430 105 125
176-1-1-0.05-50-0 1 2396 14 47 105 96 0.8451 0.9293 105 103
176-1-1-0.05-50-0 1 2396 14 13 105 151 0.8451 0.8878 105 151
176-1-1-0.05-50-0 1 2397 36 14 59 105 0.8162 0.8451 165 105
176-1-1-0.05-50-0 1 2397 14 7 104 87 0.8451 0.9267 105 106
176-1-1-0.05-50-0 1 2397 37 48 25 3 0.8481 0.1153 127 334
176-1-1-0.05-50-0 1 2397 36 36 59 59 0.8162 0.8162 165 165
176-1-1-0.05-50-0 1 2398 10 27 23 149 0.2533 0.0776 449 149
176-1-1-0.05-50-0 1 2398 10 27 23 148 0.2533 0.0776 449 149
176-1-1-0.05-50-0 1 2398 41 5 102 1 0.9621 0.0007 105 226
176-1-1-0.05-50-0 1 2398 14 2 103 153 0.8451 0.8198 105 167
176-1-1-0.05-50-0 1 2398 14 2 103 152 0.8451 0.8198 105 167
176-1-1-0.05-50-0 1 2399 43 12 86 1 0.8316 0.1896 123 325
176-1-1-0.05-50-0 1 2399 14 13 102 147 0.8451 0.8878 105 151
176-1-1-0.05-50-0 1 2399 36 43 61 86 0.8162 0.8316 165 123
176-1-1-0.05-50-0 1 2399 14 13 102 146 0.8451 0.8878 105 151
176-1-1-0.05-50-0 1 2400 10 27 24 148 0.2533 0.0776 449 149
176-1-1-0.05-50-0 1 2400 2 38 147 2 0.8198 0.6163 167 270
176-1-1-0.05-50-0 1 2400 37 39 27 5 0.8481 0.2187 127 309
176-1-1-0.05-50-0 1 2400 2 29 147 2 0.8198 0.6728 167 177
176-1-1-0.05-50-0 1 2400 10 27 24 147 0.2533 0.0776 449 149
176-1-1-0.05-50-0 1 2401 10 27 24 147 0.2533 0.0776 449 149
176-1-1-0.05-50-0 1 2401 2 29 148 1 0.8198 0.6728 167 177
176-1-1-0.05-50-0 1 2401 40 38 63 1 0.9739 0.6163 104 270
176-1-1-0.05-50-0 1 2401 14 26 105 114 0.8451 0.8171 105 141
176-1-1-0.05-50-0 1 2401 14 7 105 84 0.8451 0.9267 105 106
176-1-1-0.05-50-0 1 2401 10 27 24 146 0.2533 0.0776 449 149
176-1-1-0.05-50-0 1 2401 1 50 17 1 0.2520 0.2147 409 147
176-1-1-0.05-50-0 1 2402 1 1 17 17 0.2520 0.2520 409 409
176-1-1-0.05-50-0 1 2402 1 8 16 8 0.2520 0.2506 409 303
176-1-1-0.05-50-0 1 2403 10 27 25 148 0.2533 0.0776 449 149
176-1-1-0.05-50-0 1 2403 14 14 98 98 0.8451 0.8451 105 105
176-1-1-0.05-50-0 1 2403 36 26 66 124 0.8162 0.8171 165 141
176-1-1-0.05-50-0 1 2403 36 26 66 123 0.8162 0.8171 165 141
176-1-1-0.05-50-0 1 2403 36 14 66 97 0.8162 0.8451 165 105
176-1-1-0.05-50-0 1 2403 14 43 96 93 0.8451 0.8316 105 123
176-1-1-0.05-50-0 1 2404 14 41 98 103 0.8451 0.9621 105 105
176-1-1-0.05-50-0 1 2404 10 27 25 149 0.2533 0.0776 449 149
176-1-1-0.05-50-0 1 2404 14 47 98 89 0.8451 0.9293 105 103
176-1-1-0.05-50-0 1 2404 36 37 65 28 0.8162 0.8481 165 127
176-1-1-0.05-50-0 1 2404 14 26 98 120 0.8451 0.8171 105 141
176-1-1-0.05-50-0 1 2404 36 2 65 160 0.8162 0.8198 165 167
176-1-1-0.05-50-0 1 2404 36 14 65 98 0.8162 0.8451 165 105
176-1-1-0.05-50-0 1 2405 36 26 66 126 0.8162 0.8171 165 141
176-1-1-0.05-50-0 1 2405 40 15 63 1 0.9739 0.7918 104 149
176-1-1-0.05-50-0 1 2405 36 14 66 99 0.8162 0.8451 165 105
176-1-1-0.05-50-0 1 2405 14 47 98 91 0.8451 0.9293 105 103
176-1-1-0.05-50-0 1 2405 14 2 98 161 0.8451 0.8198 105 167
176-1-1-0.05-50-0 1 2405 14 41 98 101 0.8451 0.9621 105 105
176-1-1-0.05-50-0 1 2405 10 27 24 147 0.2533 0.0776 449 149
176-1-1-0.05-50-0 1 2406 36 36 67 67 0.8162 0.8162 165 165
176-1-1-0.05-50-0 1 2406 14 14 94 94 0.8451 0.8451 105 105
176-1-1-0.05-50-0 1 2406 37 23 26 3 0.8481 0.1698 127 476
176-1-1-0.05-50-0 1 2406 14 13 93 139 0.8451 0.8878 105 151
176-1-1-0.05-50-0 1 2406 14 14 93 93 0.8451 0.8451 105 105
176-1-1-0.05-50-0 1 2406 14 43 92 94 0.8451 0.8316 105 123
176-1-1-0.05-50-0 1 2406 14 7 92 76 0.8451 0.9267 105 106
176-1-1-0.05-50-0 1 2407 14 14 94 94 0.8451 0.8451 105 105
176-1-1-0.05-50-0 1 2407 10 27 27 149 0.2533 0.0776 449 149
176-1-1-0.05-50-0 1 2407 36 26 66 122 0.8162 0.8171 165 141
176-1-1-0.05-50-0 1 2407 14 47 93 95 0.8451 0.9293 105 103
176-1-1-0.05-50-0 1 2407 10 27 27 148 0.2533 0.0776 449 149
176-1-1-0.05-50-0 1 2408 36 2 65 159 0.8162 0.8198 165 167
176-1-1-0.05-50-0 1 2408 36 36 65 65 0.8162 0.8162 165 165
176-1-1-0.05-50-0 1 2408 10 27 28 147 0.2533 0.0776 449 149
176-1-1-0.05-50-0 1 2408 36 26 64 124 0.8162 0.8171 165 141
176-1-1-0.05-50-0 1 2409 14 14 94 94 0.8451 0.8451 105 105
176-1-1-0.05-50-0 1 2409 14 41 93 103 0.8451 0.9621 105 105
176-1-1-0.05-50-0 1 2409 18 48 1 3 0.2181 0.1153 226 334
176-1-1-0.05-50-0 1 2410 14 2 95 156 0.8451 0.8198 105 167
176-1-1-0.05-50-0 1 2410 36 43 66 95 0.8162 0.8316 165 123
176-1-1-0.05-50-0 1 2410 14 37 95 27 0.8451 0.8481 105 127
176-1-1-0.05-50-0 1 2410 36 37 66 26 0.8162 0.8481 165 127
176-1-1-0.05-50-0 1 2410 14 7 95 78 0.8451 0.9267 105 106
176-1-1-0.05-50-0 1 2410 10 27 27 145 0.2533 0.0776 449 149
176-1-1-0.05-50-0 1 2411 34 27 1 148 0.7448 0.0776 168 149
176-1-1-0.05-50-0 1 2411 40 38 65 2 0.9739 0.6163 104 270
176-1-1-0.05-50-0 1 2411 14 7 92 73 0.8451 0.9267 105 106
176-1-1-0.05-50-0 1 2411 14 13 92 151 0.8451 0.8878 105 151
176-1-1-0.05-50-0 1 2411 1 10 15 28 0.2520 0.2533 409 449
176-1-1-0.05-50-0 1 2412 1 1 15 15 0.2520 0.2520 409 409
176-1-1-0.05-50-0 1 2412 34 27 1 149 0.7448 0.0776 168 149
176-1-1-0.05-50-0 1 2412 2 38 167 1 0.8198 0.6163 167 270
176-1-1-0.05-50-0 1 2412 1 1 14 14 0.2520 0.2520 409 409
176-1-1-0.05-50-0 1 2413 14 20 90 90 0.8451 0.9922 105 102
176-1-1-0.05-50-0 1 2413 14 41 90 92 0.8451 0.9621 105 105
176-1-1-0.05-50-0 1 2413 14 2 90 167 0.8451 0.8198 105 167
176-1-1-0.05-50-0 1 2413 14 26 90 126 0.8451 0.8171 105 141
176-1-1-0.05-50-0 1 2413 36 26 70 125 0.8162 0.8171 165 141
176-1-1-0.05-50-0 1 2413 36 2 70 166 0.8162 0.8198 165 167
176-1-1-0.05-50-0 1 2413 36 43 70 93 0.8162 0.8316 165 123
176-1-1-0.05-50-0 1 2413 36 43 70 92 0.8162 0.8316 165 123
176-1-1-0.05-50-0 1 2414 14 43 94 92 0.8451 0.8316 105 123
176-1-1-0.05-50-0 1 2414 36 26 71 121 0.8162 0.8171 165 141
176-1-1-0.05-50-0 1 2414 10 27 25 149 0.2533 0.0776 449 149
176-1-1-0.05-50-0 1 2414 36 26 71 120 0.8162 0.8171 165 141
176-1-1-0.05-50-0 1 2414 14 7 94 68 0.8451 0.9267 105 106
176-1-1-0.05-50-0 1 2414 14 26 94 119 0.8451 0.8171 105 141
176-1-1-0.05-50-0 1 2414 10 27 25 148 0.2533 0.0776 449 149
176-1-1-0.05-50-0 1 2415 36 2 72 165 0.8162 0.8198 165 167
176-1-1-0.05-50-0 1 2415 41 35 91 1 0.9621 0.0354 105 158
176-1-1-0.05-50-0 1 2415 41 4 91 2 0.9621 0.0723 105 351
176-1-1-0.05-50-0 1 2415 36 2 72 164 0.8162 0.8198 165 167
176-1-1-0.05-50-0 1 2416 14 20 96 96 0.8451 0.9922 105 102
176-1-1-0.05-50-0 1 2416 14 13 96 147 0.8451 0.8878 105 151
176-1-1-0.05-50-0 1 2416 36 2 74 159 0.8162 0.8198 165 167
176-1-1-0.05-50-0 1 2416 1 10 14 25 0.2520 0.2533 409 449
176-1-1-0.05-50-0 1 2416 36 36 74 74 0.8162 0.8162 165 165
176-1-1-0.05-50-0 1 2417 14 26 91 124 0.8451 0.8171 105 141
176-1-1-0.05-50-0 1 2417 36 2 72 167 0.8162 0.8198 165 167
176-1-1-0.05-50-0 1 2417 49 48 1 3 0.1842 0.1153 136 334
176-1-1-0.05-50-0 1 2417 36 2 72 166 0.8162 0.8198 165 167
176-1-1-0.05-50-0 1 2417 36 34 72 1 0.8162 0.7448 165 168
176-1-1-0.05-50-0 1 2417 10 27 25 149 0.2533 0.0776 449 149
176-1-1-0.05-50-0 1 2418 2 29 162 1 0.8198 0.6728 167 177
176-1-1-0.05-50-0 1 2418 36 2 70 162 0.8162 0.8198 165 167
176-1-1-0.05-50-0 1 2418 41 5 93 1 0.9621 0.0007 105 226
176-1-1-0.05-50-0 1 2419 36 14 73 95 0.8162 0.8451 165 105
176-1-1-0.05-50-0 1 2419 36 43 73 88 0.8162 0.8316 165 123
176-1-1-0.05-50-0 1 2419 14 41 94 96 0.8451 0.9621 105 105
176-1-1-0.05-50-0 1 2419 14 2 94 163 0.8451 0.8198 105 167
176-1-1-0.05-50-0 1 2420 14 26 92 125 0.8451 0.8171 105 141
176-1-1-0.05-50-0 1 2420 14 2 92 163 0.8451 0.8198 105 167
176-1-1-0.05-50-0 1 2420 41 4 96 1 0.9621 0.0723 105 351
176-1-1-0.05-50-0 1 2420 1 8 13 9 0.2520 0.2506 409 303
176-1-1-0.05-50-0 1 2420 14 25 92 82 0.8451 0.9430 105 125
176-1-1-0.05-50-0 1 2420 36 2 72 162 0.8162 0.8198 165 167
176-1-1-0.05-50-0 1 2420 36 43 72 88 0.8162 0.8316 165 123
176-1-1-0.05-50-0 1 2421 14 41 95 95 0.8451 0.9621 105 105
176-1-1-0.05-50-0 1 2421 36 26 74 125 0.8162 0.8171 165 141
176-1-1-0.05-50-0 1 2421 14 26 95 124 0.8451 0.8171 105 141
176-1-1-0.05-50-0 1 2421 36 26 74 123 0.8162 0.8171 165 141
176-1-1-0.05-50-0 1 2421 1 1 13 13 0.2520 0.2520 409 409
176-1-1-0.05-50-0 1 2422 14 26 98 117 0.8451 0.8171 105 141
176-1-1-0.05-50-0 1 2422 20 28 89 1 0.9922 0.3846 102 311
176-1-1-0.05-50-0 1 2422 43 49 89 3 0.8316 0.1842 123 136
176-1-1-0.05-50-0 1 2423 1 10 10 23 0.2520 0.2533 409 449
176-1-1-0.05-50-0 1 2423 36 2 74 167 0.8162 0.8198 165 167
176-1-1-0.05-50-0 1 2423 36 26 74 117 0.8162 0.8171 165 141
176-1-1-0.05-50-0 1 2423 36 26 74 116 0.8162 0.8171 165 141
176-1-1-0.05-50-0 1 2423 14 13 97 151 0.8451 0.8878 105 151
176-1-1-0.05-50-0 1 2423 36 2 74 166 0.8162 0.8198 165 167
176-1-1-0.05-50-0 1 2423 10 27 22 149 0.2533 0.0776 449 149
176-1-1-0.05-50-0 1 2423 2 6 165 1 0.8198 0.4266 167 249
176-1-1-0.05-50-0 1 2424 10 27 23 149 0.2533 0.0776 449 149
176-1-1-0.05-50-0 1 2424 36 43 73 92 0.8162 0.8316 165 123
176-1-1-0.05-50-0 1 2424 14 41 97 96 0.8451 0.9621 105 105
176-1-1-0.05-50-0 1 2425 36 26 79 108 0.8162 0.8171 165 141
176-1-1-0.05-50-0 1 2425 36 14 79 101 0.8162 0.8451 165 105
176-1-1-0.05-50-0 1 2425 36 26 79 107 0.8162 0.8171 165 141
176-1-1-0.05-50-0 1 2426 10 27 27 149 0.2533 0.0776 449 149
176-1-1-0.05-50-0 1 2426 14 40 105 70 0.8451 0.9739 105 104
176-1-1-0.05-50-0 1 2426 14 36 105 79 0.8451 0.8162 105 165
176-1-1-0.05-50-0 1 2427 1 10 10 27 0.2520 0.2533 409 449
176-1-1-0.05-50-0 1 2427 14 41 105 95 0.8451 0.9621 105 105
176-1-1-0.05-50-0 1 2427 14 26 105 114 0.8451 0.8171 105 141
176-1-1-0.05-50-0 1 2427 10 27 26 149 0.2533 0.0776 449 149
176-1-1-0.05-50-0 1 2427 36 14 85 105 0.8162 0.8451 165 105
176-1-1-0.05-50-0 1 2427 14 43 104 83 0.8451 0.8316 105 123
176-1-1-0.05-50-0 1 2427 36 26 85 113 0.8162 0.8171 165 141
176-1-1-0.05-50-0 1 2427 14 26 104 112 0.8451 0.8171 105 141
176-1-1-0.05-50-0 1 2428 14 36 105 88 0.8451 0.8162 105 165
176-1-1-0.05-50-0 1 2428 10 27 28 146 0.2533 0.0776 449 149
176-1-1-0.05-50-0 1 2428 36 2 87 167 0.8162 0.8198 165 167
176-1-1-0.05-50-0 1 2428 36 2 87 166 0.8162 0.8198 165 167
176-1-1-0.05-50-0 1 2428 36 14 87 105 0.8162 0.8451 165 105
176-1-1-0.05-50-0 1 2429 14 7 105 66 0.8451 0.9267 105 106
176-1-1-0.05-50-0 1 2429 14 13 105 141 0.8451 0.8878 105 151
176-1-1-0.05-50-0 1 2429 36 26 87 112 0.8162 0.8171 165 141
176-1-1-0.05-50-0 1 2429 36 37 87 28 0.8162 0.8481 165 127
176-1-1-0.05-50-0 1 2429 36 43 87 82 0.8162 0.8316 165 123
176-1-1-0.05-50-0 1 2430 36 36 90 90 0.8162 0.8162 165 165
176-1-1-0.05-50-0 1 2430 36 43 89 79 0.8162 0.8316 165 123
176-1-1-0.05-50-0 1 2430 14 36 105 89 0.8451 0.8162 105 165
176-1-1-0.05-50-0 1 2430 14 20 105 90 0.8451 0.9922 105 102
176-1-1-0.05-50-0 1 2431 14 2 100 167 0.8451 0.8198 105 167
176-1-1-0.05-50-0 1 2431 14 25 100 83 0.8451 0.9430 105 125
176-1-1-0.05-50-0 1 2431 14 20 100 89 0.8451 0.9922 105 102
176-1-1-0.05-50-0 1 2432 40 44 71 1 0.9739 0.7034 104 118
176-1-1-0.05-50-0 1 2432 14 2 101 167 0.8451 0.8198 105 167
176-1-1-0.05-50-0 1 2432 10 27 32 140 0.2533 0.0776 449 149
176-1-1-0.05-50-0 1 2432 36 2 89 166 0.8162 0.8198 165 167
176-1-1-0.05-50-0 1 2432 36 2 89 165 0.8162 0.8198 165 167
176-1-1-0.05-50-0 1 2432 36 43 89 81 0.8162 0.8316 165 123
176-1-1-0.05-50-0 1 2432 1 1 13 13 0.2520 0.2520 409 409
176-1-1-0.05-50-0 1 2433 14 2 102 164 0.8451 0.8198 105 167
176-1-1-0.05-50-0 1 2433 14 7 102 65 0.8451 0.9267 105 106
176-1-1-0.05-50-0 1 2433 14 36 102 89 0.8451 0.8162 105 165
176-1-1-0.05-50-0 1 2433 14 47 102 103 0.8451 0.9293 105 103
176-1-1-0.05-50-0 1 2433 36 2 88 163 0.8162 0.8198 165 167
176-1-1-0.05-50-0 1 2433 40 28 73 2 0.9739 0.3846 104 311
176-1-1-0.05-50-0 1 2433 1 10 12 31 0.2520 0.2533 409 449
176-1-1-0.05-50-0 1 2434 36 36 93 93 0.8162 0.8162 165 165
176-1-1-0.05-50-0 1 2434 26 28 111 1 0.8171 0.3846 141 311
176-1-1-0.05-50-0 1 2434 36 14 92 101 0.8162 0.8451 165 105
176-1-1-0.05-50-0 1 2434 14 13 100 151 0.8451 0.8878 105 151
176-1-1-0.05-50-0 1 2434 37 50 27 2 0.8481 0.2147 127 147
176-1-1-0.05-50-0 1 2435 36 36 93 93 0.8162 0.8162 165 165
176-1-1-0.05-50-0 1 2435 37 18 26 2 0.8481 0.2181 127 226
176-1-1-0.05-50-0 1 2435 14 2 105 160 0.8451 0.8198 105 167
176-1-1-0.05-50-0 1 2435 10 27 28 147 0.2533 0.0776 449 149
176-1-1-0.05-50-0 1 2435 36 43 92 82 0.8162 0.8316 165 123
176-1-1-0.05-50-0 1 2435 36 2 92 159 0.8162 0.8198 165 167
176-1-1-0.05-50-0 1 2435 14 47 105 102 0.8451 0.9293 105 103
176-1-1-0.05-50-0 1 2435 25 22 81 2 0.9430 0.0160 125 311
176-1-1-0.05-50-0 1 2436 14 26 105 112 0.8451 0.8171 105 141
176-1-1-0.05-50-0 1 2436 14 26 105 111 0.8451 0.8171 105 141
176-1-1-0.05-50-0 1 2436 14 26 105 110 0.8451 0.8171 105 141
176-1-1-0.05-50-0 1 2436 14 7 105 59 0.8451 0.9267 105 106
176-1-1-0.05-50-0 1 2436 14 2 105 158 0.8451 0.8198 105 167
176-1-1-0.05-50-0 1 2437 14 2 105 155 0.8451 0.8198 105 167
176-1-1-0.05-50-0 1 2437 14 2 105 154 0.8451 0.8198 105 167
176-1-1-0.05-50-0 1 2437 36 14 97 105 0.8162 0.8451 165 105
176-1-1-0.05-50-0 1 2437 1 10 15 30 0.2520 0.2533 409 449
176-1-1-0.05-50-0 1 2437 41 22 93 2 0.9621 0.0160 105 311
176-1-1-0.05-50-0 1 2437 14 47 104 100 0.8451 0.9293 105 103
176-1-1-0.05-50-0 1 2437 25 35 83 1 0.9430 0.0354 125 158
176-1-1-0.05-50-0 1 2437 14 7 104 59 0.8451 0.9267 105 106
176-1-1-0.05-50-0 1 2437 1 1 15 15 0.2520 0.2520 409 409
176-1-1-0.05-50-0 1 2438 10 27 29 149 0.2533 0.0776 449 149
176-1-1-0.05-50-0 1 2438 14 2 105 160 0.8451 0.8198 105 167
176-1-1-0.05-50-0 1 2438 37 48 27 4 0.8481 0.1153 127 334
176-1-1-0.05-50-0 1 2438 36 26 106 112 0.8162 0.8171 165 141
176-1-1-0.05-50-0 1 2438 41 5 95 1 0.9621 0.0007 105 226
176-1-1-0.05-50-0 1 2438 36 36 106 106 0.8162 0.8162 165 165
176-1-1-0.05-50-0 1 2438 10 27 29 148 0.2533 0.0776 449 149
176-1-1-0.05-50-0 1 2438 14 7 105 58 0.8451 0.9267 105 106
176-1-1-0.05-50-0 1 2438 14 2 105 159 0.8451 0.8198 105 167
176-1-1-0.05-50-0 1 2439 36 2 105 160 0.8162 0.8198 165 167
176-1-1-0.05-50-0 1 2439 25 22 84 1 0.9430 0.0160 125 311
176-1-1-0.05-50-0 1 2439 26 28 113 1 0.8171 0.3846 141 311
176-1-1-0.05-50-0 1 2439 36 26 105 113 0.8162 0.8171 165 141
176-1-1-0.05-50-0 1 2439 14 26 104 112 0.8451 0.8171 105 141
176-1-1-0.05-50-0 1 2439 36 2 105 159 0.8162 0.8198 165 167
176-1-1-0.05-50-0 1 2440 36 2 105 166 0.8162 0.8198 165 167
176-1-1-0.05-50-0 1 2440 36 37 105 27 0.8162 0.8481 165 127
176-1-1-0.05-50-0 1 2440 36 14 105 104 0.8162 0.8451 165 105
176-1-1-0.05-50-0 1 2441 36 43 109 84 0.8162 0.8316 165 123
176-1-1-0.05-50-0 1 2441 14 26 100 113 0.8451 0.8171 105 141
176-1-1-0.05-50-0 1 2441 14 47 100 103 0.8451 0.9293 105 103
176-1-1-0.05-50-0 1 2441 36 43 109 83 0.8162 0.8316 165 123
176-1-1-0.05-50-0 1 2441 36 36 109 109 0.8162 0.8162 165 165
176-1-1-0.05-50-0 1 2441 14 2 100 166 0.8451 0.8198 105 167
176-1-1-0.05-50-0 1 2441 36 36 108 108 0.8162 0.8162 165 165
176-1-1-0.05-50-0 1 2441 10 27 31 149 0.2533 0.0776 449 149
176-1-1-0.05-50-0 1 2441 14 40 100 78 0.8451 0.9739 105 104
176-1-1-0.05-50-0 1 2441 36 43 107 82 0.8162 0.8316 165 123
176-1-1-0.05-50-0 1 2442 36 26 108 111 0.8162 0.8171 165 141
176-1-1-0.05-50-0 1 2442 36 43 108 84 0.8162 0.8316 165 123
176-1-1-0.05-50-0 1 2442 36 36 108 108 0.8162 0.8162 165 165
176-1-1-0.05-50-0 1 2442 14 2 102 167 0.8451 0.8198 105 167
176-1-1-0.05-50-0 1 2442 37 23 26 1 0.8481 0.1698 127 476
176-1-1-0.05-50-0 1 2442 36 36 107 107 0.8162 0.8162 165 165
176-1-1-0.05-50-0 1 2443 36 2 107 166 0.8162 0.8198 165 167
176-1-1-0.05-50-0 1 2444 14 2 105 163 0.8451 0.8198 105 167
176-1-1-0.05-50-0 1 2444 48 27 2 149 0.1153 0.0776 334 149
176-1-1-0.05-50-0 1 2444 14 20 105 90 0.8451 0.9922 105 102
176-1-1-0.05-50-0 1 2444 10 27 34 148 0.2533 0.0776 449 149
176-1-1-0.05-50-0 1 2444 36 43 111 82 0.8162 0.8316 165 123
176-1-1-0.05-50-0 1 2444 40 3 74 1 0.9739 0.4813 104 321
176-1-1-0.05-50-0 1 2445 43 49 83 1 0.8316 0.1842 123 136
176-1-1-0.05-50-0 1 2445 14 47 105 101 0.8451 0.9293 105 103
176-1-1-0.05-50-0 1 2445 43 24 83 3 0.8316 0.1940 123 254
176-1-1-0.05-50-0 1 2445 37 18 27 1 0.8481 0.2181 127 226
176-1-1-0.05-50-0 1 2446 14 43 105 81 0.8451 0.8316 105 123
176-1-1-0.05-50-0 1 2446 1 10 11 36 0.2520 0.2533 409 449
176-1-1-0.05-50-0 1 2446 36 2 112 167 0.8162 0.8198 165 167
176-1-1-0.05-50-0 1 2447 36 36 114 114 0.8162 0.8162 165 165
176-1-1-0.05-50-0 1 2447 26 3 102 1 0.8171 0.4813 141 321
176-1-1-0.05-50-0 1 2447 36 2 113 166 0.8162 0.8198 165 167
176-1-1-0.05-50-0 1 2447 36 14 113 105 0.8162 0.8451 165 105
176-1-1-0.05-50-0 1 2447 14 2 104 165 0.8451 0.8198 105 167
176-1-1-0.05-50-0 1 2448 10 27 37 149 0.2533 0.0776 449 149
176-1-1-0.05-50-0 1 2448 36 36 116 116 0.8162 0.8162 165 165
176-1-1-0.05-50-0 1 2448 36 36 115 115 0.8162 0.8162 165 165
176-1-1-0.05-50-0 1 2448 10 27 37 148 0.2533 0.0776 449 149
176-1-1-0.05-50-0 1 2449 36 43 110 84 0.8162 0.8316 165 123
176-1-1-0.05-50-0 1 2449 36 2 110 162 0.8162 0.8198 165 167
176-1-1-0.05-50-0 1 2450 36 36 108 108 0.8162 0.8162 165 165
176-1-1-0.05-50-0 1 2450 14 20 105 77 0.8451 0.9922 105 102
176-1-1-0.05-50-0 1 2450 36 36 107 107 0.8162 0.8162 165 165
176-1-1-0.05-50-0 1 2450 14 41 105 105 0.8451 0.9621 105 105
176-1-1-0.05-50-0 1 2450 10 27 37 149 0.2533 0.0776 449 149
176-1-1-0.05-50-0 1 2451 36 36 105 105 0.8162 0.8162 165 165
176-1-1-0.05-50-0 1 2451 14 2 105 159 0.8451 0.8198 105 167
176-1-1-0.05-50-0 1 2451 36 14 104 105 0.8162 0.8451 165 105
176-1-1-0.05-50-0 1 2451 36 36 104 104 0.8162 0.8162 165 165
176-1-1-0.05-50-0 1 2451 36 26 103 103 0.8162 0.8171 165 141
176-1-1-0.05-50-0 1 2451 25 11 85 1 0.9430 0.0504 125 384
176-1-1-0.05-50-0 1 2451 10 27 41 146 0.2533 0.0776 449 149
176-1-1-0.05-50-0 1 2451 36 14 103 104 0.8162 0.8451 165 105
176-1-1-0.05-50-0 1 2451 1 10 15 41 0.2520 0.2533 409 449
176-1-1-0.05-50-0 1 2451 43 24 84 3 0.8316 0.1940 123 254
176-1-1-0.05-50-0 1 2452 14 7 102 51 0.8451 0.9267 105 106
176-1-1-0.05-50-0 1 2452 14 41 102 98 0.8451 0.9621 105 105
176-1-1-0.05-50-0 1 2452 1 1 15 15 0.2520 0.2520 409 409
176-1-1-0.05-50-0 1 2452 36 36 105 105 0.8162 0.8162 165 165
176-1-1-0.05-50-0 1 2452 43 24 86 2 0.8316 0.1940 123 254
176-1-1-0.05-50-0 1 2452 36 26 104 106 0.8162 0.8171 165 141
176-1-1-0.05-50-0 1 2453 1 10 13 43 0.2520 0.2533 409 449
176-1-1-0.05-50-0 1 2453 14 2 105 162 0.8451 0.8198 105 167
176-1-1-0.05-50-0 1 2453 36 2 101 161 0.8162 0.8198 165 167
176-1-1-0.05-50-0 1 2454 14 36 105 103 0.8451 0.8162 105 165
176-1-1-0.05-50-0 1 2454 36 43 102 82 0.8162 0.8316 165 123
176-1-1-0.05-50-0 1 2454 14 14 105 105 0.8451 0.8451 105 105
176-1-1-0.05-50-0 1 2454 14 2 104 165 0.8451 0.8198 105 167
176-1-1-0.05-50-0 1 2454 36 43 102 81 0.8162 0.8316 165 123
176-1-1-0.05-50-0 1 2454 14 14 104 104 0.8451 0.8451 105 105
176-1-1-0.05-50-0 1 2454 14 2 103 164 0.8451 0.8198 105 167
176-1-1-0.05-50-0 1 2454 10 27 41 149 0.2533 0.0776 449 149
176-1-1-0.05-50-0 1 2455 43 24 77 1 0.8316 0.1940 123 254
176-1-1-0.05-50-0 1 2455 36 37 99 33 0.8162 0.8481 165 127
176-1-1-0.05-50-0 1 2455 36 43 99 77 0.8162 0.8316 165 123
176-1-1-0.05-50-0 1 2455 10 27 42 149 0.2533 0.0776 449 149
176-1-1-0.05-50-0 1 2455 14 36 105 99 0.8451 0.8162 105 165
176-1-1-0.05-50-0 1 2456 14 36 105 95 0.8451 0.8162 105 165
176-1-1-0.05-50-0 1 2456 43 49 74 1 0.8316 0.1842 123 136
176-1-1-0.05-50-0 1 2456 36 2 94 167 0.8162 0.8198 165 167
176-1-1-0.05-50-0 1 2457 14 13 105 137 0.8451 0.8878 105 151
176-1-1-0.05-50-0 1 2457 36 36 98 98 0.8162 0.8162 165 165
176-1-1-0.05-50-0 1 2457 36 2 97 167 0.8162 0.8198 165 167
176-1-1-0.05-50-0 1 2457 36 2 97 166 0.8162 0.8198 165 167
176-1-1-0.05-50-0 1 2457 10 27 42 143 0.2533 0.0776 449 149
176-1-1-0.05-50-0 1 2457 36 43 97 75 0.8162 0.8316 165 123
176-1-1-0.05-50-0 1 2457 10 27 42 142 0.2533 0.0776 449 149
176-1-1-0.05-50-0 1 2457 14 36 105 97 0.8451 0.8162 105 165
176-1-1-0.05-50-0 1 2457 14 14 105 105 0.8451 0.8451 105 105
176-1-1-0.05-50-0 1 2457 36 26 96 114 0.8162 0.8171 165 141
176-1-1-0.05-50-0 1 2458 36 26 99 112 0.8162 0.8171 165 141
176-1-1-0.05-50-0 1 2458 14 36 102 99 0.8451 0.8162 105 165
176-1-1-0.05-50-0 1 2458 14 26 102 111 0.8451 0.8171 105 141
176-1-1-0.05-50-0 1 2459 14 43 102 74 0.8451 0.8316 105 123
176-1-1-0.05-50-0 1 2459 14 14 102 102 0.8451 0.8451 105 105
176-1-1-0.05-50-0 1 2459 14 14 101 101 0.8451 0.8451 105 105
176-1-1-0.05-50-0 1 2459 10 27 43 143 0.2533 0.0776 449 149
176-1-1-0.05-50-0 1 2460 14 36 100 98 0.8451 0.8162 105 165
176-1-1-0.05-50-0 1 2460 14 26 100 113 0.8451 0.8171 105 141
176-1-1-0.05-50-0 1 2460 14 7 100 60 0.8451 0.9267 105 106
176-1-1-0.05-50-0 1 2461 10 27 46 149 0.2533 0.0776 449 149
176-1-1-0.05-50-0 1 2461 14 25 101 93 0.8451 0.9430 105 125
176-1-1-0.05-50-0 1 2461 10 27 46 148 0.2533 0.0776 449 149
176-1-1-0.05-50-0 1 2461 10 27 46 147 0.2533 0.0776 449 149
176-1-1-0.05-50-0 1 2462 26 6 111 1 0.8171 0.4266 141 249
176-1-1-0.05-50-0 1 2462 1 10 15 47 0.2520 0.2533 409 449
176-1-1-0.05-50-0 1 2462 10 27 46 146 0.2533 0.0776 449 149
176-1-1-0.05-50-0 1 2462 10 27 46 145 0.2533 0.0776 449 149
176-1-1-0.05-50-0 1 2463 36 26 103 115 0.8162 0.8171 165 141
176-1-1-0.05-50-0 1 2463 36 36 103 103 0.8162 0.8162 165 165
176-1-1-0.05-50-0 1 2463 14 41 98 79 0.8451 0.9621 105 105
176-1-1-0.05-50-0 1 2463 36 2 102 166 0.8162 0.8198 165 167
176-1-1-0.05-50-0 1 2463 40 9 87 2 0.9739 0.6134 104 161
176-1-1-0.05-50-0 1 2464 14 47 97 98 0.8451 0.9293 105 103
176-1-1-0.05-50-0 1 2464 14 25 97 97 0.8451 0.9430 105 125
176-1-1-0.05-50-0 1 2464 36 43 98 70 0.8162 0.8316 165 123
176-1-1-0.05-50-0 1 2465 36 14 101 93 0.8162 0.8451 165 105
176-1-1-0.05-50-0 1 2465 37 23 45 2 0.8481 0.1698 127 476
176-1-1-0.05-50-0 1 2465 36 14 101 92 0.8162 0.8451 165 105
176-1-1-0.05-50-0 1 2466 10 27 48 149 0.2533 0.0776 449 149
176-1-1-0.05-50-0 1 2466 36 2 100 166 0.8162 0.8198 165 167
176-1-1-0.05-50-0 1 2466 14 2 91 165 0.8451 0.8198 105 167
176-1-1-0.05-50-0 1 2466 14 26 91 117 0.8451 0.8171 105 141
176-1-1-0.05-50-0 1 2467 37 39 43 1 0.8481 0.2187 127 309
176-1-1-0.05-50-0 1 2467 36 2 96 164 0.8162 0.8198 165 167
176-1-1-0.05-50-0 1 2467 36 14 96 91 0.8162 0.8451 165 105
176-1-1-0.05-50-0 1 2467 36 36 96 96 0.8162 0.8162 165 165
176-1-1-0.05-50-0 1 2467 36 14 95 90 0.8162 0.8451 165 105
176-1-1-0.05-50-0 1 2468 40 9 89 2 0.9739 0.6134 104 161
176-1-1-0.05-50-0 1 2468 36 36 94 94 0.8162 0.8162 165 165
176-1-1-0.05-50-0 1 2468 36 26 93 118 0.8162 0.8171 165 141
176-1-1-0.05-50-0 1 2468 10 27 48 148 0.2533 0.0776 449 149
176-1-1-0.05-50-0 1 2468 36 43 93 69 0.8162 0.8316 165 123
176-1-1-0.05-50-0 1 2468 10 27 48 147 0.2533 0.0776 449 149
176-1-1-0.05-50-0 1 2469 14 2 89 165 0.8451 0.8198 105 167
176-1-1-0.05-50-0 1 2469 1 10 14 49 0.2520 0.2533 409 449
176-1-1-0.05-50-0 1 2469 36 43 96 71 0.8162 0.8316 165 123
176-1-1-0.05-50-0 1 2469 10 27 48 149 0.2533 0.0776 449 149
176-1-1-0.05-50-0 1 2469 14 2 89 164 0.8451 0.8198 105 167
176-1-1-0.05-50-0 1 2469 36 14 96 89 0.8162 0.8451 165 105
176-1-1-0.05-50-0 1 2469 40 28 89 1 0.9739 0.3846 104 311
176-1-1-0.05-50-0 1 2469 14 14 88 88 0.8451 0.8451 105 105
176-1-1-0.05-50-0 1 2470 20 9 75 1 0.9922 0.6134 102 161
176-1-1-0.05-50-0 1 2470 36 26 97 123 0.8162 0.8171 165 141
176-1-1-0.05-50-0 1 2470 36 14 97 86 0.8162 0.8451 165 105
176-1-1-0.05-50-0 1 2470 10 27 48 149 0.2533 0.0776 449 149
176-1-1-0.05-50-0 1 2470 10 27 48 148 0.2533 0.0776 449 149
176-1-1-0.05-50-0 1 2471 10 27 49 148 0.2533 0.0776 449 149
176-1-1-0.05-50-0 1 2471 10 27 49 147 0.2533 0.0776 449 149
176-1-1-0.05-50-0 1 2471 1 8 15 17 0.2520 0.2506 409 303
176-1-1-0.05-50-0 1 2471 36 37 99 47 0.8162 0.8481 165 127
176-1-1-0.05-50-0 1 2471 36 43 99 75 0.8162 0.8316 165 123
176-1-1-0.05-50-0 1 2472 14 47 91 99 0.8451 0.9293 105 103
176-1-1-0.05-50-0 1 2472 14 47 91 98 0.8451 0.9293 105 103
176-1-1-0.05-50-0 1 2472 1 10 16 49 0.2520 0.2533 409 449
176-1-1-0.05-50-0 1 2472 10 27 48 149 0.2533 0.0776 449 149
176-1-1-0.05-50-0 1 2472 14 37 91 46 0.8451 0.8481 105 127
176-1-1-0.05-50-0 1 2472 36 26 99 124 0.8162 0.8171 165 141
176-1-1-0.05-50-0 1 2473 1 10 18 51 0.2520 0.2533 409 449
176-1-1-0.05-50-0 1 2473 14 2 91 167 0.8451 0.8198 105 167
176-1-1-0.05-50-0 1 2473 36 43 98 74 0.8162 0.8316 165 123
176-1-1-0.05-50-0 1 2474 36 2 99 167 0.8162 0.8198 165 167
176-1-1-0.05-50-0 1 2474 36 36 99 99 0.8162 0.8162 165 165
176-1-1-0.05-50-0 1 2474 36 14 98 91 0.8162 0.8451 165 105
176-1-1-0.05-50-0 1 2474 36 2 98 166 0.8162 0.8198 165 167
176-1-1-0.05-50-0 1 2475 36 2 96 167 0.8162 0.8198 165 167
176-1-1-0.05-50-0 1 2475 14 2 96 166 0.8451 0.8198 105 167
176-1-1-0.05-50-0 1 2475 1 10 18 48 0.2520 0.2533 409 449
176-1-1-0.05-50-0 1 2475 14 41 96 81 0.8451 0.9621 105 105
176-1-1-0.05-50-0 1 2475 36 26 96 131 0.8162 0.8171 165 141
176-1-1-0.05-50-0 1 2475 14 26 96 130 0.8451 0.8171 105 141
176-1-1-0.05-50-0 1 2475 14 37 96 50 0.8451 0.8481 105 127
176-1-1-0.05-50-0 1 2475 14 13 96 144 0.8451 0.8878 105 151
176-1-1-0.05-50-0 1 2475 36 2 96 165 0.8162 0.8198 165 167
176-1-1-0.05-50-0 1 2475 10 27 47 149 0.2533 0.0776 449 149
176-1-1-0.05-50-0 1 2476 43 24 74 1 0.8316 0.1940 123 254
176-1-1-0.05-50-0 1 2476 14 13 100 144 0.8451 0.8878 105 151
176-1-1-0.05-50-0 1 2476 36 37 95 49 0.8162 0.8481 165 127
176-1-1-0.05-50-0 1 2476 10 27 48 149 0.2533 0.0776 449 149
176-1-1-0.05-50-0 1 2476 14 26 100 124 0.8451 0.8171 105 141
176-1-1-0.05-50-0 1 2476 1 10 20 48 0.2520 0.2533 409 449
176-1-1-0.05-50-0 1 2476 10 27 47 148 0.2533 0.0776 449 149
176-1-1-0.05-50-0 1 2476 37 23 48 5 0.8481 0.1698 127 476
176-1-1-0.05-50-0 1 2476 10 27 47 147 0.2533 0.0776 449 149
176-1-1-0.05-50-0 1 2477 14 40 98 104 0.8451 0.9739 105 104
176-1-1-0.05-50-0 1 2477 14 40 98 103 0.8451 0.9739 105 104
176-1-1-0.05-50-0 1 2477 14 14 98 98 0.8451 0.8451 105 105
176-1-1-0.05-50-0 1 2477 36 26 95 125 0.8162 0.8171 165 141
176-1-1-0.05-50-0 1 2477 10 27 49 147 0.2533 0.0776 449 149
176-1-1-0.05-50-0 1 2478 36 2 97 167 0.8162 0.8198 165 167
176-1-1-0.05-50-0 1 2478 10 27 49 144 0.2533 0.0776 449 149
176-1-1-0.05-50-0 1 2478 14 2 90 166 0.8451 0.8198 105 167
176-1-1-0.05-50-0 1 2478 10 27 49 143 0.2533 0.0776 449 149
176-1-1-0.05-50-0 1 2478 37 23 51 4 0.8481 0.1698 127 476
176-1-1-0.05-50-0 1 2478 10 27 49 142 0.2533 0.0776 449 149
176-1-1-0.05-50-0 1 2478 36 14 97 90 0.8162 0.8451 165 105
176-1-1-0.05-50-0 1 2478 14 41 89 85 0.8451 0.9621 105 105
176-1-1-0.05-50-0 1 2478 25 11 107 1 0.9430 0.0504 125 384
176-1-1-0.05-50-0 1 2478 14 7 89 62 0.8451 0.9267 105 106
176-1-1-0.05-50-0 1 2479 14 26 93 132 0.8451 0.8171 105 141
176-1-1-0.05-50-0 1 2479 36 43 95 71 0.8162 0.8316 165 123
176-1-1-0.05-50-0 1 2479 10 27 52 143 0.2533 0.0776 449 149
176-1-1-0.05-50-0 1 2479 1 10 23 52 0.2520 0.2533 409 449
176-1-1-0.05-50-0 1 2479 10 27 51 142 0.2533 0.0776 449 149
176-1-1-0.05-50-0 1 2479 25 22 107 1 0.9430 0.0160 125 311
176-1-1-0.05-50-0 1 2479 10 27 51 141 0.2533 0.0776 449 149
176-1-1-0.05-50-0 1 2480 14 2 92 162 0.8451 0.8198 105 167
176-1-1-0.05-50-0 1 2480 10 27 52 144 0.2533 0.0776 449 149
176-1-1-0.05-50-0 1 2480 36 43 94 66 0.8162 0.8316 165 123
176-1-1-0.05-50-0 1 2480 14 13 92 149 0.8451 0.8878 105 151
176-1-1-0.05-50-0 1 2481 14 13 89 148 0.8451 0.8878 105 151
176-1-1-0.05-50-0 1 2481 10 27 52 149 0.2533 0.0776 449 149
176-1-1-0.05-50-0 1 2481 14 43 89 66 0.8451 0.8316 105 123
176-1-1-0.05-50-0 1 2482 36 2 96 167 0.8162 0.8198 165 167
176-1-1-0.05-50-0 1 2482 36 43 96 66 0.8162 0.8316 165 123
176-1-1-0.05-50-0 1 2482 36 43 96 65 0.8162 0.8316 165 123
176-1-1-0.05-50-0 1 2482 37 23 58 2 0.8481 0.1698 127 476
176-1-1-0.05-50-0 1 2482 36 2 96 166 0.8162 0.8198 165 167
176-1-1-0.05-50-0 1 2483 1 10 23 57 0.2520 0.2533 409 449
176-1-1-0.05-50-0 1 2483 1 10 23 56 0.2520 0.2533 409 449
176-1-1-0.05-50-0 1 2483 10 27 55 149 0.2533 0.0776 449 149
176-1-1-0.05-50-0 1 2483 1 8 23 14 0.2520 0.2506 409 303
176-1-1-0.05-50-0 1 2483 36 26 93 130 0.8162 0.8171 165 141
176-1-1-0.05-50-0 1 2483 14 43 86 66 0.8451 0.8316 105 123
176-1-1-0.05-50-0 1 2484 10 27 53 145 0.2533 0.0776 449 149
176-1-1-0.05-50-0 1 2484 36 26 94 133 0.8162 0.8171 165 141
176-1-1-0.05-50-0 1 2484 36 43 94 62 0.8162 0.8316 165 123
176-1-1-0.05-50-0 1 2485 14 26 89 132 0.8451 0.8171 105 141
176-1-1-0.05-50-0 1 2485 14 40 89 100 0.8451 0.9739 105 104
176-1-1-0.05-50-0 1 2485 14 37 89 63 0.8451 0.8481 105 127
176-1-1-0.05-50-0 1 2485 36 2 96 167 0.8162 0.8198 165 167
176-1-1-0.05-50-0 1 2486 37 23 64 2 0.8481 0.1698 127 476
176-1-1-0.05-50-0 1 2486 14 25 92 117 0.8451 0.9430 105 125
176-1-1-0.05-50-0 1 2487 36 36 104 104 0.8162 0.8162 165 165
176-1-1-0.05-50-0 1 2487 37 23 64 2 0.8481 0.1698 127 476
176-1-1-0.05-50-0 1 2487 40 34 103 2 0.9739 0.7448 104 168
176-1-1-0.05-50-0 1 2487 36 2 103 167 0.8162 0.8198 165 167
176-1-1-0.05-50-0 1 2487 36 37 103 64 0.8162 0.8481 165 127
176-1-1-0.05-50-0 1 2487 14 36 91 103 0.8451 0.8162 105 165
176-1-1-0.05-50-0 1 2488 1 1 26 26 0.2520 0.2520 409 409
176-1-1-0.05-50-0 1 2488 36 14 103 91 0.8162 0.8451 165 105
176-1-1-0.05-50-0 1 2488 36 2 103 166 0.8162 0.8198 165 167
176-1-1-0.05-50-0 1 2488 10 27 52 149 0.2533 0.0776 449 149
176-1-1-0.05-50-0 1 2488 14 13 90 148 0.8451 0.8878 105 151
176-1-1-0.05-50-0 1 2488 36 26 103 133 0.8162 0.8171 165 141
176-1-1-0.05-50-0 1 2488 14 14 90 90 0.8451 0.8451 105 105
176-1-1-0.05-50-0 1 2488 1 10 25 52 0.2520 0.2533 409 449
176-1-1-0.05-50-0 1 2488 36 26 103 132 0.8162 0.8171 165 141
176-1-1-0.05-50-0 1 2489 10 27 49 144 0.2533 0.0776 449 149
176-1-1-0.05-50-0 1 2489 10 27 49 143 0.2533 0.0776 449 149
176-1-1-0.05-50-0 1 2489 36 36 100 100 0.8162 0.8162 165 165
176-1-1-0.05-50-0 1 2489 2 32 157 1 0.8198 0.6514 167 215
176-1-1-0.05-50-0 1 2489 14 26 89 127 0.8451 0.8171 105 141
176-1-1-0.05-50-0 1 2489 36 26 99 126 0.8162 0.8171 165 141
176-1-1-0.05-50-0 1 2490 10 27 49 142 0.2533 0.0776 449 149
176-1-1-0.05-50-0 1 2490 25 22 111 1 0.9430 0.0160 125 311
176-1-1-0.05-50-0 1 2490 36 2 102 153 0.8162 0.8198 165 167
176-1-1-0.05-50-0 1 2490 36 2 102 152 0.8162 0.8198 165 167
176-1-1-0.05-50-0 1 2490 1 1 25 25 0.2520 0.2520 409 409
176-1-1-0.05-50-0 1 2490 36 37 102 63 0.8162 0.8481 165 127
176-1-1-0.05-50-0 1 2491 36 2 100 153 0.8162 0.8198 165 167
176-1-1-0.05-50-0 1 2491 14 13 87 138 0.8451 0.8878 105 151
176-1-1-0.05-50-0 1 2491 36 37 100 67 0.8162 0.8481 165 127
176-1-1-0.05-50-0 1 2491 14 36 87 100 0.8451 0.8162 105 165
176-1-1-0.05-50-0 1 2491 14 25 87 110 0.8451 0.9430 105 125
176-1-1-0.05-50-0 1 2491 14 41 87 91 0.8451 0.9621 105 105
176-1-1-0.05-50-0 1 2492 1 10 24 53 0.2520 0.2533 409 449
176-1-1-0.05-50-0 1 2492 14 37 88 64 0.8451 0.8481 105 127
176-1-1-0.05-50-0 1 2492 10 27 52 135 0.2533 0.0776 449 149
176-1-1-0.05-50-0 1 2492 1 10 24 52 0.2520 0.2533 409 449
176-1-1-0.05-50-0 1 2492 10 27 51 134 0.2533 0.0776 449 149
176-1-1-0.05-50-0 1 2493 36 37 100 62 0.8162 0.8481 165 127
176-1-1-0.05-50-0 1 2493 36 37 100 61 0.8162 0.8481 165 127
176-1-1-0.05-50-0 1 2493 14 14 90 90 0.8451 0.8451 105 105
176-1-1-0.05-50-0 1 2493 40 34 94 2 0.9739 0.7448 104 168
176-1-1-0.05-50-0 1 2493 14 40 89 94 0.8451 0.9739 105 104
176-1-1-0.05-50-0 1 2493 40 33 93 1 0.9739 0.6893 104 191
176-1-1-0.05-50-0 1 2493 36 2 100 153 0.8162 0.8198 165 167
176-1-1-0.05-50-0 1 2493 36 2 100 152 0.8162 0.8198 165 167
176-1-1-0.05-50-0 1 2494 14 36 89 104 0.8451 0.8162 105 165
176-1-1-0.05-50-0 1 2494 36 26 103 126 0.8162 0.8171 165 141
176-1-1-0.05-50-0 1 2494 36 14 103 89 0.8162 0.8451 165 105
176-1-1-0.05-50-0 1 2494 1 10 24 53 0.2520 0.2533 409 449
176-1-1-0.05-50-0 1 2495 36 26 102 125 0.8162 0.8171 165 141
176-1-1-0.05-50-0 1 2495 1 10 24 50 0.2520 0.2533 409 449
176-1-1-0.05-50-0 1 2495 1 1 24 24 0.2520 0.2520 409 409
176-1-1-0.05-50-0 1 2495 36 37 102 66 0.8162 0.8481 165 127
176-1-1-0.05-50-0 1 2495 10 27 49 142 0.2533 0.0776 449 149
176-1-1-0.05-50-0 1 2495 10 27 49 141 0.2533 0.0776 449 149
176-1-1-0.05-50-0 1 2496 25 11 100 1 0.9430 0.0504 125 384
176-1-1-0.05-50-0 1 2496 40 34 95 1 0.9739 0.7448 104 168
176-1-1-0.05-50-0 1 2496 36 26 100 129 0.8162 0.8171 165 141
176-1-1-0.05-50-0 1 2496 1 10 22 50 0.2520 0.2533 409 449
176-1-1-0.05-50-0 1 2496 36 36 100 100 0.8162 0.8162 165 165
176-1-1-0.05-50-0 1 2497 43 49 78 2 0.8316 0.1842 123 136
176-1-1-0.05-50-0 1 2497 36 36 102 102 0.8162 0.8162 165 165
176-1-1-0.05-50-0 1 2497 14 26 88 129 0.8451 0.8171 105 141
176-1-1-0.05-50-0 1 2497 36 14 101 88 0.8162 0.8451 165 105
176-1-1-0.05-50-0 1 2497 10 27 50 140 0.2533 0.0776 449 149
176-1-1-0.05-50-0 1 2498 10 27 51 144 0.2533 0.0776 449 149
176-1-1-0.05-50-0 1 2498 25 22 100 1 0.9430 0.0160 125 311
176-1-1-0.05-50-0 1 2498 36 14 103 86 0.8162 0.8451 165 105
176-1-1-0.05-50-0 1 2498 36 36 103 103 0.8162 0.8162 165 165
176-1-1-0.05-50-0 1 2498 10 27 51 143 0.2533 0.0776 449 149
176-1-1-0.05-50-0 1 2498 1 1 22 22 0.2520 0.2520 409 409
176-1-1-0.05-50-0 1 2499 14 40 83 98 0.8451 0.9739 105 104
176-1-1-0.05-50-0 1 2499 36 2 103 162 0.8162 0.8198 165 167
176-1-1-0.05-50-0 1 2499 36 26 103 134 0.8162 0.8171 165 141
176-1-1-0.05-50-0 1 2499 36 2 103 161 0.8162 0.8198 165 167
176-1-1-0.05-50-0 1 2499 36 37 103 61 0.8162 0.8481 165 127
176-1-1-0.05-50-0 1 2499 10 27 47 142 0.2533 0.0776 449 149
176-1-1-0.05-50-0 1 2499 14 40 83 97 0.8451 0.9739 105 104
176-1-1-0.05-50-0 1 2499 36 2 103 160 0.8162 0.8198 165 167
176-1-1-0.05-50-0 1 2500 36 26 102 138 0.8162 0.8171 165 141
176-1-1-0.05-50-0 1 2500 36 2 102 164 0.8162 0.8198 165 167
176-1-1-0.05-50-0 1 2500 14 36 83 102 0.8451 0.8162 105 165
176-1-1-0.05-50-0 1 2500 36 36 101 101 0.8162 0.8162 165 165
176-1-1-0.05-50-0 1 2500 36 14 100 83 0.8162 0.8451 165 105
