183-0-1-0.05-50-0 0 2302 8 50 1 12 0.2506 0.2147 303 147
183-0-1-0.05-50-0 0 2302 33 4 1 20 0.6893 0.0723 191 351
183-0-1-0.05-50-0 0 2303 50 30 10 5 0.2147 0.6008 147 266
183-0-1-0.05-50-0 0 2303 50 37 10 6 0.2147 0.8481 147 127
183-0-1-0.05-50-0 0 2304 7 30 3 4 0.9267 0.6008 106 266
183-0-1-0.05-50-0 0 2304 50 50 10 10 0.2147 0.2147 147 147
183-0-1-0.05-50-0 0 2305 4 4 22 22 0.0723 0.0723 351 351
183-0-1-0.05-50-0 0 2305 7 14 3 8 0.9267 0.8451 106 105
183-0-1-0.05-50-0 0 2306 18 24 4 8 0.2181 0.1940 226 254
183-0-1-0.05-50-0 0 2306 37 29 7 1 0.8481 0.6728 127 177
183-0-1-0.05-50-0 0 2307 24 8 7 1 0.1940 0.2506 254 303
183-0-1-0.05-50-0 0 2307 26 4 9 20 0.8171 0.0723 141 351
183-0-1-0.05-50-0 0 2308 18 4 5 18 0.2181 0.0723 226 351
183-0-1-0.05-50-0 0 2308 46 12 3 11 0.3451 0.1896 327 325
183-0-1-0.05-50-0 0 2309 23 26 1 9 0.1698 0.8171 476 141
183-0-1-0.05-50-0 0 2309 4 44 17 2 0.0723 0.7034 351 118
183-0-1-0.05-50-0 0 2310 49 1 5 1 0.1842 0.2520 136 409
183-0-1-0.05-50-0 0 2310 12 26 11 9 0.1896 0.8171 325 141
183-0-1-0.05-50-0 0 2311 3 12 12 10 0.4813 0.1896 321 325
183-0-1-0.05-50-0 0 2311 33 37 1 8 0.6893 0.8481 191 127
183-0-1-0.05-50-0 0 2312 20 3 6 12 0.9922 0.4813 102 321
183-0-1-0.05-50-0 0 2312 28 4 1 19 0.3846 0.0723 311 351
183-0-1-0.05-50-0 0 2313 9 28 1 1 0.6134 0.3846 161 311
183-0-1-0.05-50-0 0 2313 18 30 6 2 0.2181 0.6008 226 266
183-0-1-0.05-50-0 0 2314 4 24 17 6 0.0723 0.1940 351 254
183-0-1-0.05-50-0 0 2314 16 37 2 7 0.2228 0.8481 149 127
183-0-1-0.05-50-0 0 2315 26 20 10 8 0.8171 0.9922 141 102
183-0-1-0.05-50-0 0 2315 12 45 9 2 0.1896 0.3816 325 173
183-0-1-0.05-50-0 0 2316 14 45 5 1 0.8451 0.3816 105 173
183-0-1-0.05-50-0 0 2316 24 26 6 11 0.1940 0.8171 254 141
183-0-1-0.05-50-0 0 2317 14 4 5 15 0.8451 0.0723 105 351
183-0-1-0.05-50-0 0 2317 26 26 10 10 0.8171 0.8171 141 141
183-0-1-0.05-50-0 0 2318 37 20 9 7 0.8481 0.9922 127 102
183-0-1-0.05-50-0 0 2318 7 4 4 15 0.9267 0.0723 106 351
183-0-1-0.05-50-0 0 2319 7 23 4 1 0.9267 0.1698 106 476
183-0-1-0.05-50-0 0 2319 20 3 5 10 0.9922 0.4813 102 321
183-0-1-0.05-50-0 0 2320 3 18 9 5 0.4813 0.2181 321 226
183-0-1-0.05-50-0 0 2320 34 4 7 16 0.7448 0.0723 168 351
183-0-1-0.05-50-0 0 2321 37 26 11 8 0.8481 0.8171 127 141
183-0-1-0.05-50-0 0 2321 46 14 4 5 0.3451 0.8451 327 105
183-0-1-0.05-50-0 0 2322 4 34 14 7 0.0723 0.7448 351 168
183-0-1-0.05-50-0 0 2322 11 34 3 6 0.0504 0.7448 384 168
183-0-1-0.05-50-0 0 2323 13 34 3 6 0.8878 0.7448 151 168
183-0-1-0.05-50-0 0 2323 7 18 2 6 0.9267 0.2181 106 226
183-0-1-0.05-50-0 0 2324 3 34 9 5 0.4813 0.7448 321 168
183-0-1-0.05-50-0 0 2324 24 37 6 10 0.1940 0.8481 254 127
183-0-1-0.05-50-0 0 2325 3 26 9 5 0.4813 0.8171 321 141
183-0-1-0.05-50-0 0 2325 26 3 4 9 0.8171 0.4813 141 321
183-0-1-0.05-50-0 0 2326 5 16 3 3 0.0007 0.2228 226 149
183-0-1-0.05-50-0 0 2326 12 13 10 3 0.1896 0.8878 325 151
183-0-1-0.05-50-0 0 2327 11 37 4 10 0.0504 0.8481 384 127
183-0-1-0.05-50-0 0 2327 35 26 1 3 0.0354 0.8171 158 141
183-0-1-0.05-50-0 0 2328 5 4 3 18 0.0007 0.0723 226 351
183-0-1-0.05-50-0 0 2328 4 18 17 5 0.0723 0.2181 351 226
183-0-1-0.05-50-0 0 2329 37 38 11 3 0.8481 0.6163 127 270
183-0-1-0.05-50-0 0 2329 4 49 17 7 0.0723 0.1842 351 136
183-0-1-0.05-50-0 0 2330 37 4 11 16 0.8481 0.0723 127 351
183-0-1-0.05-50-0 0 2330 12 48 11 8 0.1896 0.1153 325 334
183-0-1-0.05-50-0 0 2331 20 49 5 7 0.9922 0.1842 102 136
183-0-1-0.05-50-0 0 2331 27 5 3 3 0.0776 0.0007 149 226
183-0-1-0.05-50-0 0 2332 14 37 5 11 0.8451 0.8481 105 127
183-0-1-0.05-50-0 0 2332 46 49 6 7 0.3451 0.1842 327 136
183-0-1-0.05-50-0 0 2333 4 46 17 6 0.0723 0.3451 351 327
183-0-1-0.05-50-0 0 2333 3 12 10 9 0.4813 0.1896 321 325
183-0-1-0.05-50-0 0 2334 19 3 3 10 0.8072 0.4813 134 321
183-0-1-0.05-50-0 0 2334 12 35 10 2 0.1896 0.0354 325 158
183-0-1-0.05-50-0 0 2335 14 5 4 3 0.8451 0.0007 105 226
183-0-1-0.05-50-0 0 2335 3 26 9 2 0.4813 0.8171 321 141
183-0-1-0.05-50-0 0 2336 37 14 11 5 0.8481 0.8451 127 105
183-0-1-0.05-50-0 0 2336 37 6 11 7 0.8481 0.4266 127 249
183-0-1-0.05-50-0 0 2337 49 20 11 5 0.1842 0.9922 136 102
183-0-1-0.05-50-0 0 2337 4 34 16 6 0.0723 0.7448 351 168
183-0-1-0.05-50-0 0 2338 6 37 5 11 0.4266 0.8481 249 127
183-0-1-0.05-50-0 0 2338 18 11 7 4 0.2181 0.0504 226 384
183-0-1-0.05-50-0 0 2339 37 46 10 7 0.8481 0.3451 127 327
183-0-1-0.05-50-0 0 2339 19 14 3 4 0.8072 0.8451 134 105
183-0-1-0.05-50-0 0 2340 34 48 6 15 0.7448 0.1153 168 334
183-0-1-0.05-50-0 0 2340 34 37 6 12 0.7448 0.8481 168 127
183-0-1-0.05-50-0 0 2341 48 46 15 6 0.1153 0.3451 334 327
183-0-1-0.05-50-0 0 2341 48 46 15 5 0.1153 0.3451 334 327
183-0-1-0.05-50-0 0 2342 48 11 14 2 0.1153 0.0504 334 384
183-0-1-0.05-50-0 0 2342 4 3 19 9 0.0723 0.4813 351 321
183-0-1-0.05-50-0 0 2343 24 12 6 9 0.1940 0.1896 254 325
183-0-1-0.05-50-0 0 2343 4 49 19 11 0.0723 0.1842 351 136
183-0-1-0.05-50-0 0 2344 37 12 11 9 0.8481 0.1896 127 325
183-0-1-0.05-50-0 0 2344 18 48 9 15 0.2181 0.1153 226 334
183-0-1-0.05-50-0 0 2345 24 48 5 15 0.1940 0.1153 254 334
183-0-1-0.05-50-0 0 2345 37 24 10 5 0.8481 0.1940 127 254
183-0-1-0.05-50-0 0 2345 3 49 9 10 0.4813 0.1842 321 136
183-0-1-0.05-50-0 0 2346 18 16 10 2 0.2181 0.2228 226 149
183-0-1-0.05-50-0 0 2346 20 18 6 10 0.9922 0.2181 102 226
183-0-1-0.05-50-0 0 2347 8 49 2 8 0.2506 0.1842 303 136
183-0-1-0.05-50-0 0 2347 13 48 7 14 0.8878 0.1153 151 334
183-0-1-0.05-50-0 0 2348 12 38 8 4 0.1896 0.6163 325 270
183-0-1-0.05-50-0 0 2348 13 4 7 19 0.8878 0.0723 151 351
183-0-1-0.05-50-0 0 2349 4 20 18 5 0.0723 0.9922 351 102
183-0-1-0.05-50-0 0 2349 6 50 8 5 0.4266 0.2147 249 147
183-0-1-0.05-50-0 0 2350 12 37 7 12 0.1896 0.8481 325 127
183-0-1-0.05-50-0 0 2350 14 34 5 7 0.8451 0.7448 105 168
183-0-1-0.05-50-0 0 2351 4 37 18 13 0.0723 0.8481 351 127
183-0-1-0.05-50-0 0 2351 37 19 12 6 0.8481 0.8072 127 134
183-0-1-0.05-50-0 0 2352 18 3 12 8 0.2181 0.4813 226 321
183-0-1-0.05-50-0 0 2352 14 13 5 5 0.8451 0.8878 105 151
183-0-1-0.05-50-0 0 2353 8 49 2 7 0.2506 0.1842 303 136
183-0-1-0.05-50-0 0 2353 34 12 5 8 0.7448 0.1896 168 325
183-0-1-0.05-50-0 0 2354 14 7 4 3 0.8451 0.9267 105 106
183-0-1-0.05-50-0 0 2354 49 20 7 4 0.1842 0.9922 136 102
183-0-1-0.05-50-0 0 2355 19 18 8 12 0.8072 0.2181 134 226
183-0-1-0.05-50-0 0 2355 12 37 8 11 0.1896 0.8481 325 127
183-0-1-0.05-50-0 0 2356 48 18 10 11 0.1153 0.2181 334 226
183-0-1-0.05-50-0 0 2356 34 19 5 9 0.7448 0.8072 168 134
183-0-1-0.05-50-0 0 2357 12 19 9 8 0.1896 0.8072 325 134
183-0-1-0.05-50-0 0 2357 37 18 12 10 0.8481 0.2181 127 226
183-0-1-0.05-50-0 0 2358 4 4 15 15 0.0723 0.0723 351 351
183-0-1-0.05-50-0 0 2358 34 19 6 7 0.7448 0.8072 168 134
183-0-1-0.05-50-0 0 2359 37 19 12 6 0.8481 0.8072 127 134
183-0-1-0.05-50-0 0 2359 34 46 6 4 0.7448 0.3451 168 327
183-0-1-0.05-50-0 0 2360 50 39 10 1 0.2147 0.2187 147 309
183-0-1-0.05-50-0 0 2360 13 37 5 13 0.8878 0.8481 151 127
183-0-1-0.05-50-0 0 2361 50 50 10 10 0.2147 0.2147 147 147
183-0-1-0.05-50-0 0 2361 6 24 5 10 0.4266 0.1940 249 254
183-0-1-0.05-50-0 0 2362 22 48 1 10 0.0160 0.1153 311 334
183-0-1-0.05-50-0 0 2362 12 50 8 8 0.1896 0.2147 325 147
183-0-1-0.05-50-0 0 2363 48 37 9 12 0.1153 0.8481 334 127
183-0-1-0.05-50-0 0 2363 27 37 6 11 0.0776 0.8481 149 127
183-0-1-0.05-50-0 0 2364 7 18 2 15 0.9267 0.2181 106 226
183-0-1-0.05-50-0 0 2364 24 42 11 1 0.1940 0.7447 254 106
183-0-1-0.05-50-0 0 2365 18 18 14 14 0.2181 0.2181 226 226
183-0-1-0.05-50-0 0 2365 4 37 12 11 0.0723 0.8481 351 127
183-0-1-0.05-50-0 0 2366 48 3 8 10 0.1153 0.4813 334 321
183-0-1-0.05-50-0 0 2366 38 49 4 7 0.6163 0.1842 270 136
183-0-1-0.05-50-0 0 2367 12 19 12 4 0.1896 0.8072 325 134
183-0-1-0.05-50-0 0 2367 12 50 12 6 0.1896 0.2147 325 147
183-0-1-0.05-50-0 0 2368 24 4 11 12 0.1940 0.0723 254 351
183-0-1-0.05-50-0 0 2368 33 37 2 9 0.6893 0.8481 191 127
183-0-1-0.05-50-0 0 2369 18 39 14 1 0.2181 0.2187 226 309
183-0-1-0.05-50-0 0 2369 37 3 8 10 0.8481 0.4813 127 321
183-0-1-0.05-50-0 0 2370 18 14 13 5 0.2181 0.8451 226 105
183-0-1-0.05-50-0 0 2370 4 24 12 9 0.0723 0.1940 351 254
183-0-1-0.05-50-0 0 2371 3 50 8 4 0.4813 0.2147 321 147
183-0-1-0.05-50-0 0 2371 37 13 8 3 0.8481 0.8878 127 151
183-0-1-0.05-50-0 0 2372 20 23 9 1 0.9922 0.1698 102 476
183-0-1-0.05-50-0 0 2372 27 20 7 9 0.0776 0.9922 149 102
183-0-1-0.05-50-0 0 2373 3 27 7 7 0.4813 0.0776 321 149
183-0-1-0.05-50-0 0 2373 27 12 6 13 0.0776 0.1896 149 325
183-0-1-0.05-50-0 0 2374 37 20 8 8 0.8481 0.9922 127 102
183-0-1-0.05-50-0 0 2374 3 48 7 11 0.4813 0.1153 321 334
183-0-1-0.05-50-0 0 2375 12 50 13 3 0.1896 0.2147 325 147
183-0-1-0.05-50-0 0 2375 11 3 3 8 0.0504 0.4813 384 321
183-0-1-0.05-50-0 0 2376 34 4 7 14 0.7448 0.0723 168 351
183-0-1-0.05-50-0 0 2376 27 34 7 7 0.0776 0.7448 149 168
183-0-1-0.05-50-0 0 2377 49 4 6 13 0.1842 0.0723 136 351
183-0-1-0.05-50-0 0 2377 20 49 9 6 0.9922 0.1842 102 136
183-0-1-0.05-50-0 0 2378 18 3 19 9 0.2181 0.4813 226 321
183-0-1-0.05-50-0 0 2378 18 3 19 8 0.2181 0.4813 226 321
183-0-1-0.05-50-0 0 2379 18 18 19 19 0.2181 0.2181 226 226
183-0-1-0.05-50-0 0 2379 27 37 7 6 0.0776 0.8481 149 127
183-0-1-0.05-50-0 0 2380 12 20 12 9 0.1896 0.9922 325 102
183-0-1-0.05-50-0 0 2380 38 18 4 18 0.6163 0.2181 270 226
183-0-1-0.05-50-0 0 2381 6 24 4 7 0.4266 0.1940 249 254
183-0-1-0.05-50-0 0 2381 13 18 1 18 0.8878 0.2181 151 226
183-0-1-0.05-50-0 0 2382 46 4 4 18 0.3451 0.0723 327 351
183-0-1-0.05-50-0 0 2382 12 50 13 2 0.1896 0.2147 325 147
183-0-1-0.05-50-0 0 2383 20 6 8 5 0.9922 0.4266 102 249
183-0-1-0.05-50-0 0 2383 4 30 18 2 0.0723 0.6008 351 266
183-0-1-0.05-50-0 0 2384 24 49 8 4 0.1940 0.1842 254 136
183-0-1-0.05-50-0 0 2384 4 48 18 8 0.0723 0.1153 351 334
183-0-1-0.05-50-0 0 2385 4 4 18 18 0.0723 0.0723 351 351
183-0-1-0.05-50-0 0 2385 8 42 2 1 0.2506 0.7447 303 106
183-0-1-0.05-50-0 0 2385 13 24 1 9 0.8878 0.1940 151 254
183-0-1-0.05-50-0 0 2386 46 18 5 21 0.3451 0.2181 327 226
183-0-1-0.05-50-0 0 2386 11 26 3 2 0.0504 0.8171 384 141
183-0-1-0.05-50-0 0 2386 27 24 6 9 0.0776 0.1940 149 254
183-0-1-0.05-50-0 0 2387 47 12 5 10 0.9293 0.1896 103 325
183-0-1-0.05-50-0 0 2387 4 12 19 9 0.0723 0.1896 351 325
183-0-1-0.05-50-0 0 2387 3 46 11 4 0.4813 0.3451 321 327
183-0-1-0.05-50-0 0 2388 22 47 2 3 0.0160 0.9293 311 103
183-0-1-0.05-50-0 0 2388 46 38 3 5 0.3451 0.6163 327 270
183-0-1-0.05-50-0 0 2388 18 14 24 4 0.2181 0.8451 226 105
183-0-1-0.05-50-0 0 2389 48 49 5 2 0.1153 0.1842 334 136
183-0-1-0.05-50-0 0 2389 3 4 11 22 0.4813 0.0723 321 351
183-0-1-0.05-50-0 0 2389 18 46 26 3 0.2181 0.3451 226 327
183-0-1-0.05-50-0 0 2390 27 4 8 19 0.0776 0.0723 149 351
183-0-1-0.05-50-0 0 2390 19 38 4 3 0.8072 0.6163 134 270
183-0-1-0.05-50-0 0 2390 18 18 26 26 0.2181 0.2181 226 226
183-0-1-0.05-50-0 0 2391 24 24 10 10 0.1940 0.1940 254 254
183-0-1-0.05-50-0 0 2391 46 22 2 3 0.3451 0.0160 327 311
183-0-1-0.05-50-0 0 2391 24 38 9 2 0.1940 0.6163 254 270
183-0-1-0.05-50-0 0 2392 18 34 26 5 0.2181 0.7448 226 168
183-0-1-0.05-50-0 0 2392 19 18 3 26 0.8072 0.2181 134 226
183-0-1-0.05-50-0 0 2392 48 12 6 8 0.1153 0.1896 334 325
183-0-1-0.05-50-0 0 2393 20 5 12 5 0.9922 0.0007 102 226
183-0-1-0.05-50-0 0 2393 48 18 6 25 0.1153 0.2181 334 226
183-0-1-0.05-50-0 0 2393 18 34 24 4 0.2181 0.7448 226 168
183-0-1-0.05-50-0 0 2394 11 14 7 4 0.0504 0.8451 384 105
183-0-1-0.05-50-0 0 2394 24 8 10 3 0.1940 0.2506 254 303
183-0-1-0.05-50-0 0 2394 18 12 26 7 0.2181 0.1896 226 325
183-0-1-0.05-50-0 0 2395 34 18 3 28 0.7448 0.2181 168 226
183-0-1-0.05-50-0 0 2395 7 12 3 6 0.9267 0.1896 106 325
183-0-1-0.05-50-0 0 2395 48 3 6 13 0.1153 0.4813 334 321
183-0-1-0.05-50-0 0 2396 46 24 3 9 0.3451 0.1940 327 254
183-0-1-0.05-50-0 0 2396 27 5 12 4 0.0776 0.0007 149 226
183-0-1-0.05-50-0 0 2396 18 4 28 18 0.2181 0.0723 226 351
183-0-1-0.05-50-0 0 2397 6 19 4 2 0.4266 0.8072 249 134
183-0-1-0.05-50-0 0 2397 24 18 8 24 0.1940 0.2181 254 226
183-0-1-0.05-50-0 0 2397 47 7 1 3 0.9293 0.9267 103 106
183-0-1-0.05-50-0 0 2398 5 17 4 1 0.0007 0.6398 226 197
183-0-1-0.05-50-0 0 2398 4 3 18 12 0.0723 0.4813 351 321
183-0-1-0.05-50-0 0 2398 25 4 1 18 0.9430 0.0723 125 351
183-0-1-0.05-50-0 0 2399 3 4 11 16 0.4813 0.0723 321 351
183-0-1-0.05-50-0 0 2399 12 18 6 23 0.1896 0.2181 325 226
183-0-1-0.05-50-0 0 2399 27 15 13 1 0.0776 0.7918 149 149
183-0-1-0.05-50-0 0 2400 20 30 13 4 0.9922 0.6008 102 266
183-0-1-0.05-50-0 0 2400 18 34 21 5 0.2181 0.7448 226 168
183-0-1-0.05-50-0 0 2400 3 38 11 2 0.4813 0.6163 321 270
183-0-1-0.05-50-0 0 2401 3 20 11 13 0.4813 0.9922 321 102
183-0-1-0.05-50-0 0 2401 47 20 2 12 0.9293 0.9922 103 102
183-0-1-0.05-50-0 0 2401 18 18 22 22 0.2181 0.2181 226 226
183-0-1-0.05-50-0 0 2402 18 18 24 24 0.2181 0.2181 226 226
183-0-1-0.05-50-0 0 2402 3 34 11 4 0.4813 0.7448 321 168
183-0-1-0.05-50-0 0 2402 18 48 23 5 0.2181 0.1153 226 334
183-0-1-0.05-50-0 0 2403 34 14 3 5 0.7448 0.8451 168 105
183-0-1-0.05-50-0 0 2403 27 48 10 5 0.0776 0.1153 149 334
183-0-1-0.05-50-0 0 2404 3 8 12 4 0.4813 0.2506 321 303
183-0-1-0.05-50-0 0 2404 27 28 9 2 0.0776 0.3846 149 311
183-0-1-0.05-50-0 0 2405 5 18 4 24 0.0007 0.2181 226 226
183-0-1-0.05-50-0 0 2405 34 3 3 14 0.7448 0.4813 168 321
183-0-1-0.05-50-0 0 2405 3 24 13 4 0.4813 0.1940 321 254
183-0-1-0.05-50-0 0 2406 11 26 9 1 0.0504 0.8171 384 141
183-0-1-0.05-50-0 0 2406 34 22 3 2 0.7448 0.0160 168 311
183-0-1-0.05-50-0 0 2407 48 5 4 4 0.1153 0.0007 334 226
183-0-1-0.05-50-0 0 2407 6 48 6 4 0.4266 0.1153 249 334
183-0-1-0.05-50-0 0 2407 18 37 24 7 0.2181 0.8481 226 127
183-0-1-0.05-50-0 0 2408 50 18 2 26 0.2147 0.2181 147 226
183-0-1-0.05-50-0 0 2408 18 24 25 3 0.2181 0.1940 226 254
183-0-1-0.05-50-0 0 2408 6 18 5 25 0.4266 0.2181 249 226
183-0-1-0.05-50-0 0 2409 4 4 17 17 0.0723 0.0723 351 351
183-0-1-0.05-50-0 0 2409 14 30 4 5 0.8451 0.6008 105 266
183-0-1-0.05-50-0 0 2409 18 7 23 2 0.2181 0.9267 226 106
183-0-1-0.05-50-0 0 2410 4 3 15 13 0.0723 0.4813 351 321
183-0-1-0.05-50-0 0 2410 12 20 7 8 0.1896 0.9922 325 102
183-0-1-0.05-50-0 0 2411 37 4 5 14 0.8481 0.0723 127 351
183-0-1-0.05-50-0 0 2411 18 11 24 10 0.2181 0.0504 226 384
183-0-1-0.05-50-0 0 2412 20 18 7 24 0.9922 0.2181 102 226
183-0-1-0.05-50-0 0 2412 27 12 13 7 0.0776 0.1896 149 325
183-0-1-0.05-50-0 0 2412 8 18 2 23 0.2506 0.2181 303 226
183-0-1-0.05-50-0 0 2413 12 3 7 14 0.1896 0.4813 325 321
183-0-1-0.05-50-0 0 2413 18 4 22 13 0.2181 0.0723 226 351
183-0-1-0.05-50-0 0 2413 18 18 22 22 0.2181 0.2181 226 226
183-0-1-0.05-50-0 0 2414 8 3 2 13 0.2506 0.4813 303 321
183-0-1-0.05-50-0 0 2414 37 12 9 7 0.8481 0.1896 127 325
183-0-1-0.05-50-0 0 2414 3 20 12 8 0.4813 0.9922 321 102
183-0-1-0.05-50-0 0 2415 25 10 2 1 0.9430 0.2533 125 449
183-0-1-0.05-50-0 0 2415 3 37 12 10 0.4813 0.8481 321 127
183-0-1-0.05-50-0 0 2415 6 11 5 9 0.4266 0.0504 249 384
183-0-1-0.05-50-0 0 2416 7 18 2 22 0.9267 0.2181 106 226
183-0-1-0.05-50-0 0 2416 20 4 7 13 0.9922 0.0723 102 351
183-0-1-0.05-50-0 0 2416 46 14 6 3 0.3451 0.8451 327 105
183-0-1-0.05-50-0 0 2417 43 40 1 5 0.8316 0.9739 123 104
183-0-1-0.05-50-0 0 2417 33 18 5 21 0.6893 0.2181 191 226
183-0-1-0.05-50-0 0 2417 25 12 2 6 0.9430 0.1896 125 325
183-0-1-0.05-50-0 0 2418 27 3 13 14 0.0776 0.4813 149 321
183-0-1-0.05-50-0 0 2418 48 50 5 3 0.1153 0.2147 334 147
183-0-1-0.05-50-0 0 2418 3 33 13 5 0.4813 0.6893 321 191
183-0-1-0.05-50-0 0 2419 20 18 8 18 0.9922 0.2181 102 226
183-0-1-0.05-50-0 0 2419 18 48 17 5 0.2181 0.1153 226 334
183-0-1-0.05-50-0 0 2419 18 18 17 17 0.2181 0.2181 226 226
183-0-1-0.05-50-0 0 2420 40 18 4 15 0.9739 0.2181 104 226
183-0-1-0.05-50-0 0 2420 27 4 13 12 0.0776 0.0723 149 351
183-0-1-0.05-50-0 0 2421 37 3 9 13 0.8481 0.4813 127 321
183-0-1-0.05-50-0 0 2421 37 20 9 8 0.8481 0.9922 127 102
183-0-1-0.05-50-0 0 2422 4 40 12 4 0.0723 0.9739 351 104
183-0-1-0.05-50-0 0 2422 18 27 15 13 0.2181 0.0776 226 149
183-0-1-0.05-50-0 0 2423 4 11 11 10 0.0723 0.0504 351 384
183-0-1-0.05-50-0 0 2423 18 20 16 6 0.2181 0.9922 226 102
183-0-1-0.05-50-0 0 2424 34 6 4 6 0.7448 0.4266 168 249
183-0-1-0.05-50-0 0 2424 28 5 1 5 0.3846 0.0007 311 226
183-0-1-0.05-50-0 0 2425 4 14 10 2 0.0723 0.8451 351 105
183-0-1-0.05-50-0 0 2425 14 27 1 13 0.8451 0.0776 105 149
183-0-1-0.05-50-0 0 2426 48 37 3 7 0.1153 0.8481 334 127
183-0-1-0.05-50-0 0 2426 18 9 16 1 0.2181 0.6134 226 161
183-0-1-0.05-50-0 0 2427 43 5 2 5 0.8316 0.0007 123 226
183-0-1-0.05-50-0 0 2427 3 27 10 12 0.4813 0.0776 321 149
183-0-1-0.05-50-0 0 2428 3 31 10 1 0.4813 0.5626 321 252
183-0-1-0.05-50-0 0 2428 6 27 6 10 0.4266 0.0776 249 149
183-0-1-0.05-50-0 0 2429 18 27 17 11 0.2181 0.0776 226 149
183-0-1-0.05-50-0 0 2429 48 24 4 1 0.1153 0.1940 334 254
183-0-1-0.05-50-0 0 2430 14 30 2 5 0.8451 0.6008 105 266
183-0-1-0.05-50-0 0 2430 3 7 9 4 0.4813 0.9267 321 106
183-0-1-0.05-50-0 0 2431 3 46 9 7 0.4813 0.3451 321 327
183-0-1-0.05-50-0 0 2431 7 46 3 6 0.9267 0.3451 106 327
183-0-1-0.05-50-0 0 2432 21 36 2 2 0.4184 0.8162 158 165
183-0-1-0.05-50-0 0 2432 33 7 3 3 0.6893 0.9267 191 106
183-0-1-0.05-50-0 0 2433 4 40 10 3 0.0723 0.9739 351 104
183-0-1-0.05-50-0 0 2433 3 6 10 5 0.4813 0.4266 321 249
183-0-1-0.05-50-0 0 2434 8 4 1 9 0.2506 0.0723 303 351
183-0-1-0.05-50-0 0 2434 11 3 12 10 0.0504 0.4813 384 321
183-0-1-0.05-50-0 0 2435 6 18 3 19 0.4266 0.2181 249 226
183-0-1-0.05-50-0 0 2435 11 4 11 8 0.0504 0.0723 384 351
183-0-1-0.05-50-0 0 2436 27 3 10 10 0.0776 0.4813 149 321
183-0-1-0.05-50-0 0 2436 4 37 9 7 0.0723 0.8481 351 127
183-0-1-0.05-50-0 0 2437 18 14 19 1 0.2181 0.8451 226 105
183-0-1-0.05-50-0 0 2437 23 3 1 10 0.1698 0.4813 476 321
183-0-1-0.05-50-0 0 2438 20 36 4 2 0.9922 0.8162 102 165
183-0-1-0.05-50-0 0 2438 18 37 20 6 0.2181 0.8481 226 127
183-0-1-0.05-50-0 0 2439 2 27 2 10 0.8198 0.0776 167 149
183-0-1-0.05-50-0 0 2439 6 18 4 22 0.4266 0.2181 249 226
183-0-1-0.05-50-0 0 2440 29 11 1 11 0.6728 0.0504 177 384
183-0-1-0.05-50-0 0 2440 18 3 21 9 0.2181 0.4813 226 321
183-0-1-0.05-50-0 0 2441 4 11 8 10 0.0723 0.0504 351 384
183-0-1-0.05-50-0 0 2441 47 11 4 9 0.9293 0.0504 103 384
183-0-1-0.05-50-0 0 2442 27 34 11 1 0.0776 0.7448 149 168
183-0-1-0.05-50-0 0 2442 46 50 5 4 0.3451 0.2147 327 147
183-0-1-0.05-50-0 0 2443 37 18 5 22 0.8481 0.2181 127 226
183-0-1-0.05-50-0 0 2443 18 18 21 21 0.2181 0.2181 226 226
183-0-1-0.05-50-0 0 2444 18 6 20 5 0.2181 0.4266 226 249
183-0-1-0.05-50-0 0 2444 23 30 1 8 0.1698 0.6008 476 266
183-0-1-0.05-50-0 0 2445 11 18 10 20 0.0504 0.2181 384 226
183-0-1-0.05-50-0 0 2445 23 11 1 10 0.1698 0.0504 476 384
183-0-1-0.05-50-0 0 2446 27 46 10 4 0.0776 0.3451 149 327
183-0-1-0.05-50-0 0 2446 4 4 8 8 0.0723 0.0723 351 351
183-0-1-0.05-50-0 0 2447 11 17 9 3 0.0504 0.6398 384 197
183-0-1-0.05-50-0 0 2447 12 29 4 1 0.1896 0.6728 325 177
183-0-1-0.05-50-0 0 2448 41 11 1 10 0.9621 0.0504 105 384
183-0-1-0.05-50-0 0 2448 18 46 23 3 0.2181 0.3451 226 327
183-0-1-0.05-50-0 0 2449 18 18 23 23 0.2181 0.2181 226 226
183-0-1-0.05-50-0 0 2449 2 3 2 8 0.8198 0.4813 167 321
183-0-1-0.05-50-0 0 2450 27 16 11 2 0.0776 0.2228 149 149
183-0-1-0.05-50-0 0 2450 17 8 2 3 0.6398 0.2506 197 303
183-0-1-0.05-50-0 0 2451 50 18 2 24 0.2147 0.2181 147 226
183-0-1-0.05-50-0 0 2451 7 7 4 4 0.9267 0.9267 106 106
183-0-1-0.05-50-0 0 2452 3 18 7 23 0.4813 0.2181 321 226
183-0-1-0.05-50-0 0 2452 6 47 5 1 0.4266 0.9293 249 103
183-0-1-0.05-50-0 0 2453 50 30 2 9 0.2147 0.6008 147 266
183-0-1-0.05-50-0 0 2453 16 4 1 8 0.2228 0.0723 149 351
183-0-1-0.05-50-0 0 2454 18 12 23 7 0.2181 0.1896 226 325
183-0-1-0.05-50-0 0 2454 18 12 23 6 0.2181 0.1896 226 325
183-0-1-0.05-50-0 0 2455 50 3 2 8 0.2147 0.4813 147 321
183-0-1-0.05-50-0 0 2455 27 27 6 6 0.0776 0.0776 149 149
183-0-1-0.05-50-0 0 2456 12 50 4 2 0.1896 0.2147 325 147
183-0-1-0.05-50-0 0 2456 18 25 21 6 0.2181 0.9430 226 125
183-0-1-0.05-50-0 0 2457 27 18 6 22 0.0776 0.2181 149 226
183-0-1-0.05-50-0 0 2457 44 18 1 21 0.7034 0.2181 118 226
183-0-1-0.05-50-0 0 2458 20 18 7 20 0.9922 0.2181 102 226
183-0-1-0.05-50-0 0 2458 5 5 5 5 0.0007 0.0007 226 226
183-0-1-0.05-50-0 0 2459 4 3 9 6 0.0723 0.4813 351 321
183-0-1-0.05-50-0 0 2459 29 18 1 20 0.6728 0.2181 177 226
183-0-1-0.05-50-0 0 2460 5 30 4 7 0.0007 0.6008 226 266
183-0-1-0.05-50-0 0 2460 18 18 20 20 0.2181 0.2181 226 226
183-0-1-0.05-50-0 0 2461 37 30 6 7 0.8481 0.6008 127 266
183-0-1-0.05-50-0 0 2461 33 6 5 7 0.6893 0.4266 191 249
183-0-1-0.05-50-0 0 2462 11 34 10 2 0.0504 0.7448 384 168
183-0-1-0.05-50-0 0 2462 16 33 1 5 0.2228 0.6893 149 191
183-0-1-0.05-50-0 0 2463 4 37 10 5 0.0723 0.8481 351 127
183-0-1-0.05-50-0 0 2463 11 18 10 22 0.0504 0.2181 384 226
183-0-1-0.05-50-0 0 2464 5 48 4 6 0.0007 0.1153 226 334
183-0-1-0.05-50-0 0 2464 24 33 3 5 0.1940 0.6893 254 191
183-0-1-0.05-50-0 0 2465 48 40 4 5 0.1153 0.9739 334 104
183-0-1-0.05-50-0 0 2465 48 44 4 1 0.1153 0.7034 334 118
183-0-1-0.05-50-0 0 2466 37 4 6 11 0.8481 0.0723 127 351
183-0-1-0.05-50-0 0 2466 6 27 7 6 0.4266 0.0776 249 149
183-0-1-0.05-50-0 0 2467 11 27 11 5 0.0504 0.0776 384 149
183-0-1-0.05-50-0 0 2467 16 5 2 3 0.2228 0.0007 149 226
183-0-1-0.05-50-0 0 2468 18 4 21 10 0.2181 0.0723 226 351
183-0-1-0.05-50-0 0 2468 18 4 21 9 0.2181 0.0723 226 351
183-0-1-0.05-50-0 0 2469 20 7 7 5 0.9922 0.9267 102 106
183-0-1-0.05-50-0 0 2469 1 30 2 6 0.2520 0.6008 409 266
183-0-1-0.05-50-0 0 2470 18 20 23 7 0.2181 0.9922 226 102
183-0-1-0.05-50-0 0 2470 11 27 12 5 0.0504 0.0776 384 149
183-0-1-0.05-50-0 0 2471 27 43 4 6 0.0776 0.8316 149 123
183-0-1-0.05-50-0 0 2471 30 12 6 3 0.6008 0.1896 266 325
183-0-1-0.05-50-0 0 2472 22 28 4 2 0.0160 0.3846 311 311
183-0-1-0.05-50-0 0 2472 33 26 3 2 0.6893 0.8171 191 141
183-0-1-0.05-50-0 0 2473 37 30 5 6 0.8481 0.6008 127 266
183-0-1-0.05-50-0 0 2473 6 18 8 25 0.4266 0.2181 249 226
183-0-1-0.05-50-0 0 2474 18 33 23 4 0.2181 0.6893 226 191
183-0-1-0.05-50-0 0 2474 30 18 4 23 0.6008 0.2181 266 226
183-0-1-0.05-50-0 0 2475 23 4 3 11 0.1698 0.0723 476 351
183-0-1-0.05-50-0 0 2475 4 43 10 7 0.0723 0.8316 351 123
183-0-1-0.05-50-0 0 2476 40 21 2 4 0.9739 0.4184 104 158
183-0-1-0.05-50-0 0 2476 3 33 11 5 0.4813 0.6893 321 191
183-0-1-0.05-50-0 0 2477 16 18 3 25 0.2228 0.2181 149 226
183-0-1-0.05-50-0 0 2477 27 16 2 3 0.0776 0.2228 149 149
183-0-1-0.05-50-0 0 2478 16 4 2 9 0.2228 0.0723 149 351
183-0-1-0.05-50-0 0 2478 21 18 3 23 0.4184 0.2181 158 226
183-0-1-0.05-50-0 0 2479 4 27 8 3 0.0723 0.0776 351 149
183-0-1-0.05-50-0 0 2479 18 23 23 3 0.2181 0.1698 226 476
183-0-1-0.05-50-0 0 2480 5 40 3 3 0.0007 0.9739 226 104
183-0-1-0.05-50-0 0 2480 22 22 5 5 0.0160 0.0160 311 311
183-0-1-0.05-50-0 0 2481 18 7 25 3 0.2181 0.9267 226 106
183-0-1-0.05-50-0 0 2481 11 11 16 16 0.0504 0.0504 384 384
183-0-1-0.05-50-0 0 2482 20 6 6 8 0.9922 0.4266 102 249
183-0-1-0.05-50-0 0 2482 11 6 15 7 0.0504 0.4266 384 249
183-0-1-0.05-50-0 0 2483 18 3 24 10 0.2181 0.4813 226 321
183-0-1-0.05-50-0 0 2483 20 6 6 6 0.9922 0.4266 102 249
183-0-1-0.05-50-0 0 2484 18 6 26 6 0.2181 0.4266 226 249
183-0-1-0.05-50-0 0 2484 11 25 15 2 0.0504 0.9430 384 125
183-0-1-0.05-50-0 0 2485 33 12 3 6 0.6893 0.1896 191 325
183-0-1-0.05-50-0 0 2485 4 34 10 3 0.0723 0.7448 351 168
183-0-1-0.05-50-0 0 2486 18 43 27 6 0.2181 0.8316 226 123
183-0-1-0.05-50-0 0 2486 18 11 27 16 0.2181 0.0504 226 384
183-0-1-0.05-50-0 0 2487 36 26 4 1 0.8162 0.8171 165 141
183-0-1-0.05-50-0 0 2487 4 3 11 10 0.0723 0.4813 351 321
183-0-1-0.05-50-0 0 2488 18 43 24 5 0.2181 0.8316 226 123
183-0-1-0.05-50-0 0 2488 33 3 5 9 0.6893 0.4813 191 321
183-0-1-0.05-50-0 0 2488 11 18 18 24 0.0504 0.2181 384 226
183-0-1-0.05-50-0 0 2489 39 18 1 24 0.2187 0.2181 309 226
183-0-1-0.05-50-0 0 2489 11 11 18 18 0.0504 0.0504 384 384
183-0-1-0.05-50-0 0 2490 36 37 4 10 0.8162 0.8481 165 127
183-0-1-0.05-50-0 0 2490 10 18 1 23 0.2533 0.2181 449 226
183-0-1-0.05-50-0 0 2491 34 4 2 10 0.7448 0.0723 168 351
183-0-1-0.05-50-0 0 2491 33 20 4 6 0.6893 0.9922 191 102
183-0-1-0.05-50-0 0 2492 30 18 7 24 0.6008 0.2181 266 226
183-0-1-0.05-50-0 0 2492 4 11 8 19 0.0723 0.0504 351 384
183-0-1-0.05-50-0 0 2493 18 24 24 11 0.2181 0.1940 226 254
183-0-1-0.05-50-0 0 2493 18 46 24 1 0.2181 0.3451 226 327
183-0-1-0.05-50-0 0 2493 30 11 7 20 0.6008 0.0504 266 384
183-0-1-0.05-50-0 0 2494 25 18 1 25 0.9430 0.2181 125 226
183-0-1-0.05-50-0 0 2494 6 22 9 4 0.4266 0.0160 249 311
183-0-1-0.05-50-0 0 2494 37 11 9 19 0.8481 0.0504 127 384
183-0-1-0.05-50-0 0 2495 18 20 23 9 0.2181 0.9922 226 102
183-0-1-0.05-50-0 0 2495 39 18 1 23 0.2187 0.2181 309 226
183-0-1-0.05-50-0 0 2495 18 11 22 19 0.2181 0.0504 226 384
183-0-1-0.05-50-0 0 2496 20 3 9 6 0.9922 0.4813 102 321
183-0-1-0.05-50-0 0 2496 2 18 3 23 0.8198 0.2181 167 226
183-0-1-0.05-50-0 0 2496 18 6 22 10 0.2181 0.4266 226 249
183-0-1-0.05-50-0 0 2497 43 2 8 3 0.8316 0.8198 123 167
183-0-1-0.05-50-0 0 2497 8 36 2 4 0.2506 0.8162 303 165
183-0-1-0.05-50-0 0 2498 11 27 16 2 0.0504 0.0776 384 149
183-0-1-0.05-50-0 0 2498 39 18 1 23 0.2187 0.2181 309 226
183-0-1-0.05-50-0 0 2499 18 24 21 13 0.2181 0.1940 226 254
183-0-1-0.05-50-0 0 2499 20 18 10 21 0.9922 0.2181 102 226
183-0-1-0.05-50-0 0 2500 3 11 4 19 0.4813 0.0504 321 384
183-0-1-0.05-50-0 0 2500 43 20 6 10 0.8316 0.9922 123 102
