186-0-1-0.05-50-0 0 2302 6 44 1 23 0.4266 0.7034 249 118
186-0-1-0.05-50-0 0 2302 10 44 4 22 0.2533 0.7034 449 118
186-0-1-0.05-50-0 0 2303 40 12 2 6 0.9739 0.1896 104 325
186-0-1-0.05-50-0 0 2303 28 13 4 3 0.3846 0.8878 311 151
186-0-1-0.05-50-0 0 2304 12 40 6 2 0.1896 0.9739 325 104
186-0-1-0.05-50-0 0 2304 24 7 13 6 0.1940 0.9267 254 106
186-0-1-0.05-50-0 0 2305 44 12 15 6 0.7034 0.1896 118 325
186-0-1-0.05-50-0 0 2306 7 24 5 13 0.9267 0.1940 106 254
186-0-1-0.05-50-0 0 2307 24 24 13 13 0.1940 0.1940 254 254
186-0-1-0.05-50-0 0 2307 16 7 5 5 0.2228 0.9267 149 106
186-0-1-0.05-50-0 0 2308 24 26 12 1 0.1940 0.8171 254 141
186-0-1-0.05-50-0 0 2309 44 28 16 6 0.7034 0.3846 118 311
186-0-1-0.05-50-0 0 2309 49 44 3 16 0.1842 0.7034 136 118
186-0-1-0.05-50-0 0 2310 16 24 5 12 0.2228 0.1940 149 254
186-0-1-0.05-50-0 0 2310 24 16 11 5 0.1940 0.2228 254 149
186-0-1-0.05-50-0 0 2311 38 42 4 2 0.6163 0.7447 270 106
186-0-1-0.05-50-0 0 2311 12 36 6 4 0.1896 0.8162 325 165
186-0-1-0.05-50-0 0 2312 12 44 6 18 0.1896 0.7034 325 118
186-0-1-0.05-50-0 0 2312 10 20 6 2 0.2533 0.9922 449 102
186-0-1-0.05-50-0 0 2313 9 40 11 1 0.6134 0.9739 161 104
186-0-1-0.05-50-0 0 2313 11 24 4 11 0.0504 0.1940 384 254
186-0-1-0.05-50-0 0 2314 24 24 11 11 0.1940 0.1940 254 254
186-0-1-0.05-50-0 0 2314 2 30 3 1 0.8198 0.6008 167 266
186-0-1-0.05-50-0 0 2315 16 24 5 10 0.2228 0.1940 149 254
186-0-1-0.05-50-0 0 2315 27 37 8 2 0.0776 0.8481 149 127
186-0-1-0.05-50-0 0 2316 44 27 17 7 0.7034 0.0776 118 149
186-0-1-0.05-50-0 0 2316 28 46 9 1 0.3846 0.3451 311 327
186-0-1-0.05-50-0 0 2317 44 2 17 2 0.7034 0.8198 118 167
186-0-1-0.05-50-0 0 2317 28 38 8 6 0.3846 0.6163 311 270
186-0-1-0.05-50-0 0 2318 12 10 8 6 0.1896 0.2533 325 449
186-0-1-0.05-50-0 0 2318 11 49 4 8 0.0504 0.1842 384 136
186-0-1-0.05-50-0 0 2319 11 6 4 2 0.0504 0.4266 384 249
186-0-1-0.05-50-0 0 2319 16 9 5 15 0.2228 0.6134 149 161
186-0-1-0.05-50-0 0 2320 44 12 17 9 0.7034 0.1896 118 325
186-0-1-0.05-50-0 0 2320 49 35 9 1 0.1842 0.0354 136 158
186-0-1-0.05-50-0 0 2321 16 49 6 9 0.2228 0.1842 149 136
186-0-1-0.05-50-0 0 2321 49 38 8 4 0.1842 0.6163 136 270
186-0-1-0.05-50-0 0 2322 24 44 10 12 0.1940 0.7034 254 118
186-0-1-0.05-50-0 0 2322 24 49 10 9 0.1940 0.1842 254 136
186-0-1-0.05-50-0 0 2323 12 28 10 7 0.1896 0.3846 325 311
186-0-1-0.05-50-0 0 2323 44 9 11 15 0.7034 0.6134 118 161
186-0-1-0.05-50-0 0 2324 19 10 1 6 0.8072 0.2533 134 449
186-0-1-0.05-50-0 0 2324 28 49 6 9 0.3846 0.1842 311 136
186-0-1-0.05-50-0 0 2325 19 28 1 6 0.8072 0.3846 134 311
186-0-1-0.05-50-0 0 2325 12 44 10 10 0.1896 0.7034 325 118
186-0-1-0.05-50-0 0 2326 12 2 10 2 0.1896 0.8198 325 167
186-0-1-0.05-50-0 0 2326 11 12 5 10 0.0504 0.1896 384 325
186-0-1-0.05-50-0 0 2327 6 44 4 11 0.4266 0.7034 249 118
186-0-1-0.05-50-0 0 2327 49 9 7 17 0.1842 0.6134 136 161
186-0-1-0.05-50-0 0 2328 38 14 4 2 0.6163 0.8451 270 105
186-0-1-0.05-50-0 0 2328 6 24 4 11 0.4266 0.1940 249 254
186-0-1-0.05-50-0 0 2329 45 27 3 8 0.3816 0.0776 173 149
186-0-1-0.05-50-0 0 2329 10 11 4 5 0.2533 0.0504 449 384
186-0-1-0.05-50-0 0 2330 9 24 11 10 0.6134 0.1940 161 254
186-0-1-0.05-50-0 0 2330 44 42 10 2 0.7034 0.7447 118 106
186-0-1-0.05-50-0 0 2331 28 6 7 4 0.3846 0.4266 311 249
186-0-1-0.05-50-0 0 2331 28 9 7 11 0.3846 0.6134 311 161
186-0-1-0.05-50-0 0 2332 2 9 1 8 0.8198 0.6134 167 161
186-0-1-0.05-50-0 0 2332 27 9 6 7 0.0776 0.6134 149 161
186-0-1-0.05-50-0 0 2333 2 16 1 8 0.8198 0.2228 167 149
186-0-1-0.05-50-0 0 2333 16 27 7 7 0.2228 0.0776 149 149
186-0-1-0.05-50-0 0 2334 18 35 4 3 0.2181 0.0354 226 158
186-0-1-0.05-50-0 0 2334 32 44 2 9 0.6514 0.7034 215 118
186-0-1-0.05-50-0 0 2335 17 24 2 12 0.6398 0.1940 197 254
186-0-1-0.05-50-0 0 2335 9 45 8 3 0.6134 0.3816 161 173
186-0-1-0.05-50-0 0 2336 11 49 3 9 0.0504 0.1842 384 136
186-0-1-0.05-50-0 0 2336 12 5 15 4 0.1896 0.0007 325 226
186-0-1-0.05-50-0 0 2337 5 11 3 3 0.0007 0.0504 226 384
186-0-1-0.05-50-0 0 2337 9 44 9 10 0.6134 0.7034 161 118
186-0-1-0.05-50-0 0 2338 12 12 16 16 0.1896 0.1896 325 325
186-0-1-0.05-50-0 0 2338 16 24 6 10 0.2228 0.1940 149 254
186-0-1-0.05-50-0 0 2339 16 28 6 8 0.2228 0.3846 149 311
186-0-1-0.05-50-0 0 2339 45 24 3 9 0.3816 0.1940 173 254
186-0-1-0.05-50-0 0 2340 32 24 3 8 0.6514 0.1940 215 254
186-0-1-0.05-50-0 0 2340 9 39 8 2 0.6134 0.2187 161 309
186-0-1-0.05-50-0 0 2341 11 36 2 3 0.0504 0.8162 384 165
186-0-1-0.05-50-0 0 2341 9 18 8 5 0.6134 0.2181 161 226
186-0-1-0.05-50-0 0 2342 7 12 2 12 0.9267 0.1896 106 325
186-0-1-0.05-50-0 0 2342 44 44 12 12 0.7034 0.7034 118 118
186-0-1-0.05-50-0 0 2343 44 24 12 8 0.7034 0.1940 118 254
186-0-1-0.05-50-0 0 2343 12 27 11 6 0.1896 0.0776 325 149
186-0-1-0.05-50-0 0 2344 36 9 2 6 0.8162 0.6134 165 161
186-0-1-0.05-50-0 0 2344 43 38 1 5 0.8316 0.6163 123 270
186-0-1-0.05-50-0 0 2345 7 7 4 4 0.9267 0.9267 106 106
186-0-1-0.05-50-0 0 2345 24 38 7 4 0.1940 0.6163 254 270
186-0-1-0.05-50-0 0 2346 28 23 7 1 0.3846 0.1698 311 476
186-0-1-0.05-50-0 0 2346 5 38 2 3 0.0007 0.6163 226 270
186-0-1-0.05-50-0 0 2347 27 12 6 9 0.0776 0.1896 149 325
186-0-1-0.05-50-0 0 2347 28 11 6 2 0.3846 0.0504 311 384
186-0-1-0.05-50-0 0 2348 38 44 2 12 0.6163 0.7034 270 118
186-0-1-0.05-50-0 0 2348 45 28 3 6 0.3816 0.3846 173 311
186-0-1-0.05-50-0 0 2349 6 35 5 1 0.4266 0.0354 249 158
186-0-1-0.05-50-0 0 2349 9 10 3 2 0.6134 0.2533 161 449
186-0-1-0.05-50-0 0 2350 12 44 9 11 0.1896 0.7034 325 118
186-0-1-0.05-50-0 0 2350 16 24 5 5 0.2228 0.1940 149 254
186-0-1-0.05-50-0 0 2351 36 16 3 6 0.8162 0.2228 165 149
186-0-1-0.05-50-0 0 2351 45 18 3 5 0.3816 0.2181 173 226
186-0-1-0.05-50-0 0 2352 46 28 2 7 0.3451 0.3846 327 311
186-0-1-0.05-50-0 0 2352 45 39 4 1 0.3816 0.2187 173 309
186-0-1-0.05-50-0 0 2353 16 36 4 3 0.2228 0.8162 149 165
186-0-1-0.05-50-0 0 2353 19 31 1 9 0.8072 0.5626 134 252
186-0-1-0.05-50-0 0 2354 24 7 4 4 0.1940 0.9267 254 106
186-0-1-0.05-50-0 0 2354 27 27 8 8 0.0776 0.0776 149 149
186-0-1-0.05-50-0 0 2355 24 12 4 11 0.1940 0.1896 254 325
186-0-1-0.05-50-0 0 2355 12 12 10 10 0.1896 0.1896 325 325
186-0-1-0.05-50-0 0 2356 45 16 3 5 0.3816 0.2228 173 149
186-0-1-0.05-50-0 0 2356 6 28 4 7 0.4266 0.3846 249 311
186-0-1-0.05-50-0 0 2357 44 3 12 2 0.7034 0.4813 118 321
186-0-1-0.05-50-0 0 2357 46 5 2 4 0.3451 0.0007 327 226
186-0-1-0.05-50-0 0 2358 44 12 12 9 0.7034 0.1896 118 325
186-0-1-0.05-50-0 0 2358 45 12 2 8 0.3816 0.1896 173 325
186-0-1-0.05-50-0 0 2359 19 16 1 5 0.8072 0.2228 134 149
186-0-1-0.05-50-0 0 2359 21 44 1 12 0.4184 0.7034 158 118
186-0-1-0.05-50-0 0 2360 3 17 1 2 0.4813 0.6398 321 197
186-0-1-0.05-50-0 0 2360 49 31 5 8 0.1842 0.5626 136 252
186-0-1-0.05-50-0 0 2361 9 19 4 1 0.6134 0.8072 161 134
186-0-1-0.05-50-0 0 2361 24 17 3 1 0.1940 0.6398 254 197
186-0-1-0.05-50-0 0 2362 44 49 13 6 0.7034 0.1842 118 136
186-0-1-0.05-50-0 0 2362 27 44 6 13 0.0776 0.7034 149 118
186-0-1-0.05-50-0 0 2363 28 34 6 1 0.3846 0.7448 311 168
186-0-1-0.05-50-0 0 2364 18 27 6 6 0.2181 0.0776 226 149
186-0-1-0.05-50-0 0 2365 31 28 10 6 0.5626 0.3846 252 311
186-0-1-0.05-50-0 0 2365 27 44 5 14 0.0776 0.7034 149 118
186-0-1-0.05-50-0 0 2366 32 21 9 1 0.6514 0.4184 215 158
186-0-1-0.05-50-0 0 2367 44 33 13 3 0.7034 0.6893 118 191
186-0-1-0.05-50-0 0 2368 44 45 12 4 0.7034 0.3816 118 173
186-0-1-0.05-50-0 0 2369 44 45 11 3 0.7034 0.3816 118 173
186-0-1-0.05-50-0 0 2370 9 44 8 12 0.6134 0.7034 161 118
186-0-1-0.05-50-0 0 2371 49 7 5 4 0.1842 0.9267 136 106
186-0-1-0.05-50-0 0 2372 38 44 4 11 0.6163 0.7034 270 118
186-0-1-0.05-50-0 0 2373 9 44 8 9 0.6134 0.7034 161 118
186-0-1-0.05-50-0 0 2374 9 31 10 10 0.6134 0.5626 161 252
186-0-1-0.05-50-0 0 2375 44 7 7 3 0.7034 0.9267 118 106
186-0-1-0.05-50-0 0 2376 9 27 11 7 0.6134 0.0776 161 149
186-0-1-0.05-50-0 0 2377 4 38 1 4 0.0723 0.6163 351 270
186-0-1-0.05-50-0 0 2378 9 49 15 5 0.6134 0.1842 161 136
186-0-1-0.05-50-0 0 2378 38 9 3 15 0.6163 0.6134 270 161
186-0-1-0.05-50-0 0 2379 9 33 13 1 0.6134 0.6893 161 191
186-0-1-0.05-50-0 0 2380 42 5 3 2 0.7447 0.0007 106 226
186-0-1-0.05-50-0 0 2380 36 36 3 3 0.8162 0.8162 165 165
186-0-1-0.05-50-0 0 2381 32 31 10 13 0.6514 0.5626 215 252
186-0-1-0.05-50-0 0 2381 31 31 12 12 0.5626 0.5626 252 252
186-0-1-0.05-50-0 0 2382 3 12 1 6 0.4813 0.1896 321 325
186-0-1-0.05-50-0 0 2382 12 31 5 11 0.1896 0.5626 325 252
186-0-1-0.05-50-0 0 2383 12 28 5 15 0.1896 0.3846 325 311
186-0-1-0.05-50-0 0 2383 28 38 14 3 0.3846 0.6163 311 270
186-0-1-0.05-50-0 0 2384 31 27 10 8 0.5626 0.0776 252 149
186-0-1-0.05-50-0 0 2384 25 27 1 7 0.9430 0.0776 125 149
186-0-1-0.05-50-0 0 2385 9 31 13 10 0.6134 0.5626 161 252
186-0-1-0.05-50-0 0 2385 9 44 13 8 0.6134 0.7034 161 118
186-0-1-0.05-50-0 0 2386 9 28 13 19 0.6134 0.3846 161 311
186-0-1-0.05-50-0 0 2386 47 44 2 8 0.9293 0.7034 103 118
186-0-1-0.05-50-0 0 2387 32 28 8 19 0.6514 0.3846 215 311
186-0-1-0.05-50-0 0 2387 28 13 18 1 0.3846 0.8878 311 151
186-0-1-0.05-50-0 0 2388 31 19 12 1 0.5626 0.8072 252 134
186-0-1-0.05-50-0 0 2388 24 26 5 3 0.1940 0.8171 254 141
186-0-1-0.05-50-0 0 2389 31 33 12 1 0.5626 0.6893 252 191
186-0-1-0.05-50-0 0 2389 31 28 12 18 0.5626 0.3846 252 311
186-0-1-0.05-50-0 0 2390 5 24 2 5 0.0007 0.1940 226 254
186-0-1-0.05-50-0 0 2390 32 4 9 3 0.6514 0.0723 215 351
186-0-1-0.05-50-0 0 2391 9 46 16 3 0.6134 0.3451 161 327
186-0-1-0.05-50-0 0 2391 42 44 3 9 0.7447 0.7034 106 118
186-0-1-0.05-50-0 0 2392 44 12 8 10 0.7034 0.1896 118 325
186-0-1-0.05-50-0 0 2392 44 31 8 12 0.7034 0.5626 118 252
186-0-1-0.05-50-0 0 2393 27 9 6 19 0.0776 0.6134 149 161
186-0-1-0.05-50-0 0 2393 32 9 8 18 0.6514 0.6134 215 161
186-0-1-0.05-50-0 0 2394 28 27 18 6 0.3846 0.0776 311 149
186-0-1-0.05-50-0 0 2394 47 24 2 3 0.9293 0.1940 103 254
186-0-1-0.05-50-0 0 2395 9 9 17 17 0.6134 0.6134 161 161
186-0-1-0.05-50-0 0 2395 12 28 11 18 0.1896 0.3846 325 311
186-0-1-0.05-50-0 0 2396 46 12 3 12 0.3451 0.1896 327 325
186-0-1-0.05-50-0 0 2396 25 9 2 15 0.9430 0.6134 125 161
186-0-1-0.05-50-0 0 2397 9 31 12 14 0.6134 0.5626 161 252
186-0-1-0.05-50-0 0 2397 45 12 4 11 0.3816 0.1896 173 325
186-0-1-0.05-50-0 0 2398 16 32 5 8 0.2228 0.6514 149 215
186-0-1-0.05-50-0 0 2398 9 12 12 9 0.6134 0.1896 161 325
186-0-1-0.05-50-0 0 2399 12 43 8 4 0.1896 0.8316 325 123
186-0-1-0.05-50-0 0 2399 26 28 3 19 0.8171 0.3846 141 311
186-0-1-0.05-50-0 0 2400 26 40 3 2 0.8171 0.9739 141 104
186-0-1-0.05-50-0 0 2400 3 32 1 6 0.4813 0.6514 321 215
186-0-1-0.05-50-0 0 2401 27 28 6 18 0.0776 0.3846 149 311
186-0-1-0.05-50-0 0 2401 31 18 14 3 0.5626 0.2181 252 226
186-0-1-0.05-50-0 0 2402 27 12 7 7 0.0776 0.1896 149 325
186-0-1-0.05-50-0 0 2402 31 46 15 2 0.5626 0.3451 252 327
186-0-1-0.05-50-0 0 2403 27 46 6 1 0.0776 0.3451 149 327
186-0-1-0.05-50-0 0 2403 28 18 15 2 0.3846 0.2181 311 226
186-0-1-0.05-50-0 0 2404 13 26 1 3 0.8878 0.8171 151 141
186-0-1-0.05-50-0 0 2404 16 12 7 6 0.2228 0.1896 149 325
186-0-1-0.05-50-0 0 2405 49 9 1 13 0.1842 0.6134 136 161
186-0-1-0.05-50-0 0 2405 28 40 15 1 0.3846 0.9739 311 104
186-0-1-0.05-50-0 0 2406 42 24 5 3 0.7447 0.1940 106 254
186-0-1-0.05-50-0 0 2406 12 31 5 17 0.1896 0.5626 325 252
186-0-1-0.05-50-0 0 2407 31 19 16 1 0.5626 0.8072 252 134
186-0-1-0.05-50-0 0 2407 27 28 6 16 0.0776 0.3846 149 311
186-0-1-0.05-50-0 0 2408 1 32 2 5 0.2520 0.6514 409 215
186-0-1-0.05-50-0 0 2408 9 31 12 16 0.6134 0.5626 161 252
186-0-1-0.05-50-0 0 2409 12 36 4 1 0.1896 0.8162 325 165
186-0-1-0.05-50-0 0 2409 42 30 5 1 0.7447 0.6008 106 266
186-0-1-0.05-50-0 0 2410 16 24 7 4 0.2228 0.1940 149 254
186-0-1-0.05-50-0 0 2410 25 44 3 7 0.9430 0.7034 125 118
186-0-1-0.05-50-0 0 2411 15 16 2 8 0.7918 0.2228 149 149
186-0-1-0.05-50-0 0 2411 31 44 14 6 0.5626 0.7034 252 118
186-0-1-0.05-50-0 0 2412 31 28 14 12 0.5626 0.3846 252 311
186-0-1-0.05-50-0 0 2412 49 12 3 4 0.1842 0.1896 136 325
186-0-1-0.05-50-0 0 2413 42 31 6 14 0.7447 0.5626 106 252
186-0-1-0.05-50-0 0 2413 3 49 4 3 0.4813 0.1842 321 136
186-0-1-0.05-50-0 0 2414 32 9 4 13 0.6514 0.6134 215 161
186-0-1-0.05-50-0 0 2414 27 9 9 12 0.0776 0.6134 149 161
186-0-1-0.05-50-0 0 2415 43 25 5 4 0.8316 0.9430 123 125
186-0-1-0.05-50-0 0 2415 9 16 11 6 0.6134 0.2228 161 149
186-0-1-0.05-50-0 0 2416 27 32 8 4 0.0776 0.6514 149 215
186-0-1-0.05-50-0 0 2416 49 3 2 4 0.1842 0.4813 136 321
186-0-1-0.05-50-0 0 2417 16 38 5 1 0.2228 0.6163 149 270
186-0-1-0.05-50-0 0 2417 4 44 4 7 0.0723 0.7034 351 118
186-0-1-0.05-50-0 0 2418 43 7 6 2 0.8316 0.9267 123 106
186-0-1-0.05-50-0 0 2418 9 42 11 8 0.6134 0.7447 161 106
186-0-1-0.05-50-0 0 2419 31 7 15 1 0.5626 0.9267 252 106
186-0-1-0.05-50-0 0 2419 3 4 3 4 0.4813 0.0723 321 351
186-0-1-0.05-50-0 0 2420 28 44 15 6 0.3846 0.7034 311 118
186-0-1-0.05-50-0 0 2420 28 26 15 3 0.3846 0.8171 311 141
186-0-1-0.05-50-0 0 2421 18 31 2 13 0.2181 0.5626 226 252
186-0-1-0.05-50-0 0 2421 25 28 2 16 0.9430 0.3846 125 311
186-0-1-0.05-50-0 0 2422 23 5 1 1 0.1698 0.0007 476 226
186-0-1-0.05-50-0 0 2422 9 12 14 4 0.6134 0.1896 161 325
186-0-1-0.05-50-0 0 2423 27 9 9 13 0.0776 0.6134 149 161
186-0-1-0.05-50-0 0 2423 12 42 3 11 0.1896 0.7447 325 106
186-0-1-0.05-50-0 0 2424 27 27 10 10 0.0776 0.0776 149 149
186-0-1-0.05-50-0 0 2424 16 3 7 5 0.2228 0.4813 149 321
186-0-1-0.05-50-0 0 2425 3 31 5 12 0.4813 0.5626 321 252
186-0-1-0.05-50-0 0 2425 27 16 10 7 0.0776 0.2228 149 149
186-0-1-0.05-50-0 0 2426 28 44 16 6 0.3846 0.7034 311 118
186-0-1-0.05-50-0 0 2426 44 42 5 13 0.7034 0.7447 118 106
186-0-1-0.05-50-0 0 2427 32 16 7 6 0.6514 0.2228 215 149
186-0-1-0.05-50-0 0 2427 31 2 13 1 0.5626 0.8198 252 167
186-0-1-0.05-50-0 0 2428 12 32 3 8 0.1896 0.6514 325 215
186-0-1-0.05-50-0 0 2428 31 28 14 16 0.5626 0.3846 252 311
186-0-1-0.05-50-0 0 2429 28 27 15 10 0.3846 0.0776 311 149
186-0-1-0.05-50-0 0 2429 28 29 15 3 0.3846 0.6728 311 177
186-0-1-0.05-50-0 0 2430 31 16 15 5 0.5626 0.2228 252 149
186-0-1-0.05-50-0 0 2430 1 32 1 7 0.2520 0.6514 409 215
186-0-1-0.05-50-0 0 2431 28 43 16 7 0.3846 0.8316 311 123
186-0-1-0.05-50-0 0 2431 31 48 15 4 0.5626 0.1153 252 334
186-0-1-0.05-50-0 0 2432 44 42 8 13 0.7034 0.7447 118 106
186-0-1-0.05-50-0 0 2432 16 31 4 14 0.2228 0.5626 149 252
186-0-1-0.05-50-0 0 2433 27 28 9 16 0.0776 0.3846 149 311
186-0-1-0.05-50-0 0 2433 27 3 9 7 0.0776 0.4813 149 321
186-0-1-0.05-50-0 0 2434 31 4 15 8 0.5626 0.0723 252 351
186-0-1-0.05-50-0 0 2434 31 42 15 12 0.5626 0.7447 252 106
186-0-1-0.05-50-0 0 2435 44 31 9 15 0.7034 0.5626 118 252
186-0-1-0.05-50-0 0 2435 44 27 9 9 0.7034 0.0776 118 149
186-0-1-0.05-50-0 0 2436 4 28 6 15 0.0723 0.3846 351 311
186-0-1-0.05-50-0 0 2436 1 27 1 7 0.2520 0.0776 409 149
186-0-1-0.05-50-0 0 2437 39 4 3 7 0.2187 0.0723 309 351
186-0-1-0.05-50-0 0 2437 28 49 14 2 0.3846 0.1842 311 136
186-0-1-0.05-50-0 0 2438 32 27 7 6 0.6514 0.0776 215 149
186-0-1-0.05-50-0 0 2438 27 28 5 14 0.0776 0.3846 149 311
186-0-1-0.05-50-0 0 2439 4 43 5 8 0.0723 0.8316 351 123
186-0-1-0.05-50-0 0 2439 24 6 7 3 0.1940 0.4266 254 249
186-0-1-0.05-50-0 0 2440 16 42 4 18 0.2228 0.7447 149 106
186-0-1-0.05-50-0 0 2440 42 42 17 17 0.7447 0.7447 106 106
186-0-1-0.05-50-0 0 2441 10 26 2 6 0.2533 0.8171 449 141
186-0-1-0.05-50-0 0 2441 9 42 13 16 0.6134 0.7447 161 106
186-0-1-0.05-50-0 0 2442 17 21 1 2 0.6398 0.4184 197 158
186-0-1-0.05-50-0 0 2442 27 9 6 15 0.0776 0.6134 149 161
186-0-1-0.05-50-0 0 2442 28 28 16 16 0.3846 0.3846 311 311
186-0-1-0.05-50-0 0 2443 9 29 14 3 0.6134 0.6728 161 177
186-0-1-0.05-50-0 0 2443 32 24 9 7 0.6514 0.1940 215 254
186-0-1-0.05-50-0 0 2443 32 32 9 9 0.6514 0.6514 215 215
186-0-1-0.05-50-0 0 2444 27 9 7 14 0.0776 0.6134 149 161
186-0-1-0.05-50-0 0 2444 12 42 5 21 0.1896 0.7447 325 106
186-0-1-0.05-50-0 0 2444 32 9 8 13 0.6514 0.6134 215 161
186-0-1-0.05-50-0 0 2445 42 42 20 20 0.7447 0.7447 106 106
186-0-1-0.05-50-0 0 2445 26 44 6 10 0.8171 0.7034 141 118
186-0-1-0.05-50-0 0 2445 31 28 14 17 0.5626 0.3846 252 311
186-0-1-0.05-50-0 0 2446 27 43 8 7 0.0776 0.8316 149 123
186-0-1-0.05-50-0 0 2446 32 26 8 6 0.6514 0.8171 215 141
186-0-1-0.05-50-0 0 2446 28 42 17 19 0.3846 0.7447 311 106
186-0-1-0.05-50-0 0 2447 31 49 13 2 0.5626 0.1842 252 136
186-0-1-0.05-50-0 0 2447 12 42 5 20 0.1896 0.7447 325 106
186-0-1-0.05-50-0 0 2447 21 42 2 19 0.4184 0.7447 158 106
186-0-1-0.05-50-0 0 2448 44 12 8 6 0.7034 0.1896 118 325
186-0-1-0.05-50-0 0 2448 4 29 5 3 0.0723 0.6728 351 177
186-0-1-0.05-50-0 0 2448 10 26 3 7 0.2533 0.8171 449 141
186-0-1-0.05-50-0 0 2449 42 27 19 11 0.7447 0.0776 106 149
186-0-1-0.05-50-0 0 2449 12 42 6 19 0.1896 0.7447 325 106
186-0-1-0.05-50-0 0 2449 42 48 18 5 0.7447 0.1153 106 334
186-0-1-0.05-50-0 0 2450 44 42 8 18 0.7034 0.7447 118 106
186-0-1-0.05-50-0 0 2450 12 28 6 16 0.1896 0.3846 325 311
186-0-1-0.05-50-0 0 2450 32 9 10 11 0.6514 0.6134 215 161
186-0-1-0.05-50-0 0 2451 14 27 1 9 0.8451 0.0776 105 149
186-0-1-0.05-50-0 0 2451 4 32 6 8 0.0723 0.6514 351 215
186-0-1-0.05-50-0 0 2452 29 31 3 15 0.6728 0.5626 177 252
186-0-1-0.05-50-0 0 2452 29 16 3 4 0.6728 0.2228 177 149
186-0-1-0.05-50-0 0 2453 26 42 7 15 0.8171 0.7447 141 106
186-0-1-0.05-50-0 0 2453 42 42 14 14 0.7447 0.7447 106 106
186-0-1-0.05-50-0 0 2454 31 1 12 3 0.5626 0.2520 252 409
186-0-1-0.05-50-0 0 2454 48 27 4 8 0.1153 0.0776 334 149
186-0-1-0.05-50-0 0 2455 12 4 6 5 0.1896 0.0723 325 351
186-0-1-0.05-50-0 0 2455 43 10 3 4 0.8316 0.2533 123 449
186-0-1-0.05-50-0 0 2456 44 31 6 11 0.7034 0.5626 118 252
186-0-1-0.05-50-0 0 2456 39 43 5 3 0.2187 0.8316 309 123
186-0-1-0.05-50-0 0 2457 30 48 2 4 0.6008 0.1153 266 334
186-0-1-0.05-50-0 0 2457 44 14 5 3 0.7034 0.8451 118 105
186-0-1-0.05-50-0 0 2458 9 12 10 6 0.6134 0.1896 161 325
186-0-1-0.05-50-0 0 2458 22 42 1 12 0.0160 0.7447 311 106
186-0-1-0.05-50-0 0 2459 30 9 1 10 0.6008 0.6134 266 161
186-0-1-0.05-50-0 0 2459 44 32 5 10 0.7034 0.6514 118 215
186-0-1-0.05-50-0 0 2460 30 10 1 4 0.6008 0.2533 266 449
186-0-1-0.05-50-0 0 2460 9 42 9 12 0.6134 0.7447 161 106
186-0-1-0.05-50-0 0 2461 26 49 7 3 0.8171 0.1842 141 136
186-0-1-0.05-50-0 0 2461 28 42 12 14 0.3846 0.7447 311 106
186-0-1-0.05-50-0 0 2462 9 34 10 2 0.6134 0.7448 161 168
186-0-1-0.05-50-0 0 2462 26 28 6 13 0.8171 0.3846 141 311
186-0-1-0.05-50-0 0 2463 9 29 10 2 0.6134 0.6728 161 177
186-0-1-0.05-50-0 0 2463 48 9 2 10 0.1153 0.6134 334 161
186-0-1-0.05-50-0 0 2464 42 4 15 4 0.7447 0.0723 106 351
186-0-1-0.05-50-0 0 2464 42 9 15 9 0.7447 0.6134 106 161
186-0-1-0.05-50-0 0 2465 26 9 6 8 0.8171 0.6134 141 161
186-0-1-0.05-50-0 0 2465 32 26 9 6 0.6514 0.8171 215 141
186-0-1-0.05-50-0 0 2466 45 39 5 5 0.3816 0.2187 173 309
186-0-1-0.05-50-0 0 2466 31 28 9 13 0.5626 0.3846 252 311
186-0-1-0.05-50-0 0 2467 9 42 5 16 0.6134 0.7447 161 106
186-0-1-0.05-50-0 0 2467 31 32 8 8 0.5626 0.6514 252 215
186-0-1-0.05-50-0 0 2468 1 16 3 3 0.2520 0.2228 409 149
186-0-1-0.05-50-0 0 2468 32 3 7 4 0.6514 0.4813 215 321
186-0-1-0.05-50-0 0 2469 39 9 3 6 0.2187 0.6134 309 161
186-0-1-0.05-50-0 0 2469 28 42 11 15 0.3846 0.7447 311 106
186-0-1-0.05-50-0 0 2470 3 48 3 2 0.4813 0.1153 321 334
186-0-1-0.05-50-0 0 2470 4 28 2 11 0.0723 0.3846 351 311
186-0-1-0.05-50-0 0 2471 30 12 1 5 0.6008 0.1896 266 325
186-0-1-0.05-50-0 0 2471 11 34 3 2 0.0504 0.7448 384 168
186-0-1-0.05-50-0 0 2472 23 17 1 1 0.1698 0.6398 476 197
186-0-1-0.05-50-0 0 2472 10 49 6 3 0.2533 0.1842 449 136
186-0-1-0.05-50-0 0 2473 34 28 3 11 0.7448 0.3846 168 311
186-0-1-0.05-50-0 0 2473 28 7 10 1 0.3846 0.9267 311 106
186-0-1-0.05-50-0 0 2474 34 28 3 10 0.7448 0.3846 168 311
186-0-1-0.05-50-0 0 2474 24 32 5 6 0.1940 0.6514 254 215
186-0-1-0.05-50-0 0 2475 39 16 6 3 0.2187 0.2228 309 149
186-0-1-0.05-50-0 0 2475 31 34 8 3 0.5626 0.7448 252 168
186-0-1-0.05-50-0 0 2476 39 39 6 6 0.2187 0.2187 309 309
186-0-1-0.05-50-0 0 2476 47 34 1 2 0.9293 0.7448 103 168
186-0-1-0.05-50-0 0 2477 45 45 10 10 0.3816 0.3816 173 173
186-0-1-0.05-50-0 0 2477 42 1 15 4 0.7447 0.2520 106 409
186-0-1-0.05-50-0 0 2478 12 10 3 5 0.1896 0.2533 325 449
186-0-1-0.05-50-0 0 2478 30 9 3 5 0.6008 0.6134 266 161
186-0-1-0.05-50-0 0 2479 42 4 15 1 0.7447 0.0723 106 351
186-0-1-0.05-50-0 0 2479 44 30 6 3 0.7034 0.6008 118 266
186-0-1-0.05-50-0 0 2480 27 31 7 7 0.0776 0.5626 149 252
186-0-1-0.05-50-0 0 2480 3 43 2 1 0.4813 0.8316 321 123
186-0-1-0.05-50-0 0 2481 30 44 2 7 0.6008 0.7034 266 118
186-0-1-0.05-50-0 0 2481 39 42 6 14 0.2187 0.7447 309 106
186-0-1-0.05-50-0 0 2482 23 27 2 9 0.1698 0.0776 476 149
186-0-1-0.05-50-0 0 2482 45 45 11 11 0.3816 0.3816 173 173
186-0-1-0.05-50-0 0 2483 24 1 6 5 0.1940 0.2520 254 409
186-0-1-0.05-50-0 0 2483 44 27 5 7 0.7034 0.0776 118 149
186-0-1-0.05-50-0 0 2484 31 42 8 14 0.5626 0.7447 252 106
186-0-1-0.05-50-0 0 2484 32 45 7 8 0.6514 0.3816 215 173
186-0-1-0.05-50-0 0 2485 21 42 2 15 0.4184 0.7447 158 106
186-0-1-0.05-50-0 0 2485 39 24 6 6 0.2187 0.1940 309 254
186-0-1-0.05-50-0 0 2486 42 28 14 10 0.7447 0.3846 106 311
186-0-1-0.05-50-0 0 2486 42 42 14 14 0.7447 0.7447 106 106
186-0-1-0.05-50-0 0 2487 9 1 6 4 0.6134 0.2520 161 409
186-0-1-0.05-50-0 0 2487 1 10 3 6 0.2520 0.2533 409 449
186-0-1-0.05-50-0 0 2488 9 42 7 12 0.6134 0.7447 161 106
186-0-1-0.05-50-0 0 2488 31 44 10 9 0.5626 0.7034 252 118
186-0-1-0.05-50-0 0 2489 1 31 3 10 0.2520 0.5626 409 252
186-0-1-0.05-50-0 0 2489 12 41 3 2 0.1896 0.9621 325 105
186-0-1-0.05-50-0 0 2490 21 39 2 6 0.4184 0.2187 158 309
186-0-1-0.05-50-0 0 2490 45 28 5 9 0.3816 0.3846 173 311
186-0-1-0.05-50-0 0 2491 6 12 2 3 0.4266 0.1896 249 325
186-0-1-0.05-50-0 0 2491 21 31 2 10 0.4184 0.5626 158 252
186-0-1-0.05-50-0 0 2492 27 42 5 9 0.0776 0.7447 149 106
186-0-1-0.05-50-0 0 2492 6 1 2 3 0.4266 0.2520 249 409
186-0-1-0.05-50-0 0 2493 44 27 11 5 0.7034 0.0776 118 149
186-0-1-0.05-50-0 0 2493 16 9 5 6 0.2228 0.6134 149 161
186-0-1-0.05-50-0 0 2494 3 16 4 5 0.4813 0.2228 321 149
186-0-1-0.05-50-0 0 2494 27 45 3 5 0.0776 0.3816 149 173
186-0-1-0.05-50-0 0 2495 16 25 4 1 0.2228 0.9430 149 125
186-0-1-0.05-50-0 0 2495 44 28 10 10 0.7034 0.3846 118 311
186-0-1-0.05-50-0 0 2496 26 42 6 8 0.8171 0.7447 141 106
186-0-1-0.05-50-0 0 2496 49 23 4 2 0.1842 0.1698 136 476
186-0-1-0.05-50-0 0 2497 16 32 4 5 0.2228 0.6514 149 215
186-0-1-0.05-50-0 0 2497 42 28 7 11 0.7447 0.3846 106 311
186-0-1-0.05-50-0 0 2498 10 27 4 3 0.2533 0.0776 449 149
186-0-1-0.05-50-0 0 2498 47 5 1 3 0.9293 0.0007 103 226
186-0-1-0.05-50-0 0 2499 9 26 5 5 0.6134 0.8171 161 141
186-0-1-0.05-50-0 0 2499 16 32 4 5 0.2228 0.6514 149 215
186-0-1-0.05-50-0 0 2500 28 3 12 5 0.3846 0.4813 311 321
186-0-1-0.05-50-0 0 2500 44 3 10 4 0.7034 0.4813 118 321
