191-0-1-0.05-50-0 0 2302 39 14 1 2 0.2187 0.8451 309 105
191-0-1-0.05-50-0 0 2302 6 38 2 6 0.4266 0.6163 249 270
191-0-1-0.05-50-0 0 2303 31 48 6 13 0.5626 0.1153 252 334
191-0-1-0.05-50-0 0 2303 6 41 2 4 0.4266 0.9621 249 105
191-0-1-0.05-50-0 0 2304 48 36 13 5 0.1153 0.8162 334 165
191-0-1-0.05-50-0 0 2304 27 11 6 12 0.0776 0.0504 149 384
191-0-1-0.05-50-0 0 2305 10 49 2 9 0.2533 0.1842 449 136
191-0-1-0.05-50-0 0 2305 21 27 1 6 0.4184 0.0776 158 149
191-0-1-0.05-50-0 0 2306 2 48 5 13 0.8198 0.1153 167 334
191-0-1-0.05-50-0 0 2306 49 24 8 10 0.1842 0.1940 136 254
191-0-1-0.05-50-0 0 2307 36 11 4 12 0.8162 0.0504 165 384
191-0-1-0.05-50-0 0 2307 40 49 8 8 0.9739 0.1842 104 136
191-0-1-0.05-50-0 0 2308 24 27 9 6 0.1940 0.0776 254 149
191-0-1-0.05-50-0 0 2308 49 2 7 5 0.1842 0.8198 136 167
191-0-1-0.05-50-0 0 2309 48 11 10 12 0.1153 0.0504 334 384
191-0-1-0.05-50-0 0 2309 30 11 3 11 0.6008 0.0504 266 384
191-0-1-0.05-50-0 0 2310 16 16 2 2 0.2228 0.2228 149 149
191-0-1-0.05-50-0 0 2310 40 39 8 2 0.9739 0.2187 104 309
191-0-1-0.05-50-0 0 2311 11 30 11 3 0.0504 0.6008 384 266
191-0-1-0.05-50-0 0 2311 49 18 7 3 0.1842 0.2181 136 226
191-0-1-0.05-50-0 0 2312 3 43 1 1 0.4813 0.8316 321 123
191-0-1-0.05-50-0 0 2312 23 48 4 9 0.1698 0.1153 476 334
191-0-1-0.05-50-0 0 2313 10 49 3 8 0.2533 0.1842 449 136
191-0-1-0.05-50-0 0 2313 40 48 6 8 0.9739 0.1153 104 334
191-0-1-0.05-50-0 0 2314 11 40 12 6 0.0504 0.9739 384 104
191-0-1-0.05-50-0 0 2314 23 18 6 2 0.1698 0.2181 476 226
191-0-1-0.05-50-0 0 2315 28 11 4 12 0.3846 0.0504 311 384
191-0-1-0.05-50-0 0 2315 38 10 7 3 0.6163 0.2533 270 449
191-0-1-0.05-50-0 0 2316 11 2 10 5 0.0504 0.8198 384 167
191-0-1-0.05-50-0 0 2316 14 27 1 6 0.8451 0.0776 105 149
191-0-1-0.05-50-0 0 2317 4 11 1 11 0.0723 0.0504 351 384
191-0-1-0.05-50-0 0 2317 23 48 6 7 0.1698 0.1153 476 334
191-0-1-0.05-50-0 0 2318 28 11 5 10 0.3846 0.0504 311 384
191-0-1-0.05-50-0 0 2318 30 48 5 6 0.6008 0.1153 266 334
191-0-1-0.05-50-0 0 2319 27 24 5 8 0.0776 0.1940 149 254
191-0-1-0.05-50-0 0 2320 48 36 6 8 0.1153 0.8162 334 165
191-0-1-0.05-50-0 0 2320 28 11 5 11 0.3846 0.0504 311 384
191-0-1-0.05-50-0 0 2321 28 11 5 11 0.3846 0.0504 311 384
191-0-1-0.05-50-0 0 2322 41 48 4 6 0.9621 0.1153 105 334
191-0-1-0.05-50-0 0 2323 28 38 5 8 0.3846 0.6163 311 270
191-0-1-0.05-50-0 0 2324 11 31 7 1 0.0504 0.5626 384 252
191-0-1-0.05-50-0 0 2324 49 40 8 4 0.1842 0.9739 136 104
191-0-1-0.05-50-0 0 2325 11 24 8 4 0.0504 0.1940 384 254
191-0-1-0.05-50-0 0 2326 11 14 8 8 0.0504 0.8451 384 105
191-0-1-0.05-50-0 0 2327 49 28 8 6 0.1842 0.3846 136 311
191-0-1-0.05-50-0 0 2328 38 14 6 8 0.6163 0.8451 270 105
191-0-1-0.05-50-0 0 2329 16 49 2 8 0.2228 0.1842 149 136
191-0-1-0.05-50-0 0 2329 36 48 6 9 0.8162 0.1153 165 334
191-0-1-0.05-50-0 0 2330 30 23 6 11 0.6008 0.1698 266 476
191-0-1-0.05-50-0 0 2330 14 1 8 1 0.8451 0.2520 105 409
191-0-1-0.05-50-0 0 2331 48 49 8 9 0.1153 0.1842 334 136
191-0-1-0.05-50-0 0 2332 14 23 8 11 0.8451 0.1698 105 476
191-0-1-0.05-50-0 0 2332 49 2 8 3 0.1842 0.8198 136 167
191-0-1-0.05-50-0 0 2333 23 42 10 1 0.1698 0.7447 476 106
191-0-1-0.05-50-0 0 2334 49 23 8 11 0.1842 0.1698 136 476
191-0-1-0.05-50-0 0 2334 25 41 4 4 0.9430 0.9621 125 105
191-0-1-0.05-50-0 0 2335 11 23 9 11 0.0504 0.1698 384 476
191-0-1-0.05-50-0 0 2335 16 38 1 7 0.2228 0.6163 149 270
191-0-1-0.05-50-0 0 2336 10 23 5 11 0.2533 0.1698 449 476
191-0-1-0.05-50-0 0 2336 49 41 9 3 0.1842 0.9621 136 105
191-0-1-0.05-50-0 0 2337 11 45 10 1 0.0504 0.3816 384 173
191-0-1-0.05-50-0 0 2337 48 25 6 6 0.1153 0.9430 334 125
191-0-1-0.05-50-0 0 2338 48 38 6 7 0.1153 0.6163 334 270
191-0-1-0.05-50-0 0 2339 38 36 5 4 0.6163 0.8162 270 165
191-0-1-0.05-50-0 0 2340 11 46 9 1 0.0504 0.3451 384 327
191-0-1-0.05-50-0 0 2341 28 38 3 5 0.3846 0.6163 311 270
191-0-1-0.05-50-0 0 2342 25 14 4 8 0.9430 0.8451 125 105
191-0-1-0.05-50-0 0 2343 23 11 7 12 0.1698 0.0504 476 384
191-0-1-0.05-50-0 0 2344 12 47 2 1 0.1896 0.9293 325 103
191-0-1-0.05-50-0 0 2345 30 14 8 5 0.6008 0.8451 266 105
191-0-1-0.05-50-0 0 2346 14 36 4 5 0.8451 0.8162 105 165
191-0-1-0.05-50-0 0 2347 11 49 16 5 0.0504 0.1842 384 136
191-0-1-0.05-50-0 0 2347 10 28 5 5 0.2533 0.3846 449 311
191-0-1-0.05-50-0 0 2348 14 10 5 5 0.8451 0.2533 105 449
191-0-1-0.05-50-0 0 2348 49 28 4 4 0.1842 0.3846 136 311
191-0-1-0.05-50-0 0 2349 40 25 2 4 0.9739 0.9430 104 125
191-0-1-0.05-50-0 0 2349 11 28 16 3 0.0504 0.3846 384 311
191-0-1-0.05-50-0 0 2350 25 41 4 3 0.9430 0.9621 125 105
191-0-1-0.05-50-0 0 2350 38 30 8 8 0.6163 0.6008 270 266
191-0-1-0.05-50-0 0 2351 50 27 1 3 0.2147 0.0776 147 149
191-0-1-0.05-50-0 0 2351 38 14 9 8 0.6163 0.8451 270 105
191-0-1-0.05-50-0 0 2352 38 38 8 8 0.6163 0.6163 270 270
191-0-1-0.05-50-0 0 2353 38 14 7 7 0.6163 0.8451 270 105
191-0-1-0.05-50-0 0 2353 13 26 2 2 0.8878 0.8171 151 141
191-0-1-0.05-50-0 0 2354 10 11 3 17 0.2533 0.0504 449 384
191-0-1-0.05-50-0 0 2354 4 22 2 1 0.0723 0.0160 351 311
191-0-1-0.05-50-0 0 2355 14 12 7 3 0.8451 0.1896 105 325
191-0-1-0.05-50-0 0 2355 25 11 6 15 0.9430 0.0504 125 384
191-0-1-0.05-50-0 0 2356 36 30 2 10 0.8162 0.6008 165 266
191-0-1-0.05-50-0 0 2356 11 48 15 9 0.0504 0.1153 384 334
191-0-1-0.05-50-0 0 2357 40 13 4 4 0.9739 0.8878 104 151
191-0-1-0.05-50-0 0 2357 25 13 7 3 0.9430 0.8878 125 151
191-0-1-0.05-50-0 0 2358 38 27 6 2 0.6163 0.0776 270 149
191-0-1-0.05-50-0 0 2358 25 11 7 14 0.9430 0.0504 125 384
191-0-1-0.05-50-0 0 2359 30 12 9 2 0.6008 0.1896 266 325
191-0-1-0.05-50-0 0 2359 11 30 13 9 0.0504 0.6008 384 266
191-0-1-0.05-50-0 0 2360 9 38 3 5 0.6134 0.6163 161 270
191-0-1-0.05-50-0 0 2360 30 14 8 9 0.6008 0.8451 266 105
191-0-1-0.05-50-0 0 2361 30 30 9 9 0.6008 0.6008 266 266
191-0-1-0.05-50-0 0 2361 44 40 3 3 0.7034 0.9739 118 104
191-0-1-0.05-50-0 0 2362 11 14 12 8 0.0504 0.8451 384 105
191-0-1-0.05-50-0 0 2362 12 23 1 7 0.1896 0.1698 325 476
191-0-1-0.05-50-0 0 2363 41 14 2 7 0.9621 0.8451 105 105
191-0-1-0.05-50-0 0 2363 30 11 9 12 0.6008 0.0504 266 384
191-0-1-0.05-50-0 0 2364 24 30 4 9 0.1940 0.6008 254 266
191-0-1-0.05-50-0 0 2364 48 12 9 1 0.1153 0.1896 334 325
191-0-1-0.05-50-0 0 2365 30 38 8 2 0.6008 0.6163 266 270
191-0-1-0.05-50-0 0 2365 48 44 9 3 0.1153 0.7034 334 118
191-0-1-0.05-50-0 0 2366 9 48 4 10 0.6134 0.1153 161 334
191-0-1-0.05-50-0 0 2366 13 5 2 4 0.8878 0.0007 151 226
191-0-1-0.05-50-0 0 2367 39 24 4 5 0.2187 0.1940 309 254
191-0-1-0.05-50-0 0 2367 48 18 9 1 0.1153 0.2181 334 226
191-0-1-0.05-50-0 0 2368 13 36 2 4 0.8878 0.8162 151 165
191-0-1-0.05-50-0 0 2368 11 23 11 7 0.0504 0.1698 384 476
191-0-1-0.05-50-0 0 2369 9 48 4 9 0.6134 0.1153 161 334
191-0-1-0.05-50-0 0 2369 28 2 3 2 0.3846 0.8198 311 167
191-0-1-0.05-50-0 0 2370 30 5 6 2 0.6008 0.0007 266 226
191-0-1-0.05-50-0 0 2371 49 28 8 2 0.1842 0.3846 136 311
191-0-1-0.05-50-0 0 2372 10 17 3 1 0.2533 0.6398 449 197
191-0-1-0.05-50-0 0 2372 41 11 1 14 0.9621 0.0504 105 384
191-0-1-0.05-50-0 0 2373 30 9 8 6 0.6008 0.6134 266 161
191-0-1-0.05-50-0 0 2373 25 30 9 8 0.9430 0.6008 125 266
191-0-1-0.05-50-0 0 2374 4 44 4 2 0.0723 0.7034 351 118
191-0-1-0.05-50-0 0 2374 49 7 10 2 0.1842 0.9267 136 106
191-0-1-0.05-50-0 0 2375 25 10 9 3 0.9430 0.2533 125 449
191-0-1-0.05-50-0 0 2375 45 25 2 9 0.3816 0.9430 173 125
191-0-1-0.05-50-0 0 2376 4 6 5 1 0.0723 0.4266 351 249
191-0-1-0.05-50-0 0 2376 14 4 3 5 0.8451 0.0723 105 351
191-0-1-0.05-50-0 0 2377 48 30 9 7 0.1153 0.6008 334 266
191-0-1-0.05-50-0 0 2377 44 2 1 2 0.7034 0.8198 118 167
191-0-1-0.05-50-0 0 2378 49 11 10 14 0.1842 0.0504 136 384
191-0-1-0.05-50-0 0 2378 49 48 10 9 0.1842 0.1153 136 334
191-0-1-0.05-50-0 0 2379 11 11 12 12 0.0504 0.0504 384 384
191-0-1-0.05-50-0 0 2379 25 24 9 7 0.9430 0.1940 125 254
191-0-1-0.05-50-0 0 2380 25 49 9 10 0.9430 0.1842 125 136
191-0-1-0.05-50-0 0 2380 40 25 2 9 0.9739 0.9430 104 125
191-0-1-0.05-50-0 0 2381 49 11 9 12 0.1842 0.0504 136 384
191-0-1-0.05-50-0 0 2381 11 4 11 4 0.0504 0.0723 384 351
191-0-1-0.05-50-0 0 2382 49 13 8 6 0.1842 0.8878 136 151
191-0-1-0.05-50-0 0 2382 23 40 5 2 0.1698 0.9739 476 104
191-0-1-0.05-50-0 0 2383 49 13 8 4 0.1842 0.8878 136 151
191-0-1-0.05-50-0 0 2383 32 48 1 9 0.6514 0.1153 215 334
191-0-1-0.05-50-0 0 2384 30 16 4 11 0.6008 0.2228 266 149
191-0-1-0.05-50-0 0 2384 45 48 3 8 0.3816 0.1153 173 334
191-0-1-0.05-50-0 0 2385 13 35 4 1 0.8878 0.0354 151 158
191-0-1-0.05-50-0 0 2385 9 39 6 1 0.6134 0.2187 161 309
191-0-1-0.05-50-0 0 2386 32 24 1 7 0.6514 0.1940 215 254
191-0-1-0.05-50-0 0 2386 27 16 1 10 0.0776 0.2228 149 149
191-0-1-0.05-50-0 0 2387 13 49 4 9 0.8878 0.1842 151 136
191-0-1-0.05-50-0 0 2387 3 48 2 7 0.4813 0.1153 321 334
191-0-1-0.05-50-0 0 2388 25 4 12 2 0.9430 0.0723 125 351
191-0-1-0.05-50-0 0 2388 2 23 4 3 0.8198 0.1698 167 476
191-0-1-0.05-50-0 0 2389 1 14 2 3 0.2520 0.8451 409 105
191-0-1-0.05-50-0 0 2389 38 6 4 2 0.6163 0.4266 270 249
191-0-1-0.05-50-0 0 2390 25 16 13 9 0.9430 0.2228 125 149
191-0-1-0.05-50-0 0 2390 1 13 2 4 0.2520 0.8878 409 151
191-0-1-0.05-50-0 0 2391 49 16 8 8 0.1842 0.2228 136 149
191-0-1-0.05-50-0 0 2391 36 1 3 2 0.8162 0.2520 165 409
191-0-1-0.05-50-0 0 2392 5 24 5 6 0.0007 0.1940 226 254
191-0-1-0.05-50-0 0 2392 30 38 3 4 0.6008 0.6163 266 270
191-0-1-0.05-50-0 0 2393 36 2 3 3 0.8162 0.8198 165 167
191-0-1-0.05-50-0 0 2393 25 25 15 15 0.9430 0.9430 125 125
191-0-1-0.05-50-0 0 2394 11 49 13 9 0.0504 0.1842 384 136
191-0-1-0.05-50-0 0 2394 38 3 4 3 0.6163 0.4813 270 321
191-0-1-0.05-50-0 0 2395 11 40 15 3 0.0504 0.9739 384 104
191-0-1-0.05-50-0 0 2395 24 49 5 8 0.1940 0.1842 254 136
191-0-1-0.05-50-0 0 2396 9 7 10 1 0.6134 0.9267 161 106
191-0-1-0.05-50-0 0 2396 11 38 15 5 0.0504 0.6163 384 270
191-0-1-0.05-50-0 0 2397 1 9 1 10 0.2520 0.6134 409 161
191-0-1-0.05-50-0 0 2397 3 11 3 15 0.4813 0.0504 321 384
191-0-1-0.05-50-0 0 2398 13 46 3 1 0.8878 0.3451 151 327
191-0-1-0.05-50-0 0 2398 9 49 10 6 0.6134 0.1842 161 136
191-0-1-0.05-50-0 0 2399 25 25 12 12 0.9430 0.9430 125 125
191-0-1-0.05-50-0 0 2399 11 11 14 14 0.0504 0.0504 384 384
191-0-1-0.05-50-0 0 2400 49 25 7 11 0.1842 0.9430 136 125
191-0-1-0.05-50-0 0 2400 38 49 4 7 0.6163 0.1842 270 136
191-0-1-0.05-50-0 0 2401 20 10 1 6 0.9922 0.2533 102 449
191-0-1-0.05-50-0 0 2401 49 48 6 6 0.1842 0.1153 136 334
191-0-1-0.05-50-0 0 2402 10 33 6 2 0.2533 0.6893 449 191
191-0-1-0.05-50-0 0 2402 45 11 3 14 0.3816 0.0504 173 384
191-0-1-0.05-50-0 0 2403 24 1 7 2 0.1940 0.2520 254 409
191-0-1-0.05-50-0 0 2403 16 16 8 8 0.2228 0.2228 149 149
191-0-1-0.05-50-0 0 2404 5 37 12 3 0.0007 0.8481 226 127
191-0-1-0.05-50-0 0 2404 16 10 7 8 0.2228 0.2533 149 449
191-0-1-0.05-50-0 0 2405 25 5 12 12 0.9430 0.0007 125 226
191-0-1-0.05-50-0 0 2405 48 10 4 8 0.1153 0.2533 334 449
191-0-1-0.05-50-0 0 2406 29 25 4 12 0.6728 0.9430 177 125
191-0-1-0.05-50-0 0 2406 11 13 16 3 0.0504 0.8878 384 151
191-0-1-0.05-50-0 0 2407 37 24 2 7 0.8481 0.1940 127 254
191-0-1-0.05-50-0 0 2407 49 36 6 4 0.1842 0.8162 136 165
191-0-1-0.05-50-0 0 2408 36 49 3 6 0.8162 0.1842 165 136
191-0-1-0.05-50-0 0 2408 37 13 2 4 0.8481 0.8878 127 151
191-0-1-0.05-50-0 0 2409 11 4 19 1 0.0504 0.0723 384 351
191-0-1-0.05-50-0 0 2409 5 29 12 4 0.0007 0.6728 226 177
191-0-1-0.05-50-0 0 2410 25 8 11 1 0.9430 0.2506 125 303
191-0-1-0.05-50-0 0 2410 11 24 19 4 0.0504 0.1940 384 254
191-0-1-0.05-50-0 0 2411 10 20 8 1 0.2533 0.9922 449 102
191-0-1-0.05-50-0 0 2411 2 30 2 3 0.8198 0.6008 167 266
191-0-1-0.05-50-0 0 2412 11 24 19 3 0.0504 0.1940 384 254
191-0-1-0.05-50-0 0 2412 9 38 12 5 0.6134 0.6163 161 270
191-0-1-0.05-50-0 0 2413 46 16 3 7 0.3451 0.2228 327 149
191-0-1-0.05-50-0 0 2413 11 16 18 6 0.0504 0.2228 384 149
191-0-1-0.05-50-0 0 2414 1 14 3 1 0.2520 0.8451 409 105
191-0-1-0.05-50-0 0 2414 46 23 3 1 0.3451 0.1698 327 476
191-0-1-0.05-50-0 0 2415 25 1 10 3 0.9430 0.2520 125 409
191-0-1-0.05-50-0 0 2415 32 11 3 17 0.6514 0.0504 215 384
191-0-1-0.05-50-0 0 2416 9 40 12 2 0.6134 0.9739 161 104
191-0-1-0.05-50-0 0 2416 11 25 17 11 0.0504 0.9430 384 125
191-0-1-0.05-50-0 0 2417 9 30 13 2 0.6134 0.6008 161 266
191-0-1-0.05-50-0 0 2417 11 5 17 16 0.0504 0.0007 384 226
191-0-1-0.05-50-0 0 2418 32 5 6 15 0.6514 0.0007 215 226
191-0-1-0.05-50-0 0 2418 10 49 8 4 0.2533 0.1842 449 136
191-0-1-0.05-50-0 0 2419 13 5 5 16 0.8878 0.0007 151 226
191-0-1-0.05-50-0 0 2419 11 43 16 1 0.0504 0.8316 384 123
191-0-1-0.05-50-0 0 2420 37 16 4 4 0.8481 0.2228 127 149
191-0-1-0.05-50-0 0 2420 5 48 15 3 0.0007 0.1153 226 334
191-0-1-0.05-50-0 0 2421 25 9 8 16 0.9430 0.6134 125 161
191-0-1-0.05-50-0 0 2421 37 5 4 15 0.8481 0.0007 127 226
191-0-1-0.05-50-0 0 2422 11 6 14 1 0.0504 0.4266 384 249
191-0-1-0.05-50-0 0 2422 5 8 15 3 0.0007 0.2506 226 303
191-0-1-0.05-50-0 0 2423 40 11 1 15 0.9739 0.0504 104 384
191-0-1-0.05-50-0 0 2423 9 25 18 8 0.6134 0.9430 161 125
191-0-1-0.05-50-0 0 2424 46 32 3 5 0.3451 0.6514 327 215
191-0-1-0.05-50-0 0 2424 10 11 6 16 0.2533 0.0504 449 384
191-0-1-0.05-50-0 0 2425 9 5 18 15 0.6134 0.0007 161 226
191-0-1-0.05-50-0 0 2425 9 9 18 18 0.6134 0.6134 161 161
191-0-1-0.05-50-0 0 2426 29 9 5 19 0.6728 0.6134 177 161
191-0-1-0.05-50-0 0 2426 29 3 5 2 0.6728 0.4813 177 321
191-0-1-0.05-50-0 0 2427 37 5 5 10 0.8481 0.0007 127 226
191-0-1-0.05-50-0 0 2427 5 25 9 7 0.0007 0.9430 226 125
191-0-1-0.05-50-0 0 2428 10 29 7 5 0.2533 0.6728 449 177
191-0-1-0.05-50-0 0 2428 9 2 16 2 0.6134 0.8198 161 167
191-0-1-0.05-50-0 0 2429 11 11 16 16 0.0504 0.0504 384 384
191-0-1-0.05-50-0 0 2429 46 10 3 7 0.3451 0.2533 327 449
191-0-1-0.05-50-0 0 2430 8 9 2 15 0.2506 0.6134 303 161
191-0-1-0.05-50-0 0 2430 24 28 2 1 0.1940 0.3846 254 311
191-0-1-0.05-50-0 0 2431 25 11 4 14 0.9430 0.0504 125 384
191-0-1-0.05-50-0 0 2431 13 49 5 2 0.8878 0.1842 151 136
191-0-1-0.05-50-0 0 2432 42 38 2 5 0.7447 0.6163 106 270
191-0-1-0.05-50-0 0 2432 13 11 5 15 0.8878 0.0504 151 384
191-0-1-0.05-50-0 0 2433 9 37 16 6 0.6134 0.8481 161 127
191-0-1-0.05-50-0 0 2433 37 38 5 4 0.8481 0.6163 127 270
191-0-1-0.05-50-0 0 2434 5 30 7 2 0.0007 0.6008 226 266
191-0-1-0.05-50-0 0 2434 29 5 4 7 0.6728 0.0007 177 226
191-0-1-0.05-50-0 0 2435 29 1 3 4 0.6728 0.2520 177 409
191-0-1-0.05-50-0 0 2435 23 10 1 7 0.1698 0.2533 476 449
191-0-1-0.05-50-0 0 2436 33 2 1 2 0.6893 0.8198 191 167
191-0-1-0.05-50-0 0 2436 25 45 3 3 0.9430 0.3816 125 173
191-0-1-0.05-50-0 0 2437 10 1 6 3 0.2533 0.2520 449 409
191-0-1-0.05-50-0 0 2437 37 34 9 1 0.8481 0.7448 127 168
191-0-1-0.05-50-0 0 2438 50 13 1 7 0.2147 0.8878 147 151
191-0-1-0.05-50-0 0 2438 9 37 17 9 0.6134 0.8481 161 127
191-0-1-0.05-50-0 0 2439 5 1 7 2 0.0007 0.2520 226 409
191-0-1-0.05-50-0 0 2439 11 10 18 6 0.0504 0.2533 384 449
191-0-1-0.05-50-0 0 2440 9 25 17 4 0.6134 0.9430 161 125
191-0-1-0.05-50-0 0 2440 44 11 1 19 0.7034 0.0504 118 384
191-0-1-0.05-50-0 0 2441 48 29 5 3 0.1153 0.6728 334 177
191-0-1-0.05-50-0 0 2441 11 9 18 18 0.0504 0.6134 384 161
191-0-1-0.05-50-0 0 2442 11 11 19 19 0.0504 0.0504 384 384
191-0-1-0.05-50-0 0 2442 11 9 18 16 0.0504 0.6134 384 161
191-0-1-0.05-50-0 0 2443 13 9 5 16 0.8878 0.6134 151 161
191-0-1-0.05-50-0 0 2443 11 13 17 5 0.0504 0.8878 384 151
191-0-1-0.05-50-0 0 2444 5 48 7 6 0.0007 0.1153 226 334
191-0-1-0.05-50-0 0 2444 11 32 17 8 0.0504 0.6514 384 215
191-0-1-0.05-50-0 0 2445 32 24 8 1 0.6514 0.1940 215 254
191-0-1-0.05-50-0 0 2445 37 10 10 4 0.8481 0.2533 127 449
191-0-1-0.05-50-0 0 2446 11 45 17 3 0.0504 0.3816 384 173
191-0-1-0.05-50-0 0 2446 9 30 14 2 0.6134 0.6008 161 266
191-0-1-0.05-50-0 0 2447 11 37 19 10 0.0504 0.8481 384 127
191-0-1-0.05-50-0 0 2447 45 16 2 4 0.3816 0.2228 173 149
191-0-1-0.05-50-0 0 2448 8 38 2 4 0.2506 0.6163 303 270
191-0-1-0.05-50-0 0 2448 32 23 9 2 0.6514 0.1698 215 476
191-0-1-0.05-50-0 0 2449 11 48 19 4 0.0504 0.1153 384 334
191-0-1-0.05-50-0 0 2449 16 11 3 19 0.2228 0.0504 149 384
191-0-1-0.05-50-0 0 2450 39 11 1 17 0.2187 0.0504 309 384
191-0-1-0.05-50-0 0 2451 9 9 15 15 0.6134 0.6134 161 161
191-0-1-0.05-50-0 0 2452 11 32 14 9 0.0504 0.6514 384 215
191-0-1-0.05-50-0 0 2453 13 5 6 8 0.8878 0.0007 151 226
191-0-1-0.05-50-0 0 2454 32 32 8 8 0.6514 0.6514 215 215
191-0-1-0.05-50-0 0 2454 5 13 7 7 0.0007 0.8878 226 151
191-0-1-0.05-50-0 0 2455 13 6 6 3 0.8878 0.4266 151 249
191-0-1-0.05-50-0 0 2455 43 14 2 2 0.8316 0.8451 123 105
191-0-1-0.05-50-0 0 2456 42 11 2 18 0.7447 0.0504 106 384
191-0-1-0.05-50-0 0 2456 32 38 7 5 0.6514 0.6163 215 270
191-0-1-0.05-50-0 0 2457 38 45 4 3 0.6163 0.3816 270 173
191-0-1-0.05-50-0 0 2457 50 9 1 11 0.2147 0.6134 147 161
191-0-1-0.05-50-0 0 2458 37 11 6 19 0.8481 0.0504 127 384
191-0-1-0.05-50-0 0 2458 23 8 2 2 0.1698 0.2506 476 303
191-0-1-0.05-50-0 0 2459 10 9 4 11 0.2533 0.6134 449 161
191-0-1-0.05-50-0 0 2459 11 5 19 6 0.0504 0.0007 384 226
191-0-1-0.05-50-0 0 2460 11 25 20 1 0.0504 0.9430 384 125
191-0-1-0.05-50-0 0 2460 13 29 7 4 0.8878 0.6728 151 177
191-0-1-0.05-50-0 0 2461 9 9 9 9 0.6134 0.6134 161 161
191-0-1-0.05-50-0 0 2461 10 11 5 22 0.2533 0.0504 449 384
191-0-1-0.05-50-0 0 2462 13 32 7 7 0.8878 0.6514 151 215
191-0-1-0.05-50-0 0 2462 38 6 3 2 0.6163 0.4266 270 249
191-0-1-0.05-50-0 0 2463 11 11 22 22 0.0504 0.0504 384 384
191-0-1-0.05-50-0 0 2463 15 38 1 3 0.7918 0.6163 149 270
191-0-1-0.05-50-0 0 2464 14 38 1 2 0.8451 0.6163 105 270
191-0-1-0.05-50-0 0 2464 5 19 4 1 0.0007 0.8072 226 134
191-0-1-0.05-50-0 0 2465 7 44 2 1 0.9267 0.7034 106 118
191-0-1-0.05-50-0 0 2465 30 9 2 9 0.6008 0.6134 266 161
191-0-1-0.05-50-0 0 2466 11 13 25 7 0.0504 0.8878 384 151
191-0-1-0.05-50-0 0 2466 29 33 3 4 0.6728 0.6893 177 191
191-0-1-0.05-50-0 0 2467 33 33 3 3 0.6893 0.6893 191 191
191-0-1-0.05-50-0 0 2467 9 5 7 4 0.6134 0.0007 161 226
191-0-1-0.05-50-0 0 2468 43 29 2 3 0.8316 0.6728 123 177
191-0-1-0.05-50-0 0 2468 48 5 4 3 0.1153 0.0007 334 226
191-0-1-0.05-50-0 0 2469 41 30 2 1 0.9621 0.6008 105 266
191-0-1-0.05-50-0 0 2469 9 11 7 27 0.6134 0.0504 161 384
191-0-1-0.05-50-0 0 2470 24 11 3 26 0.1940 0.0504 254 384
191-0-1-0.05-50-0 0 2470 37 37 5 5 0.8481 0.8481 127 127
191-0-1-0.05-50-0 0 2471 43 11 2 24 0.8316 0.0504 123 384
191-0-1-0.05-50-0 0 2472 9 13 9 6 0.6134 0.8878 161 151
191-0-1-0.05-50-0 0 2472 7 11 3 23 0.9267 0.0504 106 384
191-0-1-0.05-50-0 0 2473 9 5 9 3 0.6134 0.0007 161 226
191-0-1-0.05-50-0 0 2473 11 48 23 5 0.0504 0.1153 384 334
191-0-1-0.05-50-0 0 2474 11 9 23 9 0.0504 0.6134 384 161
191-0-1-0.05-50-0 0 2474 42 7 3 2 0.7447 0.9267 106 106
191-0-1-0.05-50-0 0 2475 13 10 4 7 0.8878 0.2533 151 449
191-0-1-0.05-50-0 0 2475 32 20 6 1 0.6514 0.9922 215 102
191-0-1-0.05-50-0 0 2476 13 29 4 7 0.8878 0.6728 151 177
191-0-1-0.05-50-0 0 2476 9 6 7 2 0.6134 0.4266 161 249
191-0-1-0.05-50-0 0 2477 32 36 7 4 0.6514 0.8162 215 165
191-0-1-0.05-50-0 0 2477 9 11 6 25 0.6134 0.0504 161 384
191-0-1-0.05-50-0 0 2478 35 29 5 6 0.0354 0.6728 158 177
191-0-1-0.05-50-0 0 2478 13 32 4 8 0.8878 0.6514 151 215
191-0-1-0.05-50-0 0 2479 36 15 5 1 0.8162 0.7918 165 149
191-0-1-0.05-50-0 0 2479 6 48 1 7 0.4266 0.1153 249 334
191-0-1-0.05-50-0 0 2480 35 45 6 2 0.0354 0.3816 158 173
191-0-1-0.05-50-0 0 2480 11 14 25 1 0.0504 0.8451 384 105
191-0-1-0.05-50-0 0 2481 11 32 25 8 0.0504 0.6514 384 215
191-0-1-0.05-50-0 0 2481 42 48 4 8 0.7447 0.1153 106 334
191-0-1-0.05-50-0 0 2482 9 48 7 7 0.6134 0.1153 161 334
191-0-1-0.05-50-0 0 2482 41 13 2 3 0.9621 0.8878 105 151
191-0-1-0.05-50-0 0 2483 9 24 7 2 0.6134 0.1940 161 254
191-0-1-0.05-50-0 0 2483 35 13 7 2 0.0354 0.8878 158 151
191-0-1-0.05-50-0 0 2484 11 48 25 7 0.0504 0.1153 384 334
191-0-1-0.05-50-0 0 2484 36 9 7 6 0.8162 0.6134 165 161
191-0-1-0.05-50-0 0 2485 12 10 1 11 0.1896 0.2533 325 449
191-0-1-0.05-50-0 0 2485 11 4 24 1 0.0504 0.0723 384 351
191-0-1-0.05-50-0 0 2486 48 10 7 10 0.1153 0.2533 334 449
191-0-1-0.05-50-0 0 2486 3 8 4 4 0.4813 0.2506 321 303
191-0-1-0.05-50-0 0 2487 48 32 8 9 0.1153 0.6514 334 215
191-0-1-0.05-50-0 0 2487 48 38 8 4 0.1153 0.6163 334 270
191-0-1-0.05-50-0 0 2488 36 29 6 4 0.8162 0.6728 165 177
191-0-1-0.05-50-0 0 2488 35 29 8 3 0.0354 0.6728 158 177
191-0-1-0.05-50-0 0 2489 11 33 26 4 0.0504 0.6893 384 191
191-0-1-0.05-50-0 0 2489 11 12 26 1 0.0504 0.1896 384 325
191-0-1-0.05-50-0 0 2490 49 11 2 26 0.1842 0.0504 136 384
191-0-1-0.05-50-0 0 2490 9 32 7 8 0.6134 0.6514 161 215
191-0-1-0.05-50-0 0 2491 48 33 8 3 0.1153 0.6893 334 191
191-0-1-0.05-50-0 0 2491 36 11 6 26 0.8162 0.0504 165 384
191-0-1-0.05-50-0 0 2492 35 25 10 2 0.0354 0.9430 158 125
191-0-1-0.05-50-0 0 2492 10 43 13 5 0.2533 0.8316 449 123
191-0-1-0.05-50-0 0 2493 11 35 25 10 0.0504 0.0354 384 158
191-0-1-0.05-50-0 0 2493 39 32 5 8 0.2187 0.6514 309 215
191-0-1-0.05-50-0 0 2494 36 11 6 25 0.8162 0.0504 165 384
191-0-1-0.05-50-0 0 2494 3 48 4 7 0.4813 0.1153 321 334
191-0-1-0.05-50-0 0 2495 48 3 6 3 0.1153 0.4813 334 321
191-0-1-0.05-50-0 0 2495 36 9 6 8 0.8162 0.6134 165 161
191-0-1-0.05-50-0 0 2496 9 10 8 12 0.6134 0.2533 161 449
191-0-1-0.05-50-0 0 2496 41 49 6 2 0.9621 0.1842 105 136
191-0-1-0.05-50-0 0 2497 29 9 3 8 0.6728 0.6134 177 161
191-0-1-0.05-50-0 0 2497 11 9 26 7 0.0504 0.6134 384 161
191-0-1-0.05-50-0 0 2498 10 32 12 7 0.2533 0.6514 449 215
191-0-1-0.05-50-0 0 2498 11 31 26 1 0.0504 0.5626 384 252
191-0-1-0.05-50-0 0 2499 49 42 1 4 0.1842 0.7447 136 106
191-0-1-0.05-50-0 0 2499 11 11 25 25 0.0504 0.0504 384 384
191-0-1-0.05-50-0 0 2500 11 10 25 12 0.0504 0.2533 384 449
191-0-1-0.05-50-0 0 2500 7 13 1 3 0.9267 0.8878 106 151
