198-0-1-0.05-50-0 0 2302 14 7 5 3 0.8451 0.9267 105 106
198-0-1-0.05-50-0 0 2302 16 30 17 5 0.2228 0.6008 149 266
198-0-1-0.05-50-0 0 2303 10 45 15 3 0.2533 0.3816 449 173
198-0-1-0.05-50-0 0 2303 27 14 16 6 0.0776 0.8451 149 105
198-0-1-0.05-50-0 0 2304 27 23 17 5 0.0776 0.1698 149 476
198-0-1-0.05-50-0 0 2304 24 10 7 17 0.1940 0.2533 254 449
198-0-1-0.05-50-0 0 2305 16 16 16 16 0.2228 0.2228 149 149
198-0-1-0.05-50-0 0 2305 15 10 6 16 0.7918 0.2533 149 449
198-0-1-0.05-50-0 0 2306 15 16 5 16 0.7918 0.2228 149 149
198-0-1-0.05-50-0 0 2306 34 27 6 19 0.7448 0.0776 168 149
198-0-1-0.05-50-0 0 2307 27 34 19 7 0.0776 0.7448 149 168
198-0-1-0.05-50-0 0 2307 17 24 6 8 0.6398 0.1940 197 254
198-0-1-0.05-50-0 0 2308 27 24 21 8 0.0776 0.1940 149 254
198-0-1-0.05-50-0 0 2308 40 27 3 21 0.9739 0.0776 104 149
198-0-1-0.05-50-0 0 2309 33 27 1 20 0.6893 0.0776 191 149
198-0-1-0.05-50-0 0 2309 24 49 7 2 0.1940 0.1842 254 136
198-0-1-0.05-50-0 0 2310 47 17 2 6 0.9293 0.6398 103 197
198-0-1-0.05-50-0 0 2310 22 46 8 10 0.0160 0.3451 311 327
198-0-1-0.05-50-0 0 2311 34 14 7 4 0.7448 0.8451 168 105
198-0-1-0.05-50-0 0 2311 27 16 18 16 0.0776 0.2228 149 149
198-0-1-0.05-50-0 0 2312 27 16 19 15 0.0776 0.2228 149 149
198-0-1-0.05-50-0 0 2312 16 15 14 4 0.2228 0.7918 149 149
198-0-1-0.05-50-0 0 2313 30 21 9 3 0.6008 0.4184 266 158
198-0-1-0.05-50-0 0 2313 10 24 19 8 0.2533 0.1940 449 254
198-0-1-0.05-50-0 0 2314 24 27 7 19 0.1940 0.0776 254 149
198-0-1-0.05-50-0 0 2314 46 34 8 9 0.3451 0.7448 327 168
198-0-1-0.05-50-0 0 2315 10 46 19 7 0.2533 0.3451 449 327
198-0-1-0.05-50-0 0 2315 10 16 19 15 0.2533 0.2228 449 149
198-0-1-0.05-50-0 0 2316 10 22 19 8 0.2533 0.0160 449 311
198-0-1-0.05-50-0 0 2316 27 5 18 2 0.0776 0.0007 149 226
198-0-1-0.05-50-0 0 2317 22 24 7 7 0.0160 0.1940 311 254
198-0-1-0.05-50-0 0 2317 22 27 7 19 0.0160 0.0776 311 149
198-0-1-0.05-50-0 0 2318 4 10 3 20 0.0723 0.2533 351 449
198-0-1-0.05-50-0 0 2318 27 17 18 3 0.0776 0.6398 149 197
198-0-1-0.05-50-0 0 2319 29 46 4 7 0.6728 0.3451 177 327
198-0-1-0.05-50-0 0 2319 14 15 3 1 0.8451 0.7918 105 149
198-0-1-0.05-50-0 0 2320 40 46 4 6 0.9739 0.3451 104 327
198-0-1-0.05-50-0 0 2320 10 27 19 18 0.2533 0.0776 449 149
198-0-1-0.05-50-0 0 2321 22 11 8 2 0.0160 0.0504 311 384
198-0-1-0.05-50-0 0 2321 16 27 15 16 0.2228 0.0776 149 149
198-0-1-0.05-50-0 0 2322 22 2 8 5 0.0160 0.8198 311 167
198-0-1-0.05-50-0 0 2322 23 30 5 9 0.1698 0.6008 476 266
198-0-1-0.05-50-0 0 2323 46 40 4 6 0.3451 0.9739 327 104
198-0-1-0.05-50-0 0 2323 16 30 12 9 0.2228 0.6008 149 266
198-0-1-0.05-50-0 0 2324 16 27 12 13 0.2228 0.0776 149 149
198-0-1-0.05-50-0 0 2324 24 2 9 6 0.1940 0.8198 254 167
198-0-1-0.05-50-0 0 2325 21 27 3 12 0.4184 0.0776 158 149
198-0-1-0.05-50-0 0 2325 24 46 10 4 0.1940 0.3451 254 327
198-0-1-0.05-50-0 0 2326 48 16 1 15 0.1153 0.2228 334 149
198-0-1-0.05-50-0 0 2326 10 16 22 14 0.2533 0.2228 449 149
198-0-1-0.05-50-0 0 2327 7 10 3 22 0.9267 0.2533 106 449
198-0-1-0.05-50-0 0 2327 24 37 10 2 0.1940 0.8481 254 127
198-0-1-0.05-50-0 0 2328 10 34 23 9 0.2533 0.7448 449 168
198-0-1-0.05-50-0 0 2328 21 6 2 4 0.4184 0.4266 158 249
198-0-1-0.05-50-0 0 2329 10 30 23 15 0.2533 0.6008 449 266
198-0-1-0.05-50-0 0 2329 27 34 10 8 0.0776 0.7448 149 168
198-0-1-0.05-50-0 0 2330 24 45 10 2 0.1940 0.3816 254 173
198-0-1-0.05-50-0 0 2330 10 23 23 5 0.2533 0.1698 449 476
198-0-1-0.05-50-0 0 2331 27 24 11 9 0.0776 0.1940 149 254
198-0-1-0.05-50-0 0 2331 10 24 25 8 0.2533 0.1940 449 254
198-0-1-0.05-50-0 0 2332 47 7 1 6 0.9293 0.9267 103 106
198-0-1-0.05-50-0 0 2332 38 23 1 3 0.6163 0.1698 270 476
198-0-1-0.05-50-0 0 2333 27 30 12 16 0.0776 0.6008 149 266
198-0-1-0.05-50-0 0 2333 10 21 25 2 0.2533 0.4184 449 158
198-0-1-0.05-50-0 0 2334 34 29 6 4 0.7448 0.6728 168 177
198-0-1-0.05-50-0 0 2334 22 10 8 25 0.0160 0.2533 311 449
198-0-1-0.05-50-0 0 2335 24 10 7 25 0.1940 0.2533 254 449
198-0-1-0.05-50-0 0 2335 30 29 16 3 0.6008 0.6728 266 177
198-0-1-0.05-50-0 0 2336 27 46 11 5 0.0776 0.3451 149 327
198-0-1-0.05-50-0 0 2336 45 46 1 4 0.3816 0.3451 173 327
198-0-1-0.05-50-0 0 2337 17 10 2 25 0.6398 0.2533 197 449
198-0-1-0.05-50-0 0 2337 10 22 24 9 0.2533 0.0160 449 311
198-0-1-0.05-50-0 0 2338 23 37 7 4 0.1698 0.8481 476 127
198-0-1-0.05-50-0 0 2338 30 36 15 4 0.6008 0.8162 266 165
198-0-1-0.05-50-0 0 2339 10 10 27 27 0.2533 0.2533 449 449
198-0-1-0.05-50-0 0 2339 48 10 1 26 0.1153 0.2533 334 449
198-0-1-0.05-50-0 0 2340 16 10 9 24 0.2228 0.2533 149 449
198-0-1-0.05-50-0 0 2340 27 23 9 7 0.0776 0.1698 149 476
198-0-1-0.05-50-0 0 2341 40 14 3 2 0.9739 0.8451 104 105
198-0-1-0.05-50-0 0 2341 38 22 1 8 0.6163 0.0160 270 311
198-0-1-0.05-50-0 0 2342 10 34 24 6 0.2533 0.7448 449 168
198-0-1-0.05-50-0 0 2342 40 2 3 10 0.9739 0.8198 104 167
198-0-1-0.05-50-0 0 2343 27 30 9 17 0.0776 0.6008 149 266
198-0-1-0.05-50-0 0 2343 5 16 8 10 0.0007 0.2228 226 149
198-0-1-0.05-50-0 0 2343 16 2 9 9 0.2228 0.8198 149 167
198-0-1-0.05-50-0 0 2344 36 10 3 25 0.8162 0.2533 165 449
198-0-1-0.05-50-0 0 2344 14 30 2 13 0.8451 0.6008 105 266
198-0-1-0.05-50-0 0 2344 4 17 4 2 0.0723 0.6398 351 197
198-0-1-0.05-50-0 0 2345 11 46 2 2 0.0504 0.3451 384 327
198-0-1-0.05-50-0 0 2345 23 41 7 1 0.1698 0.9621 476 105
198-0-1-0.05-50-0 0 2345 47 2 2 10 0.9293 0.8198 103 167
198-0-1-0.05-50-0 0 2346 47 4 2 6 0.9293 0.0723 103 351
198-0-1-0.05-50-0 0 2346 22 27 7 10 0.0160 0.0776 311 149
198-0-1-0.05-50-0 0 2346 30 11 12 3 0.6008 0.0504 266 384
198-0-1-0.05-50-0 0 2347 10 22 23 8 0.2533 0.0160 449 311
198-0-1-0.05-50-0 0 2347 10 10 23 23 0.2533 0.2533 449 449
198-0-1-0.05-50-0 0 2347 10 48 22 2 0.2533 0.1153 449 334
198-0-1-0.05-50-0 0 2348 22 47 6 2 0.0160 0.9293 311 103
198-0-1-0.05-50-0 0 2348 23 22 7 6 0.1698 0.0160 476 311
198-0-1-0.05-50-0 0 2349 10 10 21 21 0.2533 0.2533 449 449
198-0-1-0.05-50-0 0 2349 10 2 20 9 0.2533 0.8198 449 167
198-0-1-0.05-50-0 0 2350 10 22 22 5 0.2533 0.0160 449 311
198-0-1-0.05-50-0 0 2350 5 36 6 4 0.0007 0.8162 226 165
198-0-1-0.05-50-0 0 2351 14 30 1 14 0.8451 0.6008 105 266
198-0-1-0.05-50-0 0 2351 4 22 6 4 0.0723 0.0160 351 311
198-0-1-0.05-50-0 0 2352 27 36 9 2 0.0776 0.8162 149 165
198-0-1-0.05-50-0 0 2352 6 16 4 9 0.4266 0.2228 249 149
198-0-1-0.05-50-0 0 2353 30 23 13 6 0.6008 0.1698 266 476
198-0-1-0.05-50-0 0 2353 23 16 5 9 0.1698 0.2228 476 149
198-0-1-0.05-50-0 0 2354 2 37 8 5 0.8198 0.8481 167 127
198-0-1-0.05-50-0 0 2354 24 38 5 3 0.1940 0.6163 254 270
198-0-1-0.05-50-0 0 2355 22 6 5 5 0.0160 0.4266 311 249
198-0-1-0.05-50-0 0 2355 5 2 7 9 0.0007 0.8198 226 167
198-0-1-0.05-50-0 0 2356 16 22 8 4 0.2228 0.0160 149 311
198-0-1-0.05-50-0 0 2356 27 10 7 23 0.0776 0.2533 149 449
198-0-1-0.05-50-0 0 2357 24 8 5 1 0.1940 0.2506 254 303
198-0-1-0.05-50-0 0 2357 2 10 7 22 0.8198 0.2533 167 449
198-0-1-0.05-50-0 0 2358 11 4 2 7 0.0504 0.0723 384 351
198-0-1-0.05-50-0 0 2358 35 26 2 1 0.0354 0.8171 158 141
198-0-1-0.05-50-0 0 2359 10 10 21 21 0.2533 0.2533 449 449
198-0-1-0.05-50-0 0 2359 40 30 5 10 0.9739 0.6008 104 266
198-0-1-0.05-50-0 0 2360 40 33 4 2 0.9739 0.6893 104 191
198-0-1-0.05-50-0 0 2360 29 2 2 7 0.6728 0.8198 177 167
198-0-1-0.05-50-0 0 2361 40 40 4 4 0.9739 0.9739 104 104
198-0-1-0.05-50-0 0 2361 24 34 5 8 0.1940 0.7448 254 168
198-0-1-0.05-50-0 0 2362 11 24 3 5 0.0504 0.1940 384 254
198-0-1-0.05-50-0 0 2362 16 10 8 19 0.2228 0.2533 149 449
198-0-1-0.05-50-0 0 2363 7 34 7 7 0.9267 0.7448 106 168
198-0-1-0.05-50-0 0 2363 10 30 20 8 0.2533 0.6008 449 266
198-0-1-0.05-50-0 0 2364 33 15 1 1 0.6893 0.7918 191 149
198-0-1-0.05-50-0 0 2364 16 5 7 7 0.2228 0.0007 149 226
198-0-1-0.05-50-0 0 2365 5 10 6 19 0.0007 0.2533 226 449
198-0-1-0.05-50-0 0 2365 2 11 5 4 0.8198 0.0504 167 384
198-0-1-0.05-50-0 0 2366 10 22 17 3 0.2533 0.0160 449 311
198-0-1-0.05-50-0 0 2366 16 34 7 5 0.2228 0.7448 149 168
198-0-1-0.05-50-0 0 2367 11 10 3 18 0.0504 0.2533 384 449
198-0-1-0.05-50-0 0 2367 29 5 1 7 0.6728 0.0007 177 226
198-0-1-0.05-50-0 0 2368 7 27 12 7 0.9267 0.0776 106 149
198-0-1-0.05-50-0 0 2368 22 11 2 3 0.0160 0.0504 311 384
198-0-1-0.05-50-0 0 2369 27 27 6 6 0.0776 0.0776 149 149
198-0-1-0.05-50-0 0 2369 10 16 19 9 0.2533 0.2228 449 149
198-0-1-0.05-50-0 0 2370 30 16 6 8 0.6008 0.2228 266 149
198-0-1-0.05-50-0 0 2370 23 6 4 7 0.1698 0.4266 476 249
198-0-1-0.05-50-0 0 2371 37 7 2 12 0.8481 0.9267 127 106
198-0-1-0.05-50-0 0 2371 16 30 8 5 0.2228 0.6008 149 266
198-0-1-0.05-50-0 0 2372 27 5 4 5 0.0776 0.0007 149 226
198-0-1-0.05-50-0 0 2372 36 33 1 1 0.8162 0.6893 165 191
198-0-1-0.05-50-0 0 2373 14 14 4 4 0.8451 0.8451 105 105
198-0-1-0.05-50-0 0 2373 7 38 13 6 0.9267 0.6163 106 270
198-0-1-0.05-50-0 0 2374 5 21 4 1 0.0007 0.4184 226 158
198-0-1-0.05-50-0 0 2374 6 2 6 5 0.4266 0.8198 249 167
198-0-1-0.05-50-0 0 2375 27 27 7 7 0.0776 0.0776 149 149
198-0-1-0.05-50-0 0 2375 29 16 1 11 0.6728 0.2228 177 149
198-0-1-0.05-50-0 0 2376 24 27 7 7 0.1940 0.0776 254 149
198-0-1-0.05-50-0 0 2376 30 28 4 2 0.6008 0.3846 266 311
198-0-1-0.05-50-0 0 2377 10 7 19 12 0.2533 0.9267 449 106
198-0-1-0.05-50-0 0 2377 29 23 2 5 0.6728 0.1698 177 476
198-0-1-0.05-50-0 0 2378 10 24 21 9 0.2533 0.1940 449 254
198-0-1-0.05-50-0 0 2378 38 16 6 10 0.6163 0.2228 270 149
198-0-1-0.05-50-0 0 2379 7 38 11 7 0.9267 0.6163 106 270
198-0-1-0.05-50-0 0 2379 27 16 7 10 0.0776 0.2228 149 149
198-0-1-0.05-50-0 0 2380 6 14 8 2 0.4266 0.8451 249 105
198-0-1-0.05-50-0 0 2380 1 5 3 5 0.2520 0.0007 409 226
198-0-1-0.05-50-0 0 2381 2 1 3 3 0.8198 0.2520 167 409
198-0-1-0.05-50-0 0 2381 6 43 7 1 0.4266 0.8316 249 123
198-0-1-0.05-50-0 0 2382 1 14 2 2 0.2520 0.8451 409 105
198-0-1-0.05-50-0 0 2382 11 16 3 11 0.0504 0.2228 384 149
198-0-1-0.05-50-0 0 2383 22 7 1 10 0.0160 0.9267 311 106
198-0-1-0.05-50-0 0 2383 10 4 22 9 0.2533 0.0723 449 351
198-0-1-0.05-50-0 0 2384 27 30 9 3 0.0776 0.6008 149 266
198-0-1-0.05-50-0 0 2384 11 6 2 6 0.0504 0.4266 384 249
198-0-1-0.05-50-0 0 2385 27 38 10 9 0.0776 0.6163 149 270
198-0-1-0.05-50-0 0 2385 7 29 8 2 0.9267 0.6728 106 177
198-0-1-0.05-50-0 0 2386 38 2 8 4 0.6163 0.8198 270 167
198-0-1-0.05-50-0 0 2386 23 2 4 3 0.1698 0.8198 476 167
198-0-1-0.05-50-0 0 2387 1 27 4 11 0.2520 0.0776 409 149
198-0-1-0.05-50-0 0 2387 44 22 9 1 0.7034 0.0160 118 311
198-0-1-0.05-50-0 0 2388 10 6 20 7 0.2533 0.4266 449 249
198-0-1-0.05-50-0 0 2388 27 44 11 9 0.0776 0.7034 149 118
198-0-1-0.05-50-0 0 2389 24 16 10 10 0.1940 0.2228 254 149
198-0-1-0.05-50-0 0 2389 4 4 13 13 0.0723 0.0723 351 351
198-0-1-0.05-50-0 0 2390 1 20 3 3 0.2520 0.9922 409 102
198-0-1-0.05-50-0 0 2390 10 4 20 12 0.2533 0.0723 449 351
198-0-1-0.05-50-0 0 2391 10 39 20 2 0.2533 0.2187 449 309
198-0-1-0.05-50-0 0 2391 14 11 2 2 0.8451 0.0504 105 384
198-0-1-0.05-50-0 0 2392 27 6 11 6 0.0776 0.4266 149 249
198-0-1-0.05-50-0 0 2392 14 38 2 5 0.8451 0.6163 105 270
198-0-1-0.05-50-0 0 2393 27 35 14 2 0.0776 0.0354 149 158
198-0-1-0.05-50-0 0 2393 10 10 18 18 0.2533 0.2533 449 449
198-0-1-0.05-50-0 0 2394 20 5 3 3 0.9922 0.0007 102 226
198-0-1-0.05-50-0 0 2394 23 27 3 14 0.1698 0.0776 476 149
198-0-1-0.05-50-0 0 2395 37 4 2 10 0.8481 0.0723 127 351
198-0-1-0.05-50-0 0 2395 47 10 5 19 0.9293 0.2533 103 449
198-0-1-0.05-50-0 0 2396 24 24 8 8 0.1940 0.1940 254 254
198-0-1-0.05-50-0 0 2396 27 6 16 5 0.0776 0.4266 149 249
198-0-1-0.05-50-0 0 2397 4 16 10 14 0.0723 0.2228 351 149
198-0-1-0.05-50-0 0 2397 14 24 1 7 0.8451 0.1940 105 254
198-0-1-0.05-50-0 0 2398 7 10 6 18 0.9267 0.2533 106 449
198-0-1-0.05-50-0 0 2398 20 44 4 10 0.9922 0.7034 102 118
198-0-1-0.05-50-0 0 2399 10 44 16 9 0.2533 0.7034 449 118
198-0-1-0.05-50-0 0 2399 24 27 8 20 0.1940 0.0776 254 149
198-0-1-0.05-50-0 0 2400 27 6 19 2 0.0776 0.4266 149 249
198-0-1-0.05-50-0 0 2400 38 27 3 19 0.6163 0.0776 270 149
198-0-1-0.05-50-0 0 2401 11 10 1 17 0.0504 0.2533 384 449
198-0-1-0.05-50-0 0 2401 47 23 7 2 0.9293 0.1698 103 476
198-0-1-0.05-50-0 0 2402 47 50 9 3 0.9293 0.2147 103 147
198-0-1-0.05-50-0 0 2402 10 10 17 17 0.2533 0.2533 449 449
198-0-1-0.05-50-0 0 2403 16 24 12 9 0.2228 0.1940 149 254
198-0-1-0.05-50-0 0 2403 47 44 9 9 0.9293 0.7034 103 118
198-0-1-0.05-50-0 0 2404 1 47 2 9 0.2520 0.9293 409 103
198-0-1-0.05-50-0 0 2404 27 16 21 12 0.0776 0.2228 149 149
198-0-1-0.05-50-0 0 2405 44 8 10 6 0.7034 0.2506 118 303
198-0-1-0.05-50-0 0 2405 16 27 13 23 0.2228 0.0776 149 149
198-0-1-0.05-50-0 0 2406 30 16 2 13 0.6008 0.2228 266 149
198-0-1-0.05-50-0 0 2406 22 5 1 3 0.0160 0.0007 311 226
198-0-1-0.05-50-0 0 2407 7 24 6 9 0.9267 0.1940 106 254
198-0-1-0.05-50-0 0 2407 30 27 2 21 0.6008 0.0776 266 149
198-0-1-0.05-50-0 0 2408 27 16 22 12 0.0776 0.2228 149 149
198-0-1-0.05-50-0 0 2408 2 16 3 11 0.8198 0.2228 167 149
198-0-1-0.05-50-0 0 2409 7 10 6 19 0.9267 0.2533 106 449
198-0-1-0.05-50-0 0 2409 30 7 2 6 0.6008 0.9267 266 106
198-0-1-0.05-50-0 0 2410 39 4 3 10 0.2187 0.0723 309 351
198-0-1-0.05-50-0 0 2410 39 38 3 4 0.2187 0.6163 309 270
198-0-1-0.05-50-0 0 2411 2 27 4 22 0.8198 0.0776 167 149
198-0-1-0.05-50-0 0 2411 27 35 21 3 0.0776 0.0354 149 158
198-0-1-0.05-50-0 0 2412 10 44 22 12 0.2533 0.7034 449 118
198-0-1-0.05-50-0 0 2412 23 20 2 2 0.1698 0.9922 476 102
198-0-1-0.05-50-0 0 2413 24 37 10 2 0.1940 0.8481 254 127
198-0-1-0.05-50-0 0 2413 27 10 22 23 0.0776 0.2533 149 449
198-0-1-0.05-50-0 0 2414 44 10 10 26 0.7034 0.2533 118 449
198-0-1-0.05-50-0 0 2414 44 17 10 1 0.7034 0.6398 118 197
198-0-1-0.05-50-0 0 2415 38 8 3 5 0.6163 0.2506 270 303
198-0-1-0.05-50-0 0 2415 10 8 27 4 0.2533 0.2506 449 303
198-0-1-0.05-50-0 0 2416 27 7 24 5 0.0776 0.9267 149 106
198-0-1-0.05-50-0 0 2416 4 16 9 13 0.0723 0.2228 351 149
198-0-1-0.05-50-0 0 2417 46 27 2 24 0.3451 0.0776 327 149
198-0-1-0.05-50-0 0 2417 5 47 3 13 0.0007 0.9293 226 103
198-0-1-0.05-50-0 0 2418 44 7 10 4 0.7034 0.9267 118 106
198-0-1-0.05-50-0 0 2418 16 7 14 3 0.2228 0.9267 149 106
198-0-1-0.05-50-0 0 2419 20 35 2 2 0.9922 0.0354 102 158
198-0-1-0.05-50-0 0 2419 47 10 13 29 0.9293 0.2533 103 449
198-0-1-0.05-50-0 0 2419 14 10 3 28 0.8451 0.2533 105 449
198-0-1-0.05-50-0 0 2420 27 34 25 4 0.0776 0.7448 149 168
198-0-1-0.05-50-0 0 2420 16 22 16 1 0.2228 0.0160 149 311
198-0-1-0.05-50-0 0 2420 24 27 11 25 0.1940 0.0776 254 149
198-0-1-0.05-50-0 0 2421 10 27 26 26 0.2533 0.0776 449 149
198-0-1-0.05-50-0 0 2421 24 44 11 11 0.1940 0.7034 254 118
198-0-1-0.05-50-0 0 2421 16 10 16 26 0.2228 0.2533 149 449
198-0-1-0.05-50-0 0 2422 27 4 25 11 0.0776 0.0723 149 351
198-0-1-0.05-50-0 0 2422 4 16 10 15 0.0723 0.2228 351 149
198-0-1-0.05-50-0 0 2423 27 34 26 5 0.0776 0.7448 149 168
198-0-1-0.05-50-0 0 2423 16 12 14 4 0.2228 0.1896 149 325
198-0-1-0.05-50-0 0 2424 38 20 2 1 0.6163 0.9922 270 102
198-0-1-0.05-50-0 0 2424 45 24 1 11 0.3816 0.1940 173 254
198-0-1-0.05-50-0 0 2425 47 4 14 13 0.9293 0.0723 103 351
198-0-1-0.05-50-0 0 2425 47 34 14 3 0.9293 0.7448 103 168
198-0-1-0.05-50-0 0 2425 16 39 16 1 0.2228 0.2187 149 309
198-0-1-0.05-50-0 0 2426 24 16 11 15 0.1940 0.2228 254 149
198-0-1-0.05-50-0 0 2426 16 4 14 12 0.2228 0.0723 149 351
198-0-1-0.05-50-0 0 2427 11 4 1 10 0.0504 0.0723 384 351
198-0-1-0.05-50-0 0 2427 44 20 14 1 0.7034 0.9922 118 102
198-0-1-0.05-50-0 0 2428 4 4 9 9 0.0723 0.0723 351 351
198-0-1-0.05-50-0 0 2428 8 10 3 26 0.2506 0.2533 303 449
198-0-1-0.05-50-0 0 2429 27 47 25 13 0.0776 0.9293 149 103
198-0-1-0.05-50-0 0 2429 39 27 1 25 0.2187 0.0776 309 149
198-0-1-0.05-50-0 0 2430 50 10 2 23 0.2147 0.2533 147 449
198-0-1-0.05-50-0 0 2430 4 44 10 15 0.0723 0.7034 351 118
198-0-1-0.05-50-0 0 2431 27 29 26 1 0.0776 0.6728 149 177
198-0-1-0.05-50-0 0 2431 4 24 10 13 0.0723 0.1940 351 254
198-0-1-0.05-50-0 0 2432 27 44 26 12 0.0776 0.7034 149 118
198-0-1-0.05-50-0 0 2432 3 27 1 26 0.4813 0.0776 321 149
198-0-1-0.05-50-0 0 2433 24 24 12 12 0.1940 0.1940 254 254
198-0-1-0.05-50-0 0 2433 18 20 1 2 0.2181 0.9922 226 102
198-0-1-0.05-50-0 0 2434 4 8 11 4 0.0723 0.2506 351 303
198-0-1-0.05-50-0 0 2434 27 44 30 11 0.0776 0.7034 149 118
198-0-1-0.05-50-0 0 2434 24 44 11 10 0.1940 0.7034 254 118
198-0-1-0.05-50-0 0 2435 12 27 5 30 0.1896 0.0776 325 149
198-0-1-0.05-50-0 0 2435 10 45 25 3 0.2533 0.3816 449 173
198-0-1-0.05-50-0 0 2436 4 4 13 13 0.0723 0.0723 351 351
198-0-1-0.05-50-0 0 2436 10 27 27 29 0.2533 0.0776 449 149
198-0-1-0.05-50-0 0 2436 2 47 2 13 0.8198 0.9293 167 103
198-0-1-0.05-50-0 0 2437 10 47 26 12 0.2533 0.9293 449 103
198-0-1-0.05-50-0 0 2437 27 4 28 14 0.0776 0.0723 149 351
198-0-1-0.05-50-0 0 2437 44 10 8 26 0.7034 0.2533 118 449
198-0-1-0.05-50-0 0 2438 10 47 24 11 0.2533 0.9293 449 103
198-0-1-0.05-50-0 0 2438 16 27 19 28 0.2228 0.0776 149 149
198-0-1-0.05-50-0 0 2439 10 27 25 27 0.2533 0.0776 449 149
198-0-1-0.05-50-0 0 2439 44 24 8 9 0.7034 0.1940 118 254
198-0-1-0.05-50-0 0 2440 16 16 20 20 0.2228 0.2228 149 149
198-0-1-0.05-50-0 0 2440 17 16 1 19 0.6398 0.2228 197 149
198-0-1-0.05-50-0 0 2441 36 10 2 24 0.8162 0.2533 165 449
198-0-1-0.05-50-0 0 2441 4 36 14 2 0.0723 0.8162 351 165
198-0-1-0.05-50-0 0 2442 25 44 1 9 0.9430 0.7034 125 118
198-0-1-0.05-50-0 0 2442 16 16 21 21 0.2228 0.2228 149 149
198-0-1-0.05-50-0 0 2443 10 5 22 2 0.2533 0.0007 449 226
198-0-1-0.05-50-0 0 2443 27 47 27 8 0.0776 0.9293 149 103
198-0-1-0.05-50-0 0 2444 27 4 28 11 0.0776 0.0723 149 351
198-0-1-0.05-50-0 0 2444 10 46 21 1 0.2533 0.3451 449 327
198-0-1-0.05-50-0 0 2445 27 27 27 27 0.0776 0.0776 149 149
198-0-1-0.05-50-0 0 2445 8 24 5 9 0.2506 0.1940 303 254
198-0-1-0.05-50-0 0 2446 47 16 7 21 0.9293 0.2228 103 149
198-0-1-0.05-50-0 0 2446 16 23 20 3 0.2228 0.1698 149 476
198-0-1-0.05-50-0 0 2447 4 10 10 19 0.0723 0.2533 351 449
198-0-1-0.05-50-0 0 2447 4 12 10 3 0.0723 0.1896 351 325
198-0-1-0.05-50-0 0 2448 10 4 18 10 0.2533 0.0723 449 351
198-0-1-0.05-50-0 0 2448 27 8 28 5 0.0776 0.2506 149 303
198-0-1-0.05-50-0 0 2449 44 27 7 29 0.7034 0.0776 118 149
198-0-1-0.05-50-0 0 2449 37 8 3 3 0.8481 0.2506 127 303
198-0-1-0.05-50-0 0 2450 29 47 2 7 0.6728 0.9293 177 103
198-0-1-0.05-50-0 0 2450 27 17 28 2 0.0776 0.6398 149 197
198-0-1-0.05-50-0 0 2451 16 47 15 6 0.2228 0.9293 149 103
198-0-1-0.05-50-0 0 2451 24 39 9 2 0.1940 0.2187 254 309
198-0-1-0.05-50-0 0 2452 2 44 4 9 0.8198 0.7034 167 118
198-0-1-0.05-50-0 0 2452 24 27 9 25 0.1940 0.0776 254 149
198-0-1-0.05-50-0 0 2453 27 24 25 11 0.0776 0.1940 149 254
198-0-1-0.05-50-0 0 2453 10 25 22 1 0.2533 0.9430 449 125
198-0-1-0.05-50-0 0 2454 47 47 4 4 0.9293 0.9293 103 103
198-0-1-0.05-50-0 0 2454 10 36 25 1 0.2533 0.8162 449 165
198-0-1-0.05-50-0 0 2455 24 4 10 12 0.1940 0.0723 254 351
198-0-1-0.05-50-0 0 2455 27 45 25 2 0.0776 0.3816 149 173
198-0-1-0.05-50-0 0 2456 47 10 3 26 0.9293 0.2533 103 449
198-0-1-0.05-50-0 0 2456 27 27 25 25 0.0776 0.0776 149 149
198-0-1-0.05-50-0 0 2457 16 47 17 3 0.2228 0.9293 149 103
198-0-1-0.05-50-0 0 2457 10 2 24 4 0.2533 0.8198 449 167
198-0-1-0.05-50-0 0 2458 16 24 17 9 0.2228 0.1940 149 254
198-0-1-0.05-50-0 0 2458 27 48 23 4 0.0776 0.1153 149 334
198-0-1-0.05-50-0 0 2459 8 10 1 22 0.2506 0.2533 303 449
198-0-1-0.05-50-0 0 2459 24 24 8 8 0.1940 0.1940 254 254
198-0-1-0.05-50-0 0 2460 4 16 11 15 0.0723 0.2228 351 149
198-0-1-0.05-50-0 0 2460 4 10 11 21 0.0723 0.2533 351 449
198-0-1-0.05-50-0 0 2461 27 16 28 13 0.0776 0.2228 149 149
198-0-1-0.05-50-0 0 2461 44 10 10 20 0.7034 0.2533 118 449
198-0-1-0.05-50-0 0 2462 12 16 4 11 0.1896 0.2228 325 149
198-0-1-0.05-50-0 0 2462 10 44 19 10 0.2533 0.7034 449 118
198-0-1-0.05-50-0 0 2463 4 27 10 29 0.0723 0.0776 351 149
198-0-1-0.05-50-0 0 2463 16 47 9 2 0.2228 0.9293 149 103
198-0-1-0.05-50-0 0 2464 27 4 28 12 0.0776 0.0723 149 351
198-0-1-0.05-50-0 0 2464 12 27 4 28 0.1896 0.0776 325 149
198-0-1-0.05-50-0 0 2465 27 16 28 10 0.0776 0.2228 149 149
198-0-1-0.05-50-0 0 2465 22 27 2 28 0.0160 0.0776 311 149
198-0-1-0.05-50-0 0 2466 27 44 28 10 0.0776 0.7034 149 118
198-0-1-0.05-50-0 0 2466 10 27 19 28 0.2533 0.0776 449 149
198-0-1-0.05-50-0 0 2467 44 48 8 4 0.7034 0.1153 118 334
198-0-1-0.05-50-0 0 2467 12 27 4 26 0.1896 0.0776 325 149
198-0-1-0.05-50-0 0 2468 22 31 2 5 0.0160 0.5626 311 252
198-0-1-0.05-50-0 0 2468 14 21 2 1 0.8451 0.4184 105 158
198-0-1-0.05-50-0 0 2469 10 12 20 4 0.2533 0.1896 449 325
198-0-1-0.05-50-0 0 2469 39 20 1 4 0.2187 0.9922 309 102
198-0-1-0.05-50-0 0 2470 27 20 20 3 0.0776 0.9922 149 102
198-0-1-0.05-50-0 0 2470 47 2 2 2 0.9293 0.8198 103 167
198-0-1-0.05-50-0 0 2471 37 24 3 7 0.8481 0.1940 127 254
198-0-1-0.05-50-0 0 2471 10 10 20 20 0.2533 0.2533 449 449
198-0-1-0.05-50-0 0 2472 10 44 19 8 0.2533 0.7034 449 118
198-0-1-0.05-50-0 0 2472 44 44 7 7 0.7034 0.7034 118 118
198-0-1-0.05-50-0 0 2473 10 12 18 3 0.2533 0.1896 449 325
198-0-1-0.05-50-0 0 2473 10 38 18 2 0.2533 0.6163 449 270
198-0-1-0.05-50-0 0 2474 47 16 3 11 0.9293 0.2228 103 149
198-0-1-0.05-50-0 0 2474 16 10 10 19 0.2228 0.2533 149 449
198-0-1-0.05-50-0 0 2475 47 10 4 18 0.9293 0.2533 103 449
198-0-1-0.05-50-0 0 2475 16 27 10 22 0.2228 0.0776 149 149
198-0-1-0.05-50-0 0 2476 27 24 21 9 0.0776 0.1940 149 254
198-0-1-0.05-50-0 0 2476 27 27 21 21 0.0776 0.0776 149 149
198-0-1-0.05-50-0 0 2477 10 7 19 1 0.2533 0.9267 449 106
198-0-1-0.05-50-0 0 2477 10 11 19 3 0.2533 0.0504 449 384
198-0-1-0.05-50-0 0 2478 24 4 10 13 0.1940 0.0723 254 351
198-0-1-0.05-50-0 0 2478 27 27 20 20 0.0776 0.0776 149 149
198-0-1-0.05-50-0 0 2479 44 10 7 22 0.7034 0.2533 118 449
198-0-1-0.05-50-0 0 2479 10 47 21 4 0.2533 0.9293 449 103
198-0-1-0.05-50-0 0 2480 4 10 11 21 0.0723 0.2533 351 449
198-0-1-0.05-50-0 0 2480 37 10 4 20 0.8481 0.2533 127 449
198-0-1-0.05-50-0 0 2481 30 16 1 13 0.6008 0.2228 266 149
198-0-1-0.05-50-0 0 2481 48 47 5 4 0.1153 0.9293 334 103
198-0-1-0.05-50-0 0 2482 24 24 12 12 0.1940 0.1940 254 254
198-0-1-0.05-50-0 0 2482 44 44 7 7 0.7034 0.7034 118 118
198-0-1-0.05-50-0 0 2483 10 44 16 6 0.2533 0.7034 449 118
198-0-1-0.05-50-0 0 2483 24 38 12 1 0.1940 0.6163 254 270
198-0-1-0.05-50-0 0 2484 4 24 11 12 0.0723 0.1940 351 254
198-0-1-0.05-50-0 0 2484 27 19 20 3 0.0776 0.8072 149 134
198-0-1-0.05-50-0 0 2485 19 27 2 22 0.8072 0.0776 134 149
198-0-1-0.05-50-0 0 2485 27 43 21 2 0.0776 0.8316 149 123
198-0-1-0.05-50-0 0 2486 37 4 6 12 0.8481 0.0723 127 351
198-0-1-0.05-50-0 0 2486 10 37 19 6 0.2533 0.8481 449 127
198-0-1-0.05-50-0 0 2487 37 27 5 23 0.8481 0.0776 127 149
198-0-1-0.05-50-0 0 2487 24 19 8 2 0.1940 0.8072 254 134
198-0-1-0.05-50-0 0 2488 48 4 5 9 0.1153 0.0723 334 351
198-0-1-0.05-50-0 0 2488 27 10 23 24 0.0776 0.2533 149 449
198-0-1-0.05-50-0 0 2489 11 24 3 10 0.0504 0.1940 384 254
198-0-1-0.05-50-0 0 2489 14 24 6 9 0.8451 0.1940 105 254
198-0-1-0.05-50-0 0 2490 27 22 23 1 0.0776 0.0160 149 311
198-0-1-0.05-50-0 0 2490 16 43 12 2 0.2228 0.8316 149 123
198-0-1-0.05-50-0 0 2491 14 14 6 6 0.8451 0.8451 105 105
198-0-1-0.05-50-0 0 2491 10 10 23 23 0.2533 0.2533 449 449
198-0-1-0.05-50-0 0 2492 16 47 12 2 0.2228 0.9293 149 103
198-0-1-0.05-50-0 0 2492 19 4 3 9 0.8072 0.0723 134 351
198-0-1-0.05-50-0 0 2493 10 19 22 3 0.2533 0.8072 449 134
198-0-1-0.05-50-0 0 2493 27 10 24 22 0.0776 0.2533 149 449
198-0-1-0.05-50-0 0 2494 14 27 5 26 0.8451 0.0776 105 149
198-0-1-0.05-50-0 0 2494 10 10 23 23 0.2533 0.2533 449 449
198-0-1-0.05-50-0 0 2495 9 16 4 13 0.6134 0.2228 161 149
198-0-1-0.05-50-0 0 2495 23 14 1 5 0.1698 0.8451 476 105
198-0-1-0.05-50-0 0 2496 45 24 1 8 0.3816 0.1940 173 254
198-0-1-0.05-50-0 0 2496 4 24 10 7 0.0723 0.1940 351 254
198-0-1-0.05-50-0 0 2497 49 4 4 10 0.1842 0.0723 136 351
198-0-1-0.05-50-0 0 2497 3 10 3 23 0.4813 0.2533 321 449
198-0-1-0.05-50-0 0 2498 10 49 20 4 0.2533 0.1842 449 136
198-0-1-0.05-50-0 0 2498 12 16 7 12 0.1896 0.2228 325 149
198-0-1-0.05-50-0 0 2499 27 30 27 2 0.0776 0.6008 149 266
198-0-1-0.05-50-0 0 2499 11 49 7 4 0.0504 0.1842 384 136
198-0-1-0.05-50-0 0 2500 42 19 3 4 0.7447 0.8072 106 134
198-0-1-0.05-50-0 0 2500 27 44 27 5 0.0776 0.7034 149 118
