208-0-1-0.05-50-0 0 2302 38 27 2 17 0.6163 0.0776 270 149
208-0-1-0.05-50-0 0 2302 34 28 3 1 0.7448 0.3846 168 311
208-0-1-0.05-50-0 0 2302 8 43 5 25 0.2506 0.8316 303 123
208-0-1-0.05-50-0 0 2303 27 14 15 3 0.0776 0.8451 149 105
208-0-1-0.05-50-0 0 2303 46 43 4 23 0.3451 0.8316 327 123
208-0-1-0.05-50-0 0 2303 43 35 22 5 0.8316 0.0354 123 158
208-0-1-0.05-50-0 0 2304 5 27 8 15 0.0007 0.0776 226 149
208-0-1-0.05-50-0 0 2304 45 10 12 3 0.3816 0.2533 173 449
208-0-1-0.05-50-0 0 2304 35 8 3 5 0.0354 0.2506 158 303
208-0-1-0.05-50-0 0 2305 43 43 24 24 0.8316 0.8316 123 123
208-0-1-0.05-50-0 0 2305 43 17 23 11 0.8316 0.6398 123 197
208-0-1-0.05-50-0 0 2305 4 18 7 10 0.0723 0.2181 351 226
208-0-1-0.05-50-0 0 2306 27 16 13 10 0.0776 0.2228 149 149
208-0-1-0.05-50-0 0 2306 43 43 24 24 0.8316 0.8316 123 123
208-0-1-0.05-50-0 0 2306 45 18 14 9 0.3816 0.2181 173 226
208-0-1-0.05-50-0 0 2307 43 18 24 8 0.8316 0.2181 123 226
208-0-1-0.05-50-0 0 2307 22 17 8 11 0.0160 0.6398 311 197
208-0-1-0.05-50-0 0 2307 16 43 8 24 0.2228 0.8316 149 123
208-0-1-0.05-50-0 0 2308 45 5 13 11 0.3816 0.0007 173 226
208-0-1-0.05-50-0 0 2308 16 43 9 26 0.2228 0.8316 149 123
208-0-1-0.05-50-0 0 2308 43 35 25 2 0.8316 0.0354 123 158
208-0-1-0.05-50-0 0 2309 46 27 6 15 0.3451 0.0776 327 149
208-0-1-0.05-50-0 0 2309 38 14 3 2 0.6163 0.8451 270 105
208-0-1-0.05-50-0 0 2309 18 34 8 3 0.2181 0.7448 226 168
208-0-1-0.05-50-0 0 2310 18 46 9 6 0.2181 0.3451 226 327
208-0-1-0.05-50-0 0 2310 25 43 4 28 0.9430 0.8316 125 123
208-0-1-0.05-50-0 0 2310 43 22 27 11 0.8316 0.0160 123 311
208-0-1-0.05-50-0 0 2311 14 22 1 10 0.8451 0.0160 105 311
208-0-1-0.05-50-0 0 2311 43 37 26 1 0.8316 0.8481 123 127
208-0-1-0.05-50-0 0 2311 22 38 9 4 0.0160 0.6163 311 270
208-0-1-0.05-50-0 0 2312 35 46 1 6 0.0354 0.3451 158 327
208-0-1-0.05-50-0 0 2312 45 24 15 1 0.3816 0.1940 173 254
208-0-1-0.05-50-0 0 2312 43 43 26 26 0.8316 0.8316 123 123
208-0-1-0.05-50-0 0 2313 18 45 7 15 0.2181 0.3816 226 173
208-0-1-0.05-50-0 0 2313 46 15 5 2 0.3451 0.7918 327 149
208-0-1-0.05-50-0 0 2313 43 17 26 11 0.8316 0.6398 123 197
208-0-1-0.05-50-0 0 2314 47 27 1 13 0.9293 0.0776 103 149
208-0-1-0.05-50-0 0 2314 18 45 7 13 0.2181 0.3816 226 173
208-0-1-0.05-50-0 0 2314 8 4 5 12 0.2506 0.0723 303 351
208-0-1-0.05-50-0 0 2315 16 36 8 7 0.2228 0.8162 149 165
208-0-1-0.05-50-0 0 2315 6 43 2 26 0.4266 0.8316 249 123
208-0-1-0.05-50-0 0 2315 35 18 1 6 0.0354 0.2181 158 226
208-0-1-0.05-50-0 0 2316 4 6 10 3 0.0723 0.4266 351 249
208-0-1-0.05-50-0 0 2316 46 5 5 5 0.3451 0.0007 327 226
208-0-1-0.05-50-0 0 2316 45 49 13 3 0.3816 0.1842 173 136
208-0-1-0.05-50-0 0 2317 18 27 5 13 0.2181 0.0776 226 149
208-0-1-0.05-50-0 0 2317 27 17 12 12 0.0776 0.6398 149 197
208-0-1-0.05-50-0 0 2317 19 16 3 6 0.8072 0.2228 134 149
208-0-1-0.05-50-0 0 2318 45 46 14 4 0.3816 0.3451 173 327
208-0-1-0.05-50-0 0 2318 17 9 11 1 0.6398 0.6134 197 161
208-0-1-0.05-50-0 0 2318 17 27 11 11 0.6398 0.0776 197 149
208-0-1-0.05-50-0 0 2319 36 4 6 10 0.8162 0.0723 165 351
208-0-1-0.05-50-0 0 2319 45 5 14 4 0.3816 0.0007 173 226
208-0-1-0.05-50-0 0 2319 27 10 11 6 0.0776 0.2533 149 449
208-0-1-0.05-50-0 0 2320 7 43 2 27 0.9267 0.8316 106 123
208-0-1-0.05-50-0 0 2320 38 43 3 26 0.6163 0.8316 270 123
208-0-1-0.05-50-0 0 2320 43 1 25 2 0.8316 0.2520 123 409
208-0-1-0.05-50-0 0 2321 46 14 5 2 0.3451 0.8451 327 105
208-0-1-0.05-50-0 0 2321 22 27 9 14 0.0160 0.0776 311 149
208-0-1-0.05-50-0 0 2321 43 8 24 7 0.8316 0.2506 123 303
208-0-1-0.05-50-0 0 2322 10 45 4 12 0.2533 0.3816 449 173
208-0-1-0.05-50-0 0 2322 16 43 6 23 0.2228 0.8316 149 123
208-0-1-0.05-50-0 0 2322 17 17 11 11 0.6398 0.6398 197 197
208-0-1-0.05-50-0 0 2323 43 45 21 10 0.8316 0.3816 123 173
208-0-1-0.05-50-0 0 2323 17 18 10 6 0.6398 0.2181 197 226
208-0-1-0.05-50-0 0 2323 5 25 3 5 0.0007 0.9430 226 125
208-0-1-0.05-50-0 0 2324 47 25 2 4 0.9293 0.9430 103 125
208-0-1-0.05-50-0 0 2324 10 12 6 1 0.2533 0.1896 449 325
208-0-1-0.05-50-0 0 2324 4 22 8 10 0.0723 0.0160 351 311
208-0-1-0.05-50-0 0 2325 46 17 7 9 0.3451 0.6398 327 197
208-0-1-0.05-50-0 0 2325 38 43 3 17 0.6163 0.8316 270 123
208-0-1-0.05-50-0 0 2326 46 43 6 17 0.3451 0.8316 327 123
208-0-1-0.05-50-0 0 2326 27 17 18 7 0.0776 0.6398 149 197
208-0-1-0.05-50-0 0 2327 38 6 3 3 0.6163 0.4266 270 249
208-0-1-0.05-50-0 0 2327 46 30 6 2 0.3451 0.6008 327 266
208-0-1-0.05-50-0 0 2328 27 45 22 14 0.0776 0.3816 149 173
208-0-1-0.05-50-0 0 2328 12 45 1 13 0.1896 0.3816 325 173
208-0-1-0.05-50-0 0 2329 36 45 8 12 0.8162 0.3816 165 173
208-0-1-0.05-50-0 0 2329 36 8 8 8 0.8162 0.2506 165 303
208-0-1-0.05-50-0 0 2330 13 27 2 23 0.8878 0.0776 151 149
208-0-1-0.05-50-0 0 2330 17 43 5 15 0.6398 0.8316 197 123
208-0-1-0.05-50-0 0 2331 16 13 7 2 0.2228 0.8878 149 151
208-0-1-0.05-50-0 0 2331 47 2 2 1 0.9293 0.8198 103 167
208-0-1-0.05-50-0 0 2332 27 10 21 11 0.0776 0.2533 149 449
208-0-1-0.05-50-0 0 2332 12 16 3 7 0.1896 0.2228 325 149
208-0-1-0.05-50-0 0 2333 16 43 5 12 0.2228 0.8316 149 123
208-0-1-0.05-50-0 0 2333 45 25 7 2 0.3816 0.9430 173 125
208-0-1-0.05-50-0 0 2334 40 46 4 7 0.9739 0.3451 104 327
208-0-1-0.05-50-0 0 2334 18 27 5 20 0.2181 0.0776 226 149
208-0-1-0.05-50-0 0 2335 49 43 5 11 0.1842 0.8316 136 123
208-0-1-0.05-50-0 0 2335 27 16 21 6 0.0776 0.2228 149 149
208-0-1-0.05-50-0 0 2336 28 36 1 8 0.3846 0.8162 311 165
208-0-1-0.05-50-0 0 2336 22 22 8 8 0.0160 0.0160 311 311
208-0-1-0.05-50-0 0 2337 27 45 21 6 0.0776 0.3816 149 173
208-0-1-0.05-50-0 0 2337 10 43 13 8 0.2533 0.8316 449 123
208-0-1-0.05-50-0 0 2338 40 31 3 4 0.9739 0.5626 104 252
208-0-1-0.05-50-0 0 2338 46 36 7 7 0.3451 0.8162 327 165
208-0-1-0.05-50-0 0 2339 27 31 22 3 0.0776 0.5626 149 252
208-0-1-0.05-50-0 0 2339 10 34 13 3 0.2533 0.7448 449 168
208-0-1-0.05-50-0 0 2340 43 17 7 4 0.8316 0.6398 123 197
208-0-1-0.05-50-0 0 2340 8 12 6 3 0.2506 0.1896 303 325
208-0-1-0.05-50-0 0 2341 48 27 2 21 0.1153 0.0776 334 149
208-0-1-0.05-50-0 0 2341 4 7 2 3 0.0723 0.9267 351 106
208-0-1-0.05-50-0 0 2342 16 17 7 5 0.2228 0.6398 149 197
208-0-1-0.05-50-0 0 2342 36 10 5 14 0.8162 0.2533 165 449
208-0-1-0.05-50-0 0 2343 5 36 6 5 0.0007 0.8162 226 165
208-0-1-0.05-50-0 0 2343 8 27 6 23 0.2506 0.0776 303 149
208-0-1-0.05-50-0 0 2344 50 10 3 16 0.2147 0.2533 147 449
208-0-1-0.05-50-0 0 2344 16 46 9 8 0.2228 0.3451 149 327
208-0-1-0.05-50-0 0 2345 19 27 1 22 0.8072 0.0776 134 149
208-0-1-0.05-50-0 0 2345 18 43 8 10 0.2181 0.8316 226 123
208-0-1-0.05-50-0 0 2346 40 8 3 6 0.9739 0.2506 104 303
208-0-1-0.05-50-0 0 2346 5 38 6 3 0.0007 0.6163 226 270
208-0-1-0.05-50-0 0 2347 45 47 8 1 0.3816 0.9293 173 103
208-0-1-0.05-50-0 0 2347 43 16 9 12 0.8316 0.2228 123 149
208-0-1-0.05-50-0 0 2348 45 19 8 1 0.3816 0.8072 173 134
208-0-1-0.05-50-0 0 2348 10 7 16 2 0.2533 0.9267 449 106
208-0-1-0.05-50-0 0 2349 34 5 2 5 0.7448 0.0007 168 226
208-0-1-0.05-50-0 0 2349 17 18 6 9 0.6398 0.2181 197 226
208-0-1-0.05-50-0 0 2350 18 50 9 4 0.2181 0.2147 226 147
208-0-1-0.05-50-0 0 2350 27 22 19 13 0.0776 0.0160 149 311
208-0-1-0.05-50-0 0 2351 10 16 18 10 0.2533 0.2228 449 149
208-0-1-0.05-50-0 0 2351 16 22 9 12 0.2228 0.0160 149 311
208-0-1-0.05-50-0 0 2352 17 21 8 3 0.6398 0.4184 197 158
208-0-1-0.05-50-0 0 2352 27 17 18 8 0.0776 0.6398 149 197
208-0-1-0.05-50-0 0 2353 38 27 2 18 0.6163 0.0776 270 149
208-0-1-0.05-50-0 0 2353 40 10 4 18 0.9739 0.2533 104 449
208-0-1-0.05-50-0 0 2354 27 27 18 18 0.0776 0.0776 149 149
208-0-1-0.05-50-0 0 2354 5 16 4 9 0.0007 0.2228 226 149
208-0-1-0.05-50-0 0 2355 43 46 11 13 0.8316 0.3451 123 327
208-0-1-0.05-50-0 0 2355 22 47 12 1 0.0160 0.9293 311 103
208-0-1-0.05-50-0 0 2356 5 46 5 12 0.0007 0.3451 226 327
208-0-1-0.05-50-0 0 2356 17 10 8 16 0.6398 0.2533 197 449
208-0-1-0.05-50-0 0 2356 31 17 3 8 0.5626 0.6398 252 197
208-0-1-0.05-50-0 0 2357 10 10 15 15 0.2533 0.2533 449 449
208-0-1-0.05-50-0 0 2357 10 48 14 2 0.2533 0.1153 449 334
208-0-1-0.05-50-0 0 2358 22 10 15 16 0.0160 0.2533 311 449
208-0-1-0.05-50-0 0 2358 50 18 4 9 0.2147 0.2181 147 226
208-0-1-0.05-50-0 0 2358 10 27 15 18 0.2533 0.0776 449 149
208-0-1-0.05-50-0 0 2359 10 36 16 4 0.2533 0.8162 449 165
208-0-1-0.05-50-0 0 2359 38 27 4 16 0.6163 0.0776 270 149
208-0-1-0.05-50-0 0 2359 10 10 16 16 0.2533 0.2533 449 449
208-0-1-0.05-50-0 0 2360 43 45 11 6 0.8316 0.3816 123 173
208-0-1-0.05-50-0 0 2360 27 12 15 3 0.0776 0.1896 149 325
208-0-1-0.05-50-0 0 2360 10 21 15 2 0.2533 0.4184 449 158
208-0-1-0.05-50-0 0 2361 12 4 2 3 0.1896 0.0723 325 351
208-0-1-0.05-50-0 0 2361 10 31 15 4 0.2533 0.5626 449 252
208-0-1-0.05-50-0 0 2361 38 10 5 15 0.6163 0.2533 270 449
208-0-1-0.05-50-0 0 2362 48 27 3 15 0.1153 0.0776 334 149
208-0-1-0.05-50-0 0 2362 50 36 4 3 0.2147 0.8162 147 165
208-0-1-0.05-50-0 0 2362 18 16 9 11 0.2181 0.2228 226 149
208-0-1-0.05-50-0 0 2363 45 37 3 5 0.3816 0.8481 173 127
208-0-1-0.05-50-0 0 2363 16 31 12 3 0.2228 0.5626 149 252
208-0-1-0.05-50-0 0 2363 6 17 1 4 0.4266 0.6398 249 197
208-0-1-0.05-50-0 0 2364 27 38 16 4 0.0776 0.6163 149 270
208-0-1-0.05-50-0 0 2364 41 8 2 8 0.9621 0.2506 105 303
208-0-1-0.05-50-0 0 2364 10 16 14 13 0.2533 0.2228 449 149
208-0-1-0.05-50-0 0 2365 27 36 16 3 0.0776 0.8162 149 165
208-0-1-0.05-50-0 0 2365 37 27 5 16 0.8481 0.0776 127 149
208-0-1-0.05-50-0 0 2365 22 12 16 2 0.0160 0.1896 311 325
208-0-1-0.05-50-0 0 2366 10 10 14 14 0.2533 0.2533 449 449
208-0-1-0.05-50-0 0 2366 43 4 13 3 0.8316 0.0723 123 351
208-0-1-0.05-50-0 0 2366 22 17 16 3 0.0160 0.6398 311 197
208-0-1-0.05-50-0 0 2367 22 10 17 15 0.0160 0.2533 311 449
208-0-1-0.05-50-0 0 2367 22 22 17 17 0.0160 0.0160 311 311
208-0-1-0.05-50-0 0 2367 22 37 16 5 0.0160 0.8481 311 127
208-0-1-0.05-50-0 0 2368 8 22 7 18 0.2506 0.0160 303 311
208-0-1-0.05-50-0 0 2368 40 46 6 16 0.9739 0.3451 104 327
208-0-1-0.05-50-0 0 2368 17 10 1 14 0.6398 0.2533 197 449
208-0-1-0.05-50-0 0 2369 16 4 15 1 0.2228 0.0723 149 351
208-0-1-0.05-50-0 0 2369 8 46 7 17 0.2506 0.3451 303 327
208-0-1-0.05-50-0 0 2369 48 27 2 14 0.1153 0.0776 334 149
208-0-1-0.05-50-0 0 2370 14 10 4 13 0.8451 0.2533 105 449
208-0-1-0.05-50-0 0 2370 46 22 17 21 0.3451 0.0160 327 311
208-0-1-0.05-50-0 0 2370 38 22 3 20 0.6163 0.0160 270 311
208-0-1-0.05-50-0 0 2371 48 50 3 3 0.1153 0.2147 334 147
208-0-1-0.05-50-0 0 2371 16 16 15 15 0.2228 0.2228 149 149
208-0-1-0.05-50-0 0 2371 27 43 15 14 0.0776 0.8316 149 123
208-0-1-0.05-50-0 0 2372 46 40 17 6 0.3451 0.9739 327 104
208-0-1-0.05-50-0 0 2372 46 43 17 13 0.3451 0.8316 327 123
208-0-1-0.05-50-0 0 2372 22 22 24 24 0.0160 0.0160 311 311
208-0-1-0.05-50-0 0 2373 43 46 11 17 0.8316 0.3451 123 327
208-0-1-0.05-50-0 0 2373 8 46 6 16 0.2506 0.3451 303 327
208-0-1-0.05-50-0 0 2373 22 49 24 1 0.0160 0.1842 311 136
208-0-1-0.05-50-0 0 2374 43 8 11 6 0.8316 0.2506 123 303
208-0-1-0.05-50-0 0 2374 46 10 15 12 0.3451 0.2533 327 449
208-0-1-0.05-50-0 0 2375 22 16 22 13 0.0160 0.2228 311 149
208-0-1-0.05-50-0 0 2375 22 24 22 1 0.0160 0.1940 311 254
208-0-1-0.05-50-0 0 2376 12 50 3 3 0.1896 0.2147 325 147
208-0-1-0.05-50-0 0 2376 48 27 3 12 0.1153 0.0776 334 149
208-0-1-0.05-50-0 0 2377 12 13 3 3 0.1896 0.8878 325 151
208-0-1-0.05-50-0 0 2377 46 27 13 11 0.3451 0.0776 327 149
208-0-1-0.05-50-0 0 2378 7 12 2 4 0.9267 0.1896 106 325
208-0-1-0.05-50-0 0 2378 41 43 2 11 0.9621 0.8316 105 123
208-0-1-0.05-50-0 0 2379 27 43 10 9 0.0776 0.8316 149 123
208-0-1-0.05-50-0 0 2379 46 10 11 13 0.3451 0.2533 327 449
208-0-1-0.05-50-0 0 2380 37 46 3 12 0.8481 0.3451 127 327
208-0-1-0.05-50-0 0 2380 22 22 27 27 0.0160 0.0160 311 311
208-0-1-0.05-50-0 0 2381 50 46 2 12 0.2147 0.3451 147 327
208-0-1-0.05-50-0 0 2381 43 10 8 11 0.8316 0.2533 123 449
208-0-1-0.05-50-0 0 2382 46 12 11 3 0.3451 0.1896 327 325
208-0-1-0.05-50-0 0 2382 43 12 8 2 0.8316 0.1896 123 325
208-0-1-0.05-50-0 0 2383 12 43 1 8 0.1896 0.8316 325 123
208-0-1-0.05-50-0 0 2383 14 22 2 30 0.8451 0.0160 105 311
208-0-1-0.05-50-0 0 2384 7 27 2 9 0.9267 0.0776 106 149
208-0-1-0.05-50-0 0 2384 22 10 29 12 0.0160 0.2533 311 449
208-0-1-0.05-50-0 0 2385 43 22 10 31 0.8316 0.0160 123 311
208-0-1-0.05-50-0 0 2385 50 16 2 17 0.2147 0.2228 147 149
208-0-1-0.05-50-0 0 2386 22 22 29 29 0.0160 0.0160 311 311
208-0-1-0.05-50-0 0 2386 22 8 28 5 0.0160 0.2506 311 303
208-0-1-0.05-50-0 0 2387 10 6 11 1 0.2533 0.4266 449 249
208-0-1-0.05-50-0 0 2387 12 46 2 9 0.1896 0.3451 325 327
208-0-1-0.05-50-0 0 2388 46 27 8 9 0.3451 0.0776 327 149
208-0-1-0.05-50-0 0 2388 27 46 8 8 0.0776 0.3451 149 327
208-0-1-0.05-50-0 0 2389 5 41 3 3 0.0007 0.9621 226 105
208-0-1-0.05-50-0 0 2389 38 18 2 9 0.6163 0.2181 270 226
208-0-1-0.05-50-0 0 2390 16 46 15 7 0.2228 0.3451 149 327
208-0-1-0.05-50-0 0 2390 43 25 11 2 0.8316 0.9430 123 125
208-0-1-0.05-50-0 0 2391 8 10 4 6 0.2506 0.2533 303 449
208-0-1-0.05-50-0 0 2391 40 41 2 2 0.9739 0.9621 104 105
208-0-1-0.05-50-0 0 2392 22 5 32 3 0.0160 0.0007 311 226
208-0-1-0.05-50-0 0 2392 39 16 5 14 0.2187 0.2228 309 149
208-0-1-0.05-50-0 0 2393 18 16 10 13 0.2181 0.2228 226 149
208-0-1-0.05-50-0 0 2393 11 22 2 31 0.0504 0.0160 384 311
208-0-1-0.05-50-0 0 2394 37 46 2 6 0.8481 0.3451 127 327
208-0-1-0.05-50-0 0 2394 22 19 31 6 0.0160 0.8072 311 134
208-0-1-0.05-50-0 0 2395 48 48 3 3 0.1153 0.1153 334 334
208-0-1-0.05-50-0 0 2395 39 35 5 2 0.2187 0.0354 309 158
208-0-1-0.05-50-0 0 2396 22 16 31 15 0.0160 0.2228 311 149
208-0-1-0.05-50-0 0 2396 22 26 31 2 0.0160 0.8171 311 141
208-0-1-0.05-50-0 0 2397 44 12 1 4 0.7034 0.1896 118 325
208-0-1-0.05-50-0 0 2397 29 22 2 31 0.6728 0.0160 177 311
208-0-1-0.05-50-0 0 2397 46 50 5 5 0.3451 0.2147 327 147
208-0-1-0.05-50-0 0 2398 34 8 4 4 0.7448 0.2506 168 303
208-0-1-0.05-50-0 0 2398 33 25 1 2 0.6893 0.9430 191 125
208-0-1-0.05-50-0 0 2398 27 31 9 1 0.0776 0.5626 149 252
208-0-1-0.05-50-0 0 2399 16 39 15 7 0.2228 0.2187 149 309
208-0-1-0.05-50-0 0 2399 29 16 2 15 0.6728 0.2228 177 149
208-0-1-0.05-50-0 0 2399 16 48 14 3 0.2228 0.1153 149 334
208-0-1-0.05-50-0 0 2400 8 48 3 2 0.2506 0.1153 303 334
208-0-1-0.05-50-0 0 2400 6 12 2 3 0.4266 0.1896 249 325
208-0-1-0.05-50-0 0 2400 10 16 6 14 0.2533 0.2228 449 149
208-0-1-0.05-50-0 0 2401 44 30 2 1 0.7034 0.6008 118 266
208-0-1-0.05-50-0 0 2401 43 43 10 10 0.8316 0.8316 123 123
208-0-1-0.05-50-0 0 2401 22 14 34 4 0.0160 0.8451 311 105
208-0-1-0.05-50-0 0 2402 10 37 7 2 0.2533 0.8481 449 127
208-0-1-0.05-50-0 0 2402 8 13 3 1 0.2506 0.8878 303 151
208-0-1-0.05-50-0 0 2402 19 38 6 6 0.8072 0.6163 134 270
208-0-1-0.05-50-0 0 2403 26 10 1 6 0.8171 0.2533 141 449
208-0-1-0.05-50-0 0 2403 50 16 5 17 0.2147 0.2228 147 149
208-0-1-0.05-50-0 0 2403 16 27 16 10 0.2228 0.0776 149 149
208-0-1-0.05-50-0 0 2404 44 16 3 17 0.7034 0.2228 118 149
208-0-1-0.05-50-0 0 2404 16 38 16 4 0.2228 0.6163 149 270
208-0-1-0.05-50-0 0 2404 14 26 4 1 0.8451 0.8171 105 141
208-0-1-0.05-50-0 0 2405 46 22 7 33 0.3451 0.0160 327 311
208-0-1-0.05-50-0 0 2405 1 12 2 2 0.2520 0.1896 409 325
208-0-1-0.05-50-0 0 2405 50 14 5 4 0.2147 0.8451 147 105
208-0-1-0.05-50-0 0 2406 39 29 5 2 0.2187 0.6728 309 177
208-0-1-0.05-50-0 0 2406 18 7 16 3 0.2181 0.9267 226 106
208-0-1-0.05-50-0 0 2406 22 50 33 6 0.0160 0.2147 311 147
208-0-1-0.05-50-0 0 2407 43 50 9 4 0.8316 0.2147 123 147
208-0-1-0.05-50-0 0 2407 16 22 16 37 0.2228 0.0160 149 311
208-0-1-0.05-50-0 0 2407 19 22 6 36 0.8072 0.0160 134 311
208-0-1-0.05-50-0 0 2408 18 8 17 4 0.2181 0.2506 226 303
208-0-1-0.05-50-0 0 2408 27 43 9 10 0.0776 0.8316 149 123
208-0-1-0.05-50-0 0 2408 22 22 36 36 0.0160 0.0160 311 311
208-0-1-0.05-50-0 0 2409 18 18 17 17 0.2181 0.2181 226 226
208-0-1-0.05-50-0 0 2409 39 22 5 34 0.2187 0.0160 309 311
208-0-1-0.05-50-0 0 2409 18 16 16 17 0.2181 0.2228 226 149
208-0-1-0.05-50-0 0 2410 39 44 5 5 0.2187 0.7034 309 118
208-0-1-0.05-50-0 0 2410 18 22 17 34 0.2181 0.0160 226 311
208-0-1-0.05-50-0 0 2410 19 18 7 17 0.8072 0.2181 134 226
208-0-1-0.05-50-0 0 2411 16 49 17 3 0.2228 0.1842 149 136
208-0-1-0.05-50-0 0 2411 29 46 2 8 0.6728 0.3451 177 327
208-0-1-0.05-50-0 0 2411 31 41 2 4 0.5626 0.9621 252 105
208-0-1-0.05-50-0 0 2412 34 14 3 3 0.7448 0.8451 168 105
208-0-1-0.05-50-0 0 2412 6 22 2 34 0.4266 0.0160 249 311
208-0-1-0.05-50-0 0 2412 18 18 17 17 0.2181 0.2181 226 226
208-0-1-0.05-50-0 0 2413 3 41 1 3 0.4813 0.9621 321 105
208-0-1-0.05-50-0 0 2413 18 22 16 34 0.2181 0.0160 226 311
208-0-1-0.05-50-0 0 2413 43 38 8 3 0.8316 0.6163 123 270
208-0-1-0.05-50-0 0 2414 22 22 32 32 0.0160 0.0160 311 311
208-0-1-0.05-50-0 0 2414 7 6 1 2 0.9267 0.4266 106 249
208-0-1-0.05-50-0 0 2414 22 50 31 6 0.0160 0.2147 311 147
208-0-1-0.05-50-0 0 2415 22 19 32 10 0.0160 0.8072 311 134
208-0-1-0.05-50-0 0 2415 27 10 8 7 0.0776 0.2533 149 449
208-0-1-0.05-50-0 0 2415 42 22 2 32 0.7447 0.0160 106 311
208-0-1-0.05-50-0 0 2416 43 10 8 6 0.8316 0.2533 123 449
208-0-1-0.05-50-0 0 2416 49 12 3 3 0.1842 0.1896 136 325
208-0-1-0.05-50-0 0 2416 18 38 18 1 0.2181 0.6163 226 270
208-0-1-0.05-50-0 0 2417 11 5 3 4 0.0504 0.0007 384 226
208-0-1-0.05-50-0 0 2417 19 19 8 8 0.8072 0.8072 134 134
208-0-1-0.05-50-0 0 2417 27 18 8 17 0.0776 0.2181 149 226
208-0-1-0.05-50-0 0 2418 22 18 36 19 0.0160 0.2181 311 226
208-0-1-0.05-50-0 0 2418 22 22 36 36 0.0160 0.0160 311 311
208-0-1-0.05-50-0 0 2418 22 39 35 6 0.0160 0.2187 311 309
208-0-1-0.05-50-0 0 2419 18 22 19 36 0.2181 0.0160 226 311
208-0-1-0.05-50-0 0 2419 22 27 35 7 0.0160 0.0776 311 149
208-0-1-0.05-50-0 0 2419 19 42 8 2 0.8072 0.7447 134 106
208-0-1-0.05-50-0 0 2420 48 40 3 2 0.1153 0.9739 334 104
208-0-1-0.05-50-0 0 2420 4 22 1 37 0.0723 0.0160 351 311
208-0-1-0.05-50-0 0 2420 19 41 8 2 0.8072 0.9621 134 105
208-0-1-0.05-50-0 0 2421 8 27 2 7 0.2506 0.0776 303 149
208-0-1-0.05-50-0 0 2421 22 18 35 22 0.0160 0.2181 311 226
208-0-1-0.05-50-0 0 2421 39 10 5 5 0.2187 0.2533 309 449
208-0-1-0.05-50-0 0 2422 39 18 5 22 0.2187 0.2181 309 226
208-0-1-0.05-50-0 0 2422 34 8 3 2 0.7448 0.2506 168 303
208-0-1-0.05-50-0 0 2422 18 22 21 33 0.2181 0.0160 226 311
208-0-1-0.05-50-0 0 2423 1 50 3 4 0.2520 0.2147 409 147
208-0-1-0.05-50-0 0 2423 18 39 22 6 0.2181 0.2187 226 309
208-0-1-0.05-50-0 0 2423 22 11 33 4 0.0160 0.0504 311 384
208-0-1-0.05-50-0 0 2424 6 4 2 2 0.4266 0.0723 249 351
208-0-1-0.05-50-0 0 2424 34 3 3 1 0.7448 0.4813 168 321
208-0-1-0.05-50-0 0 2424 44 43 4 11 0.7034 0.8316 118 123
208-0-1-0.05-50-0 0 2425 22 1 32 4 0.0160 0.2520 311 409
208-0-1-0.05-50-0 0 2425 34 22 3 32 0.7448 0.0160 168 311
208-0-1-0.05-50-0 0 2425 22 7 31 2 0.0160 0.9267 311 106
208-0-1-0.05-50-0 0 2426 27 13 6 1 0.0776 0.8878 149 151
208-0-1-0.05-50-0 0 2426 22 10 33 6 0.0160 0.2533 311 449
208-0-1-0.05-50-0 0 2426 43 10 11 5 0.8316 0.2533 123 449
208-0-1-0.05-50-0 0 2427 22 43 35 12 0.0160 0.8316 311 123
208-0-1-0.05-50-0 0 2427 46 22 10 35 0.3451 0.0160 327 311
208-0-1-0.05-50-0 0 2427 39 34 6 3 0.2187 0.7448 309 168
208-0-1-0.05-50-0 0 2428 46 22 12 36 0.3451 0.0160 327 311
208-0-1-0.05-50-0 0 2428 46 12 12 1 0.3451 0.1896 327 325
208-0-1-0.05-50-0 0 2428 6 22 2 35 0.4266 0.0160 249 311
208-0-1-0.05-50-0 0 2429 16 6 20 2 0.2228 0.4266 149 249
208-0-1-0.05-50-0 0 2429 22 11 34 5 0.0160 0.0504 311 384
208-0-1-0.05-50-0 0 2429 34 39 3 6 0.7448 0.2187 168 309
208-0-1-0.05-50-0 0 2430 39 22 5 39 0.2187 0.0160 309 311
208-0-1-0.05-50-0 0 2430 23 49 3 5 0.1698 0.1842 476 136
208-0-1-0.05-50-0 0 2430 39 22 5 38 0.2187 0.0160 309 311
208-0-1-0.05-50-0 0 2431 18 27 20 8 0.2181 0.0776 226 149
208-0-1-0.05-50-0 0 2431 18 22 20 37 0.2181 0.0160 226 311
208-0-1-0.05-50-0 0 2431 22 18 36 20 0.0160 0.2181 311 226
208-0-1-0.05-50-0 0 2432 22 16 36 22 0.0160 0.2228 311 149
208-0-1-0.05-50-0 0 2432 27 16 8 21 0.0776 0.2228 149 149
208-0-1-0.05-50-0 0 2432 39 43 5 10 0.2187 0.8316 309 123
208-0-1-0.05-50-0 0 2433 46 22 9 38 0.3451 0.0160 327 311
208-0-1-0.05-50-0 0 2433 16 18 22 18 0.2228 0.2181 149 226
208-0-1-0.05-50-0 0 2433 22 4 37 1 0.0160 0.0723 311 351
208-0-1-0.05-50-0 0 2434 16 18 23 18 0.2228 0.2181 149 226
208-0-1-0.05-50-0 0 2434 18 25 17 3 0.2181 0.9430 226 125
208-0-1-0.05-50-0 0 2434 16 11 23 8 0.2228 0.0504 149 384
208-0-1-0.05-50-0 0 2435 16 22 25 38 0.2228 0.0160 149 311
208-0-1-0.05-50-0 0 2435 27 22 10 37 0.0776 0.0160 149 311
208-0-1-0.05-50-0 0 2435 29 27 1 10 0.6728 0.0776 177 149
208-0-1-0.05-50-0 0 2436 27 22 9 36 0.0776 0.0160 149 311
208-0-1-0.05-50-0 0 2436 44 44 10 10 0.7034 0.7034 118 118
208-0-1-0.05-50-0 0 2436 48 50 8 4 0.1153 0.2147 334 147
208-0-1-0.05-50-0 0 2437 22 16 35 26 0.0160 0.2228 311 149
208-0-1-0.05-50-0 0 2437 18 22 17 35 0.2181 0.0160 226 311
208-0-1-0.05-50-0 0 2437 48 44 8 8 0.1153 0.7034 334 118
208-0-1-0.05-50-0 0 2438 43 16 8 25 0.8316 0.2228 123 149
208-0-1-0.05-50-0 0 2438 19 22 6 34 0.8072 0.0160 134 311
208-0-1-0.05-50-0 0 2438 3 48 2 8 0.4813 0.1153 321 334
208-0-1-0.05-50-0 0 2439 46 10 10 5 0.3451 0.2533 327 449
208-0-1-0.05-50-0 0 2439 39 7 9 1 0.2187 0.9267 309 106
208-0-1-0.05-50-0 0 2439 22 18 36 16 0.0160 0.2181 311 226
208-0-1-0.05-50-0 0 2440 16 39 25 9 0.2228 0.2187 149 309
208-0-1-0.05-50-0 0 2440 42 11 3 7 0.7447 0.0504 106 384
208-0-1-0.05-50-0 0 2440 48 22 7 37 0.1153 0.0160 334 311
208-0-1-0.05-50-0 0 2441 22 18 39 14 0.0160 0.2181 311 226
208-0-1-0.05-50-0 0 2441 8 19 1 7 0.2506 0.8072 303 134
208-0-1-0.05-50-0 0 2441 42 44 3 8 0.7447 0.7034 106 118
208-0-1-0.05-50-0 0 2442 23 44 4 6 0.1698 0.7034 476 118
208-0-1-0.05-50-0 0 2442 50 18 4 13 0.2147 0.2181 147 226
208-0-1-0.05-50-0 0 2442 22 16 42 25 0.0160 0.2228 311 149
208-0-1-0.05-50-0 0 2443 39 48 8 5 0.2187 0.1153 309 334
208-0-1-0.05-50-0 0 2443 46 5 12 4 0.3451 0.0007 327 226
208-0-1-0.05-50-0 0 2443 22 18 42 12 0.0160 0.2181 311 226
208-0-1-0.05-50-0 0 2444 44 23 5 5 0.7034 0.1698 118 476
208-0-1-0.05-50-0 0 2444 10 16 7 24 0.2533 0.2228 449 149
208-0-1-0.05-50-0 0 2444 22 39 43 10 0.0160 0.2187 311 309
208-0-1-0.05-50-0 0 2445 49 43 6 7 0.1842 0.8316 136 123
208-0-1-0.05-50-0 0 2445 2 50 1 4 0.8198 0.2147 167 147
208-0-1-0.05-50-0 0 2445 39 22 10 43 0.2187 0.0160 309 311
208-0-1-0.05-50-0 0 2446 22 18 41 9 0.0160 0.2181 311 226
208-0-1-0.05-50-0 0 2446 46 19 14 6 0.3451 0.8072 327 134
208-0-1-0.05-50-0 0 2446 39 16 10 23 0.2187 0.2228 309 149
208-0-1-0.05-50-0 0 2447 19 43 5 6 0.8072 0.8316 134 123
208-0-1-0.05-50-0 0 2447 43 46 5 17 0.8316 0.3451 123 327
208-0-1-0.05-50-0 0 2447 22 27 43 10 0.0160 0.0776 311 149
208-0-1-0.05-50-0 0 2448 43 48 5 4 0.8316 0.1153 123 334
208-0-1-0.05-50-0 0 2448 22 16 38 22 0.0160 0.2228 311 149
208-0-1-0.05-50-0 0 2448 27 27 9 9 0.0776 0.0776 149 149
208-0-1-0.05-50-0 0 2449 22 22 43 43 0.0160 0.0160 311 311
208-0-1-0.05-50-0 0 2449 34 50 1 3 0.7448 0.2147 168 147
208-0-1-0.05-50-0 0 2449 46 39 17 10 0.3451 0.2187 327 309
208-0-1-0.05-50-0 0 2450 6 22 1 43 0.4266 0.0160 249 311
208-0-1-0.05-50-0 0 2450 22 16 42 20 0.0160 0.2228 311 149
208-0-1-0.05-50-0 0 2450 18 42 11 2 0.2181 0.7447 226 106
208-0-1-0.05-50-0 0 2451 23 5 3 6 0.1698 0.0007 476 226
208-0-1-0.05-50-0 0 2451 22 41 42 1 0.0160 0.9621 311 105
208-0-1-0.05-50-0 0 2451 22 22 42 42 0.0160 0.0160 311 311
208-0-1-0.05-50-0 0 2452 23 42 3 1 0.1698 0.7447 476 106
208-0-1-0.05-50-0 0 2452 46 22 17 44 0.3451 0.0160 327 311
208-0-1-0.05-50-0 0 2452 16 43 21 5 0.2228 0.8316 149 123
208-0-1-0.05-50-0 0 2453 46 23 19 3 0.3451 0.1698 327 476
208-0-1-0.05-50-0 0 2453 16 18 22 13 0.2228 0.2181 149 226
208-0-1-0.05-50-0 0 2453 6 27 1 9 0.4266 0.0776 249 149
208-0-1-0.05-50-0 0 2454 19 22 4 46 0.8072 0.0160 134 311
208-0-1-0.05-50-0 0 2454 18 6 12 1 0.2181 0.4266 226 249
208-0-1-0.05-50-0 0 2454 11 27 9 8 0.0504 0.0776 384 149
208-0-1-0.05-50-0 0 2455 46 22 19 48 0.3451 0.0160 327 311
208-0-1-0.05-50-0 0 2455 10 18 9 14 0.2533 0.2181 449 226
208-0-1-0.05-50-0 0 2455 22 22 47 47 0.0160 0.0160 311 311
208-0-1-0.05-50-0 0 2456 22 46 50 18 0.0160 0.3451 311 327
208-0-1-0.05-50-0 0 2456 16 18 23 13 0.2228 0.2181 149 226
208-0-1-0.05-50-0 0 2456 22 18 50 12 0.0160 0.2181 311 226
208-0-1-0.05-50-0 0 2457 39 22 13 49 0.2187 0.0160 309 311
208-0-1-0.05-50-0 0 2457 22 22 48 48 0.0160 0.0160 311 311
208-0-1-0.05-50-0 0 2457 49 22 7 47 0.1842 0.0160 136 311
208-0-1-0.05-50-0 0 2458 49 22 7 49 0.1842 0.0160 136 311
208-0-1-0.05-50-0 0 2458 1 22 2 48 0.2520 0.0160 409 311
208-0-1-0.05-50-0 0 2458 22 39 47 16 0.0160 0.2187 311 309
208-0-1-0.05-50-0 0 2459 46 16 21 25 0.3451 0.2228 327 149
208-0-1-0.05-50-0 0 2459 44 31 5 5 0.7034 0.5626 118 252
208-0-1-0.05-50-0 0 2459 16 23 24 1 0.2228 0.1698 149 476
208-0-1-0.05-50-0 0 2460 22 16 48 25 0.0160 0.2228 311 149
208-0-1-0.05-50-0 0 2460 49 18 8 10 0.1842 0.2181 136 226
208-0-1-0.05-50-0 0 2460 10 22 10 48 0.2533 0.0160 449 311
208-0-1-0.05-50-0 0 2461 39 39 17 17 0.2187 0.2187 309 309
208-0-1-0.05-50-0 0 2461 39 14 16 2 0.2187 0.8451 309 105
208-0-1-0.05-50-0 0 2461 46 5 20 4 0.3451 0.0007 327 226
208-0-1-0.05-50-0 0 2462 46 22 20 49 0.3451 0.0160 327 311
208-0-1-0.05-50-0 0 2462 22 39 48 17 0.0160 0.2187 311 309
208-0-1-0.05-50-0 0 2462 16 22 24 48 0.2228 0.0160 149 311
208-0-1-0.05-50-0 0 2463 22 16 49 23 0.0160 0.2228 311 149
208-0-1-0.05-50-0 0 2463 5 10 3 9 0.0007 0.2533 226 449
208-0-1-0.05-50-0 0 2463 22 42 49 2 0.0160 0.7447 311 106
208-0-1-0.05-50-0 0 2464 22 19 48 3 0.0160 0.8072 311 134
208-0-1-0.05-50-0 0 2464 44 48 6 4 0.7034 0.1153 118 334
208-0-1-0.05-50-0 0 2464 16 16 22 22 0.2228 0.2228 149 149
208-0-1-0.05-50-0 0 2465 14 16 1 21 0.8451 0.2228 105 149
208-0-1-0.05-50-0 0 2465 44 22 5 46 0.7034 0.0160 118 311
208-0-1-0.05-50-0 0 2465 39 22 18 45 0.2187 0.0160 309 311
208-0-1-0.05-50-0 0 2466 22 11 45 7 0.0160 0.0504 311 384
208-0-1-0.05-50-0 0 2466 10 16 10 21 0.2533 0.2228 449 149
208-0-1-0.05-50-0 0 2466 27 44 7 5 0.0776 0.7034 149 118
208-0-1-0.05-50-0 0 2467 46 22 19 47 0.3451 0.0160 327 311
208-0-1-0.05-50-0 0 2467 22 39 46 19 0.0160 0.2187 311 309
208-0-1-0.05-50-0 0 2467 46 39 19 18 0.3451 0.2187 327 309
208-0-1-0.05-50-0 0 2468 33 27 3 7 0.6893 0.0776 191 149
208-0-1-0.05-50-0 0 2468 16 39 21 17 0.2228 0.2187 149 309
208-0-1-0.05-50-0 0 2468 16 46 21 21 0.2228 0.3451 149 327
208-0-1-0.05-50-0 0 2469 22 22 45 45 0.0160 0.0160 311 311
208-0-1-0.05-50-0 0 2469 10 46 9 19 0.2533 0.3451 449 327
208-0-1-0.05-50-0 0 2469 45 26 5 1 0.3816 0.8171 173 141
208-0-1-0.05-50-0 0 2470 39 45 16 5 0.2187 0.3816 309 173
208-0-1-0.05-50-0 0 2470 16 46 20 20 0.2228 0.3451 149 327
208-0-1-0.05-50-0 0 2470 46 45 19 4 0.3451 0.3816 327 173
208-0-1-0.05-50-0 0 2471 45 22 3 48 0.3816 0.0160 173 311
208-0-1-0.05-50-0 0 2471 15 22 1 47 0.7918 0.0160 149 311
208-0-1-0.05-50-0 0 2471 22 44 46 3 0.0160 0.7034 311 118
208-0-1-0.05-50-0 0 2472 46 45 17 3 0.3451 0.3816 327 173
208-0-1-0.05-50-0 0 2472 49 16 9 23 0.1842 0.2228 136 149
208-0-1-0.05-50-0 0 2472 22 31 44 5 0.0160 0.5626 311 252
208-0-1-0.05-50-0 0 2473 39 46 15 18 0.2187 0.3451 309 327
208-0-1-0.05-50-0 0 2473 22 46 44 17 0.0160 0.3451 311 327
208-0-1-0.05-50-0 0 2473 31 46 4 16 0.5626 0.3451 252 327
208-0-1-0.05-50-0 0 2474 22 39 44 17 0.0160 0.2187 311 309
208-0-1-0.05-50-0 0 2474 16 31 26 4 0.2228 0.5626 149 252
208-0-1-0.05-50-0 0 2474 46 16 15 26 0.3451 0.2228 327 149
208-0-1-0.05-50-0 0 2475 16 33 24 2 0.2228 0.6893 149 191
208-0-1-0.05-50-0 0 2475 36 18 1 7 0.8162 0.2181 165 226
208-0-1-0.05-50-0 0 2475 49 11 7 7 0.1842 0.0504 136 384
208-0-1-0.05-50-0 0 2476 16 31 24 5 0.2228 0.5626 149 252
208-0-1-0.05-50-0 0 2476 27 11 8 6 0.0776 0.0504 149 384
208-0-1-0.05-50-0 0 2476 18 39 6 16 0.2181 0.2187 226 309
208-0-1-0.05-50-0 0 2477 49 33 6 2 0.1842 0.6893 136 191
208-0-1-0.05-50-0 0 2477 39 22 13 42 0.2187 0.0160 309 311
208-0-1-0.05-50-0 0 2477 22 16 41 24 0.0160 0.2228 311 149
208-0-1-0.05-50-0 0 2478 16 5 24 5 0.2228 0.0007 149 226
208-0-1-0.05-50-0 0 2478 46 49 15 7 0.3451 0.1842 327 136
208-0-1-0.05-50-0 0 2478 22 22 44 44 0.0160 0.0160 311 311
208-0-1-0.05-50-0 0 2479 27 46 9 14 0.0776 0.3451 149 327
208-0-1-0.05-50-0 0 2479 46 22 13 43 0.3451 0.0160 327 311
208-0-1-0.05-50-0 0 2479 22 39 42 11 0.0160 0.2187 311 309
208-0-1-0.05-50-0 0 2480 27 25 9 3 0.0776 0.9430 149 125
208-0-1-0.05-50-0 0 2480 29 18 4 7 0.6728 0.2181 177 226
208-0-1-0.05-50-0 0 2480 18 26 6 1 0.2181 0.8171 226 141
208-0-1-0.05-50-0 0 2481 50 43 3 6 0.2147 0.8316 147 123
208-0-1-0.05-50-0 0 2481 46 16 13 27 0.3451 0.2228 327 149
208-0-1-0.05-50-0 0 2481 31 22 3 43 0.5626 0.0160 252 311
208-0-1-0.05-50-0 0 2482 5 44 4 4 0.0007 0.7034 226 118
208-0-1-0.05-50-0 0 2482 39 27 12 9 0.2187 0.0776 309 149
208-0-1-0.05-50-0 0 2482 50 22 3 42 0.2147 0.0160 147 311
208-0-1-0.05-50-0 0 2483 16 22 26 42 0.2228 0.0160 149 311
208-0-1-0.05-50-0 0 2483 22 5 41 4 0.0160 0.0007 311 226
208-0-1-0.05-50-0 0 2483 16 49 26 5 0.2228 0.1842 149 136
208-0-1-0.05-50-0 0 2484 29 22 3 42 0.6728 0.0160 177 311
208-0-1-0.05-50-0 0 2484 27 11 8 4 0.0776 0.0504 149 384
208-0-1-0.05-50-0 0 2484 18 16 5 26 0.2181 0.2228 226 149
208-0-1-0.05-50-0 0 2485 22 27 41 8 0.0160 0.0776 311 149
208-0-1-0.05-50-0 0 2485 46 45 13 1 0.3451 0.3816 327 173
208-0-1-0.05-50-0 0 2485 27 22 7 41 0.0776 0.0160 149 311
208-0-1-0.05-50-0 0 2486 46 19 13 3 0.3451 0.8072 327 134
208-0-1-0.05-50-0 0 2486 44 47 3 3 0.7034 0.9293 118 103
208-0-1-0.05-50-0 0 2486 39 5 13 3 0.2187 0.0007 309 226
208-0-1-0.05-50-0 0 2487 20 16 1 23 0.9922 0.2228 102 149
208-0-1-0.05-50-0 0 2487 44 43 3 4 0.7034 0.8316 118 123
208-0-1-0.05-50-0 0 2487 29 22 3 42 0.6728 0.0160 177 311
208-0-1-0.05-50-0 0 2488 22 16 41 22 0.0160 0.2228 311 149
208-0-1-0.05-50-0 0 2488 46 27 14 9 0.3451 0.0776 327 149
208-0-1-0.05-50-0 0 2488 16 16 21 21 0.2228 0.2228 149 149
208-0-1-0.05-50-0 0 2489 46 10 14 6 0.3451 0.2533 327 449
208-0-1-0.05-50-0 0 2489 22 16 44 21 0.0160 0.2228 311 149
208-0-1-0.05-50-0 0 2489 22 39 44 13 0.0160 0.2187 311 309
208-0-1-0.05-50-0 0 2490 31 22 2 47 0.5626 0.0160 252 311
208-0-1-0.05-50-0 0 2490 22 32 46 1 0.0160 0.6514 311 215
208-0-1-0.05-50-0 0 2490 22 22 46 46 0.0160 0.0160 311 311
208-0-1-0.05-50-0 0 2491 44 11 3 2 0.7034 0.0504 118 384
208-0-1-0.05-50-0 0 2491 43 31 3 2 0.8316 0.5626 123 252
208-0-1-0.05-50-0 0 2491 16 39 18 15 0.2228 0.2187 149 309
208-0-1-0.05-50-0 0 2492 5 46 2 16 0.0007 0.3451 226 327
208-0-1-0.05-50-0 0 2492 22 16 46 17 0.0160 0.2228 311 149
208-0-1-0.05-50-0 0 2492 43 16 3 16 0.8316 0.2228 123 149
208-0-1-0.05-50-0 0 2493 22 22 46 46 0.0160 0.0160 311 311
208-0-1-0.05-50-0 0 2493 46 24 14 2 0.3451 0.1940 327 254
208-0-1-0.05-50-0 0 2494 22 18 44 6 0.0160 0.2181 311 226
208-0-1-0.05-50-0 0 2494 22 11 44 1 0.0160 0.0504 311 384
208-0-1-0.05-50-0 0 2495 22 16 43 16 0.0160 0.2228 311 149
208-0-1-0.05-50-0 0 2495 29 43 4 3 0.6728 0.8316 177 123
208-0-1-0.05-50-0 0 2496 22 22 44 44 0.0160 0.0160 311 311
208-0-1-0.05-50-0 0 2496 25 15 1 6 0.9430 0.7918 125 149
208-0-1-0.05-50-0 0 2497 16 27 16 7 0.2228 0.0776 149 149
208-0-1-0.05-50-0 0 2497 22 39 44 15 0.0160 0.2187 311 309
208-0-1-0.05-50-0 0 2498 22 22 50 50 0.0160 0.0160 311 311
208-0-1-0.05-50-0 0 2498 22 22 49 49 0.0160 0.0160 311 311
208-0-1-0.05-50-0 0 2499 22 16 47 15 0.0160 0.2228 311 149
208-0-1-0.05-50-0 0 2499 36 39 1 11 0.8162 0.2187 165 309
208-0-1-0.05-50-0 0 2500 2 36 1 1 0.8198 0.8162 167 165
208-0-1-0.05-50-0 0 2500 22 15 47 5 0.0160 0.7918 311 149
