21-1-1-0.05-50-0 1 2302 14 13 73 151 0.8451 0.8878 105 151
21-1-1-0.05-50-0 1 2302 36 37 153 77 0.8162 0.8481 165 127
21-1-1-0.05-50-0 1 2302 36 37 153 76 0.8162 0.8481 165 127
21-1-1-0.05-50-0 1 2303 36 26 154 101 0.8162 0.8171 165 141
21-1-1-0.05-50-0 1 2303 36 36 154 154 0.8162 0.8162 165 165
21-1-1-0.05-50-0 1 2303 14 2 73 163 0.8451 0.8198 105 167
21-1-1-0.05-50-0 1 2304 14 47 72 100 0.8451 0.9293 105 103
21-1-1-0.05-50-0 1 2304 14 26 72 100 0.8451 0.8171 105 141
21-1-1-0.05-50-0 1 2304 14 14 72 72 0.8451 0.8451 105 105
21-1-1-0.05-50-0 1 2304 36 43 149 93 0.8162 0.8316 165 123
21-1-1-0.05-50-0 1 2304 36 26 149 99 0.8162 0.8171 165 141
21-1-1-0.05-50-0 1 2305 14 26 74 102 0.8451 0.8171 105 141
21-1-1-0.05-50-0 1 2305 36 2 146 167 0.8162 0.8198 165 167
21-1-1-0.05-50-0 1 2305 36 37 146 73 0.8162 0.8481 165 127
21-1-1-0.05-50-0 1 2305 14 20 74 98 0.8451 0.9922 105 102
21-1-1-0.05-50-0 1 2306 25 11 125 1 0.9430 0.0504 125 384
21-1-1-0.05-50-0 1 2306 36 43 147 97 0.8162 0.8316 165 123
21-1-1-0.05-50-0 1 2306 43 49 96 1 0.8316 0.1842 123 136
21-1-1-0.05-50-0 1 2307 14 47 74 97 0.8451 0.9293 105 103
21-1-1-0.05-50-0 1 2307 36 36 147 147 0.8162 0.8162 165 165
21-1-1-0.05-50-0 1 2307 36 43 146 100 0.8162 0.8316 165 123
21-1-1-0.05-50-0 1 2307 14 41 74 105 0.8451 0.9621 105 105
21-1-1-0.05-50-0 1 2307 14 25 74 124 0.8451 0.9430 105 125
21-1-1-0.05-50-0 1 2307 36 36 146 146 0.8162 0.8162 165 165
21-1-1-0.05-50-0 1 2307 26 45 99 1 0.8171 0.3816 141 173
21-1-1-0.05-50-0 1 2308 14 13 74 151 0.8451 0.8878 105 151
21-1-1-0.05-50-0 1 2308 1 8 23 5 0.2520 0.2506 409 303
21-1-1-0.05-50-0 1 2308 14 43 74 102 0.8451 0.8316 105 123
21-1-1-0.05-50-0 1 2308 36 43 142 101 0.8162 0.8316 165 123
21-1-1-0.05-50-0 1 2309 36 2 146 166 0.8162 0.8198 165 167
21-1-1-0.05-50-0 1 2309 36 2 146 165 0.8162 0.8198 165 167
21-1-1-0.05-50-0 1 2309 14 2 74 164 0.8451 0.8198 105 167
21-1-1-0.05-50-0 1 2309 14 37 74 70 0.8451 0.8481 105 127
21-1-1-0.05-50-0 1 2309 36 36 146 146 0.8162 0.8162 165 165
21-1-1-0.05-50-0 1 2310 36 26 147 100 0.8162 0.8171 165 141
21-1-1-0.05-50-0 1 2310 36 36 147 147 0.8162 0.8162 165 165
21-1-1-0.05-50-0 1 2310 36 43 146 102 0.8162 0.8316 165 123
21-1-1-0.05-50-0 1 2310 14 47 73 101 0.8451 0.9293 105 103
21-1-1-0.05-50-0 1 2310 25 11 123 1 0.9430 0.0504 125 384
21-1-1-0.05-50-0 1 2310 36 2 146 160 0.8162 0.8198 165 167
21-1-1-0.05-50-0 1 2311 36 14 143 70 0.8162 0.8451 165 105
21-1-1-0.05-50-0 1 2311 14 26 69 105 0.8451 0.8171 105 141
21-1-1-0.05-50-0 1 2311 14 2 69 154 0.8451 0.8198 105 167
21-1-1-0.05-50-0 1 2311 36 36 143 143 0.8162 0.8162 165 165
21-1-1-0.05-50-0 1 2311 36 2 142 153 0.8162 0.8198 165 167
21-1-1-0.05-50-0 1 2311 36 19 142 11 0.8162 0.8072 165 134
21-1-1-0.05-50-0 1 2311 14 19 69 10 0.8451 0.8072 105 134
21-1-1-0.05-50-0 1 2312 36 14 138 69 0.8162 0.8451 165 105
21-1-1-0.05-50-0 1 2312 36 36 138 138 0.8162 0.8162 165 165
21-1-1-0.05-50-0 1 2312 14 36 68 137 0.8451 0.8162 105 165
21-1-1-0.05-50-0 1 2312 36 2 136 149 0.8162 0.8198 165 167
21-1-1-0.05-50-0 1 2313 36 37 137 69 0.8162 0.8481 165 127
21-1-1-0.05-50-0 1 2313 36 36 137 137 0.8162 0.8162 165 165
21-1-1-0.05-50-0 1 2313 36 36 136 136 0.8162 0.8162 165 165
21-1-1-0.05-50-0 1 2313 14 41 63 104 0.8451 0.9621 105 105
21-1-1-0.05-50-0 1 2313 36 2 135 145 0.8162 0.8198 165 167
21-1-1-0.05-50-0 1 2313 36 37 135 68 0.8162 0.8481 165 127
21-1-1-0.05-50-0 1 2313 36 14 135 63 0.8162 0.8451 165 105
21-1-1-0.05-50-0 1 2314 19 19 10 10 0.8072 0.8072 134 134
21-1-1-0.05-50-0 1 2314 36 37 135 67 0.8162 0.8481 165 127
21-1-1-0.05-50-0 1 2314 36 2 135 140 0.8162 0.8198 165 167
21-1-1-0.05-50-0 1 2314 14 13 63 151 0.8451 0.8878 105 151
21-1-1-0.05-50-0 1 2315 36 36 137 137 0.8162 0.8162 165 165
21-1-1-0.05-50-0 1 2315 36 2 136 143 0.8162 0.8198 165 167
21-1-1-0.05-50-0 1 2315 41 5 104 1 0.9621 0.0007 105 226
21-1-1-0.05-50-0 1 2315 36 2 136 142 0.8162 0.8198 165 167
21-1-1-0.05-50-0 1 2316 14 26 65 104 0.8451 0.8171 105 141
21-1-1-0.05-50-0 1 2317 36 43 147 93 0.8162 0.8316 165 123
21-1-1-0.05-50-0 1 2317 36 14 147 64 0.8162 0.8451 165 105
21-1-1-0.05-50-0 1 2317 36 26 147 105 0.8162 0.8171 165 141
21-1-1-0.05-50-0 1 2318 36 2 148 152 0.8162 0.8198 165 167
21-1-1-0.05-50-0 1 2318 36 36 148 148 0.8162 0.8162 165 165
21-1-1-0.05-50-0 1 2318 36 26 147 101 0.8162 0.8171 165 141
21-1-1-0.05-50-0 1 2318 19 19 10 10 0.8072 0.8072 134 134
21-1-1-0.05-50-0 1 2319 2 38 148 1 0.8198 0.6163 167 270
21-1-1-0.05-50-0 1 2319 36 2 150 148 0.8162 0.8198 165 167
21-1-1-0.05-50-0 1 2319 41 35 101 1 0.9621 0.0354 105 158
21-1-1-0.05-50-0 1 2319 14 14 66 66 0.8451 0.8451 105 105
21-1-1-0.05-50-0 1 2320 14 36 65 145 0.8451 0.8162 105 165
21-1-1-0.05-50-0 1 2320 40 9 46 2 0.9739 0.6134 104 161
21-1-1-0.05-50-0 1 2320 14 36 65 144 0.8451 0.8162 105 165
21-1-1-0.05-50-0 1 2320 40 34 46 2 0.9739 0.7448 104 168
21-1-1-0.05-50-0 1 2320 1 1 21 21 0.2520 0.2520 409 409
21-1-1-0.05-50-0 1 2321 36 43 145 96 0.8162 0.8316 165 123
21-1-1-0.05-50-0 1 2321 36 26 145 103 0.8162 0.8171 165 141
21-1-1-0.05-50-0 1 2321 14 20 68 102 0.8451 0.9922 105 102
21-1-1-0.05-50-0 1 2321 19 19 8 8 0.8072 0.8072 134 134
21-1-1-0.05-50-0 1 2321 36 43 145 95 0.8162 0.8316 165 123
21-1-1-0.05-50-0 1 2321 14 14 68 68 0.8451 0.8451 105 105
21-1-1-0.05-50-0 1 2321 2 9 143 1 0.8198 0.6134 167 161
21-1-1-0.05-50-0 1 2321 14 36 67 145 0.8451 0.8162 105 165
21-1-1-0.05-50-0 1 2321 36 43 144 94 0.8162 0.8316 165 123
21-1-1-0.05-50-0 1 2322 1 10 19 79 0.2520 0.2533 409 449
21-1-1-0.05-50-0 1 2322 36 43 145 95 0.8162 0.8316 165 123
21-1-1-0.05-50-0 1 2322 36 43 145 94 0.8162 0.8316 165 123
21-1-1-0.05-50-0 1 2323 36 2 150 150 0.8162 0.8198 165 167
21-1-1-0.05-50-0 1 2323 36 2 150 149 0.8162 0.8198 165 167
21-1-1-0.05-50-0 1 2323 14 13 73 141 0.8451 0.8878 105 151
21-1-1-0.05-50-0 1 2323 36 26 150 102 0.8162 0.8171 165 141
21-1-1-0.05-50-0 1 2324 36 2 146 149 0.8162 0.8198 165 167
21-1-1-0.05-50-0 1 2324 1 23 24 3 0.2520 0.1698 409 476
21-1-1-0.05-50-0 1 2324 43 24 96 2 0.8316 0.1940 123 254
21-1-1-0.05-50-0 1 2324 36 26 146 103 0.8162 0.8171 165 141
21-1-1-0.05-50-0 1 2324 14 2 72 148 0.8451 0.8198 105 167
21-1-1-0.05-50-0 1 2324 26 6 102 1 0.8171 0.4266 141 249
21-1-1-0.05-50-0 1 2324 14 43 72 96 0.8451 0.8316 105 123
21-1-1-0.05-50-0 1 2325 37 23 62 3 0.8481 0.1698 127 476
21-1-1-0.05-50-0 1 2325 37 24 62 1 0.8481 0.1940 127 254
21-1-1-0.05-50-0 1 2325 36 36 150 150 0.8162 0.8162 165 165
21-1-1-0.05-50-0 1 2325 36 26 149 101 0.8162 0.8171 165 141
21-1-1-0.05-50-0 1 2325 14 37 69 62 0.8451 0.8481 105 127
21-1-1-0.05-50-0 1 2325 36 36 149 149 0.8162 0.8162 165 165
21-1-1-0.05-50-0 1 2325 36 36 148 148 0.8162 0.8162 165 165
21-1-1-0.05-50-0 1 2325 36 26 147 100 0.8162 0.8171 165 141
21-1-1-0.05-50-0 1 2326 36 26 150 101 0.8162 0.8171 165 141
21-1-1-0.05-50-0 1 2326 14 40 67 45 0.8451 0.9739 105 104
21-1-1-0.05-50-0 1 2326 14 41 67 104 0.8451 0.9621 105 105
21-1-1-0.05-50-0 1 2326 36 14 150 67 0.8162 0.8451 165 105
21-1-1-0.05-50-0 1 2326 36 14 150 66 0.8162 0.8451 165 105
21-1-1-0.05-50-0 1 2326 14 37 65 62 0.8451 0.8481 105 127
21-1-1-0.05-50-0 1 2326 36 37 150 61 0.8162 0.8481 165 127
21-1-1-0.05-50-0 1 2327 21 10 1 80 0.4184 0.2533 158 449
21-1-1-0.05-50-0 1 2327 14 26 67 99 0.8451 0.8171 105 141
21-1-1-0.05-50-0 1 2327 14 41 67 100 0.8451 0.9621 105 105
21-1-1-0.05-50-0 1 2327 36 36 151 151 0.8162 0.8162 165 165
21-1-1-0.05-50-0 1 2328 36 14 151 73 0.8162 0.8451 165 105
21-1-1-0.05-50-0 1 2329 36 37 153 64 0.8162 0.8481 165 127
21-1-1-0.05-50-0 1 2329 14 36 71 153 0.8451 0.8162 105 165
21-1-1-0.05-50-0 1 2329 36 26 152 93 0.8162 0.8171 165 141
21-1-1-0.05-50-0 1 2329 14 25 71 120 0.8451 0.9430 105 125
21-1-1-0.05-50-0 1 2329 36 36 152 152 0.8162 0.8162 165 165
21-1-1-0.05-50-0 1 2329 36 36 151 151 0.8162 0.8162 165 165
21-1-1-0.05-50-0 1 2329 36 43 150 101 0.8162 0.8316 165 123
21-1-1-0.05-50-0 1 2330 36 36 148 148 0.8162 0.8162 165 165
21-1-1-0.05-50-0 1 2330 1 24 34 1 0.2520 0.1940 409 254
21-1-1-0.05-50-0 1 2331 36 14 147 73 0.8162 0.8451 165 105
21-1-1-0.05-50-0 1 2331 36 14 147 72 0.8162 0.8451 165 105
21-1-1-0.05-50-0 1 2331 1 1 35 35 0.2520 0.2520 409 409
21-1-1-0.05-50-0 1 2331 36 43 147 103 0.8162 0.8316 165 123
21-1-1-0.05-50-0 1 2332 36 2 146 151 0.8162 0.8198 165 167
21-1-1-0.05-50-0 1 2332 20 31 86 1 0.9922 0.5626 102 252
21-1-1-0.05-50-0 1 2332 1 1 32 32 0.2520 0.2520 409 409
21-1-1-0.05-50-0 1 2332 36 2 146 150 0.8162 0.8198 165 167
21-1-1-0.05-50-0 1 2332 36 36 146 146 0.8162 0.8162 165 165
21-1-1-0.05-50-0 1 2332 2 21 149 1 0.8198 0.4184 167 158
21-1-1-0.05-50-0 1 2332 1 1 31 31 0.2520 0.2520 409 409
21-1-1-0.05-50-0 1 2332 1 10 30 87 0.2520 0.2533 409 449
21-1-1-0.05-50-0 1 2333 26 28 98 2 0.8171 0.3846 141 311
21-1-1-0.05-50-0 1 2333 1 1 31 31 0.2520 0.2520 409 409
21-1-1-0.05-50-0 1 2333 14 20 69 81 0.8451 0.9922 105 102
21-1-1-0.05-50-0 1 2333 36 43 150 102 0.8162 0.8316 165 123
21-1-1-0.05-50-0 1 2334 36 43 149 103 0.8162 0.8316 165 123
21-1-1-0.05-50-0 1 2334 1 10 34 93 0.2520 0.2533 409 449
21-1-1-0.05-50-0 1 2334 1 8 34 13 0.2520 0.2506 409 303
21-1-1-0.05-50-0 1 2335 36 2 149 154 0.8162 0.8198 165 167
21-1-1-0.05-50-0 1 2335 1 10 36 94 0.2520 0.2533 409 449
21-1-1-0.05-50-0 1 2335 1 10 36 93 0.2520 0.2533 409 449
21-1-1-0.05-50-0 1 2335 14 43 66 101 0.8451 0.8316 105 123
21-1-1-0.05-50-0 1 2335 36 2 149 153 0.8162 0.8198 165 167
21-1-1-0.05-50-0 1 2335 36 14 149 66 0.8162 0.8451 165 105
21-1-1-0.05-50-0 1 2336 36 43 146 104 0.8162 0.8316 165 123
21-1-1-0.05-50-0 1 2336 36 14 146 64 0.8162 0.8451 165 105
21-1-1-0.05-50-0 1 2336 14 36 63 146 0.8451 0.8162 105 165
21-1-1-0.05-50-0 1 2336 36 43 145 103 0.8162 0.8316 165 123
21-1-1-0.05-50-0 1 2337 1 1 32 32 0.2520 0.2520 409 409
21-1-1-0.05-50-0 1 2337 14 41 67 94 0.8451 0.9621 105 105
21-1-1-0.05-50-0 1 2337 43 24 98 1 0.8316 0.1940 123 254
21-1-1-0.05-50-0 1 2337 19 19 10 10 0.8072 0.8072 134 134
21-1-1-0.05-50-0 1 2337 40 28 44 1 0.9739 0.3846 104 311
21-1-1-0.05-50-0 1 2337 36 37 148 69 0.8162 0.8481 165 127
21-1-1-0.05-50-0 1 2338 36 2 150 160 0.8162 0.8198 165 167
21-1-1-0.05-50-0 1 2338 36 36 150 150 0.8162 0.8162 165 165
21-1-1-0.05-50-0 1 2338 1 10 32 86 0.2520 0.2533 409 449
21-1-1-0.05-50-0 1 2338 14 47 66 98 0.8451 0.9293 105 103
21-1-1-0.05-50-0 1 2338 36 26 149 99 0.8162 0.8171 165 141
21-1-1-0.05-50-0 1 2338 36 36 149 149 0.8162 0.8162 165 165
21-1-1-0.05-50-0 1 2338 37 50 68 1 0.8481 0.2147 127 147
21-1-1-0.05-50-0 1 2338 14 40 66 43 0.8451 0.9739 105 104
21-1-1-0.05-50-0 1 2338 36 36 148 148 0.8162 0.8162 165 165
21-1-1-0.05-50-0 1 2338 36 2 147 159 0.8162 0.8198 165 167
21-1-1-0.05-50-0 1 2338 36 26 147 98 0.8162 0.8171 165 141
21-1-1-0.05-50-0 1 2339 36 2 151 155 0.8162 0.8198 165 167
21-1-1-0.05-50-0 1 2339 36 2 151 154 0.8162 0.8198 165 167
21-1-1-0.05-50-0 1 2339 36 26 151 99 0.8162 0.8171 165 141
21-1-1-0.05-50-0 1 2339 36 2 151 153 0.8162 0.8198 165 167
21-1-1-0.05-50-0 1 2339 36 36 151 151 0.8162 0.8162 165 165
21-1-1-0.05-50-0 1 2339 36 36 150 150 0.8162 0.8162 165 165
21-1-1-0.05-50-0 1 2340 36 2 150 152 0.8162 0.8198 165 167
21-1-1-0.05-50-0 1 2340 36 26 150 103 0.8162 0.8171 165 141
21-1-1-0.05-50-0 1 2340 36 36 150 150 0.8162 0.8162 165 165
21-1-1-0.05-50-0 1 2340 36 2 149 151 0.8162 0.8198 165 167
21-1-1-0.05-50-0 1 2340 36 2 149 150 0.8162 0.8198 165 167
21-1-1-0.05-50-0 1 2340 36 14 149 59 0.8162 0.8451 165 105
21-1-1-0.05-50-0 1 2340 36 2 149 149 0.8162 0.8198 165 167
21-1-1-0.05-50-0 1 2341 36 43 152 105 0.8162 0.8316 165 123
21-1-1-0.05-50-0 1 2341 36 37 152 64 0.8162 0.8481 165 127
21-1-1-0.05-50-0 1 2341 7 31 23 1 0.9267 0.5626 106 252
21-1-1-0.05-50-0 1 2341 36 2 152 150 0.8162 0.8198 165 167
21-1-1-0.05-50-0 1 2341 41 22 93 1 0.9621 0.0160 105 311
21-1-1-0.05-50-0 1 2342 36 37 154 63 0.8162 0.8481 165 127
21-1-1-0.05-50-0 1 2342 14 36 59 154 0.8451 0.8162 105 165
21-1-1-0.05-50-0 1 2342 36 2 153 155 0.8162 0.8198 165 167
21-1-1-0.05-50-0 1 2342 36 14 153 59 0.8162 0.8451 165 105
21-1-1-0.05-50-0 1 2342 37 18 62 2 0.8481 0.2181 127 226
21-1-1-0.05-50-0 1 2342 20 38 70 1 0.9922 0.6163 102 270
21-1-1-0.05-50-0 1 2343 36 36 150 150 0.8162 0.8162 165 165
21-1-1-0.05-50-0 1 2343 14 41 56 92 0.8451 0.9621 105 105
21-1-1-0.05-50-0 1 2343 14 25 56 120 0.8451 0.9430 105 125
21-1-1-0.05-50-0 1 2344 36 36 149 149 0.8162 0.8162 165 165
21-1-1-0.05-50-0 1 2344 36 37 148 66 0.8162 0.8481 165 127
21-1-1-0.05-50-0 1 2344 36 36 148 148 0.8162 0.8162 165 165
21-1-1-0.05-50-0 1 2344 37 18 65 1 0.8481 0.2181 127 226
21-1-1-0.05-50-0 1 2344 36 2 147 158 0.8162 0.8198 165 167
21-1-1-0.05-50-0 1 2344 1 8 32 15 0.2520 0.2506 409 303
21-1-1-0.05-50-0 1 2344 36 36 147 147 0.8162 0.8162 165 165
21-1-1-0.05-50-0 1 2344 36 43 146 103 0.8162 0.8316 165 123
21-1-1-0.05-50-0 1 2345 37 48 66 1 0.8481 0.1153 127 334
21-1-1-0.05-50-0 1 2345 1 10 32 94 0.2520 0.2533 409 449
21-1-1-0.05-50-0 1 2345 36 36 145 145 0.8162 0.8162 165 165
21-1-1-0.05-50-0 1 2345 36 26 144 117 0.8162 0.8171 165 141
21-1-1-0.05-50-0 1 2345 1 10 32 93 0.2520 0.2533 409 449
21-1-1-0.05-50-0 1 2345 36 2 144 157 0.8162 0.8198 165 167
21-1-1-0.05-50-0 1 2345 36 37 144 66 0.8162 0.8481 165 127
21-1-1-0.05-50-0 1 2345 36 26 144 116 0.8162 0.8171 165 141
21-1-1-0.05-50-0 1 2345 36 36 144 144 0.8162 0.8162 165 165
21-1-1-0.05-50-0 1 2345 37 23 65 2 0.8481 0.1698 127 476
21-1-1-0.05-50-0 1 2345 36 43 143 101 0.8162 0.8316 165 123
21-1-1-0.05-50-0 1 2346 36 43 141 96 0.8162 0.8316 165 123
21-1-1-0.05-50-0 1 2346 36 26 141 116 0.8162 0.8171 165 141
21-1-1-0.05-50-0 1 2346 36 2 141 159 0.8162 0.8198 165 167
21-1-1-0.05-50-0 1 2346 14 40 54 51 0.8451 0.9739 105 104
21-1-1-0.05-50-0 1 2347 1 8 34 19 0.2520 0.2506 409 303
21-1-1-0.05-50-0 1 2347 36 36 140 140 0.8162 0.8162 165 165
21-1-1-0.05-50-0 1 2347 36 37 139 63 0.8162 0.8481 165 127
21-1-1-0.05-50-0 1 2347 14 2 56 161 0.8451 0.8198 105 167
21-1-1-0.05-50-0 1 2347 20 38 78 2 0.9922 0.6163 102 270
21-1-1-0.05-50-0 1 2347 1 8 34 18 0.2520 0.2506 409 303
21-1-1-0.05-50-0 1 2348 14 20 59 79 0.8451 0.9922 105 102
21-1-1-0.05-50-0 1 2348 14 2 59 163 0.8451 0.8198 105 167
21-1-1-0.05-50-0 1 2348 36 2 142 162 0.8162 0.8198 165 167
21-1-1-0.05-50-0 1 2348 36 36 142 142 0.8162 0.8162 165 165
21-1-1-0.05-50-0 1 2348 36 26 141 121 0.8162 0.8171 165 141
21-1-1-0.05-50-0 1 2348 36 2 141 161 0.8162 0.8198 165 167
21-1-1-0.05-50-0 1 2348 14 20 59 78 0.8451 0.9922 105 102
21-1-1-0.05-50-0 1 2349 36 26 139 120 0.8162 0.8171 165 141
21-1-1-0.05-50-0 1 2349 2 38 166 1 0.8198 0.6163 167 270
21-1-1-0.05-50-0 1 2349 36 2 139 166 0.8162 0.8198 165 167
21-1-1-0.05-50-0 1 2349 36 36 139 139 0.8162 0.8162 165 165
21-1-1-0.05-50-0 1 2349 36 37 138 67 0.8162 0.8481 165 127
21-1-1-0.05-50-0 1 2350 36 36 145 145 0.8162 0.8162 165 165
21-1-1-0.05-50-0 1 2350 1 8 36 21 0.2520 0.2506 409 303
21-1-1-0.05-50-0 1 2350 14 25 58 123 0.8451 0.9430 105 125
21-1-1-0.05-50-0 1 2350 36 2 144 164 0.8162 0.8198 165 167
21-1-1-0.05-50-0 1 2350 1 10 36 91 0.2520 0.2533 409 449
21-1-1-0.05-50-0 1 2350 36 43 144 103 0.8162 0.8316 165 123
21-1-1-0.05-50-0 1 2350 26 28 119 2 0.8171 0.3846 141 311
21-1-1-0.05-50-0 1 2350 36 36 144 144 0.8162 0.8162 165 165
21-1-1-0.05-50-0 1 2350 36 26 143 119 0.8162 0.8171 165 141
21-1-1-0.05-50-0 1 2350 36 37 143 62 0.8162 0.8481 165 127
21-1-1-0.05-50-0 1 2350 36 2 143 163 0.8162 0.8198 165 167
21-1-1-0.05-50-0 1 2351 36 2 145 161 0.8162 0.8198 165 167
21-1-1-0.05-50-0 1 2351 26 28 121 1 0.8171 0.3846 141 311
21-1-1-0.05-50-0 1 2351 36 26 145 121 0.8162 0.8171 165 141
21-1-1-0.05-50-0 1 2352 40 31 42 1 0.9739 0.5626 104 252
21-1-1-0.05-50-0 1 2352 1 10 34 93 0.2520 0.2533 409 449
21-1-1-0.05-50-0 1 2352 14 26 51 120 0.8451 0.8171 105 141
21-1-1-0.05-50-0 1 2352 1 10 34 92 0.2520 0.2533 409 449
21-1-1-0.05-50-0 1 2352 37 23 64 1 0.8481 0.1698 127 476
21-1-1-0.05-50-0 1 2353 36 36 149 149 0.8162 0.8162 165 165
21-1-1-0.05-50-0 1 2353 36 26 148 120 0.8162 0.8171 165 141
21-1-1-0.05-50-0 1 2353 36 43 148 106 0.8162 0.8316 165 123
21-1-1-0.05-50-0 1 2353 36 36 148 148 0.8162 0.8162 165 165
21-1-1-0.05-50-0 1 2353 14 2 51 164 0.8451 0.8198 105 167
21-1-1-0.05-50-0 1 2353 1 10 33 91 0.2520 0.2533 409 449
21-1-1-0.05-50-0 1 2353 36 26 147 119 0.8162 0.8171 165 141
21-1-1-0.05-50-0 1 2354 36 26 150 118 0.8162 0.8171 165 141
21-1-1-0.05-50-0 1 2354 14 36 49 150 0.8451 0.8162 105 165
21-1-1-0.05-50-0 1 2354 36 43 149 103 0.8162 0.8316 165 123
21-1-1-0.05-50-0 1 2355 36 2 149 162 0.8162 0.8198 165 167
21-1-1-0.05-50-0 1 2355 1 10 32 92 0.2520 0.2533 409 449
21-1-1-0.05-50-0 1 2355 26 6 117 1 0.8171 0.4266 141 249
21-1-1-0.05-50-0 1 2355 36 2 149 161 0.8162 0.8198 165 167
21-1-1-0.05-50-0 1 2356 41 5 89 1 0.9621 0.0007 105 226
21-1-1-0.05-50-0 1 2356 14 26 54 120 0.8451 0.8171 105 141
21-1-1-0.05-50-0 1 2356 14 25 54 123 0.8451 0.9430 105 125
21-1-1-0.05-50-0 1 2357 36 14 150 53 0.8162 0.8451 165 105
21-1-1-0.05-50-0 1 2357 36 2 150 156 0.8162 0.8198 165 167
21-1-1-0.05-50-0 1 2357 36 36 150 150 0.8162 0.8162 165 165
21-1-1-0.05-50-0 1 2357 36 43 149 101 0.8162 0.8316 165 123
21-1-1-0.05-50-0 1 2358 36 26 150 124 0.8162 0.8171 165 141
21-1-1-0.05-50-0 1 2358 14 2 52 155 0.8451 0.8198 105 167
21-1-1-0.05-50-0 1 2358 14 20 52 64 0.8451 0.9922 105 102
21-1-1-0.05-50-0 1 2358 36 26 150 123 0.8162 0.8171 165 141
21-1-1-0.05-50-0 1 2358 36 43 150 103 0.8162 0.8316 165 123
21-1-1-0.05-50-0 1 2358 36 2 150 154 0.8162 0.8198 165 167
21-1-1-0.05-50-0 1 2358 14 13 52 151 0.8451 0.8878 105 151
21-1-1-0.05-50-0 1 2358 2 44 153 1 0.8198 0.7034 167 118
21-1-1-0.05-50-0 1 2359 14 41 52 81 0.8451 0.9621 105 105
21-1-1-0.05-50-0 1 2359 2 44 146 1 0.8198 0.7034 167 118
21-1-1-0.05-50-0 1 2360 36 43 154 103 0.8162 0.8316 165 123
21-1-1-0.05-50-0 1 2360 36 36 154 154 0.8162 0.8162 165 165
21-1-1-0.05-50-0 1 2360 41 35 81 1 0.9621 0.0354 105 158
21-1-1-0.05-50-0 1 2360 36 14 153 53 0.8162 0.8451 165 105
21-1-1-0.05-50-0 1 2360 14 26 52 128 0.8451 0.8171 105 141
21-1-1-0.05-50-0 1 2360 40 15 42 1 0.9739 0.7918 104 149
21-1-1-0.05-50-0 1 2361 36 36 158 158 0.8162 0.8162 165 165
21-1-1-0.05-50-0 1 2361 19 19 11 11 0.8072 0.8072 134 134
21-1-1-0.05-50-0 1 2361 36 2 157 159 0.8162 0.8198 165 167
21-1-1-0.05-50-0 1 2361 14 19 54 10 0.8451 0.8072 105 134
21-1-1-0.05-50-0 1 2361 36 2 157 158 0.8162 0.8198 165 167
21-1-1-0.05-50-0 1 2362 14 2 55 159 0.8451 0.8198 105 167
21-1-1-0.05-50-0 1 2362 36 2 157 158 0.8162 0.8198 165 167
21-1-1-0.05-50-0 1 2362 1 10 30 96 0.2520 0.2533 409 449
21-1-1-0.05-50-0 1 2362 14 2 55 157 0.8451 0.8198 105 167
21-1-1-0.05-50-0 1 2362 36 43 157 102 0.8162 0.8316 165 123
21-1-1-0.05-50-0 1 2362 36 36 157 157 0.8162 0.8162 165 165
21-1-1-0.05-50-0 1 2362 14 26 55 133 0.8451 0.8171 105 141
21-1-1-0.05-50-0 1 2362 36 36 156 156 0.8162 0.8162 165 165
21-1-1-0.05-50-0 1 2363 36 14 163 53 0.8162 0.8451 165 105
21-1-1-0.05-50-0 1 2363 36 36 163 163 0.8162 0.8162 165 165
21-1-1-0.05-50-0 1 2363 36 43 162 101 0.8162 0.8316 165 123
21-1-1-0.05-50-0 1 2363 36 14 162 52 0.8162 0.8451 165 105
21-1-1-0.05-50-0 1 2363 19 19 9 9 0.8072 0.8072 134 134
21-1-1-0.05-50-0 1 2363 1 8 32 15 0.2520 0.2506 409 303
21-1-1-0.05-50-0 1 2364 14 36 52 161 0.8451 0.8162 105 165
21-1-1-0.05-50-0 1 2364 14 26 52 138 0.8451 0.8171 105 141
21-1-1-0.05-50-0 1 2364 36 36 160 160 0.8162 0.8162 165 165
21-1-1-0.05-50-0 1 2364 40 34 42 1 0.9739 0.7448 104 168
21-1-1-0.05-50-0 1 2364 36 37 159 71 0.8162 0.8481 165 127
21-1-1-0.05-50-0 1 2364 2 3 163 1 0.8198 0.4813 167 321
21-1-1-0.05-50-0 1 2365 14 13 52 146 0.8451 0.8878 105 151
21-1-1-0.05-50-0 1 2365 14 7 52 35 0.8451 0.9267 105 106
21-1-1-0.05-50-0 1 2365 36 2 165 157 0.8162 0.8198 165 167
21-1-1-0.05-50-0 1 2366 36 26 165 138 0.8162 0.8171 165 141
21-1-1-0.05-50-0 1 2366 36 37 165 74 0.8162 0.8481 165 127
21-1-1-0.05-50-0 1 2366 1 10 34 101 0.2520 0.2533 409 449
21-1-1-0.05-50-0 1 2366 14 43 52 104 0.8451 0.8316 105 123
21-1-1-0.05-50-0 1 2366 36 36 165 165 0.8162 0.8162 165 165
21-1-1-0.05-50-0 1 2366 36 43 164 103 0.8162 0.8316 165 123
21-1-1-0.05-50-0 1 2366 1 10 34 100 0.2520 0.2533 409 449
21-1-1-0.05-50-0 1 2367 1 10 38 101 0.2520 0.2533 409 449
21-1-1-0.05-50-0 1 2367 14 36 52 165 0.8451 0.8162 105 165
21-1-1-0.05-50-0 1 2367 14 40 52 42 0.8451 0.9739 105 104
21-1-1-0.05-50-0 1 2367 36 36 164 164 0.8162 0.8162 165 165
21-1-1-0.05-50-0 1 2367 14 13 52 151 0.8451 0.8878 105 151
21-1-1-0.05-50-0 1 2367 36 36 163 163 0.8162 0.8162 165 165
21-1-1-0.05-50-0 1 2368 36 2 162 162 0.8162 0.8198 165 167
21-1-1-0.05-50-0 1 2368 36 14 162 56 0.8162 0.8451 165 105
21-1-1-0.05-50-0 1 2368 36 36 162 162 0.8162 0.8162 165 165
21-1-1-0.05-50-0 1 2368 36 43 161 103 0.8162 0.8316 165 123
21-1-1-0.05-50-0 1 2368 36 36 161 161 0.8162 0.8162 165 165
21-1-1-0.05-50-0 1 2368 36 2 160 161 0.8162 0.8198 165 167
21-1-1-0.05-50-0 1 2369 14 7 55 35 0.8451 0.9267 105 106
21-1-1-0.05-50-0 1 2369 20 46 57 1 0.9922 0.3451 102 327
21-1-1-0.05-50-0 1 2369 36 2 158 167 0.8162 0.8198 165 167
21-1-1-0.05-50-0 1 2369 36 26 158 137 0.8162 0.8171 165 141
21-1-1-0.05-50-0 1 2369 36 43 158 107 0.8162 0.8316 165 123
21-1-1-0.05-50-0 1 2369 1 10 39 100 0.2520 0.2533 409 449
21-1-1-0.05-50-0 1 2369 2 38 166 1 0.8198 0.6163 167 270
21-1-1-0.05-50-0 1 2369 26 3 136 1 0.8171 0.4813 141 321
21-1-1-0.05-50-0 1 2370 36 26 163 135 0.8162 0.8171 165 141
21-1-1-0.05-50-0 1 2370 36 37 163 74 0.8162 0.8481 165 127
21-1-1-0.05-50-0 1 2370 36 43 163 103 0.8162 0.8316 165 123
21-1-1-0.05-50-0 1 2370 2 17 165 1 0.8198 0.6398 167 197
21-1-1-0.05-50-0 1 2370 36 36 163 163 0.8162 0.8162 165 165
21-1-1-0.05-50-0 1 2371 36 14 163 54 0.8162 0.8451 165 105
21-1-1-0.05-50-0 1 2371 36 37 163 74 0.8162 0.8481 165 127
21-1-1-0.05-50-0 1 2371 36 14 163 53 0.8162 0.8451 165 105
21-1-1-0.05-50-0 1 2371 36 37 163 73 0.8162 0.8481 165 127
21-1-1-0.05-50-0 1 2372 14 7 53 35 0.8451 0.9267 105 106
21-1-1-0.05-50-0 1 2372 14 36 53 164 0.8451 0.8162 105 165
21-1-1-0.05-50-0 1 2373 36 36 162 162 0.8162 0.8162 165 165
21-1-1-0.05-50-0 1 2373 36 2 161 163 0.8162 0.8198 165 167
21-1-1-0.05-50-0 1 2373 36 37 161 71 0.8162 0.8481 165 127
21-1-1-0.05-50-0 1 2373 1 10 38 106 0.2520 0.2533 409 449
21-1-1-0.05-50-0 1 2374 36 26 158 138 0.8162 0.8171 165 141
21-1-1-0.05-50-0 1 2374 36 36 158 158 0.8162 0.8162 165 165
21-1-1-0.05-50-0 1 2375 14 41 51 96 0.8451 0.9621 105 105
21-1-1-0.05-50-0 1 2375 36 26 155 138 0.8162 0.8171 165 141
21-1-1-0.05-50-0 1 2375 1 10 36 102 0.2520 0.2533 409 449
21-1-1-0.05-50-0 1 2375 14 2 51 164 0.8451 0.8198 105 167
21-1-1-0.05-50-0 1 2375 36 36 155 155 0.8162 0.8162 165 165
21-1-1-0.05-50-0 1 2375 36 2 154 163 0.8162 0.8198 165 167
21-1-1-0.05-50-0 1 2375 36 36 154 154 0.8162 0.8162 165 165
21-1-1-0.05-50-0 1 2375 36 26 153 137 0.8162 0.8171 165 141
21-1-1-0.05-50-0 1 2375 36 14 153 51 0.8162 0.8451 165 105
21-1-1-0.05-50-0 1 2376 14 26 49 131 0.8451 0.8171 105 141
21-1-1-0.05-50-0 1 2376 36 19 151 8 0.8162 0.8072 165 134
21-1-1-0.05-50-0 1 2376 19 42 7 2 0.8072 0.7447 134 106
21-1-1-0.05-50-0 1 2376 36 2 151 167 0.8162 0.8198 165 167
21-1-1-0.05-50-0 1 2377 2 44 167 1 0.8198 0.7034 167 118
21-1-1-0.05-50-0 1 2377 1 10 41 109 0.2520 0.2533 409 449
21-1-1-0.05-50-0 1 2377 36 43 153 102 0.8162 0.8316 165 123
21-1-1-0.05-50-0 1 2377 36 36 153 153 0.8162 0.8162 165 165
21-1-1-0.05-50-0 1 2377 36 26 152 132 0.8162 0.8171 165 141
21-1-1-0.05-50-0 1 2377 36 37 152 75 0.8162 0.8481 165 127
21-1-1-0.05-50-0 1 2378 14 20 49 54 0.8451 0.9922 105 102
21-1-1-0.05-50-0 1 2378 14 47 49 100 0.8451 0.9293 105 103
21-1-1-0.05-50-0 1 2378 14 26 49 125 0.8451 0.8171 105 141
21-1-1-0.05-50-0 1 2378 36 36 152 152 0.8162 0.8162 165 165
21-1-1-0.05-50-0 1 2378 14 43 49 97 0.8451 0.8316 105 123
21-1-1-0.05-50-0 1 2378 14 14 49 49 0.8451 0.8451 105 105
21-1-1-0.05-50-0 1 2378 1 10 42 107 0.2520 0.2533 409 449
21-1-1-0.05-50-0 1 2379 1 10 40 105 0.2520 0.2533 409 449
21-1-1-0.05-50-0 1 2379 36 26 149 124 0.8162 0.8171 165 141
21-1-1-0.05-50-0 1 2379 36 43 149 101 0.8162 0.8316 165 123
21-1-1-0.05-50-0 1 2379 36 36 149 149 0.8162 0.8162 165 165
21-1-1-0.05-50-0 1 2379 36 26 148 123 0.8162 0.8171 165 141
21-1-1-0.05-50-0 1 2380 36 2 151 167 0.8162 0.8198 165 167
21-1-1-0.05-50-0 1 2380 36 14 151 53 0.8162 0.8451 165 105
21-1-1-0.05-50-0 1 2380 36 43 151 103 0.8162 0.8316 165 123
21-1-1-0.05-50-0 1 2380 14 14 52 52 0.8451 0.8451 105 105
21-1-1-0.05-50-0 1 2380 14 13 51 139 0.8451 0.8878 105 151
21-1-1-0.05-50-0 1 2381 36 2 151 165 0.8162 0.8198 165 167
21-1-1-0.05-50-0 1 2381 2 32 164 1 0.8198 0.6514 167 215
21-1-1-0.05-50-0 1 2381 25 11 121 1 0.9430 0.0504 125 384
21-1-1-0.05-50-0 1 2381 36 37 151 75 0.8162 0.8481 165 127
21-1-1-0.05-50-0 1 2381 36 2 151 164 0.8162 0.8198 165 167
21-1-1-0.05-50-0 1 2381 14 36 51 151 0.8451 0.8162 105 165
21-1-1-0.05-50-0 1 2381 36 26 150 125 0.8162 0.8171 165 141
21-1-1-0.05-50-0 1 2381 14 43 51 103 0.8451 0.8316 105 123
21-1-1-0.05-50-0 1 2381 36 36 150 150 0.8162 0.8162 165 165
21-1-1-0.05-50-0 1 2382 14 13 56 145 0.8451 0.8878 105 151
21-1-1-0.05-50-0 1 2382 36 2 151 164 0.8162 0.8198 165 167
21-1-1-0.05-50-0 1 2382 36 2 151 163 0.8162 0.8198 165 167
21-1-1-0.05-50-0 1 2382 36 43 151 109 0.8162 0.8316 165 123
21-1-1-0.05-50-0 1 2382 36 2 151 162 0.8162 0.8198 165 167
21-1-1-0.05-50-0 1 2383 36 43 146 109 0.8162 0.8316 165 123
21-1-1-0.05-50-0 1 2383 14 36 57 146 0.8451 0.8162 105 165
21-1-1-0.05-50-0 1 2383 36 2 145 161 0.8162 0.8198 165 167
21-1-1-0.05-50-0 1 2383 14 13 57 143 0.8451 0.8878 105 151
21-1-1-0.05-50-0 1 2383 36 2 145 160 0.8162 0.8198 165 167
21-1-1-0.05-50-0 1 2383 36 2 145 159 0.8162 0.8198 165 167
21-1-1-0.05-50-0 1 2383 1 10 36 109 0.2520 0.2533 409 449
21-1-1-0.05-50-0 1 2384 36 2 139 160 0.8162 0.8198 165 167
21-1-1-0.05-50-0 1 2384 36 43 139 109 0.8162 0.8316 165 123
21-1-1-0.05-50-0 1 2384 10 27 113 1 0.2533 0.0776 449 149
21-1-1-0.05-50-0 1 2384 1 1 39 39 0.2520 0.2520 409 409
21-1-1-0.05-50-0 1 2385 1 10 40 114 0.2520 0.2533 409 449
21-1-1-0.05-50-0 1 2385 14 25 61 114 0.8451 0.9430 105 125
21-1-1-0.05-50-0 1 2386 14 25 63 113 0.8451 0.9430 105 125
21-1-1-0.05-50-0 1 2386 1 10 40 114 0.2520 0.2533 409 449
21-1-1-0.05-50-0 1 2386 36 14 145 63 0.8162 0.8451 165 105
21-1-1-0.05-50-0 1 2387 1 10 39 108 0.2520 0.2533 409 449
21-1-1-0.05-50-0 1 2387 36 43 143 102 0.8162 0.8316 165 123
21-1-1-0.05-50-0 1 2388 14 25 60 117 0.8451 0.9430 105 125
21-1-1-0.05-50-0 1 2388 40 9 42 1 0.9739 0.6134 104 161
21-1-1-0.05-50-0 1 2388 1 10 39 111 0.2520 0.2533 409 449
21-1-1-0.05-50-0 1 2389 36 37 153 85 0.8162 0.8481 165 127
21-1-1-0.05-50-0 1 2390 36 2 154 155 0.8162 0.8198 165 167
21-1-1-0.05-50-0 1 2390 36 43 154 105 0.8162 0.8316 165 123
21-1-1-0.05-50-0 1 2390 1 10 42 105 0.2520 0.2533 409 449
21-1-1-0.05-50-0 1 2390 36 37 154 87 0.8162 0.8481 165 127
21-1-1-0.05-50-0 1 2390 36 26 154 129 0.8162 0.8171 165 141
21-1-1-0.05-50-0 1 2390 37 24 86 1 0.8481 0.1940 127 254
21-1-1-0.05-50-0 1 2390 1 10 42 104 0.2520 0.2533 409 449
21-1-1-0.05-50-0 1 2390 36 26 154 128 0.8162 0.8171 165 141
21-1-1-0.05-50-0 1 2390 36 2 154 154 0.8162 0.8198 165 167
21-1-1-0.05-50-0 1 2390 14 2 64 153 0.8451 0.8198 105 167
21-1-1-0.05-50-0 1 2390 1 10 42 103 0.2520 0.2533 409 449
21-1-1-0.05-50-0 1 2390 1 10 42 102 0.2520 0.2533 409 449
21-1-1-0.05-50-0 1 2391 36 14 155 71 0.8162 0.8451 165 105
21-1-1-0.05-50-0 1 2391 1 1 44 44 0.2520 0.2520 409 409
21-1-1-0.05-50-0 1 2391 41 4 95 1 0.9621 0.0723 105 351
21-1-1-0.05-50-0 1 2391 36 43 155 104 0.8162 0.8316 165 123
21-1-1-0.05-50-0 1 2391 14 2 70 155 0.8451 0.8198 105 167
21-1-1-0.05-50-0 1 2392 1 10 45 94 0.2520 0.2533 409 449
21-1-1-0.05-50-0 1 2392 37 16 87 1 0.8481 0.2228 127 149
21-1-1-0.05-50-0 1 2392 1 1 45 45 0.2520 0.2520 409 409
21-1-1-0.05-50-0 1 2392 1 10 44 93 0.2520 0.2533 409 449
21-1-1-0.05-50-0 1 2392 1 1 44 44 0.2520 0.2520 409 409
21-1-1-0.05-50-0 1 2393 14 40 70 46 0.8451 0.9739 105 104
21-1-1-0.05-50-0 1 2393 36 14 157 70 0.8162 0.8451 165 105
21-1-1-0.05-50-0 1 2393 42 1 3 42 0.7447 0.2520 106 409
21-1-1-0.05-50-0 1 2393 36 36 157 157 0.8162 0.8162 165 165
21-1-1-0.05-50-0 1 2393 36 43 156 105 0.8162 0.8316 165 123
21-1-1-0.05-50-0 1 2393 36 37 156 90 0.8162 0.8481 165 127
21-1-1-0.05-50-0 1 2393 36 37 156 89 0.8162 0.8481 165 127
21-1-1-0.05-50-0 1 2394 36 43 158 100 0.8162 0.8316 165 123
21-1-1-0.05-50-0 1 2394 36 14 158 70 0.8162 0.8451 165 105
21-1-1-0.05-50-0 1 2395 1 8 41 14 0.2520 0.2506 409 303
21-1-1-0.05-50-0 1 2395 36 2 156 150 0.8162 0.8198 165 167
21-1-1-0.05-50-0 1 2395 14 36 67 156 0.8451 0.8162 105 165
21-1-1-0.05-50-0 1 2395 14 47 67 103 0.8451 0.9293 105 103
21-1-1-0.05-50-0 1 2395 14 25 67 115 0.8451 0.9430 105 125
21-1-1-0.05-50-0 1 2395 1 1 41 41 0.2520 0.2520 409 409
21-1-1-0.05-50-0 1 2396 36 26 161 134 0.8162 0.8171 165 141
21-1-1-0.05-50-0 1 2396 1 1 39 39 0.2520 0.2520 409 409
21-1-1-0.05-50-0 1 2396 1 10 38 91 0.2520 0.2533 409 449
21-1-1-0.05-50-0 1 2396 14 36 69 161 0.8451 0.8162 105 165
21-1-1-0.05-50-0 1 2396 1 10 38 90 0.2520 0.2533 409 449
21-1-1-0.05-50-0 1 2397 14 40 67 35 0.8451 0.9739 105 104
21-1-1-0.05-50-0 1 2397 14 43 67 98 0.8451 0.8316 105 123
21-1-1-0.05-50-0 1 2397 36 43 163 97 0.8162 0.8316 165 123
21-1-1-0.05-50-0 1 2397 14 37 67 90 0.8451 0.8481 105 127
21-1-1-0.05-50-0 1 2397 36 14 163 67 0.8162 0.8451 165 105
21-1-1-0.05-50-0 1 2397 36 36 163 163 0.8162 0.8162 165 165
21-1-1-0.05-50-0 1 2397 36 2 162 151 0.8162 0.8198 165 167
21-1-1-0.05-50-0 1 2398 1 10 40 88 0.2520 0.2533 409 449
21-1-1-0.05-50-0 1 2398 36 26 165 132 0.8162 0.8171 165 141
21-1-1-0.05-50-0 1 2398 36 37 165 88 0.8162 0.8481 165 127
21-1-1-0.05-50-0 1 2398 14 13 68 148 0.8451 0.8878 105 151
21-1-1-0.05-50-0 1 2398 36 2 165 153 0.8162 0.8198 165 167
21-1-1-0.05-50-0 1 2398 36 36 165 165 0.8162 0.8162 165 165
21-1-1-0.05-50-0 1 2399 14 26 64 137 0.8451 0.8171 105 141
21-1-1-0.05-50-0 1 2399 2 38 152 1 0.8198 0.6163 167 270
21-1-1-0.05-50-0 1 2399 36 43 165 97 0.8162 0.8316 165 123
21-1-1-0.05-50-0 1 2399 14 2 64 152 0.8451 0.8198 105 167
21-1-1-0.05-50-0 1 2399 36 26 165 136 0.8162 0.8171 165 141
21-1-1-0.05-50-0 1 2399 14 26 64 135 0.8451 0.8171 105 141
21-1-1-0.05-50-0 1 2399 36 37 165 82 0.8162 0.8481 165 127
21-1-1-0.05-50-0 1 2400 36 14 165 65 0.8162 0.8451 165 105
21-1-1-0.05-50-0 1 2400 36 36 165 165 0.8162 0.8162 165 165
21-1-1-0.05-50-0 1 2400 1 10 39 83 0.2520 0.2533 409 449
21-1-1-0.05-50-0 1 2400 1 10 39 82 0.2520 0.2533 409 449
21-1-1-0.05-50-0 1 2400 14 25 64 114 0.8451 0.9430 105 125
21-1-1-0.05-50-0 1 2400 36 14 164 64 0.8162 0.8451 165 105
21-1-1-0.05-50-0 1 2400 19 19 13 13 0.8072 0.8072 134 134
21-1-1-0.05-50-0 1 2401 36 43 160 94 0.8162 0.8316 165 123
21-1-1-0.05-50-0 1 2401 36 36 160 160 0.8162 0.8162 165 165
21-1-1-0.05-50-0 1 2401 1 10 39 82 0.2520 0.2533 409 449
21-1-1-0.05-50-0 1 2401 36 2 159 144 0.8162 0.8198 165 167
21-1-1-0.05-50-0 1 2401 14 2 67 143 0.8451 0.8198 105 167
21-1-1-0.05-50-0 1 2401 14 47 67 100 0.8451 0.9293 105 103
21-1-1-0.05-50-0 1 2401 14 36 67 159 0.8451 0.8162 105 165
21-1-1-0.05-50-0 1 2402 36 14 161 66 0.8162 0.8451 165 105
21-1-1-0.05-50-0 1 2402 36 37 161 86 0.8162 0.8481 165 127
21-1-1-0.05-50-0 1 2402 41 5 100 3 0.9621 0.0007 105 226
21-1-1-0.05-50-0 1 2402 36 37 161 85 0.8162 0.8481 165 127
21-1-1-0.05-50-0 1 2402 19 19 13 13 0.8072 0.8072 134 134
21-1-1-0.05-50-0 1 2402 14 13 65 145 0.8451 0.8878 105 151
21-1-1-0.05-50-0 1 2403 36 36 159 159 0.8162 0.8162 165 165
21-1-1-0.05-50-0 1 2403 36 36 158 158 0.8162 0.8162 165 165
21-1-1-0.05-50-0 1 2403 14 7 66 34 0.8451 0.9267 105 106
21-1-1-0.05-50-0 1 2403 14 14 66 66 0.8451 0.8451 105 105
21-1-1-0.05-50-0 1 2403 36 26 157 140 0.8162 0.8171 165 141
21-1-1-0.05-50-0 1 2403 1 10 44 80 0.2520 0.2533 409 449
21-1-1-0.05-50-0 1 2403 1 1 44 44 0.2520 0.2520 409 409
21-1-1-0.05-50-0 1 2403 42 10 3 79 0.7447 0.2533 106 449
21-1-1-0.05-50-0 1 2404 43 49 93 2 0.8316 0.1842 123 136
21-1-1-0.05-50-0 1 2404 14 43 67 93 0.8451 0.8316 105 123
21-1-1-0.05-50-0 1 2404 36 26 158 136 0.8162 0.8171 165 141
21-1-1-0.05-50-0 1 2404 1 10 41 77 0.2520 0.2533 409 449
21-1-1-0.05-50-0 1 2404 40 42 37 3 0.9739 0.7447 104 106
21-1-1-0.05-50-0 1 2404 36 43 158 92 0.8162 0.8316 165 123
21-1-1-0.05-50-0 1 2405 36 36 159 159 0.8162 0.8162 165 165
21-1-1-0.05-50-0 1 2405 1 10 41 80 0.2520 0.2533 409 449
21-1-1-0.05-50-0 1 2405 36 14 158 65 0.8162 0.8451 165 105
21-1-1-0.05-50-0 1 2405 14 43 64 91 0.8451 0.8316 105 123
21-1-1-0.05-50-0 1 2405 41 22 102 1 0.9621 0.0160 105 311
21-1-1-0.05-50-0 1 2405 14 36 64 158 0.8451 0.8162 105 165
21-1-1-0.05-50-0 1 2406 36 14 162 65 0.8162 0.8451 165 105
21-1-1-0.05-50-0 1 2406 14 26 64 141 0.8451 0.8171 105 141
21-1-1-0.05-50-0 1 2406 19 19 17 17 0.8072 0.8072 134 134
21-1-1-0.05-50-0 1 2406 14 26 64 140 0.8451 0.8171 105 141
21-1-1-0.05-50-0 1 2406 36 26 162 139 0.8162 0.8171 165 141
21-1-1-0.05-50-0 1 2406 14 26 64 138 0.8451 0.8171 105 141
21-1-1-0.05-50-0 1 2407 41 4 105 1 0.9621 0.0723 105 351
21-1-1-0.05-50-0 1 2407 37 12 84 1 0.8481 0.1896 127 325
21-1-1-0.05-50-0 1 2407 42 10 2 77 0.7447 0.2533 106 449
21-1-1-0.05-50-0 1 2407 1 1 42 42 0.2520 0.2520 409 409
21-1-1-0.05-50-0 1 2407 36 19 165 15 0.8162 0.8072 165 134
21-1-1-0.05-50-0 1 2407 37 49 84 1 0.8481 0.1842 127 136
21-1-1-0.05-50-0 1 2407 36 37 165 84 0.8162 0.8481 165 127
21-1-1-0.05-50-0 1 2407 37 39 83 1 0.8481 0.2187 127 309
21-1-1-0.05-50-0 1 2407 14 2 64 158 0.8451 0.8198 105 167
21-1-1-0.05-50-0 1 2407 36 36 165 165 0.8162 0.8162 165 165
21-1-1-0.05-50-0 1 2408 41 35 105 1 0.9621 0.0354 105 158
21-1-1-0.05-50-0 1 2408 1 10 42 74 0.2520 0.2533 409 449
21-1-1-0.05-50-0 1 2408 1 1 42 42 0.2520 0.2520 409 409
21-1-1-0.05-50-0 1 2408 36 2 165 158 0.8162 0.8198 165 167
21-1-1-0.05-50-0 1 2408 1 1 41 41 0.2520 0.2520 409 409
21-1-1-0.05-50-0 1 2409 25 22 112 2 0.9430 0.0160 125 311
21-1-1-0.05-50-0 1 2409 36 36 164 164 0.8162 0.8162 165 165
21-1-1-0.05-50-0 1 2409 14 37 65 85 0.8451 0.8481 105 127
21-1-1-0.05-50-0 1 2409 36 14 163 65 0.8162 0.8451 165 105
21-1-1-0.05-50-0 1 2409 19 19 14 14 0.8072 0.8072 134 134
21-1-1-0.05-50-0 1 2410 1 10 39 71 0.2520 0.2533 409 449
21-1-1-0.05-50-0 1 2410 36 36 165 165 0.8162 0.8162 165 165
21-1-1-0.05-50-0 1 2410 1 10 39 70 0.2520 0.2533 409 449
21-1-1-0.05-50-0 1 2410 36 37 164 84 0.8162 0.8481 165 127
21-1-1-0.05-50-0 1 2411 14 36 70 164 0.8451 0.8162 105 165
21-1-1-0.05-50-0 1 2411 19 19 12 12 0.8072 0.8072 134 134
21-1-1-0.05-50-0 1 2411 36 43 163 93 0.8162 0.8316 165 123
21-1-1-0.05-50-0 1 2411 36 19 163 11 0.8162 0.8072 165 134
21-1-1-0.05-50-0 1 2411 36 43 163 92 0.8162 0.8316 165 123
21-1-1-0.05-50-0 1 2411 36 2 163 161 0.8162 0.8198 165 167
21-1-1-0.05-50-0 1 2412 25 22 107 1 0.9430 0.0160 125 311
21-1-1-0.05-50-0 1 2412 1 10 42 74 0.2520 0.2533 409 449
21-1-1-0.05-50-0 1 2412 36 2 165 161 0.8162 0.8198 165 167
21-1-1-0.05-50-0 1 2412 19 19 11 11 0.8072 0.8072 134 134
21-1-1-0.05-50-0 1 2412 36 2 165 160 0.8162 0.8198 165 167
21-1-1-0.05-50-0 1 2412 36 36 165 165 0.8162 0.8162 165 165
21-1-1-0.05-50-0 1 2412 14 26 69 131 0.8451 0.8171 105 141
21-1-1-0.05-50-0 1 2412 36 14 164 69 0.8162 0.8451 165 105
21-1-1-0.05-50-0 1 2413 14 43 68 92 0.8451 0.8316 105 123
21-1-1-0.05-50-0 1 2413 2 3 163 2 0.8198 0.4813 167 321
21-1-1-0.05-50-0 1 2413 36 43 161 91 0.8162 0.8316 165 123
21-1-1-0.05-50-0 1 2414 36 26 164 141 0.8162 0.8171 165 141
21-1-1-0.05-50-0 1 2414 40 42 39 2 0.9739 0.7447 104 106
21-1-1-0.05-50-0 1 2414 2 3 166 1 0.8198 0.4813 167 321
21-1-1-0.05-50-0 1 2414 36 37 164 93 0.8162 0.8481 165 127
21-1-1-0.05-50-0 1 2415 14 43 70 96 0.8451 0.8316 105 123
21-1-1-0.05-50-0 1 2415 14 25 70 108 0.8451 0.9430 105 125
21-1-1-0.05-50-0 1 2415 36 14 161 70 0.8162 0.8451 165 105
21-1-1-0.05-50-0 1 2415 36 43 161 95 0.8162 0.8316 165 123
21-1-1-0.05-50-0 1 2415 36 14 161 69 0.8162 0.8451 165 105
21-1-1-0.05-50-0 1 2415 36 26 161 139 0.8162 0.8171 165 141
21-1-1-0.05-50-0 1 2415 36 37 161 91 0.8162 0.8481 165 127
21-1-1-0.05-50-0 1 2416 37 24 94 3 0.8481 0.1940 127 254
21-1-1-0.05-50-0 1 2416 36 36 161 161 0.8162 0.8162 165 165
21-1-1-0.05-50-0 1 2416 1 10 41 75 0.2520 0.2533 409 449
21-1-1-0.05-50-0 1 2417 1 1 41 41 0.2520 0.2520 409 409
21-1-1-0.05-50-0 1 2417 14 13 78 151 0.8451 0.8878 105 151
21-1-1-0.05-50-0 1 2417 36 36 165 165 0.8162 0.8162 165 165
21-1-1-0.05-50-0 1 2417 14 25 78 108 0.8451 0.9430 105 125
21-1-1-0.05-50-0 1 2418 14 41 78 100 0.8451 0.9621 105 105
21-1-1-0.05-50-0 1 2418 2 31 164 1 0.8198 0.5626 167 252
21-1-1-0.05-50-0 1 2418 1 1 43 43 0.2520 0.2520 409 409
21-1-1-0.05-50-0 1 2418 36 2 162 164 0.8162 0.8198 165 167
21-1-1-0.05-50-0 1 2419 36 26 163 141 0.8162 0.8171 165 141
21-1-1-0.05-50-0 1 2419 41 5 100 1 0.9621 0.0007 105 226
21-1-1-0.05-50-0 1 2419 36 2 163 165 0.8162 0.8198 165 167
21-1-1-0.05-50-0 1 2419 37 24 101 2 0.8481 0.1940 127 254
21-1-1-0.05-50-0 1 2419 14 43 77 91 0.8451 0.8316 105 123
21-1-1-0.05-50-0 1 2419 14 26 77 140 0.8451 0.8171 105 141
21-1-1-0.05-50-0 1 2419 36 37 163 101 0.8162 0.8481 165 127
21-1-1-0.05-50-0 1 2420 41 4 101 2 0.9621 0.0723 105 351
21-1-1-0.05-50-0 1 2420 14 43 75 90 0.8451 0.8316 105 123
21-1-1-0.05-50-0 1 2420 14 26 75 141 0.8451 0.8171 105 141
21-1-1-0.05-50-0 1 2420 41 11 101 2 0.9621 0.0504 105 384
21-1-1-0.05-50-0 1 2420 14 43 75 89 0.8451 0.8316 105 123
21-1-1-0.05-50-0 1 2420 14 2 75 167 0.8451 0.8198 105 167
21-1-1-0.05-50-0 1 2420 36 43 165 88 0.8162 0.8316 165 123
21-1-1-0.05-50-0 1 2421 14 47 78 99 0.8451 0.9293 105 103
21-1-1-0.05-50-0 1 2421 36 14 165 78 0.8162 0.8451 165 105
21-1-1-0.05-50-0 1 2421 36 2 165 167 0.8162 0.8198 165 167
21-1-1-0.05-50-0 1 2422 41 4 105 2 0.9621 0.0723 105 351
21-1-1-0.05-50-0 1 2422 41 11 105 1 0.9621 0.0504 105 384
21-1-1-0.05-50-0 1 2422 37 24 97 2 0.8481 0.1940 127 254
21-1-1-0.05-50-0 1 2422 36 43 165 88 0.8162 0.8316 165 123
21-1-1-0.05-50-0 1 2422 19 42 14 2 0.8072 0.7447 134 106
21-1-1-0.05-50-0 1 2422 41 35 105 1 0.9621 0.0354 105 158
21-1-1-0.05-50-0 1 2422 14 47 77 102 0.8451 0.9293 105 103
21-1-1-0.05-50-0 1 2423 36 36 163 163 0.8162 0.8162 165 165
21-1-1-0.05-50-0 1 2423 14 36 76 162 0.8451 0.8162 105 165
21-1-1-0.05-50-0 1 2423 1 10 54 73 0.2520 0.2533 409 449
21-1-1-0.05-50-0 1 2423 36 2 161 167 0.8162 0.8198 165 167
21-1-1-0.05-50-0 1 2423 36 2 161 166 0.8162 0.8198 165 167
21-1-1-0.05-50-0 1 2423 36 26 161 141 0.8162 0.8171 165 141
21-1-1-0.05-50-0 1 2423 36 26 161 140 0.8162 0.8171 165 141
21-1-1-0.05-50-0 1 2423 36 36 161 161 0.8162 0.8162 165 165
21-1-1-0.05-50-0 1 2424 1 1 53 53 0.2520 0.2520 409 409
21-1-1-0.05-50-0 1 2424 14 13 81 144 0.8451 0.8878 105 151
21-1-1-0.05-50-0 1 2424 36 26 159 141 0.8162 0.8171 165 141
21-1-1-0.05-50-0 1 2424 36 36 159 159 0.8162 0.8162 165 165
21-1-1-0.05-50-0 1 2424 1 10 52 72 0.2520 0.2533 409 449
21-1-1-0.05-50-0 1 2424 2 33 160 1 0.8198 0.6893 167 191
21-1-1-0.05-50-0 1 2424 14 13 81 143 0.8451 0.8878 105 151
21-1-1-0.05-50-0 1 2424 1 10 52 71 0.2520 0.2533 409 449
21-1-1-0.05-50-0 1 2425 36 37 158 92 0.8162 0.8481 165 127
21-1-1-0.05-50-0 1 2425 1 1 55 55 0.2520 0.2520 409 409
21-1-1-0.05-50-0 1 2425 1 10 54 70 0.2520 0.2533 409 449
21-1-1-0.05-50-0 1 2425 2 32 165 1 0.8198 0.6514 167 215
21-1-1-0.05-50-0 1 2425 36 14 158 85 0.8162 0.8451 165 105
21-1-1-0.05-50-0 1 2425 43 24 92 1 0.8316 0.1940 123 254
21-1-1-0.05-50-0 1 2425 36 14 158 84 0.8162 0.8451 165 105
21-1-1-0.05-50-0 1 2426 1 10 56 69 0.2520 0.2533 409 449
21-1-1-0.05-50-0 1 2426 36 2 154 167 0.8162 0.8198 165 167
21-1-1-0.05-50-0 1 2426 14 37 89 91 0.8451 0.8481 105 127
21-1-1-0.05-50-0 1 2426 14 25 89 112 0.8451 0.9430 105 125
21-1-1-0.05-50-0 1 2426 36 26 154 141 0.8162 0.8171 165 141
21-1-1-0.05-50-0 1 2426 1 10 56 68 0.2520 0.2533 409 449
21-1-1-0.05-50-0 1 2426 36 43 154 95 0.8162 0.8316 165 123
21-1-1-0.05-50-0 1 2426 36 26 154 140 0.8162 0.8171 165 141
21-1-1-0.05-50-0 1 2426 1 8 56 14 0.2520 0.2506 409 303
21-1-1-0.05-50-0 1 2427 41 5 101 1 0.9621 0.0007 105 226
21-1-1-0.05-50-0 1 2427 36 2 155 167 0.8162 0.8198 165 167
21-1-1-0.05-50-0 1 2427 1 1 56 56 0.2520 0.2520 409 409
21-1-1-0.05-50-0 1 2427 36 26 155 141 0.8162 0.8171 165 141
21-1-1-0.05-50-0 1 2427 36 37 155 89 0.8162 0.8481 165 127
21-1-1-0.05-50-0 1 2427 2 3 166 1 0.8198 0.4813 167 321
21-1-1-0.05-50-0 1 2427 36 2 155 166 0.8162 0.8198 165 167
21-1-1-0.05-50-0 1 2428 14 26 89 137 0.8451 0.8171 105 141
21-1-1-0.05-50-0 1 2428 14 20 89 49 0.8451 0.9922 105 102
21-1-1-0.05-50-0 1 2428 14 47 89 103 0.8451 0.9293 105 103
21-1-1-0.05-50-0 1 2428 36 26 156 136 0.8162 0.8171 165 141
21-1-1-0.05-50-0 1 2428 2 9 167 1 0.8198 0.6134 167 161
21-1-1-0.05-50-0 1 2429 36 43 152 86 0.8162 0.8316 165 123
21-1-1-0.05-50-0 1 2429 36 2 152 167 0.8162 0.8198 165 167
21-1-1-0.05-50-0 1 2429 1 10 54 70 0.2520 0.2533 409 449
21-1-1-0.05-50-0 1 2429 1 1 54 54 0.2520 0.2520 409 409
21-1-1-0.05-50-0 1 2429 36 2 152 166 0.8162 0.8198 165 167
21-1-1-0.05-50-0 1 2429 36 2 152 165 0.8162 0.8198 165 167
21-1-1-0.05-50-0 1 2429 14 41 93 102 0.8451 0.9621 105 105
21-1-1-0.05-50-0 1 2429 1 10 53 69 0.2520 0.2533 409 449
21-1-1-0.05-50-0 1 2430 36 2 161 162 0.8162 0.8198 165 167
21-1-1-0.05-50-0 1 2430 36 36 161 161 0.8162 0.8162 165 165
21-1-1-0.05-50-0 1 2430 41 4 104 2 0.9621 0.0723 105 351
21-1-1-0.05-50-0 1 2430 14 2 94 161 0.8451 0.8198 105 167
21-1-1-0.05-50-0 1 2430 1 8 55 14 0.2520 0.2506 409 303
21-1-1-0.05-50-0 1 2430 36 43 160 91 0.8162 0.8316 165 123
21-1-1-0.05-50-0 1 2430 36 37 160 90 0.8162 0.8481 165 127
21-1-1-0.05-50-0 1 2431 36 14 157 96 0.8162 0.8451 165 105
21-1-1-0.05-50-0 1 2431 20 38 47 1 0.9922 0.6163 102 270
21-1-1-0.05-50-0 1 2431 36 26 157 141 0.8162 0.8171 165 141
21-1-1-0.05-50-0 1 2431 1 10 59 69 0.2520 0.2533 409 449
21-1-1-0.05-50-0 1 2431 1 1 59 59 0.2520 0.2520 409 409
21-1-1-0.05-50-0 1 2431 36 2 157 161 0.8162 0.8198 165 167
21-1-1-0.05-50-0 1 2432 14 26 96 141 0.8451 0.8171 105 141
21-1-1-0.05-50-0 1 2432 1 10 57 69 0.2520 0.2533 409 449
21-1-1-0.05-50-0 1 2432 36 26 152 140 0.8162 0.8171 165 141
21-1-1-0.05-50-0 1 2432 36 2 152 164 0.8162 0.8198 165 167
21-1-1-0.05-50-0 1 2432 1 1 57 57 0.2520 0.2520 409 409
21-1-1-0.05-50-0 1 2432 36 43 152 89 0.8162 0.8316 165 123
21-1-1-0.05-50-0 1 2433 14 2 95 158 0.8451 0.8198 105 167
21-1-1-0.05-50-0 1 2433 41 4 105 1 0.9621 0.0723 105 351
21-1-1-0.05-50-0 1 2433 40 45 34 1 0.9739 0.3816 104 173
21-1-1-0.05-50-0 1 2433 36 37 154 94 0.8162 0.8481 165 127
21-1-1-0.05-50-0 1 2433 36 26 154 140 0.8162 0.8171 165 141
21-1-1-0.05-50-0 1 2433 36 2 154 157 0.8162 0.8198 165 167
21-1-1-0.05-50-0 1 2433 19 19 15 15 0.8072 0.8072 134 134
21-1-1-0.05-50-0 1 2433 36 2 154 156 0.8162 0.8198 165 167
21-1-1-0.05-50-0 1 2434 36 19 152 14 0.8162 0.8072 165 134
21-1-1-0.05-50-0 1 2434 1 1 63 63 0.2520 0.2520 409 409
21-1-1-0.05-50-0 1 2434 36 26 152 138 0.8162 0.8171 165 141
21-1-1-0.05-50-0 1 2434 19 19 13 13 0.8072 0.8072 134 134
21-1-1-0.05-50-0 1 2434 36 36 152 152 0.8162 0.8162 165 165
21-1-1-0.05-50-0 1 2434 1 10 62 71 0.2520 0.2533 409 449
21-1-1-0.05-50-0 1 2434 1 1 62 62 0.2520 0.2520 409 409
21-1-1-0.05-50-0 1 2435 20 29 47 1 0.9922 0.6728 102 177
21-1-1-0.05-50-0 1 2435 36 36 155 155 0.8162 0.8162 165 165
21-1-1-0.05-50-0 1 2435 36 43 154 85 0.8162 0.8316 165 123
21-1-1-0.05-50-0 1 2435 1 1 60 60 0.2520 0.2520 409 409
21-1-1-0.05-50-0 1 2435 36 2 154 153 0.8162 0.8198 165 167
21-1-1-0.05-50-0 1 2435 36 2 154 152 0.8162 0.8198 165 167
21-1-1-0.05-50-0 1 2436 36 2 160 156 0.8162 0.8198 165 167
21-1-1-0.05-50-0 1 2436 36 2 160 155 0.8162 0.8198 165 167
21-1-1-0.05-50-0 1 2436 14 36 98 160 0.8451 0.8162 105 165
21-1-1-0.05-50-0 1 2436 36 2 159 154 0.8162 0.8198 165 167
21-1-1-0.05-50-0 1 2436 36 36 159 159 0.8162 0.8162 165 165
21-1-1-0.05-50-0 1 2437 14 7 103 45 0.8451 0.9267 105 106
21-1-1-0.05-50-0 1 2437 14 36 103 158 0.8451 0.8162 105 165
21-1-1-0.05-50-0 1 2437 36 43 157 89 0.8162 0.8316 165 123
21-1-1-0.05-50-0 1 2437 36 36 157 157 0.8162 0.8162 165 165
21-1-1-0.05-50-0 1 2437 36 43 156 88 0.8162 0.8316 165 123
21-1-1-0.05-50-0 1 2437 36 2 156 157 0.8162 0.8198 165 167
21-1-1-0.05-50-0 1 2437 26 46 141 1 0.8171 0.3451 141 327
21-1-1-0.05-50-0 1 2438 36 42 157 2 0.8162 0.7447 165 106
21-1-1-0.05-50-0 1 2438 36 36 157 157 0.8162 0.8162 165 165
21-1-1-0.05-50-0 1 2438 14 19 101 11 0.8451 0.8072 105 134
21-1-1-0.05-50-0 1 2438 14 13 101 145 0.8451 0.8878 105 151
21-1-1-0.05-50-0 1 2439 36 14 157 104 0.8162 0.8451 165 105
21-1-1-0.05-50-0 1 2439 1 10 56 81 0.2520 0.2533 409 449
21-1-1-0.05-50-0 1 2439 36 36 157 157 0.8162 0.8162 165 165
21-1-1-0.05-50-0 1 2439 14 36 103 156 0.8451 0.8162 105 165
21-1-1-0.05-50-0 1 2439 2 21 162 1 0.8198 0.4184 167 158
21-1-1-0.05-50-0 1 2439 36 37 155 97 0.8162 0.8481 165 127
21-1-1-0.05-50-0 1 2439 14 2 103 162 0.8451 0.8198 105 167
21-1-1-0.05-50-0 1 2439 36 14 155 103 0.8162 0.8451 165 105
21-1-1-0.05-50-0 1 2440 36 14 152 105 0.8162 0.8451 165 105
21-1-1-0.05-50-0 1 2440 36 14 152 104 0.8162 0.8451 165 105
21-1-1-0.05-50-0 1 2440 14 14 103 103 0.8451 0.8451 105 105
21-1-1-0.05-50-0 1 2440 1 8 56 11 0.2520 0.2506 409 303
21-1-1-0.05-50-0 1 2440 36 14 152 102 0.8162 0.8451 165 105
21-1-1-0.05-50-0 1 2441 14 36 105 154 0.8451 0.8162 105 165
21-1-1-0.05-50-0 1 2441 36 2 153 167 0.8162 0.8198 165 167
21-1-1-0.05-50-0 1 2441 36 26 153 141 0.8162 0.8171 165 141
21-1-1-0.05-50-0 1 2441 36 2 153 166 0.8162 0.8198 165 167
21-1-1-0.05-50-0 1 2441 1 10 58 87 0.2520 0.2533 409 449
21-1-1-0.05-50-0 1 2441 36 2 153 165 0.8162 0.8198 165 167
21-1-1-0.05-50-0 1 2441 2 17 164 1 0.8198 0.6398 167 197
21-1-1-0.05-50-0 1 2441 14 47 105 99 0.8451 0.9293 105 103
21-1-1-0.05-50-0 1 2441 14 13 105 148 0.8451 0.8878 105 151
21-1-1-0.05-50-0 1 2441 14 13 105 147 0.8451 0.8878 105 151
21-1-1-0.05-50-0 1 2441 1 1 58 58 0.2520 0.2520 409 409
21-1-1-0.05-50-0 1 2441 2 44 164 1 0.8198 0.7034 167 118
21-1-1-0.05-50-0 1 2441 14 13 105 146 0.8451 0.8878 105 151
21-1-1-0.05-50-0 1 2442 37 39 95 2 0.8481 0.2187 127 309
21-1-1-0.05-50-0 1 2442 40 42 36 1 0.9739 0.7447 104 106
21-1-1-0.05-50-0 1 2442 36 2 149 165 0.8162 0.8198 165 167
21-1-1-0.05-50-0 1 2442 2 31 164 1 0.8198 0.5626 167 252
21-1-1-0.05-50-0 1 2442 14 36 105 149 0.8451 0.8162 105 165
21-1-1-0.05-50-0 1 2442 1 10 56 86 0.2520 0.2533 409 449
21-1-1-0.05-50-0 1 2443 14 14 104 104 0.8451 0.8451 105 105
21-1-1-0.05-50-0 1 2443 36 2 144 166 0.8162 0.8198 165 167
21-1-1-0.05-50-0 1 2443 36 2 144 165 0.8162 0.8198 165 167
21-1-1-0.05-50-0 1 2443 14 47 103 93 0.8451 0.9293 105 103
21-1-1-0.05-50-0 1 2443 1 10 59 87 0.2520 0.2533 409 449
21-1-1-0.05-50-0 1 2443 36 36 144 144 0.8162 0.8162 165 165
21-1-1-0.05-50-0 1 2443 36 36 143 143 0.8162 0.8162 165 165
21-1-1-0.05-50-0 1 2443 36 14 142 103 0.8162 0.8451 165 105
21-1-1-0.05-50-0 1 2443 14 2 102 164 0.8451 0.8198 105 167
21-1-1-0.05-50-0 1 2443 36 26 142 136 0.8162 0.8171 165 141
21-1-1-0.05-50-0 1 2443 1 10 59 86 0.2520 0.2533 409 449
21-1-1-0.05-50-0 1 2444 14 25 103 124 0.8451 0.9430 105 125
21-1-1-0.05-50-0 1 2444 36 37 143 94 0.8162 0.8481 165 127
21-1-1-0.05-50-0 1 2444 36 36 143 143 0.8162 0.8162 165 165
21-1-1-0.05-50-0 1 2444 14 25 103 123 0.8451 0.9430 105 125
21-1-1-0.05-50-0 1 2444 14 26 103 136 0.8451 0.8171 105 141
21-1-1-0.05-50-0 1 2444 36 36 142 142 0.8162 0.8162 165 165
21-1-1-0.05-50-0 1 2444 36 2 141 158 0.8162 0.8198 165 167
21-1-1-0.05-50-0 1 2445 14 13 101 151 0.8451 0.8878 105 151
21-1-1-0.05-50-0 1 2445 36 37 142 94 0.8162 0.8481 165 127
21-1-1-0.05-50-0 1 2445 37 50 93 1 0.8481 0.2147 127 147
21-1-1-0.05-50-0 1 2445 1 10 59 85 0.2520 0.2533 409 449
21-1-1-0.05-50-0 1 2445 40 34 34 1 0.9739 0.7448 104 168
21-1-1-0.05-50-0 1 2445 14 2 101 155 0.8451 0.8198 105 167
21-1-1-0.05-50-0 1 2445 36 2 142 154 0.8162 0.8198 165 167
21-1-1-0.05-50-0 1 2446 36 37 146 92 0.8162 0.8481 165 127
21-1-1-0.05-50-0 1 2446 36 2 146 157 0.8162 0.8198 165 167
21-1-1-0.05-50-0 1 2446 36 36 146 146 0.8162 0.8162 165 165
21-1-1-0.05-50-0 1 2446 14 2 105 156 0.8451 0.8198 105 167
21-1-1-0.05-50-0 1 2446 36 2 145 155 0.8162 0.8198 165 167
21-1-1-0.05-50-0 1 2446 19 19 13 13 0.8072 0.8072 134 134
21-1-1-0.05-50-0 1 2446 36 26 145 137 0.8162 0.8171 165 141
21-1-1-0.05-50-0 1 2447 14 25 105 125 0.8451 0.9430 105 125
21-1-1-0.05-50-0 1 2447 37 16 93 1 0.8481 0.2228 127 149
21-1-1-0.05-50-0 1 2447 14 25 105 124 0.8451 0.9430 105 125
21-1-1-0.05-50-0 1 2448 36 37 144 97 0.8162 0.8481 165 127
21-1-1-0.05-50-0 1 2448 1 8 66 9 0.2520 0.2506 409 303
21-1-1-0.05-50-0 1 2448 2 38 161 1 0.8198 0.6163 167 270
21-1-1-0.05-50-0 1 2448 36 36 144 144 0.8162 0.8162 165 165
21-1-1-0.05-50-0 1 2448 1 1 66 66 0.2520 0.2520 409 409
21-1-1-0.05-50-0 1 2448 36 14 143 105 0.8162 0.8451 165 105
21-1-1-0.05-50-0 1 2449 37 24 95 2 0.8481 0.1940 127 254
21-1-1-0.05-50-0 1 2449 36 37 146 95 0.8162 0.8481 165 127
21-1-1-0.05-50-0 1 2449 36 36 146 146 0.8162 0.8162 165 165
21-1-1-0.05-50-0 1 2449 36 36 145 145 0.8162 0.8162 165 165
21-1-1-0.05-50-0 1 2449 36 2 144 162 0.8162 0.8198 165 167
21-1-1-0.05-50-0 1 2450 36 2 145 167 0.8162 0.8198 165 167
21-1-1-0.05-50-0 1 2450 14 36 104 145 0.8451 0.8162 105 165
21-1-1-0.05-50-0 1 2450 40 42 30 1 0.9739 0.7447 104 106
21-1-1-0.05-50-0 1 2450 1 10 65 89 0.2520 0.2533 409 449
21-1-1-0.05-50-0 1 2450 36 43 144 89 0.8162 0.8316 165 123
21-1-1-0.05-50-0 1 2450 40 34 30 1 0.9739 0.7448 104 168
21-1-1-0.05-50-0 1 2450 36 14 144 104 0.8162 0.8451 165 105
21-1-1-0.05-50-0 1 2451 36 37 146 95 0.8162 0.8481 165 127
21-1-1-0.05-50-0 1 2451 1 10 65 88 0.2520 0.2533 409 449
21-1-1-0.05-50-0 1 2451 36 2 146 167 0.8162 0.8198 165 167
21-1-1-0.05-50-0 1 2451 1 8 65 8 0.2520 0.2506 409 303
21-1-1-0.05-50-0 1 2451 14 36 105 146 0.8451 0.8162 105 165
21-1-1-0.05-50-0 1 2452 36 37 146 97 0.8162 0.8481 165 127
21-1-1-0.05-50-0 1 2452 1 1 63 63 0.2520 0.2520 409 409
21-1-1-0.05-50-0 1 2452 14 36 105 146 0.8451 0.8162 105 165
21-1-1-0.05-50-0 1 2452 14 26 105 141 0.8451 0.8171 105 141
21-1-1-0.05-50-0 1 2452 36 14 145 105 0.8162 0.8451 165 105
21-1-1-0.05-50-0 1 2453 19 19 12 12 0.8072 0.8072 134 134
21-1-1-0.05-50-0 1 2453 36 43 142 86 0.8162 0.8316 165 123
21-1-1-0.05-50-0 1 2453 1 10 62 83 0.2520 0.2533 409 449
21-1-1-0.05-50-0 1 2453 14 2 104 166 0.8451 0.8198 105 167
21-1-1-0.05-50-0 1 2453 41 4 98 1 0.9621 0.0723 105 351
21-1-1-0.05-50-0 1 2453 14 37 104 95 0.8451 0.8481 105 127
21-1-1-0.05-50-0 1 2453 36 36 142 142 0.8162 0.8162 165 165
21-1-1-0.05-50-0 1 2453 36 36 141 141 0.8162 0.8162 165 165
21-1-1-0.05-50-0 1 2454 14 43 105 84 0.8451 0.8316 105 123
21-1-1-0.05-50-0 1 2454 14 14 105 105 0.8451 0.8451 105 105
21-1-1-0.05-50-0 1 2454 25 35 123 1 0.9430 0.0354 125 158
21-1-1-0.05-50-0 1 2454 1 10 61 85 0.2520 0.2533 409 449
21-1-1-0.05-50-0 1 2455 14 40 105 27 0.8451 0.9739 105 104
21-1-1-0.05-50-0 1 2455 36 2 136 167 0.8162 0.8198 165 167
21-1-1-0.05-50-0 1 2455 14 37 105 98 0.8451 0.8481 105 127
21-1-1-0.05-50-0 1 2455 1 1 62 62 0.2520 0.2520 409 409
21-1-1-0.05-50-0 1 2455 14 14 105 105 0.8451 0.8451 105 105
21-1-1-0.05-50-0 1 2455 14 13 104 143 0.8451 0.8878 105 151
21-1-1-0.05-50-0 1 2455 36 14 136 104 0.8162 0.8451 165 105
21-1-1-0.05-50-0 1 2455 36 36 136 136 0.8162 0.8162 165 165
21-1-1-0.05-50-0 1 2455 14 20 103 33 0.8451 0.9922 105 102
21-1-1-0.05-50-0 1 2455 36 26 135 141 0.8162 0.8171 165 141
21-1-1-0.05-50-0 1 2456 36 2 136 167 0.8162 0.8198 165 167
21-1-1-0.05-50-0 1 2456 1 1 61 61 0.2520 0.2520 409 409
21-1-1-0.05-50-0 1 2456 36 2 136 166 0.8162 0.8198 165 167
21-1-1-0.05-50-0 1 2456 14 25 100 125 0.8451 0.9430 105 125
21-1-1-0.05-50-0 1 2457 1 10 59 82 0.2520 0.2533 409 449
21-1-1-0.05-50-0 1 2457 36 14 141 97 0.8162 0.8451 165 105
21-1-1-0.05-50-0 1 2457 1 8 59 8 0.2520 0.2506 409 303
21-1-1-0.05-50-0 1 2457 36 2 141 167 0.8162 0.8198 165 167
21-1-1-0.05-50-0 1 2457 36 36 141 141 0.8162 0.8162 165 165
21-1-1-0.05-50-0 1 2457 37 39 101 2 0.8481 0.2187 127 309
21-1-1-0.05-50-0 1 2457 14 2 96 166 0.8451 0.8198 105 167
21-1-1-0.05-50-0 1 2457 36 36 140 140 0.8162 0.8162 165 165
21-1-1-0.05-50-0 1 2457 1 1 59 59 0.2520 0.2520 409 409
21-1-1-0.05-50-0 1 2458 14 43 96 84 0.8451 0.8316 105 123
21-1-1-0.05-50-0 1 2458 36 14 139 96 0.8162 0.8451 165 105
21-1-1-0.05-50-0 1 2458 14 41 95 105 0.8451 0.9621 105 105
21-1-1-0.05-50-0 1 2458 36 2 139 164 0.8162 0.8198 165 167
21-1-1-0.05-50-0 1 2458 36 36 139 139 0.8162 0.8162 165 165
21-1-1-0.05-50-0 1 2458 36 36 138 138 0.8162 0.8162 165 165
21-1-1-0.05-50-0 1 2459 36 37 133 99 0.8162 0.8481 165 127
21-1-1-0.05-50-0 1 2459 14 43 95 80 0.8451 0.8316 105 123
21-1-1-0.05-50-0 1 2459 36 2 133 161 0.8162 0.8198 165 167
21-1-1-0.05-50-0 1 2459 1 10 59 81 0.2520 0.2533 409 449
21-1-1-0.05-50-0 1 2459 1 10 59 80 0.2520 0.2533 409 449
21-1-1-0.05-50-0 1 2460 14 2 93 161 0.8451 0.8198 105 167
21-1-1-0.05-50-0 1 2460 14 2 93 160 0.8451 0.8198 105 167
21-1-1-0.05-50-0 1 2460 14 14 93 93 0.8451 0.8451 105 105
21-1-1-0.05-50-0 1 2460 14 41 92 105 0.8451 0.9621 105 105
21-1-1-0.05-50-0 1 2460 36 2 135 159 0.8162 0.8198 165 167
21-1-1-0.05-50-0 1 2460 14 43 92 84 0.8451 0.8316 105 123
21-1-1-0.05-50-0 1 2460 1 10 59 82 0.2520 0.2533 409 449
21-1-1-0.05-50-0 1 2461 14 41 94 101 0.8451 0.9621 105 105
21-1-1-0.05-50-0 1 2461 36 37 141 97 0.8162 0.8481 165 127
21-1-1-0.05-50-0 1 2461 36 43 141 80 0.8162 0.8316 165 123
21-1-1-0.05-50-0 1 2461 36 36 141 141 0.8162 0.8162 165 165
21-1-1-0.05-50-0 1 2461 37 18 96 1 0.8481 0.2181 127 226
21-1-1-0.05-50-0 1 2461 1 1 60 60 0.2520 0.2520 409 409
21-1-1-0.05-50-0 1 2461 14 36 94 140 0.8451 0.8162 105 165
21-1-1-0.05-50-0 1 2461 36 37 139 96 0.8162 0.8481 165 127
21-1-1-0.05-50-0 1 2462 36 14 133 95 0.8162 0.8451 165 105
21-1-1-0.05-50-0 1 2462 36 14 133 94 0.8162 0.8451 165 105
21-1-1-0.05-50-0 1 2462 36 2 133 149 0.8162 0.8198 165 167
21-1-1-0.05-50-0 1 2462 1 8 61 7 0.2520 0.2506 409 303
21-1-1-0.05-50-0 1 2462 36 43 133 80 0.8162 0.8316 165 123
21-1-1-0.05-50-0 1 2462 14 47 93 93 0.8451 0.9293 105 103
21-1-1-0.05-50-0 1 2462 2 6 148 1 0.8198 0.4266 167 249
21-1-1-0.05-50-0 1 2462 36 26 133 141 0.8162 0.8171 165 141
21-1-1-0.05-50-0 1 2463 36 37 129 96 0.8162 0.8481 165 127
21-1-1-0.05-50-0 1 2463 36 2 129 148 0.8162 0.8198 165 167
21-1-1-0.05-50-0 1 2463 1 10 59 86 0.2520 0.2533 409 449
21-1-1-0.05-50-0 1 2463 14 2 90 147 0.8451 0.8198 105 167
21-1-1-0.05-50-0 1 2463 1 1 59 59 0.2520 0.2520 409 409
21-1-1-0.05-50-0 1 2463 36 37 129 95 0.8162 0.8481 165 127
21-1-1-0.05-50-0 1 2464 14 36 90 128 0.8451 0.8162 105 165
21-1-1-0.05-50-0 1 2464 36 14 127 90 0.8162 0.8451 165 105
21-1-1-0.05-50-0 1 2464 14 7 89 52 0.8451 0.9267 105 106
21-1-1-0.05-50-0 1 2464 41 5 102 2 0.9621 0.0007 105 226
21-1-1-0.05-50-0 1 2464 1 1 61 61 0.2520 0.2520 409 409
21-1-1-0.05-50-0 1 2464 36 14 127 89 0.8162 0.8451 165 105
21-1-1-0.05-50-0 1 2465 1 10 58 84 0.2520 0.2533 409 449
21-1-1-0.05-50-0 1 2465 36 14 131 89 0.8162 0.8451 165 105
21-1-1-0.05-50-0 1 2465 14 25 88 117 0.8451 0.9430 105 125
21-1-1-0.05-50-0 1 2465 19 19 14 14 0.8072 0.8072 134 134
21-1-1-0.05-50-0 1 2465 36 2 131 144 0.8162 0.8198 165 167
21-1-1-0.05-50-0 1 2465 1 1 58 58 0.2520 0.2520 409 409
21-1-1-0.05-50-0 1 2465 1 10 57 83 0.2520 0.2533 409 449
21-1-1-0.05-50-0 1 2465 14 2 88 143 0.8451 0.8198 105 167
21-1-1-0.05-50-0 1 2465 1 10 57 82 0.2520 0.2533 409 449
21-1-1-0.05-50-0 1 2465 14 25 88 116 0.8451 0.9430 105 125
21-1-1-0.05-50-0 1 2465 36 26 131 138 0.8162 0.8171 165 141
21-1-1-0.05-50-0 1 2466 14 26 87 136 0.8451 0.8171 105 141
21-1-1-0.05-50-0 1 2466 14 25 87 117 0.8451 0.9430 105 125
21-1-1-0.05-50-0 1 2466 2 33 144 1 0.8198 0.6893 167 191
21-1-1-0.05-50-0 1 2466 14 13 87 119 0.8451 0.8878 105 151
21-1-1-0.05-50-0 1 2466 36 2 132 144 0.8162 0.8198 165 167
21-1-1-0.05-50-0 1 2466 36 36 132 132 0.8162 0.8162 165 165
21-1-1-0.05-50-0 1 2467 1 10 58 82 0.2520 0.2533 409 449
21-1-1-0.05-50-0 1 2467 14 25 89 117 0.8451 0.9430 105 125
21-1-1-0.05-50-0 1 2467 1 1 58 58 0.2520 0.2520 409 409
21-1-1-0.05-50-0 1 2467 1 1 57 57 0.2520 0.2520 409 409
21-1-1-0.05-50-0 1 2468 14 37 90 91 0.8451 0.8481 105 127
21-1-1-0.05-50-0 1 2468 41 5 98 1 0.9621 0.0007 105 226
21-1-1-0.05-50-0 1 2468 36 36 132 132 0.8162 0.8162 165 165
21-1-1-0.05-50-0 1 2468 36 37 131 90 0.8162 0.8481 165 127
21-1-1-0.05-50-0 1 2468 25 35 115 1 0.9430 0.0354 125 158
21-1-1-0.05-50-0 1 2468 19 19 13 13 0.8072 0.8072 134 134
21-1-1-0.05-50-0 1 2468 14 7 90 50 0.8451 0.9267 105 106
21-1-1-0.05-50-0 1 2468 14 41 90 98 0.8451 0.9621 105 105
21-1-1-0.05-50-0 1 2469 36 14 131 91 0.8162 0.8451 165 105
21-1-1-0.05-50-0 1 2469 40 9 27 1 0.9739 0.6134 104 161
21-1-1-0.05-50-0 1 2469 14 26 90 138 0.8451 0.8171 105 141
21-1-1-0.05-50-0 1 2469 36 36 131 131 0.8162 0.8162 165 165
21-1-1-0.05-50-0 1 2469 36 37 130 91 0.8162 0.8481 165 127
21-1-1-0.05-50-0 1 2469 36 2 130 146 0.8162 0.8198 165 167
21-1-1-0.05-50-0 1 2470 14 26 92 135 0.8451 0.8171 105 141
21-1-1-0.05-50-0 1 2470 36 37 129 90 0.8162 0.8481 165 127
21-1-1-0.05-50-0 1 2470 14 25 92 117 0.8451 0.9430 105 125
21-1-1-0.05-50-0 1 2470 14 2 92 142 0.8451 0.8198 105 167
21-1-1-0.05-50-0 1 2470 14 25 92 116 0.8451 0.9430 105 125
21-1-1-0.05-50-0 1 2470 36 43 129 72 0.8162 0.8316 165 123
21-1-1-0.05-50-0 1 2470 1 1 59 59 0.2520 0.2520 409 409
21-1-1-0.05-50-0 1 2470 14 26 92 134 0.8451 0.8171 105 141
21-1-1-0.05-50-0 1 2471 14 36 94 126 0.8451 0.8162 105 165
21-1-1-0.05-50-0 1 2471 14 14 94 94 0.8451 0.8451 105 105
21-1-1-0.05-50-0 1 2471 36 26 125 132 0.8162 0.8171 165 141
21-1-1-0.05-50-0 1 2471 14 26 93 131 0.8451 0.8171 105 141
21-1-1-0.05-50-0 1 2471 14 47 93 94 0.8451 0.9293 105 103
21-1-1-0.05-50-0 1 2471 19 29 9 1 0.8072 0.6728 134 177
21-1-1-0.05-50-0 1 2471 36 2 125 142 0.8162 0.8198 165 167
21-1-1-0.05-50-0 1 2471 36 19 125 9 0.8162 0.8072 165 134
21-1-1-0.05-50-0 1 2471 1 1 60 60 0.2520 0.2520 409 409
21-1-1-0.05-50-0 1 2472 36 37 130 95 0.8162 0.8481 165 127
21-1-1-0.05-50-0 1 2472 36 2 130 145 0.8162 0.8198 165 167
21-1-1-0.05-50-0 1 2472 36 37 130 94 0.8162 0.8481 165 127
21-1-1-0.05-50-0 1 2472 41 4 101 1 0.9621 0.0723 105 351
21-1-1-0.05-50-0 1 2472 36 43 130 77 0.8162 0.8316 165 123
21-1-1-0.05-50-0 1 2472 14 26 91 131 0.8451 0.8171 105 141
21-1-1-0.05-50-0 1 2473 14 41 93 105 0.8451 0.9621 105 105
21-1-1-0.05-50-0 1 2473 1 1 62 62 0.2520 0.2520 409 409
21-1-1-0.05-50-0 1 2473 1 10 61 90 0.2520 0.2533 409 449
21-1-1-0.05-50-0 1 2473 14 25 93 115 0.8451 0.9430 105 125
21-1-1-0.05-50-0 1 2473 1 1 61 61 0.2520 0.2520 409 409
21-1-1-0.05-50-0 1 2473 14 7 93 52 0.8451 0.9267 105 106
21-1-1-0.05-50-0 1 2473 36 26 126 129 0.8162 0.8171 165 141
21-1-1-0.05-50-0 1 2473 14 37 93 98 0.8451 0.8481 105 127
21-1-1-0.05-50-0 1 2473 36 26 126 128 0.8162 0.8171 165 141
21-1-1-0.05-50-0 1 2474 1 10 62 87 0.2520 0.2533 409 449
21-1-1-0.05-50-0 1 2474 1 1 62 62 0.2520 0.2520 409 409
21-1-1-0.05-50-0 1 2474 1 1 61 61 0.2520 0.2520 409 409
21-1-1-0.05-50-0 1 2474 14 47 93 94 0.8451 0.9293 105 103
21-1-1-0.05-50-0 1 2474 1 8 60 12 0.2520 0.2506 409 303
21-1-1-0.05-50-0 1 2474 14 36 93 134 0.8451 0.8162 105 165
21-1-1-0.05-50-0 1 2474 36 36 133 133 0.8162 0.8162 165 165
21-1-1-0.05-50-0 1 2475 1 10 61 86 0.2520 0.2533 409 449
21-1-1-0.05-50-0 1 2475 14 20 89 31 0.8451 0.9922 105 102
21-1-1-0.05-50-0 1 2475 14 41 89 102 0.8451 0.9621 105 105
21-1-1-0.05-50-0 1 2475 36 2 129 150 0.8162 0.8198 165 167
21-1-1-0.05-50-0 1 2475 36 37 129 100 0.8162 0.8481 165 127
21-1-1-0.05-50-0 1 2475 36 2 129 149 0.8162 0.8198 165 167
21-1-1-0.05-50-0 1 2475 36 14 129 89 0.8162 0.8451 165 105
21-1-1-0.05-50-0 1 2475 36 43 129 79 0.8162 0.8316 165 123
21-1-1-0.05-50-0 1 2475 14 36 88 129 0.8451 0.8162 105 165
21-1-1-0.05-50-0 1 2476 36 2 127 150 0.8162 0.8198 165 167
21-1-1-0.05-50-0 1 2476 14 25 89 103 0.8451 0.9430 105 125
21-1-1-0.05-50-0 1 2476 1 10 59 86 0.2520 0.2533 409 449
21-1-1-0.05-50-0 1 2476 36 2 127 149 0.8162 0.8198 165 167
21-1-1-0.05-50-0 1 2477 14 37 87 104 0.8451 0.8481 105 127
21-1-1-0.05-50-0 1 2477 14 2 87 142 0.8451 0.8198 105 167
21-1-1-0.05-50-0 1 2477 14 14 87 87 0.8451 0.8451 105 105
21-1-1-0.05-50-0 1 2477 1 10 60 86 0.2520 0.2533 409 449
21-1-1-0.05-50-0 1 2478 36 36 127 127 0.8162 0.8162 165 165
21-1-1-0.05-50-0 1 2478 36 26 126 132 0.8162 0.8171 165 141
21-1-1-0.05-50-0 1 2478 36 2 126 141 0.8162 0.8198 165 167
21-1-1-0.05-50-0 1 2478 37 16 102 1 0.8481 0.2228 127 149
21-1-1-0.05-50-0 1 2478 19 19 11 11 0.8072 0.8072 134 134
21-1-1-0.05-50-0 1 2478 36 2 126 140 0.8162 0.8198 165 167
21-1-1-0.05-50-0 1 2479 2 9 139 1 0.8198 0.6134 167 161
21-1-1-0.05-50-0 1 2479 36 36 127 127 0.8162 0.8162 165 165
21-1-1-0.05-50-0 1 2479 14 26 90 133 0.8451 0.8171 105 141
21-1-1-0.05-50-0 1 2480 1 10 57 91 0.2520 0.2533 409 449
21-1-1-0.05-50-0 1 2480 36 2 128 140 0.8162 0.8198 165 167
21-1-1-0.05-50-0 1 2480 14 7 90 54 0.8451 0.9267 105 106
21-1-1-0.05-50-0 1 2480 14 41 90 104 0.8451 0.9621 105 105
21-1-1-0.05-50-0 1 2480 36 14 128 90 0.8162 0.8451 165 105
21-1-1-0.05-50-0 1 2481 1 10 56 88 0.2520 0.2533 409 449
21-1-1-0.05-50-0 1 2481 36 36 133 133 0.8162 0.8162 165 165
21-1-1-0.05-50-0 1 2481 36 37 132 102 0.8162 0.8481 165 127
21-1-1-0.05-50-0 1 2482 36 26 131 131 0.8162 0.8171 165 141
21-1-1-0.05-50-0 1 2482 36 37 131 102 0.8162 0.8481 165 127
21-1-1-0.05-50-0 1 2482 14 25 89 105 0.8451 0.9430 105 125
21-1-1-0.05-50-0 1 2482 37 24 101 1 0.8481 0.1940 127 254
21-1-1-0.05-50-0 1 2483 1 10 57 89 0.2520 0.2533 409 449
21-1-1-0.05-50-0 1 2483 14 41 92 100 0.8451 0.9621 105 105
21-1-1-0.05-50-0 1 2483 1 1 57 57 0.2520 0.2520 409 409
21-1-1-0.05-50-0 1 2483 1 8 56 10 0.2520 0.2506 409 303
21-1-1-0.05-50-0 1 2483 14 47 92 97 0.8451 0.9293 105 103
21-1-1-0.05-50-0 1 2483 36 26 127 125 0.8162 0.8171 165 141
21-1-1-0.05-50-0 1 2484 14 7 99 61 0.8451 0.9267 105 106
21-1-1-0.05-50-0 1 2484 36 36 126 126 0.8162 0.8162 165 165
21-1-1-0.05-50-0 1 2484 14 13 99 115 0.8451 0.8878 105 151
21-1-1-0.05-50-0 1 2484 14 26 99 132 0.8451 0.8171 105 141
21-1-1-0.05-50-0 1 2484 36 37 125 103 0.8162 0.8481 165 127
21-1-1-0.05-50-0 1 2484 36 37 125 102 0.8162 0.8481 165 127
21-1-1-0.05-50-0 1 2485 14 25 99 104 0.8451 0.9430 105 125
21-1-1-0.05-50-0 1 2485 14 41 99 93 0.8451 0.9621 105 105
21-1-1-0.05-50-0 1 2485 14 7 99 61 0.8451 0.9267 105 106
21-1-1-0.05-50-0 1 2485 37 23 102 1 0.8481 0.1698 127 476
21-1-1-0.05-50-0 1 2485 36 43 125 74 0.8162 0.8316 165 123
21-1-1-0.05-50-0 1 2485 1 1 52 52 0.2520 0.2520 409 409
21-1-1-0.05-50-0 1 2485 36 36 125 125 0.8162 0.8162 165 165
21-1-1-0.05-50-0 1 2486 1 10 48 89 0.2520 0.2533 409 449
21-1-1-0.05-50-0 1 2486 1 10 48 88 0.2520 0.2533 409 449
21-1-1-0.05-50-0 1 2486 36 14 127 99 0.8162 0.8451 165 105
21-1-1-0.05-50-0 1 2486 14 2 98 133 0.8451 0.8198 105 167
21-1-1-0.05-50-0 1 2486 36 36 127 127 0.8162 0.8162 165 165
21-1-1-0.05-50-0 1 2487 36 26 127 141 0.8162 0.8171 165 141
21-1-1-0.05-50-0 1 2487 14 41 101 90 0.8451 0.9621 105 105
21-1-1-0.05-50-0 1 2487 14 47 101 92 0.8451 0.9293 105 103
21-1-1-0.05-50-0 1 2487 36 37 127 98 0.8162 0.8481 165 127
21-1-1-0.05-50-0 1 2487 19 19 9 9 0.8072 0.8072 134 134
21-1-1-0.05-50-0 1 2487 19 19 8 8 0.8072 0.8072 134 134
21-1-1-0.05-50-0 1 2487 36 37 127 97 0.8162 0.8481 165 127
21-1-1-0.05-50-0 1 2488 40 42 31 2 0.9739 0.7447 104 106
21-1-1-0.05-50-0 1 2488 36 2 134 134 0.8162 0.8198 165 167
21-1-1-0.05-50-0 1 2488 36 37 134 98 0.8162 0.8481 165 127
21-1-1-0.05-50-0 1 2488 14 41 100 89 0.8451 0.9621 105 105
21-1-1-0.05-50-0 1 2488 36 36 134 134 0.8162 0.8162 165 165
21-1-1-0.05-50-0 1 2488 36 43 133 70 0.8162 0.8316 165 123
21-1-1-0.05-50-0 1 2488 36 14 133 100 0.8162 0.8451 165 105
21-1-1-0.05-50-0 1 2488 1 10 45 84 0.2520 0.2533 409 449
21-1-1-0.05-50-0 1 2489 14 47 99 97 0.8451 0.9293 105 103
21-1-1-0.05-50-0 1 2489 36 36 132 132 0.8162 0.8162 165 165
21-1-1-0.05-50-0 1 2489 1 1 43 43 0.2520 0.2520 409 409
21-1-1-0.05-50-0 1 2489 36 2 131 134 0.8162 0.8198 165 167
21-1-1-0.05-50-0 1 2489 1 10 42 81 0.2520 0.2533 409 449
21-1-1-0.05-50-0 1 2489 26 46 137 1 0.8171 0.3451 141 327
21-1-1-0.05-50-0 1 2490 36 43 134 71 0.8162 0.8316 165 123
21-1-1-0.05-50-0 1 2490 1 10 42 85 0.2520 0.2533 409 449
21-1-1-0.05-50-0 1 2490 1 10 42 84 0.2520 0.2533 409 449
21-1-1-0.05-50-0 1 2490 36 14 134 101 0.8162 0.8451 165 105
21-1-1-0.05-50-0 1 2490 36 14 134 100 0.8162 0.8451 165 105
21-1-1-0.05-50-0 1 2490 14 13 99 120 0.8451 0.8878 105 151
21-1-1-0.05-50-0 1 2490 37 50 98 1 0.8481 0.2147 127 147
21-1-1-0.05-50-0 1 2490 36 14 134 99 0.8162 0.8451 165 105
21-1-1-0.05-50-0 1 2490 1 1 42 42 0.2520 0.2520 409 409
21-1-1-0.05-50-0 1 2491 36 26 134 136 0.8162 0.8171 165 141
21-1-1-0.05-50-0 1 2491 14 26 99 135 0.8451 0.8171 105 141
21-1-1-0.05-50-0 1 2491 36 2 134 137 0.8162 0.8198 165 167
21-1-1-0.05-50-0 1 2491 36 36 134 134 0.8162 0.8162 165 165
21-1-1-0.05-50-0 1 2491 36 26 133 134 0.8162 0.8171 165 141
21-1-1-0.05-50-0 1 2491 14 40 99 32 0.8451 0.9739 105 104
21-1-1-0.05-50-0 1 2491 1 10 40 81 0.2520 0.2533 409 449
21-1-1-0.05-50-0 1 2491 36 37 133 99 0.8162 0.8481 165 127
21-1-1-0.05-50-0 1 2491 14 7 99 61 0.8451 0.9267 105 106
21-1-1-0.05-50-0 1 2492 1 10 40 78 0.2520 0.2533 409 449
21-1-1-0.05-50-0 1 2492 14 2 103 138 0.8451 0.8198 105 167
21-1-1-0.05-50-0 1 2492 14 37 103 98 0.8451 0.8481 105 127
21-1-1-0.05-50-0 1 2492 1 10 40 77 0.2520 0.2533 409 449
21-1-1-0.05-50-0 1 2492 40 34 30 2 0.9739 0.7448 104 168
21-1-1-0.05-50-0 1 2493 36 26 132 133 0.8162 0.8171 165 141
21-1-1-0.05-50-0 1 2493 36 26 132 132 0.8162 0.8171 165 141
21-1-1-0.05-50-0 1 2493 36 2 132 134 0.8162 0.8198 165 167
21-1-1-0.05-50-0 1 2494 36 37 134 98 0.8162 0.8481 165 127
21-1-1-0.05-50-0 1 2494 14 47 105 103 0.8451 0.9293 105 103
21-1-1-0.05-50-0 1 2494 14 2 105 135 0.8451 0.8198 105 167
21-1-1-0.05-50-0 1 2494 36 2 134 134 0.8162 0.8198 165 167
21-1-1-0.05-50-0 1 2494 36 14 134 105 0.8162 0.8451 165 105
21-1-1-0.05-50-0 1 2494 41 35 86 2 0.9621 0.0354 105 158
21-1-1-0.05-50-0 1 2494 36 26 134 134 0.8162 0.8171 165 141
21-1-1-0.05-50-0 1 2495 36 36 139 139 0.8162 0.8162 165 165
21-1-1-0.05-50-0 1 2495 40 42 28 3 0.9739 0.7447 104 106
21-1-1-0.05-50-0 1 2495 14 25 102 115 0.8451 0.9430 105 125
21-1-1-0.05-50-0 1 2495 36 2 138 131 0.8162 0.8198 165 167
21-1-1-0.05-50-0 1 2495 1 10 39 80 0.2520 0.2533 409 449
21-1-1-0.05-50-0 1 2495 36 2 138 130 0.8162 0.8198 165 167
21-1-1-0.05-50-0 1 2495 36 26 138 141 0.8162 0.8171 165 141
21-1-1-0.05-50-0 1 2495 36 26 138 140 0.8162 0.8171 165 141
21-1-1-0.05-50-0 1 2495 2 29 129 2 0.8198 0.6728 167 177
21-1-1-0.05-50-0 1 2495 36 36 138 138 0.8162 0.8162 165 165
21-1-1-0.05-50-0 1 2496 36 36 143 143 0.8162 0.8162 165 165
21-1-1-0.05-50-0 1 2496 36 36 142 142 0.8162 0.8162 165 165
21-1-1-0.05-50-0 1 2496 36 37 141 98 0.8162 0.8481 165 127
21-1-1-0.05-50-0 1 2496 36 14 141 102 0.8162 0.8451 165 105
21-1-1-0.05-50-0 1 2496 36 14 141 101 0.8162 0.8451 165 105
21-1-1-0.05-50-0 1 2496 14 14 100 100 0.8451 0.8451 105 105
21-1-1-0.05-50-0 1 2497 14 36 93 145 0.8451 0.8162 105 165
21-1-1-0.05-50-0 1 2497 14 47 93 102 0.8451 0.9293 105 103
21-1-1-0.05-50-0 1 2497 36 14 144 93 0.8162 0.8451 165 105
21-1-1-0.05-50-0 1 2497 14 41 92 82 0.8451 0.9621 105 105
21-1-1-0.05-50-0 1 2497 36 43 144 86 0.8162 0.8316 165 123
21-1-1-0.05-50-0 1 2497 14 26 92 136 0.8451 0.8171 105 141
21-1-1-0.05-50-0 1 2497 14 25 92 110 0.8451 0.9430 105 125
21-1-1-0.05-50-0 1 2498 36 26 136 133 0.8162 0.8171 165 141
21-1-1-0.05-50-0 1 2498 14 2 91 121 0.8451 0.8198 105 167
21-1-1-0.05-50-0 1 2498 36 36 136 136 0.8162 0.8162 165 165
21-1-1-0.05-50-0 1 2498 43 24 83 2 0.8316 0.1940 123 254
21-1-1-0.05-50-0 1 2498 36 14 135 91 0.8162 0.8451 165 105
21-1-1-0.05-50-0 1 2498 36 36 135 135 0.8162 0.8162 165 165
21-1-1-0.05-50-0 1 2499 36 36 134 134 0.8162 0.8162 165 165
21-1-1-0.05-50-0 1 2499 1 10 41 87 0.2520 0.2533 409 449
21-1-1-0.05-50-0 1 2500 14 26 94 134 0.8451 0.8171 105 141
21-1-1-0.05-50-0 1 2500 36 36 135 135 0.8162 0.8162 165 165
21-1-1-0.05-50-0 1 2500 36 37 134 96 0.8162 0.8481 165 127
21-1-1-0.05-50-0 1 2500 25 35 114 2 0.9430 0.0354 125 158
21-1-1-0.05-50-0 1 2500 36 26 134 133 0.8162 0.8171 165 141
21-1-1-0.05-50-0 1 2500 14 40 94 26 0.8451 0.9739 105 104
21-1-1-0.05-50-0 1 2500 40 29 25 1 0.9739 0.6728 104 177
