211-0-1-0.05-50-0 0 2302 48 45 12 11 0.1153 0.3816 334 173
211-0-1-0.05-50-0 0 2302 5 48 19 12 0.0007 0.1153 226 334
211-0-1-0.05-50-0 0 2303 44 48 3 11 0.7034 0.1153 118 334
211-0-1-0.05-50-0 0 2303 28 17 14 7 0.3846 0.6398 311 197
211-0-1-0.05-50-0 0 2303 21 35 1 8 0.4184 0.0354 158 158
211-0-1-0.05-50-0 0 2304 6 5 2 21 0.4266 0.0007 249 226
211-0-1-0.05-50-0 0 2304 33 5 4 20 0.6893 0.0007 191 226
211-0-1-0.05-50-0 0 2305 5 45 19 9 0.0007 0.3816 226 173
211-0-1-0.05-50-0 0 2305 5 27 19 4 0.0007 0.0776 226 149
211-0-1-0.05-50-0 0 2306 28 29 15 5 0.3846 0.6728 311 177
211-0-1-0.05-50-0 0 2306 46 32 6 6 0.3451 0.6514 327 215
211-0-1-0.05-50-0 0 2307 43 33 5 5 0.8316 0.6893 123 191
211-0-1-0.05-50-0 0 2307 18 28 9 15 0.2181 0.3846 226 311
211-0-1-0.05-50-0 0 2308 33 6 4 2 0.6893 0.4266 191 249
211-0-1-0.05-50-0 0 2308 40 12 1 3 0.9739 0.1896 104 325
211-0-1-0.05-50-0 0 2309 48 44 13 6 0.1153 0.7034 334 118
211-0-1-0.05-50-0 0 2309 5 5 18 18 0.0007 0.0007 226 226
211-0-1-0.05-50-0 0 2310 32 45 6 7 0.6514 0.3816 215 173
211-0-1-0.05-50-0 0 2310 27 28 2 11 0.0776 0.3846 149 311
211-0-1-0.05-50-0 0 2311 48 33 14 4 0.1153 0.6893 334 191
211-0-1-0.05-50-0 0 2311 37 46 2 6 0.8481 0.3451 127 327
211-0-1-0.05-50-0 0 2312 13 17 4 5 0.8878 0.6398 151 197
211-0-1-0.05-50-0 0 2312 24 45 4 9 0.1940 0.3816 254 173
211-0-1-0.05-50-0 0 2313 50 13 4 4 0.2147 0.8878 147 151
211-0-1-0.05-50-0 0 2313 5 5 16 16 0.0007 0.0007 226 226
211-0-1-0.05-50-0 0 2314 48 48 15 15 0.1153 0.1153 334 334
211-0-1-0.05-50-0 0 2314 44 18 6 9 0.7034 0.2181 118 226
211-0-1-0.05-50-0 0 2315 5 48 15 13 0.0007 0.1153 226 334
211-0-1-0.05-50-0 0 2315 24 16 7 5 0.1940 0.2228 254 149
211-0-1-0.05-50-0 0 2316 5 6 15 1 0.0007 0.4266 226 249
211-0-1-0.05-50-0 0 2316 5 45 15 12 0.0007 0.3816 226 173
211-0-1-0.05-50-0 0 2317 23 50 4 4 0.1698 0.2147 476 147
211-0-1-0.05-50-0 0 2317 18 5 8 15 0.2181 0.0007 226 226
211-0-1-0.05-50-0 0 2318 35 5 3 16 0.0354 0.0007 158 226
211-0-1-0.05-50-0 0 2318 24 8 7 3 0.1940 0.2506 254 303
211-0-1-0.05-50-0 0 2319 18 18 10 10 0.2181 0.2181 226 226
211-0-1-0.05-50-0 0 2319 24 37 7 6 0.1940 0.8481 254 127
211-0-1-0.05-50-0 0 2320 48 15 15 1 0.1153 0.7918 334 149
211-0-1-0.05-50-0 0 2320 28 32 13 6 0.3846 0.6514 311 215
211-0-1-0.05-50-0 0 2321 27 50 4 3 0.0776 0.2147 149 147
211-0-1-0.05-50-0 0 2321 24 5 6 16 0.1940 0.0007 254 226
211-0-1-0.05-50-0 0 2322 45 28 11 13 0.3816 0.3846 173 311
211-0-1-0.05-50-0 0 2322 50 32 2 5 0.2147 0.6514 147 215
211-0-1-0.05-50-0 0 2323 39 26 4 3 0.2187 0.8171 309 141
211-0-1-0.05-50-0 0 2323 48 5 16 14 0.1153 0.0007 334 226
211-0-1-0.05-50-0 0 2323 40 44 1 7 0.9739 0.7034 104 118
211-0-1-0.05-50-0 0 2324 4 16 1 6 0.0723 0.2228 351 149
211-0-1-0.05-50-0 0 2324 28 43 12 8 0.3846 0.8316 311 123
211-0-1-0.05-50-0 0 2324 45 36 10 1 0.3816 0.8162 173 165
211-0-1-0.05-50-0 0 2325 45 5 11 12 0.3816 0.0007 173 226
211-0-1-0.05-50-0 0 2325 8 39 2 5 0.2506 0.2187 303 309
211-0-1-0.05-50-0 0 2326 48 35 18 4 0.1153 0.0354 334 158
211-0-1-0.05-50-0 0 2326 13 5 5 10 0.8878 0.0007 151 226
211-0-1-0.05-50-0 0 2327 48 43 18 8 0.1153 0.8316 334 123
211-0-1-0.05-50-0 0 2327 16 24 5 6 0.2228 0.1940 149 254
211-0-1-0.05-50-0 0 2328 5 37 8 5 0.0007 0.8481 226 127
211-0-1-0.05-50-0 0 2328 48 29 17 8 0.1153 0.6728 334 177
211-0-1-0.05-50-0 0 2329 48 26 18 2 0.1153 0.8171 334 141
211-0-1-0.05-50-0 0 2329 28 48 14 18 0.3846 0.1153 311 334
211-0-1-0.05-50-0 0 2330 28 5 14 8 0.3846 0.0007 311 226
211-0-1-0.05-50-0 0 2330 29 39 7 4 0.6728 0.2187 177 309
211-0-1-0.05-50-0 0 2331 45 5 12 8 0.3816 0.0007 173 226
211-0-1-0.05-50-0 0 2331 48 43 18 7 0.1153 0.8316 334 123
211-0-1-0.05-50-0 0 2332 43 43 6 6 0.8316 0.8316 123 123
211-0-1-0.05-50-0 0 2332 44 45 9 10 0.7034 0.3816 118 173
211-0-1-0.05-50-0 0 2333 39 46 2 4 0.2187 0.3451 309 327
211-0-1-0.05-50-0 0 2333 16 48 6 16 0.2228 0.1153 149 334
211-0-1-0.05-50-0 0 2334 18 48 6 16 0.2181 0.1153 226 334
211-0-1-0.05-50-0 0 2334 33 45 3 9 0.6893 0.3816 191 173
211-0-1-0.05-50-0 0 2335 35 28 2 13 0.0354 0.3846 158 311
211-0-1-0.05-50-0 0 2335 8 33 2 3 0.2506 0.6893 303 191
211-0-1-0.05-50-0 0 2336 25 27 4 3 0.9430 0.0776 125 149
211-0-1-0.05-50-0 0 2336 16 23 6 5 0.2228 0.1698 149 476
211-0-1-0.05-50-0 0 2337 44 16 9 6 0.7034 0.2228 118 149
211-0-1-0.05-50-0 0 2337 29 5 11 9 0.6728 0.0007 177 226
211-0-1-0.05-50-0 0 2338 28 32 11 5 0.3846 0.6514 311 215
211-0-1-0.05-50-0 0 2338 23 48 4 15 0.1698 0.1153 476 334
211-0-1-0.05-50-0 0 2339 5 44 8 7 0.0007 0.7034 226 118
211-0-1-0.05-50-0 0 2339 50 13 3 2 0.2147 0.8878 147 151
211-0-1-0.05-50-0 0 2340 25 24 5 10 0.9430 0.1940 125 254
211-0-1-0.05-50-0 0 2340 45 35 7 2 0.3816 0.0354 173 158
211-0-1-0.05-50-0 0 2341 29 28 11 11 0.6728 0.3846 177 311
211-0-1-0.05-50-0 0 2341 29 48 11 15 0.6728 0.1153 177 334
211-0-1-0.05-50-0 0 2342 48 32 17 4 0.1153 0.6514 334 215
211-0-1-0.05-50-0 0 2342 47 28 3 10 0.9293 0.3846 103 311
211-0-1-0.05-50-0 0 2343 23 43 4 6 0.1698 0.8316 476 123
211-0-1-0.05-50-0 0 2343 7 8 2 4 0.9267 0.2506 106 303
211-0-1-0.05-50-0 0 2344 5 3 8 2 0.0007 0.4813 226 321
211-0-1-0.05-50-0 0 2344 25 45 5 8 0.9430 0.3816 125 173
211-0-1-0.05-50-0 0 2345 29 18 13 7 0.6728 0.2181 177 226
211-0-1-0.05-50-0 0 2345 46 29 5 13 0.3451 0.6728 327 177
211-0-1-0.05-50-0 0 2346 50 45 5 9 0.2147 0.3816 147 173
211-0-1-0.05-50-0 0 2346 44 37 7 6 0.7034 0.8481 118 127
211-0-1-0.05-50-0 0 2347 7 46 3 7 0.9267 0.3451 106 327
211-0-1-0.05-50-0 0 2347 8 27 5 4 0.2506 0.0776 303 149
211-0-1-0.05-50-0 0 2348 24 33 7 7 0.1940 0.6893 254 191
211-0-1-0.05-50-0 0 2348 48 28 17 9 0.1153 0.3846 334 311
211-0-1-0.05-50-0 0 2349 16 48 6 16 0.2228 0.1153 149 334
211-0-1-0.05-50-0 0 2349 44 47 8 6 0.7034 0.9293 118 103
211-0-1-0.05-50-0 0 2350 29 48 11 14 0.6728 0.1153 177 334
211-0-1-0.05-50-0 0 2350 7 39 3 1 0.9267 0.2187 106 309
211-0-1-0.05-50-0 0 2351 37 25 7 2 0.8481 0.9430 127 125
211-0-1-0.05-50-0 0 2351 48 8 14 5 0.1153 0.2506 334 303
211-0-1-0.05-50-0 0 2352 29 8 11 4 0.6728 0.2506 177 303
211-0-1-0.05-50-0 0 2352 16 45 4 7 0.2228 0.3816 149 173
211-0-1-0.05-50-0 0 2353 45 46 6 5 0.3816 0.3451 173 327
211-0-1-0.05-50-0 0 2353 5 4 9 1 0.0007 0.0723 226 351
211-0-1-0.05-50-0 0 2354 12 29 6 10 0.1896 0.6728 325 177
211-0-1-0.05-50-0 0 2354 27 29 2 9 0.0776 0.6728 149 177
211-0-1-0.05-50-0 0 2354 21 21 2 2 0.4184 0.4184 158 158
211-0-1-0.05-50-0 0 2355 47 24 7 14 0.9293 0.1940 103 254
211-0-1-0.05-50-0 0 2355 24 37 13 8 0.1940 0.8481 254 127
211-0-1-0.05-50-0 0 2355 18 24 9 13 0.2181 0.1940 226 254
211-0-1-0.05-50-0 0 2356 16 24 4 11 0.2228 0.1940 149 254
211-0-1-0.05-50-0 0 2356 5 18 10 9 0.0007 0.2181 226 226
211-0-1-0.05-50-0 0 2357 32 23 3 4 0.6514 0.1698 215 476
211-0-1-0.05-50-0 0 2357 8 37 3 7 0.2506 0.8481 303 127
211-0-1-0.05-50-0 0 2358 18 45 10 8 0.2181 0.3816 226 173
211-0-1-0.05-50-0 0 2358 2 5 3 11 0.8198 0.0007 167 226
211-0-1-0.05-50-0 0 2358 6 12 1 5 0.4266 0.1896 249 325
211-0-1-0.05-50-0 0 2359 3 46 2 4 0.4813 0.3451 321 327
211-0-1-0.05-50-0 0 2359 33 50 10 7 0.6893 0.2147 191 147
211-0-1-0.05-50-0 0 2359 44 29 5 10 0.7034 0.6728 118 177
211-0-1-0.05-50-0 0 2360 24 5 12 10 0.1940 0.0007 254 226
211-0-1-0.05-50-0 0 2360 24 48 12 20 0.1940 0.1153 254 334
211-0-1-0.05-50-0 0 2360 47 44 8 5 0.9293 0.7034 103 118
211-0-1-0.05-50-0 0 2361 16 29 4 9 0.2228 0.6728 149 177
211-0-1-0.05-50-0 0 2361 45 18 6 13 0.3816 0.2181 173 226
211-0-1-0.05-50-0 0 2361 48 8 19 3 0.1153 0.2506 334 303
211-0-1-0.05-50-0 0 2362 44 28 4 7 0.7034 0.3846 118 311
211-0-1-0.05-50-0 0 2362 47 48 11 19 0.9293 0.1153 103 334
211-0-1-0.05-50-0 0 2362 50 29 7 9 0.2147 0.6728 147 177
211-0-1-0.05-50-0 0 2363 18 50 12 7 0.2181 0.2147 226 147
211-0-1-0.05-50-0 0 2363 5 46 10 4 0.0007 0.3451 226 327
211-0-1-0.05-50-0 0 2364 24 24 15 15 0.1940 0.1940 254 254
211-0-1-0.05-50-0 0 2364 26 50 1 6 0.8171 0.2147 141 147
211-0-1-0.05-50-0 0 2364 32 47 3 10 0.6514 0.9293 215 103
211-0-1-0.05-50-0 0 2365 28 23 7 3 0.3846 0.1698 311 476
211-0-1-0.05-50-0 0 2365 23 5 2 10 0.1698 0.0007 476 226
211-0-1-0.05-50-0 0 2366 24 28 13 7 0.1940 0.3846 254 311
211-0-1-0.05-50-0 0 2366 32 2 3 3 0.6514 0.8198 215 167
211-0-1-0.05-50-0 0 2367 33 47 13 8 0.6893 0.9293 191 103
211-0-1-0.05-50-0 0 2367 44 5 2 10 0.7034 0.0007 118 226
211-0-1-0.05-50-0 0 2368 48 47 17 7 0.1153 0.9293 334 103
211-0-1-0.05-50-0 0 2368 45 33 5 14 0.3816 0.6893 173 191
211-0-1-0.05-50-0 0 2369 28 24 7 12 0.3846 0.1940 311 254
211-0-1-0.05-50-0 0 2369 18 33 15 13 0.2181 0.6893 226 191
211-0-1-0.05-50-0 0 2370 5 33 11 12 0.0007 0.6893 226 191
211-0-1-0.05-50-0 0 2370 18 24 14 12 0.2181 0.1940 226 254
211-0-1-0.05-50-0 0 2371 44 18 4 14 0.7034 0.2181 118 226
211-0-1-0.05-50-0 0 2371 18 48 13 14 0.2181 0.1153 226 334
211-0-1-0.05-50-0 0 2372 23 44 2 4 0.1698 0.7034 476 118
211-0-1-0.05-50-0 0 2372 47 48 9 15 0.9293 0.1153 103 334
211-0-1-0.05-50-0 0 2373 33 18 11 14 0.6893 0.2181 191 226
211-0-1-0.05-50-0 0 2373 50 48 5 14 0.2147 0.1153 147 334
211-0-1-0.05-50-0 0 2374 5 47 12 8 0.0007 0.9293 226 103
211-0-1-0.05-50-0 0 2374 37 47 7 7 0.8481 0.9293 127 103
211-0-1-0.05-50-0 0 2375 26 48 1 14 0.8171 0.1153 141 334
211-0-1-0.05-50-0 0 2375 45 16 5 4 0.3816 0.2228 173 149
211-0-1-0.05-50-0 0 2376 24 5 11 13 0.1940 0.0007 254 226
211-0-1-0.05-50-0 0 2376 32 48 5 12 0.6514 0.1153 215 334
211-0-1-0.05-50-0 0 2377 24 18 11 17 0.1940 0.2181 254 226
211-0-1-0.05-50-0 0 2377 50 28 6 10 0.2147 0.3846 147 311
211-0-1-0.05-50-0 0 2378 26 50 1 6 0.8171 0.2147 141 147
211-0-1-0.05-50-0 0 2378 43 17 2 1 0.8316 0.6398 123 197
211-0-1-0.05-50-0 0 2379 32 44 6 3 0.6514 0.7034 215 118
211-0-1-0.05-50-0 0 2379 28 32 9 6 0.3846 0.6514 311 215
211-0-1-0.05-50-0 0 2380 5 29 11 7 0.0007 0.6728 226 177
211-0-1-0.05-50-0 0 2380 48 37 14 6 0.1153 0.8481 334 127
211-0-1-0.05-50-0 0 2381 44 48 3 13 0.7034 0.1153 118 334
211-0-1-0.05-50-0 0 2381 48 18 12 18 0.1153 0.2181 334 226
211-0-1-0.05-50-0 0 2382 44 33 3 13 0.7034 0.6893 118 191
211-0-1-0.05-50-0 0 2382 28 30 10 2 0.3846 0.6008 311 266
211-0-1-0.05-50-0 0 2382 32 5 5 10 0.6514 0.0007 215 226
211-0-1-0.05-50-0 0 2383 27 45 8 7 0.0776 0.3816 149 173
211-0-1-0.05-50-0 0 2383 26 28 1 10 0.8171 0.3846 141 311
211-0-1-0.05-50-0 0 2383 18 16 18 4 0.2181 0.2228 226 149
211-0-1-0.05-50-0 0 2384 8 37 4 5 0.2506 0.8481 303 127
211-0-1-0.05-50-0 0 2384 18 28 18 10 0.2181 0.3846 226 311
211-0-1-0.05-50-0 0 2384 48 18 15 18 0.1153 0.2181 334 226
211-0-1-0.05-50-0 0 2385 48 24 16 8 0.1153 0.1940 334 254
211-0-1-0.05-50-0 0 2385 48 44 16 4 0.1153 0.7034 334 118
211-0-1-0.05-50-0 0 2385 18 27 18 8 0.2181 0.0776 226 149
211-0-1-0.05-50-0 0 2386 16 24 4 8 0.2228 0.1940 149 254
211-0-1-0.05-50-0 0 2386 18 45 18 7 0.2181 0.3816 226 173
211-0-1-0.05-50-0 0 2386 33 18 11 18 0.6893 0.2181 191 226
211-0-1-0.05-50-0 0 2387 33 22 11 1 0.6893 0.0160 191 311
211-0-1-0.05-50-0 0 2387 48 48 17 17 0.1153 0.1153 334 334
211-0-1-0.05-50-0 0 2388 32 33 4 10 0.6514 0.6893 215 191
211-0-1-0.05-50-0 0 2388 12 32 2 4 0.1896 0.6514 325 215
211-0-1-0.05-50-0 0 2389 29 5 5 14 0.6728 0.0007 177 226
211-0-1-0.05-50-0 0 2389 37 50 5 8 0.8481 0.2147 127 147
211-0-1-0.05-50-0 0 2390 15 33 6 11 0.7918 0.6893 149 191
211-0-1-0.05-50-0 0 2390 19 48 2 14 0.8072 0.1153 134 334
211-0-1-0.05-50-0 0 2391 33 18 10 15 0.6893 0.2181 191 226
211-0-1-0.05-50-0 0 2391 28 18 5 14 0.3846 0.2181 311 226
211-0-1-0.05-50-0 0 2392 16 48 6 15 0.2228 0.1153 149 334
211-0-1-0.05-50-0 0 2392 18 37 13 6 0.2181 0.8481 226 127
211-0-1-0.05-50-0 0 2393 15 33 8 14 0.7918 0.6893 149 191
211-0-1-0.05-50-0 0 2393 18 5 12 13 0.2181 0.0007 226 226
211-0-1-0.05-50-0 0 2394 33 15 14 8 0.6893 0.7918 191 149
211-0-1-0.05-50-0 0 2394 29 50 7 7 0.6728 0.2147 177 147
211-0-1-0.05-50-0 0 2395 50 16 6 5 0.2147 0.2228 147 149
211-0-1-0.05-50-0 0 2395 48 33 14 16 0.1153 0.6893 334 191
211-0-1-0.05-50-0 0 2396 47 48 7 15 0.9293 0.1153 103 334
211-0-1-0.05-50-0 0 2396 50 47 7 7 0.2147 0.9293 147 103
211-0-1-0.05-50-0 0 2397 19 27 5 7 0.8072 0.0776 134 149
211-0-1-0.05-50-0 0 2397 33 5 14 11 0.6893 0.0007 191 226
211-0-1-0.05-50-0 0 2398 44 48 6 14 0.7034 0.1153 118 334
211-0-1-0.05-50-0 0 2398 33 50 13 7 0.6893 0.2147 191 147
211-0-1-0.05-50-0 0 2399 48 48 14 14 0.1153 0.1153 334 334
211-0-1-0.05-50-0 0 2399 16 15 5 8 0.2228 0.7918 149 149
211-0-1-0.05-50-0 0 2400 45 35 6 2 0.3816 0.0354 173 158
211-0-1-0.05-50-0 0 2400 33 12 13 2 0.6893 0.1896 191 325
211-0-1-0.05-50-0 0 2401 7 16 2 5 0.9267 0.2228 106 149
211-0-1-0.05-50-0 0 2401 33 47 12 9 0.6893 0.9293 191 103
211-0-1-0.05-50-0 0 2402 12 43 1 2 0.1896 0.8316 325 123
211-0-1-0.05-50-0 0 2402 5 50 11 6 0.0007 0.2147 226 147
211-0-1-0.05-50-0 0 2403 43 5 1 12 0.8316 0.0007 123 226
211-0-1-0.05-50-0 0 2403 33 4 12 2 0.6893 0.0723 191 351
211-0-1-0.05-50-0 0 2404 37 33 4 12 0.8481 0.6893 127 191
211-0-1-0.05-50-0 0 2404 46 19 2 5 0.3451 0.8072 327 134
211-0-1-0.05-50-0 0 2405 19 49 4 2 0.8072 0.1842 134 136
211-0-1-0.05-50-0 0 2405 48 9 14 5 0.1153 0.6134 334 161
211-0-1-0.05-50-0 0 2405 7 27 2 5 0.9267 0.0776 106 149
211-0-1-0.05-50-0 0 2406 33 19 12 4 0.6893 0.8072 191 134
211-0-1-0.05-50-0 0 2406 16 18 4 15 0.2228 0.2181 149 226
211-0-1-0.05-50-0 0 2406 44 5 5 13 0.7034 0.0007 118 226
211-0-1-0.05-50-0 0 2407 13 5 1 12 0.8878 0.0007 151 226
211-0-1-0.05-50-0 0 2407 15 20 11 1 0.7918 0.9922 149 102
211-0-1-0.05-50-0 0 2407 33 9 12 4 0.6893 0.6134 191 161
211-0-1-0.05-50-0 0 2408 33 48 13 15 0.6893 0.1153 191 334
211-0-1-0.05-50-0 0 2408 12 46 1 2 0.1896 0.3451 325 327
211-0-1-0.05-50-0 0 2408 15 33 11 13 0.7918 0.6893 149 191
211-0-1-0.05-50-0 0 2409 49 19 2 3 0.1842 0.8072 136 134
211-0-1-0.05-50-0 0 2409 29 15 14 12 0.6728 0.7918 177 149
211-0-1-0.05-50-0 0 2409 40 33 1 13 0.9739 0.6893 104 191
211-0-1-0.05-50-0 0 2410 44 47 4 8 0.7034 0.9293 118 103
211-0-1-0.05-50-0 0 2410 33 45 12 7 0.6893 0.3816 191 173
211-0-1-0.05-50-0 0 2410 16 48 5 13 0.2228 0.1153 149 334
211-0-1-0.05-50-0 0 2411 33 33 11 11 0.6893 0.6893 191 191
211-0-1-0.05-50-0 0 2411 33 10 10 5 0.6893 0.2533 191 449
211-0-1-0.05-50-0 0 2412 37 33 6 10 0.8481 0.6893 127 191
211-0-1-0.05-50-0 0 2412 43 13 1 1 0.8316 0.8878 123 151
211-0-1-0.05-50-0 0 2412 27 16 3 7 0.0776 0.2228 149 149
211-0-1-0.05-50-0 0 2413 45 45 6 6 0.3816 0.3816 173 173
211-0-1-0.05-50-0 0 2413 15 18 11 14 0.7918 0.2181 149 226
211-0-1-0.05-50-0 0 2413 29 16 16 7 0.6728 0.2228 177 149
211-0-1-0.05-50-0 0 2414 10 9 4 2 0.2533 0.6134 449 161
211-0-1-0.05-50-0 0 2414 20 29 1 16 0.9922 0.6728 102 177
211-0-1-0.05-50-0 0 2414 45 35 4 2 0.3816 0.0354 173 158
211-0-1-0.05-50-0 0 2415 49 47 3 6 0.1842 0.9293 136 103
211-0-1-0.05-50-0 0 2415 10 15 4 10 0.2533 0.7918 449 149
211-0-1-0.05-50-0 0 2415 19 50 4 3 0.8072 0.2147 134 147
211-0-1-0.05-50-0 0 2416 45 27 3 3 0.3816 0.0776 173 149
211-0-1-0.05-50-0 0 2416 44 5 5 12 0.7034 0.0007 118 226
211-0-1-0.05-50-0 0 2416 48 45 18 3 0.1153 0.3816 334 173
211-0-1-0.05-50-0 0 2417 48 27 20 2 0.1153 0.0776 334 149
211-0-1-0.05-50-0 0 2417 29 29 13 13 0.6728 0.6728 177 177
211-0-1-0.05-50-0 0 2418 48 47 19 5 0.1153 0.9293 334 103
211-0-1-0.05-50-0 0 2418 19 48 4 19 0.8072 0.1153 134 334
211-0-1-0.05-50-0 0 2419 43 28 2 2 0.8316 0.3846 123 311
211-0-1-0.05-50-0 0 2419 37 29 6 14 0.8481 0.6728 127 177
211-0-1-0.05-50-0 0 2419 18 29 13 13 0.2181 0.6728 226 177
211-0-1-0.05-50-0 0 2420 47 48 5 22 0.9293 0.1153 103 334
211-0-1-0.05-50-0 0 2420 18 3 14 3 0.2181 0.4813 226 321
211-0-1-0.05-50-0 0 2420 15 48 8 21 0.7918 0.1153 149 334
211-0-1-0.05-50-0 0 2421 18 15 14 10 0.2181 0.7918 226 149
211-0-1-0.05-50-0 0 2421 48 7 19 4 0.1153 0.9267 334 106
211-0-1-0.05-50-0 0 2421 5 28 10 1 0.0007 0.3846 226 311
211-0-1-0.05-50-0 0 2422 18 37 15 6 0.2181 0.8481 226 127
211-0-1-0.05-50-0 0 2422 3 12 2 5 0.4813 0.1896 321 325
211-0-1-0.05-50-0 0 2422 10 33 7 9 0.2533 0.6893 449 191
211-0-1-0.05-50-0 0 2423 50 29 3 12 0.2147 0.6728 147 177
211-0-1-0.05-50-0 0 2423 3 39 2 2 0.4813 0.2187 321 309
211-0-1-0.05-50-0 0 2423 48 18 19 15 0.1153 0.2181 334 226
211-0-1-0.05-50-0 0 2424 15 48 6 21 0.7918 0.1153 149 334
211-0-1-0.05-50-0 0 2424 18 18 14 14 0.2181 0.2181 226 226
211-0-1-0.05-50-0 0 2424 48 32 20 4 0.1153 0.6514 334 215
211-0-1-0.05-50-0 0 2425 48 31 20 1 0.1153 0.5626 334 252
211-0-1-0.05-50-0 0 2425 5 33 11 9 0.0007 0.6893 226 191
211-0-1-0.05-50-0 0 2425 5 48 11 20 0.0007 0.1153 226 334
211-0-1-0.05-50-0 0 2426 48 11 20 2 0.1153 0.0504 334 384
211-0-1-0.05-50-0 0 2426 26 33 1 9 0.8171 0.6893 141 191
211-0-1-0.05-50-0 0 2426 29 32 13 4 0.6728 0.6514 177 215
211-0-1-0.05-50-0 0 2427 50 33 4 8 0.2147 0.6893 147 191
211-0-1-0.05-50-0 0 2427 50 20 4 6 0.2147 0.9922 147 102
211-0-1-0.05-50-0 0 2427 37 10 6 9 0.8481 0.2533 127 449
211-0-1-0.05-50-0 0 2428 5 50 12 4 0.0007 0.2147 226 147
211-0-1-0.05-50-0 0 2428 47 43 4 1 0.9293 0.8316 103 123
211-0-1-0.05-50-0 0 2428 29 5 15 12 0.6728 0.0007 177 226
211-0-1-0.05-50-0 0 2429 48 10 18 9 0.1153 0.2533 334 449
211-0-1-0.05-50-0 0 2429 33 24 7 4 0.6893 0.1940 191 254
211-0-1-0.05-50-0 0 2430 49 47 1 4 0.1842 0.9293 136 103
211-0-1-0.05-50-0 0 2430 5 10 11 8 0.0007 0.2533 226 449
211-0-1-0.05-50-0 0 2431 44 37 4 5 0.7034 0.8481 118 127
211-0-1-0.05-50-0 0 2431 50 5 3 12 0.2147 0.0007 147 226
211-0-1-0.05-50-0 0 2432 5 29 11 14 0.0007 0.6728 226 177
211-0-1-0.05-50-0 0 2432 5 33 11 8 0.0007 0.6893 226 191
211-0-1-0.05-50-0 0 2433 10 3 6 3 0.2533 0.4813 449 321
211-0-1-0.05-50-0 0 2433 48 36 19 1 0.1153 0.8162 334 165
211-0-1-0.05-50-0 0 2434 5 48 12 22 0.0007 0.1153 226 334
211-0-1-0.05-50-0 0 2434 48 48 21 21 0.1153 0.1153 334 334
211-0-1-0.05-50-0 0 2435 24 8 4 2 0.1940 0.2506 254 303
211-0-1-0.05-50-0 0 2435 15 29 7 14 0.7918 0.6728 149 177
211-0-1-0.05-50-0 0 2436 9 47 2 4 0.6134 0.9293 161 103
211-0-1-0.05-50-0 0 2436 24 10 4 5 0.1940 0.2533 254 449
211-0-1-0.05-50-0 0 2437 11 29 2 15 0.0504 0.6728 384 177
211-0-1-0.05-50-0 0 2437 49 37 1 4 0.1842 0.8481 136 127
211-0-1-0.05-50-0 0 2437 44 5 4 12 0.7034 0.0007 118 226
211-0-1-0.05-50-0 0 2438 33 33 6 6 0.6893 0.6893 191 191
211-0-1-0.05-50-0 0 2438 18 48 12 24 0.2181 0.1153 226 334
211-0-1-0.05-50-0 0 2438 48 29 23 13 0.1153 0.6728 334 177
211-0-1-0.05-50-0 0 2439 29 27 13 7 0.6728 0.0776 177 149
211-0-1-0.05-50-0 0 2439 48 19 24 8 0.1153 0.8072 334 134
211-0-1-0.05-50-0 0 2439 10 10 5 5 0.2533 0.2533 449 449
211-0-1-0.05-50-0 0 2440 48 48 24 24 0.1153 0.1153 334 334
211-0-1-0.05-50-0 0 2440 32 48 4 23 0.6514 0.1153 215 334
211-0-1-0.05-50-0 0 2440 44 29 5 13 0.7034 0.6728 118 177
211-0-1-0.05-50-0 0 2441 29 48 12 25 0.6728 0.1153 177 334
211-0-1-0.05-50-0 0 2441 48 5 24 15 0.1153 0.0007 334 226
211-0-1-0.05-50-0 0 2441 28 29 2 12 0.3846 0.6728 311 177
211-0-1-0.05-50-0 0 2442 44 5 6 14 0.7034 0.0007 118 226
211-0-1-0.05-50-0 0 2442 48 10 24 2 0.1153 0.2533 334 449
211-0-1-0.05-50-0 0 2442 20 29 3 12 0.9922 0.6728 102 177
211-0-1-0.05-50-0 0 2443 19 44 7 6 0.8072 0.7034 134 118
211-0-1-0.05-50-0 0 2443 29 29 10 10 0.6728 0.6728 177 177
211-0-1-0.05-50-0 0 2443 48 48 26 26 0.1153 0.1153 334 334
211-0-1-0.05-50-0 0 2444 27 28 6 2 0.0776 0.3846 149 311
211-0-1-0.05-50-0 0 2444 18 16 12 8 0.2181 0.2228 226 149
211-0-1-0.05-50-0 0 2444 7 48 6 25 0.9267 0.1153 106 334
211-0-1-0.05-50-0 0 2445 44 33 5 3 0.7034 0.6893 118 191
211-0-1-0.05-50-0 0 2445 47 15 4 6 0.9293 0.7918 103 149
211-0-1-0.05-50-0 0 2445 7 19 6 8 0.9267 0.8072 106 134
211-0-1-0.05-50-0 0 2446 49 5 2 15 0.1842 0.0007 136 226
211-0-1-0.05-50-0 0 2446 44 27 3 7 0.7034 0.0776 118 149
211-0-1-0.05-50-0 0 2447 18 10 13 1 0.2181 0.2533 226 449
211-0-1-0.05-50-0 0 2447 5 19 14 8 0.0007 0.8072 226 134
211-0-1-0.05-50-0 0 2448 15 32 5 7 0.7918 0.6514 149 215
211-0-1-0.05-50-0 0 2448 47 16 5 5 0.9293 0.2228 103 149
211-0-1-0.05-50-0 0 2449 44 19 3 8 0.7034 0.8072 118 134
211-0-1-0.05-50-0 0 2449 16 48 4 24 0.2228 0.1153 149 334
211-0-1-0.05-50-0 0 2450 5 32 14 6 0.0007 0.6514 226 215
211-0-1-0.05-50-0 0 2450 26 9 3 3 0.8171 0.6134 141 161
211-0-1-0.05-50-0 0 2451 9 47 2 4 0.6134 0.9293 161 103
211-0-1-0.05-50-0 0 2451 28 48 2 22 0.3846 0.1153 311 334
211-0-1-0.05-50-0 0 2452 48 28 22 2 0.1153 0.3846 334 311
211-0-1-0.05-50-0 0 2452 48 18 22 17 0.1153 0.2181 334 226
211-0-1-0.05-50-0 0 2453 15 33 4 2 0.7918 0.6893 149 191
211-0-1-0.05-50-0 0 2453 48 37 22 4 0.1153 0.8481 334 127
211-0-1-0.05-50-0 0 2454 5 29 12 10 0.0007 0.6728 226 177
211-0-1-0.05-50-0 0 2454 44 27 3 6 0.7034 0.0776 118 149
211-0-1-0.05-50-0 0 2455 44 48 4 23 0.7034 0.1153 118 334
211-0-1-0.05-50-0 0 2455 7 33 5 1 0.9267 0.6893 106 191
211-0-1-0.05-50-0 0 2456 5 29 13 9 0.0007 0.6728 226 177
211-0-1-0.05-50-0 0 2456 13 18 2 15 0.8878 0.2181 151 226
211-0-1-0.05-50-0 0 2457 29 48 8 22 0.6728 0.1153 177 334
211-0-1-0.05-50-0 0 2457 44 48 4 21 0.7034 0.1153 118 334
211-0-1-0.05-50-0 0 2458 5 47 11 3 0.0007 0.9293 226 103
211-0-1-0.05-50-0 0 2458 47 27 2 4 0.9293 0.0776 103 149
211-0-1-0.05-50-0 0 2459 36 37 3 7 0.8162 0.8481 165 127
211-0-1-0.05-50-0 0 2459 18 48 15 20 0.2181 0.1153 226 334
211-0-1-0.05-50-0 0 2460 37 36 6 3 0.8481 0.8162 127 165
211-0-1-0.05-50-0 0 2460 32 29 6 11 0.6514 0.6728 215 177
211-0-1-0.05-50-0 0 2461 19 32 10 6 0.8072 0.6514 134 215
211-0-1-0.05-50-0 0 2461 35 28 2 1 0.0354 0.3846 158 311
211-0-1-0.05-50-0 0 2462 27 44 3 6 0.0776 0.7034 149 118
211-0-1-0.05-50-0 0 2462 20 48 3 18 0.9922 0.1153 102 334
211-0-1-0.05-50-0 0 2463 31 23 1 1 0.5626 0.1698 252 476
211-0-1-0.05-50-0 0 2463 48 37 17 3 0.1153 0.8481 334 127
211-0-1-0.05-50-0 0 2464 5 29 13 9 0.0007 0.6728 226 177
211-0-1-0.05-50-0 0 2464 16 18 3 18 0.2228 0.2181 149 226
211-0-1-0.05-50-0 0 2465 18 13 19 2 0.2181 0.8878 226 151
211-0-1-0.05-50-0 0 2465 5 12 13 5 0.0007 0.1896 226 325
211-0-1-0.05-50-0 0 2466 48 3 18 1 0.1153 0.4813 334 321
211-0-1-0.05-50-0 0 2466 26 13 4 1 0.8171 0.8878 141 151
211-0-1-0.05-50-0 0 2467 16 47 3 4 0.2228 0.9293 149 103
211-0-1-0.05-50-0 0 2467 29 18 8 18 0.6728 0.2181 177 226
211-0-1-0.05-50-0 0 2468 7 48 5 21 0.9267 0.1153 106 334
211-0-1-0.05-50-0 0 2468 29 15 8 2 0.6728 0.7918 177 149
211-0-1-0.05-50-0 0 2469 26 19 6 9 0.8171 0.8072 141 134
211-0-1-0.05-50-0 0 2469 18 48 18 19 0.2181 0.1153 226 334
211-0-1-0.05-50-0 0 2470 19 5 7 13 0.8072 0.0007 134 226
211-0-1-0.05-50-0 0 2470 5 48 12 17 0.0007 0.1153 226 334
211-0-1-0.05-50-0 0 2471 4 27 5 3 0.0723 0.0776 351 149
211-0-1-0.05-50-0 0 2471 44 7 7 6 0.7034 0.9267 118 106
211-0-1-0.05-50-0 0 2472 32 11 7 3 0.6514 0.0504 215 384
211-0-1-0.05-50-0 0 2472 16 50 3 1 0.2228 0.2147 149 147
211-0-1-0.05-50-0 0 2473 26 29 3 9 0.8171 0.6728 141 177
211-0-1-0.05-50-0 0 2473 32 32 7 7 0.6514 0.6514 215 215
211-0-1-0.05-50-0 0 2474 7 48 6 15 0.9267 0.1153 106 334
211-0-1-0.05-50-0 0 2474 4 44 7 7 0.0723 0.7034 351 118
211-0-1-0.05-50-0 0 2475 29 5 8 13 0.6728 0.0007 177 226
211-0-1-0.05-50-0 0 2475 29 21 8 2 0.6728 0.4184 177 158
211-0-1-0.05-50-0 0 2476 18 4 13 8 0.2181 0.0723 226 351
211-0-1-0.05-50-0 0 2476 48 29 14 9 0.1153 0.6728 334 177
211-0-1-0.05-50-0 0 2477 5 44 11 6 0.0007 0.7034 226 118
211-0-1-0.05-50-0 0 2477 25 48 8 14 0.9430 0.1153 125 334
211-0-1-0.05-50-0 0 2478 25 16 9 7 0.9430 0.2228 125 149
211-0-1-0.05-50-0 0 2478 19 42 6 2 0.8072 0.7447 134 106
211-0-1-0.05-50-0 0 2479 11 18 1 16 0.0504 0.2181 384 226
211-0-1-0.05-50-0 0 2479 5 44 12 5 0.0007 0.7034 226 118
211-0-1-0.05-50-0 0 2480 4 26 7 4 0.0723 0.8171 351 141
211-0-1-0.05-50-0 0 2480 48 35 19 2 0.1153 0.0354 334 158
211-0-1-0.05-50-0 0 2481 32 7 7 6 0.6514 0.9267 215 106
211-0-1-0.05-50-0 0 2481 24 27 8 4 0.1940 0.0776 254 149
211-0-1-0.05-50-0 0 2481 48 24 20 8 0.1153 0.1940 334 254
211-0-1-0.05-50-0 0 2482 29 18 10 15 0.6728 0.2181 177 226
211-0-1-0.05-50-0 0 2482 25 48 10 22 0.9430 0.1153 125 334
211-0-1-0.05-50-0 0 2482 18 25 14 10 0.2181 0.9430 226 125
211-0-1-0.05-50-0 0 2483 48 20 21 3 0.1153 0.9922 334 102
211-0-1-0.05-50-0 0 2483 44 48 5 21 0.7034 0.1153 118 334
211-0-1-0.05-50-0 0 2483 24 4 9 8 0.1940 0.0723 254 351
211-0-1-0.05-50-0 0 2484 37 44 3 5 0.8481 0.7034 127 118
211-0-1-0.05-50-0 0 2484 48 25 20 9 0.1153 0.9430 334 125
211-0-1-0.05-50-0 0 2484 27 29 4 10 0.0776 0.6728 149 177
211-0-1-0.05-50-0 0 2485 48 24 20 11 0.1153 0.1940 334 254
211-0-1-0.05-50-0 0 2485 7 4 4 8 0.9267 0.0723 106 351
211-0-1-0.05-50-0 0 2485 25 32 7 7 0.9430 0.6514 125 215
211-0-1-0.05-50-0 0 2486 18 16 12 6 0.2181 0.2228 226 149
211-0-1-0.05-50-0 0 2486 18 5 12 15 0.2181 0.0007 226 226
211-0-1-0.05-50-0 0 2487 32 37 6 2 0.6514 0.8481 215 127
211-0-1-0.05-50-0 0 2487 48 31 20 1 0.1153 0.5626 334 252
211-0-1-0.05-50-0 0 2487 18 21 14 2 0.2181 0.4184 226 158
211-0-1-0.05-50-0 0 2488 45 26 3 2 0.3816 0.8171 173 141
211-0-1-0.05-50-0 0 2488 7 4 3 8 0.9267 0.0723 106 351
211-0-1-0.05-50-0 0 2488 48 44 20 4 0.1153 0.7034 334 118
211-0-1-0.05-50-0 0 2489 19 35 16 1 0.8072 0.0354 134 158
211-0-1-0.05-50-0 0 2489 19 48 16 19 0.8072 0.1153 134 334
211-0-1-0.05-50-0 0 2489 24 13 9 1 0.1940 0.8878 254 151
211-0-1-0.05-50-0 0 2490 27 27 6 6 0.0776 0.0776 149 149
211-0-1-0.05-50-0 0 2490 25 25 9 9 0.9430 0.9430 125 125
211-0-1-0.05-50-0 0 2490 29 5 13 17 0.6728 0.0007 177 226
211-0-1-0.05-50-0 0 2491 5 29 16 13 0.0007 0.6728 226 177
211-0-1-0.05-50-0 0 2491 20 48 2 20 0.9922 0.1153 102 334
211-0-1-0.05-50-0 0 2491 19 25 16 8 0.8072 0.9430 134 125
211-0-1-0.05-50-0 0 2492 45 27 3 5 0.3816 0.0776 173 149
211-0-1-0.05-50-0 0 2492 24 4 8 9 0.1940 0.0723 254 351
211-0-1-0.05-50-0 0 2492 2 15 1 2 0.8198 0.7918 167 149
211-0-1-0.05-50-0 0 2493 19 18 17 9 0.8072 0.2181 134 226
211-0-1-0.05-50-0 0 2493 48 22 21 3 0.1153 0.0160 334 311
211-0-1-0.05-50-0 0 2494 24 5 8 17 0.1940 0.0007 254 226
211-0-1-0.05-50-0 0 2494 24 26 8 1 0.1940 0.8171 254 141
211-0-1-0.05-50-0 0 2494 2 24 1 8 0.8198 0.1940 167 254
211-0-1-0.05-50-0 0 2495 5 16 15 6 0.0007 0.2228 226 149
211-0-1-0.05-50-0 0 2495 7 4 3 8 0.9267 0.0723 106 351
211-0-1-0.05-50-0 0 2496 16 48 5 22 0.2228 0.1153 149 334
211-0-1-0.05-50-0 0 2496 18 48 7 21 0.2181 0.1153 226 334
211-0-1-0.05-50-0 0 2497 5 4 15 7 0.0007 0.0723 226 351
211-0-1-0.05-50-0 0 2497 21 25 1 6 0.4184 0.9430 158 125
211-0-1-0.05-50-0 0 2498 5 47 17 2 0.0007 0.9293 226 103
211-0-1-0.05-50-0 0 2498 19 29 15 12 0.8072 0.6728 134 177
211-0-1-0.05-50-0 0 2499 45 7 6 2 0.3816 0.9267 173 106
211-0-1-0.05-50-0 0 2499 4 48 7 22 0.0723 0.1153 351 334
211-0-1-0.05-50-0 0 2500 25 24 5 6 0.9430 0.1940 125 254
211-0-1-0.05-50-0 0 2500 5 32 17 10 0.0007 0.6514 226 215
