213-0-1-0.05-50-0 0 2302 35 27 4 19 0.0354 0.0776 158 149
213-0-1-0.05-50-0 0 2302 43 21 5 3 0.8316 0.4184 123 158
213-0-1-0.05-50-0 0 2303 31 5 8 19 0.5626 0.0007 252 226
213-0-1-0.05-50-0 0 2303 31 30 8 8 0.5626 0.6008 252 266
213-0-1-0.05-50-0 0 2304 11 35 7 3 0.0504 0.0354 384 158
213-0-1-0.05-50-0 0 2304 48 41 17 6 0.1153 0.9621 334 105
213-0-1-0.05-50-0 0 2305 11 5 7 21 0.0504 0.0007 384 226
213-0-1-0.05-50-0 0 2305 33 31 4 7 0.6893 0.5626 191 252
213-0-1-0.05-50-0 0 2306 48 5 16 21 0.1153 0.0007 334 226
213-0-1-0.05-50-0 0 2306 27 11 18 6 0.0776 0.0504 149 384
213-0-1-0.05-50-0 0 2307 25 6 1 2 0.9430 0.4266 125 249
213-0-1-0.05-50-0 0 2307 41 5 4 19 0.9621 0.0007 105 226
213-0-1-0.05-50-0 0 2308 39 27 4 22 0.2187 0.0776 309 149
213-0-1-0.05-50-0 0 2308 26 33 5 5 0.8171 0.6893 141 191
213-0-1-0.05-50-0 0 2309 41 12 5 3 0.9621 0.1896 105 325
213-0-1-0.05-50-0 0 2309 27 33 21 4 0.0776 0.6893 149 191
213-0-1-0.05-50-0 0 2309 31 21 8 5 0.5626 0.4184 252 158
213-0-1-0.05-50-0 0 2310 24 43 5 6 0.1940 0.8316 254 123
213-0-1-0.05-50-0 0 2310 48 27 14 21 0.1153 0.0776 334 149
213-0-1-0.05-50-0 0 2311 4 31 4 8 0.0723 0.5626 351 252
213-0-1-0.05-50-0 0 2311 30 5 6 19 0.6008 0.0007 266 226
213-0-1-0.05-50-0 0 2312 48 27 14 23 0.1153 0.0776 334 149
213-0-1-0.05-50-0 0 2312 43 31 4 8 0.8316 0.5626 123 252
213-0-1-0.05-50-0 0 2313 11 48 7 14 0.0504 0.1153 384 334
213-0-1-0.05-50-0 0 2313 27 5 21 19 0.0776 0.0007 149 226
213-0-1-0.05-50-0 0 2314 24 27 5 21 0.1940 0.0776 254 149
213-0-1-0.05-50-0 0 2314 20 11 4 7 0.9922 0.0504 102 384
213-0-1-0.05-50-0 0 2314 40 29 3 3 0.9739 0.6728 104 177
213-0-1-0.05-50-0 0 2315 5 40 20 3 0.0007 0.9739 226 104
213-0-1-0.05-50-0 0 2315 27 25 22 2 0.0776 0.9430 149 125
213-0-1-0.05-50-0 0 2315 26 27 5 22 0.8171 0.0776 141 149
213-0-1-0.05-50-0 0 2316 48 38 14 1 0.1153 0.6163 334 270
213-0-1-0.05-50-0 0 2316 48 26 14 5 0.1153 0.8171 334 141
213-0-1-0.05-50-0 0 2316 24 45 5 1 0.1940 0.3816 254 173
213-0-1-0.05-50-0 0 2317 44 31 1 7 0.7034 0.5626 118 252
213-0-1-0.05-50-0 0 2317 27 27 19 19 0.0776 0.0776 149 149
213-0-1-0.05-50-0 0 2317 35 11 3 7 0.0354 0.0504 158 384
213-0-1-0.05-50-0 0 2318 48 48 14 14 0.1153 0.1153 334 334
213-0-1-0.05-50-0 0 2318 39 5 6 22 0.2187 0.0007 309 226
213-0-1-0.05-50-0 0 2319 4 5 3 21 0.0723 0.0007 351 226
213-0-1-0.05-50-0 0 2319 39 40 6 3 0.2187 0.9739 309 104
213-0-1-0.05-50-0 0 2320 43 24 2 4 0.8316 0.1940 123 254
213-0-1-0.05-50-0 0 2320 5 5 17 17 0.0007 0.0007 226 226
213-0-1-0.05-50-0 0 2321 41 19 8 2 0.9621 0.8072 105 134
213-0-1-0.05-50-0 0 2321 33 11 5 7 0.6893 0.0504 191 384
213-0-1-0.05-50-0 0 2322 27 45 20 1 0.0776 0.3816 149 173
213-0-1-0.05-50-0 0 2322 44 20 1 3 0.7034 0.9922 118 102
213-0-1-0.05-50-0 0 2323 12 27 3 21 0.1896 0.0776 325 149
213-0-1-0.05-50-0 0 2323 41 24 10 4 0.9621 0.1940 105 254
213-0-1-0.05-50-0 0 2324 26 49 3 4 0.8171 0.1842 141 136
213-0-1-0.05-50-0 0 2324 25 48 1 12 0.9430 0.1153 125 334
213-0-1-0.05-50-0 0 2325 27 30 26 5 0.0776 0.6008 149 266
213-0-1-0.05-50-0 0 2325 12 48 4 12 0.1896 0.1153 325 334
213-0-1-0.05-50-0 0 2326 1 27 5 25 0.2520 0.0776 409 149
213-0-1-0.05-50-0 0 2326 39 35 7 3 0.2187 0.0354 309 158
213-0-1-0.05-50-0 0 2327 26 43 2 1 0.8171 0.8316 141 123
213-0-1-0.05-50-0 0 2327 39 27 8 27 0.2187 0.0776 309 149
213-0-1-0.05-50-0 0 2328 12 29 6 3 0.1896 0.6728 325 177
213-0-1-0.05-50-0 0 2328 5 29 12 2 0.0007 0.6728 226 177
213-0-1-0.05-50-0 0 2329 17 23 1 4 0.6398 0.1698 197 476
213-0-1-0.05-50-0 0 2329 27 4 28 3 0.0776 0.0723 149 351
213-0-1-0.05-50-0 0 2330 27 50 26 1 0.0776 0.2147 149 147
213-0-1-0.05-50-0 0 2330 48 49 10 2 0.1153 0.1842 334 136
213-0-1-0.05-50-0 0 2331 27 39 25 8 0.0776 0.2187 149 309
213-0-1-0.05-50-0 0 2331 17 41 1 12 0.6398 0.9621 197 105
213-0-1-0.05-50-0 0 2332 12 27 9 29 0.1896 0.0776 325 149
213-0-1-0.05-50-0 0 2332 48 26 9 1 0.1153 0.8171 334 141
213-0-1-0.05-50-0 0 2333 3 5 1 12 0.4813 0.0007 321 226
213-0-1-0.05-50-0 0 2333 12 41 8 11 0.1896 0.9621 325 105
213-0-1-0.05-50-0 0 2334 27 41 26 11 0.0776 0.9621 149 105
213-0-1-0.05-50-0 0 2334 12 37 9 4 0.1896 0.8481 325 127
213-0-1-0.05-50-0 0 2335 27 12 26 10 0.0776 0.1896 149 325
213-0-1-0.05-50-0 0 2335 31 27 4 26 0.5626 0.0776 252 149
213-0-1-0.05-50-0 0 2336 5 39 11 4 0.0007 0.2187 226 309
213-0-1-0.05-50-0 0 2336 11 5 5 11 0.0504 0.0007 384 226
213-0-1-0.05-50-0 0 2337 9 8 2 2 0.6134 0.2506 161 303
213-0-1-0.05-50-0 0 2337 33 41 4 12 0.6893 0.9621 191 105
213-0-1-0.05-50-0 0 2338 31 27 5 26 0.5626 0.0776 252 149
213-0-1-0.05-50-0 0 2338 41 21 11 3 0.9621 0.4184 105 158
213-0-1-0.05-50-0 0 2339 41 7 12 1 0.9621 0.9267 105 106
213-0-1-0.05-50-0 0 2339 37 5 3 12 0.8481 0.0007 127 226
213-0-1-0.05-50-0 0 2340 41 27 12 25 0.9621 0.0776 105 149
213-0-1-0.05-50-0 0 2340 27 5 24 11 0.0776 0.0007 149 226
213-0-1-0.05-50-0 0 2341 27 27 25 25 0.0776 0.0776 149 149
213-0-1-0.05-50-0 0 2341 5 48 11 7 0.0007 0.1153 226 334
213-0-1-0.05-50-0 0 2342 40 30 3 4 0.9739 0.6008 104 266
213-0-1-0.05-50-0 0 2342 23 27 4 23 0.1698 0.0776 476 149
213-0-1-0.05-50-0 0 2343 27 48 23 6 0.0776 0.1153 149 334
213-0-1-0.05-50-0 0 2343 21 24 2 4 0.4184 0.1940 158 254
213-0-1-0.05-50-0 0 2344 25 27 3 24 0.9430 0.0776 125 149
213-0-1-0.05-50-0 0 2344 27 48 23 6 0.0776 0.1153 149 334
213-0-1-0.05-50-0 0 2344 33 39 6 4 0.6893 0.2187 191 309
213-0-1-0.05-50-0 0 2345 21 31 2 5 0.4184 0.5626 158 252
213-0-1-0.05-50-0 0 2345 22 4 5 4 0.0160 0.0723 311 351
213-0-1-0.05-50-0 0 2345 14 12 2 12 0.8451 0.1896 105 325
213-0-1-0.05-50-0 0 2346 27 49 22 4 0.0776 0.1842 149 136
213-0-1-0.05-50-0 0 2346 4 12 3 10 0.0723 0.1896 351 325
213-0-1-0.05-50-0 0 2347 29 44 1 3 0.6728 0.7034 177 118
213-0-1-0.05-50-0 0 2347 21 48 2 5 0.4184 0.1153 158 334
213-0-1-0.05-50-0 0 2347 12 5 12 13 0.1896 0.0007 325 226
213-0-1-0.05-50-0 0 2348 11 5 5 14 0.0504 0.0007 384 226
213-0-1-0.05-50-0 0 2348 27 5 22 13 0.0776 0.0007 149 226
213-0-1-0.05-50-0 0 2348 27 24 22 4 0.0776 0.1940 149 254
213-0-1-0.05-50-0 0 2349 30 5 5 14 0.6008 0.0007 266 226
213-0-1-0.05-50-0 0 2349 27 27 23 23 0.0776 0.0776 149 149
213-0-1-0.05-50-0 0 2349 12 41 15 16 0.1896 0.9621 325 105
213-0-1-0.05-50-0 0 2350 27 41 22 15 0.0776 0.9621 149 105
213-0-1-0.05-50-0 0 2350 37 27 4 22 0.8481 0.0776 127 149
213-0-1-0.05-50-0 0 2350 6 12 5 16 0.4266 0.1896 249 325
213-0-1-0.05-50-0 0 2351 12 27 17 22 0.1896 0.0776 325 149
213-0-1-0.05-50-0 0 2351 12 21 17 3 0.1896 0.4184 325 158
213-0-1-0.05-50-0 0 2351 35 25 3 3 0.0354 0.9430 158 125
213-0-1-0.05-50-0 0 2352 12 30 17 6 0.1896 0.6008 325 266
213-0-1-0.05-50-0 0 2352 31 17 5 7 0.5626 0.6398 252 197
213-0-1-0.05-50-0 0 2352 30 11 5 4 0.6008 0.0504 266 384
213-0-1-0.05-50-0 0 2353 41 12 14 17 0.9621 0.1896 105 325
213-0-1-0.05-50-0 0 2353 33 5 8 15 0.6893 0.0007 191 226
213-0-1-0.05-50-0 0 2353 41 12 14 16 0.9621 0.1896 105 325
213-0-1-0.05-50-0 0 2354 12 27 16 21 0.1896 0.0776 325 149
213-0-1-0.05-50-0 0 2354 27 5 20 14 0.0776 0.0007 149 226
213-0-1-0.05-50-0 0 2354 27 27 20 20 0.0776 0.0776 149 149
213-0-1-0.05-50-0 0 2355 27 1 19 4 0.0776 0.2520 149 409
213-0-1-0.05-50-0 0 2355 38 12 1 16 0.6163 0.1896 270 325
213-0-1-0.05-50-0 0 2355 12 27 15 19 0.1896 0.0776 325 149
213-0-1-0.05-50-0 0 2356 48 39 6 1 0.1153 0.2187 334 309
213-0-1-0.05-50-0 0 2356 33 25 7 3 0.6893 0.9430 191 125
213-0-1-0.05-50-0 0 2357 5 12 10 14 0.0007 0.1896 226 325
213-0-1-0.05-50-0 0 2357 25 12 2 13 0.9430 0.1896 125 325
213-0-1-0.05-50-0 0 2358 9 17 10 6 0.6134 0.6398 161 197
213-0-1-0.05-50-0 0 2358 6 21 4 3 0.4266 0.4184 249 158
213-0-1-0.05-50-0 0 2359 38 9 1 10 0.6163 0.6134 270 161
213-0-1-0.05-50-0 0 2359 11 27 2 16 0.0504 0.0776 384 149
213-0-1-0.05-50-0 0 2360 27 33 14 6 0.0776 0.6893 149 191
213-0-1-0.05-50-0 0 2360 41 9 8 9 0.9621 0.6134 105 161
213-0-1-0.05-50-0 0 2361 20 37 3 5 0.9922 0.8481 102 127
213-0-1-0.05-50-0 0 2361 37 31 4 4 0.8481 0.5626 127 252
213-0-1-0.05-50-0 0 2362 27 1 16 4 0.0776 0.2520 149 409
213-0-1-0.05-50-0 0 2362 5 12 13 14 0.0007 0.1896 226 325
213-0-1-0.05-50-0 0 2363 12 4 13 3 0.1896 0.0723 325 351
213-0-1-0.05-50-0 0 2363 13 50 3 1 0.8878 0.2147 151 147
213-0-1-0.05-50-0 0 2364 48 41 9 11 0.1153 0.9621 334 105
213-0-1-0.05-50-0 0 2364 33 22 3 2 0.6893 0.0160 191 311
213-0-1-0.05-50-0 0 2365 8 1 2 3 0.2506 0.2520 303 409
213-0-1-0.05-50-0 0 2365 5 4 14 3 0.0007 0.0723 226 351
213-0-1-0.05-50-0 0 2366 31 9 2 7 0.5626 0.6134 252 161
213-0-1-0.05-50-0 0 2366 41 12 9 16 0.9621 0.1896 105 325
213-0-1-0.05-50-0 0 2367 35 17 3 6 0.0354 0.6398 158 197
213-0-1-0.05-50-0 0 2367 44 41 3 9 0.7034 0.9621 118 105
213-0-1-0.05-50-0 0 2368 17 5 7 12 0.6398 0.0007 197 226
213-0-1-0.05-50-0 0 2368 12 5 16 11 0.1896 0.0007 325 226
213-0-1-0.05-50-0 0 2369 9 31 7 2 0.6134 0.5626 161 252
213-0-1-0.05-50-0 0 2369 27 9 17 7 0.0776 0.6134 149 161
213-0-1-0.05-50-0 0 2370 17 5 8 11 0.6398 0.0007 197 226
213-0-1-0.05-50-0 0 2370 2 28 1 1 0.8198 0.3846 167 311
213-0-1-0.05-50-0 0 2371 12 27 17 18 0.1896 0.0776 325 149
213-0-1-0.05-50-0 0 2371 37 30 3 6 0.8481 0.6008 127 266
213-0-1-0.05-50-0 0 2372 21 35 2 3 0.4184 0.0354 158 158
213-0-1-0.05-50-0 0 2372 37 21 3 2 0.8481 0.4184 127 158
213-0-1-0.05-50-0 0 2373 38 12 3 18 0.6163 0.1896 270 325
213-0-1-0.05-50-0 0 2373 27 11 19 4 0.0776 0.0504 149 384
213-0-1-0.05-50-0 0 2374 5 17 9 10 0.0007 0.6398 226 197
213-0-1-0.05-50-0 0 2374 44 41 5 11 0.7034 0.9621 118 105
213-0-1-0.05-50-0 0 2374 33 17 3 9 0.6893 0.6398 191 197
213-0-1-0.05-50-0 0 2375 27 41 22 10 0.0776 0.9621 149 105
213-0-1-0.05-50-0 0 2375 13 6 4 6 0.8878 0.4266 151 249
213-0-1-0.05-50-0 0 2375 5 5 9 9 0.0007 0.0007 226 226
213-0-1-0.05-50-0 0 2376 11 6 3 5 0.0504 0.4266 384 249
213-0-1-0.05-50-0 0 2376 13 13 5 5 0.8878 0.8878 151 151
213-0-1-0.05-50-0 0 2377 44 27 5 25 0.7034 0.0776 118 149
213-0-1-0.05-50-0 0 2377 30 12 4 18 0.6008 0.1896 266 325
213-0-1-0.05-50-0 0 2377 5 30 9 4 0.0007 0.6008 226 266
213-0-1-0.05-50-0 0 2378 17 27 10 26 0.6398 0.0776 197 149
213-0-1-0.05-50-0 0 2378 32 27 2 25 0.6514 0.0776 215 149
213-0-1-0.05-50-0 0 2378 14 37 2 3 0.8451 0.8481 105 127
213-0-1-0.05-50-0 0 2379 9 41 8 10 0.6134 0.9621 161 105
213-0-1-0.05-50-0 0 2379 27 5 24 8 0.0776 0.0007 149 226
213-0-1-0.05-50-0 0 2379 12 12 19 19 0.1896 0.1896 325 325
213-0-1-0.05-50-0 0 2380 5 41 8 8 0.0007 0.9621 226 105
213-0-1-0.05-50-0 0 2380 44 27 5 23 0.7034 0.0776 118 149
213-0-1-0.05-50-0 0 2380 12 48 19 6 0.1896 0.1153 325 334
213-0-1-0.05-50-0 0 2381 7 27 1 23 0.9267 0.0776 106 149
213-0-1-0.05-50-0 0 2381 9 12 8 18 0.6134 0.1896 161 325
213-0-1-0.05-50-0 0 2381 25 27 2 22 0.9430 0.0776 125 149
213-0-1-0.05-50-0 0 2382 37 40 3 2 0.8481 0.9739 127 104
213-0-1-0.05-50-0 0 2382 27 11 21 3 0.0776 0.0504 149 384
213-0-1-0.05-50-0 0 2382 11 2 2 1 0.0504 0.8198 384 167
213-0-1-0.05-50-0 0 2383 7 12 2 15 0.9267 0.1896 106 325
213-0-1-0.05-50-0 0 2383 9 6 8 3 0.6134 0.4266 161 249
213-0-1-0.05-50-0 0 2383 20 27 5 21 0.9922 0.0776 102 149
213-0-1-0.05-50-0 0 2384 27 17 22 10 0.0776 0.6398 149 197
213-0-1-0.05-50-0 0 2384 17 27 9 22 0.6398 0.0776 197 149
213-0-1-0.05-50-0 0 2384 14 5 3 8 0.8451 0.0007 105 226
213-0-1-0.05-50-0 0 2385 12 33 13 5 0.1896 0.6893 325 191
213-0-1-0.05-50-0 0 2385 27 5 21 7 0.0776 0.0007 149 226
213-0-1-0.05-50-0 0 2386 33 23 4 7 0.6893 0.1698 191 476
213-0-1-0.05-50-0 0 2386 26 44 2 6 0.8171 0.7034 141 118
213-0-1-0.05-50-0 0 2386 17 5 10 5 0.6398 0.0007 197 226
213-0-1-0.05-50-0 0 2387 27 9 20 9 0.0776 0.6134 149 161
213-0-1-0.05-50-0 0 2387 38 31 5 2 0.6163 0.5626 270 252
213-0-1-0.05-50-0 0 2387 35 17 4 11 0.0354 0.6398 158 197
213-0-1-0.05-50-0 0 2388 4 33 3 4 0.0723 0.6893 351 191
213-0-1-0.05-50-0 0 2388 38 46 5 3 0.6163 0.3451 270 327
213-0-1-0.05-50-0 0 2388 12 31 13 1 0.1896 0.5626 325 252
213-0-1-0.05-50-0 0 2389 35 12 4 15 0.0354 0.1896 158 325
213-0-1-0.05-50-0 0 2389 12 27 14 20 0.1896 0.0776 325 149
213-0-1-0.05-50-0 0 2389 41 17 10 9 0.9621 0.6398 105 197
213-0-1-0.05-50-0 0 2390 23 41 6 9 0.1698 0.9621 476 105
213-0-1-0.05-50-0 0 2390 17 38 8 4 0.6398 0.6163 197 270
213-0-1-0.05-50-0 0 2391 12 48 16 9 0.1896 0.1153 325 334
213-0-1-0.05-50-0 0 2391 11 30 3 8 0.0504 0.6008 384 266
213-0-1-0.05-50-0 0 2391 41 48 8 8 0.9621 0.1153 105 334
213-0-1-0.05-50-0 0 2392 12 23 15 5 0.1896 0.1698 325 476
213-0-1-0.05-50-0 0 2392 23 48 4 7 0.1698 0.1153 476 334
213-0-1-0.05-50-0 0 2393 12 23 14 4 0.1896 0.1698 325 476
213-0-1-0.05-50-0 0 2393 5 17 5 11 0.0007 0.6398 226 197
213-0-1-0.05-50-0 0 2394 44 13 8 5 0.7034 0.8878 118 151
213-0-1-0.05-50-0 0 2394 4 44 3 8 0.0723 0.7034 351 118
213-0-1-0.05-50-0 0 2394 8 46 2 4 0.2506 0.3451 303 327
213-0-1-0.05-50-0 0 2395 12 30 15 7 0.1896 0.6008 325 266
213-0-1-0.05-50-0 0 2395 17 17 11 11 0.6398 0.6398 197 197
213-0-1-0.05-50-0 0 2396 12 27 15 21 0.1896 0.0776 325 149
213-0-1-0.05-50-0 0 2396 14 5 3 5 0.8451 0.0007 105 226
213-0-1-0.05-50-0 0 2397 20 30 4 6 0.9922 0.6008 102 266
213-0-1-0.05-50-0 0 2397 9 6 7 4 0.6134 0.4266 161 249
213-0-1-0.05-50-0 0 2398 38 44 3 8 0.6163 0.7034 270 118
213-0-1-0.05-50-0 0 2398 17 48 12 6 0.6398 0.1153 197 334
213-0-1-0.05-50-0 0 2399 29 27 3 19 0.6728 0.0776 177 149
213-0-1-0.05-50-0 0 2399 27 44 18 7 0.0776 0.7034 149 118
213-0-1-0.05-50-0 0 2400 41 27 11 19 0.9621 0.0776 105 149
213-0-1-0.05-50-0 0 2400 32 30 3 5 0.6514 0.6008 215 266
213-0-1-0.05-50-0 0 2401 44 27 7 17 0.7034 0.0776 118 149
213-0-1-0.05-50-0 0 2401 33 25 3 1 0.6893 0.9430 191 125
213-0-1-0.05-50-0 0 2402 44 12 8 15 0.7034 0.1896 118 325
213-0-1-0.05-50-0 0 2402 24 9 4 7 0.1940 0.6134 254 161
213-0-1-0.05-50-0 0 2402 27 24 18 4 0.0776 0.1940 149 254
213-0-1-0.05-50-0 0 2403 30 9 4 6 0.6008 0.6134 266 161
213-0-1-0.05-50-0 0 2403 44 41 9 11 0.7034 0.9621 118 105
213-0-1-0.05-50-0 0 2403 17 27 16 20 0.6398 0.0776 197 149
213-0-1-0.05-50-0 0 2404 17 20 16 3 0.6398 0.9922 197 102
213-0-1-0.05-50-0 0 2404 17 27 16 19 0.6398 0.0776 197 149
213-0-1-0.05-50-0 0 2404 14 41 5 10 0.8451 0.9621 105 105
213-0-1-0.05-50-0 0 2405 32 35 3 6 0.6514 0.0354 215 158
213-0-1-0.05-50-0 0 2405 27 12 20 15 0.0776 0.1896 149 325
213-0-1-0.05-50-0 0 2405 27 41 20 10 0.0776 0.9621 149 105
213-0-1-0.05-50-0 0 2406 4 37 4 3 0.0723 0.8481 351 127
213-0-1-0.05-50-0 0 2406 32 12 3 16 0.6514 0.1896 215 325
213-0-1-0.05-50-0 0 2406 17 41 16 9 0.6398 0.9621 197 105
213-0-1-0.05-50-0 0 2407 38 30 3 5 0.6163 0.6008 270 266
213-0-1-0.05-50-0 0 2407 17 44 17 8 0.6398 0.7034 197 118
213-0-1-0.05-50-0 0 2408 38 23 3 2 0.6163 0.1698 270 476
213-0-1-0.05-50-0 0 2408 35 32 5 4 0.0354 0.6514 158 215
213-0-1-0.05-50-0 0 2409 41 13 9 8 0.9621 0.8878 105 151
213-0-1-0.05-50-0 0 2409 9 12 5 15 0.6134 0.1896 161 325
213-0-1-0.05-50-0 0 2409 21 41 2 9 0.4184 0.9621 158 105
213-0-1-0.05-50-0 0 2410 13 21 7 2 0.8878 0.4184 151 158
213-0-1-0.05-50-0 0 2410 35 4 5 3 0.0354 0.0723 158 351
213-0-1-0.05-50-0 0 2411 33 12 4 12 0.6893 0.1896 191 325
213-0-1-0.05-50-0 0 2411 44 46 6 3 0.7034 0.3451 118 327
213-0-1-0.05-50-0 0 2411 4 13 2 9 0.0723 0.8878 351 151
213-0-1-0.05-50-0 0 2412 12 29 11 2 0.1896 0.6728 325 177
213-0-1-0.05-50-0 0 2412 27 27 27 27 0.0776 0.0776 149 149
213-0-1-0.05-50-0 0 2412 12 48 11 8 0.1896 0.1153 325 334
213-0-1-0.05-50-0 0 2413 7 9 2 8 0.9267 0.6134 106 161
213-0-1-0.05-50-0 0 2413 44 17 6 15 0.7034 0.6398 118 197
213-0-1-0.05-50-0 0 2413 40 11 2 2 0.9739 0.0504 104 384
213-0-1-0.05-50-0 0 2414 30 17 3 15 0.6008 0.6398 266 197
213-0-1-0.05-50-0 0 2414 24 13 6 7 0.1940 0.8878 254 151
213-0-1-0.05-50-0 0 2414 32 14 5 3 0.6514 0.8451 215 105
213-0-1-0.05-50-0 0 2415 27 3 28 1 0.0776 0.4813 149 321
213-0-1-0.05-50-0 0 2415 17 27 13 28 0.6398 0.0776 197 149
213-0-1-0.05-50-0 0 2415 20 17 3 13 0.9922 0.6398 102 197
213-0-1-0.05-50-0 0 2416 17 20 12 4 0.6398 0.9922 197 102
213-0-1-0.05-50-0 0 2416 6 48 2 6 0.4266 0.1153 249 334
213-0-1-0.05-50-0 0 2416 35 46 6 2 0.0354 0.3451 158 327
213-0-1-0.05-50-0 0 2417 27 46 28 1 0.0776 0.3451 149 327
213-0-1-0.05-50-0 0 2417 26 41 5 13 0.8171 0.9621 141 105
213-0-1-0.05-50-0 0 2417 9 31 8 1 0.6134 0.5626 161 252
213-0-1-0.05-50-0 0 2418 30 32 3 5 0.6008 0.6514 266 215
213-0-1-0.05-50-0 0 2418 33 17 5 11 0.6893 0.6398 191 197
213-0-1-0.05-50-0 0 2418 13 40 6 4 0.8878 0.9739 151 104
213-0-1-0.05-50-0 0 2419 44 32 7 3 0.7034 0.6514 118 215
213-0-1-0.05-50-0 0 2419 18 27 1 25 0.2181 0.0776 226 149
213-0-1-0.05-50-0 0 2420 27 44 24 7 0.0776 0.7034 149 118
213-0-1-0.05-50-0 0 2420 12 27 11 24 0.1896 0.0776 325 149
213-0-1-0.05-50-0 0 2421 7 27 2 23 0.9267 0.0776 106 149
213-0-1-0.05-50-0 0 2421 27 27 22 22 0.0776 0.0776 149 149
213-0-1-0.05-50-0 0 2422 9 35 7 7 0.6134 0.0354 161 158
213-0-1-0.05-50-0 0 2422 4 41 2 10 0.0723 0.9621 351 105
213-0-1-0.05-50-0 0 2423 33 12 7 14 0.6893 0.1896 191 325
213-0-1-0.05-50-0 0 2423 48 20 3 5 0.1153 0.9922 334 102
213-0-1-0.05-50-0 0 2423 16 35 2 6 0.2228 0.0354 149 158
213-0-1-0.05-50-0 0 2424 27 38 23 4 0.0776 0.6163 149 270
213-0-1-0.05-50-0 0 2424 44 27 5 23 0.7034 0.0776 118 149
213-0-1-0.05-50-0 0 2424 17 28 10 5 0.6398 0.3846 197 311
213-0-1-0.05-50-0 0 2425 9 44 7 5 0.6134 0.7034 161 118
213-0-1-0.05-50-0 0 2425 1 17 2 10 0.2520 0.6398 409 197
213-0-1-0.05-50-0 0 2426 7 5 3 2 0.9267 0.0007 106 226
213-0-1-0.05-50-0 0 2426 11 20 2 5 0.0504 0.9922 384 102
213-0-1-0.05-50-0 0 2427 20 38 4 3 0.9922 0.6163 102 270
213-0-1-0.05-50-0 0 2427 13 26 8 6 0.8878 0.8171 151 141
213-0-1-0.05-50-0 0 2428 44 41 3 9 0.7034 0.9621 118 105
213-0-1-0.05-50-0 0 2428 9 26 7 5 0.6134 0.8171 161 141
213-0-1-0.05-50-0 0 2428 41 31 8 1 0.9621 0.5626 105 252
213-0-1-0.05-50-0 0 2429 7 27 3 23 0.9267 0.0776 106 149
213-0-1-0.05-50-0 0 2429 17 27 11 22 0.6398 0.0776 197 149
213-0-1-0.05-50-0 0 2429 16 13 2 8 0.2228 0.8878 149 151
213-0-1-0.05-50-0 0 2430 12 41 16 8 0.1896 0.9621 325 105
213-0-1-0.05-50-0 0 2430 20 9 5 7 0.9922 0.6134 102 161
213-0-1-0.05-50-0 0 2430 28 41 6 7 0.3846 0.9621 311 105
213-0-1-0.05-50-0 0 2431 33 35 10 5 0.6893 0.0354 191 158
213-0-1-0.05-50-0 0 2431 48 20 4 5 0.1153 0.9922 334 102
213-0-1-0.05-50-0 0 2431 12 33 15 10 0.1896 0.6893 325 191
213-0-1-0.05-50-0 0 2432 24 13 7 7 0.1940 0.8878 254 151
213-0-1-0.05-50-0 0 2432 16 48 3 5 0.2228 0.1153 149 334
213-0-1-0.05-50-0 0 2432 18 24 2 7 0.2181 0.1940 226 254
213-0-1-0.05-50-0 0 2433 33 33 11 11 0.6893 0.6893 191 191
213-0-1-0.05-50-0 0 2433 20 28 4 6 0.9922 0.3846 102 311
213-0-1-0.05-50-0 0 2433 27 20 22 4 0.0776 0.9922 149 102
213-0-1-0.05-50-0 0 2434 27 41 22 5 0.0776 0.9621 149 105
213-0-1-0.05-50-0 0 2434 33 22 10 2 0.6893 0.0160 191 311
213-0-1-0.05-50-0 0 2434 16 11 3 3 0.2228 0.0504 149 384
213-0-1-0.05-50-0 0 2435 30 10 3 5 0.6008 0.2533 266 449
213-0-1-0.05-50-0 0 2435 41 24 4 6 0.9621 0.1940 105 254
213-0-1-0.05-50-0 0 2435 24 26 5 5 0.1940 0.8171 254 141
213-0-1-0.05-50-0 0 2436 28 9 3 9 0.3846 0.6134 311 161
213-0-1-0.05-50-0 0 2436 33 21 9 5 0.6893 0.4184 191 158
213-0-1-0.05-50-0 0 2436 21 1 4 9 0.4184 0.2520 158 409
213-0-1-0.05-50-0 0 2437 17 20 12 3 0.6398 0.9922 197 102
213-0-1-0.05-50-0 0 2437 34 44 3 3 0.7448 0.7034 168 118
213-0-1-0.05-50-0 0 2437 33 27 9 22 0.6893 0.0776 191 149
213-0-1-0.05-50-0 0 2438 35 13 1 10 0.0354 0.8878 158 151
213-0-1-0.05-50-0 0 2438 6 1 2 9 0.4266 0.2520 249 409
213-0-1-0.05-50-0 0 2438 34 13 4 9 0.7448 0.8878 168 151
213-0-1-0.05-50-0 0 2439 32 38 1 4 0.6514 0.6163 215 270
213-0-1-0.05-50-0 0 2439 38 10 3 4 0.6163 0.2533 270 449
213-0-1-0.05-50-0 0 2439 27 33 20 9 0.0776 0.6893 149 191
213-0-1-0.05-50-0 0 2440 33 1 7 10 0.6893 0.2520 191 409
213-0-1-0.05-50-0 0 2440 27 27 21 21 0.0776 0.0776 149 149
213-0-1-0.05-50-0 0 2440 23 35 3 1 0.1698 0.0354 476 158
213-0-1-0.05-50-0 0 2441 17 12 14 17 0.6398 0.1896 197 325
213-0-1-0.05-50-0 0 2441 16 27 6 20 0.2228 0.0776 149 149
213-0-1-0.05-50-0 0 2441 7 1 1 11 0.9267 0.2520 106 409
213-0-1-0.05-50-0 0 2442 24 24 7 7 0.1940 0.1940 254 254
213-0-1-0.05-50-0 0 2442 13 20 7 1 0.8878 0.9922 151 102
213-0-1-0.05-50-0 0 2442 12 27 17 18 0.1896 0.0776 325 149
213-0-1-0.05-50-0 0 2443 17 23 17 3 0.6398 0.1698 197 476
213-0-1-0.05-50-0 0 2443 1 33 9 6 0.2520 0.6893 409 191
213-0-1-0.05-50-0 0 2443 41 5 5 1 0.9621 0.0007 105 226
213-0-1-0.05-50-0 0 2444 10 30 4 3 0.2533 0.6008 449 266
213-0-1-0.05-50-0 0 2444 40 16 2 5 0.9739 0.2228 104 149
213-0-1-0.05-50-0 0 2444 41 1 4 9 0.9621 0.2520 105 409
213-0-1-0.05-50-0 0 2445 10 26 4 4 0.2533 0.8171 449 141
213-0-1-0.05-50-0 0 2445 11 23 5 4 0.0504 0.1698 384 476
213-0-1-0.05-50-0 0 2445 13 17 7 21 0.8878 0.6398 151 197
213-0-1-0.05-50-0 0 2446 16 33 4 7 0.2228 0.6893 149 191
213-0-1-0.05-50-0 0 2446 12 27 15 17 0.1896 0.0776 325 149
213-0-1-0.05-50-0 0 2446 9 18 14 1 0.6134 0.2181 161 226
213-0-1-0.05-50-0 0 2447 1 34 8 3 0.2520 0.7448 409 168
213-0-1-0.05-50-0 0 2447 38 23 2 4 0.6163 0.1698 270 476
213-0-1-0.05-50-0 0 2447 17 21 18 4 0.6398 0.4184 197 158
213-0-1-0.05-50-0 0 2448 1 17 8 17 0.2520 0.6398 409 197
213-0-1-0.05-50-0 0 2448 13 10 5 3 0.8878 0.2533 151 449
213-0-1-0.05-50-0 0 2448 27 19 16 1 0.0776 0.8072 149 134
213-0-1-0.05-50-0 0 2449 17 27 16 17 0.6398 0.0776 197 149
213-0-1-0.05-50-0 0 2449 13 12 5 16 0.8878 0.1896 151 325
213-0-1-0.05-50-0 0 2450 11 9 4 11 0.0504 0.6134 384 161
213-0-1-0.05-50-0 0 2450 9 27 10 17 0.6134 0.0776 161 149
213-0-1-0.05-50-0 0 2451 27 33 18 4 0.0776 0.6893 149 191
213-0-1-0.05-50-0 0 2451 37 27 2 18 0.8481 0.0776 127 149
213-0-1-0.05-50-0 0 2452 17 28 20 2 0.6398 0.3846 197 311
213-0-1-0.05-50-0 0 2452 17 17 20 20 0.6398 0.6398 197 197
213-0-1-0.05-50-0 0 2453 27 17 17 19 0.0776 0.6398 149 197
213-0-1-0.05-50-0 0 2453 23 23 4 4 0.1698 0.1698 476 476
213-0-1-0.05-50-0 0 2454 17 9 18 11 0.6398 0.6134 197 161
213-0-1-0.05-50-0 0 2454 22 35 1 4 0.0160 0.0354 311 158
213-0-1-0.05-50-0 0 2455 26 26 4 4 0.8171 0.8171 141 141
213-0-1-0.05-50-0 0 2455 48 12 10 11 0.1153 0.1896 334 325
213-0-1-0.05-50-0 0 2456 9 12 9 11 0.6134 0.1896 161 325
213-0-1-0.05-50-0 0 2456 21 6 4 7 0.4184 0.4266 158 249
213-0-1-0.05-50-0 0 2457 29 1 1 4 0.6728 0.2520 177 409
213-0-1-0.05-50-0 0 2457 9 13 10 6 0.6134 0.8878 161 151
213-0-1-0.05-50-0 0 2458 27 9 19 11 0.0776 0.6134 149 161
213-0-1-0.05-50-0 0 2458 48 1 9 3 0.1153 0.2520 334 409
213-0-1-0.05-50-0 0 2459 6 6 6 6 0.4266 0.4266 249 249
213-0-1-0.05-50-0 0 2459 26 27 4 16 0.8171 0.0776 141 149
213-0-1-0.05-50-0 0 2460 6 28 4 1 0.4266 0.3846 249 311
213-0-1-0.05-50-0 0 2460 24 26 9 4 0.1940 0.8171 254 141
213-0-1-0.05-50-0 0 2461 30 30 7 7 0.6008 0.6008 266 266
213-0-1-0.05-50-0 0 2461 30 17 6 15 0.6008 0.6398 266 197
213-0-1-0.05-50-0 0 2462 27 30 15 6 0.0776 0.6008 149 266
213-0-1-0.05-50-0 0 2462 48 30 8 5 0.1153 0.6008 334 266
213-0-1-0.05-50-0 0 2463 14 9 4 11 0.8451 0.6134 105 161
213-0-1-0.05-50-0 0 2463 29 30 3 4 0.6728 0.6008 177 266
213-0-1-0.05-50-0 0 2464 17 27 17 17 0.6398 0.0776 197 149
213-0-1-0.05-50-0 0 2464 16 17 7 17 0.2228 0.6398 149 197
213-0-1-0.05-50-0 0 2465 12 26 16 4 0.1896 0.8171 325 141
213-0-1-0.05-50-0 0 2465 16 49 7 5 0.2228 0.1842 149 136
213-0-1-0.05-50-0 0 2466 17 12 20 14 0.6398 0.1896 197 325
213-0-1-0.05-50-0 0 2466 9 27 13 17 0.6134 0.0776 161 149
213-0-1-0.05-50-0 0 2467 9 12 14 12 0.6134 0.1896 161 325
213-0-1-0.05-50-0 0 2467 10 9 2 14 0.2533 0.6134 449 161
213-0-1-0.05-50-0 0 2468 17 16 19 6 0.6398 0.2228 197 149
213-0-1-0.05-50-0 0 2468 17 24 19 8 0.6398 0.1940 197 254
213-0-1-0.05-50-0 0 2469 26 17 3 21 0.8171 0.6398 141 197
213-0-1-0.05-50-0 0 2469 27 17 15 20 0.0776 0.6398 149 197
213-0-1-0.05-50-0 0 2470 17 12 17 12 0.6398 0.1896 197 325
213-0-1-0.05-50-0 0 2470 19 12 2 11 0.8072 0.1896 134 325
213-0-1-0.05-50-0 0 2471 9 24 14 8 0.6134 0.1940 161 254
213-0-1-0.05-50-0 0 2471 13 26 7 3 0.8878 0.8171 151 141
213-0-1-0.05-50-0 0 2472 24 27 6 14 0.1940 0.0776 254 149
213-0-1-0.05-50-0 0 2472 49 37 3 4 0.1842 0.8481 136 127
213-0-1-0.05-50-0 0 2473 12 27 12 15 0.1896 0.0776 325 149
213-0-1-0.05-50-0 0 2473 9 27 17 14 0.6134 0.0776 161 149
213-0-1-0.05-50-0 0 2474 12 17 13 13 0.1896 0.6398 325 197
213-0-1-0.05-50-0 0 2474 17 12 12 13 0.6398 0.1896 197 325
213-0-1-0.05-50-0 0 2475 35 16 2 10 0.0354 0.2228 158 149
213-0-1-0.05-50-0 0 2475 9 17 15 12 0.6134 0.6398 161 197
213-0-1-0.05-50-0 0 2476 16 48 9 9 0.2228 0.1153 149 334
213-0-1-0.05-50-0 0 2476 46 12 1 13 0.3451 0.1896 327 325
213-0-1-0.05-50-0 0 2477 37 27 4 12 0.8481 0.0776 127 149
213-0-1-0.05-50-0 0 2477 12 29 13 6 0.1896 0.6728 325 177
213-0-1-0.05-50-0 0 2478 12 9 14 14 0.1896 0.6134 325 161
213-0-1-0.05-50-0 0 2478 9 49 13 3 0.6134 0.1842 161 136
213-0-1-0.05-50-0 0 2479 29 19 4 4 0.6728 0.8072 177 134
213-0-1-0.05-50-0 0 2479 21 48 3 8 0.4184 0.1153 158 334
213-0-1-0.05-50-0 0 2480 6 48 2 7 0.4266 0.1153 249 334
213-0-1-0.05-50-0 0 2480 27 9 12 14 0.0776 0.6134 149 161
213-0-1-0.05-50-0 0 2481 12 9 12 11 0.1896 0.6134 325 161
213-0-1-0.05-50-0 0 2481 48 41 6 2 0.1153 0.9621 334 105
213-0-1-0.05-50-0 0 2482 24 39 7 2 0.1940 0.2187 254 309
213-0-1-0.05-50-0 0 2482 44 30 2 4 0.7034 0.6008 118 266
213-0-1-0.05-50-0 0 2483 17 12 11 11 0.6398 0.1896 197 325
213-0-1-0.05-50-0 0 2483 27 22 11 2 0.0776 0.0160 149 311
213-0-1-0.05-50-0 0 2484 41 3 1 1 0.9621 0.4813 105 321
213-0-1-0.05-50-0 0 2484 44 24 2 7 0.7034 0.1940 118 254
213-0-1-0.05-50-0 0 2485 48 16 8 9 0.1153 0.2228 334 149
213-0-1-0.05-50-0 0 2485 11 35 9 2 0.0504 0.0354 384 158
213-0-1-0.05-50-0 0 2486 17 29 10 4 0.6398 0.6728 197 177
213-0-1-0.05-50-0 0 2486 11 24 10 6 0.0504 0.1940 384 254
213-0-1-0.05-50-0 0 2487 44 16 3 8 0.7034 0.2228 118 149
213-0-1-0.05-50-0 0 2487 12 48 7 9 0.1896 0.1153 325 334
213-0-1-0.05-50-0 0 2488 37 21 3 5 0.8481 0.4184 127 158
213-0-1-0.05-50-0 0 2488 21 34 4 3 0.4184 0.7448 158 168
213-0-1-0.05-50-0 0 2489 29 4 2 4 0.6728 0.0723 177 351
213-0-1-0.05-50-0 0 2489 21 15 4 1 0.4184 0.7918 158 149
213-0-1-0.05-50-0 0 2490 30 13 4 11 0.6008 0.8878 266 151
213-0-1-0.05-50-0 0 2490 38 9 3 7 0.6163 0.6134 270 161
213-0-1-0.05-50-0 0 2491 21 17 5 13 0.4184 0.6398 158 197
213-0-1-0.05-50-0 0 2491 11 12 10 7 0.0504 0.1896 384 325
213-0-1-0.05-50-0 0 2492 17 9 12 7 0.6398 0.6134 197 161
213-0-1-0.05-50-0 0 2492 11 13 13 10 0.0504 0.8878 384 151
213-0-1-0.05-50-0 0 2493 37 1 5 3 0.8481 0.2520 127 409
213-0-1-0.05-50-0 0 2493 38 11 3 15 0.6163 0.0504 270 384
213-0-1-0.05-50-0 0 2494 11 18 14 3 0.0504 0.2181 384 226
213-0-1-0.05-50-0 0 2494 11 11 14 14 0.0504 0.0504 384 384
213-0-1-0.05-50-0 0 2495 27 27 12 12 0.0776 0.0776 149 149
213-0-1-0.05-50-0 0 2495 14 26 2 1 0.8451 0.8171 105 141
213-0-1-0.05-50-0 0 2496 48 24 6 7 0.1153 0.1940 334 254
213-0-1-0.05-50-0 0 2496 21 21 5 5 0.4184 0.4184 158 158
213-0-1-0.05-50-0 0 2497 13 27 12 12 0.8878 0.0776 151 149
213-0-1-0.05-50-0 0 2497 9 48 7 6 0.6134 0.1153 161 334
213-0-1-0.05-50-0 0 2498 17 12 16 9 0.6398 0.1896 197 325
213-0-1-0.05-50-0 0 2498 41 12 1 8 0.9621 0.1896 105 325
213-0-1-0.05-50-0 0 2499 24 17 8 14 0.1940 0.6398 254 197
213-0-1-0.05-50-0 0 2499 13 13 12 12 0.8878 0.8878 151 151
213-0-1-0.05-50-0 0 2499 11 11 14 14 0.0504 0.0504 384 384
213-0-1-0.05-50-0 0 2500 37 9 6 9 0.8481 0.6134 127 161
213-0-1-0.05-50-0 0 2500 14 11 3 12 0.8451 0.0504 105 384
