219-0-1-0.05-50-0 0 2302 16 45 7 4 0.2228 0.3816 149 173
219-0-1-0.05-50-0 0 2303 8 4 4 9 0.2506 0.0723 303 351
219-0-1-0.05-50-0 0 2303 10 16 9 6 0.2533 0.2228 449 149
219-0-1-0.05-50-0 0 2304 4 19 8 5 0.0723 0.8072 351 134
219-0-1-0.05-50-0 0 2304 29 25 3 4 0.6728 0.9430 177 125
219-0-1-0.05-50-0 0 2305 24 48 11 3 0.1940 0.1153 254 334
219-0-1-0.05-50-0 0 2306 31 8 2 5 0.5626 0.2506 252 303
219-0-1-0.05-50-0 0 2306 12 29 4 3 0.1896 0.6728 325 177
219-0-1-0.05-50-0 0 2307 25 11 3 2 0.9430 0.0504 125 384
219-0-1-0.05-50-0 0 2307 29 31 2 2 0.6728 0.5626 177 252
219-0-1-0.05-50-0 0 2308 24 16 15 9 0.1940 0.2228 254 149
219-0-1-0.05-50-0 0 2308 24 8 15 5 0.1940 0.2506 254 303
219-0-1-0.05-50-0 0 2309 24 24 16 16 0.1940 0.1940 254 254
219-0-1-0.05-50-0 0 2309 24 10 15 9 0.1940 0.2533 254 449
219-0-1-0.05-50-0 0 2310 24 45 15 5 0.1940 0.3816 254 173
219-0-1-0.05-50-0 0 2310 4 30 9 5 0.0723 0.6008 351 266
219-0-1-0.05-50-0 0 2311 16 10 9 9 0.2228 0.2533 149 449
219-0-1-0.05-50-0 0 2311 24 24 16 16 0.1940 0.1940 254 254
219-0-1-0.05-50-0 0 2312 8 10 6 9 0.2506 0.2533 303 449
219-0-1-0.05-50-0 0 2312 28 4 1 8 0.3846 0.0723 311 351
219-0-1-0.05-50-0 0 2313 26 45 12 5 0.8171 0.3816 141 173
219-0-1-0.05-50-0 0 2313 30 24 4 17 0.6008 0.1940 266 254
219-0-1-0.05-50-0 0 2314 8 24 7 16 0.2506 0.1940 303 254
219-0-1-0.05-50-0 0 2314 9 6 2 4 0.6134 0.4266 161 249
219-0-1-0.05-50-0 0 2315 48 8 3 8 0.1153 0.2506 334 303
219-0-1-0.05-50-0 0 2315 41 16 6 10 0.9621 0.2228 105 149
219-0-1-0.05-50-0 0 2316 39 12 2 3 0.2187 0.1896 309 325
219-0-1-0.05-50-0 0 2316 32 16 1 9 0.6514 0.2228 215 149
219-0-1-0.05-50-0 0 2317 16 25 9 7 0.2228 0.9430 149 125
219-0-1-0.05-50-0 0 2317 26 4 15 9 0.8171 0.0723 141 351
219-0-1-0.05-50-0 0 2318 8 24 7 11 0.2506 0.1940 303 254
219-0-1-0.05-50-0 0 2318 26 16 15 9 0.8171 0.2228 141 149
219-0-1-0.05-50-0 0 2319 16 26 8 15 0.2228 0.8171 149 141
219-0-1-0.05-50-0 0 2319 8 41 6 6 0.2506 0.9621 303 105
219-0-1-0.05-50-0 0 2320 33 4 2 12 0.6893 0.0723 191 351
219-0-1-0.05-50-0 0 2320 16 26 8 14 0.2228 0.8171 149 141
219-0-1-0.05-50-0 0 2321 26 24 13 9 0.8171 0.1940 141 254
219-0-1-0.05-50-0 0 2321 26 10 13 9 0.8171 0.2533 141 449
219-0-1-0.05-50-0 0 2322 41 4 6 12 0.9621 0.0723 105 351
219-0-1-0.05-50-0 0 2322 10 28 7 2 0.2533 0.3846 449 311
219-0-1-0.05-50-0 0 2323 4 16 11 8 0.0723 0.2228 351 149
219-0-1-0.05-50-0 0 2323 24 26 9 13 0.1940 0.8171 254 141
219-0-1-0.05-50-0 0 2324 42 16 1 8 0.7447 0.2228 106 149
219-0-1-0.05-50-0 0 2324 8 19 5 2 0.2506 0.8072 303 134
219-0-1-0.05-50-0 0 2325 12 24 4 7 0.1896 0.1940 325 254
219-0-1-0.05-50-0 0 2325 8 8 6 6 0.2506 0.2506 303 303
219-0-1-0.05-50-0 0 2326 45 26 8 15 0.3816 0.8171 173 141
219-0-1-0.05-50-0 0 2326 4 33 13 3 0.0723 0.6893 351 191
219-0-1-0.05-50-0 0 2327 4 10 14 9 0.0723 0.2533 351 449
219-0-1-0.05-50-0 0 2327 16 26 9 13 0.2228 0.8171 149 141
219-0-1-0.05-50-0 0 2328 45 10 8 8 0.3816 0.2533 173 449
219-0-1-0.05-50-0 0 2328 4 16 13 10 0.0723 0.2228 351 149
219-0-1-0.05-50-0 0 2329 11 4 6 14 0.0504 0.0723 384 351
219-0-1-0.05-50-0 0 2329 4 37 13 2 0.0723 0.8481 351 127
219-0-1-0.05-50-0 0 2330 6 32 5 1 0.4266 0.6514 249 215
219-0-1-0.05-50-0 0 2330 6 25 5 5 0.4266 0.9430 249 125
219-0-1-0.05-50-0 0 2331 37 9 1 2 0.8481 0.6134 127 161
219-0-1-0.05-50-0 0 2331 4 16 14 9 0.0723 0.2228 351 149
219-0-1-0.05-50-0 0 2332 41 12 7 7 0.9621 0.1896 105 325
219-0-1-0.05-50-0 0 2332 4 8 14 5 0.0723 0.2506 351 303
219-0-1-0.05-50-0 0 2333 21 4 1 16 0.4184 0.0723 158 351
219-0-1-0.05-50-0 0 2333 41 14 7 3 0.9621 0.8451 105 105
219-0-1-0.05-50-0 0 2334 10 8 8 4 0.2533 0.2506 449 303
219-0-1-0.05-50-0 0 2334 24 11 6 8 0.1940 0.0504 254 384
219-0-1-0.05-50-0 0 2335 26 4 9 15 0.8171 0.0723 141 351
219-0-1-0.05-50-0 0 2335 45 4 5 14 0.3816 0.0723 173 351
219-0-1-0.05-50-0 0 2336 16 48 12 3 0.2228 0.1153 149 334
219-0-1-0.05-50-0 0 2336 9 16 1 12 0.6134 0.2228 161 149
219-0-1-0.05-50-0 0 2337 16 12 12 4 0.2228 0.1896 149 325
219-0-1-0.05-50-0 0 2337 10 28 8 2 0.2533 0.3846 449 311
219-0-1-0.05-50-0 0 2338 4 4 16 16 0.0723 0.0723 351 351
219-0-1-0.05-50-0 0 2338 14 14 4 4 0.8451 0.8451 105 105
219-0-1-0.05-50-0 0 2339 41 45 9 8 0.9621 0.3816 105 173
219-0-1-0.05-50-0 0 2339 45 39 7 7 0.3816 0.2187 173 309
219-0-1-0.05-50-0 0 2340 41 37 9 1 0.9621 0.8481 105 127
219-0-1-0.05-50-0 0 2340 25 16 4 12 0.9430 0.2228 125 149
219-0-1-0.05-50-0 0 2341 25 11 4 11 0.9430 0.0504 125 384
219-0-1-0.05-50-0 0 2341 12 23 3 8 0.1896 0.1698 325 476
219-0-1-0.05-50-0 0 2342 18 4 5 15 0.2181 0.0723 226 351
219-0-1-0.05-50-0 0 2342 26 14 7 2 0.8171 0.8451 141 105
219-0-1-0.05-50-0 0 2343 11 10 14 9 0.0504 0.2533 384 449
219-0-1-0.05-50-0 0 2343 16 4 11 14 0.2228 0.0723 149 351
219-0-1-0.05-50-0 0 2344 24 12 7 4 0.1940 0.1896 254 325
219-0-1-0.05-50-0 0 2344 14 11 2 14 0.8451 0.0504 105 384
219-0-1-0.05-50-0 0 2345 4 48 14 2 0.0723 0.1153 351 334
219-0-1-0.05-50-0 0 2345 39 26 9 8 0.2187 0.8171 309 141
219-0-1-0.05-50-0 0 2346 33 16 10 11 0.6893 0.2228 191 149
219-0-1-0.05-50-0 0 2346 24 33 6 10 0.1940 0.6893 254 191
219-0-1-0.05-50-0 0 2347 24 33 6 8 0.1940 0.6893 254 191
219-0-1-0.05-50-0 0 2347 33 33 7 7 0.6893 0.6893 191 191
219-0-1-0.05-50-0 0 2348 41 45 9 13 0.9621 0.3816 105 173
219-0-1-0.05-50-0 0 2348 42 9 2 2 0.7447 0.6134 106 161
219-0-1-0.05-50-0 0 2349 11 5 13 4 0.0504 0.0007 384 226
219-0-1-0.05-50-0 0 2349 11 11 13 13 0.0504 0.0504 384 384
219-0-1-0.05-50-0 0 2350 16 41 9 10 0.2228 0.9621 149 105
219-0-1-0.05-50-0 0 2350 26 41 9 9 0.8171 0.9621 141 105
219-0-1-0.05-50-0 0 2351 33 21 8 2 0.6893 0.4184 191 158
219-0-1-0.05-50-0 0 2351 42 12 2 3 0.7447 0.1896 106 325
219-0-1-0.05-50-0 0 2352 12 16 2 9 0.1896 0.2228 325 149
219-0-1-0.05-50-0 0 2352 8 16 4 8 0.2506 0.2228 303 149
219-0-1-0.05-50-0 0 2353 7 12 1 2 0.9267 0.1896 106 325
219-0-1-0.05-50-0 0 2353 4 4 18 18 0.0723 0.0723 351 351
219-0-1-0.05-50-0 0 2354 48 33 1 8 0.1153 0.6893 334 191
219-0-1-0.05-50-0 0 2354 17 23 1 5 0.6398 0.1698 197 476
219-0-1-0.05-50-0 0 2355 27 39 2 13 0.0776 0.2187 149 309
219-0-1-0.05-50-0 0 2355 16 24 7 7 0.2228 0.1940 149 254
219-0-1-0.05-50-0 0 2356 45 4 15 14 0.3816 0.0723 173 351
219-0-1-0.05-50-0 0 2356 25 45 4 15 0.9430 0.3816 125 173
219-0-1-0.05-50-0 0 2357 14 4 2 13 0.8451 0.0723 105 351
219-0-1-0.05-50-0 0 2357 11 33 12 8 0.0504 0.6893 384 191
219-0-1-0.05-50-0 0 2358 30 33 1 7 0.6008 0.6893 266 191
219-0-1-0.05-50-0 0 2358 45 16 13 7 0.3816 0.2228 173 149
219-0-1-0.05-50-0 0 2358 11 23 14 7 0.0504 0.1698 384 476
219-0-1-0.05-50-0 0 2359 2 24 1 8 0.8198 0.1940 167 254
219-0-1-0.05-50-0 0 2359 26 4 11 10 0.8171 0.0723 141 351
219-0-1-0.05-50-0 0 2360 4 45 10 15 0.0723 0.3816 351 173
219-0-1-0.05-50-0 0 2360 20 25 1 3 0.9922 0.9430 102 125
219-0-1-0.05-50-0 0 2360 42 45 6 14 0.7447 0.3816 106 173
219-0-1-0.05-50-0 0 2361 11 26 15 14 0.0504 0.8171 384 141
219-0-1-0.05-50-0 0 2361 39 25 16 2 0.2187 0.9430 309 125
219-0-1-0.05-50-0 0 2361 42 23 7 8 0.7447 0.1698 106 476
219-0-1-0.05-50-0 0 2362 45 45 17 17 0.3816 0.3816 173 173
219-0-1-0.05-50-0 0 2362 42 7 8 2 0.7447 0.9267 106 106
219-0-1-0.05-50-0 0 2363 18 49 3 2 0.2181 0.1842 226 136
219-0-1-0.05-50-0 0 2363 16 4 5 12 0.2228 0.0723 149 351
219-0-1-0.05-50-0 0 2364 39 23 17 7 0.2187 0.1698 309 476
219-0-1-0.05-50-0 0 2364 11 21 17 1 0.0504 0.4184 384 158
219-0-1-0.05-50-0 0 2365 16 33 5 6 0.2228 0.6893 149 191
219-0-1-0.05-50-0 0 2365 48 45 1 14 0.1153 0.3816 334 173
219-0-1-0.05-50-0 0 2366 45 33 13 5 0.3816 0.6893 173 191
219-0-1-0.05-50-0 0 2366 26 5 13 1 0.8171 0.0007 141 226
219-0-1-0.05-50-0 0 2367 2 4 1 12 0.8198 0.0723 167 351
219-0-1-0.05-50-0 0 2367 11 11 17 17 0.0504 0.0504 384 384
219-0-1-0.05-50-0 0 2368 11 41 17 4 0.0504 0.9621 384 105
219-0-1-0.05-50-0 0 2368 26 16 16 4 0.8171 0.2228 141 149
219-0-1-0.05-50-0 0 2369 39 10 19 11 0.2187 0.2533 309 449
219-0-1-0.05-50-0 0 2369 10 44 10 2 0.2533 0.7034 449 118
219-0-1-0.05-50-0 0 2370 11 10 20 10 0.0504 0.2533 384 449
219-0-1-0.05-50-0 0 2370 4 10 10 9 0.0723 0.2533 351 449
219-0-1-0.05-50-0 0 2371 27 23 4 6 0.0776 0.1698 149 476
219-0-1-0.05-50-0 0 2371 23 45 5 17 0.1698 0.3816 476 173
219-0-1-0.05-50-0 0 2371 45 45 16 16 0.3816 0.3816 173 173
219-0-1-0.05-50-0 0 2372 39 4 19 12 0.2187 0.0723 309 351
219-0-1-0.05-50-0 0 2372 22 6 2 3 0.0160 0.4266 311 249
219-0-1-0.05-50-0 0 2372 11 48 20 2 0.0504 0.1153 384 334
219-0-1-0.05-50-0 0 2373 8 23 9 5 0.2506 0.1698 303 476
219-0-1-0.05-50-0 0 2373 11 26 21 19 0.0504 0.8171 384 141
219-0-1-0.05-50-0 0 2373 45 26 15 18 0.3816 0.8171 173 141
219-0-1-0.05-50-0 0 2374 34 42 1 8 0.7448 0.7447 168 106
219-0-1-0.05-50-0 0 2374 39 11 20 20 0.2187 0.0504 309 384
219-0-1-0.05-50-0 0 2374 2 8 1 11 0.8198 0.2506 167 303
219-0-1-0.05-50-0 0 2375 39 10 21 11 0.2187 0.2533 309 449
219-0-1-0.05-50-0 0 2375 23 2 4 2 0.1698 0.8198 476 167
219-0-1-0.05-50-0 0 2375 45 33 14 8 0.3816 0.6893 173 191
219-0-1-0.05-50-0 0 2376 20 8 2 10 0.9922 0.2506 102 303
219-0-1-0.05-50-0 0 2376 34 41 1 4 0.7448 0.9621 168 105
219-0-1-0.05-50-0 0 2376 39 26 20 16 0.2187 0.8171 309 141
219-0-1-0.05-50-0 0 2377 42 10 7 12 0.7447 0.2533 106 449
219-0-1-0.05-50-0 0 2377 39 26 19 17 0.2187 0.8171 309 141
219-0-1-0.05-50-0 0 2377 26 26 16 16 0.8171 0.8171 141 141
219-0-1-0.05-50-0 0 2378 50 2 1 2 0.2147 0.8198 147 167
219-0-1-0.05-50-0 0 2378 26 4 14 12 0.8171 0.0723 141 351
219-0-1-0.05-50-0 0 2378 39 42 19 7 0.2187 0.7447 309 106
219-0-1-0.05-50-0 0 2379 31 45 2 11 0.5626 0.3816 252 173
219-0-1-0.05-50-0 0 2379 11 22 19 3 0.0504 0.0160 384 311
219-0-1-0.05-50-0 0 2379 34 45 2 10 0.7448 0.3816 168 173
219-0-1-0.05-50-0 0 2380 19 26 2 15 0.8072 0.8171 134 141
219-0-1-0.05-50-0 0 2380 33 8 7 9 0.6893 0.2506 191 303
219-0-1-0.05-50-0 0 2380 4 42 14 7 0.0723 0.7447 351 106
219-0-1-0.05-50-0 0 2381 4 11 16 18 0.0723 0.0504 351 384
219-0-1-0.05-50-0 0 2381 39 41 16 4 0.2187 0.9621 309 105
219-0-1-0.05-50-0 0 2381 15 11 2 17 0.7918 0.0504 149 384
219-0-1-0.05-50-0 0 2382 23 11 5 16 0.1698 0.0504 476 384
219-0-1-0.05-50-0 0 2382 20 10 4 13 0.9922 0.2533 102 449
219-0-1-0.05-50-0 0 2382 11 41 15 3 0.0504 0.9621 384 105
219-0-1-0.05-50-0 0 2383 11 11 15 15 0.0504 0.0504 384 384
219-0-1-0.05-50-0 0 2383 24 34 2 3 0.1940 0.7448 254 168
219-0-1-0.05-50-0 0 2383 22 20 1 5 0.0160 0.9922 311 102
219-0-1-0.05-50-0 0 2384 31 45 3 14 0.5626 0.3816 252 173
219-0-1-0.05-50-0 0 2384 34 26 1 20 0.7448 0.8171 168 141
219-0-1-0.05-50-0 0 2384 39 26 14 19 0.2187 0.8171 309 141
219-0-1-0.05-50-0 0 2385 33 26 8 18 0.6893 0.8171 191 141
219-0-1-0.05-50-0 0 2385 8 31 14 3 0.2506 0.5626 303 252
219-0-1-0.05-50-0 0 2385 4 42 18 6 0.0723 0.7447 351 106
219-0-1-0.05-50-0 0 2386 8 8 15 15 0.2506 0.2506 303 303
219-0-1-0.05-50-0 0 2386 23 23 8 8 0.1698 0.1698 476 476
219-0-1-0.05-50-0 0 2386 10 4 12 18 0.2533 0.0723 449 351
219-0-1-0.05-50-0 0 2387 16 11 9 15 0.2228 0.0504 149 384
219-0-1-0.05-50-0 0 2387 33 39 8 14 0.6893 0.2187 191 309
219-0-1-0.05-50-0 0 2387 49 11 1 14 0.1842 0.0504 136 384
219-0-1-0.05-50-0 0 2388 45 31 14 2 0.3816 0.5626 173 252
219-0-1-0.05-50-0 0 2388 45 4 14 19 0.3816 0.0723 173 351
219-0-1-0.05-50-0 0 2388 4 8 18 14 0.0723 0.2506 351 303
219-0-1-0.05-50-0 0 2389 42 26 6 21 0.7447 0.8171 106 141
219-0-1-0.05-50-0 0 2389 11 42 14 6 0.0504 0.7447 384 106
219-0-1-0.05-50-0 0 2389 10 45 10 14 0.2533 0.3816 449 173
219-0-1-0.05-50-0 0 2390 27 16 2 10 0.0776 0.2228 149 149
219-0-1-0.05-50-0 0 2390 23 23 8 8 0.1698 0.1698 476 476
219-0-1-0.05-50-0 0 2390 11 31 14 1 0.0504 0.5626 384 252
219-0-1-0.05-50-0 0 2391 4 10 18 9 0.0723 0.2533 351 449
219-0-1-0.05-50-0 0 2391 48 33 1 7 0.1153 0.6893 334 191
219-0-1-0.05-50-0 0 2391 4 39 18 14 0.0723 0.2187 351 309
219-0-1-0.05-50-0 0 2392 8 4 13 16 0.2506 0.0723 303 351
219-0-1-0.05-50-0 0 2392 20 33 6 6 0.9922 0.6893 102 191
219-0-1-0.05-50-0 0 2392 20 26 6 23 0.9922 0.8171 102 141
219-0-1-0.05-50-0 0 2393 25 45 1 13 0.9430 0.3816 125 173
219-0-1-0.05-50-0 0 2393 39 16 14 10 0.2187 0.2228 309 149
219-0-1-0.05-50-0 0 2393 39 20 14 7 0.2187 0.9922 309 102
219-0-1-0.05-50-0 0 2394 26 39 23 15 0.8171 0.2187 141 309
219-0-1-0.05-50-0 0 2394 20 33 6 7 0.9922 0.6893 102 191
219-0-1-0.05-50-0 0 2394 4 11 14 13 0.0723 0.0504 351 384
219-0-1-0.05-50-0 0 2395 39 27 14 2 0.2187 0.0776 309 149
219-0-1-0.05-50-0 0 2395 39 26 14 23 0.2187 0.8171 309 141
219-0-1-0.05-50-0 0 2395 8 33 12 6 0.2506 0.6893 303 191
219-0-1-0.05-50-0 0 2396 10 33 8 5 0.2533 0.6893 449 191
219-0-1-0.05-50-0 0 2396 39 8 16 12 0.2187 0.2506 309 303
219-0-1-0.05-50-0 0 2396 10 45 8 14 0.2533 0.3816 449 173
219-0-1-0.05-50-0 0 2397 20 42 5 6 0.9922 0.7447 102 106
219-0-1-0.05-50-0 0 2397 11 26 12 23 0.0504 0.8171 384 141
219-0-1-0.05-50-0 0 2397 16 39 10 17 0.2228 0.2187 149 309
219-0-1-0.05-50-0 0 2398 20 26 5 21 0.9922 0.8171 102 141
219-0-1-0.05-50-0 0 2398 16 10 12 8 0.2228 0.2533 149 449
219-0-1-0.05-50-0 0 2398 8 16 11 12 0.2506 0.2228 303 149
219-0-1-0.05-50-0 0 2399 16 24 11 2 0.2228 0.1940 149 254
219-0-1-0.05-50-0 0 2399 26 45 18 11 0.8171 0.3816 141 173
219-0-1-0.05-50-0 0 2399 18 45 6 10 0.2181 0.3816 226 173
219-0-1-0.05-50-0 0 2400 39 10 17 7 0.2187 0.2533 309 449
219-0-1-0.05-50-0 0 2400 42 45 5 11 0.7447 0.3816 106 173
219-0-1-0.05-50-0 0 2400 20 18 5 6 0.9922 0.2181 102 226
219-0-1-0.05-50-0 0 2401 23 39 14 18 0.1698 0.2187 476 309
219-0-1-0.05-50-0 0 2401 44 11 1 13 0.7034 0.0504 118 384
219-0-1-0.05-50-0 0 2401 8 18 11 6 0.2506 0.2181 303 226
219-0-1-0.05-50-0 0 2402 23 20 15 5 0.1698 0.9922 476 102
219-0-1-0.05-50-0 0 2402 41 50 2 6 0.9621 0.2147 105 147
219-0-1-0.05-50-0 0 2402 26 4 18 18 0.8171 0.0723 141 351
219-0-1-0.05-50-0 0 2403 16 50 12 4 0.2228 0.2147 149 147
219-0-1-0.05-50-0 0 2403 45 11 10 15 0.3816 0.0504 173 384
219-0-1-0.05-50-0 0 2403 41 11 3 14 0.9621 0.0504 105 384
219-0-1-0.05-50-0 0 2404 39 12 14 2 0.2187 0.1896 309 325
219-0-1-0.05-50-0 0 2404 10 23 7 15 0.2533 0.1698 449 476
219-0-1-0.05-50-0 0 2404 14 19 1 3 0.8451 0.8072 105 134
219-0-1-0.05-50-0 0 2405 31 4 3 16 0.5626 0.0723 252 351
219-0-1-0.05-50-0 0 2405 10 8 7 10 0.2533 0.2506 449 303
219-0-1-0.05-50-0 0 2405 16 48 11 1 0.2228 0.1153 149 334
219-0-1-0.05-50-0 0 2406 41 27 4 1 0.9621 0.0776 105 149
219-0-1-0.05-50-0 0 2406 4 16 16 11 0.0723 0.2228 351 149
219-0-1-0.05-50-0 0 2406 23 26 15 18 0.1698 0.8171 476 141
219-0-1-0.05-50-0 0 2407 23 31 14 5 0.1698 0.5626 476 252
219-0-1-0.05-50-0 0 2407 4 42 14 7 0.0723 0.7447 351 106
219-0-1-0.05-50-0 0 2407 11 41 13 4 0.0504 0.9621 384 105
219-0-1-0.05-50-0 0 2408 39 16 18 10 0.2187 0.2228 309 149
219-0-1-0.05-50-0 0 2408 33 11 4 13 0.6893 0.0504 191 384
219-0-1-0.05-50-0 0 2408 31 4 5 14 0.5626 0.0723 252 351
219-0-1-0.05-50-0 0 2409 33 4 4 12 0.6893 0.0723 191 351
219-0-1-0.05-50-0 0 2409 39 8 19 11 0.2187 0.2506 309 303
219-0-1-0.05-50-0 0 2409 11 45 13 9 0.0504 0.3816 384 173
219-0-1-0.05-50-0 0 2410 23 11 15 15 0.1698 0.0504 476 384
219-0-1-0.05-50-0 0 2410 33 11 4 14 0.6893 0.0504 191 384
219-0-1-0.05-50-0 0 2410 11 42 13 10 0.0504 0.7447 384 106
219-0-1-0.05-50-0 0 2411 11 26 13 15 0.0504 0.8171 384 141
219-0-1-0.05-50-0 0 2411 26 42 14 9 0.8171 0.7447 141 106
219-0-1-0.05-50-0 0 2411 39 16 20 10 0.2187 0.2228 309 149
219-0-1-0.05-50-0 0 2412 42 7 8 2 0.7447 0.9267 106 106
219-0-1-0.05-50-0 0 2412 16 31 11 4 0.2228 0.5626 149 252
219-0-1-0.05-50-0 0 2412 39 4 20 9 0.2187 0.0723 309 351
219-0-1-0.05-50-0 0 2413 33 23 3 16 0.6893 0.1698 191 476
219-0-1-0.05-50-0 0 2413 20 45 4 7 0.9922 0.3816 102 173
219-0-1-0.05-50-0 0 2413 26 19 14 2 0.8171 0.8072 141 134
219-0-1-0.05-50-0 0 2414 4 41 9 4 0.0723 0.9621 351 105
219-0-1-0.05-50-0 0 2414 11 8 15 10 0.0504 0.2506 384 303
219-0-1-0.05-50-0 0 2414 16 42 11 8 0.2228 0.7447 149 106
219-0-1-0.05-50-0 0 2415 39 20 18 4 0.2187 0.9922 309 102
219-0-1-0.05-50-0 0 2415 8 37 11 1 0.2506 0.8481 303 127
219-0-1-0.05-50-0 0 2415 23 11 18 16 0.1698 0.0504 476 384
219-0-1-0.05-50-0 0 2416 34 45 3 7 0.7448 0.3816 168 173
219-0-1-0.05-50-0 0 2416 11 41 15 4 0.0504 0.9621 384 105
219-0-1-0.05-50-0 0 2416 39 45 21 6 0.2187 0.3816 309 173
219-0-1-0.05-50-0 0 2417 17 26 1 12 0.6398 0.8171 197 141
219-0-1-0.05-50-0 0 2417 16 11 12 15 0.2228 0.0504 149 384
219-0-1-0.05-50-0 0 2417 18 39 5 20 0.2181 0.2187 226 309
219-0-1-0.05-50-0 0 2418 11 11 13 13 0.0504 0.0504 384 384
219-0-1-0.05-50-0 0 2418 23 4 20 11 0.1698 0.0723 476 351
219-0-1-0.05-50-0 0 2418 31 23 3 20 0.5626 0.1698 252 476
219-0-1-0.05-50-0 0 2419 11 23 13 19 0.0504 0.1698 384 476
219-0-1-0.05-50-0 0 2419 41 23 3 18 0.9621 0.1698 105 476
219-0-1-0.05-50-0 0 2419 16 45 12 6 0.2228 0.3816 149 173
219-0-1-0.05-50-0 0 2420 4 45 11 8 0.0723 0.3816 351 173
219-0-1-0.05-50-0 0 2420 14 23 2 15 0.8451 0.1698 105 476
219-0-1-0.05-50-0 0 2420 26 8 11 11 0.8171 0.2506 141 303
219-0-1-0.05-50-0 0 2421 10 24 11 3 0.2533 0.1940 449 254
219-0-1-0.05-50-0 0 2421 12 20 1 3 0.1896 0.9922 325 102
219-0-1-0.05-50-0 0 2421 42 11 5 15 0.7447 0.0504 106 384
219-0-1-0.05-50-0 0 2422 25 39 1 19 0.9430 0.2187 125 309
219-0-1-0.05-50-0 0 2422 45 11 10 14 0.3816 0.0504 173 384
219-0-1-0.05-50-0 0 2422 23 26 13 13 0.1698 0.8171 476 141
219-0-1-0.05-50-0 0 2423 36 4 2 10 0.8162 0.0723 165 351
219-0-1-0.05-50-0 0 2423 33 23 2 13 0.6893 0.1698 191 476
219-0-1-0.05-50-0 0 2423 45 16 9 13 0.3816 0.2228 173 149
219-0-1-0.05-50-0 0 2424 19 42 2 4 0.8072 0.7447 134 106
219-0-1-0.05-50-0 0 2424 24 23 3 12 0.1940 0.1698 254 476
219-0-1-0.05-50-0 0 2424 8 16 8 11 0.2506 0.2228 303 149
219-0-1-0.05-50-0 0 2425 23 11 11 13 0.1698 0.0504 476 384
219-0-1-0.05-50-0 0 2425 45 26 11 15 0.3816 0.8171 173 141
219-0-1-0.05-50-0 0 2425 31 4 5 9 0.5626 0.0723 252 351
219-0-1-0.05-50-0 0 2426 39 16 17 12 0.2187 0.2228 309 149
219-0-1-0.05-50-0 0 2426 26 23 14 10 0.8171 0.1698 141 476
219-0-1-0.05-50-0 0 2427 26 23 14 9 0.8171 0.1698 141 476
219-0-1-0.05-50-0 0 2427 45 29 8 2 0.3816 0.6728 173 177
219-0-1-0.05-50-0 0 2427 35 31 3 6 0.0354 0.5626 158 252
219-0-1-0.05-50-0 0 2428 16 11 10 11 0.2228 0.0504 149 384
219-0-1-0.05-50-0 0 2428 26 8 15 10 0.8171 0.2506 141 303
219-0-1-0.05-50-0 0 2428 23 16 8 10 0.1698 0.2228 476 149
219-0-1-0.05-50-0 0 2429 16 18 8 5 0.2228 0.2181 149 226
219-0-1-0.05-50-0 0 2429 23 18 8 4 0.1698 0.2181 476 226
219-0-1-0.05-50-0 0 2430 4 24 7 4 0.0723 0.1940 351 254
219-0-1-0.05-50-0 0 2430 4 10 7 11 0.0723 0.2533 351 449
219-0-1-0.05-50-0 0 2431 22 20 3 2 0.0160 0.9922 311 102
219-0-1-0.05-50-0 0 2431 8 17 11 3 0.2506 0.6398 303 197
219-0-1-0.05-50-0 0 2432 2 4 3 7 0.8198 0.0723 167 351
219-0-1-0.05-50-0 0 2432 10 45 11 7 0.2533 0.3816 449 173
219-0-1-0.05-50-0 0 2433 26 26 14 14 0.8171 0.8171 141 141
219-0-1-0.05-50-0 0 2433 10 15 10 4 0.2533 0.7918 449 149
219-0-1-0.05-50-0 0 2434 26 2 13 3 0.8171 0.8198 141 167
219-0-1-0.05-50-0 0 2434 22 45 4 6 0.0160 0.3816 311 173
219-0-1-0.05-50-0 0 2435 31 16 5 6 0.5626 0.2228 252 149
219-0-1-0.05-50-0 0 2435 1 11 1 9 0.2520 0.0504 409 384
219-0-1-0.05-50-0 0 2436 23 16 7 5 0.1698 0.2228 476 149
219-0-1-0.05-50-0 0 2436 5 4 2 6 0.0007 0.0723 226 351
219-0-1-0.05-50-0 0 2437 14 16 4 4 0.8451 0.2228 105 149
219-0-1-0.05-50-0 0 2437 11 4 9 5 0.0504 0.0723 384 351
219-0-1-0.05-50-0 0 2438 8 13 10 1 0.2506 0.8878 303 151
219-0-1-0.05-50-0 0 2438 32 22 2 5 0.6514 0.0160 215 311
219-0-1-0.05-50-0 0 2439 29 14 2 6 0.6728 0.8451 177 105
219-0-1-0.05-50-0 0 2439 11 8 10 12 0.0504 0.2506 384 303
219-0-1-0.05-50-0 0 2440 10 8 11 11 0.2533 0.2506 449 303
219-0-1-0.05-50-0 0 2440 5 23 2 7 0.0007 0.1698 226 476
219-0-1-0.05-50-0 0 2441 34 39 2 20 0.7448 0.2187 168 309
219-0-1-0.05-50-0 0 2441 15 18 3 3 0.7918 0.2181 149 226
219-0-1-0.05-50-0 0 2442 45 4 8 4 0.3816 0.0723 173 351
219-0-1-0.05-50-0 0 2442 39 31 18 6 0.2187 0.5626 309 252
219-0-1-0.05-50-0 0 2443 31 39 5 19 0.5626 0.2187 252 309
219-0-1-0.05-50-0 0 2443 23 14 3 6 0.1698 0.8451 476 105
219-0-1-0.05-50-0 0 2444 20 39 1 19 0.9922 0.2187 102 309
219-0-1-0.05-50-0 0 2444 42 10 1 10 0.7447 0.2533 106 449
219-0-1-0.05-50-0 0 2445 26 24 13 7 0.8171 0.1940 141 254
219-0-1-0.05-50-0 0 2445 35 11 4 11 0.0354 0.0504 158 384
219-0-1-0.05-50-0 0 2446 32 29 3 5 0.6514 0.6728 215 177
219-0-1-0.05-50-0 0 2446 10 1 9 1 0.2533 0.2520 449 409
219-0-1-0.05-50-0 0 2447 14 42 6 1 0.8451 0.7447 105 106
219-0-1-0.05-50-0 0 2447 14 39 6 18 0.8451 0.2187 105 309
219-0-1-0.05-50-0 0 2448 39 8 19 12 0.2187 0.2506 309 303
219-0-1-0.05-50-0 0 2448 39 26 19 12 0.2187 0.8171 309 141
219-0-1-0.05-50-0 0 2449 29 39 4 19 0.6728 0.2187 177 309
219-0-1-0.05-50-0 0 2449 26 39 11 18 0.8171 0.2187 141 309
219-0-1-0.05-50-0 0 2450 22 11 3 11 0.0160 0.0504 311 384
219-0-1-0.05-50-0 0 2450 45 45 10 10 0.3816 0.3816 173 173
219-0-1-0.05-50-0 0 2451 22 22 3 3 0.0160 0.0160 311 311
219-0-1-0.05-50-0 0 2451 26 31 15 5 0.8171 0.5626 141 252
219-0-1-0.05-50-0 0 2452 8 11 11 11 0.2506 0.0504 303 384
219-0-1-0.05-50-0 0 2452 8 11 11 10 0.2506 0.0504 303 384
219-0-1-0.05-50-0 0 2452 18 45 2 11 0.2181 0.3816 226 173
219-0-1-0.05-50-0 0 2453 26 39 14 17 0.8171 0.2187 141 309
219-0-1-0.05-50-0 0 2453 36 39 4 16 0.8162 0.2187 165 309
219-0-1-0.05-50-0 0 2454 16 11 4 11 0.2228 0.0504 149 384
219-0-1-0.05-50-0 0 2454 26 26 17 17 0.8171 0.8171 141 141
219-0-1-0.05-50-0 0 2454 14 29 7 4 0.8451 0.6728 105 177
219-0-1-0.05-50-0 0 2455 32 31 4 3 0.6514 0.5626 215 252
219-0-1-0.05-50-0 0 2455 14 16 6 4 0.8451 0.2228 105 149
219-0-1-0.05-50-0 0 2456 35 24 6 6 0.0354 0.1940 158 254
219-0-1-0.05-50-0 0 2456 22 8 4 12 0.0160 0.2506 311 303
219-0-1-0.05-50-0 0 2456 10 11 12 8 0.2533 0.0504 449 384
219-0-1-0.05-50-0 0 2457 16 8 3 12 0.2228 0.2506 149 303
219-0-1-0.05-50-0 0 2457 32 10 5 15 0.6514 0.2533 215 449
219-0-1-0.05-50-0 0 2457 19 32 2 5 0.8072 0.6514 134 215
219-0-1-0.05-50-0 0 2458 23 19 4 2 0.1698 0.8072 476 134
219-0-1-0.05-50-0 0 2458 33 35 4 7 0.6893 0.0354 191 158
219-0-1-0.05-50-0 0 2458 39 8 16 14 0.2187 0.2506 309 303
219-0-1-0.05-50-0 0 2459 10 39 15 15 0.2533 0.2187 449 309
219-0-1-0.05-50-0 0 2459 11 16 6 3 0.0504 0.2228 384 149
219-0-1-0.05-50-0 0 2459 10 36 15 5 0.2533 0.8162 449 165
219-0-1-0.05-50-0 0 2460 50 11 2 6 0.2147 0.0504 147 384
219-0-1-0.05-50-0 0 2460 32 14 4 8 0.6514 0.8451 215 105
219-0-1-0.05-50-0 0 2460 24 8 4 13 0.1940 0.2506 254 303
219-0-1-0.05-50-0 0 2461 45 15 8 6 0.3816 0.7918 173 149
219-0-1-0.05-50-0 0 2461 4 39 1 14 0.0723 0.2187 351 309
219-0-1-0.05-50-0 0 2461 31 29 6 4 0.5626 0.6728 252 177
219-0-1-0.05-50-0 0 2462 26 8 13 13 0.8171 0.2506 141 303
219-0-1-0.05-50-0 0 2462 24 14 5 8 0.1940 0.8451 254 105
219-0-1-0.05-50-0 0 2462 31 8 7 12 0.5626 0.2506 252 303
219-0-1-0.05-50-0 0 2463 39 27 13 2 0.2187 0.0776 309 149
219-0-1-0.05-50-0 0 2463 24 14 5 6 0.1940 0.8451 254 105
219-0-1-0.05-50-0 0 2463 36 6 4 4 0.8162 0.4266 165 249
219-0-1-0.05-50-0 0 2464 10 35 16 9 0.2533 0.0354 449 158
219-0-1-0.05-50-0 0 2464 24 22 5 5 0.1940 0.0160 254 311
219-0-1-0.05-50-0 0 2464 8 16 13 2 0.2506 0.2228 303 149
219-0-1-0.05-50-0 0 2465 11 23 5 5 0.0504 0.1698 384 476
219-0-1-0.05-50-0 0 2465 32 26 4 12 0.6514 0.8171 215 141
219-0-1-0.05-50-0 0 2465 39 15 13 4 0.2187 0.7918 309 149
219-0-1-0.05-50-0 0 2466 16 39 2 13 0.2228 0.2187 149 309
219-0-1-0.05-50-0 0 2466 29 8 4 12 0.6728 0.2506 177 303
219-0-1-0.05-50-0 0 2466 6 35 4 9 0.4266 0.0354 249 158
219-0-1-0.05-50-0 0 2467 45 23 10 4 0.3816 0.1698 173 476
219-0-1-0.05-50-0 0 2467 35 29 8 4 0.0354 0.6728 158 177
219-0-1-0.05-50-0 0 2467 10 45 17 10 0.2533 0.3816 449 173
219-0-1-0.05-50-0 0 2468 4 26 1 11 0.0723 0.8171 351 141
219-0-1-0.05-50-0 0 2468 35 39 8 11 0.0354 0.2187 158 309
219-0-1-0.05-50-0 0 2468 31 10 7 16 0.5626 0.2533 252 449
219-0-1-0.05-50-0 0 2469 45 10 10 16 0.3816 0.2533 173 449
219-0-1-0.05-50-0 0 2469 26 2 11 4 0.8171 0.8198 141 167
219-0-1-0.05-50-0 0 2469 27 15 3 3 0.0776 0.7918 149 149
219-0-1-0.05-50-0 0 2470 10 30 16 4 0.2533 0.6008 449 266
219-0-1-0.05-50-0 0 2470 23 35 3 8 0.1698 0.0354 476 158
219-0-1-0.05-50-0 0 2470 18 47 3 1 0.2181 0.9293 226 103
219-0-1-0.05-50-0 0 2471 45 24 12 4 0.3816 0.1940 173 254
219-0-1-0.05-50-0 0 2471 45 36 12 3 0.3816 0.8162 173 165
219-0-1-0.05-50-0 0 2471 39 26 9 11 0.2187 0.8171 309 141
219-0-1-0.05-50-0 0 2472 10 27 16 3 0.2533 0.0776 449 149
219-0-1-0.05-50-0 0 2472 39 34 8 4 0.2187 0.7448 309 168
219-0-1-0.05-50-0 0 2472 32 26 7 10 0.6514 0.8171 215 141
219-0-1-0.05-50-0 0 2473 19 14 5 5 0.8072 0.8451 134 105
219-0-1-0.05-50-0 0 2473 45 20 11 3 0.3816 0.9922 173 102
219-0-1-0.05-50-0 0 2474 27 8 2 15 0.0776 0.2506 149 303
219-0-1-0.05-50-0 0 2474 2 39 6 9 0.8198 0.2187 167 309
219-0-1-0.05-50-0 0 2474 45 19 12 4 0.3816 0.8072 173 134
219-0-1-0.05-50-0 0 2475 29 33 3 5 0.6728 0.6893 177 191
219-0-1-0.05-50-0 0 2475 18 36 4 2 0.2181 0.8162 226 165
219-0-1-0.05-50-0 0 2475 45 18 13 4 0.3816 0.2181 173 226
219-0-1-0.05-50-0 0 2476 8 50 14 4 0.2506 0.2147 303 147
219-0-1-0.05-50-0 0 2476 26 8 11 14 0.8171 0.2506 141 303
219-0-1-0.05-50-0 0 2476 2 20 7 2 0.8198 0.9922 167 102
219-0-1-0.05-50-0 0 2477 39 26 6 12 0.2187 0.8171 309 141
219-0-1-0.05-50-0 0 2477 39 28 6 2 0.2187 0.3846 309 311
219-0-1-0.05-50-0 0 2477 28 32 1 6 0.3846 0.6514 311 215
219-0-1-0.05-50-0 0 2478 8 18 14 3 0.2506 0.2181 303 226
219-0-1-0.05-50-0 0 2478 39 22 6 8 0.2187 0.0160 309 311
219-0-1-0.05-50-0 0 2478 20 31 2 9 0.9922 0.5626 102 252
219-0-1-0.05-50-0 0 2479 24 19 2 3 0.1940 0.8072 254 134
219-0-1-0.05-50-0 0 2479 26 38 10 2 0.8171 0.6163 141 270
219-0-1-0.05-50-0 0 2480 45 2 15 8 0.3816 0.8198 173 167
219-0-1-0.05-50-0 0 2480 2 10 7 18 0.8198 0.2533 167 449
219-0-1-0.05-50-0 0 2480 14 45 3 15 0.8451 0.3816 105 173
219-0-1-0.05-50-0 0 2481 8 2 15 7 0.2506 0.8198 303 167
219-0-1-0.05-50-0 0 2481 29 10 3 17 0.6728 0.2533 177 449
219-0-1-0.05-50-0 0 2482 39 23 7 2 0.2187 0.1698 309 476
219-0-1-0.05-50-0 0 2482 35 26 9 11 0.0354 0.8171 158 141
219-0-1-0.05-50-0 0 2483 31 4 8 1 0.5626 0.0723 252 351
219-0-1-0.05-50-0 0 2483 45 22 17 7 0.3816 0.0160 173 311
219-0-1-0.05-50-0 0 2484 8 32 15 6 0.2506 0.6514 303 215
219-0-1-0.05-50-0 0 2484 45 8 19 15 0.3816 0.2506 173 303
219-0-1-0.05-50-0 0 2485 32 8 6 15 0.6514 0.2506 215 303
219-0-1-0.05-50-0 0 2485 26 45 9 20 0.8171 0.3816 141 173
219-0-1-0.05-50-0 0 2486 23 8 2 15 0.1698 0.2506 476 303
219-0-1-0.05-50-0 0 2486 2 11 6 4 0.8198 0.0504 167 384
219-0-1-0.05-50-0 0 2487 11 45 3 19 0.0504 0.3816 384 173
219-0-1-0.05-50-0 0 2487 31 43 10 1 0.5626 0.8316 252 123
219-0-1-0.05-50-0 0 2487 35 2 8 7 0.0354 0.8198 158 167
219-0-1-0.05-50-0 0 2488 45 10 18 19 0.3816 0.2533 173 449
219-0-1-0.05-50-0 0 2488 35 31 8 10 0.0354 0.5626 158 252
219-0-1-0.05-50-0 0 2489 31 50 9 3 0.5626 0.2147 252 147
219-0-1-0.05-50-0 0 2489 2 35 6 8 0.8198 0.0354 167 158
219-0-1-0.05-50-0 0 2490 10 45 20 19 0.2533 0.3816 449 173
219-0-1-0.05-50-0 0 2490 10 39 20 7 0.2533 0.2187 449 309
219-0-1-0.05-50-0 0 2491 10 2 21 8 0.2533 0.8198 449 167
219-0-1-0.05-50-0 0 2491 39 35 5 7 0.2187 0.0354 309 158
219-0-1-0.05-50-0 0 2492 5 26 3 9 0.0007 0.8171 226 141
219-0-1-0.05-50-0 0 2492 10 8 22 15 0.2533 0.2506 449 303
219-0-1-0.05-50-0 0 2493 10 30 23 3 0.2533 0.6008 449 266
219-0-1-0.05-50-0 0 2493 18 22 4 3 0.2181 0.0160 226 311
219-0-1-0.05-50-0 0 2494 10 26 26 7 0.2533 0.8171 449 141
219-0-1-0.05-50-0 0 2494 34 37 6 1 0.7448 0.8481 168 127
219-0-1-0.05-50-0 0 2494 8 26 12 6 0.2506 0.8171 303 141
219-0-1-0.05-50-0 0 2495 2 30 9 2 0.8198 0.6008 167 266
219-0-1-0.05-50-0 0 2495 10 10 26 26 0.2533 0.2533 449 449
219-0-1-0.05-50-0 0 2495 32 10 5 25 0.6514 0.2533 215 449
219-0-1-0.05-50-0 0 2496 5 45 4 20 0.0007 0.3816 226 173
219-0-1-0.05-50-0 0 2496 8 35 11 7 0.2506 0.0354 303 158
219-0-1-0.05-50-0 0 2496 15 29 3 5 0.7918 0.6728 149 177
219-0-1-0.05-50-0 0 2497 18 10 4 23 0.2181 0.2533 226 449
219-0-1-0.05-50-0 0 2497 45 34 19 8 0.3816 0.7448 173 168
219-0-1-0.05-50-0 0 2497 18 34 4 7 0.2181 0.7448 226 168
219-0-1-0.05-50-0 0 2498 38 27 5 2 0.6163 0.0776 270 149
219-0-1-0.05-50-0 0 2498 31 2 12 8 0.5626 0.8198 252 167
219-0-1-0.05-50-0 0 2498 35 31 6 12 0.0354 0.5626 158 252
219-0-1-0.05-50-0 0 2499 10 45 23 18 0.2533 0.3816 449 173
219-0-1-0.05-50-0 0 2499 5 39 4 6 0.0007 0.2187 226 309
219-0-1-0.05-50-0 0 2500 8 31 14 10 0.2506 0.5626 303 252
219-0-1-0.05-50-0 0 2500 28 39 3 5 0.3846 0.2187 311 309
