223-0-1-0.05-50-0 0 2302 50 17 2 6 0.2147 0.6398 147 197
223-0-1-0.05-50-0 0 2302 37 1 9 5 0.8481 0.2520 127 409
223-0-1-0.05-50-0 0 2303 37 26 8 7 0.8481 0.8171 127 141
223-0-1-0.05-50-0 0 2303 27 24 9 11 0.0776 0.1940 149 254
223-0-1-0.05-50-0 0 2304 24 24 9 9 0.1940 0.1940 254 254
223-0-1-0.05-50-0 0 2304 16 37 2 7 0.2228 0.8481 149 127
223-0-1-0.05-50-0 0 2305 5 27 2 9 0.0007 0.0776 226 149
223-0-1-0.05-50-0 0 2305 1 27 4 8 0.2520 0.0776 409 149
223-0-1-0.05-50-0 0 2306 33 24 2 8 0.6893 0.1940 191 254
223-0-1-0.05-50-0 0 2306 27 26 9 5 0.0776 0.8171 149 141
223-0-1-0.05-50-0 0 2307 18 6 3 10 0.2181 0.4266 226 249
223-0-1-0.05-50-0 0 2307 39 26 14 4 0.2187 0.8171 309 141
223-0-1-0.05-50-0 0 2308 6 6 9 9 0.4266 0.4266 249 249
223-0-1-0.05-50-0 0 2308 26 6 3 8 0.8171 0.4266 141 249
223-0-1-0.05-50-0 0 2309 15 43 6 6 0.7918 0.8316 149 123
223-0-1-0.05-50-0 0 2309 28 39 8 14 0.3846 0.2187 311 309
223-0-1-0.05-50-0 0 2310 35 26 5 4 0.0354 0.8171 158 141
223-0-1-0.05-50-0 0 2310 27 1 11 7 0.0776 0.2520 149 409
223-0-1-0.05-50-0 0 2311 37 6 6 7 0.8481 0.4266 127 249
223-0-1-0.05-50-0 0 2311 37 28 6 10 0.8481 0.3846 127 311
223-0-1-0.05-50-0 0 2312 20 4 3 4 0.9922 0.0723 102 351
223-0-1-0.05-50-0 0 2312 32 37 2 5 0.6514 0.8481 215 127
223-0-1-0.05-50-0 0 2313 1 8 5 1 0.2520 0.2506 409 303
223-0-1-0.05-50-0 0 2313 17 24 6 7 0.6398 0.1940 197 254
223-0-1-0.05-50-0 0 2314 39 1 9 5 0.2187 0.2520 309 409
223-0-1-0.05-50-0 0 2314 33 40 2 2 0.6893 0.9739 191 104
223-0-1-0.05-50-0 0 2315 16 37 2 4 0.2228 0.8481 149 127
223-0-1-0.05-50-0 0 2315 15 27 7 11 0.7918 0.0776 149 149
223-0-1-0.05-50-0 0 2316 39 35 11 5 0.2187 0.0354 309 158
223-0-1-0.05-50-0 0 2316 39 24 11 7 0.2187 0.1940 309 254
223-0-1-0.05-50-0 0 2317 6 27 5 11 0.4266 0.0776 249 149
223-0-1-0.05-50-0 0 2317 40 4 1 4 0.9739 0.0723 104 351
223-0-1-0.05-50-0 0 2318 38 50 2 2 0.6163 0.2147 270 147
223-0-1-0.05-50-0 0 2318 16 35 2 3 0.2228 0.0354 149 158
223-0-1-0.05-50-0 0 2319 15 27 7 10 0.7918 0.0776 149 149
223-0-1-0.05-50-0 0 2319 20 43 3 9 0.9922 0.8316 102 123
223-0-1-0.05-50-0 0 2320 1 39 5 10 0.2520 0.2187 409 309
223-0-1-0.05-50-0 0 2321 6 28 5 9 0.4266 0.3846 249 311
223-0-1-0.05-50-0 0 2321 39 4 7 5 0.2187 0.0723 309 351
223-0-1-0.05-50-0 0 2322 1 37 6 1 0.2520 0.8481 409 127
223-0-1-0.05-50-0 0 2323 28 43 8 10 0.3846 0.8316 311 123
223-0-1-0.05-50-0 0 2324 20 19 3 1 0.9922 0.8072 102 134
223-0-1-0.05-50-0 0 2325 17 24 5 6 0.6398 0.1940 197 254
223-0-1-0.05-50-0 0 2326 43 27 11 10 0.8316 0.0776 123 149
223-0-1-0.05-50-0 0 2326 28 39 9 10 0.3846 0.2187 311 309
223-0-1-0.05-50-0 0 2327 17 6 6 3 0.6398 0.4266 197 249
223-0-1-0.05-50-0 0 2327 35 39 3 10 0.0354 0.2187 158 309
223-0-1-0.05-50-0 0 2328 15 17 8 6 0.7918 0.6398 149 197
223-0-1-0.05-50-0 0 2329 6 28 2 9 0.4266 0.3846 249 311
223-0-1-0.05-50-0 0 2330 14 15 2 8 0.8451 0.7918 105 149
223-0-1-0.05-50-0 0 2331 6 24 3 5 0.4266 0.1940 249 254
223-0-1-0.05-50-0 0 2332 17 17 4 4 0.6398 0.6398 197 197
223-0-1-0.05-50-0 0 2333 11 39 1 14 0.0504 0.2187 384 309
223-0-1-0.05-50-0 0 2334 9 28 7 9 0.6134 0.3846 161 311
223-0-1-0.05-50-0 0 2334 43 28 13 8 0.8316 0.3846 123 311
223-0-1-0.05-50-0 0 2335 26 39 1 14 0.8171 0.2187 141 309
223-0-1-0.05-50-0 0 2335 10 6 3 2 0.2533 0.4266 449 249
223-0-1-0.05-50-0 0 2336 43 15 11 7 0.8316 0.7918 123 149
223-0-1-0.05-50-0 0 2336 32 43 2 11 0.6514 0.8316 215 123
223-0-1-0.05-50-0 0 2337 43 24 10 5 0.8316 0.1940 123 254
223-0-1-0.05-50-0 0 2337 15 10 7 3 0.7918 0.2533 149 449
223-0-1-0.05-50-0 0 2338 6 18 1 1 0.4266 0.2181 249 226
223-0-1-0.05-50-0 0 2338 35 35 4 4 0.0354 0.0354 158 158
223-0-1-0.05-50-0 0 2339 39 39 13 13 0.2187 0.2187 309 309
223-0-1-0.05-50-0 0 2339 9 27 10 7 0.6134 0.0776 161 149
223-0-1-0.05-50-0 0 2340 39 24 11 4 0.2187 0.1940 309 254
223-0-1-0.05-50-0 0 2341 14 9 2 8 0.8451 0.6134 105 161
223-0-1-0.05-50-0 0 2342 31 39 3 12 0.5626 0.2187 252 309
223-0-1-0.05-50-0 0 2343 24 47 3 1 0.1940 0.9293 254 103
223-0-1-0.05-50-0 0 2344 10 28 1 9 0.2533 0.3846 449 311
223-0-1-0.05-50-0 0 2344 39 43 13 8 0.2187 0.8316 309 123
223-0-1-0.05-50-0 0 2345 35 9 5 6 0.0354 0.6134 158 161
223-0-1-0.05-50-0 0 2345 32 39 3 14 0.6514 0.2187 215 309
223-0-1-0.05-50-0 0 2346 9 27 5 6 0.6134 0.0776 161 149
223-0-1-0.05-50-0 0 2346 39 26 13 1 0.2187 0.8171 309 141
223-0-1-0.05-50-0 0 2347 31 22 3 4 0.5626 0.0160 252 311
223-0-1-0.05-50-0 0 2347 10 27 1 5 0.2533 0.0776 449 149
223-0-1-0.05-50-0 0 2348 35 38 4 6 0.0354 0.6163 158 270
223-0-1-0.05-50-0 0 2348 27 27 4 4 0.0776 0.0776 149 149
223-0-1-0.05-50-0 0 2349 16 9 1 5 0.2228 0.6134 149 161
223-0-1-0.05-50-0 0 2349 22 11 5 3 0.0160 0.0504 311 384
223-0-1-0.05-50-0 0 2350 6 17 1 4 0.4266 0.6398 249 197
223-0-1-0.05-50-0 0 2350 1 35 6 4 0.2520 0.0354 409 158
223-0-1-0.05-50-0 0 2351 11 15 3 5 0.0504 0.7918 384 149
223-0-1-0.05-50-0 0 2351 16 11 1 3 0.2228 0.0504 149 384
223-0-1-0.05-50-0 0 2352 32 15 6 4 0.6514 0.7918 215 149
223-0-1-0.05-50-0 0 2352 31 1 3 7 0.5626 0.2520 252 409
223-0-1-0.05-50-0 0 2353 27 28 2 5 0.0776 0.3846 149 311
223-0-1-0.05-50-0 0 2353 31 20 3 3 0.5626 0.9922 252 102
223-0-1-0.05-50-0 0 2354 1 38 7 8 0.2520 0.6163 409 270
223-0-1-0.05-50-0 0 2354 15 31 3 3 0.7918 0.5626 149 252
223-0-1-0.05-50-0 0 2355 11 27 2 3 0.0504 0.0776 384 149
223-0-1-0.05-50-0 0 2355 43 28 11 5 0.8316 0.3846 123 311
223-0-1-0.05-50-0 0 2356 20 40 2 1 0.9922 0.9739 102 104
223-0-1-0.05-50-0 0 2356 35 33 2 2 0.0354 0.6893 158 191
223-0-1-0.05-50-0 0 2357 38 24 7 8 0.6163 0.1940 270 254
223-0-1-0.05-50-0 0 2357 28 32 4 5 0.3846 0.6514 311 215
223-0-1-0.05-50-0 0 2358 35 15 2 4 0.0354 0.7918 158 149
223-0-1-0.05-50-0 0 2358 29 39 5 10 0.6728 0.2187 177 309
223-0-1-0.05-50-0 0 2359 4 15 9 3 0.0723 0.7918 351 149
223-0-1-0.05-50-0 0 2359 41 16 1 2 0.9621 0.2228 105 149
223-0-1-0.05-50-0 0 2360 39 32 9 4 0.2187 0.6514 309 215
223-0-1-0.05-50-0 0 2360 32 1 3 8 0.6514 0.2520 215 409
223-0-1-0.05-50-0 0 2361 27 22 2 6 0.0776 0.0160 149 311
223-0-1-0.05-50-0 0 2361 39 2 9 1 0.2187 0.8198 309 167
223-0-1-0.05-50-0 0 2362 43 9 14 3 0.8316 0.6134 123 161
223-0-1-0.05-50-0 0 2362 45 31 4 2 0.3816 0.5626 173 252
223-0-1-0.05-50-0 0 2363 15 4 2 10 0.7918 0.0723 149 351
223-0-1-0.05-50-0 0 2363 27 22 2 6 0.0776 0.0160 149 311
223-0-1-0.05-50-0 0 2364 27 32 2 3 0.0776 0.6514 149 215
223-0-1-0.05-50-0 0 2364 48 1 1 7 0.1153 0.2520 334 409
223-0-1-0.05-50-0 0 2365 27 17 2 3 0.0776 0.6398 149 197
223-0-1-0.05-50-0 0 2365 43 31 18 2 0.8316 0.5626 123 252
223-0-1-0.05-50-0 0 2366 39 11 11 1 0.2187 0.0504 309 384
223-0-1-0.05-50-0 0 2366 46 43 1 18 0.3451 0.8316 327 123
223-0-1-0.05-50-0 0 2367 29 4 6 15 0.6728 0.0723 177 351
223-0-1-0.05-50-0 0 2367 22 43 6 16 0.0160 0.8316 311 123
223-0-1-0.05-50-0 0 2368 39 29 10 5 0.2187 0.6728 309 177
223-0-1-0.05-50-0 0 2368 43 4 14 13 0.8316 0.0723 123 351
223-0-1-0.05-50-0 0 2369 32 43 3 12 0.6514 0.8316 215 123
223-0-1-0.05-50-0 0 2369 22 4 6 11 0.0160 0.0723 311 351
223-0-1-0.05-50-0 0 2370 27 39 3 10 0.0776 0.2187 149 309
223-0-1-0.05-50-0 0 2370 31 24 1 10 0.5626 0.1940 252 254
223-0-1-0.05-50-0 0 2371 35 32 3 3 0.0354 0.6514 158 215
223-0-1-0.05-50-0 0 2371 38 22 8 6 0.6163 0.0160 270 311
223-0-1-0.05-50-0 0 2372 38 28 8 2 0.6163 0.3846 270 311
223-0-1-0.05-50-0 0 2372 43 24 12 9 0.8316 0.1940 123 254
223-0-1-0.05-50-0 0 2373 43 17 12 2 0.8316 0.6398 123 197
223-0-1-0.05-50-0 0 2373 43 35 12 4 0.8316 0.0354 123 158
223-0-1-0.05-50-0 0 2374 19 9 2 3 0.8072 0.6134 134 161
223-0-1-0.05-50-0 0 2374 4 39 15 8 0.0723 0.2187 351 309
223-0-1-0.05-50-0 0 2375 4 24 15 5 0.0723 0.1940 351 254
223-0-1-0.05-50-0 0 2375 1 44 5 1 0.2520 0.7034 409 118
223-0-1-0.05-50-0 0 2376 10 20 2 4 0.2533 0.9922 449 102
223-0-1-0.05-50-0 0 2376 32 43 1 12 0.6514 0.8316 215 123
223-0-1-0.05-50-0 0 2377 43 39 12 8 0.8316 0.2187 123 309
223-0-1-0.05-50-0 0 2377 43 15 12 4 0.8316 0.7918 123 149
223-0-1-0.05-50-0 0 2378 32 22 1 6 0.6514 0.0160 215 311
223-0-1-0.05-50-0 0 2378 1 24 4 4 0.2520 0.1940 409 254
223-0-1-0.05-50-0 0 2379 43 43 12 12 0.8316 0.8316 123 123
223-0-1-0.05-50-0 0 2379 29 20 6 3 0.6728 0.9922 177 102
223-0-1-0.05-50-0 0 2380 38 4 10 17 0.6163 0.0723 270 351
223-0-1-0.05-50-0 0 2380 4 8 16 1 0.0723 0.2506 351 303
223-0-1-0.05-50-0 0 2381 24 33 4 4 0.1940 0.6893 254 191
223-0-1-0.05-50-0 0 2381 27 35 3 6 0.0776 0.0354 149 158
223-0-1-0.05-50-0 0 2382 15 28 3 1 0.7918 0.3846 149 311
223-0-1-0.05-50-0 0 2382 43 10 11 3 0.8316 0.2533 123 449
223-0-1-0.05-50-0 0 2383 24 38 7 10 0.1940 0.6163 254 270
223-0-1-0.05-50-0 0 2383 41 24 5 7 0.9621 0.1940 105 254
223-0-1-0.05-50-0 0 2384 38 39 10 8 0.6163 0.2187 270 309
223-0-1-0.05-50-0 0 2384 39 43 7 11 0.2187 0.8316 309 123
223-0-1-0.05-50-0 0 2385 29 4 7 15 0.6728 0.0723 177 351
223-0-1-0.05-50-0 0 2385 43 29 10 7 0.8316 0.6728 123 177
223-0-1-0.05-50-0 0 2386 41 38 6 10 0.9621 0.6163 105 270
223-0-1-0.05-50-0 0 2386 38 27 9 4 0.6163 0.0776 270 149
223-0-1-0.05-50-0 0 2387 38 35 9 3 0.6163 0.0354 270 158
223-0-1-0.05-50-0 0 2387 20 39 3 8 0.9922 0.2187 102 309
223-0-1-0.05-50-0 0 2388 1 4 5 17 0.2520 0.0723 409 351
223-0-1-0.05-50-0 0 2388 38 9 9 1 0.6163 0.6134 270 161
223-0-1-0.05-50-0 0 2389 19 4 6 17 0.8072 0.0723 134 351
223-0-1-0.05-50-0 0 2389 43 4 9 16 0.8316 0.0723 123 351
223-0-1-0.05-50-0 0 2390 48 1 2 6 0.1153 0.2520 334 409
223-0-1-0.05-50-0 0 2390 35 29 4 5 0.0354 0.6728 158 177
223-0-1-0.05-50-0 0 2391 38 32 8 2 0.6163 0.6514 270 215
223-0-1-0.05-50-0 0 2391 4 19 16 6 0.0723 0.8072 351 134
223-0-1-0.05-50-0 0 2392 45 4 11 15 0.3816 0.0723 173 351
223-0-1-0.05-50-0 0 2392 32 24 1 11 0.6514 0.1940 215 254
223-0-1-0.05-50-0 0 2393 50 45 1 11 0.2147 0.3816 147 173
223-0-1-0.05-50-0 0 2393 38 45 9 10 0.6163 0.3816 270 173
223-0-1-0.05-50-0 0 2394 24 24 11 11 0.1940 0.1940 254 254
223-0-1-0.05-50-0 0 2394 45 1 10 6 0.3816 0.2520 173 409
223-0-1-0.05-50-0 0 2395 43 43 7 7 0.8316 0.8316 123 123
223-0-1-0.05-50-0 0 2395 15 35 4 3 0.7918 0.0354 149 158
223-0-1-0.05-50-0 0 2396 19 24 5 11 0.8072 0.1940 134 254
223-0-1-0.05-50-0 0 2396 4 39 16 8 0.0723 0.2187 351 309
223-0-1-0.05-50-0 0 2397 45 4 11 17 0.3816 0.0723 173 351
223-0-1-0.05-50-0 0 2397 4 25 16 1 0.0723 0.9430 351 125
223-0-1-0.05-50-0 0 2398 45 24 11 11 0.3816 0.1940 173 254
223-0-1-0.05-50-0 0 2398 4 45 16 11 0.0723 0.3816 351 173
223-0-1-0.05-50-0 0 2399 47 45 2 10 0.9293 0.3816 103 173
223-0-1-0.05-50-0 0 2399 24 45 11 9 0.1940 0.3816 254 173
223-0-1-0.05-50-0 0 2400 4 24 16 12 0.0723 0.1940 351 254
223-0-1-0.05-50-0 0 2400 17 1 4 5 0.6398 0.2520 197 409
223-0-1-0.05-50-0 0 2401 43 29 8 5 0.8316 0.6728 123 177
223-0-1-0.05-50-0 0 2401 2 38 1 12 0.8198 0.6163 167 270
223-0-1-0.05-50-0 0 2402 24 45 11 9 0.1940 0.3816 254 173
223-0-1-0.05-50-0 0 2402 27 27 4 4 0.0776 0.0776 149 149
223-0-1-0.05-50-0 0 2403 43 39 8 7 0.8316 0.2187 123 309
223-0-1-0.05-50-0 0 2403 20 38 4 10 0.9922 0.6163 102 270
223-0-1-0.05-50-0 0 2404 29 24 3 13 0.6728 0.1940 177 254
223-0-1-0.05-50-0 0 2404 1 19 7 4 0.2520 0.8072 409 134
223-0-1-0.05-50-0 0 2405 4 27 20 3 0.0723 0.0776 351 149
223-0-1-0.05-50-0 0 2405 11 4 1 20 0.0504 0.0723 384 351
223-0-1-0.05-50-0 0 2406 17 39 2 6 0.6398 0.2187 197 309
223-0-1-0.05-50-0 0 2406 45 20 10 6 0.3816 0.9922 173 102
223-0-1-0.05-50-0 0 2407 43 29 9 2 0.8316 0.6728 123 177
223-0-1-0.05-50-0 0 2407 4 17 17 2 0.0723 0.6398 351 197
223-0-1-0.05-50-0 0 2408 29 43 1 9 0.6728 0.8316 177 123
223-0-1-0.05-50-0 0 2408 41 24 5 13 0.9621 0.1940 105 254
223-0-1-0.05-50-0 0 2409 48 41 3 5 0.1153 0.9621 334 105
223-0-1-0.05-50-0 0 2409 47 32 1 2 0.9293 0.6514 103 215
223-0-1-0.05-50-0 0 2410 11 15 2 4 0.0504 0.7918 384 149
223-0-1-0.05-50-0 0 2410 39 38 5 9 0.2187 0.6163 309 270
223-0-1-0.05-50-0 0 2411 19 43 2 8 0.8072 0.8316 134 123
223-0-1-0.05-50-0 0 2411 38 45 8 11 0.6163 0.3816 270 173
223-0-1-0.05-50-0 0 2412 48 27 3 4 0.1153 0.0776 334 149
223-0-1-0.05-50-0 0 2412 24 1 13 9 0.1940 0.2520 254 409
223-0-1-0.05-50-0 0 2413 27 22 3 6 0.0776 0.0160 149 311
223-0-1-0.05-50-0 0 2413 38 22 9 5 0.6163 0.0160 270 311
223-0-1-0.05-50-0 0 2414 1 4 8 16 0.2520 0.0723 409 351
223-0-1-0.05-50-0 0 2414 35 1 2 8 0.0354 0.2520 158 409
223-0-1-0.05-50-0 0 2415 24 27 13 3 0.1940 0.0776 254 149
223-0-1-0.05-50-0 0 2415 10 38 4 9 0.2533 0.6163 449 270
223-0-1-0.05-50-0 0 2416 24 10 16 5 0.1940 0.2533 254 449
223-0-1-0.05-50-0 0 2416 43 39 7 3 0.8316 0.2187 123 309
223-0-1-0.05-50-0 0 2417 24 24 16 16 0.1940 0.1940 254 254
223-0-1-0.05-50-0 0 2417 45 47 13 1 0.3816 0.9293 173 103
223-0-1-0.05-50-0 0 2418 1 4 7 16 0.2520 0.0723 409 351
223-0-1-0.05-50-0 0 2418 30 41 1 6 0.6008 0.9621 266 105
223-0-1-0.05-50-0 0 2419 14 32 3 1 0.8451 0.6514 105 215
223-0-1-0.05-50-0 0 2419 45 43 16 7 0.3816 0.8316 173 123
223-0-1-0.05-50-0 0 2420 24 41 17 5 0.1940 0.9621 254 105
223-0-1-0.05-50-0 0 2420 38 45 8 16 0.6163 0.3816 270 173
223-0-1-0.05-50-0 0 2421 24 4 18 15 0.1940 0.0723 254 351
223-0-1-0.05-50-0 0 2421 48 24 4 18 0.1153 0.1940 334 254
223-0-1-0.05-50-0 0 2422 26 6 2 2 0.8171 0.4266 141 249
223-0-1-0.05-50-0 0 2422 4 4 14 14 0.0723 0.0723 351 351
223-0-1-0.05-50-0 0 2423 37 19 1 5 0.8481 0.8072 127 134
223-0-1-0.05-50-0 0 2423 20 11 5 2 0.9922 0.0504 102 384
223-0-1-0.05-50-0 0 2424 39 38 3 7 0.2187 0.6163 309 270
223-0-1-0.05-50-0 0 2424 19 14 4 5 0.8072 0.8451 134 105
223-0-1-0.05-50-0 0 2425 6 29 1 3 0.4266 0.6728 249 177
223-0-1-0.05-50-0 0 2425 22 4 3 12 0.0160 0.0723 311 351
223-0-1-0.05-50-0 0 2426 24 44 20 1 0.1940 0.7034 254 118
223-0-1-0.05-50-0 0 2426 43 45 4 17 0.8316 0.3816 123 173
223-0-1-0.05-50-0 0 2427 4 4 10 10 0.0723 0.0723 351 351
223-0-1-0.05-50-0 0 2427 41 4 5 9 0.9621 0.0723 105 351
223-0-1-0.05-50-0 0 2428 24 16 22 1 0.1940 0.2228 254 149
223-0-1-0.05-50-0 0 2428 15 24 5 22 0.7918 0.1940 149 254
223-0-1-0.05-50-0 0 2429 14 45 6 17 0.8451 0.3816 105 173
223-0-1-0.05-50-0 0 2429 48 10 4 4 0.1153 0.2533 334 449
223-0-1-0.05-50-0 0 2430 24 43 23 6 0.1940 0.8316 254 123
223-0-1-0.05-50-0 0 2430 45 38 16 8 0.3816 0.6163 173 270
223-0-1-0.05-50-0 0 2431 4 45 7 13 0.0723 0.3816 351 173
223-0-1-0.05-50-0 0 2431 1 24 10 24 0.2520 0.1940 409 254
223-0-1-0.05-50-0 0 2432 1 23 10 1 0.2520 0.1698 409 476
223-0-1-0.05-50-0 0 2432 4 48 7 5 0.0723 0.1153 351 334
223-0-1-0.05-50-0 0 2433 7 24 1 24 0.9267 0.1940 106 254
223-0-1-0.05-50-0 0 2433 24 29 23 1 0.1940 0.6728 254 177
223-0-1-0.05-50-0 0 2434 38 33 5 1 0.6163 0.6893 270 191
223-0-1-0.05-50-0 0 2434 45 45 14 14 0.3816 0.3816 173 173
223-0-1-0.05-50-0 0 2435 48 24 4 25 0.1153 0.1940 334 254
223-0-1-0.05-50-0 0 2435 24 4 24 8 0.1940 0.0723 254 351
223-0-1-0.05-50-0 0 2436 15 4 6 7 0.7918 0.0723 149 351
223-0-1-0.05-50-0 0 2436 20 14 2 5 0.9922 0.8451 102 105
223-0-1-0.05-50-0 0 2437 1 24 14 26 0.2520 0.1940 409 254
223-0-1-0.05-50-0 0 2437 15 22 7 4 0.7918 0.0160 149 311
223-0-1-0.05-50-0 0 2438 24 5 26 4 0.1940 0.0007 254 226
223-0-1-0.05-50-0 0 2438 24 1 26 14 0.1940 0.2520 254 409
223-0-1-0.05-50-0 0 2439 24 24 26 26 0.1940 0.1940 254 254
223-0-1-0.05-50-0 0 2439 20 20 2 2 0.9922 0.9922 102 102
223-0-1-0.05-50-0 0 2440 24 39 28 1 0.1940 0.2187 254 309
223-0-1-0.05-50-0 0 2440 4 24 6 28 0.0723 0.1940 351 254
223-0-1-0.05-50-0 0 2441 45 43 12 6 0.3816 0.8316 173 123
223-0-1-0.05-50-0 0 2441 4 43 5 5 0.0723 0.8316 351 123
223-0-1-0.05-50-0 0 2442 15 24 7 30 0.7918 0.1940 149 254
223-0-1-0.05-50-0 0 2442 43 14 4 5 0.8316 0.8451 123 105
223-0-1-0.05-50-0 0 2443 48 7 4 2 0.1153 0.9267 334 106
223-0-1-0.05-50-0 0 2443 26 14 2 4 0.8171 0.8451 141 105
223-0-1-0.05-50-0 0 2444 24 1 31 20 0.1940 0.2520 254 409
223-0-1-0.05-50-0 0 2444 24 38 31 6 0.1940 0.6163 254 270
223-0-1-0.05-50-0 0 2445 5 7 3 1 0.0007 0.9267 226 106
223-0-1-0.05-50-0 0 2445 24 10 31 5 0.1940 0.2533 254 449
223-0-1-0.05-50-0 0 2446 24 24 30 30 0.1940 0.1940 254 254
223-0-1-0.05-50-0 0 2446 48 1 5 20 0.1153 0.2520 334 409
223-0-1-0.05-50-0 0 2447 41 4 4 4 0.9621 0.0723 105 351
223-0-1-0.05-50-0 0 2447 38 45 5 14 0.6163 0.3816 270 173
223-0-1-0.05-50-0 0 2448 45 24 13 30 0.3816 0.1940 173 254
223-0-1-0.05-50-0 0 2448 38 1 6 21 0.6163 0.2520 270 409
223-0-1-0.05-50-0 0 2449 22 24 4 30 0.0160 0.1940 311 254
223-0-1-0.05-50-0 0 2449 15 41 6 3 0.7918 0.9621 149 105
223-0-1-0.05-50-0 0 2450 38 1 6 20 0.6163 0.2520 270 409
223-0-1-0.05-50-0 0 2450 24 48 28 7 0.1940 0.1153 254 334
223-0-1-0.05-50-0 0 2451 48 1 7 19 0.1153 0.2520 334 409
223-0-1-0.05-50-0 0 2451 45 15 15 5 0.3816 0.7918 173 149
223-0-1-0.05-50-0 0 2452 24 48 26 7 0.1940 0.1153 254 334
223-0-1-0.05-50-0 0 2452 1 48 17 6 0.2520 0.1153 409 334
223-0-1-0.05-50-0 0 2453 38 41 6 2 0.6163 0.9621 270 105
223-0-1-0.05-50-0 0 2453 43 1 6 18 0.8316 0.2520 123 409
223-0-1-0.05-50-0 0 2454 24 1 27 17 0.1940 0.2520 254 409
223-0-1-0.05-50-0 0 2454 24 24 27 27 0.1940 0.1940 254 254
223-0-1-0.05-50-0 0 2455 24 45 26 12 0.1940 0.3816 254 173
223-0-1-0.05-50-0 0 2455 1 45 15 11 0.2520 0.3816 409 173
223-0-1-0.05-50-0 0 2456 4 27 2 2 0.0723 0.0776 351 149
223-0-1-0.05-50-0 0 2456 24 24 27 27 0.1940 0.1940 254 254
223-0-1-0.05-50-0 0 2457 24 38 26 10 0.1940 0.6163 254 270
223-0-1-0.05-50-0 0 2457 24 24 26 26 0.1940 0.1940 254 254
223-0-1-0.05-50-0 0 2458 45 24 10 22 0.3816 0.1940 173 254
223-0-1-0.05-50-0 0 2458 45 43 10 7 0.3816 0.8316 173 123
223-0-1-0.05-50-0 0 2459 1 1 14 14 0.2520 0.2520 409 409
223-0-1-0.05-50-0 0 2459 1 35 13 1 0.2520 0.0354 409 158
223-0-1-0.05-50-0 0 2460 50 45 2 10 0.2147 0.3816 147 173
223-0-1-0.05-50-0 0 2460 24 1 21 12 0.1940 0.2520 254 409
223-0-1-0.05-50-0 0 2461 24 6 25 5 0.1940 0.4266 254 249
223-0-1-0.05-50-0 0 2461 24 43 25 6 0.1940 0.8316 254 123
223-0-1-0.05-50-0 0 2462 26 48 3 8 0.8171 0.1153 141 334
223-0-1-0.05-50-0 0 2462 3 4 1 3 0.4813 0.0723 321 351
223-0-1-0.05-50-0 0 2463 43 5 6 11 0.8316 0.0007 123 226
223-0-1-0.05-50-0 0 2463 24 48 30 7 0.1940 0.1153 254 334
223-0-1-0.05-50-0 0 2464 24 45 32 12 0.1940 0.3816 254 173
223-0-1-0.05-50-0 0 2464 45 4 11 2 0.3816 0.0723 173 351
223-0-1-0.05-50-0 0 2465 45 1 12 10 0.3816 0.2520 173 409
223-0-1-0.05-50-0 0 2465 30 47 3 11 0.6008 0.9293 266 103
223-0-1-0.05-50-0 0 2466 1 43 10 6 0.2520 0.8316 409 123
223-0-1-0.05-50-0 0 2466 31 24 8 36 0.5626 0.1940 252 254
223-0-1-0.05-50-0 0 2466 48 5 6 10 0.1153 0.0007 334 226
223-0-1-0.05-50-0 0 2467 39 47 3 10 0.2187 0.9293 309 103
223-0-1-0.05-50-0 0 2467 41 1 2 10 0.9621 0.2520 105 409
223-0-1-0.05-50-0 0 2467 47 43 9 5 0.9293 0.8316 103 123
223-0-1-0.05-50-0 0 2468 30 10 3 4 0.6008 0.2533 266 449
223-0-1-0.05-50-0 0 2468 1 38 10 11 0.2520 0.6163 409 270
223-0-1-0.05-50-0 0 2468 39 47 3 9 0.2187 0.9293 309 103
223-0-1-0.05-50-0 0 2469 6 20 4 2 0.4266 0.9922 249 102
223-0-1-0.05-50-0 0 2469 15 5 10 11 0.7918 0.0007 149 226
223-0-1-0.05-50-0 0 2469 5 4 10 2 0.0007 0.0723 226 351
223-0-1-0.05-50-0 0 2470 5 1 11 12 0.0007 0.2520 226 409
223-0-1-0.05-50-0 0 2470 45 15 13 12 0.3816 0.7918 173 149
223-0-1-0.05-50-0 0 2470 39 30 3 3 0.2187 0.6008 309 266
223-0-1-0.05-50-0 0 2471 18 45 1 14 0.2181 0.3816 226 173
223-0-1-0.05-50-0 0 2471 14 24 4 39 0.8451 0.1940 105 254
223-0-1-0.05-50-0 0 2471 30 15 2 11 0.6008 0.7918 266 149
223-0-1-0.05-50-0 0 2472 24 18 39 1 0.1940 0.2181 254 226
223-0-1-0.05-50-0 0 2472 21 47 3 6 0.4184 0.9293 158 103
223-0-1-0.05-50-0 0 2472 5 31 12 11 0.0007 0.5626 226 252
223-0-1-0.05-50-0 0 2473 14 24 3 44 0.8451 0.1940 105 254
223-0-1-0.05-50-0 0 2473 24 47 43 5 0.1940 0.9293 254 103
223-0-1-0.05-50-0 0 2473 19 24 3 43 0.8072 0.1940 134 254
223-0-1-0.05-50-0 0 2474 24 38 42 8 0.1940 0.6163 254 270
223-0-1-0.05-50-0 0 2474 45 45 14 14 0.3816 0.3816 173 173
223-0-1-0.05-50-0 0 2474 40 31 1 10 0.9739 0.5626 104 252
223-0-1-0.05-50-0 0 2475 24 9 45 1 0.1940 0.6134 254 161
223-0-1-0.05-50-0 0 2475 38 5 7 11 0.6163 0.0007 270 226
223-0-1-0.05-50-0 0 2475 30 24 3 45 0.6008 0.1940 266 254
223-0-1-0.05-50-0 0 2476 15 24 6 44 0.7918 0.1940 149 254
223-0-1-0.05-50-0 0 2476 45 24 11 43 0.3816 0.1940 173 254
223-0-1-0.05-50-0 0 2476 45 24 11 42 0.3816 0.1940 173 254
223-0-1-0.05-50-0 0 2477 20 47 1 4 0.9922 0.9293 102 103
223-0-1-0.05-50-0 0 2477 48 24 6 42 0.1153 0.1940 334 254
223-0-1-0.05-50-0 0 2477 38 50 8 1 0.6163 0.2147 270 147
223-0-1-0.05-50-0 0 2478 48 1 6 12 0.1153 0.2520 334 409
223-0-1-0.05-50-0 0 2478 1 24 11 43 0.2520 0.1940 409 254
223-0-1-0.05-50-0 0 2478 1 16 11 1 0.2520 0.2228 409 149
223-0-1-0.05-50-0 0 2479 19 21 5 4 0.8072 0.4184 134 158
223-0-1-0.05-50-0 0 2479 39 1 3 11 0.2187 0.2520 309 409
223-0-1-0.05-50-0 0 2479 5 24 12 42 0.0007 0.1940 226 254
223-0-1-0.05-50-0 0 2480 19 47 6 2 0.8072 0.9293 134 103
223-0-1-0.05-50-0 0 2480 48 45 6 10 0.1153 0.3816 334 173
223-0-1-0.05-50-0 0 2480 45 31 9 8 0.3816 0.5626 173 252
223-0-1-0.05-50-0 0 2481 38 38 8 8 0.6163 0.6163 270 270
223-0-1-0.05-50-0 0 2481 24 41 42 1 0.1940 0.9621 254 105
223-0-1-0.05-50-0 0 2481 24 21 42 3 0.1940 0.4184 254 158
223-0-1-0.05-50-0 0 2482 26 5 4 15 0.8171 0.0007 141 226
223-0-1-0.05-50-0 0 2482 6 24 6 41 0.4266 0.1940 249 254
223-0-1-0.05-50-0 0 2482 29 5 1 14 0.6728 0.0007 177 226
223-0-1-0.05-50-0 0 2483 31 39 8 3 0.5626 0.2187 252 309
223-0-1-0.05-50-0 0 2483 19 15 4 5 0.8072 0.7918 134 149
223-0-1-0.05-50-0 0 2483 11 45 1 12 0.0504 0.3816 384 173
223-0-1-0.05-50-0 0 2484 6 45 6 12 0.4266 0.3816 249 173
223-0-1-0.05-50-0 0 2484 14 24 3 42 0.8451 0.1940 105 254
223-0-1-0.05-50-0 0 2484 10 24 6 41 0.2533 0.1940 449 254
223-0-1-0.05-50-0 0 2485 48 48 7 7 0.1153 0.1153 334 334
223-0-1-0.05-50-0 0 2485 24 24 40 40 0.1940 0.1940 254 254
223-0-1-0.05-50-0 0 2485 20 24 3 39 0.9922 0.1940 102 254
223-0-1-0.05-50-0 0 2486 38 24 10 37 0.6163 0.1940 270 254
223-0-1-0.05-50-0 0 2486 40 38 4 10 0.9739 0.6163 104 270
223-0-1-0.05-50-0 0 2486 24 1 36 11 0.1940 0.2520 254 409
223-0-1-0.05-50-0 0 2487 1 5 10 15 0.2520 0.0007 409 226
223-0-1-0.05-50-0 0 2487 14 14 4 4 0.8451 0.8451 105 105
223-0-1-0.05-50-0 0 2487 26 24 3 39 0.8171 0.1940 141 254
223-0-1-0.05-50-0 0 2488 1 38 11 10 0.2520 0.6163 409 270
223-0-1-0.05-50-0 0 2488 22 20 2 4 0.0160 0.9922 311 102
223-0-1-0.05-50-0 0 2488 5 2 16 4 0.0007 0.8198 226 167
223-0-1-0.05-50-0 0 2489 40 5 6 16 0.9739 0.0007 104 226
223-0-1-0.05-50-0 0 2489 38 24 9 40 0.6163 0.1940 270 254
223-0-1-0.05-50-0 0 2489 48 1 5 11 0.1153 0.2520 334 409
223-0-1-0.05-50-0 0 2490 24 38 42 9 0.1940 0.6163 254 270
223-0-1-0.05-50-0 0 2490 24 6 42 7 0.1940 0.4266 254 249
223-0-1-0.05-50-0 0 2490 20 24 3 42 0.9922 0.1940 102 254
223-0-1-0.05-50-0 0 2491 24 1 40 10 0.1940 0.2520 254 409
223-0-1-0.05-50-0 0 2491 1 24 9 40 0.2520 0.1940 409 254
223-0-1-0.05-50-0 0 2491 1 24 9 39 0.2520 0.1940 409 254
223-0-1-0.05-50-0 0 2492 31 6 6 6 0.5626 0.4266 252 249
223-0-1-0.05-50-0 0 2492 38 40 8 7 0.6163 0.9739 270 104
223-0-1-0.05-50-0 0 2492 6 5 5 15 0.4266 0.0007 249 226
223-0-1-0.05-50-0 0 2493 45 24 6 39 0.3816 0.1940 173 254
223-0-1-0.05-50-0 0 2493 3 24 5 38 0.4813 0.1940 321 254
223-0-1-0.05-50-0 0 2493 5 24 13 37 0.0007 0.1940 226 254
223-0-1-0.05-50-0 0 2494 5 6 13 6 0.0007 0.4266 226 249
223-0-1-0.05-50-0 0 2494 24 14 39 2 0.1940 0.8451 254 105
223-0-1-0.05-50-0 0 2494 10 5 6 13 0.2533 0.0007 449 226
223-0-1-0.05-50-0 0 2495 38 24 10 41 0.6163 0.1940 270 254
223-0-1-0.05-50-0 0 2495 24 24 40 40 0.1940 0.1940 254 254
223-0-1-0.05-50-0 0 2495 20 3 3 5 0.9922 0.4813 102 321
223-0-1-0.05-50-0 0 2496 2 38 3 11 0.8198 0.6163 167 270
223-0-1-0.05-50-0 0 2496 21 38 6 10 0.4184 0.6163 158 270
223-0-1-0.05-50-0 0 2496 10 34 6 2 0.2533 0.7448 449 168
223-0-1-0.05-50-0 0 2497 3 5 4 10 0.4813 0.0007 321 226
223-0-1-0.05-50-0 0 2497 21 31 6 5 0.4184 0.5626 158 252
223-0-1-0.05-50-0 0 2497 49 24 3 43 0.1842 0.1940 136 254
223-0-1-0.05-50-0 0 2498 39 21 2 8 0.2187 0.4184 309 158
223-0-1-0.05-50-0 0 2498 11 24 4 43 0.0504 0.1940 384 254
223-0-1-0.05-50-0 0 2498 24 3 42 4 0.1940 0.4813 254 321
223-0-1-0.05-50-0 0 2499 24 21 42 7 0.1940 0.4184 254 158
223-0-1-0.05-50-0 0 2499 24 29 42 1 0.1940 0.6728 254 177
223-0-1-0.05-50-0 0 2499 34 33 1 2 0.7448 0.6893 168 191
223-0-1-0.05-50-0 0 2500 40 48 5 4 0.9739 0.1153 104 334
223-0-1-0.05-50-0 0 2500 48 19 3 5 0.1153 0.8072 334 134
223-0-1-0.05-50-0 0 2500 24 5 42 9 0.1940 0.0007 254 226
