225-0-1-0.05-50-0 0 2302 35 35 8 8 0.0354 0.0354 158 158
225-0-1-0.05-50-0 0 2303 39 48 9 2 0.2187 0.1153 309 334
225-0-1-0.05-50-0 0 2304 12 46 6 12 0.1896 0.3451 325 327
225-0-1-0.05-50-0 0 2305 9 43 2 9 0.6134 0.8316 161 123
225-0-1-0.05-50-0 0 2306 38 20 5 7 0.6163 0.9922 270 102
225-0-1-0.05-50-0 0 2307 39 43 10 8 0.2187 0.8316 309 123
225-0-1-0.05-50-0 0 2308 6 46 1 13 0.4266 0.3451 249 327
225-0-1-0.05-50-0 0 2309 3 19 2 3 0.4813 0.8072 321 134
225-0-1-0.05-50-0 0 2310 14 23 1 2 0.8451 0.1698 105 476
225-0-1-0.05-50-0 0 2311 20 43 6 8 0.9922 0.8316 102 123
225-0-1-0.05-50-0 0 2312 4 46 2 10 0.0723 0.3451 351 327
225-0-1-0.05-50-0 0 2313 25 14 1 1 0.9430 0.8451 125 105
225-0-1-0.05-50-0 0 2314 25 43 1 7 0.9430 0.8316 125 123
225-0-1-0.05-50-0 0 2315 46 39 7 11 0.3451 0.2187 327 309
225-0-1-0.05-50-0 0 2316 27 25 1 1 0.0776 0.9430 149 125
225-0-1-0.05-50-0 0 2317 50 16 1 1 0.2147 0.2228 147 149
225-0-1-0.05-50-0 0 2318 38 21 3 4 0.6163 0.4184 270 158
225-0-1-0.05-50-0 0 2319 41 38 2 3 0.9621 0.6163 105 270
225-0-1-0.05-50-0 0 2320 21 43 3 10 0.4184 0.8316 158 123
225-0-1-0.05-50-0 0 2321 46 46 6 6 0.3451 0.3451 327 327
225-0-1-0.05-50-0 0 2322 43 17 10 3 0.8316 0.6398 123 197
225-0-1-0.05-50-0 0 2323 23 17 2 2 0.1698 0.6398 476 197
225-0-1-0.05-50-0 0 2324 43 18 10 3 0.8316 0.2181 123 226
225-0-1-0.05-50-0 0 2325 39 35 8 13 0.2187 0.0354 309 158
225-0-1-0.05-50-0 0 2326 43 4 10 6 0.8316 0.0723 123 351
225-0-1-0.05-50-0 0 2327 20 20 4 4 0.9922 0.9922 102 102
225-0-1-0.05-50-0 0 2328 43 39 8 9 0.8316 0.2187 123 309
225-0-1-0.05-50-0 0 2329 48 39 3 9 0.1153 0.2187 334 309
225-0-1-0.05-50-0 0 2330 21 46 6 4 0.4184 0.3451 158 327
225-0-1-0.05-50-0 0 2331 43 11 8 2 0.8316 0.0504 123 384
225-0-1-0.05-50-0 0 2332 39 4 9 6 0.2187 0.0723 309 351
225-0-1-0.05-50-0 0 2333 9 35 3 13 0.6134 0.0354 161 158
225-0-1-0.05-50-0 0 2334 21 41 6 3 0.4184 0.9621 158 105
225-0-1-0.05-50-0 0 2335 20 35 3 12 0.9922 0.0354 102 158
225-0-1-0.05-50-0 0 2336 35 12 11 4 0.0354 0.1896 158 325
225-0-1-0.05-50-0 0 2337 21 27 5 3 0.4184 0.0776 158 149
225-0-1-0.05-50-0 0 2338 15 35 3 11 0.7918 0.0354 149 158
225-0-1-0.05-50-0 0 2339 11 27 1 3 0.0504 0.0776 384 149
225-0-1-0.05-50-0 0 2340 27 23 2 1 0.0776 0.1698 149 476
225-0-1-0.05-50-0 0 2341 43 22 6 1 0.8316 0.0160 123 311
225-0-1-0.05-50-0 0 2342 4 3 6 1 0.0723 0.4813 351 321
225-0-1-0.05-50-0 0 2343 15 30 4 2 0.7918 0.6008 149 266
225-0-1-0.05-50-0 0 2344 15 12 3 3 0.7918 0.1896 149 325
225-0-1-0.05-50-0 0 2345 35 35 12 12 0.0354 0.0354 158 158
225-0-1-0.05-50-0 0 2346 4 11 7 1 0.0723 0.0504 351 384
225-0-1-0.05-50-0 0 2347 38 35 3 12 0.6163 0.0354 270 158
225-0-1-0.05-50-0 0 2348 36 21 1 8 0.8162 0.4184 165 158
225-0-1-0.05-50-0 0 2349 21 19 8 6 0.4184 0.8072 158 134
225-0-1-0.05-50-0 0 2350 39 35 10 12 0.2187 0.0354 309 158
225-0-1-0.05-50-0 0 2351 4 10 8 6 0.0723 0.2533 351 449
225-0-1-0.05-50-0 0 2352 38 10 4 4 0.6163 0.2533 270 449
225-0-1-0.05-50-0 0 2353 50 49 3 2 0.2147 0.1842 147 136
225-0-1-0.05-50-0 0 2354 4 4 8 8 0.0723 0.0723 351 351
225-0-1-0.05-50-0 0 2355 4 12 7 3 0.0723 0.1896 351 325
225-0-1-0.05-50-0 0 2356 39 36 11 3 0.2187 0.8162 309 165
225-0-1-0.05-50-0 0 2356 10 41 4 10 0.2533 0.9621 449 105
225-0-1-0.05-50-0 0 2357 35 19 11 6 0.0354 0.8072 158 134
225-0-1-0.05-50-0 0 2357 21 35 8 11 0.4184 0.0354 158 158
225-0-1-0.05-50-0 0 2358 10 39 3 11 0.2533 0.2187 449 309
225-0-1-0.05-50-0 0 2358 20 39 4 10 0.9922 0.2187 102 309
225-0-1-0.05-50-0 0 2359 41 48 11 5 0.9621 0.1153 105 334
225-0-1-0.05-50-0 0 2359 48 39 4 9 0.1153 0.2187 334 309
225-0-1-0.05-50-0 0 2360 48 43 4 5 0.1153 0.8316 334 123
225-0-1-0.05-50-0 0 2360 41 38 10 7 0.9621 0.6163 105 270
225-0-1-0.05-50-0 0 2361 38 39 6 10 0.6163 0.2187 270 309
225-0-1-0.05-50-0 0 2361 50 41 3 9 0.2147 0.9621 147 105
225-0-1-0.05-50-0 0 2362 41 38 8 7 0.9621 0.6163 105 270
225-0-1-0.05-50-0 0 2362 38 4 6 8 0.6163 0.0723 270 351
225-0-1-0.05-50-0 0 2363 4 32 7 1 0.0723 0.6514 351 215
225-0-1-0.05-50-0 0 2363 8 19 1 5 0.2506 0.8072 303 134
225-0-1-0.05-50-0 0 2364 41 35 7 11 0.9621 0.0354 105 158
225-0-1-0.05-50-0 0 2365 12 21 2 6 0.1896 0.4184 325 158
225-0-1-0.05-50-0 0 2366 20 45 4 2 0.9922 0.3816 102 173
225-0-1-0.05-50-0 0 2367 19 5 4 7 0.8072 0.0007 134 226
225-0-1-0.05-50-0 0 2368 35 43 11 5 0.0354 0.8316 158 123
225-0-1-0.05-50-0 0 2369 4 39 7 15 0.0723 0.2187 351 309
225-0-1-0.05-50-0 0 2370 39 35 14 11 0.2187 0.0354 309 158
225-0-1-0.05-50-0 0 2371 33 27 1 2 0.6893 0.0776 191 149
225-0-1-0.05-50-0 0 2372 21 41 4 6 0.4184 0.9621 158 105
225-0-1-0.05-50-0 0 2373 43 39 3 16 0.8316 0.2187 123 309
225-0-1-0.05-50-0 0 2374 33 39 1 15 0.6893 0.2187 191 309
225-0-1-0.05-50-0 0 2375 43 35 4 14 0.8316 0.0354 123 158
225-0-1-0.05-50-0 0 2375 5 5 8 8 0.0007 0.0007 226 226
225-0-1-0.05-50-0 0 2376 12 47 4 3 0.1896 0.9293 325 103
225-0-1-0.05-50-0 0 2376 6 48 3 3 0.4266 0.1153 249 334
225-0-1-0.05-50-0 0 2377 39 39 15 15 0.2187 0.2187 309 309
225-0-1-0.05-50-0 0 2377 19 20 5 5 0.8072 0.9922 134 102
225-0-1-0.05-50-0 0 2378 41 43 5 4 0.9621 0.8316 105 123
225-0-1-0.05-50-0 0 2378 24 39 3 14 0.1940 0.2187 254 309
225-0-1-0.05-50-0 0 2379 39 4 12 8 0.2187 0.0723 309 351
225-0-1-0.05-50-0 0 2379 21 41 4 5 0.4184 0.9621 158 105
225-0-1-0.05-50-0 0 2380 48 38 4 3 0.1153 0.6163 334 270
225-0-1-0.05-50-0 0 2380 39 48 13 4 0.2187 0.1153 309 334
225-0-1-0.05-50-0 0 2381 39 35 15 16 0.2187 0.0354 309 158
225-0-1-0.05-50-0 0 2381 49 19 1 5 0.1842 0.8072 136 134
225-0-1-0.05-50-0 0 2382 12 43 4 3 0.1896 0.8316 325 123
225-0-1-0.05-50-0 0 2382 35 39 16 13 0.0354 0.2187 158 309
225-0-1-0.05-50-0 0 2383 19 43 5 2 0.8072 0.8316 134 123
225-0-1-0.05-50-0 0 2383 39 38 11 1 0.2187 0.6163 309 270
225-0-1-0.05-50-0 0 2384 47 35 3 15 0.9293 0.0354 103 158
225-0-1-0.05-50-0 0 2385 39 45 11 1 0.2187 0.3816 309 173
225-0-1-0.05-50-0 0 2386 4 35 8 15 0.0723 0.0354 351 158
225-0-1-0.05-50-0 0 2387 35 24 13 3 0.0354 0.1940 158 254
225-0-1-0.05-50-0 0 2387 27 41 2 6 0.0776 0.9621 149 105
225-0-1-0.05-50-0 0 2388 4 29 8 1 0.0723 0.6728 351 177
225-0-1-0.05-50-0 0 2388 50 7 5 2 0.2147 0.9267 147 106
225-0-1-0.05-50-0 0 2389 5 24 13 2 0.0007 0.1940 226 254
225-0-1-0.05-50-0 0 2389 47 35 2 13 0.9293 0.0354 103 158
225-0-1-0.05-50-0 0 2390 4 41 8 5 0.0723 0.9621 351 105
225-0-1-0.05-50-0 0 2390 36 4 2 8 0.8162 0.0723 165 351
225-0-1-0.05-50-0 0 2391 5 30 15 4 0.0007 0.6008 226 266
225-0-1-0.05-50-0 0 2391 35 39 12 12 0.0354 0.2187 158 309
225-0-1-0.05-50-0 0 2392 39 19 9 6 0.2187 0.8072 309 134
225-0-1-0.05-50-0 0 2393 39 39 11 11 0.2187 0.2187 309 309
225-0-1-0.05-50-0 0 2393 20 5 5 16 0.9922 0.0007 102 226
225-0-1-0.05-50-0 0 2394 39 19 10 6 0.2187 0.8072 309 134
225-0-1-0.05-50-0 0 2394 20 50 5 8 0.9922 0.2147 102 147
225-0-1-0.05-50-0 0 2395 19 50 5 6 0.8072 0.2147 134 147
225-0-1-0.05-50-0 0 2395 19 5 5 17 0.8072 0.0007 134 226
225-0-1-0.05-50-0 0 2396 45 7 3 3 0.3816 0.9267 173 106
225-0-1-0.05-50-0 0 2396 24 4 2 6 0.1940 0.0723 254 351
225-0-1-0.05-50-0 0 2397 20 12 5 7 0.9922 0.1896 102 325
225-0-1-0.05-50-0 0 2397 45 5 4 16 0.3816 0.0007 173 226
225-0-1-0.05-50-0 0 2398 5 47 15 2 0.0007 0.9293 226 103
225-0-1-0.05-50-0 0 2398 19 18 5 1 0.8072 0.2181 134 226
225-0-1-0.05-50-0 0 2399 12 4 6 6 0.1896 0.0723 325 351
225-0-1-0.05-50-0 0 2399 21 45 5 3 0.4184 0.3816 158 173
225-0-1-0.05-50-0 0 2400 41 50 6 7 0.9621 0.2147 105 147
225-0-1-0.05-50-0 0 2400 39 50 13 6 0.2187 0.2147 309 147
225-0-1-0.05-50-0 0 2401 36 7 3 2 0.8162 0.9267 165 106
225-0-1-0.05-50-0 0 2401 48 4 6 5 0.1153 0.0723 334 351
225-0-1-0.05-50-0 0 2402 48 14 6 6 0.1153 0.8451 334 105
225-0-1-0.05-50-0 0 2402 39 14 12 5 0.2187 0.8451 309 105
225-0-1-0.05-50-0 0 2403 41 5 6 17 0.9621 0.0007 105 226
225-0-1-0.05-50-0 0 2403 39 20 13 5 0.2187 0.9922 309 102
225-0-1-0.05-50-0 0 2404 39 21 14 6 0.2187 0.4184 309 158
225-0-1-0.05-50-0 0 2404 39 38 14 3 0.2187 0.6163 309 270
225-0-1-0.05-50-0 0 2405 39 5 15 17 0.2187 0.0007 309 226
225-0-1-0.05-50-0 0 2405 35 20 7 4 0.0354 0.9922 158 102
225-0-1-0.05-50-0 0 2406 21 48 4 5 0.4184 0.1153 158 334
225-0-1-0.05-50-0 0 2406 35 4 7 4 0.0354 0.0723 158 351
225-0-1-0.05-50-0 0 2407 35 20 9 3 0.0354 0.9922 158 102
225-0-1-0.05-50-0 0 2407 35 50 9 5 0.0354 0.2147 158 147
225-0-1-0.05-50-0 0 2408 6 39 2 16 0.4266 0.2187 249 309
225-0-1-0.05-50-0 0 2408 39 39 15 15 0.2187 0.2187 309 309
225-0-1-0.05-50-0 0 2409 39 47 14 2 0.2187 0.9293 309 103
225-0-1-0.05-50-0 0 2409 20 5 1 21 0.9922 0.0007 102 226
225-0-1-0.05-50-0 0 2410 45 36 2 4 0.3816 0.8162 173 165
225-0-1-0.05-50-0 0 2410 39 5 15 21 0.2187 0.0007 309 226
225-0-1-0.05-50-0 0 2411 21 5 5 20 0.4184 0.0007 158 226
225-0-1-0.05-50-0 0 2411 38 5 4 19 0.6163 0.0007 270 226
225-0-1-0.05-50-0 0 2412 41 35 7 9 0.9621 0.0354 105 158
225-0-1-0.05-50-0 0 2412 35 35 8 8 0.0354 0.0354 158 158
225-0-1-0.05-50-0 0 2413 50 41 4 8 0.2147 0.9621 147 105
225-0-1-0.05-50-0 0 2413 39 5 13 20 0.2187 0.0007 309 226
225-0-1-0.05-50-0 0 2414 5 47 19 2 0.0007 0.9293 226 103
225-0-1-0.05-50-0 0 2414 10 39 2 13 0.2533 0.2187 449 309
225-0-1-0.05-50-0 0 2415 24 35 5 9 0.1940 0.0354 254 158
225-0-1-0.05-50-0 0 2415 45 21 3 5 0.3816 0.4184 173 158
225-0-1-0.05-50-0 0 2416 19 5 9 18 0.8072 0.0007 134 226
225-0-1-0.05-50-0 0 2416 35 19 8 9 0.0354 0.8072 158 134
225-0-1-0.05-50-0 0 2417 48 4 5 5 0.1153 0.0723 334 351
225-0-1-0.05-50-0 0 2417 19 6 8 1 0.8072 0.4266 134 249
225-0-1-0.05-50-0 0 2418 5 19 16 8 0.0007 0.8072 226 134
225-0-1-0.05-50-0 0 2418 39 45 10 3 0.2187 0.3816 309 173
225-0-1-0.05-50-0 0 2419 35 5 9 18 0.0354 0.0007 158 226
225-0-1-0.05-50-0 0 2419 35 11 9 3 0.0354 0.0504 158 384
225-0-1-0.05-50-0 0 2420 38 45 8 3 0.6163 0.3816 270 173
225-0-1-0.05-50-0 0 2420 39 38 10 8 0.2187 0.6163 309 270
225-0-1-0.05-50-0 0 2421 41 5 7 19 0.9621 0.0007 105 226
225-0-1-0.05-50-0 0 2421 38 48 8 7 0.6163 0.1153 270 334
225-0-1-0.05-50-0 0 2422 39 50 8 6 0.2187 0.2147 309 147
225-0-1-0.05-50-0 0 2422 5 5 17 17 0.0007 0.0007 226 226
225-0-1-0.05-50-0 0 2423 5 11 16 2 0.0007 0.0504 226 384
225-0-1-0.05-50-0 0 2423 38 5 8 16 0.6163 0.0007 270 226
225-0-1-0.05-50-0 0 2424 40 48 2 7 0.9739 0.1153 104 334
225-0-1-0.05-50-0 0 2424 5 39 15 9 0.0007 0.2187 226 309
225-0-1-0.05-50-0 0 2425 19 41 7 10 0.8072 0.9621 134 105
225-0-1-0.05-50-0 0 2425 50 50 5 5 0.2147 0.2147 147 147
225-0-1-0.05-50-0 0 2426 12 11 2 1 0.1896 0.0504 325 384
225-0-1-0.05-50-0 0 2426 5 21 16 5 0.0007 0.4184 226 158
225-0-1-0.05-50-0 0 2427 40 14 4 4 0.9739 0.8451 104 105
225-0-1-0.05-50-0 0 2427 41 41 9 9 0.9621 0.9621 105 105
225-0-1-0.05-50-0 0 2428 41 40 8 4 0.9621 0.9739 105 104
225-0-1-0.05-50-0 0 2428 4 41 2 8 0.0723 0.9621 351 105
225-0-1-0.05-50-0 0 2429 48 41 6 7 0.1153 0.9621 334 105
225-0-1-0.05-50-0 0 2429 5 5 17 17 0.0007 0.0007 226 226
225-0-1-0.05-50-0 0 2430 48 21 5 4 0.1153 0.4184 334 158
225-0-1-0.05-50-0 0 2430 40 36 3 4 0.9739 0.8162 104 165
225-0-1-0.05-50-0 0 2431 5 10 17 2 0.0007 0.2533 226 449
225-0-1-0.05-50-0 0 2431 43 4 2 3 0.8316 0.0723 123 351
225-0-1-0.05-50-0 0 2432 39 24 9 4 0.2187 0.1940 309 254
225-0-1-0.05-50-0 0 2432 50 48 4 7 0.2147 0.1153 147 334
225-0-1-0.05-50-0 0 2433 39 19 11 7 0.2187 0.8072 309 134
225-0-1-0.05-50-0 0 2433 5 21 18 4 0.0007 0.4184 226 158
225-0-1-0.05-50-0 0 2434 48 35 5 11 0.1153 0.0354 334 158
225-0-1-0.05-50-0 0 2434 5 20 19 2 0.0007 0.9922 226 102
225-0-1-0.05-50-0 0 2435 5 5 18 18 0.0007 0.0007 226 226
225-0-1-0.05-50-0 0 2435 39 39 12 12 0.2187 0.2187 309 309
225-0-1-0.05-50-0 0 2436 9 41 8 4 0.6134 0.9621 161 105
225-0-1-0.05-50-0 0 2436 39 9 11 8 0.2187 0.6134 309 161
225-0-1-0.05-50-0 0 2437 9 5 7 19 0.6134 0.0007 161 226
225-0-1-0.05-50-0 0 2437 40 35 4 10 0.9739 0.0354 104 158
225-0-1-0.05-50-0 0 2438 1 36 1 6 0.2520 0.8162 409 165
225-0-1-0.05-50-0 0 2438 43 5 2 17 0.8316 0.0007 123 226
225-0-1-0.05-50-0 0 2439 35 19 8 8 0.0354 0.8072 158 134
225-0-1-0.05-50-0 0 2439 9 24 9 4 0.6134 0.1940 161 254
225-0-1-0.05-50-0 0 2440 24 41 2 2 0.1940 0.9621 254 105
225-0-1-0.05-50-0 0 2440 36 29 6 2 0.8162 0.6728 165 177
225-0-1-0.05-50-0 0 2441 24 19 2 5 0.1940 0.8072 254 134
225-0-1-0.05-50-0 0 2441 9 38 10 6 0.6134 0.6163 161 270
225-0-1-0.05-50-0 0 2442 9 46 9 2 0.6134 0.3451 161 327
225-0-1-0.05-50-0 0 2442 5 40 13 3 0.0007 0.9739 226 104
225-0-1-0.05-50-0 0 2443 9 21 8 2 0.6134 0.4184 161 158
225-0-1-0.05-50-0 0 2443 41 39 1 12 0.9621 0.2187 105 309
225-0-1-0.05-50-0 0 2444 19 20 5 2 0.8072 0.9922 134 102
225-0-1-0.05-50-0 0 2444 39 5 14 13 0.2187 0.0007 309 226
225-0-1-0.05-50-0 0 2445 39 39 15 15 0.2187 0.2187 309 309
225-0-1-0.05-50-0 0 2445 24 37 3 1 0.1940 0.8481 254 127
225-0-1-0.05-50-0 0 2446 9 39 9 16 0.6134 0.2187 161 309
225-0-1-0.05-50-0 0 2446 9 10 9 2 0.6134 0.2533 161 449
225-0-1-0.05-50-0 0 2447 39 38 16 5 0.2187 0.6163 309 270
225-0-1-0.05-50-0 0 2447 36 27 7 2 0.8162 0.0776 165 149
225-0-1-0.05-50-0 0 2448 5 5 11 11 0.0007 0.0007 226 226
225-0-1-0.05-50-0 0 2448 38 22 5 4 0.6163 0.0160 270 311
225-0-1-0.05-50-0 0 2449 14 50 6 4 0.8451 0.2147 105 147
225-0-1-0.05-50-0 0 2449 5 19 10 5 0.0007 0.8072 226 134
225-0-1-0.05-50-0 0 2450 35 39 8 16 0.0354 0.2187 158 309
225-0-1-0.05-50-0 0 2450 41 14 1 6 0.9621 0.8451 105 105
225-0-1-0.05-50-0 0 2451 12 29 1 2 0.1896 0.6728 325 177
225-0-1-0.05-50-0 0 2451 28 9 4 12 0.3846 0.6134 311 161
225-0-1-0.05-50-0 0 2452 32 39 1 16 0.6514 0.2187 215 309
225-0-1-0.05-50-0 0 2452 5 14 12 6 0.0007 0.8451 226 105
225-0-1-0.05-50-0 0 2453 39 39 16 16 0.2187 0.2187 309 309
225-0-1-0.05-50-0 0 2453 39 39 15 15 0.2187 0.2187 309 309
225-0-1-0.05-50-0 0 2454 9 35 12 7 0.6134 0.0354 161 158
225-0-1-0.05-50-0 0 2454 12 9 2 12 0.1896 0.6134 325 161
225-0-1-0.05-50-0 0 2455 45 47 5 3 0.3816 0.9293 173 103
225-0-1-0.05-50-0 0 2455 47 45 2 5 0.9293 0.3816 103 173
225-0-1-0.05-50-0 0 2456 50 10 3 2 0.2147 0.2533 147 449
225-0-1-0.05-50-0 0 2456 24 35 3 6 0.1940 0.0354 254 158
225-0-1-0.05-50-0 0 2457 5 5 15 15 0.0007 0.0007 226 226
225-0-1-0.05-50-0 0 2457 39 48 16 3 0.2187 0.1153 309 334
225-0-1-0.05-50-0 0 2458 47 22 2 5 0.9293 0.0160 103 311
225-0-1-0.05-50-0 0 2458 35 28 7 4 0.0354 0.3846 158 311
225-0-1-0.05-50-0 0 2459 45 43 5 1 0.3816 0.8316 173 123
225-0-1-0.05-50-0 0 2459 50 5 4 13 0.2147 0.0007 147 226
225-0-1-0.05-50-0 0 2460 39 19 16 6 0.2187 0.8072 309 134
225-0-1-0.05-50-0 0 2460 19 35 5 8 0.8072 0.0354 134 158
225-0-1-0.05-50-0 0 2461 9 39 8 17 0.6134 0.2187 161 309
225-0-1-0.05-50-0 0 2461 24 35 3 7 0.1940 0.0354 254 158
225-0-1-0.05-50-0 0 2462 28 32 4 2 0.3846 0.6514 311 215
225-0-1-0.05-50-0 0 2462 11 24 6 3 0.0504 0.1940 384 254
225-0-1-0.05-50-0 0 2463 25 39 3 16 0.9430 0.2187 125 309
225-0-1-0.05-50-0 0 2463 29 14 3 7 0.6728 0.8451 177 105
225-0-1-0.05-50-0 0 2464 39 5 15 14 0.2187 0.0007 309 226
225-0-1-0.05-50-0 0 2464 39 5 15 13 0.2187 0.0007 309 226
225-0-1-0.05-50-0 0 2465 22 38 4 2 0.0160 0.6163 311 270
225-0-1-0.05-50-0 0 2465 47 22 3 4 0.9293 0.0160 103 311
225-0-1-0.05-50-0 0 2466 12 40 3 3 0.1896 0.9739 325 104
225-0-1-0.05-50-0 0 2466 45 5 3 13 0.3816 0.0007 173 226
225-0-1-0.05-50-0 0 2467 28 44 4 1 0.3846 0.7034 311 118
225-0-1-0.05-50-0 0 2467 50 14 5 5 0.2147 0.8451 147 105
225-0-1-0.05-50-0 0 2468 35 5 7 13 0.0354 0.0007 158 226
225-0-1-0.05-50-0 0 2468 1 5 3 12 0.2520 0.0007 409 226
225-0-1-0.05-50-0 0 2469 32 40 1 3 0.6514 0.9739 215 104
225-0-1-0.05-50-0 0 2469 5 39 12 15 0.0007 0.2187 226 309
225-0-1-0.05-50-0 0 2470 19 29 5 4 0.8072 0.6728 134 177
225-0-1-0.05-50-0 0 2470 14 5 4 12 0.8451 0.0007 105 226
225-0-1-0.05-50-0 0 2471 12 1 5 4 0.1896 0.2520 325 409
225-0-1-0.05-50-0 0 2471 5 10 13 1 0.0007 0.2533 226 449
225-0-1-0.05-50-0 0 2472 9 47 9 4 0.6134 0.9293 161 103
225-0-1-0.05-50-0 0 2472 28 11 7 6 0.3846 0.0504 311 384
225-0-1-0.05-50-0 0 2473 19 9 5 10 0.8072 0.6134 134 161
225-0-1-0.05-50-0 0 2473 9 14 9 5 0.6134 0.8451 161 105
225-0-1-0.05-50-0 0 2474 5 24 14 2 0.0007 0.1940 226 254
225-0-1-0.05-50-0 0 2474 25 12 5 5 0.9430 0.1896 125 325
225-0-1-0.05-50-0 0 2475 9 28 8 8 0.6134 0.3846 161 311
225-0-1-0.05-50-0 0 2475 11 50 5 7 0.0504 0.2147 384 147
225-0-1-0.05-50-0 0 2476 5 39 12 22 0.0007 0.2187 226 309
225-0-1-0.05-50-0 0 2476 39 25 21 5 0.2187 0.9430 309 125
225-0-1-0.05-50-0 0 2477 29 25 2 5 0.6728 0.9430 177 125
225-0-1-0.05-50-0 0 2477 35 11 8 3 0.0354 0.0504 158 384
225-0-1-0.05-50-0 0 2478 50 5 8 13 0.2147 0.0007 147 226
225-0-1-0.05-50-0 0 2478 48 14 4 7 0.1153 0.8451 334 105
225-0-1-0.05-50-0 0 2479 23 14 2 6 0.1698 0.8451 476 105
225-0-1-0.05-50-0 0 2479 39 39 20 20 0.2187 0.2187 309 309
225-0-1-0.05-50-0 0 2480 39 29 18 2 0.2187 0.6728 309 177
225-0-1-0.05-50-0 0 2480 1 28 4 6 0.2520 0.3846 409 311
225-0-1-0.05-50-0 0 2481 50 5 10 13 0.2147 0.0007 147 226
225-0-1-0.05-50-0 0 2481 42 19 2 7 0.7447 0.8072 106 134
225-0-1-0.05-50-0 0 2482 36 25 4 5 0.8162 0.9430 165 125
225-0-1-0.05-50-0 0 2482 14 9 4 10 0.8451 0.6134 105 161
225-0-1-0.05-50-0 0 2483 36 23 4 1 0.8162 0.1698 165 476
225-0-1-0.05-50-0 0 2483 36 39 4 20 0.8162 0.2187 165 309
225-0-1-0.05-50-0 0 2484 50 35 10 10 0.2147 0.0354 147 158
225-0-1-0.05-50-0 0 2484 6 35 1 9 0.4266 0.0354 249 158
225-0-1-0.05-50-0 0 2485 35 50 9 10 0.0354 0.2147 158 147
225-0-1-0.05-50-0 0 2485 6 6 3 3 0.4266 0.4266 249 249
225-0-1-0.05-50-0 0 2486 14 1 3 9 0.8451 0.2520 105 409
225-0-1-0.05-50-0 0 2486 35 42 9 3 0.0354 0.7447 158 106
225-0-1-0.05-50-0 0 2487 40 40 5 5 0.9739 0.9739 104 104
225-0-1-0.05-50-0 0 2487 25 50 6 5 0.9430 0.2147 125 147
225-0-1-0.05-50-0 0 2488 35 39 9 17 0.0354 0.2187 158 309
225-0-1-0.05-50-0 0 2488 31 32 2 2 0.5626 0.6514 252 215
225-0-1-0.05-50-0 0 2489 27 12 5 9 0.0776 0.1896 149 325
225-0-1-0.05-50-0 0 2489 5 31 11 2 0.0007 0.5626 226 252
225-0-1-0.05-50-0 0 2490 36 5 6 11 0.8162 0.0007 165 226
225-0-1-0.05-50-0 0 2490 12 5 9 10 0.1896 0.0007 325 226
225-0-1-0.05-50-0 0 2491 28 28 3 3 0.3846 0.3846 311 311
225-0-1-0.05-50-0 0 2491 5 9 9 8 0.0007 0.6134 226 161
225-0-1-0.05-50-0 0 2492 8 1 3 8 0.2506 0.2520 303 409
225-0-1-0.05-50-0 0 2492 9 1 8 7 0.6134 0.2520 161 409
225-0-1-0.05-50-0 0 2493 4 5 2 10 0.0723 0.0007 351 226
225-0-1-0.05-50-0 0 2493 25 27 6 5 0.9430 0.0776 125 149
225-0-1-0.05-50-0 0 2494 50 5 2 8 0.2147 0.0007 147 226
225-0-1-0.05-50-0 0 2494 3 27 2 3 0.4813 0.0776 321 149
225-0-1-0.05-50-0 0 2495 36 12 6 9 0.8162 0.1896 165 325
225-0-1-0.05-50-0 0 2495 35 17 13 4 0.0354 0.6398 158 197
225-0-1-0.05-50-0 0 2496 28 35 2 14 0.3846 0.0354 311 158
225-0-1-0.05-50-0 0 2496 1 1 6 6 0.2520 0.2520 409 409
225-0-1-0.05-50-0 0 2497 40 35 4 13 0.9739 0.0354 104 158
225-0-1-0.05-50-0 0 2497 5 32 10 1 0.0007 0.6514 226 215
225-0-1-0.05-50-0 0 2498 12 19 7 5 0.1896 0.8072 325 134
225-0-1-0.05-50-0 0 2498 25 39 5 23 0.9430 0.2187 125 309
225-0-1-0.05-50-0 0 2499 35 45 14 1 0.0354 0.3816 158 173
225-0-1-0.05-50-0 0 2499 17 1 3 6 0.6398 0.2520 197 409
225-0-1-0.05-50-0 0 2500 35 19 13 4 0.0354 0.8072 158 134
225-0-1-0.05-50-0 0 2500 27 39 2 25 0.0776 0.2187 149 309
