226-0-1-0.05-50-0 0 2302 39 16 23 9 0.2187 0.2228 309 149
226-0-1-0.05-50-0 0 2302 28 39 14 23 0.3846 0.2187 311 309
226-0-1-0.05-50-0 0 2303 7 38 6 10 0.9267 0.6163 106 270
226-0-1-0.05-50-0 0 2303 39 50 22 3 0.2187 0.2147 309 147
226-0-1-0.05-50-0 0 2304 48 25 9 3 0.1153 0.9430 334 125
226-0-1-0.05-50-0 0 2304 10 9 4 2 0.2533 0.6134 449 161
226-0-1-0.05-50-0 0 2305 8 39 7 22 0.2506 0.2187 303 309
226-0-1-0.05-50-0 0 2305 10 46 4 5 0.2533 0.3451 449 327
226-0-1-0.05-50-0 0 2306 39 28 19 14 0.2187 0.3846 309 311
226-0-1-0.05-50-0 0 2306 23 16 3 7 0.1698 0.2228 476 149
226-0-1-0.05-50-0 0 2307 11 32 1 2 0.0504 0.6514 384 215
226-0-1-0.05-50-0 0 2307 39 7 19 6 0.2187 0.9267 309 106
226-0-1-0.05-50-0 0 2308 39 4 19 4 0.2187 0.0723 309 351
226-0-1-0.05-50-0 0 2308 40 4 4 3 0.9739 0.0723 104 351
226-0-1-0.05-50-0 0 2309 46 28 4 14 0.3451 0.3846 327 311
226-0-1-0.05-50-0 0 2309 38 46 11 4 0.6163 0.3451 270 327
226-0-1-0.05-50-0 0 2310 18 35 6 4 0.2181 0.0354 226 158
226-0-1-0.05-50-0 0 2310 17 37 6 6 0.6398 0.8481 197 127
226-0-1-0.05-50-0 0 2310 49 37 4 5 0.1842 0.8481 136 127
226-0-1-0.05-50-0 0 2311 18 39 7 22 0.2181 0.2187 226 309
226-0-1-0.05-50-0 0 2311 39 10 21 7 0.2187 0.2533 309 449
226-0-1-0.05-50-0 0 2311 19 39 6 21 0.8072 0.2187 134 309
226-0-1-0.05-50-0 0 2312 7 10 5 6 0.9267 0.2533 106 449
226-0-1-0.05-50-0 0 2312 17 8 9 11 0.6398 0.2506 197 303
226-0-1-0.05-50-0 0 2312 17 24 9 2 0.6398 0.1940 197 254
226-0-1-0.05-50-0 0 2313 17 37 9 4 0.6398 0.8481 197 127
226-0-1-0.05-50-0 0 2313 47 49 1 5 0.9293 0.1842 103 136
226-0-1-0.05-50-0 0 2313 1 33 1 3 0.2520 0.6893 409 191
226-0-1-0.05-50-0 0 2314 38 18 12 10 0.6163 0.2181 270 226
226-0-1-0.05-50-0 0 2314 16 22 4 5 0.2228 0.0160 149 311
226-0-1-0.05-50-0 0 2314 49 39 4 20 0.1842 0.2187 136 309
226-0-1-0.05-50-0 0 2315 28 18 14 11 0.3846 0.2181 311 226
226-0-1-0.05-50-0 0 2315 25 33 3 3 0.9430 0.6893 125 191
226-0-1-0.05-50-0 0 2315 18 17 10 9 0.2181 0.6398 226 197
226-0-1-0.05-50-0 0 2316 7 28 7 15 0.9267 0.3846 106 311
226-0-1-0.05-50-0 0 2316 38 28 12 14 0.6163 0.3846 270 311
226-0-1-0.05-50-0 0 2316 46 17 3 9 0.3451 0.6398 327 197
226-0-1-0.05-50-0 0 2317 17 47 9 2 0.6398 0.9293 197 103
226-0-1-0.05-50-0 0 2317 39 28 22 15 0.2187 0.3846 309 311
226-0-1-0.05-50-0 0 2317 25 8 4 9 0.9430 0.2506 125 303
226-0-1-0.05-50-0 0 2318 17 39 8 22 0.6398 0.2187 197 309
226-0-1-0.05-50-0 0 2318 7 28 6 15 0.9267 0.3846 106 311
226-0-1-0.05-50-0 0 2318 28 28 14 14 0.3846 0.3846 311 311
226-0-1-0.05-50-0 0 2319 18 28 10 15 0.2181 0.3846 226 311
226-0-1-0.05-50-0 0 2319 38 8 12 9 0.6163 0.2506 270 303
226-0-1-0.05-50-0 0 2319 22 18 3 10 0.0160 0.2181 311 226
226-0-1-0.05-50-0 0 2320 8 18 8 9 0.2506 0.2181 303 226
226-0-1-0.05-50-0 0 2320 39 22 20 2 0.2187 0.0160 309 311
226-0-1-0.05-50-0 0 2320 23 37 3 2 0.1698 0.8481 476 127
226-0-1-0.05-50-0 0 2321 38 18 11 8 0.6163 0.2181 270 226
226-0-1-0.05-50-0 0 2321 40 28 7 16 0.9739 0.3846 104 311
226-0-1-0.05-50-0 0 2321 19 39 5 20 0.8072 0.2187 134 309
226-0-1-0.05-50-0 0 2322 8 19 10 5 0.2506 0.8072 303 134
226-0-1-0.05-50-0 0 2322 28 14 17 2 0.3846 0.8451 311 105
226-0-1-0.05-50-0 0 2322 8 23 10 3 0.2506 0.1698 303 476
226-0-1-0.05-50-0 0 2323 28 19 17 4 0.3846 0.8072 311 134
226-0-1-0.05-50-0 0 2323 8 18 10 8 0.2506 0.2181 303 226
226-0-1-0.05-50-0 0 2323 39 48 20 9 0.2187 0.1153 309 334
226-0-1-0.05-50-0 0 2324 49 24 7 3 0.1842 0.1940 136 254
226-0-1-0.05-50-0 0 2324 16 50 2 6 0.2228 0.2147 149 147
226-0-1-0.05-50-0 0 2324 49 28 7 19 0.1842 0.3846 136 311
226-0-1-0.05-50-0 0 2325 25 28 5 20 0.9430 0.3846 125 311
226-0-1-0.05-50-0 0 2325 44 28 2 19 0.7034 0.3846 118 311
226-0-1-0.05-50-0 0 2325 38 21 11 3 0.6163 0.4184 270 158
226-0-1-0.05-50-0 0 2326 28 38 19 10 0.3846 0.6163 311 270
226-0-1-0.05-50-0 0 2326 28 46 19 4 0.3846 0.3451 311 327
226-0-1-0.05-50-0 0 2326 33 10 1 3 0.6893 0.2533 191 449
226-0-1-0.05-50-0 0 2327 17 40 11 7 0.6398 0.9739 197 104
226-0-1-0.05-50-0 0 2327 5 18 6 6 0.0007 0.2181 226 226
226-0-1-0.05-50-0 0 2327 25 39 5 20 0.9430 0.2187 125 309
226-0-1-0.05-50-0 0 2328 43 28 1 19 0.8316 0.3846 123 311
226-0-1-0.05-50-0 0 2328 28 8 18 12 0.3846 0.2506 311 303
226-0-1-0.05-50-0 0 2328 49 28 7 18 0.1842 0.3846 136 311
226-0-1-0.05-50-0 0 2329 40 17 6 12 0.9739 0.6398 104 197
226-0-1-0.05-50-0 0 2329 39 46 21 2 0.2187 0.3451 309 327
226-0-1-0.05-50-0 0 2329 4 23 2 4 0.0723 0.1698 351 476
226-0-1-0.05-50-0 0 2330 24 39 2 22 0.1940 0.2187 254 309
226-0-1-0.05-50-0 0 2330 5 19 7 2 0.0007 0.8072 226 134
226-0-1-0.05-50-0 0 2330 28 8 16 11 0.3846 0.2506 311 303
226-0-1-0.05-50-0 0 2331 3 28 1 15 0.4813 0.3846 321 311
226-0-1-0.05-50-0 0 2331 8 48 10 9 0.2506 0.1153 303 334
226-0-1-0.05-50-0 0 2332 48 20 8 2 0.1153 0.9922 334 102
226-0-1-0.05-50-0 0 2332 40 44 3 3 0.9739 0.7034 104 118
226-0-1-0.05-50-0 0 2333 5 25 8 8 0.0007 0.9430 226 125
226-0-1-0.05-50-0 0 2333 39 8 22 10 0.2187 0.2506 309 303
226-0-1-0.05-50-0 0 2334 39 22 23 1 0.2187 0.0160 309 311
226-0-1-0.05-50-0 0 2334 38 49 7 10 0.6163 0.1842 270 136
226-0-1-0.05-50-0 0 2334 5 38 8 7 0.0007 0.6163 226 270
226-0-1-0.05-50-0 0 2335 39 28 23 17 0.2187 0.3846 309 311
226-0-1-0.05-50-0 0 2335 17 39 13 23 0.6398 0.2187 197 309
226-0-1-0.05-50-0 0 2335 49 39 9 22 0.1842 0.2187 136 309
226-0-1-0.05-50-0 0 2336 35 18 4 4 0.0354 0.2181 158 226
226-0-1-0.05-50-0 0 2336 5 8 8 9 0.0007 0.2506 226 303
226-0-1-0.05-50-0 0 2336 28 38 17 6 0.3846 0.6163 311 270
226-0-1-0.05-50-0 0 2337 47 17 3 12 0.9293 0.6398 103 197
226-0-1-0.05-50-0 0 2337 5 48 9 10 0.0007 0.1153 226 334
226-0-1-0.05-50-0 0 2337 8 18 9 3 0.2506 0.2181 303 226
226-0-1-0.05-50-0 0 2338 28 5 15 9 0.3846 0.0007 311 226
226-0-1-0.05-50-0 0 2338 25 49 8 10 0.9430 0.1842 125 136
226-0-1-0.05-50-0 0 2338 48 8 9 10 0.1153 0.2506 334 303
226-0-1-0.05-50-0 0 2339 23 25 4 8 0.1698 0.9430 476 125
226-0-1-0.05-50-0 0 2339 28 4 15 2 0.3846 0.0723 311 351
226-0-1-0.05-50-0 0 2340 28 35 14 5 0.3846 0.0354 311 158
226-0-1-0.05-50-0 0 2340 48 44 9 2 0.1153 0.7034 334 118
226-0-1-0.05-50-0 0 2340 25 17 8 12 0.9430 0.6398 125 197
226-0-1-0.05-50-0 0 2341 46 48 1 11 0.3451 0.1153 327 334
226-0-1-0.05-50-0 0 2341 38 50 5 5 0.6163 0.2147 270 147
226-0-1-0.05-50-0 0 2341 48 48 10 10 0.1153 0.1153 334 334
226-0-1-0.05-50-0 0 2342 5 23 8 3 0.0007 0.1698 226 476
226-0-1-0.05-50-0 0 2342 7 3 4 1 0.9267 0.4813 106 321
226-0-1-0.05-50-0 0 2342 2 48 2 9 0.8198 0.1153 167 334
226-0-1-0.05-50-0 0 2343 40 16 2 2 0.9739 0.2228 104 149
226-0-1-0.05-50-0 0 2343 39 49 26 9 0.2187 0.1842 309 136
226-0-1-0.05-50-0 0 2343 44 28 1 18 0.7034 0.3846 118 311
226-0-1-0.05-50-0 0 2344 38 28 4 17 0.6163 0.3846 270 311
226-0-1-0.05-50-0 0 2344 40 49 3 8 0.9739 0.1842 104 136
226-0-1-0.05-50-0 0 2344 39 5 27 8 0.2187 0.0007 309 226
226-0-1-0.05-50-0 0 2345 4 39 2 29 0.0723 0.2187 351 309
226-0-1-0.05-50-0 0 2345 39 39 28 28 0.2187 0.2187 309 309
226-0-1-0.05-50-0 0 2345 5 17 9 15 0.0007 0.6398 226 197
226-0-1-0.05-50-0 0 2346 18 48 6 9 0.2181 0.1153 226 334
226-0-1-0.05-50-0 0 2346 5 8 9 9 0.0007 0.2506 226 303
226-0-1-0.05-50-0 0 2346 28 28 17 17 0.3846 0.3846 311 311
226-0-1-0.05-50-0 0 2347 35 25 2 11 0.0354 0.9430 158 125
226-0-1-0.05-50-0 0 2347 4 5 3 11 0.0723 0.0007 351 226
226-0-1-0.05-50-0 0 2347 9 16 3 1 0.6134 0.2228 161 149
226-0-1-0.05-50-0 0 2348 39 14 28 1 0.2187 0.8451 309 105
226-0-1-0.05-50-0 0 2348 5 35 11 2 0.0007 0.0354 226 158
226-0-1-0.05-50-0 0 2348 7 43 5 2 0.9267 0.8316 106 123
226-0-1-0.05-50-0 0 2349 5 28 10 16 0.0007 0.3846 226 311
226-0-1-0.05-50-0 0 2349 17 20 17 2 0.6398 0.9922 197 102
226-0-1-0.05-50-0 0 2349 2 19 2 2 0.8198 0.8072 167 134
226-0-1-0.05-50-0 0 2350 17 40 17 3 0.6398 0.9739 197 104
226-0-1-0.05-50-0 0 2350 49 48 7 9 0.1842 0.1153 136 334
226-0-1-0.05-50-0 0 2350 39 48 29 8 0.2187 0.1153 309 334
226-0-1-0.05-50-0 0 2351 19 48 1 7 0.8072 0.1153 134 334
226-0-1-0.05-50-0 0 2351 39 39 30 30 0.2187 0.2187 309 309
226-0-1-0.05-50-0 0 2351 48 25 6 10 0.1153 0.9430 334 125
226-0-1-0.05-50-0 0 2352 42 49 2 8 0.7447 0.1842 106 136
226-0-1-0.05-50-0 0 2352 38 15 7 2 0.6163 0.7918 270 149
226-0-1-0.05-50-0 0 2352 17 18 14 7 0.6398 0.2181 197 226
226-0-1-0.05-50-0 0 2353 28 39 14 30 0.3846 0.2187 311 309
226-0-1-0.05-50-0 0 2353 48 18 5 6 0.1153 0.2181 334 226
226-0-1-0.05-50-0 0 2353 38 5 7 10 0.6163 0.0007 270 226
226-0-1-0.05-50-0 0 2354 39 5 29 9 0.2187 0.0007 309 226
226-0-1-0.05-50-0 0 2354 44 39 2 29 0.7034 0.2187 118 309
226-0-1-0.05-50-0 0 2354 23 25 2 8 0.1698 0.9430 476 125
226-0-1-0.05-50-0 0 2355 39 7 29 7 0.2187 0.9267 309 106
226-0-1-0.05-50-0 0 2355 39 18 29 3 0.2187 0.2181 309 226
226-0-1-0.05-50-0 0 2355 28 39 13 29 0.3846 0.2187 311 309
226-0-1-0.05-50-0 0 2356 9 25 1 8 0.6134 0.9430 161 125
226-0-1-0.05-50-0 0 2356 8 18 8 2 0.2506 0.2181 303 226
226-0-1-0.05-50-0 0 2356 44 23 2 2 0.7034 0.1698 118 476
226-0-1-0.05-50-0 0 2357 45 15 2 1 0.3816 0.7918 173 149
226-0-1-0.05-50-0 0 2357 28 25 13 7 0.3846 0.9430 311 125
226-0-1-0.05-50-0 0 2357 39 21 31 7 0.2187 0.4184 309 158
226-0-1-0.05-50-0 0 2358 28 10 12 1 0.3846 0.2533 311 449
226-0-1-0.05-50-0 0 2358 39 39 32 32 0.2187 0.2187 309 309
226-0-1-0.05-50-0 0 2358 8 28 8 12 0.2506 0.3846 303 311
226-0-1-0.05-50-0 0 2359 5 5 9 9 0.0007 0.0007 226 226
226-0-1-0.05-50-0 0 2359 38 26 8 5 0.6163 0.8171 270 141
226-0-1-0.05-50-0 0 2360 35 28 2 11 0.0354 0.3846 158 311
226-0-1-0.05-50-0 0 2360 44 39 3 34 0.7034 0.2187 118 309
226-0-1-0.05-50-0 0 2360 18 26 1 5 0.2181 0.8171 226 141
226-0-1-0.05-50-0 0 2361 50 7 7 8 0.2147 0.9267 147 106
226-0-1-0.05-50-0 0 2361 5 48 8 4 0.0007 0.1153 226 334
226-0-1-0.05-50-0 0 2361 39 25 34 5 0.2187 0.9430 309 125
226-0-1-0.05-50-0 0 2362 39 17 34 13 0.2187 0.6398 309 197
226-0-1-0.05-50-0 0 2362 35 21 3 8 0.0354 0.4184 158 158
226-0-1-0.05-50-0 0 2362 49 39 12 34 0.1842 0.2187 136 309
226-0-1-0.05-50-0 0 2363 50 17 7 11 0.2147 0.6398 147 197
226-0-1-0.05-50-0 0 2363 20 17 1 10 0.9922 0.6398 102 197
226-0-1-0.05-50-0 0 2364 26 39 5 35 0.8171 0.2187 141 309
226-0-1-0.05-50-0 0 2364 49 5 11 10 0.1842 0.0007 136 226
226-0-1-0.05-50-0 0 2365 17 38 12 7 0.6398 0.6163 197 270
226-0-1-0.05-50-0 0 2365 39 44 33 2 0.2187 0.7034 309 118
226-0-1-0.05-50-0 0 2365 28 50 10 6 0.3846 0.2147 311 147
226-0-1-0.05-50-0 0 2366 35 39 3 33 0.0354 0.2187 158 309
226-0-1-0.05-50-0 0 2366 7 38 9 6 0.9267 0.6163 106 270
226-0-1-0.05-50-0 0 2367 39 39 33 33 0.2187 0.2187 309 309
226-0-1-0.05-50-0 0 2367 17 25 12 6 0.6398 0.9430 197 125
226-0-1-0.05-50-0 0 2368 49 50 12 6 0.1842 0.2147 136 147
226-0-1-0.05-50-0 0 2368 35 28 3 10 0.0354 0.3846 158 311
226-0-1-0.05-50-0 0 2369 47 50 5 5 0.9293 0.2147 103 147
226-0-1-0.05-50-0 0 2369 25 49 6 12 0.9430 0.1842 125 136
226-0-1-0.05-50-0 0 2370 39 8 32 8 0.2187 0.2506 309 303
226-0-1-0.05-50-0 0 2370 4 25 1 6 0.0723 0.9430 351 125
226-0-1-0.05-50-0 0 2370 39 17 32 13 0.2187 0.6398 309 197
226-0-1-0.05-50-0 0 2371 48 47 5 5 0.1153 0.9293 334 103
226-0-1-0.05-50-0 0 2371 39 39 31 31 0.2187 0.2187 309 309
226-0-1-0.05-50-0 0 2372 39 26 31 6 0.2187 0.8171 309 141
226-0-1-0.05-50-0 0 2372 30 50 1 5 0.6008 0.2147 266 147
226-0-1-0.05-50-0 0 2373 50 28 4 10 0.2147 0.3846 147 311
226-0-1-0.05-50-0 0 2373 9 48 1 4 0.6134 0.1153 161 334
226-0-1-0.05-50-0 0 2374 35 25 2 6 0.0354 0.9430 158 125
226-0-1-0.05-50-0 0 2374 17 49 9 13 0.6398 0.1842 197 136
226-0-1-0.05-50-0 0 2375 7 49 12 11 0.9267 0.1842 106 136
226-0-1-0.05-50-0 0 2375 21 39 10 28 0.4184 0.2187 158 309
226-0-1-0.05-50-0 0 2376 47 44 4 1 0.9293 0.7034 103 118
226-0-1-0.05-50-0 0 2376 5 17 5 9 0.0007 0.6398 226 197
226-0-1-0.05-50-0 0 2377 2 48 5 3 0.8198 0.1153 167 334
226-0-1-0.05-50-0 0 2377 18 8 1 5 0.2181 0.2506 226 303
226-0-1-0.05-50-0 0 2378 49 21 9 9 0.1842 0.4184 136 158
226-0-1-0.05-50-0 0 2378 1 49 5 9 0.2520 0.1842 409 136
226-0-1-0.05-50-0 0 2379 7 17 19 8 0.9267 0.6398 106 197
226-0-1-0.05-50-0 0 2379 39 47 28 4 0.2187 0.9293 309 103
226-0-1-0.05-50-0 0 2380 49 7 8 18 0.1842 0.9267 136 106
226-0-1-0.05-50-0 0 2380 48 23 2 1 0.1153 0.1698 334 476
226-0-1-0.05-50-0 0 2381 9 50 2 4 0.6134 0.2147 161 147
226-0-1-0.05-50-0 0 2381 22 28 2 15 0.0160 0.3846 311 311
226-0-1-0.05-50-0 0 2382 21 7 7 16 0.4184 0.9267 158 106
226-0-1-0.05-50-0 0 2382 18 5 2 5 0.2181 0.0007 226 226
226-0-1-0.05-50-0 0 2383 1 8 6 7 0.2520 0.2506 409 303
226-0-1-0.05-50-0 0 2383 31 25 1 7 0.5626 0.9430 252 125
226-0-1-0.05-50-0 0 2384 26 39 5 27 0.8171 0.2187 141 309
226-0-1-0.05-50-0 0 2384 5 7 5 15 0.0007 0.9267 226 106
226-0-1-0.05-50-0 0 2385 26 31 5 1 0.8171 0.5626 141 252
226-0-1-0.05-50-0 0 2385 17 17 7 7 0.6398 0.6398 197 197
226-0-1-0.05-50-0 0 2386 38 39 6 24 0.6163 0.2187 270 309
226-0-1-0.05-50-0 0 2386 17 28 6 17 0.6398 0.3846 197 311
226-0-1-0.05-50-0 0 2387 7 12 12 3 0.9267 0.1896 106 325
226-0-1-0.05-50-0 0 2387 7 9 12 4 0.9267 0.6134 106 161
226-0-1-0.05-50-0 0 2388 35 28 2 19 0.0354 0.3846 158 311
226-0-1-0.05-50-0 0 2388 5 12 6 2 0.0007 0.1896 226 325
226-0-1-0.05-50-0 0 2389 26 7 7 13 0.8171 0.9267 141 106
226-0-1-0.05-50-0 0 2389 23 47 1 3 0.1698 0.9293 476 103
226-0-1-0.05-50-0 0 2390 30 25 1 5 0.6008 0.9430 266 125
226-0-1-0.05-50-0 0 2390 38 26 7 7 0.6163 0.8171 270 141
226-0-1-0.05-50-0 0 2391 35 5 2 5 0.0354 0.0007 158 226
226-0-1-0.05-50-0 0 2391 20 39 1 29 0.9922 0.2187 102 309
226-0-1-0.05-50-0 0 2391 28 39 19 28 0.3846 0.2187 311 309
226-0-1-0.05-50-0 0 2392 38 28 8 18 0.6163 0.3846 270 311
226-0-1-0.05-50-0 0 2392 7 10 11 1 0.9267 0.2533 106 449
226-0-1-0.05-50-0 0 2392 39 39 26 26 0.2187 0.2187 309 309
226-0-1-0.05-50-0 0 2393 1 9 7 5 0.2520 0.6134 409 161
226-0-1-0.05-50-0 0 2393 49 28 8 17 0.1842 0.3846 136 311
226-0-1-0.05-50-0 0 2394 28 38 16 6 0.3846 0.6163 311 270
226-0-1-0.05-50-0 0 2394 49 9 7 3 0.1842 0.6134 136 161
226-0-1-0.05-50-0 0 2395 49 49 7 7 0.1842 0.1842 136 136
226-0-1-0.05-50-0 0 2395 47 39 3 26 0.9293 0.2187 103 309
226-0-1-0.05-50-0 0 2396 48 5 2 5 0.1153 0.0007 334 226
226-0-1-0.05-50-0 0 2396 5 49 4 6 0.0007 0.1842 226 136
226-0-1-0.05-50-0 0 2397 8 28 10 17 0.2506 0.3846 303 311
226-0-1-0.05-50-0 0 2397 30 48 2 2 0.6008 0.1153 266 334
226-0-1-0.05-50-0 0 2398 5 26 4 8 0.0007 0.8171 226 141
226-0-1-0.05-50-0 0 2398 8 39 10 23 0.2506 0.2187 303 309
226-0-1-0.05-50-0 0 2399 28 33 17 5 0.3846 0.6893 311 191
226-0-1-0.05-50-0 0 2399 7 39 11 24 0.9267 0.2187 106 309
226-0-1-0.05-50-0 0 2400 25 39 3 23 0.9430 0.2187 125 309
226-0-1-0.05-50-0 0 2400 28 28 16 16 0.3846 0.3846 311 311
226-0-1-0.05-50-0 0 2401 28 26 18 8 0.3846 0.8171 311 141
226-0-1-0.05-50-0 0 2401 7 49 11 7 0.9267 0.1842 106 136
226-0-1-0.05-50-0 0 2401 2 28 5 18 0.8198 0.3846 167 311
226-0-1-0.05-50-0 0 2402 39 15 22 4 0.2187 0.7918 309 149
226-0-1-0.05-50-0 0 2402 8 28 11 16 0.2506 0.3846 303 311
226-0-1-0.05-50-0 0 2403 9 28 2 15 0.6134 0.3846 161 311
226-0-1-0.05-50-0 0 2403 39 16 23 2 0.2187 0.2228 309 149
226-0-1-0.05-50-0 0 2403 17 49 9 6 0.6398 0.1842 197 136
226-0-1-0.05-50-0 0 2404 28 8 14 12 0.3846 0.2506 311 303
226-0-1-0.05-50-0 0 2404 28 28 14 14 0.3846 0.3846 311 311
226-0-1-0.05-50-0 0 2404 30 17 3 9 0.6008 0.6398 266 197
226-0-1-0.05-50-0 0 2405 18 25 4 4 0.2181 0.9430 226 125
226-0-1-0.05-50-0 0 2405 39 49 22 5 0.2187 0.1842 309 136
226-0-1-0.05-50-0 0 2405 33 30 4 5 0.6893 0.6008 191 266
226-0-1-0.05-50-0 0 2406 28 2 15 5 0.3846 0.8198 311 167
226-0-1-0.05-50-0 0 2406 17 39 8 21 0.6398 0.2187 197 309
226-0-1-0.05-50-0 0 2407 28 45 15 4 0.3846 0.3816 311 173
226-0-1-0.05-50-0 0 2407 28 28 15 15 0.3846 0.3846 311 311
226-0-1-0.05-50-0 0 2407 17 11 8 3 0.6398 0.0504 197 384
226-0-1-0.05-50-0 0 2408 38 39 4 21 0.6163 0.2187 270 309
226-0-1-0.05-50-0 0 2408 7 26 14 8 0.9267 0.8171 106 141
226-0-1-0.05-50-0 0 2408 39 22 20 3 0.2187 0.0160 309 311
226-0-1-0.05-50-0 0 2409 1 17 7 9 0.2520 0.6398 409 197
226-0-1-0.05-50-0 0 2409 18 33 5 4 0.2181 0.6893 226 191
226-0-1-0.05-50-0 0 2409 50 17 4 8 0.2147 0.6398 147 197
226-0-1-0.05-50-0 0 2410 35 39 4 20 0.0354 0.2187 158 309
226-0-1-0.05-50-0 0 2410 39 21 19 5 0.2187 0.4184 309 158
226-0-1-0.05-50-0 0 2410 49 28 3 14 0.1842 0.3846 136 311
226-0-1-0.05-50-0 0 2411 7 15 11 5 0.9267 0.7918 106 149
226-0-1-0.05-50-0 0 2411 4 8 1 11 0.0723 0.2506 351 303
226-0-1-0.05-50-0 0 2411 1 11 7 3 0.2520 0.0504 409 384
226-0-1-0.05-50-0 0 2412 7 26 11 11 0.9267 0.8171 106 141
226-0-1-0.05-50-0 0 2412 5 28 6 12 0.0007 0.3846 226 311
226-0-1-0.05-50-0 0 2412 39 7 23 11 0.2187 0.9267 309 106
226-0-1-0.05-50-0 0 2413 11 21 2 3 0.0504 0.4184 384 158
226-0-1-0.05-50-0 0 2413 17 8 4 11 0.6398 0.2506 197 303
226-0-1-0.05-50-0 0 2414 38 20 4 1 0.6163 0.9922 270 102
226-0-1-0.05-50-0 0 2414 26 39 9 22 0.8171 0.2187 141 309
226-0-1-0.05-50-0 0 2415 39 17 21 5 0.2187 0.6398 309 197
226-0-1-0.05-50-0 0 2415 1 1 5 5 0.2520 0.2520 409 409
226-0-1-0.05-50-0 0 2416 39 3 20 5 0.2187 0.4813 309 321
226-0-1-0.05-50-0 0 2416 3 15 4 4 0.4813 0.7918 321 149
226-0-1-0.05-50-0 0 2417 5 1 7 6 0.0007 0.2520 226 409
226-0-1-0.05-50-0 0 2417 11 8 2 9 0.0504 0.2506 384 303
226-0-1-0.05-50-0 0 2418 18 39 6 21 0.2181 0.2187 226 309
226-0-1-0.05-50-0 0 2418 49 3 2 5 0.1842 0.4813 136 321
226-0-1-0.05-50-0 0 2419 18 39 6 21 0.2181 0.2187 226 309
226-0-1-0.05-50-0 0 2419 1 28 5 10 0.2520 0.3846 409 311
226-0-1-0.05-50-0 0 2419 28 17 9 4 0.3846 0.6398 311 197
226-0-1-0.05-50-0 0 2420 47 50 6 5 0.9293 0.2147 103 147
226-0-1-0.05-50-0 0 2420 49 35 1 7 0.1842 0.0354 136 158
226-0-1-0.05-50-0 0 2420 50 26 4 13 0.2147 0.8171 147 141
226-0-1-0.05-50-0 0 2421 8 11 9 2 0.2506 0.0504 303 384
226-0-1-0.05-50-0 0 2421 35 28 6 9 0.0354 0.3846 158 311
226-0-1-0.05-50-0 0 2421 30 32 3 2 0.6008 0.6514 266 215
226-0-1-0.05-50-0 0 2422 47 24 7 1 0.9293 0.1940 103 254
226-0-1-0.05-50-0 0 2422 47 30 7 3 0.9293 0.6008 103 266
226-0-1-0.05-50-0 0 2423 7 7 11 11 0.9267 0.9267 106 106
226-0-1-0.05-50-0 0 2423 50 7 4 10 0.2147 0.9267 147 106
226-0-1-0.05-50-0 0 2424 4 8 7 8 0.0723 0.2506 351 303
226-0-1-0.05-50-0 0 2424 28 26 9 12 0.3846 0.8171 311 141
226-0-1-0.05-50-0 0 2425 4 33 8 6 0.0723 0.6893 351 191
226-0-1-0.05-50-0 0 2425 15 45 4 2 0.7918 0.3816 149 173
226-0-1-0.05-50-0 0 2426 30 12 3 3 0.6008 0.1896 266 325
226-0-1-0.05-50-0 0 2426 38 5 2 9 0.6163 0.0007 270 226
226-0-1-0.05-50-0 0 2427 8 5 6 8 0.2506 0.0007 303 226
226-0-1-0.05-50-0 0 2427 22 39 4 21 0.0160 0.2187 311 309
226-0-1-0.05-50-0 0 2428 19 3 1 3 0.8072 0.4813 134 321
226-0-1-0.05-50-0 0 2428 25 39 3 20 0.9430 0.2187 125 309
226-0-1-0.05-50-0 0 2429 25 32 3 1 0.9430 0.6514 125 215
226-0-1-0.05-50-0 0 2429 39 1 17 7 0.2187 0.2520 309 409
226-0-1-0.05-50-0 0 2430 30 28 4 8 0.6008 0.3846 266 311
226-0-1-0.05-50-0 0 2430 39 11 18 2 0.2187 0.0504 309 384
226-0-1-0.05-50-0 0 2431 35 39 7 16 0.0354 0.2187 158 309
226-0-1-0.05-50-0 0 2431 47 47 7 7 0.9293 0.9293 103 103
226-0-1-0.05-50-0 0 2432 35 4 7 13 0.0354 0.0723 158 351
226-0-1-0.05-50-0 0 2432 39 18 15 5 0.2187 0.2181 309 226
226-0-1-0.05-50-0 0 2432 7 47 10 8 0.9267 0.9293 106 103
226-0-1-0.05-50-0 0 2433 43 7 5 12 0.8316 0.9267 123 106
226-0-1-0.05-50-0 0 2433 33 28 6 7 0.6893 0.3846 191 311
226-0-1-0.05-50-0 0 2433 4 26 14 11 0.0723 0.8171 351 141
226-0-1-0.05-50-0 0 2434 9 17 3 2 0.6134 0.6398 161 197
226-0-1-0.05-50-0 0 2434 8 33 7 7 0.2506 0.6893 303 191
226-0-1-0.05-50-0 0 2434 50 26 3 10 0.2147 0.8171 147 141
226-0-1-0.05-50-0 0 2435 1 5 6 8 0.2520 0.0007 409 226
226-0-1-0.05-50-0 0 2435 4 39 13 13 0.0723 0.2187 351 309
226-0-1-0.05-50-0 0 2436 30 35 5 6 0.6008 0.0354 266 158
226-0-1-0.05-50-0 0 2436 7 26 10 9 0.9267 0.8171 106 141
226-0-1-0.05-50-0 0 2437 18 38 4 2 0.2181 0.6163 226 270
226-0-1-0.05-50-0 0 2437 4 4 14 14 0.0723 0.0723 351 351
226-0-1-0.05-50-0 0 2438 4 39 14 12 0.0723 0.2187 351 309
226-0-1-0.05-50-0 0 2438 28 26 6 7 0.3846 0.8171 311 141
226-0-1-0.05-50-0 0 2439 33 47 6 8 0.6893 0.9293 191 103
226-0-1-0.05-50-0 0 2439 21 9 3 3 0.4184 0.6134 158 161
226-0-1-0.05-50-0 0 2440 28 4 7 15 0.3846 0.0723 311 351
226-0-1-0.05-50-0 0 2440 1 7 8 11 0.2520 0.9267 409 106
226-0-1-0.05-50-0 0 2440 4 26 14 6 0.0723 0.8171 351 141
226-0-1-0.05-50-0 0 2441 4 4 14 14 0.0723 0.0723 351 351
226-0-1-0.05-50-0 0 2441 19 50 1 4 0.8072 0.2147 134 147
226-0-1-0.05-50-0 0 2442 18 47 4 7 0.2181 0.9293 226 103
226-0-1-0.05-50-0 0 2442 4 5 14 10 0.0723 0.0007 351 226
226-0-1-0.05-50-0 0 2443 7 33 11 6 0.9267 0.6893 106 191
226-0-1-0.05-50-0 0 2443 7 30 11 8 0.9267 0.6008 106 266
226-0-1-0.05-50-0 0 2443 43 1 3 6 0.8316 0.2520 123 409
226-0-1-0.05-50-0 0 2444 4 35 16 5 0.0723 0.0354 351 158
226-0-1-0.05-50-0 0 2444 25 26 5 5 0.9430 0.8171 125 141
226-0-1-0.05-50-0 0 2444 8 12 7 4 0.2506 0.1896 303 325
226-0-1-0.05-50-0 0 2445 17 1 1 6 0.6398 0.2520 197 409
226-0-1-0.05-50-0 0 2445 4 30 14 8 0.0723 0.6008 351 266
226-0-1-0.05-50-0 0 2446 17 42 1 1 0.6398 0.7447 197 106
226-0-1-0.05-50-0 0 2446 22 25 5 6 0.0160 0.9430 311 125
226-0-1-0.05-50-0 0 2447 50 2 2 3 0.2147 0.8198 147 167
226-0-1-0.05-50-0 0 2447 35 47 5 5 0.0354 0.9293 158 103
226-0-1-0.05-50-0 0 2447 4 37 15 5 0.0723 0.8481 351 127
226-0-1-0.05-50-0 0 2448 21 8 5 9 0.4184 0.2506 158 303
226-0-1-0.05-50-0 0 2448 9 39 2 12 0.6134 0.2187 161 309
226-0-1-0.05-50-0 0 2448 1 49 7 2 0.2520 0.1842 409 136
226-0-1-0.05-50-0 0 2449 21 35 5 5 0.4184 0.0354 158 158
226-0-1-0.05-50-0 0 2449 18 5 4 12 0.2181 0.0007 226 226
226-0-1-0.05-50-0 0 2450 15 35 5 4 0.7918 0.0354 149 158
226-0-1-0.05-50-0 0 2450 28 9 13 2 0.3846 0.6134 311 161
226-0-1-0.05-50-0 0 2451 12 18 4 5 0.1896 0.2181 325 226
226-0-1-0.05-50-0 0 2451 12 8 4 6 0.1896 0.2506 325 303
226-0-1-0.05-50-0 0 2452 8 7 5 9 0.2506 0.9267 303 106
226-0-1-0.05-50-0 0 2452 39 12 10 5 0.2187 0.1896 309 325
226-0-1-0.05-50-0 0 2453 5 30 10 7 0.0007 0.6008 226 266
226-0-1-0.05-50-0 0 2453 4 8 18 5 0.0723 0.2506 351 303
226-0-1-0.05-50-0 0 2454 12 39 4 14 0.1896 0.2187 325 309
226-0-1-0.05-50-0 0 2454 33 1 2 4 0.6893 0.2520 191 409
226-0-1-0.05-50-0 0 2455 1 5 4 11 0.2520 0.0007 409 226
226-0-1-0.05-50-0 0 2455 39 47 13 5 0.2187 0.9293 309 103
226-0-1-0.05-50-0 0 2455 47 4 4 19 0.9293 0.0723 103 351
226-0-1-0.05-50-0 0 2456 28 18 13 6 0.3846 0.2181 311 226
226-0-1-0.05-50-0 0 2456 21 39 5 14 0.4184 0.2187 158 309
226-0-1-0.05-50-0 0 2457 8 21 4 5 0.2506 0.4184 303 158
226-0-1-0.05-50-0 0 2457 39 37 13 2 0.2187 0.8481 309 127
226-0-1-0.05-50-0 0 2458 3 22 2 6 0.4813 0.0160 321 311
226-0-1-0.05-50-0 0 2458 47 19 3 2 0.9293 0.8072 103 134
226-0-1-0.05-50-0 0 2458 8 28 4 14 0.2506 0.3846 303 311
226-0-1-0.05-50-0 0 2459 7 28 6 15 0.9267 0.3846 106 311
226-0-1-0.05-50-0 0 2459 49 5 2 13 0.1842 0.0007 136 226
226-0-1-0.05-50-0 0 2459 39 47 13 3 0.2187 0.9293 309 103
226-0-1-0.05-50-0 0 2460 5 39 12 12 0.0007 0.2187 226 309
226-0-1-0.05-50-0 0 2460 4 11 27 1 0.0723 0.0504 351 384
226-0-1-0.05-50-0 0 2460 18 35 5 4 0.2181 0.0354 226 158
226-0-1-0.05-50-0 0 2461 39 4 11 28 0.2187 0.0723 309 351
226-0-1-0.05-50-0 0 2461 28 5 13 12 0.3846 0.0007 311 226
226-0-1-0.05-50-0 0 2462 28 39 13 12 0.3846 0.2187 311 309
226-0-1-0.05-50-0 0 2462 26 12 4 7 0.8171 0.1896 141 325
226-0-1-0.05-50-0 0 2462 25 39 5 11 0.9430 0.2187 125 309
226-0-1-0.05-50-0 0 2463 28 26 13 4 0.3846 0.8171 311 141
226-0-1-0.05-50-0 0 2463 4 39 27 11 0.0723 0.2187 351 309
226-0-1-0.05-50-0 0 2463 50 39 2 10 0.2147 0.2187 147 309
226-0-1-0.05-50-0 0 2464 8 47 4 5 0.2506 0.9293 303 103
226-0-1-0.05-50-0 0 2464 28 12 14 6 0.3846 0.1896 311 325
226-0-1-0.05-50-0 0 2465 3 49 4 3 0.4813 0.1842 321 136
226-0-1-0.05-50-0 0 2465 28 13 14 4 0.3846 0.8878 311 151
226-0-1-0.05-50-0 0 2465 28 3 14 4 0.3846 0.4813 311 321
226-0-1-0.05-50-0 0 2466 7 4 8 24 0.9267 0.0723 106 351
226-0-1-0.05-50-0 0 2466 22 5 7 13 0.0160 0.0007 311 226
226-0-1-0.05-50-0 0 2466 15 2 2 3 0.7918 0.8198 149 167
226-0-1-0.05-50-0 0 2467 47 3 5 3 0.9293 0.4813 103 321
226-0-1-0.05-50-0 0 2467 28 26 15 3 0.3846 0.8171 311 141
226-0-1-0.05-50-0 0 2468 22 22 8 8 0.0160 0.0160 311 311
226-0-1-0.05-50-0 0 2468 39 3 11 2 0.2187 0.4813 309 321
226-0-1-0.05-50-0 0 2469 35 5 3 10 0.0354 0.0007 158 226
226-0-1-0.05-50-0 0 2469 12 39 4 10 0.1896 0.2187 325 309
226-0-1-0.05-50-0 0 2470 22 9 7 1 0.0160 0.6134 311 161
226-0-1-0.05-50-0 0 2470 4 30 22 7 0.0723 0.6008 351 266
226-0-1-0.05-50-0 0 2471 30 21 6 5 0.6008 0.4184 266 158
226-0-1-0.05-50-0 0 2471 4 4 26 26 0.0723 0.0723 351 351
226-0-1-0.05-50-0 0 2471 4 7 25 8 0.0723 0.9267 351 106
226-0-1-0.05-50-0 0 2472 8 48 5 2 0.2506 0.1153 303 334
226-0-1-0.05-50-0 0 2472 18 39 3 10 0.2181 0.2187 226 309
226-0-1-0.05-50-0 0 2472 33 5 7 9 0.6893 0.0007 191 226
226-0-1-0.05-50-0 0 2473 28 5 15 8 0.3846 0.0007 311 226
226-0-1-0.05-50-0 0 2473 4 4 28 28 0.0723 0.0723 351 351
226-0-1-0.05-50-0 0 2473 1 49 4 2 0.2520 0.1842 409 136
226-0-1-0.05-50-0 0 2474 49 25 1 6 0.1842 0.9430 136 125
226-0-1-0.05-50-0 0 2474 18 4 3 27 0.2181 0.0723 226 351
226-0-1-0.05-50-0 0 2474 13 5 5 9 0.8878 0.0007 151 226
226-0-1-0.05-50-0 0 2475 35 13 3 4 0.0354 0.8878 158 151
226-0-1-0.05-50-0 0 2475 4 26 27 4 0.0723 0.8171 351 141
226-0-1-0.05-50-0 0 2475 4 1 27 4 0.0723 0.2520 351 409
226-0-1-0.05-50-0 0 2476 48 7 1 9 0.1153 0.9267 334 106
226-0-1-0.05-50-0 0 2476 4 30 27 5 0.0723 0.6008 351 266
226-0-1-0.05-50-0 0 2476 39 30 13 4 0.2187 0.6008 309 266
226-0-1-0.05-50-0 0 2477 26 50 3 2 0.8171 0.2147 141 147
226-0-1-0.05-50-0 0 2477 47 50 8 1 0.9293 0.2147 103 147
226-0-1-0.05-50-0 0 2477 12 22 9 7 0.1896 0.0160 325 311
226-0-1-0.05-50-0 0 2478 33 20 7 2 0.6893 0.9922 191 102
226-0-1-0.05-50-0 0 2478 22 44 7 5 0.0160 0.7034 311 118
226-0-1-0.05-50-0 0 2478 47 33 9 7 0.9293 0.6893 103 191
226-0-1-0.05-50-0 0 2479 4 5 23 11 0.0723 0.0007 351 226
226-0-1-0.05-50-0 0 2479 49 44 1 4 0.1842 0.7034 136 118
226-0-1-0.05-50-0 0 2479 35 4 5 23 0.0354 0.0723 158 351
226-0-1-0.05-50-0 0 2480 47 44 9 3 0.9293 0.7034 103 118
226-0-1-0.05-50-0 0 2480 7 12 7 9 0.9267 0.1896 106 325
226-0-1-0.05-50-0 0 2480 28 22 17 8 0.3846 0.0160 311 311
226-0-1-0.05-50-0 0 2481 4 15 20 2 0.0723 0.7918 351 149
226-0-1-0.05-50-0 0 2481 4 4 20 20 0.0723 0.0723 351 351
226-0-1-0.05-50-0 0 2482 5 12 13 8 0.0007 0.1896 226 325
226-0-1-0.05-50-0 0 2482 16 12 1 7 0.2228 0.1896 149 325
226-0-1-0.05-50-0 0 2483 49 39 2 5 0.1842 0.2187 136 309
226-0-1-0.05-50-0 0 2483 39 28 4 18 0.2187 0.3846 309 311
226-0-1-0.05-50-0 0 2484 47 33 11 7 0.9293 0.6893 103 191
226-0-1-0.05-50-0 0 2484 40 41 2 2 0.9739 0.9621 104 105
226-0-1-0.05-50-0 0 2484 28 12 19 7 0.3846 0.1896 311 325
226-0-1-0.05-50-0 0 2485 5 44 13 2 0.0007 0.7034 226 118
226-0-1-0.05-50-0 0 2485 9 28 1 19 0.6134 0.3846 161 311
226-0-1-0.05-50-0 0 2485 4 39 18 5 0.0723 0.2187 351 309
226-0-1-0.05-50-0 0 2486 28 47 19 12 0.3846 0.9293 311 103
226-0-1-0.05-50-0 0 2486 21 37 4 5 0.4184 0.8481 158 127
226-0-1-0.05-50-0 0 2486 7 47 11 11 0.9267 0.9293 106 103
226-0-1-0.05-50-0 0 2487 49 5 2 13 0.1842 0.0007 136 226
226-0-1-0.05-50-0 0 2487 8 25 4 2 0.2506 0.9430 303 125
226-0-1-0.05-50-0 0 2488 28 7 20 10 0.3846 0.9267 311 106
226-0-1-0.05-50-0 0 2488 1 7 3 9 0.2520 0.9267 409 106
226-0-1-0.05-50-0 0 2489 22 22 8 8 0.0160 0.0160 311 311
226-0-1-0.05-50-0 0 2489 1 21 2 4 0.2520 0.4184 409 158
226-0-1-0.05-50-0 0 2489 5 4 14 18 0.0007 0.0723 226 351
226-0-1-0.05-50-0 0 2490 28 29 21 2 0.3846 0.6728 311 177
226-0-1-0.05-50-0 0 2490 39 22 5 7 0.2187 0.0160 309 311
226-0-1-0.05-50-0 0 2490 5 26 14 4 0.0007 0.8171 226 141
226-0-1-0.05-50-0 0 2491 29 5 1 14 0.6728 0.0007 177 226
226-0-1-0.05-50-0 0 2491 22 45 6 1 0.0160 0.3816 311 173
226-0-1-0.05-50-0 0 2491 47 5 8 13 0.9293 0.0007 103 226
226-0-1-0.05-50-0 0 2492 4 13 16 5 0.0723 0.8878 351 151
226-0-1-0.05-50-0 0 2492 1 37 2 3 0.2520 0.8481 409 127
226-0-1-0.05-50-0 0 2492 33 4 7 16 0.6893 0.0723 191 351
226-0-1-0.05-50-0 0 2493 22 30 7 8 0.0160 0.6008 311 266
226-0-1-0.05-50-0 0 2493 12 49 8 3 0.1896 0.1842 325 136
226-0-1-0.05-50-0 0 2493 49 35 2 10 0.1842 0.0354 136 158
226-0-1-0.05-50-0 0 2494 35 47 7 7 0.0354 0.9293 158 103
226-0-1-0.05-50-0 0 2494 39 12 7 7 0.2187 0.1896 309 325
226-0-1-0.05-50-0 0 2495 40 28 3 23 0.9739 0.3846 104 311
226-0-1-0.05-50-0 0 2495 41 39 1 6 0.9621 0.2187 105 309
226-0-1-0.05-50-0 0 2496 28 33 23 10 0.3846 0.6893 311 191
226-0-1-0.05-50-0 0 2496 5 33 20 9 0.0007 0.6893 226 191
226-0-1-0.05-50-0 0 2497 21 22 5 6 0.4184 0.0160 158 311
226-0-1-0.05-50-0 0 2497 12 28 8 24 0.1896 0.3846 325 311
226-0-1-0.05-50-0 0 2497 28 35 23 7 0.3846 0.0354 311 158
226-0-1-0.05-50-0 0 2498 28 21 25 5 0.3846 0.4184 311 158
226-0-1-0.05-50-0 0 2498 5 28 20 25 0.0007 0.3846 226 311
226-0-1-0.05-50-0 0 2498 21 18 4 4 0.4184 0.2181 158 226
226-0-1-0.05-50-0 0 2499 28 39 24 5 0.3846 0.2187 311 309
226-0-1-0.05-50-0 0 2499 41 5 2 19 0.9621 0.0007 105 226
226-0-1-0.05-50-0 0 2500 22 10 6 1 0.0160 0.2533 311 449
226-0-1-0.05-50-0 0 2500 28 7 25 7 0.3846 0.9267 311 106
