228-0-1-0.05-50-0 0 2302 36 26 4 1 0.8162 0.8171 165 141
228-0-1-0.05-50-0 0 2302 4 30 20 3 0.0723 0.6008 351 266
228-0-1-0.05-50-0 0 2303 22 39 11 5 0.0160 0.2187 311 309
228-0-1-0.05-50-0 0 2303 21 16 1 15 0.4184 0.2228 158 149
228-0-1-0.05-50-0 0 2304 24 27 5 9 0.1940 0.0776 254 149
228-0-1-0.05-50-0 0 2304 48 4 5 19 0.1153 0.0723 334 351
228-0-1-0.05-50-0 0 2305 49 33 8 13 0.1842 0.6893 136 191
228-0-1-0.05-50-0 0 2305 16 16 14 14 0.2228 0.2228 149 149
228-0-1-0.05-50-0 0 2306 33 16 13 14 0.6893 0.2228 191 149
228-0-1-0.05-50-0 0 2306 33 39 13 4 0.6893 0.2187 191 309
228-0-1-0.05-50-0 0 2307 42 22 2 12 0.7447 0.0160 106 311
228-0-1-0.05-50-0 0 2307 16 16 13 13 0.2228 0.2228 149 149
228-0-1-0.05-50-0 0 2308 5 11 4 3 0.0007 0.0504 226 384
228-0-1-0.05-50-0 0 2308 16 19 12 1 0.2228 0.8072 149 134
228-0-1-0.05-50-0 0 2309 16 25 12 5 0.2228 0.9430 149 125
228-0-1-0.05-50-0 0 2309 27 4 7 21 0.0776 0.0723 149 351
228-0-1-0.05-50-0 0 2310 4 11 20 2 0.0723 0.0504 351 384
228-0-1-0.05-50-0 0 2310 24 4 6 20 0.1940 0.0723 254 351
228-0-1-0.05-50-0 0 2311 33 39 13 3 0.6893 0.2187 191 309
228-0-1-0.05-50-0 0 2311 33 5 13 8 0.6893 0.0007 191 226
228-0-1-0.05-50-0 0 2312 33 2 14 1 0.6893 0.8198 191 167
228-0-1-0.05-50-0 0 2312 25 16 5 15 0.9430 0.2228 125 149
228-0-1-0.05-50-0 0 2313 33 4 14 18 0.6893 0.0723 191 351
228-0-1-0.05-50-0 0 2313 14 24 3 6 0.8451 0.1940 105 254
228-0-1-0.05-50-0 0 2314 4 42 19 4 0.0723 0.7447 351 106
228-0-1-0.05-50-0 0 2314 48 5 5 6 0.1153 0.0007 334 226
228-0-1-0.05-50-0 0 2315 33 50 14 4 0.6893 0.2147 191 147
228-0-1-0.05-50-0 0 2315 27 25 8 4 0.0776 0.9430 149 125
228-0-1-0.05-50-0 0 2316 50 4 3 19 0.2147 0.0723 147 351
228-0-1-0.05-50-0 0 2316 16 24 16 7 0.2228 0.1940 149 254
228-0-1-0.05-50-0 0 2317 27 4 9 18 0.0776 0.0723 149 351
228-0-1-0.05-50-0 0 2317 49 3 8 2 0.1842 0.4813 136 321
228-0-1-0.05-50-0 0 2318 4 4 17 17 0.0723 0.0723 351 351
228-0-1-0.05-50-0 0 2318 16 16 19 19 0.2228 0.2228 149 149
228-0-1-0.05-50-0 0 2319 49 16 9 20 0.1842 0.2228 136 149
228-0-1-0.05-50-0 0 2319 33 5 11 4 0.6893 0.0007 191 226
228-0-1-0.05-50-0 0 2320 46 4 1 19 0.3451 0.0723 327 351
228-0-1-0.05-50-0 0 2320 22 8 10 3 0.0160 0.2506 311 303
228-0-1-0.05-50-0 0 2321 4 5 18 3 0.0723 0.0007 351 226
228-0-1-0.05-50-0 0 2321 49 27 9 7 0.1842 0.0776 136 149
228-0-1-0.05-50-0 0 2322 34 17 2 2 0.7448 0.6398 168 197
228-0-1-0.05-50-0 0 2322 29 33 1 11 0.6728 0.6893 177 191
228-0-1-0.05-50-0 0 2323 3 22 4 12 0.4813 0.0160 321 311
228-0-1-0.05-50-0 0 2323 33 34 9 2 0.6893 0.7448 191 168
228-0-1-0.05-50-0 0 2324 49 25 9 3 0.1842 0.9430 136 125
228-0-1-0.05-50-0 0 2324 50 14 4 3 0.2147 0.8451 147 105
228-0-1-0.05-50-0 0 2325 4 32 21 1 0.0723 0.6514 351 215
228-0-1-0.05-50-0 0 2325 49 3 9 4 0.1842 0.4813 136 321
228-0-1-0.05-50-0 0 2326 33 48 10 3 0.6893 0.1153 191 334
228-0-1-0.05-50-0 0 2326 22 16 13 21 0.0160 0.2228 311 149
228-0-1-0.05-50-0 0 2327 33 4 10 22 0.6893 0.0723 191 351
228-0-1-0.05-50-0 0 2327 33 27 10 7 0.6893 0.0776 191 149
228-0-1-0.05-50-0 0 2328 49 50 9 5 0.1842 0.2147 136 147
228-0-1-0.05-50-0 0 2328 49 16 9 21 0.1842 0.2228 136 149
228-0-1-0.05-50-0 0 2329 16 22 21 15 0.2228 0.0160 149 311
228-0-1-0.05-50-0 0 2329 49 22 9 14 0.1842 0.0160 136 311
228-0-1-0.05-50-0 0 2330 16 16 21 21 0.2228 0.2228 149 149
228-0-1-0.05-50-0 0 2330 4 33 24 10 0.0723 0.6893 351 191
228-0-1-0.05-50-0 0 2331 4 24 24 8 0.0723 0.1940 351 254
228-0-1-0.05-50-0 0 2331 48 15 3 1 0.1153 0.7918 334 149
228-0-1-0.05-50-0 0 2332 16 33 20 8 0.2228 0.6893 149 191
228-0-1-0.05-50-0 0 2332 49 22 8 13 0.1842 0.0160 136 311
228-0-1-0.05-50-0 0 2333 11 37 6 2 0.0504 0.8481 384 127
228-0-1-0.05-50-0 0 2333 16 4 21 25 0.2228 0.0723 149 351
228-0-1-0.05-50-0 0 2334 49 22 8 11 0.1842 0.0160 136 311
228-0-1-0.05-50-0 0 2334 27 4 8 23 0.0776 0.0723 149 351
228-0-1-0.05-50-0 0 2335 42 16 1 24 0.7447 0.2228 106 149
228-0-1-0.05-50-0 0 2335 27 35 8 3 0.0776 0.0354 149 158
228-0-1-0.05-50-0 0 2336 8 4 3 26 0.2506 0.0723 303 351
228-0-1-0.05-50-0 0 2336 4 4 25 25 0.0723 0.0723 351 351
228-0-1-0.05-50-0 0 2337 4 50 23 4 0.0723 0.2147 351 147
228-0-1-0.05-50-0 0 2337 16 8 23 3 0.2228 0.2506 149 303
228-0-1-0.05-50-0 0 2338 33 4 7 25 0.6893 0.0723 191 351
228-0-1-0.05-50-0 0 2338 4 16 24 22 0.0723 0.2228 351 149
228-0-1-0.05-50-0 0 2339 50 33 4 7 0.2147 0.6893 147 191
228-0-1-0.05-50-0 0 2339 22 50 12 4 0.0160 0.2147 311 147
228-0-1-0.05-50-0 0 2340 16 4 20 25 0.2228 0.0723 149 351
228-0-1-0.05-50-0 0 2340 50 48 3 5 0.2147 0.1153 147 334
228-0-1-0.05-50-0 0 2341 36 16 2 21 0.8162 0.2228 165 149
228-0-1-0.05-50-0 0 2341 27 21 9 2 0.0776 0.4184 149 158
228-0-1-0.05-50-0 0 2342 27 4 12 26 0.0776 0.0723 149 351
228-0-1-0.05-50-0 0 2342 5 21 3 1 0.0007 0.4184 226 158
228-0-1-0.05-50-0 0 2343 4 35 27 3 0.0723 0.0354 351 158
228-0-1-0.05-50-0 0 2343 16 49 21 7 0.2228 0.1842 149 136
228-0-1-0.05-50-0 0 2344 4 48 29 4 0.0723 0.1153 351 334
228-0-1-0.05-50-0 0 2344 4 4 29 29 0.0723 0.0723 351 351
228-0-1-0.05-50-0 0 2345 4 49 28 6 0.0723 0.1842 351 136
228-0-1-0.05-50-0 0 2345 16 4 22 28 0.2228 0.0723 149 351
228-0-1-0.05-50-0 0 2346 33 4 6 28 0.6893 0.0723 191 351
228-0-1-0.05-50-0 0 2346 11 4 5 27 0.0504 0.0723 384 351
228-0-1-0.05-50-0 0 2347 22 43 9 3 0.0160 0.8316 311 123
228-0-1-0.05-50-0 0 2347 18 48 3 4 0.2181 0.1153 226 334
228-0-1-0.05-50-0 0 2348 20 16 1 23 0.9922 0.2228 102 149
228-0-1-0.05-50-0 0 2348 35 50 2 4 0.0354 0.2147 158 147
228-0-1-0.05-50-0 0 2349 49 36 9 4 0.1842 0.8162 136 165
228-0-1-0.05-50-0 0 2349 4 48 26 4 0.0723 0.1153 351 334
228-0-1-0.05-50-0 0 2350 4 16 27 20 0.0723 0.2228 351 149
228-0-1-0.05-50-0 0 2350 22 16 12 19 0.0160 0.2228 311 149
228-0-1-0.05-50-0 0 2351 16 27 18 13 0.2228 0.0776 149 149
228-0-1-0.05-50-0 0 2351 20 33 1 7 0.9922 0.6893 102 191
228-0-1-0.05-50-0 0 2352 36 49 4 8 0.8162 0.1842 165 136
228-0-1-0.05-50-0 0 2352 3 22 6 13 0.4813 0.0160 321 311
228-0-1-0.05-50-0 0 2353 23 37 1 2 0.1698 0.8481 476 127
228-0-1-0.05-50-0 0 2353 16 27 18 13 0.2228 0.0776 149 149
228-0-1-0.05-50-0 0 2354 4 24 31 8 0.0723 0.1940 351 254
228-0-1-0.05-50-0 0 2354 16 16 20 20 0.2228 0.2228 149 149
228-0-1-0.05-50-0 0 2354 39 2 1 4 0.2187 0.8198 309 167
228-0-1-0.05-50-0 0 2355 16 46 19 3 0.2228 0.3451 149 327
228-0-1-0.05-50-0 0 2355 4 16 30 19 0.0723 0.2228 351 149
228-0-1-0.05-50-0 0 2356 35 24 6 7 0.0354 0.1940 158 254
228-0-1-0.05-50-0 0 2356 11 4 6 29 0.0504 0.0723 384 351
228-0-1-0.05-50-0 0 2356 35 40 6 1 0.0354 0.9739 158 104
228-0-1-0.05-50-0 0 2357 11 33 6 8 0.0504 0.6893 384 191
228-0-1-0.05-50-0 0 2357 49 4 8 27 0.1842 0.0723 136 351
228-0-1-0.05-50-0 0 2358 8 35 2 6 0.2506 0.0354 303 158
228-0-1-0.05-50-0 0 2358 22 48 13 2 0.0160 0.1153 311 334
228-0-1-0.05-50-0 0 2359 3 16 9 24 0.4813 0.2228 321 149
228-0-1-0.05-50-0 0 2359 4 22 25 12 0.0723 0.0160 351 311
228-0-1-0.05-50-0 0 2359 24 50 5 4 0.1940 0.2147 254 147
228-0-1-0.05-50-0 0 2360 4 4 27 27 0.0723 0.0723 351 351
228-0-1-0.05-50-0 0 2360 3 42 8 3 0.4813 0.7447 321 106
228-0-1-0.05-50-0 0 2361 16 49 25 11 0.2228 0.1842 149 136
228-0-1-0.05-50-0 0 2361 16 18 25 2 0.2228 0.2181 149 226
228-0-1-0.05-50-0 0 2362 16 4 25 24 0.2228 0.0723 149 351
228-0-1-0.05-50-0 0 2362 3 16 9 25 0.4813 0.2228 321 149
228-0-1-0.05-50-0 0 2362 49 20 9 1 0.1842 0.9922 136 102
228-0-1-0.05-50-0 0 2363 4 4 26 26 0.0723 0.0723 351 351
228-0-1-0.05-50-0 0 2363 16 16 27 27 0.2228 0.2228 149 149
228-0-1-0.05-50-0 0 2363 27 3 11 9 0.0776 0.4813 149 321
228-0-1-0.05-50-0 0 2364 50 22 6 12 0.2147 0.0160 147 311
228-0-1-0.05-50-0 0 2364 3 22 8 11 0.4813 0.0160 321 311
228-0-1-0.05-50-0 0 2364 11 23 6 2 0.0504 0.1698 384 476
228-0-1-0.05-50-0 0 2365 16 35 24 7 0.2228 0.0354 149 158
228-0-1-0.05-50-0 0 2365 16 4 24 23 0.2228 0.0723 149 351
228-0-1-0.05-50-0 0 2365 16 49 24 9 0.2228 0.1842 149 136
228-0-1-0.05-50-0 0 2366 16 11 23 8 0.2228 0.0504 149 384
228-0-1-0.05-50-0 0 2366 4 4 22 22 0.0723 0.0723 351 351
228-0-1-0.05-50-0 0 2367 11 22 7 11 0.0504 0.0160 384 311
228-0-1-0.05-50-0 0 2367 2 24 4 6 0.8198 0.1940 167 254
228-0-1-0.05-50-0 0 2367 26 16 1 25 0.8171 0.2228 141 149
228-0-1-0.05-50-0 0 2368 23 46 1 6 0.1698 0.3451 476 327
228-0-1-0.05-50-0 0 2368 24 5 6 2 0.1940 0.0007 254 226
228-0-1-0.05-50-0 0 2368 3 39 11 2 0.4813 0.2187 321 309
228-0-1-0.05-50-0 0 2369 22 27 10 10 0.0160 0.0776 311 149
228-0-1-0.05-50-0 0 2369 49 16 10 24 0.1842 0.2228 136 149
228-0-1-0.05-50-0 0 2369 4 4 23 23 0.0723 0.0723 351 351
228-0-1-0.05-50-0 0 2370 35 16 8 26 0.0354 0.2228 158 149
228-0-1-0.05-50-0 0 2370 46 4 5 22 0.3451 0.0723 327 351
228-0-1-0.05-50-0 0 2370 33 42 5 4 0.6893 0.7447 191 106
228-0-1-0.05-50-0 0 2371 24 35 8 7 0.1940 0.0354 254 158
228-0-1-0.05-50-0 0 2371 27 3 9 12 0.0776 0.4813 149 321
228-0-1-0.05-50-0 0 2371 3 16 11 24 0.4813 0.2228 321 149
228-0-1-0.05-50-0 0 2372 3 46 11 5 0.4813 0.3451 321 327
228-0-1-0.05-50-0 0 2372 22 4 10 22 0.0160 0.0723 311 351
228-0-1-0.05-50-0 0 2372 27 35 10 5 0.0776 0.0354 149 158
228-0-1-0.05-50-0 0 2373 24 4 7 21 0.1940 0.0723 254 351
228-0-1-0.05-50-0 0 2373 35 3 4 11 0.0354 0.4813 158 321
228-0-1-0.05-50-0 0 2373 19 16 2 24 0.8072 0.2228 134 149
228-0-1-0.05-50-0 0 2374 4 46 20 5 0.0723 0.3451 351 327
228-0-1-0.05-50-0 0 2374 2 27 5 10 0.8198 0.0776 167 149
228-0-1-0.05-50-0 0 2374 4 16 20 24 0.0723 0.2228 351 149
228-0-1-0.05-50-0 0 2375 4 35 21 4 0.0723 0.0354 351 158
228-0-1-0.05-50-0 0 2375 16 39 24 2 0.2228 0.2187 149 309
228-0-1-0.05-50-0 0 2375 27 2 9 4 0.0776 0.8198 149 167
228-0-1-0.05-50-0 0 2376 24 16 7 24 0.1940 0.2228 254 149
228-0-1-0.05-50-0 0 2376 43 49 2 15 0.8316 0.1842 123 136
228-0-1-0.05-50-0 0 2376 4 35 23 3 0.0723 0.0354 351 158
228-0-1-0.05-50-0 0 2377 27 11 7 9 0.0776 0.0504 149 384
228-0-1-0.05-50-0 0 2377 2 16 4 24 0.8198 0.2228 167 149
228-0-1-0.05-50-0 0 2377 50 49 5 13 0.2147 0.1842 147 136
228-0-1-0.05-50-0 0 2378 50 4 6 23 0.2147 0.0723 147 351
228-0-1-0.05-50-0 0 2378 49 42 10 5 0.1842 0.7447 136 106
228-0-1-0.05-50-0 0 2378 8 11 4 9 0.2506 0.0504 303 384
228-0-1-0.05-50-0 0 2379 22 37 15 4 0.0160 0.8481 311 127
228-0-1-0.05-50-0 0 2379 35 22 3 15 0.0354 0.0160 158 311
228-0-1-0.05-50-0 0 2379 24 24 8 8 0.1940 0.1940 254 254
228-0-1-0.05-50-0 0 2380 22 11 14 9 0.0160 0.0504 311 384
228-0-1-0.05-50-0 0 2380 37 16 3 23 0.8481 0.2228 127 149
228-0-1-0.05-50-0 0 2380 43 49 3 11 0.8316 0.1842 123 136
228-0-1-0.05-50-0 0 2381 15 16 3 23 0.7918 0.2228 149 149
228-0-1-0.05-50-0 0 2381 16 24 22 7 0.2228 0.1940 149 254
228-0-1-0.05-50-0 0 2381 11 4 8 23 0.0504 0.0723 384 351
228-0-1-0.05-50-0 0 2382 49 33 9 5 0.1842 0.6893 136 191
228-0-1-0.05-50-0 0 2382 49 22 9 14 0.1842 0.0160 136 311
228-0-1-0.05-50-0 0 2382 24 22 6 13 0.1940 0.0160 254 311
228-0-1-0.05-50-0 0 2383 2 49 4 9 0.8198 0.1842 167 136
228-0-1-0.05-50-0 0 2383 50 50 6 6 0.2147 0.2147 147 147
228-0-1-0.05-50-0 0 2383 14 22 1 13 0.8451 0.0160 105 311
228-0-1-0.05-50-0 0 2384 16 2 22 4 0.2228 0.8198 149 167
228-0-1-0.05-50-0 0 2384 39 3 2 12 0.2187 0.4813 309 321
228-0-1-0.05-50-0 0 2384 4 16 24 22 0.0723 0.2228 351 149
228-0-1-0.05-50-0 0 2385 48 16 3 21 0.1153 0.2228 334 149
228-0-1-0.05-50-0 0 2385 1 4 3 23 0.2520 0.0723 409 351
228-0-1-0.05-50-0 0 2385 4 2 22 3 0.0723 0.8198 351 167
228-0-1-0.05-50-0 0 2386 22 4 11 23 0.0160 0.0723 311 351
228-0-1-0.05-50-0 0 2386 48 19 3 2 0.1153 0.8072 334 134
228-0-1-0.05-50-0 0 2386 33 22 4 11 0.6893 0.0160 191 311
228-0-1-0.05-50-0 0 2387 16 16 21 21 0.2228 0.2228 149 149
228-0-1-0.05-50-0 0 2387 49 3 9 11 0.1842 0.4813 136 321
228-0-1-0.05-50-0 0 2388 11 22 9 11 0.0504 0.0160 384 311
228-0-1-0.05-50-0 0 2388 9 9 3 3 0.6134 0.6134 161 161
228-0-1-0.05-50-0 0 2388 16 16 19 19 0.2228 0.2228 149 149
228-0-1-0.05-50-0 0 2389 50 11 7 8 0.2147 0.0504 147 384
228-0-1-0.05-50-0 0 2389 27 33 5 5 0.0776 0.6893 149 191
228-0-1-0.05-50-0 0 2390 2 4 1 21 0.8198 0.0723 167 351
228-0-1-0.05-50-0 0 2390 48 11 3 7 0.1153 0.0504 334 384
228-0-1-0.05-50-0 0 2391 14 27 1 5 0.8451 0.0776 105 149
228-0-1-0.05-50-0 0 2391 3 50 11 6 0.4813 0.2147 321 147
228-0-1-0.05-50-0 0 2392 9 16 2 15 0.6134 0.2228 161 149
228-0-1-0.05-50-0 0 2392 37 3 5 11 0.8481 0.4813 127 321
228-0-1-0.05-50-0 0 2393 22 39 14 1 0.0160 0.2187 311 309
228-0-1-0.05-50-0 0 2393 3 4 11 23 0.4813 0.0723 321 351
228-0-1-0.05-50-0 0 2394 33 42 4 6 0.6893 0.7447 191 106
228-0-1-0.05-50-0 0 2394 3 49 12 9 0.4813 0.1842 321 136
228-0-1-0.05-50-0 0 2395 24 16 8 13 0.1940 0.2228 254 149
228-0-1-0.05-50-0 0 2395 27 4 5 23 0.0776 0.0723 149 351
228-0-1-0.05-50-0 0 2396 4 48 22 4 0.0723 0.1153 351 334
228-0-1-0.05-50-0 0 2396 33 4 3 22 0.6893 0.0723 191 351
228-0-1-0.05-50-0 0 2396 4 24 21 8 0.0723 0.1940 351 254
228-0-1-0.05-50-0 0 2397 43 4 3 23 0.8316 0.0723 123 351
228-0-1-0.05-50-0 0 2397 16 16 11 11 0.2228 0.2228 149 149
228-0-1-0.05-50-0 0 2397 22 4 15 22 0.0160 0.0723 311 351
228-0-1-0.05-50-0 0 2398 1 16 5 10 0.2520 0.2228 409 149
228-0-1-0.05-50-0 0 2398 27 49 6 9 0.0776 0.1842 149 136
228-0-1-0.05-50-0 0 2399 4 22 19 13 0.0723 0.0160 351 311
228-0-1-0.05-50-0 0 2399 16 50 8 8 0.2228 0.2147 149 147
228-0-1-0.05-50-0 0 2400 4 43 20 3 0.0723 0.8316 351 123
228-0-1-0.05-50-0 0 2400 15 22 5 11 0.7918 0.0160 149 311
228-0-1-0.05-50-0 0 2401 50 1 6 5 0.2147 0.2520 147 409
228-0-1-0.05-50-0 0 2401 3 9 16 1 0.4813 0.6134 321 161
228-0-1-0.05-50-0 0 2402 4 4 19 19 0.0723 0.0723 351 351
228-0-1-0.05-50-0 0 2402 27 33 5 2 0.0776 0.6893 149 191
228-0-1-0.05-50-0 0 2403 35 46 3 3 0.0354 0.3451 158 327
228-0-1-0.05-50-0 0 2403 27 19 6 3 0.0776 0.8072 149 134
228-0-1-0.05-50-0 0 2404 16 39 8 1 0.2228 0.2187 149 309
228-0-1-0.05-50-0 0 2404 14 44 1 4 0.8451 0.7034 105 118
228-0-1-0.05-50-0 0 2405 50 43 5 4 0.2147 0.8316 147 123
228-0-1-0.05-50-0 0 2405 3 50 17 5 0.4813 0.2147 321 147
228-0-1-0.05-50-0 0 2406 42 3 9 17 0.7447 0.4813 106 321
228-0-1-0.05-50-0 0 2406 10 22 1 8 0.2533 0.0160 449 311
228-0-1-0.05-50-0 0 2407 34 43 3 3 0.7448 0.8316 168 123
228-0-1-0.05-50-0 0 2407 4 11 18 6 0.0723 0.0504 351 384
228-0-1-0.05-50-0 0 2408 35 16 4 10 0.0354 0.2228 158 149
228-0-1-0.05-50-0 0 2408 4 37 19 3 0.0723 0.8481 351 127
228-0-1-0.05-50-0 0 2409 37 3 2 17 0.8481 0.4813 127 321
228-0-1-0.05-50-0 0 2409 49 4 13 19 0.1842 0.0723 136 351
228-0-1-0.05-50-0 0 2410 4 42 18 10 0.0723 0.7447 351 106
228-0-1-0.05-50-0 0 2410 16 3 9 16 0.2228 0.4813 149 321
228-0-1-0.05-50-0 0 2411 1 4 3 20 0.2520 0.0723 409 351
228-0-1-0.05-50-0 0 2411 50 4 4 19 0.2147 0.0723 147 351
228-0-1-0.05-50-0 0 2412 3 22 13 6 0.4813 0.0160 321 311
228-0-1-0.05-50-0 0 2412 25 49 2 10 0.9430 0.1842 125 136
228-0-1-0.05-50-0 0 2413 42 49 8 7 0.7447 0.1842 106 136
228-0-1-0.05-50-0 0 2413 50 48 6 2 0.2147 0.1153 147 334
228-0-1-0.05-50-0 0 2414 4 4 17 17 0.0723 0.0723 351 351
228-0-1-0.05-50-0 0 2414 39 4 1 16 0.2187 0.0723 309 351
228-0-1-0.05-50-0 0 2415 4 3 15 16 0.0723 0.4813 351 321
228-0-1-0.05-50-0 0 2415 4 42 15 8 0.0723 0.7447 351 106
228-0-1-0.05-50-0 0 2416 3 44 15 2 0.4813 0.7034 321 118
228-0-1-0.05-50-0 0 2416 4 32 15 1 0.0723 0.6514 351 215
228-0-1-0.05-50-0 0 2417 3 3 15 15 0.4813 0.4813 321 321
228-0-1-0.05-50-0 0 2417 10 3 1 14 0.2533 0.4813 449 321
228-0-1-0.05-50-0 0 2418 34 42 3 6 0.7448 0.7447 168 106
228-0-1-0.05-50-0 0 2418 15 3 5 13 0.7918 0.4813 149 321
228-0-1-0.05-50-0 0 2419 42 3 4 14 0.7447 0.4813 106 321
228-0-1-0.05-50-0 0 2419 24 37 12 2 0.1940 0.8481 254 127
228-0-1-0.05-50-0 0 2420 37 1 1 2 0.8481 0.2520 127 409
228-0-1-0.05-50-0 0 2420 4 49 16 3 0.0723 0.1842 351 136
228-0-1-0.05-50-0 0 2421 3 4 15 15 0.4813 0.0723 321 351
228-0-1-0.05-50-0 0 2421 24 6 12 1 0.1940 0.4266 254 249
228-0-1-0.05-50-0 0 2422 27 3 7 15 0.0776 0.4813 149 321
228-0-1-0.05-50-0 0 2422 34 15 4 5 0.7448 0.7918 168 149
228-0-1-0.05-50-0 0 2423 12 27 5 8 0.1896 0.0776 325 149
228-0-1-0.05-50-0 0 2423 4 3 12 16 0.0723 0.4813 351 321
228-0-1-0.05-50-0 0 2424 15 4 6 12 0.7918 0.0723 149 351
228-0-1-0.05-50-0 0 2424 50 34 9 4 0.2147 0.7448 147 168
228-0-1-0.05-50-0 0 2425 24 4 11 11 0.1940 0.0723 254 351
228-0-1-0.05-50-0 0 2425 24 3 11 16 0.1940 0.4813 254 321
228-0-1-0.05-50-0 0 2426 12 24 5 12 0.1896 0.1940 325 254
228-0-1-0.05-50-0 0 2426 16 35 5 4 0.2228 0.0354 149 158
228-0-1-0.05-50-0 0 2427 3 36 15 5 0.4813 0.8162 321 165
228-0-1-0.05-50-0 0 2427 4 3 9 15 0.0723 0.4813 351 321
228-0-1-0.05-50-0 0 2428 3 24 16 9 0.4813 0.1940 321 254
228-0-1-0.05-50-0 0 2428 36 44 4 1 0.8162 0.7034 165 118
228-0-1-0.05-50-0 0 2429 11 24 5 9 0.0504 0.1940 384 254
228-0-1-0.05-50-0 0 2429 24 4 8 9 0.1940 0.0723 254 351
228-0-1-0.05-50-0 0 2430 22 24 6 9 0.0160 0.1940 311 254
228-0-1-0.05-50-0 0 2430 34 4 2 8 0.7448 0.0723 168 351
228-0-1-0.05-50-0 0 2431 42 50 3 8 0.7447 0.2147 106 147
228-0-1-0.05-50-0 0 2431 50 27 7 7 0.2147 0.0776 147 149
228-0-1-0.05-50-0 0 2432 3 40 18 2 0.4813 0.9739 321 104
228-0-1-0.05-50-0 0 2432 3 4 18 8 0.4813 0.0723 321 351
228-0-1-0.05-50-0 0 2433 42 3 5 16 0.7447 0.4813 106 321
228-0-1-0.05-50-0 0 2433 35 27 3 8 0.0354 0.0776 158 149
228-0-1-0.05-50-0 0 2434 11 22 6 6 0.0504 0.0160 384 311
228-0-1-0.05-50-0 0 2434 3 49 15 3 0.4813 0.1842 321 136
228-0-1-0.05-50-0 0 2435 4 36 7 5 0.0723 0.8162 351 165
228-0-1-0.05-50-0 0 2435 4 3 7 15 0.0723 0.4813 351 321
228-0-1-0.05-50-0 0 2436 49 11 2 6 0.1842 0.0504 136 384
228-0-1-0.05-50-0 0 2436 36 4 4 7 0.8162 0.0723 165 351
228-0-1-0.05-50-0 0 2437 27 1 7 2 0.0776 0.2520 149 409
228-0-1-0.05-50-0 0 2437 42 27 6 7 0.7447 0.0776 106 149
228-0-1-0.05-50-0 0 2438 3 34 13 4 0.4813 0.7448 321 168
228-0-1-0.05-50-0 0 2438 35 15 4 7 0.0354 0.7918 158 149
228-0-1-0.05-50-0 0 2439 42 15 8 6 0.7447 0.7918 106 149
228-0-1-0.05-50-0 0 2439 27 24 6 10 0.0776 0.1940 149 254
228-0-1-0.05-50-0 0 2440 10 12 1 8 0.2533 0.1896 449 325
228-0-1-0.05-50-0 0 2440 50 3 6 14 0.2147 0.4813 147 321
228-0-1-0.05-50-0 0 2441 24 35 10 5 0.1940 0.0354 254 158
228-0-1-0.05-50-0 0 2441 10 49 1 1 0.2533 0.1842 449 136
228-0-1-0.05-50-0 0 2442 50 24 5 11 0.2147 0.1940 147 254
228-0-1-0.05-50-0 0 2442 41 3 1 13 0.9621 0.4813 105 321
228-0-1-0.05-50-0 0 2443 11 43 5 1 0.0504 0.8316 384 123
228-0-1-0.05-50-0 0 2443 24 24 10 10 0.1940 0.1940 254 254
228-0-1-0.05-50-0 0 2444 15 34 6 4 0.7918 0.7448 149 168
228-0-1-0.05-50-0 0 2445 16 15 4 6 0.2228 0.7918 149 149
228-0-1-0.05-50-0 0 2446 4 15 6 5 0.0723 0.7918 351 149
228-0-1-0.05-50-0 0 2447 42 42 9 9 0.7447 0.7447 106 106
228-0-1-0.05-50-0 0 2448 1 48 1 1 0.2520 0.1153 409 334
228-0-1-0.05-50-0 0 2448 42 3 9 11 0.7447 0.4813 106 321
228-0-1-0.05-50-0 0 2449 38 27 1 5 0.6163 0.0776 270 149
228-0-1-0.05-50-0 0 2450 3 38 9 1 0.4813 0.6163 321 270
228-0-1-0.05-50-0 0 2451 22 24 7 10 0.0160 0.1940 311 254
228-0-1-0.05-50-0 0 2452 4 3 7 7 0.0723 0.4813 351 321
228-0-1-0.05-50-0 0 2452 50 15 7 7 0.2147 0.7918 147 149
228-0-1-0.05-50-0 0 2453 36 4 4 8 0.8162 0.0723 165 351
228-0-1-0.05-50-0 0 2453 17 25 1 1 0.6398 0.9430 197 125
228-0-1-0.05-50-0 0 2454 50 44 8 3 0.2147 0.7034 147 118
228-0-1-0.05-50-0 0 2454 12 12 5 5 0.1896 0.1896 325 325
228-0-1-0.05-50-0 0 2455 41 50 4 9 0.9621 0.2147 105 147
228-0-1-0.05-50-0 0 2455 12 4 4 7 0.1896 0.0723 325 351
228-0-1-0.05-50-0 0 2456 50 15 8 9 0.2147 0.7918 147 149
228-0-1-0.05-50-0 0 2456 49 12 1 4 0.1842 0.1896 136 325
228-0-1-0.05-50-0 0 2457 35 27 6 3 0.0354 0.0776 158 149
228-0-1-0.05-50-0 0 2457 42 36 11 4 0.7447 0.8162 106 165
228-0-1-0.05-50-0 0 2458 34 22 6 11 0.7448 0.0160 168 311
228-0-1-0.05-50-0 0 2458 35 15 6 9 0.0354 0.7918 158 149
228-0-1-0.05-50-0 0 2459 11 34 5 7 0.0504 0.7448 384 168
228-0-1-0.05-50-0 0 2459 16 15 3 8 0.2228 0.7918 149 149
228-0-1-0.05-50-0 0 2460 36 36 4 4 0.8162 0.8162 165 165
228-0-1-0.05-50-0 0 2460 24 50 11 9 0.1940 0.2147 254 147
228-0-1-0.05-50-0 0 2461 15 42 7 12 0.7918 0.7447 149 106
228-0-1-0.05-50-0 0 2461 37 15 1 7 0.8481 0.7918 127 149
228-0-1-0.05-50-0 0 2462 11 49 5 3 0.0504 0.1842 384 136
228-0-1-0.05-50-0 0 2462 3 50 6 8 0.4813 0.2147 321 147
228-0-1-0.05-50-0 0 2463 42 22 8 14 0.7447 0.0160 106 311
228-0-1-0.05-50-0 0 2463 23 27 4 2 0.1698 0.0776 476 149
228-0-1-0.05-50-0 0 2464 22 22 13 13 0.0160 0.0160 311 311
228-0-1-0.05-50-0 0 2464 41 50 6 6 0.9621 0.2147 105 147
228-0-1-0.05-50-0 0 2465 16 4 2 9 0.2228 0.0723 149 351
228-0-1-0.05-50-0 0 2465 34 47 6 2 0.7448 0.9293 168 103
228-0-1-0.05-50-0 0 2466 37 16 2 2 0.8481 0.2228 127 149
228-0-1-0.05-50-0 0 2466 42 42 7 7 0.7447 0.7447 106 106
228-0-1-0.05-50-0 0 2467 4 3 11 7 0.0723 0.4813 351 321
228-0-1-0.05-50-0 0 2467 41 42 10 6 0.9621 0.7447 105 106
228-0-1-0.05-50-0 0 2468 50 40 6 2 0.2147 0.9739 147 104
228-0-1-0.05-50-0 0 2468 3 24 6 11 0.4813 0.1940 321 254
228-0-1-0.05-50-0 0 2469 50 3 7 6 0.2147 0.4813 147 321
228-0-1-0.05-50-0 0 2469 3 23 5 4 0.4813 0.1698 321 476
228-0-1-0.05-50-0 0 2470 22 9 13 1 0.0160 0.6134 311 161
228-0-1-0.05-50-0 0 2470 4 22 14 13 0.0723 0.0160 351 311
228-0-1-0.05-50-0 0 2471 30 50 1 7 0.6008 0.2147 266 147
228-0-1-0.05-50-0 0 2471 33 49 3 5 0.6893 0.1842 191 136
228-0-1-0.05-50-0 0 2472 4 3 14 7 0.0723 0.4813 351 321
228-0-1-0.05-50-0 0 2472 50 50 6 6 0.2147 0.2147 147 147
228-0-1-0.05-50-0 0 2473 3 22 6 14 0.4813 0.0160 321 311
228-0-1-0.05-50-0 0 2473 4 41 14 10 0.0723 0.9621 351 105
228-0-1-0.05-50-0 0 2474 4 50 14 6 0.0723 0.2147 351 147
228-0-1-0.05-50-0 0 2474 22 41 12 9 0.0160 0.9621 311 105
228-0-1-0.05-50-0 0 2475 31 42 2 6 0.5626 0.7447 252 106
228-0-1-0.05-50-0 0 2475 22 10 12 1 0.0160 0.2533 311 449
228-0-1-0.05-50-0 0 2476 47 15 1 7 0.9293 0.7918 103 149
228-0-1-0.05-50-0 0 2476 49 22 6 13 0.1842 0.0160 136 311
228-0-1-0.05-50-0 0 2477 34 24 8 15 0.7448 0.1940 168 254
228-0-1-0.05-50-0 0 2477 4 11 13 5 0.0723 0.0504 351 384
228-0-1-0.05-50-0 0 2478 24 4 13 14 0.1940 0.0723 254 351
228-0-1-0.05-50-0 0 2478 47 11 2 4 0.9293 0.0504 103 384
228-0-1-0.05-50-0 0 2479 22 15 14 6 0.0160 0.7918 311 149
228-0-1-0.05-50-0 0 2479 41 20 8 1 0.9621 0.9922 105 102
228-0-1-0.05-50-0 0 2480 41 15 7 4 0.9621 0.7918 105 149
228-0-1-0.05-50-0 0 2480 4 35 16 7 0.0723 0.0354 351 158
228-0-1-0.05-50-0 0 2481 49 49 7 7 0.1842 0.1842 136 136
228-0-1-0.05-50-0 0 2481 49 41 6 8 0.1842 0.9621 136 105
228-0-1-0.05-50-0 0 2482 42 41 4 7 0.7447 0.9621 106 105
228-0-1-0.05-50-0 0 2482 36 22 1 12 0.8162 0.0160 165 311
228-0-1-0.05-50-0 0 2483 4 35 15 6 0.0723 0.0354 351 158
228-0-1-0.05-50-0 0 2483 24 22 14 13 0.1940 0.0160 254 311
228-0-1-0.05-50-0 0 2484 5 31 3 1 0.0007 0.5626 226 252
228-0-1-0.05-50-0 0 2484 22 2 12 2 0.0160 0.8198 311 167
228-0-1-0.05-50-0 0 2485 24 23 15 7 0.1940 0.1698 254 476
228-0-1-0.05-50-0 0 2485 4 22 15 12 0.0723 0.0160 351 311
228-0-1-0.05-50-0 0 2486 22 23 11 6 0.0160 0.1698 311 476
228-0-1-0.05-50-0 0 2486 35 5 6 3 0.0354 0.0007 158 226
228-0-1-0.05-50-0 0 2487 40 49 2 13 0.9739 0.1842 104 136
228-0-1-0.05-50-0 0 2487 22 15 13 2 0.0160 0.7918 311 149
228-0-1-0.05-50-0 0 2488 16 4 3 15 0.2228 0.0723 149 351
228-0-1-0.05-50-0 0 2488 35 4 7 14 0.0354 0.0723 158 351
228-0-1-0.05-50-0 0 2489 34 22 9 13 0.7448 0.0160 168 311
228-0-1-0.05-50-0 0 2489 41 42 4 6 0.9621 0.7447 105 106
228-0-1-0.05-50-0 0 2490 5 5 4 4 0.0007 0.0007 226 226
228-0-1-0.05-50-0 0 2490 4 49 13 9 0.0723 0.1842 351 136
228-0-1-0.05-50-0 0 2491 4 34 14 9 0.0723 0.7448 351 168
228-0-1-0.05-50-0 0 2491 23 23 5 5 0.1698 0.1698 476 476
228-0-1-0.05-50-0 0 2492 34 35 8 6 0.7448 0.0354 168 158
228-0-1-0.05-50-0 0 2492 23 3 4 8 0.1698 0.4813 476 321
228-0-1-0.05-50-0 0 2493 42 24 5 15 0.7447 0.1940 106 254
228-0-1-0.05-50-0 0 2493 4 22 13 14 0.0723 0.0160 351 311
228-0-1-0.05-50-0 0 2494 4 23 13 4 0.0723 0.1698 351 476
228-0-1-0.05-50-0 0 2494 4 37 13 3 0.0723 0.8481 351 127
228-0-1-0.05-50-0 0 2495 24 24 11 11 0.1940 0.1940 254 254
228-0-1-0.05-50-0 0 2495 24 4 10 12 0.1940 0.0723 254 351
228-0-1-0.05-50-0 0 2496 40 24 2 9 0.9739 0.1940 104 254
228-0-1-0.05-50-0 0 2496 3 49 7 7 0.4813 0.1842 321 136
228-0-1-0.05-50-0 0 2497 35 33 6 3 0.0354 0.6893 158 191
228-0-1-0.05-50-0 0 2497 11 10 1 3 0.0504 0.2533 384 449
228-0-1-0.05-50-0 0 2498 5 41 3 3 0.0007 0.9621 226 105
228-0-1-0.05-50-0 0 2498 24 10 8 2 0.1940 0.2533 254 449
228-0-1-0.05-50-0 0 2499 22 42 16 5 0.0160 0.7447 311 106
228-0-1-0.05-50-0 0 2499 35 1 6 3 0.0354 0.2520 158 409
228-0-1-0.05-50-0 0 2500 50 30 3 5 0.2147 0.6008 147 266
228-0-1-0.05-50-0 0 2500 34 35 7 7 0.7448 0.0354 168 158
