229-0-1-0.05-50-0 0 2302 26 14 3 11 0.8171 0.8451 141 105
229-0-1-0.05-50-0 0 2302 24 35 2 3 0.1940 0.0354 254 158
229-0-1-0.05-50-0 0 2303 12 37 5 3 0.1896 0.8481 325 127
229-0-1-0.05-50-0 0 2303 35 38 2 11 0.0354 0.6163 158 270
229-0-1-0.05-50-0 0 2304 13 28 10 6 0.8878 0.3846 151 311
229-0-1-0.05-50-0 0 2304 3 26 11 3 0.4813 0.8171 321 141
229-0-1-0.05-50-0 0 2305 11 33 4 4 0.0504 0.6893 384 191
229-0-1-0.05-50-0 0 2305 23 16 6 5 0.1698 0.2228 476 149
229-0-1-0.05-50-0 0 2306 47 3 2 11 0.9293 0.4813 103 321
229-0-1-0.05-50-0 0 2306 13 23 13 5 0.8878 0.1698 151 476
229-0-1-0.05-50-0 0 2307 37 25 4 3 0.8481 0.9430 127 125
229-0-1-0.05-50-0 0 2307 7 13 2 11 0.9267 0.8878 106 151
229-0-1-0.05-50-0 0 2308 14 26 14 2 0.8451 0.8171 105 141
229-0-1-0.05-50-0 0 2308 23 1 5 7 0.1698 0.2520 476 409
229-0-1-0.05-50-0 0 2309 21 31 11 7 0.4184 0.5626 158 252
229-0-1-0.05-50-0 0 2309 25 21 2 11 0.9430 0.4184 125 158
229-0-1-0.05-50-0 0 2310 3 28 8 5 0.4813 0.3846 321 311
229-0-1-0.05-50-0 0 2310 38 47 10 2 0.6163 0.9293 270 103
229-0-1-0.05-50-0 0 2311 3 31 8 5 0.4813 0.5626 321 252
229-0-1-0.05-50-0 0 2311 21 14 12 15 0.4184 0.8451 158 105
229-0-1-0.05-50-0 0 2312 21 14 14 14 0.4184 0.8451 158 105
229-0-1-0.05-50-0 0 2312 37 1 3 5 0.8481 0.2520 127 409
229-0-1-0.05-50-0 0 2313 14 13 12 11 0.8451 0.8878 105 151
229-0-1-0.05-50-0 0 2313 12 23 4 5 0.1896 0.1698 325 476
229-0-1-0.05-50-0 0 2314 25 23 3 4 0.9430 0.1698 125 476
229-0-1-0.05-50-0 0 2314 48 11 3 5 0.1153 0.0504 334 384
229-0-1-0.05-50-0 0 2315 12 39 5 2 0.1896 0.2187 325 309
229-0-1-0.05-50-0 0 2315 38 49 10 7 0.6163 0.1842 270 136
229-0-1-0.05-50-0 0 2316 49 21 6 15 0.1842 0.4184 136 158
229-0-1-0.05-50-0 0 2316 11 7 4 2 0.0504 0.9267 384 106
229-0-1-0.05-50-0 0 2317 23 26 3 1 0.1698 0.8171 476 141
229-0-1-0.05-50-0 0 2317 14 12 12 4 0.8451 0.1896 105 325
229-0-1-0.05-50-0 0 2318 28 11 5 4 0.3846 0.0504 311 384
229-0-1-0.05-50-0 0 2318 13 11 11 3 0.8878 0.0504 151 384
229-0-1-0.05-50-0 0 2319 16 16 7 7 0.2228 0.2228 149 149
229-0-1-0.05-50-0 0 2319 37 43 3 2 0.8481 0.8316 127 123
229-0-1-0.05-50-0 0 2320 14 34 14 2 0.8451 0.7448 105 168
229-0-1-0.05-50-0 0 2320 25 13 2 13 0.9430 0.8878 125 151
229-0-1-0.05-50-0 0 2321 14 49 14 4 0.8451 0.1842 105 136
229-0-1-0.05-50-0 0 2321 46 35 10 6 0.3451 0.0354 327 158
229-0-1-0.05-50-0 0 2322 36 31 2 8 0.8162 0.5626 165 252
229-0-1-0.05-50-0 0 2322 23 13 3 12 0.1698 0.8878 476 151
229-0-1-0.05-50-0 0 2323 21 46 15 10 0.4184 0.3451 158 327
229-0-1-0.05-50-0 0 2323 24 21 4 15 0.1940 0.4184 254 158
229-0-1-0.05-50-0 0 2324 23 21 3 14 0.1698 0.4184 476 158
229-0-1-0.05-50-0 0 2324 21 24 13 4 0.4184 0.1940 158 254
229-0-1-0.05-50-0 0 2325 14 46 13 9 0.8451 0.3451 105 327
229-0-1-0.05-50-0 0 2325 13 9 11 1 0.8878 0.6134 151 161
229-0-1-0.05-50-0 0 2326 46 33 9 3 0.3451 0.6893 327 191
229-0-1-0.05-50-0 0 2326 14 3 15 5 0.8451 0.4813 105 321
229-0-1-0.05-50-0 0 2327 21 31 15 9 0.4184 0.5626 158 252
229-0-1-0.05-50-0 0 2327 35 47 7 2 0.0354 0.9293 158 103
229-0-1-0.05-50-0 0 2328 24 37 3 6 0.1940 0.8481 254 127
229-0-1-0.05-50-0 0 2328 1 4 4 5 0.2520 0.0723 409 351
229-0-1-0.05-50-0 0 2329 28 47 6 1 0.3846 0.9293 311 103
229-0-1-0.05-50-0 0 2329 14 25 13 2 0.8451 0.9430 105 125
229-0-1-0.05-50-0 0 2330 31 21 8 14 0.5626 0.4184 252 158
229-0-1-0.05-50-0 0 2330 15 14 3 13 0.7918 0.8451 149 105
229-0-1-0.05-50-0 0 2331 16 25 6 1 0.2228 0.9430 149 125
229-0-1-0.05-50-0 0 2331 13 36 12 4 0.8878 0.8162 151 165
229-0-1-0.05-50-0 0 2332 7 15 2 5 0.9267 0.7918 106 149
229-0-1-0.05-50-0 0 2332 34 22 1 4 0.7448 0.0160 168 311
229-0-1-0.05-50-0 0 2333 37 21 7 12 0.8481 0.4184 127 158
229-0-1-0.05-50-0 0 2333 21 33 11 1 0.4184 0.6893 158 191
229-0-1-0.05-50-0 0 2334 11 14 3 10 0.0504 0.8451 384 105
229-0-1-0.05-50-0 0 2334 31 14 9 9 0.5626 0.8451 252 105
229-0-1-0.05-50-0 0 2335 16 22 6 3 0.2228 0.0160 149 311
229-0-1-0.05-50-0 0 2335 37 37 8 8 0.8481 0.8481 127 127
229-0-1-0.05-50-0 0 2336 10 21 2 12 0.2533 0.4184 449 158
229-0-1-0.05-50-0 0 2336 28 24 7 4 0.3846 0.1940 311 254
229-0-1-0.05-50-0 0 2337 12 13 4 17 0.1896 0.8878 325 151
229-0-1-0.05-50-0 0 2337 13 31 16 9 0.8878 0.5626 151 252
229-0-1-0.05-50-0 0 2338 12 13 4 16 0.1896 0.8878 325 151
229-0-1-0.05-50-0 0 2338 28 46 8 8 0.3846 0.3451 311 327
229-0-1-0.05-50-0 0 2339 37 28 8 9 0.8481 0.3846 127 311
229-0-1-0.05-50-0 0 2339 37 31 8 8 0.8481 0.5626 127 252
229-0-1-0.05-50-0 0 2340 23 37 3 9 0.1698 0.8481 476 127
229-0-1-0.05-50-0 0 2340 14 37 9 8 0.8451 0.8481 105 127
229-0-1-0.05-50-0 0 2341 16 12 6 4 0.2228 0.1896 149 325
229-0-1-0.05-50-0 0 2341 37 3 7 4 0.8481 0.4813 127 321
229-0-1-0.05-50-0 0 2342 28 1 11 3 0.3846 0.2520 311 409
229-0-1-0.05-50-0 0 2342 16 21 6 12 0.2228 0.4184 149 158
229-0-1-0.05-50-0 0 2343 1 1 2 2 0.2520 0.2520 409 409
229-0-1-0.05-50-0 0 2343 35 4 6 7 0.0354 0.0723 158 351
229-0-1-0.05-50-0 0 2344 46 28 7 9 0.3451 0.3846 327 311
229-0-1-0.05-50-0 0 2344 46 49 7 5 0.3451 0.1842 327 136
229-0-1-0.05-50-0 0 2345 46 38 6 8 0.3451 0.6163 327 270
229-0-1-0.05-50-0 0 2345 13 15 21 4 0.8878 0.7918 151 149
229-0-1-0.05-50-0 0 2346 21 10 11 1 0.4184 0.2533 158 449
229-0-1-0.05-50-0 0 2346 13 22 22 2 0.8878 0.0160 151 311
229-0-1-0.05-50-0 0 2347 14 13 7 25 0.8451 0.8878 105 151
229-0-1-0.05-50-0 0 2347 12 35 3 8 0.1896 0.0354 325 158
229-0-1-0.05-50-0 0 2348 31 13 6 25 0.5626 0.8878 252 151
229-0-1-0.05-50-0 0 2348 38 46 6 6 0.6163 0.3451 270 327
229-0-1-0.05-50-0 0 2349 45 13 2 25 0.3816 0.8878 173 151
229-0-1-0.05-50-0 0 2349 11 7 4 5 0.0504 0.9267 384 106
229-0-1-0.05-50-0 0 2350 16 29 8 6 0.2228 0.6728 149 177
229-0-1-0.05-50-0 0 2350 21 4 14 6 0.4184 0.0723 158 351
229-0-1-0.05-50-0 0 2350 35 13 7 24 0.0354 0.8878 158 151
229-0-1-0.05-50-0 0 2351 7 4 5 5 0.9267 0.0723 106 351
229-0-1-0.05-50-0 0 2351 49 28 3 12 0.1842 0.3846 136 311
229-0-1-0.05-50-0 0 2351 3 21 3 14 0.4813 0.4184 321 158
229-0-1-0.05-50-0 0 2352 31 38 5 6 0.5626 0.6163 252 270
229-0-1-0.05-50-0 0 2352 43 15 3 4 0.8316 0.7918 123 149
229-0-1-0.05-50-0 0 2352 37 35 6 8 0.8481 0.0354 127 158
229-0-1-0.05-50-0 0 2353 21 13 14 26 0.4184 0.8878 158 151
229-0-1-0.05-50-0 0 2353 37 35 6 7 0.8481 0.0354 127 158
229-0-1-0.05-50-0 0 2353 45 24 4 3 0.3816 0.1940 173 254
229-0-1-0.05-50-0 0 2354 48 15 2 2 0.1153 0.7918 334 149
229-0-1-0.05-50-0 0 2354 14 21 9 13 0.8451 0.4184 105 158
229-0-1-0.05-50-0 0 2354 28 12 10 8 0.3846 0.1896 311 325
229-0-1-0.05-50-0 0 2355 35 14 5 9 0.0354 0.8451 158 105
229-0-1-0.05-50-0 0 2355 32 28 1 12 0.6514 0.3846 215 311
229-0-1-0.05-50-0 0 2355 42 7 4 5 0.7447 0.9267 106 106
229-0-1-0.05-50-0 0 2356 3 13 3 27 0.4813 0.8878 321 151
229-0-1-0.05-50-0 0 2356 19 21 1 10 0.8072 0.4184 134 158
229-0-1-0.05-50-0 0 2356 37 13 5 26 0.8481 0.8878 127 151
229-0-1-0.05-50-0 0 2357 24 29 2 7 0.1940 0.6728 254 177
229-0-1-0.05-50-0 0 2357 15 35 1 5 0.7918 0.0354 149 158
229-0-1-0.05-50-0 0 2358 13 13 25 25 0.8878 0.8878 151 151
229-0-1-0.05-50-0 0 2358 3 28 4 10 0.4813 0.3846 321 311
229-0-1-0.05-50-0 0 2359 32 46 2 7 0.6514 0.3451 215 327
229-0-1-0.05-50-0 0 2359 7 42 4 4 0.9267 0.7447 106 106
229-0-1-0.05-50-0 0 2360 14 13 8 22 0.8451 0.8878 105 151
229-0-1-0.05-50-0 0 2360 37 36 6 2 0.8481 0.8162 127 165
229-0-1-0.05-50-0 0 2361 13 29 22 6 0.8878 0.6728 151 177
229-0-1-0.05-50-0 0 2361 13 13 22 22 0.8878 0.8878 151 151
229-0-1-0.05-50-0 0 2362 28 46 10 8 0.3846 0.3451 311 327
229-0-1-0.05-50-0 0 2362 14 29 10 5 0.8451 0.6728 105 177
229-0-1-0.05-50-0 0 2363 28 13 10 22 0.3846 0.8878 311 151
229-0-1-0.05-50-0 0 2363 13 49 21 9 0.8878 0.1842 151 136
229-0-1-0.05-50-0 0 2364 44 28 3 10 0.7034 0.3846 118 311
229-0-1-0.05-50-0 0 2364 7 16 5 3 0.9267 0.2228 106 149
229-0-1-0.05-50-0 0 2365 13 7 23 5 0.8878 0.9267 151 106
229-0-1-0.05-50-0 0 2365 32 49 2 9 0.6514 0.1842 215 136
229-0-1-0.05-50-0 0 2366 38 44 2 3 0.6163 0.7034 270 118
229-0-1-0.05-50-0 0 2366 38 28 2 8 0.6163 0.3846 270 311
229-0-1-0.05-50-0 0 2367 11 44 6 2 0.0504 0.7034 384 118
229-0-1-0.05-50-0 0 2367 29 13 7 24 0.6728 0.8878 177 151
229-0-1-0.05-50-0 0 2368 5 46 4 7 0.0007 0.3451 226 327
229-0-1-0.05-50-0 0 2368 3 21 5 5 0.4813 0.4184 321 158
229-0-1-0.05-50-0 0 2369 31 13 11 24 0.5626 0.8878 252 151
229-0-1-0.05-50-0 0 2369 29 31 7 11 0.6728 0.5626 177 252
229-0-1-0.05-50-0 0 2370 13 31 24 10 0.8878 0.5626 151 252
229-0-1-0.05-50-0 0 2370 49 29 9 7 0.1842 0.6728 136 177
229-0-1-0.05-50-0 0 2371 32 36 2 2 0.6514 0.8162 215 165
229-0-1-0.05-50-0 0 2371 11 12 6 8 0.0504 0.1896 384 325
229-0-1-0.05-50-0 0 2372 35 37 6 5 0.0354 0.8481 158 127
229-0-1-0.05-50-0 0 2372 5 14 5 8 0.0007 0.8451 226 105
229-0-1-0.05-50-0 0 2373 31 43 8 3 0.5626 0.8316 252 123
229-0-1-0.05-50-0 0 2373 14 13 7 27 0.8451 0.8878 105 151
229-0-1-0.05-50-0 0 2373 49 44 7 1 0.1842 0.7034 136 118
229-0-1-0.05-50-0 0 2374 37 11 4 6 0.8481 0.0504 127 384
229-0-1-0.05-50-0 0 2374 13 14 27 7 0.8878 0.8451 151 105
229-0-1-0.05-50-0 0 2375 14 20 6 1 0.8451 0.9922 105 102
229-0-1-0.05-50-0 0 2375 28 31 12 7 0.3846 0.5626 311 252
229-0-1-0.05-50-0 0 2376 39 11 5 7 0.2187 0.0504 309 384
229-0-1-0.05-50-0 0 2376 35 28 8 12 0.0354 0.3846 158 311
229-0-1-0.05-50-0 0 2376 12 5 6 4 0.1896 0.0007 325 226
229-0-1-0.05-50-0 0 2377 31 35 6 8 0.5626 0.0354 252 158
229-0-1-0.05-50-0 0 2377 31 7 6 5 0.5626 0.9267 252 106
229-0-1-0.05-50-0 0 2378 13 16 27 4 0.8878 0.2228 151 149
229-0-1-0.05-50-0 0 2378 3 12 4 6 0.4813 0.1896 321 325
229-0-1-0.05-50-0 0 2378 50 35 1 7 0.2147 0.0354 147 158
229-0-1-0.05-50-0 0 2379 13 13 28 28 0.8878 0.8878 151 151
229-0-1-0.05-50-0 0 2379 13 13 27 27 0.8878 0.8878 151 151
229-0-1-0.05-50-0 0 2379 36 46 1 8 0.8162 0.3451 165 327
229-0-1-0.05-50-0 0 2380 7 31 4 6 0.9267 0.5626 106 252
229-0-1-0.05-50-0 0 2380 40 13 2 26 0.9739 0.8878 104 151
229-0-1-0.05-50-0 0 2380 11 35 8 5 0.0504 0.0354 384 158
229-0-1-0.05-50-0 0 2381 21 14 5 10 0.4184 0.8451 158 105
229-0-1-0.05-50-0 0 2381 14 12 9 5 0.8451 0.1896 105 325
229-0-1-0.05-50-0 0 2382 13 21 22 5 0.8878 0.4184 151 158
229-0-1-0.05-50-0 0 2382 28 14 14 10 0.3846 0.8451 311 105
229-0-1-0.05-50-0 0 2383 13 49 22 10 0.8878 0.1842 151 136
229-0-1-0.05-50-0 0 2383 25 43 3 3 0.9430 0.8316 125 123
229-0-1-0.05-50-0 0 2384 29 39 3 3 0.6728 0.2187 177 309
229-0-1-0.05-50-0 0 2384 31 49 5 10 0.5626 0.1842 252 136
229-0-1-0.05-50-0 0 2385 28 13 16 23 0.3846 0.8878 311 151
229-0-1-0.05-50-0 0 2385 26 4 1 3 0.8171 0.0723 141 351
229-0-1-0.05-50-0 0 2386 39 28 2 18 0.2187 0.3846 309 311
229-0-1-0.05-50-0 0 2386 13 13 22 22 0.8878 0.8878 151 151
229-0-1-0.05-50-0 0 2387 11 28 5 17 0.0504 0.3846 384 311
229-0-1-0.05-50-0 0 2387 31 7 5 2 0.5626 0.9267 252 106
229-0-1-0.05-50-0 0 2388 28 13 17 20 0.3846 0.8878 311 151
229-0-1-0.05-50-0 0 2388 14 13 12 19 0.8451 0.8878 105 151
229-0-1-0.05-50-0 0 2388 43 2 2 3 0.8316 0.8198 123 167
229-0-1-0.05-50-0 0 2389 50 24 1 1 0.2147 0.1940 147 254
229-0-1-0.05-50-0 0 2389 13 46 19 12 0.8878 0.3451 151 327
229-0-1-0.05-50-0 0 2389 25 23 3 1 0.9430 0.1698 125 476
229-0-1-0.05-50-0 0 2390 3 45 4 2 0.4813 0.3816 321 173
229-0-1-0.05-50-0 0 2390 38 49 2 13 0.6163 0.1842 270 136
229-0-1-0.05-50-0 0 2390 21 46 6 12 0.4184 0.3451 158 327
229-0-1-0.05-50-0 0 2391 46 13 12 19 0.3451 0.8878 327 151
229-0-1-0.05-50-0 0 2391 32 15 6 4 0.6514 0.7918 215 149
229-0-1-0.05-50-0 0 2391 21 14 6 11 0.4184 0.8451 158 105
229-0-1-0.05-50-0 0 2392 13 46 18 12 0.8878 0.3451 151 327
229-0-1-0.05-50-0 0 2392 14 21 10 7 0.8451 0.4184 105 158
229-0-1-0.05-50-0 0 2392 31 39 8 2 0.5626 0.2187 252 309
229-0-1-0.05-50-0 0 2393 12 32 3 6 0.1896 0.6514 325 215
229-0-1-0.05-50-0 0 2393 32 32 5 5 0.6514 0.6514 215 215
229-0-1-0.05-50-0 0 2393 32 46 4 11 0.6514 0.3451 215 327
229-0-1-0.05-50-0 0 2394 13 9 18 1 0.8878 0.6134 151 161
229-0-1-0.05-50-0 0 2394 46 12 10 3 0.3451 0.1896 327 325
229-0-1-0.05-50-0 0 2395 16 35 3 6 0.2228 0.0354 149 158
229-0-1-0.05-50-0 0 2395 46 25 10 3 0.3451 0.9430 327 125
229-0-1-0.05-50-0 0 2395 45 29 1 5 0.3816 0.6728 173 177
229-0-1-0.05-50-0 0 2396 28 16 23 3 0.3846 0.2228 311 149
229-0-1-0.05-50-0 0 2396 12 13 2 21 0.1896 0.8878 325 151
229-0-1-0.05-50-0 0 2396 37 28 5 23 0.8481 0.3846 127 311
229-0-1-0.05-50-0 0 2397 15 49 2 10 0.7918 0.1842 149 136
229-0-1-0.05-50-0 0 2397 28 8 24 2 0.3846 0.2506 311 303
229-0-1-0.05-50-0 0 2397 31 32 9 4 0.5626 0.6514 252 215
229-0-1-0.05-50-0 0 2398 14 31 14 9 0.8451 0.5626 105 252
229-0-1-0.05-50-0 0 2398 13 13 20 20 0.8878 0.8878 151 151
229-0-1-0.05-50-0 0 2398 14 13 14 19 0.8451 0.8878 105 151
229-0-1-0.05-50-0 0 2399 28 28 23 23 0.3846 0.3846 311 311
229-0-1-0.05-50-0 0 2399 28 29 22 4 0.3846 0.6728 311 177
229-0-1-0.05-50-0 0 2400 14 46 14 10 0.8451 0.3451 105 327
229-0-1-0.05-50-0 0 2400 28 28 21 21 0.3846 0.3846 311 311
229-0-1-0.05-50-0 0 2401 28 13 20 18 0.3846 0.8878 311 151
229-0-1-0.05-50-0 0 2401 14 2 14 4 0.8451 0.8198 105 167
229-0-1-0.05-50-0 0 2402 31 21 7 9 0.5626 0.4184 252 158
229-0-1-0.05-50-0 0 2402 39 14 1 14 0.2187 0.8451 309 105
229-0-1-0.05-50-0 0 2402 13 28 18 21 0.8878 0.3846 151 311
229-0-1-0.05-50-0 0 2403 28 5 20 4 0.3846 0.0007 311 226
229-0-1-0.05-50-0 0 2403 2 28 2 20 0.8198 0.3846 167 311
229-0-1-0.05-50-0 0 2404 14 3 15 6 0.8451 0.4813 105 321
229-0-1-0.05-50-0 0 2404 40 13 3 18 0.9739 0.8878 104 151
229-0-1-0.05-50-0 0 2405 46 28 11 21 0.3451 0.3846 327 311
229-0-1-0.05-50-0 0 2405 45 14 4 15 0.3816 0.8451 173 105
229-0-1-0.05-50-0 0 2405 28 49 20 12 0.3846 0.1842 311 136
229-0-1-0.05-50-0 0 2406 46 14 10 12 0.3451 0.8451 327 105
229-0-1-0.05-50-0 0 2406 28 14 19 11 0.3846 0.8451 311 105
229-0-1-0.05-50-0 0 2407 4 21 2 5 0.0723 0.4184 351 158
229-0-1-0.05-50-0 0 2407 29 29 5 5 0.6728 0.6728 177 177
229-0-1-0.05-50-0 0 2408 11 45 5 5 0.0504 0.3816 384 173
229-0-1-0.05-50-0 0 2408 13 49 18 15 0.8878 0.1842 151 136
229-0-1-0.05-50-0 0 2409 28 45 17 4 0.3846 0.3816 311 173
229-0-1-0.05-50-0 0 2409 12 46 1 10 0.1896 0.3451 325 327
229-0-1-0.05-50-0 0 2410 35 46 5 9 0.0354 0.3451 158 327
229-0-1-0.05-50-0 0 2410 28 21 18 4 0.3846 0.4184 311 158
229-0-1-0.05-50-0 0 2411 46 28 8 19 0.3451 0.3846 327 311
229-0-1-0.05-50-0 0 2411 46 32 8 4 0.3451 0.6514 327 215
229-0-1-0.05-50-0 0 2412 45 32 4 3 0.3816 0.6514 173 215
229-0-1-0.05-50-0 0 2412 28 13 18 14 0.3846 0.8878 311 151
229-0-1-0.05-50-0 0 2413 13 23 14 1 0.8878 0.1698 151 476
229-0-1-0.05-50-0 0 2413 13 46 14 7 0.8878 0.3451 151 327
229-0-1-0.05-50-0 0 2414 11 49 5 15 0.0504 0.1842 384 136
229-0-1-0.05-50-0 0 2414 14 4 9 3 0.8451 0.0723 105 351
229-0-1-0.05-50-0 0 2415 31 13 8 16 0.5626 0.8878 252 151
229-0-1-0.05-50-0 0 2415 13 48 15 3 0.8878 0.1153 151 334
229-0-1-0.05-50-0 0 2416 28 25 19 4 0.3846 0.9430 311 125
229-0-1-0.05-50-0 0 2416 49 48 14 2 0.1842 0.1153 136 334
229-0-1-0.05-50-0 0 2416 14 13 10 16 0.8451 0.8878 105 151
229-0-1-0.05-50-0 0 2417 28 49 19 14 0.3846 0.1842 311 136
229-0-1-0.05-50-0 0 2417 13 29 16 5 0.8878 0.6728 151 177
229-0-1-0.05-50-0 0 2418 46 35 6 5 0.3451 0.0354 327 158
229-0-1-0.05-50-0 0 2418 27 35 3 4 0.0776 0.0354 149 158
229-0-1-0.05-50-0 0 2419 32 31 3 7 0.6514 0.5626 215 252
229-0-1-0.05-50-0 0 2419 29 37 5 10 0.6728 0.8481 177 127
229-0-1-0.05-50-0 0 2419 13 37 14 9 0.8878 0.8481 151 127
229-0-1-0.05-50-0 0 2420 50 46 1 7 0.2147 0.3451 147 327
229-0-1-0.05-50-0 0 2420 31 15 6 2 0.5626 0.7918 252 149
229-0-1-0.05-50-0 0 2420 25 14 3 8 0.9430 0.8451 125 105
229-0-1-0.05-50-0 0 2421 14 14 8 8 0.8451 0.8451 105 105
229-0-1-0.05-50-0 0 2421 35 49 4 14 0.0354 0.1842 158 136
229-0-1-0.05-50-0 0 2421 49 37 13 8 0.1842 0.8481 136 127
229-0-1-0.05-50-0 0 2422 49 5 13 4 0.1842 0.0007 136 226
229-0-1-0.05-50-0 0 2422 28 31 19 5 0.3846 0.5626 311 252
229-0-1-0.05-50-0 0 2423 11 3 10 6 0.0504 0.4813 384 321
229-0-1-0.05-50-0 0 2423 45 3 5 5 0.3816 0.4813 173 321
229-0-1-0.05-50-0 0 2423 14 49 6 13 0.8451 0.1842 105 136
229-0-1-0.05-50-0 0 2424 21 13 11 17 0.4184 0.8878 158 151
229-0-1-0.05-50-0 0 2424 3 27 4 3 0.4813 0.0776 321 149
229-0-1-0.05-50-0 0 2424 29 13 4 16 0.6728 0.8878 177 151
229-0-1-0.05-50-0 0 2425 21 29 12 4 0.4184 0.6728 158 177
229-0-1-0.05-50-0 0 2425 40 45 3 7 0.9739 0.3816 104 173
229-0-1-0.05-50-0 0 2425 49 35 15 5 0.1842 0.0354 136 158
229-0-1-0.05-50-0 0 2426 28 49 21 15 0.3846 0.1842 311 136
229-0-1-0.05-50-0 0 2426 21 28 11 21 0.4184 0.3846 158 311
229-0-1-0.05-50-0 0 2426 28 48 20 1 0.3846 0.1153 311 334
229-0-1-0.05-50-0 0 2427 21 21 11 11 0.4184 0.4184 158 158
229-0-1-0.05-50-0 0 2427 14 37 6 10 0.8451 0.8481 105 127
229-0-1-0.05-50-0 0 2428 46 13 5 12 0.3451 0.8878 327 151
229-0-1-0.05-50-0 0 2428 11 37 8 9 0.0504 0.8481 384 127
229-0-1-0.05-50-0 0 2429 14 38 6 2 0.8451 0.6163 105 270
229-0-1-0.05-50-0 0 2429 8 49 1 17 0.2506 0.1842 303 136
229-0-1-0.05-50-0 0 2429 5 3 3 4 0.0007 0.4813 226 321
229-0-1-0.05-50-0 0 2430 15 13 2 10 0.7918 0.8878 149 151
229-0-1-0.05-50-0 0 2430 21 40 9 3 0.4184 0.9739 158 104
229-0-1-0.05-50-0 0 2431 43 25 1 2 0.8316 0.9430 123 125
229-0-1-0.05-50-0 0 2431 28 11 24 7 0.3846 0.0504 311 384
229-0-1-0.05-50-0 0 2432 21 49 9 15 0.4184 0.1842 158 136
229-0-1-0.05-50-0 0 2432 28 28 22 22 0.3846 0.3846 311 311
229-0-1-0.05-50-0 0 2433 39 28 1 21 0.2187 0.3846 309 311
229-0-1-0.05-50-0 0 2433 45 5 9 4 0.3816 0.0007 173 226
229-0-1-0.05-50-0 0 2434 28 42 21 1 0.3846 0.7447 311 106
229-0-1-0.05-50-0 0 2434 32 37 3 8 0.6514 0.8481 215 127
229-0-1-0.05-50-0 0 2435 45 28 8 22 0.3816 0.3846 173 311
229-0-1-0.05-50-0 0 2435 31 18 3 1 0.5626 0.2181 252 226
229-0-1-0.05-50-0 0 2436 9 45 3 8 0.6134 0.3816 161 173
229-0-1-0.05-50-0 0 2436 3 14 4 10 0.4813 0.8451 321 105
229-0-1-0.05-50-0 0 2437 27 37 1 8 0.0776 0.8481 149 127
229-0-1-0.05-50-0 0 2437 22 16 10 1 0.0160 0.2228 311 149
229-0-1-0.05-50-0 0 2438 13 45 9 6 0.8878 0.3816 151 173
229-0-1-0.05-50-0 0 2438 49 14 18 12 0.1842 0.8451 136 105
229-0-1-0.05-50-0 0 2439 45 14 6 10 0.3816 0.8451 173 105
229-0-1-0.05-50-0 0 2439 25 13 1 9 0.9430 0.8878 125 151
229-0-1-0.05-50-0 0 2440 22 49 14 17 0.0160 0.1842 311 136
229-0-1-0.05-50-0 0 2440 15 13 3 8 0.7918 0.8878 149 151
229-0-1-0.05-50-0 0 2441 37 11 7 5 0.8481 0.0504 127 384
229-0-1-0.05-50-0 0 2441 28 10 20 4 0.3846 0.2533 311 449
229-0-1-0.05-50-0 0 2442 10 14 4 8 0.2533 0.8451 449 105
229-0-1-0.05-50-0 0 2442 13 21 9 11 0.8878 0.4184 151 158
229-0-1-0.05-50-0 0 2442 10 46 4 6 0.2533 0.3451 449 327
229-0-1-0.05-50-0 0 2443 38 28 2 20 0.6163 0.3846 270 311
229-0-1-0.05-50-0 0 2443 11 1 4 4 0.0504 0.2520 384 409
229-0-1-0.05-50-0 0 2443 49 10 16 4 0.1842 0.2533 136 449
229-0-1-0.05-50-0 0 2444 28 45 19 7 0.3846 0.3816 311 173
229-0-1-0.05-50-0 0 2444 34 5 1 5 0.7448 0.0007 168 226
229-0-1-0.05-50-0 0 2445 3 5 2 4 0.4813 0.0007 321 226
229-0-1-0.05-50-0 0 2445 11 15 5 3 0.0504 0.7918 384 149
229-0-1-0.05-50-0 0 2446 28 40 21 4 0.3846 0.9739 311 104
229-0-1-0.05-50-0 0 2446 11 28 5 21 0.0504 0.3846 384 311
229-0-1-0.05-50-0 0 2446 25 13 2 11 0.9430 0.8878 125 151
229-0-1-0.05-50-0 0 2447 28 21 22 9 0.3846 0.4184 311 158
229-0-1-0.05-50-0 0 2447 37 21 8 8 0.8481 0.4184 127 158
229-0-1-0.05-50-0 0 2447 14 25 9 2 0.8451 0.9430 105 125
229-0-1-0.05-50-0 0 2448 40 45 4 5 0.9739 0.3816 104 173
229-0-1-0.05-50-0 0 2448 46 28 5 22 0.3451 0.3846 327 311
229-0-1-0.05-50-0 0 2449 32 21 4 8 0.6514 0.4184 215 158
229-0-1-0.05-50-0 0 2449 21 25 7 1 0.4184 0.9430 158 125
229-0-1-0.05-50-0 0 2450 28 38 20 3 0.3846 0.6163 311 270
229-0-1-0.05-50-0 0 2450 22 46 12 5 0.0160 0.3451 311 327
229-0-1-0.05-50-0 0 2451 11 5 3 4 0.0504 0.0007 384 226
229-0-1-0.05-50-0 0 2451 22 11 13 3 0.0160 0.0504 311 384
229-0-1-0.05-50-0 0 2451 26 22 1 13 0.8171 0.0160 141 311
229-0-1-0.05-50-0 0 2452 21 47 8 1 0.4184 0.9293 158 103
229-0-1-0.05-50-0 0 2452 37 46 8 6 0.8481 0.3451 127 327
229-0-1-0.05-50-0 0 2453 3 27 4 2 0.4813 0.0776 321 149
229-0-1-0.05-50-0 0 2453 46 29 5 2 0.3451 0.6728 327 177
229-0-1-0.05-50-0 0 2454 10 14 4 9 0.2533 0.8451 449 105
229-0-1-0.05-50-0 0 2454 38 46 3 5 0.6163 0.3451 270 327
229-0-1-0.05-50-0 0 2455 37 28 9 20 0.8481 0.3846 127 311
229-0-1-0.05-50-0 0 2455 22 22 11 11 0.0160 0.0160 311 311
229-0-1-0.05-50-0 0 2456 37 2 9 3 0.8481 0.8198 127 167
229-0-1-0.05-50-0 0 2456 40 22 7 8 0.9739 0.0160 104 311
229-0-1-0.05-50-0 0 2457 44 28 2 20 0.7034 0.3846 118 311
229-0-1-0.05-50-0 0 2457 9 37 6 10 0.6134 0.8481 161 127
229-0-1-0.05-50-0 0 2458 9 21 6 7 0.6134 0.4184 161 158
229-0-1-0.05-50-0 0 2458 40 26 7 1 0.9739 0.8171 104 141
229-0-1-0.05-50-0 0 2459 49 1 11 3 0.1842 0.2520 136 409
229-0-1-0.05-50-0 0 2459 21 49 6 11 0.4184 0.1842 158 136
229-0-1-0.05-50-0 0 2460 13 9 8 6 0.8878 0.6134 151 161
229-0-1-0.05-50-0 0 2460 28 15 16 1 0.3846 0.7918 311 149
229-0-1-0.05-50-0 0 2461 31 49 6 10 0.5626 0.1842 252 136
229-0-1-0.05-50-0 0 2461 34 27 1 1 0.7448 0.0776 168 149
229-0-1-0.05-50-0 0 2462 3 39 6 5 0.4813 0.2187 321 309
229-0-1-0.05-50-0 0 2462 31 14 6 10 0.5626 0.8451 252 105
229-0-1-0.05-50-0 0 2463 22 10 9 4 0.0160 0.2533 311 449
229-0-1-0.05-50-0 0 2463 37 9 9 4 0.8481 0.6134 127 161
229-0-1-0.05-50-0 0 2464 26 21 1 7 0.8171 0.4184 141 158
229-0-1-0.05-50-0 0 2464 37 3 9 8 0.8481 0.4813 127 321
229-0-1-0.05-50-0 0 2465 40 39 8 6 0.9739 0.2187 104 309
229-0-1-0.05-50-0 0 2465 31 28 7 18 0.5626 0.3846 252 311
229-0-1-0.05-50-0 0 2466 39 40 6 8 0.2187 0.9739 309 104
229-0-1-0.05-50-0 0 2466 13 3 11 9 0.8878 0.4813 151 321
229-0-1-0.05-50-0 0 2467 29 28 1 18 0.6728 0.3846 177 311
229-0-1-0.05-50-0 0 2467 14 21 10 6 0.8451 0.4184 105 158
229-0-1-0.05-50-0 0 2467 38 8 4 1 0.6163 0.2506 270 303
229-0-1-0.05-50-0 0 2468 13 46 11 8 0.8878 0.3451 151 327
229-0-1-0.05-50-0 0 2468 45 46 6 7 0.3816 0.3451 173 327
229-0-1-0.05-50-0 0 2469 13 37 11 6 0.8878 0.8481 151 127
229-0-1-0.05-50-0 0 2469 22 37 10 5 0.0160 0.8481 311 127
229-0-1-0.05-50-0 0 2470 39 21 6 8 0.2187 0.4184 309 158
229-0-1-0.05-50-0 0 2470 13 11 11 4 0.8878 0.0504 151 384
229-0-1-0.05-50-0 0 2470 28 1 19 2 0.3846 0.2520 311 409
229-0-1-0.05-50-0 0 2471 13 45 11 8 0.8878 0.3816 151 173
229-0-1-0.05-50-0 0 2471 28 29 19 1 0.3846 0.6728 311 177
229-0-1-0.05-50-0 0 2471 3 43 9 2 0.4813 0.8316 321 123
229-0-1-0.05-50-0 0 2472 14 46 12 7 0.8451 0.3451 105 327
229-0-1-0.05-50-0 0 2472 21 45 7 7 0.4184 0.3816 158 173
229-0-1-0.05-50-0 0 2472 16 35 2 2 0.2228 0.0354 149 158
229-0-1-0.05-50-0 0 2473 22 3 11 10 0.0160 0.4813 311 321
229-0-1-0.05-50-0 0 2473 9 31 3 9 0.6134 0.5626 161 252
229-0-1-0.05-50-0 0 2473 22 3 11 9 0.0160 0.4813 311 321
229-0-1-0.05-50-0 0 2474 38 14 6 12 0.6163 0.8451 270 105
229-0-1-0.05-50-0 0 2474 31 2 8 1 0.5626 0.8198 252 167
229-0-1-0.05-50-0 0 2474 31 22 8 10 0.5626 0.0160 252 311
229-0-1-0.05-50-0 0 2475 13 28 14 22 0.8878 0.3846 151 311
229-0-1-0.05-50-0 0 2475 40 39 7 6 0.9739 0.2187 104 309
229-0-1-0.05-50-0 0 2476 28 22 21 10 0.3846 0.0160 311 311
229-0-1-0.05-50-0 0 2476 28 10 21 2 0.3846 0.2533 311 449
229-0-1-0.05-50-0 0 2477 40 40 7 7 0.9739 0.9739 104 104
229-0-1-0.05-50-0 0 2477 22 31 10 9 0.0160 0.5626 311 252
229-0-1-0.05-50-0 0 2478 21 44 6 2 0.4184 0.7034 158 118
229-0-1-0.05-50-0 0 2478 13 13 14 14 0.8878 0.8878 151 151
229-0-1-0.05-50-0 0 2479 13 45 13 6 0.8878 0.3816 151 173
229-0-1-0.05-50-0 0 2479 28 28 19 19 0.3846 0.3846 311 311
229-0-1-0.05-50-0 0 2480 39 13 6 12 0.2187 0.8878 309 151
229-0-1-0.05-50-0 0 2480 38 46 9 9 0.6163 0.3451 270 327
229-0-1-0.05-50-0 0 2481 46 22 9 11 0.3451 0.0160 327 311
229-0-1-0.05-50-0 0 2481 46 39 9 7 0.3451 0.2187 327 309
229-0-1-0.05-50-0 0 2481 3 49 11 14 0.4813 0.1842 321 136
229-0-1-0.05-50-0 0 2482 21 3 5 10 0.4184 0.4813 158 321
229-0-1-0.05-50-0 0 2482 39 10 7 1 0.2187 0.2533 309 449
229-0-1-0.05-50-0 0 2482 11 49 2 13 0.0504 0.1842 384 136
229-0-1-0.05-50-0 0 2483 49 28 12 19 0.1842 0.3846 136 311
229-0-1-0.05-50-0 0 2483 46 38 9 11 0.3451 0.6163 327 270
229-0-1-0.05-50-0 0 2484 14 3 10 10 0.8451 0.4813 105 321
229-0-1-0.05-50-0 0 2484 39 28 6 18 0.2187 0.3846 309 311
229-0-1-0.05-50-0 0 2484 13 39 11 6 0.8878 0.2187 151 309
229-0-1-0.05-50-0 0 2485 49 22 12 10 0.1842 0.0160 136 311
229-0-1-0.05-50-0 0 2485 28 30 17 1 0.3846 0.6008 311 266
229-0-1-0.05-50-0 0 2486 50 20 3 1 0.2147 0.9922 147 102
229-0-1-0.05-50-0 0 2486 28 43 18 2 0.3846 0.8316 311 123
229-0-1-0.05-50-0 0 2486 28 22 18 11 0.3846 0.0160 311 311
229-0-1-0.05-50-0 0 2487 46 49 10 14 0.3451 0.1842 327 136
229-0-1-0.05-50-0 0 2487 21 22 6 12 0.4184 0.0160 158 311
229-0-1-0.05-50-0 0 2487 14 41 11 3 0.8451 0.9621 105 105
229-0-1-0.05-50-0 0 2488 14 22 10 10 0.8451 0.0160 105 311
229-0-1-0.05-50-0 0 2488 22 13 9 11 0.0160 0.8878 311 151
229-0-1-0.05-50-0 0 2488 11 40 2 8 0.0504 0.9739 384 104
229-0-1-0.05-50-0 0 2489 28 38 18 13 0.3846 0.6163 311 270
229-0-1-0.05-50-0 0 2489 3 31 6 16 0.4813 0.5626 321 252
229-0-1-0.05-50-0 0 2489 21 38 7 12 0.4184 0.6163 158 270
229-0-1-0.05-50-0 0 2490 44 28 2 17 0.7034 0.3846 118 311
229-0-1-0.05-50-0 0 2490 38 16 10 2 0.6163 0.2228 270 149
229-0-1-0.05-50-0 0 2490 28 21 16 7 0.3846 0.4184 311 158
229-0-1-0.05-50-0 0 2491 13 45 12 6 0.8878 0.3816 151 173
229-0-1-0.05-50-0 0 2491 28 50 16 3 0.3846 0.2147 311 147
229-0-1-0.05-50-0 0 2492 28 46 17 12 0.3846 0.3451 311 327
229-0-1-0.05-50-0 0 2492 37 45 7 5 0.8481 0.3816 127 173
229-0-1-0.05-50-0 0 2492 31 38 16 11 0.5626 0.6163 252 270
229-0-1-0.05-50-0 0 2493 46 46 11 11 0.3451 0.3451 327 327
229-0-1-0.05-50-0 0 2493 21 40 7 8 0.4184 0.9739 158 104
229-0-1-0.05-50-0 0 2493 28 46 16 10 0.3846 0.3451 311 327
229-0-1-0.05-50-0 0 2494 41 13 2 13 0.9621 0.8878 105 151
229-0-1-0.05-50-0 0 2494 31 39 23 3 0.5626 0.2187 252 309
229-0-1-0.05-50-0 0 2494 49 38 12 9 0.1842 0.6163 136 270
229-0-1-0.05-50-0 0 2495 31 31 22 22 0.5626 0.5626 252 252
229-0-1-0.05-50-0 0 2495 28 37 15 6 0.3846 0.8481 311 127
229-0-1-0.05-50-0 0 2496 32 28 2 15 0.6514 0.3846 215 311
229-0-1-0.05-50-0 0 2496 31 45 20 5 0.5626 0.3816 252 173
229-0-1-0.05-50-0 0 2496 49 14 13 9 0.1842 0.8451 136 105
229-0-1-0.05-50-0 0 2497 37 22 6 8 0.8481 0.0160 127 311
229-0-1-0.05-50-0 0 2497 22 38 7 8 0.0160 0.6163 311 270
229-0-1-0.05-50-0 0 2497 28 49 14 14 0.3846 0.1842 311 136
229-0-1-0.05-50-0 0 2498 50 14 2 7 0.2147 0.8451 147 105
229-0-1-0.05-50-0 0 2498 31 13 20 12 0.5626 0.8878 252 151
229-0-1-0.05-50-0 0 2498 50 6 2 1 0.2147 0.4266 147 249
229-0-1-0.05-50-0 0 2499 13 46 10 7 0.8878 0.3451 151 327
229-0-1-0.05-50-0 0 2499 40 49 11 14 0.9739 0.1842 104 136
229-0-1-0.05-50-0 0 2500 40 32 11 2 0.9739 0.6514 104 215
229-0-1-0.05-50-0 0 2500 40 21 11 6 0.9739 0.4184 104 158
229-0-1-0.05-50-0 0 2500 3 49 7 14 0.4813 0.1842 321 136
