234-0-1-0.05-50-0 0 2302 16 24 8 10 0.2228 0.1940 149 254
234-0-1-0.05-50-0 0 2302 17 28 7 2 0.6398 0.3846 197 311
234-0-1-0.05-50-0 0 2303 19 34 1 7 0.8072 0.7448 134 168
234-0-1-0.05-50-0 0 2303 30 34 8 6 0.6008 0.7448 266 168
234-0-1-0.05-50-0 0 2304 24 38 8 3 0.1940 0.6163 254 270
234-0-1-0.05-50-0 0 2304 16 36 7 6 0.2228 0.8162 149 165
234-0-1-0.05-50-0 0 2305 24 50 8 2 0.1940 0.2147 254 147
234-0-1-0.05-50-0 0 2305 2 17 3 5 0.8198 0.6398 167 197
234-0-1-0.05-50-0 0 2306 46 9 2 9 0.3451 0.6134 327 161
234-0-1-0.05-50-0 0 2306 21 26 5 2 0.4184 0.8171 158 141
234-0-1-0.05-50-0 0 2307 5 36 3 6 0.0007 0.8162 226 165
234-0-1-0.05-50-0 0 2307 30 2 8 3 0.6008 0.8198 266 167
234-0-1-0.05-50-0 0 2308 16 17 9 3 0.2228 0.6398 149 197
234-0-1-0.05-50-0 0 2308 1 19 10 1 0.2520 0.8072 409 134
234-0-1-0.05-50-0 0 2309 41 16 2 9 0.9621 0.2228 105 149
234-0-1-0.05-50-0 0 2309 3 21 10 6 0.4813 0.4184 321 158
234-0-1-0.05-50-0 0 2310 12 9 2 10 0.1896 0.6134 325 161
234-0-1-0.05-50-0 0 2310 38 34 2 6 0.6163 0.7448 270 168
234-0-1-0.05-50-0 0 2311 24 24 9 9 0.1940 0.1940 254 254
234-0-1-0.05-50-0 0 2311 14 10 4 4 0.8451 0.2533 105 449
234-0-1-0.05-50-0 0 2312 10 9 5 9 0.2533 0.6134 449 161
234-0-1-0.05-50-0 0 2312 24 36 8 8 0.1940 0.8162 254 165
234-0-1-0.05-50-0 0 2313 1 21 10 5 0.2520 0.4184 409 158
234-0-1-0.05-50-0 0 2313 9 37 11 5 0.6134 0.8481 161 127
234-0-1-0.05-50-0 0 2314 30 16 9 6 0.6008 0.2228 266 149
234-0-1-0.05-50-0 0 2314 37 10 4 6 0.8481 0.2533 127 449
234-0-1-0.05-50-0 0 2315 24 14 8 6 0.1940 0.8451 254 105
234-0-1-0.05-50-0 0 2315 39 1 2 11 0.2187 0.2520 309 409
234-0-1-0.05-50-0 0 2316 39 30 2 9 0.2187 0.6008 309 266
234-0-1-0.05-50-0 0 2316 44 16 2 5 0.7034 0.2228 118 149
234-0-1-0.05-50-0 0 2317 3 3 15 15 0.4813 0.4813 321 321
234-0-1-0.05-50-0 0 2317 18 3 6 14 0.2181 0.4813 226 321
234-0-1-0.05-50-0 0 2318 36 24 7 8 0.8162 0.1940 165 254
234-0-1-0.05-50-0 0 2318 26 36 1 7 0.8171 0.8162 141 165
234-0-1-0.05-50-0 0 2319 23 36 1 6 0.1698 0.8162 476 165
234-0-1-0.05-50-0 0 2319 14 9 5 14 0.8451 0.6134 105 161
234-0-1-0.05-50-0 0 2320 18 21 6 5 0.2181 0.4184 226 158
234-0-1-0.05-50-0 0 2320 48 17 8 5 0.1153 0.6398 334 197
234-0-1-0.05-50-0 0 2321 12 18 4 7 0.1896 0.2181 325 226
234-0-1-0.05-50-0 0 2321 11 24 6 7 0.0504 0.1940 384 254
234-0-1-0.05-50-0 0 2322 44 30 2 5 0.7034 0.6008 118 266
234-0-1-0.05-50-0 0 2322 10 10 5 5 0.2533 0.2533 449 449
234-0-1-0.05-50-0 0 2323 11 9 6 10 0.0504 0.6134 384 161
234-0-1-0.05-50-0 0 2323 9 10 9 4 0.6134 0.2533 161 449
234-0-1-0.05-50-0 0 2324 1 30 9 4 0.2520 0.6008 409 266
234-0-1-0.05-50-0 0 2324 37 18 3 8 0.8481 0.2181 127 226
234-0-1-0.05-50-0 0 2325 1 1 10 10 0.2520 0.2520 409 409
234-0-1-0.05-50-0 0 2325 24 1 7 9 0.1940 0.2520 254 409
234-0-1-0.05-50-0 0 2326 38 34 4 6 0.6163 0.7448 270 168
234-0-1-0.05-50-0 0 2326 36 24 7 7 0.8162 0.1940 165 254
234-0-1-0.05-50-0 0 2327 41 9 3 9 0.9621 0.6134 105 161
234-0-1-0.05-50-0 0 2327 12 18 3 6 0.1896 0.2181 325 226
234-0-1-0.05-50-0 0 2328 18 12 6 4 0.2181 0.1896 226 325
234-0-1-0.05-50-0 0 2328 1 23 11 3 0.2520 0.1698 409 476
234-0-1-0.05-50-0 0 2329 9 34 10 6 0.6134 0.7448 161 168
234-0-1-0.05-50-0 0 2329 1 10 11 3 0.2520 0.2533 409 449
234-0-1-0.05-50-0 0 2329 34 24 5 6 0.7448 0.1940 168 254
234-0-1-0.05-50-0 0 2330 44 17 3 5 0.7034 0.6398 118 197
234-0-1-0.05-50-0 0 2330 11 11 6 6 0.0504 0.0504 384 384
234-0-1-0.05-50-0 0 2331 9 3 10 22 0.6134 0.4813 161 321
234-0-1-0.05-50-0 0 2331 3 30 21 4 0.4813 0.6008 321 266
234-0-1-0.05-50-0 0 2332 3 1 20 11 0.4813 0.2520 321 409
234-0-1-0.05-50-0 0 2332 48 47 11 1 0.1153 0.9293 334 103
234-0-1-0.05-50-0 0 2333 9 36 10 6 0.6134 0.8162 161 165
234-0-1-0.05-50-0 0 2333 18 5 6 2 0.2181 0.0007 226 226
234-0-1-0.05-50-0 0 2334 36 3 5 20 0.8162 0.4813 165 321
234-0-1-0.05-50-0 0 2334 3 3 19 19 0.4813 0.4813 321 321
234-0-1-0.05-50-0 0 2334 14 1 6 10 0.8451 0.2520 105 409
234-0-1-0.05-50-0 0 2335 36 30 5 5 0.8162 0.6008 165 266
234-0-1-0.05-50-0 0 2335 12 1 3 7 0.1896 0.2520 325 409
234-0-1-0.05-50-0 0 2336 17 42 4 1 0.6398 0.7447 197 106
234-0-1-0.05-50-0 0 2336 48 41 12 4 0.1153 0.9621 334 105
234-0-1-0.05-50-0 0 2337 48 27 12 8 0.1153 0.0776 334 149
234-0-1-0.05-50-0 0 2337 3 2 17 3 0.4813 0.8198 321 167
234-0-1-0.05-50-0 0 2338 3 1 17 6 0.4813 0.2520 321 409
234-0-1-0.05-50-0 0 2338 21 14 3 6 0.4184 0.8451 158 105
234-0-1-0.05-50-0 0 2339 36 3 5 14 0.8162 0.4813 165 321
234-0-1-0.05-50-0 0 2339 24 48 9 10 0.1940 0.1153 254 334
234-0-1-0.05-50-0 0 2340 3 22 13 3 0.4813 0.0160 321 311
234-0-1-0.05-50-0 0 2340 34 1 8 5 0.7448 0.2520 168 409
234-0-1-0.05-50-0 0 2341 21 1 4 5 0.4184 0.2520 158 409
234-0-1-0.05-50-0 0 2341 48 11 10 7 0.1153 0.0504 334 384
234-0-1-0.05-50-0 0 2342 5 37 3 2 0.0007 0.8481 226 127
234-0-1-0.05-50-0 0 2342 17 38 2 2 0.6398 0.6163 197 270
234-0-1-0.05-50-0 0 2343 24 12 9 5 0.1940 0.1896 254 325
234-0-1-0.05-50-0 0 2343 45 1 2 4 0.3816 0.2520 173 409
234-0-1-0.05-50-0 0 2344 12 18 4 2 0.1896 0.2181 325 226
234-0-1-0.05-50-0 0 2344 19 36 2 5 0.8072 0.8162 134 165
234-0-1-0.05-50-0 0 2345 9 24 12 9 0.6134 0.1940 161 254
234-0-1-0.05-50-0 0 2345 24 45 8 2 0.1940 0.3816 254 173
234-0-1-0.05-50-0 0 2346 10 27 1 4 0.2533 0.0776 449 149
234-0-1-0.05-50-0 0 2346 21 3 3 12 0.4184 0.4813 158 321
234-0-1-0.05-50-0 0 2347 5 3 3 11 0.0007 0.4813 226 321
234-0-1-0.05-50-0 0 2347 9 24 12 8 0.6134 0.1940 161 254
234-0-1-0.05-50-0 0 2348 36 9 7 12 0.8162 0.6134 165 161
234-0-1-0.05-50-0 0 2348 40 48 1 13 0.9739 0.1153 104 334
234-0-1-0.05-50-0 0 2349 37 2 3 2 0.8481 0.8198 127 167
234-0-1-0.05-50-0 0 2349 21 10 4 1 0.4184 0.2533 158 449
234-0-1-0.05-50-0 0 2350 39 38 3 1 0.2187 0.6163 309 270
234-0-1-0.05-50-0 0 2350 45 48 1 12 0.3816 0.1153 173 334
234-0-1-0.05-50-0 0 2351 48 39 11 3 0.1153 0.2187 334 309
234-0-1-0.05-50-0 0 2351 41 3 4 9 0.9621 0.4813 105 321
234-0-1-0.05-50-0 0 2352 1 22 3 6 0.2520 0.0160 409 311
234-0-1-0.05-50-0 0 2352 39 44 2 6 0.2187 0.7034 309 118
234-0-1-0.05-50-0 0 2353 12 27 3 5 0.1896 0.0776 325 149
234-0-1-0.05-50-0 0 2353 38 24 1 6 0.6163 0.1940 270 254
234-0-1-0.05-50-0 0 2354 30 12 9 4 0.6008 0.1896 266 325
234-0-1-0.05-50-0 0 2354 9 48 12 10 0.6134 0.1153 161 334
234-0-1-0.05-50-0 0 2355 24 37 4 4 0.1940 0.8481 254 127
234-0-1-0.05-50-0 0 2355 34 24 6 4 0.7448 0.1940 168 254
234-0-1-0.05-50-0 0 2356 9 34 14 6 0.6134 0.7448 161 168
234-0-1-0.05-50-0 0 2356 33 22 3 4 0.6893 0.0160 191 311
234-0-1-0.05-50-0 0 2357 14 19 9 2 0.8451 0.8072 105 134
234-0-1-0.05-50-0 0 2357 9 16 14 3 0.6134 0.2228 161 149
234-0-1-0.05-50-0 0 2358 5 39 6 3 0.0007 0.2187 226 309
234-0-1-0.05-50-0 0 2358 33 48 3 12 0.6893 0.1153 191 334
234-0-1-0.05-50-0 0 2359 41 33 5 3 0.9621 0.6893 105 191
234-0-1-0.05-50-0 0 2359 44 8 5 4 0.7034 0.2506 118 303
234-0-1-0.05-50-0 0 2360 33 43 2 4 0.6893 0.8316 191 123
234-0-1-0.05-50-0 0 2360 24 8 4 4 0.1940 0.2506 254 303
234-0-1-0.05-50-0 0 2361 27 9 3 14 0.0776 0.6134 149 161
234-0-1-0.05-50-0 0 2361 3 37 6 2 0.4813 0.8481 321 127
234-0-1-0.05-50-0 0 2362 44 3 5 6 0.7034 0.4813 118 321
234-0-1-0.05-50-0 0 2362 22 26 3 2 0.0160 0.8171 311 141
234-0-1-0.05-50-0 0 2363 9 27 12 3 0.6134 0.0776 161 149
234-0-1-0.05-50-0 0 2363 30 44 13 5 0.6008 0.7034 266 118
234-0-1-0.05-50-0 0 2364 11 22 6 3 0.0504 0.0160 384 311
234-0-1-0.05-50-0 0 2364 30 30 13 13 0.6008 0.6008 266 266
234-0-1-0.05-50-0 0 2365 3 23 5 3 0.4813 0.1698 321 476
234-0-1-0.05-50-0 0 2365 14 48 9 17 0.8451 0.1153 105 334
234-0-1-0.05-50-0 0 2365 3 48 5 16 0.4813 0.1153 321 334
234-0-1-0.05-50-0 0 2366 30 48 13 14 0.6008 0.1153 266 334
234-0-1-0.05-50-0 0 2366 14 48 8 13 0.8451 0.1153 105 334
234-0-1-0.05-50-0 0 2366 8 9 2 11 0.2506 0.6134 303 161
234-0-1-0.05-50-0 0 2367 14 36 9 12 0.8451 0.8162 105 165
234-0-1-0.05-50-0 0 2367 34 8 9 2 0.7448 0.2506 168 303
234-0-1-0.05-50-0 0 2368 1 11 4 5 0.2520 0.0504 409 384
234-0-1-0.05-50-0 0 2368 11 21 4 9 0.0504 0.4184 384 158
234-0-1-0.05-50-0 0 2368 21 9 8 12 0.4184 0.6134 158 161
234-0-1-0.05-50-0 0 2369 14 21 9 8 0.8451 0.4184 105 158
234-0-1-0.05-50-0 0 2369 36 16 13 4 0.8162 0.2228 165 149
234-0-1-0.05-50-0 0 2369 48 3 13 5 0.1153 0.4813 334 321
234-0-1-0.05-50-0 0 2370 24 41 5 8 0.1940 0.9621 254 105
234-0-1-0.05-50-0 0 2370 43 5 4 7 0.8316 0.0007 123 226
234-0-1-0.05-50-0 0 2370 2 14 3 9 0.8198 0.8451 167 105
234-0-1-0.05-50-0 0 2371 30 3 14 4 0.6008 0.4813 266 321
234-0-1-0.05-50-0 0 2371 23 16 2 3 0.1698 0.2228 476 149
234-0-1-0.05-50-0 0 2371 14 24 8 5 0.8451 0.1940 105 254
234-0-1-0.05-50-0 0 2372 48 30 15 14 0.1153 0.6008 334 266
234-0-1-0.05-50-0 0 2372 41 5 8 8 0.9621 0.0007 105 226
234-0-1-0.05-50-0 0 2372 3 37 2 1 0.4813 0.8481 321 127
234-0-1-0.05-50-0 0 2373 36 9 13 13 0.8162 0.6134 165 161
234-0-1-0.05-50-0 0 2373 2 5 5 7 0.8198 0.0007 167 226
234-0-1-0.05-50-0 0 2373 30 27 12 2 0.6008 0.0776 266 149
234-0-1-0.05-50-0 0 2374 39 18 4 3 0.2187 0.2181 309 226
234-0-1-0.05-50-0 0 2374 2 36 6 12 0.8198 0.8162 167 165
234-0-1-0.05-50-0 0 2374 48 9 15 13 0.1153 0.6134 334 161
234-0-1-0.05-50-0 0 2375 36 41 12 4 0.8162 0.9621 165 105
234-0-1-0.05-50-0 0 2375 34 23 11 2 0.7448 0.1698 168 476
234-0-1-0.05-50-0 0 2375 29 30 1 12 0.6728 0.6008 177 266
234-0-1-0.05-50-0 0 2376 27 9 2 12 0.0776 0.6134 149 161
234-0-1-0.05-50-0 0 2376 21 48 6 16 0.4184 0.1153 158 334
234-0-1-0.05-50-0 0 2377 11 14 4 9 0.0504 0.8451 384 105
234-0-1-0.05-50-0 0 2377 1 21 7 6 0.2520 0.4184 409 158
234-0-1-0.05-50-0 0 2378 44 2 3 4 0.7034 0.8198 118 167
234-0-1-0.05-50-0 0 2378 14 22 8 4 0.8451 0.0160 105 311
234-0-1-0.05-50-0 0 2379 22 34 3 9 0.0160 0.7448 311 168
234-0-1-0.05-50-0 0 2379 24 48 5 14 0.1940 0.1153 254 334
234-0-1-0.05-50-0 0 2380 49 26 4 1 0.1842 0.8171 136 141
234-0-1-0.05-50-0 0 2380 17 1 4 7 0.6398 0.2520 197 409
234-0-1-0.05-50-0 0 2381 1 30 6 8 0.2520 0.6008 409 266
234-0-1-0.05-50-0 0 2381 23 17 1 4 0.1698 0.6398 476 197
234-0-1-0.05-50-0 0 2382 34 6 8 3 0.7448 0.4266 168 249
234-0-1-0.05-50-0 0 2382 14 12 13 2 0.8451 0.1896 105 325
234-0-1-0.05-50-0 0 2383 33 41 6 2 0.6893 0.9621 191 105
234-0-1-0.05-50-0 0 2383 48 36 15 16 0.1153 0.8162 334 165
234-0-1-0.05-50-0 0 2384 5 9 6 11 0.0007 0.6134 226 161
234-0-1-0.05-50-0 0 2384 44 9 2 10 0.7034 0.6134 118 161
234-0-1-0.05-50-0 0 2385 9 48 8 15 0.6134 0.1153 161 334
234-0-1-0.05-50-0 0 2385 14 36 18 18 0.8451 0.8162 105 165
234-0-1-0.05-50-0 0 2386 24 18 5 5 0.1940 0.2181 254 226
234-0-1-0.05-50-0 0 2386 30 14 6 19 0.6008 0.8451 266 105
234-0-1-0.05-50-0 0 2387 33 2 5 4 0.6893 0.8198 191 167
234-0-1-0.05-50-0 0 2387 21 17 7 4 0.4184 0.6398 158 197
234-0-1-0.05-50-0 0 2388 24 33 5 5 0.1940 0.6893 254 191
234-0-1-0.05-50-0 0 2388 9 14 7 17 0.6134 0.8451 161 105
234-0-1-0.05-50-0 0 2389 48 24 14 5 0.1153 0.1940 334 254
234-0-1-0.05-50-0 0 2389 39 22 8 3 0.2187 0.0160 309 311
234-0-1-0.05-50-0 0 2390 44 5 3 5 0.7034 0.0007 118 226
234-0-1-0.05-50-0 0 2390 36 29 20 2 0.8162 0.6728 165 177
234-0-1-0.05-50-0 0 2391 18 36 3 20 0.2181 0.8162 226 165
234-0-1-0.05-50-0 0 2391 27 49 1 4 0.0776 0.1842 149 136
234-0-1-0.05-50-0 0 2392 43 39 2 12 0.8316 0.2187 123 309
234-0-1-0.05-50-0 0 2392 14 36 16 21 0.8451 0.8162 105 165
234-0-1-0.05-50-0 0 2393 36 36 18 18 0.8162 0.8162 165 165
234-0-1-0.05-50-0 0 2393 14 14 18 18 0.8451 0.8451 105 105
234-0-1-0.05-50-0 0 2394 15 24 2 3 0.7918 0.1940 149 254
234-0-1-0.05-50-0 0 2394 16 48 3 10 0.2228 0.1153 149 334
234-0-1-0.05-50-0 0 2395 24 5 2 5 0.1940 0.0007 254 226
234-0-1-0.05-50-0 0 2395 14 36 16 18 0.8451 0.8162 105 165
234-0-1-0.05-50-0 0 2396 34 34 7 7 0.7448 0.7448 168 168
234-0-1-0.05-50-0 0 2396 36 42 19 1 0.8162 0.7447 165 106
234-0-1-0.05-50-0 0 2397 16 34 6 7 0.2228 0.7448 149 168
234-0-1-0.05-50-0 0 2397 9 22 5 3 0.6134 0.0160 161 311
234-0-1-0.05-50-0 0 2398 39 8 15 1 0.2187 0.2506 309 303
234-0-1-0.05-50-0 0 2398 30 2 8 6 0.6008 0.8198 266 167
234-0-1-0.05-50-0 0 2399 39 1 16 5 0.2187 0.2520 309 409
234-0-1-0.05-50-0 0 2399 5 36 5 19 0.0007 0.8162 226 165
234-0-1-0.05-50-0 0 2400 22 17 2 3 0.0160 0.6398 311 197
234-0-1-0.05-50-0 0 2400 39 16 17 8 0.2187 0.2228 309 149
234-0-1-0.05-50-0 0 2401 14 1 17 6 0.8451 0.2520 105 409
234-0-1-0.05-50-0 0 2401 43 11 1 8 0.8316 0.0504 123 384
234-0-1-0.05-50-0 0 2401 34 1 5 5 0.7448 0.2520 168 409
234-0-1-0.05-50-0 0 2402 39 18 21 3 0.2187 0.2181 309 226
234-0-1-0.05-50-0 0 2402 39 34 21 5 0.2187 0.7448 309 168
234-0-1-0.05-50-0 0 2402 36 48 15 11 0.8162 0.1153 165 334
234-0-1-0.05-50-0 0 2403 30 14 7 19 0.6008 0.8451 266 105
234-0-1-0.05-50-0 0 2403 9 49 5 3 0.6134 0.1842 161 136
234-0-1-0.05-50-0 0 2404 9 48 6 9 0.6134 0.1153 161 334
234-0-1-0.05-50-0 0 2404 36 36 15 15 0.8162 0.8162 165 165
234-0-1-0.05-50-0 0 2405 14 14 17 17 0.8451 0.8451 105 105
234-0-1-0.05-50-0 0 2405 39 39 20 20 0.2187 0.2187 309 309
234-0-1-0.05-50-0 0 2406 16 9 7 7 0.2228 0.6134 149 161
234-0-1-0.05-50-0 0 2406 39 39 18 18 0.2187 0.2187 309 309
234-0-1-0.05-50-0 0 2407 36 36 16 16 0.8162 0.8162 165 165
234-0-1-0.05-50-0 0 2407 44 34 8 6 0.7034 0.7448 118 168
234-0-1-0.05-50-0 0 2408 34 44 7 7 0.7448 0.7034 168 118
234-0-1-0.05-50-0 0 2408 38 21 2 7 0.6163 0.4184 270 158
234-0-1-0.05-50-0 0 2408 49 9 2 7 0.1842 0.6134 136 161
234-0-1-0.05-50-0 0 2409 22 36 5 16 0.0160 0.8162 311 165
234-0-1-0.05-50-0 0 2409 39 33 20 5 0.2187 0.6893 309 191
234-0-1-0.05-50-0 0 2410 36 23 15 2 0.8162 0.1698 165 476
234-0-1-0.05-50-0 0 2410 36 14 15 13 0.8162 0.8451 165 105
234-0-1-0.05-50-0 0 2411 14 36 12 16 0.8451 0.8162 105 165
234-0-1-0.05-50-0 0 2411 22 2 5 2 0.0160 0.8198 311 167
234-0-1-0.05-50-0 0 2412 36 22 15 5 0.8162 0.0160 165 311
234-0-1-0.05-50-0 0 2412 9 34 6 6 0.6134 0.7448 161 168
234-0-1-0.05-50-0 0 2412 16 48 10 7 0.2228 0.1153 149 334
234-0-1-0.05-50-0 0 2413 25 41 1 2 0.9430 0.9621 125 105
234-0-1-0.05-50-0 0 2413 30 43 6 1 0.6008 0.8316 266 123
234-0-1-0.05-50-0 0 2414 6 11 4 8 0.4266 0.0504 249 384
234-0-1-0.05-50-0 0 2414 30 44 7 11 0.6008 0.7034 266 118
234-0-1-0.05-50-0 0 2414 29 49 5 2 0.6728 0.1842 177 136
234-0-1-0.05-50-0 0 2415 22 11 4 7 0.0160 0.0504 311 384
234-0-1-0.05-50-0 0 2415 39 16 22 9 0.2187 0.2228 309 149
234-0-1-0.05-50-0 0 2415 44 22 10 4 0.7034 0.0160 118 311
234-0-1-0.05-50-0 0 2416 39 30 23 7 0.2187 0.6008 309 266
234-0-1-0.05-50-0 0 2416 14 29 13 5 0.8451 0.6728 105 177
234-0-1-0.05-50-0 0 2416 39 9 23 9 0.2187 0.6134 309 161
234-0-1-0.05-50-0 0 2417 1 39 7 21 0.2520 0.2187 409 309
234-0-1-0.05-50-0 0 2417 39 39 20 20 0.2187 0.2187 309 309
234-0-1-0.05-50-0 0 2417 9 3 8 1 0.6134 0.4813 161 321
234-0-1-0.05-50-0 0 2418 39 14 20 12 0.2187 0.8451 309 105
234-0-1-0.05-50-0 0 2418 14 14 11 11 0.8451 0.8451 105 105
234-0-1-0.05-50-0 0 2418 9 20 9 3 0.6134 0.9922 161 102
234-0-1-0.05-50-0 0 2419 20 22 2 3 0.9922 0.0160 102 311
234-0-1-0.05-50-0 0 2419 44 39 11 22 0.7034 0.2187 118 309
234-0-1-0.05-50-0 0 2419 39 12 21 1 0.2187 0.1896 309 325
234-0-1-0.05-50-0 0 2420 27 33 1 8 0.0776 0.6893 149 191
234-0-1-0.05-50-0 0 2420 44 39 11 21 0.7034 0.2187 118 309
234-0-1-0.05-50-0 0 2420 20 14 2 10 0.9922 0.8451 102 105
234-0-1-0.05-50-0 0 2421 30 6 7 5 0.6008 0.4266 266 249
234-0-1-0.05-50-0 0 2421 14 9 9 11 0.8451 0.6134 105 161
234-0-1-0.05-50-0 0 2421 39 9 20 10 0.2187 0.6134 309 161
234-0-1-0.05-50-0 0 2422 44 19 11 1 0.7034 0.8072 118 134
234-0-1-0.05-50-0 0 2422 34 39 5 21 0.7448 0.2187 168 309
234-0-1-0.05-50-0 0 2422 9 37 9 1 0.6134 0.8481 161 127
234-0-1-0.05-50-0 0 2423 49 36 1 12 0.1842 0.8162 136 165
234-0-1-0.05-50-0 0 2423 9 44 9 11 0.6134 0.7034 161 118
234-0-1-0.05-50-0 0 2423 48 36 8 11 0.1153 0.8162 334 165
234-0-1-0.05-50-0 0 2424 44 33 9 8 0.7034 0.6893 118 191
234-0-1-0.05-50-0 0 2424 6 14 6 9 0.4266 0.8451 249 105
234-0-1-0.05-50-0 0 2424 48 49 8 1 0.1153 0.1842 334 136
234-0-1-0.05-50-0 0 2425 36 21 10 16 0.8162 0.4184 165 158
234-0-1-0.05-50-0 0 2425 32 21 2 15 0.6514 0.4184 215 158
234-0-1-0.05-50-0 0 2425 39 39 25 25 0.2187 0.2187 309 309
234-0-1-0.05-50-0 0 2426 48 39 9 26 0.1153 0.2187 334 309
234-0-1-0.05-50-0 0 2426 21 44 14 9 0.4184 0.7034 158 118
234-0-1-0.05-50-0 0 2426 20 21 3 14 0.9922 0.4184 102 158
234-0-1-0.05-50-0 0 2427 1 1 11 11 0.2520 0.2520 409 409
234-0-1-0.05-50-0 0 2427 44 1 8 10 0.7034 0.2520 118 409
234-0-1-0.05-50-0 0 2427 33 48 8 8 0.6893 0.1153 191 334
234-0-1-0.05-50-0 0 2428 25 9 2 9 0.9430 0.6134 125 161
234-0-1-0.05-50-0 0 2428 20 39 3 28 0.9922 0.2187 102 309
234-0-1-0.05-50-0 0 2428 3 5 3 2 0.4813 0.0007 321 226
234-0-1-0.05-50-0 0 2429 14 27 10 1 0.8451 0.0776 105 149
234-0-1-0.05-50-0 0 2429 21 39 13 27 0.4184 0.2187 158 309
234-0-1-0.05-50-0 0 2429 34 16 7 10 0.7448 0.2228 168 149
234-0-1-0.05-50-0 0 2430 21 48 12 8 0.4184 0.1153 158 334
234-0-1-0.05-50-0 0 2430 39 30 26 7 0.2187 0.6008 309 266
234-0-1-0.05-50-0 0 2430 21 32 12 2 0.4184 0.6514 158 215
234-0-1-0.05-50-0 0 2431 14 39 10 26 0.8451 0.2187 105 309
234-0-1-0.05-50-0 0 2431 36 29 12 6 0.8162 0.6728 165 177
234-0-1-0.05-50-0 0 2431 9 39 10 25 0.6134 0.2187 161 309
234-0-1-0.05-50-0 0 2432 36 1 12 10 0.8162 0.2520 165 409
234-0-1-0.05-50-0 0 2432 14 25 10 2 0.8451 0.9430 105 125
234-0-1-0.05-50-0 0 2432 22 38 2 1 0.0160 0.6163 311 270
234-0-1-0.05-50-0 0 2433 29 31 5 5 0.6728 0.5626 177 252
234-0-1-0.05-50-0 0 2433 36 33 11 10 0.8162 0.6893 165 191
234-0-1-0.05-50-0 0 2433 29 39 5 24 0.6728 0.2187 177 309
234-0-1-0.05-50-0 0 2434 11 20 9 5 0.0504 0.9922 384 102
234-0-1-0.05-50-0 0 2434 39 21 23 18 0.2187 0.4184 309 158
234-0-1-0.05-50-0 0 2434 44 20 12 4 0.7034 0.9922 118 102
234-0-1-0.05-50-0 0 2435 10 18 1 4 0.2533 0.2181 449 226
234-0-1-0.05-50-0 0 2435 14 16 9 12 0.8451 0.2228 105 149
234-0-1-0.05-50-0 0 2435 9 44 12 13 0.6134 0.7034 161 118
234-0-1-0.05-50-0 0 2436 48 36 8 16 0.1153 0.8162 334 165
234-0-1-0.05-50-0 0 2436 20 39 3 24 0.9922 0.2187 102 309
234-0-1-0.05-50-0 0 2436 32 10 1 1 0.6514 0.2533 215 449
234-0-1-0.05-50-0 0 2437 44 3 11 3 0.7034 0.4813 118 321
234-0-1-0.05-50-0 0 2437 21 36 12 16 0.4184 0.8162 158 165
234-0-1-0.05-50-0 0 2437 21 20 12 3 0.4184 0.9922 158 102
234-0-1-0.05-50-0 0 2438 21 11 11 8 0.4184 0.0504 158 384
234-0-1-0.05-50-0 0 2438 1 39 10 22 0.2520 0.2187 409 309
234-0-1-0.05-50-0 0 2438 2 18 4 4 0.8198 0.2181 167 226
234-0-1-0.05-50-0 0 2439 36 9 15 13 0.8162 0.6134 165 161
234-0-1-0.05-50-0 0 2439 16 22 12 4 0.2228 0.0160 149 311
234-0-1-0.05-50-0 0 2439 39 39 21 21 0.2187 0.2187 309 309
234-0-1-0.05-50-0 0 2440 1 3 9 2 0.2520 0.4813 409 321
234-0-1-0.05-50-0 0 2440 39 30 20 9 0.2187 0.6008 309 266
234-0-1-0.05-50-0 0 2440 32 39 1 20 0.6514 0.2187 215 309
234-0-1-0.05-50-0 0 2441 12 2 1 4 0.1896 0.8198 325 167
234-0-1-0.05-50-0 0 2441 1 20 9 2 0.2520 0.9922 409 102
234-0-1-0.05-50-0 0 2441 6 39 7 18 0.4266 0.2187 249 309
234-0-1-0.05-50-0 0 2442 25 14 5 10 0.9430 0.8451 125 105
234-0-1-0.05-50-0 0 2442 34 30 4 8 0.7448 0.6008 168 266
234-0-1-0.05-50-0 0 2442 48 9 11 14 0.1153 0.6134 334 161
234-0-1-0.05-50-0 0 2443 33 21 8 10 0.6893 0.4184 191 158
234-0-1-0.05-50-0 0 2443 19 36 2 15 0.8072 0.8162 134 165
234-0-1-0.05-50-0 0 2443 39 31 16 3 0.2187 0.5626 309 252
234-0-1-0.05-50-0 0 2444 36 21 15 9 0.8162 0.4184 165 158
234-0-1-0.05-50-0 0 2444 39 9 17 11 0.2187 0.6134 309 161
234-0-1-0.05-50-0 0 2444 9 7 10 3 0.6134 0.9267 161 106
234-0-1-0.05-50-0 0 2445 14 44 10 10 0.8451 0.7034 105 118
234-0-1-0.05-50-0 0 2445 18 1 4 9 0.2181 0.2520 226 409
234-0-1-0.05-50-0 0 2445 6 26 6 3 0.4266 0.8171 249 141
234-0-1-0.05-50-0 0 2446 44 1 9 8 0.7034 0.2520 118 409
234-0-1-0.05-50-0 0 2446 36 9 16 10 0.8162 0.6134 165 161
234-0-1-0.05-50-0 0 2446 39 20 17 1 0.2187 0.9922 309 102
234-0-1-0.05-50-0 0 2447 25 36 4 16 0.9430 0.8162 125 165
234-0-1-0.05-50-0 0 2447 21 48 8 13 0.4184 0.1153 158 334
234-0-1-0.05-50-0 0 2447 36 33 15 8 0.8162 0.6893 165 191
234-0-1-0.05-50-0 0 2448 39 6 16 7 0.2187 0.4266 309 249
234-0-1-0.05-50-0 0 2448 34 33 4 7 0.7448 0.6893 168 191
234-0-1-0.05-50-0 0 2448 25 14 4 11 0.9430 0.8451 125 105
234-0-1-0.05-50-0 0 2449 21 21 9 9 0.4184 0.4184 158 158
234-0-1-0.05-50-0 0 2449 44 6 7 6 0.7034 0.4266 118 249
234-0-1-0.05-50-0 0 2449 39 7 16 3 0.2187 0.9267 309 106
234-0-1-0.05-50-0 0 2450 12 39 3 15 0.1896 0.2187 325 309
234-0-1-0.05-50-0 0 2450 48 9 10 12 0.1153 0.6134 334 161
234-0-1-0.05-50-0 0 2450 2 39 4 14 0.8198 0.2187 167 309
234-0-1-0.05-50-0 0 2451 9 2 14 5 0.6134 0.8198 161 167
234-0-1-0.05-50-0 0 2451 1 2 9 4 0.2520 0.8198 409 167
234-0-1-0.05-50-0 0 2451 33 1 8 9 0.6893 0.2520 191 409
234-0-1-0.05-50-0 0 2452 30 21 6 10 0.6008 0.4184 266 158
234-0-1-0.05-50-0 0 2452 48 39 11 15 0.1153 0.2187 334 309
234-0-1-0.05-50-0 0 2452 16 29 15 4 0.2228 0.6728 149 177
234-0-1-0.05-50-0 0 2453 44 30 11 6 0.7034 0.6008 118 266
234-0-1-0.05-50-0 0 2453 21 1 9 9 0.4184 0.2520 158 409
234-0-1-0.05-50-0 0 2453 14 11 12 11 0.8451 0.0504 105 384
234-0-1-0.05-50-0 0 2454 36 2 14 2 0.8162 0.8198 165 167
234-0-1-0.05-50-0 0 2454 22 11 5 9 0.0160 0.0504 311 384
234-0-1-0.05-50-0 0 2454 39 9 13 13 0.2187 0.6134 309 161
234-0-1-0.05-50-0 0 2455 21 44 11 9 0.4184 0.7034 158 118
234-0-1-0.05-50-0 0 2455 16 48 16 10 0.2228 0.1153 149 334
234-0-1-0.05-50-0 0 2455 1 26 8 1 0.2520 0.8171 409 141
234-0-1-0.05-50-0 0 2456 20 16 1 18 0.9922 0.2228 102 149
234-0-1-0.05-50-0 0 2456 44 36 9 13 0.7034 0.8162 118 165
234-0-1-0.05-50-0 0 2456 14 1 14 8 0.8451 0.2520 105 409
234-0-1-0.05-50-0 0 2457 36 30 12 5 0.8162 0.6008 165 266
234-0-1-0.05-50-0 0 2457 9 9 12 12 0.6134 0.6134 161 161
234-0-1-0.05-50-0 0 2457 21 16 13 15 0.4184 0.2228 158 149
234-0-1-0.05-50-0 0 2458 36 14 11 12 0.8162 0.8451 165 105
234-0-1-0.05-50-0 0 2458 39 33 14 11 0.2187 0.6893 309 191
234-0-1-0.05-50-0 0 2458 9 44 10 10 0.6134 0.7034 161 118
234-0-1-0.05-50-0 0 2459 33 11 8 11 0.6893 0.0504 191 384
234-0-1-0.05-50-0 0 2459 31 16 2 12 0.5626 0.2228 252 149
234-0-1-0.05-50-0 0 2459 9 9 10 10 0.6134 0.6134 161 161
234-0-1-0.05-50-0 0 2460 30 16 4 11 0.6008 0.2228 266 149
234-0-1-0.05-50-0 0 2460 44 6 9 5 0.7034 0.4266 118 249
234-0-1-0.05-50-0 0 2460 21 27 16 5 0.4184 0.0776 158 149
234-0-1-0.05-50-0 0 2461 14 25 13 4 0.8451 0.9430 105 125
234-0-1-0.05-50-0 0 2461 14 39 13 13 0.8451 0.2187 105 309
234-0-1-0.05-50-0 0 2461 11 1 11 7 0.0504 0.2520 384 409
234-0-1-0.05-50-0 0 2462 11 6 10 4 0.0504 0.4266 384 249
234-0-1-0.05-50-0 0 2462 14 11 13 10 0.8451 0.0504 105 384
234-0-1-0.05-50-0 0 2462 19 39 6 12 0.8072 0.2187 134 309
234-0-1-0.05-50-0 0 2463 48 1 6 7 0.1153 0.2520 334 409
234-0-1-0.05-50-0 0 2463 16 6 12 3 0.2228 0.4266 149 249
234-0-1-0.05-50-0 0 2463 21 21 18 18 0.4184 0.4184 158 158
234-0-1-0.05-50-0 0 2464 9 5 12 1 0.6134 0.0007 161 226
234-0-1-0.05-50-0 0 2464 1 9 5 12 0.2520 0.6134 409 161
234-0-1-0.05-50-0 0 2464 14 31 14 4 0.8451 0.5626 105 252
234-0-1-0.05-50-0 0 2465 14 44 14 9 0.8451 0.7034 105 118
234-0-1-0.05-50-0 0 2465 14 31 14 3 0.8451 0.5626 105 252
234-0-1-0.05-50-0 0 2465 14 31 14 2 0.8451 0.5626 105 252
234-0-1-0.05-50-0 0 2466 36 16 15 12 0.8162 0.2228 165 149
234-0-1-0.05-50-0 0 2466 21 21 18 18 0.4184 0.4184 158 158
234-0-1-0.05-50-0 0 2466 36 21 15 17 0.8162 0.4184 165 158
234-0-1-0.05-50-0 0 2467 23 9 2 12 0.1698 0.6134 476 161
234-0-1-0.05-50-0 0 2467 39 21 15 16 0.2187 0.4184 309 158
234-0-1-0.05-50-0 0 2467 44 29 8 2 0.7034 0.6728 118 177
234-0-1-0.05-50-0 0 2468 18 19 8 4 0.2181 0.8072 226 134
234-0-1-0.05-50-0 0 2468 21 36 16 14 0.4184 0.8162 158 165
234-0-1-0.05-50-0 0 2468 25 33 4 5 0.9430 0.6893 125 191
234-0-1-0.05-50-0 0 2469 36 11 13 12 0.8162 0.0504 165 384
234-0-1-0.05-50-0 0 2469 21 36 16 13 0.4184 0.8162 158 165
234-0-1-0.05-50-0 0 2469 35 1 2 3 0.0354 0.2520 158 409
234-0-1-0.05-50-0 0 2470 16 21 14 17 0.2228 0.4184 149 158
234-0-1-0.05-50-0 0 2470 21 36 16 11 0.4184 0.8162 158 165
234-0-1-0.05-50-0 0 2470 39 29 14 1 0.2187 0.6728 309 177
234-0-1-0.05-50-0 0 2471 21 14 15 16 0.4184 0.8451 158 105
234-0-1-0.05-50-0 0 2471 35 45 2 1 0.0354 0.3816 158 173
234-0-1-0.05-50-0 0 2471 18 14 8 15 0.2181 0.8451 226 105
234-0-1-0.05-50-0 0 2472 44 11 8 11 0.7034 0.0504 118 384
234-0-1-0.05-50-0 0 2472 21 9 16 12 0.4184 0.6134 158 161
234-0-1-0.05-50-0 0 2472 21 39 16 11 0.4184 0.2187 158 309
234-0-1-0.05-50-0 0 2473 16 34 13 3 0.2228 0.7448 149 168
234-0-1-0.05-50-0 0 2473 18 39 8 11 0.2181 0.2187 226 309
234-0-1-0.05-50-0 0 2473 11 44 9 8 0.0504 0.7034 384 118
234-0-1-0.05-50-0 0 2474 18 36 8 10 0.2181 0.8162 226 165
234-0-1-0.05-50-0 0 2474 35 11 2 9 0.0354 0.0504 158 384
234-0-1-0.05-50-0 0 2474 11 34 8 2 0.0504 0.7448 384 168
234-0-1-0.05-50-0 0 2475 15 36 1 9 0.7918 0.8162 149 165
234-0-1-0.05-50-0 0 2475 36 28 8 1 0.8162 0.3846 165 311
234-0-1-0.05-50-0 0 2475 44 11 7 8 0.7034 0.0504 118 384
234-0-1-0.05-50-0 0 2476 6 21 6 18 0.4266 0.4184 249 158
234-0-1-0.05-50-0 0 2476 33 16 5 14 0.6893 0.2228 191 149
234-0-1-0.05-50-0 0 2476 9 12 12 3 0.6134 0.1896 161 325
234-0-1-0.05-50-0 0 2477 14 9 14 11 0.8451 0.6134 105 161
234-0-1-0.05-50-0 0 2477 25 25 4 4 0.9430 0.9430 125 125
234-0-1-0.05-50-0 0 2478 36 21 9 17 0.8162 0.4184 165 158
234-0-1-0.05-50-0 0 2478 44 33 8 6 0.7034 0.6893 118 191
234-0-1-0.05-50-0 0 2479 31 45 1 1 0.5626 0.3816 252 173
234-0-1-0.05-50-0 0 2479 48 11 5 6 0.1153 0.0504 334 384
234-0-1-0.05-50-0 0 2480 9 9 9 9 0.6134 0.6134 161 161
234-0-1-0.05-50-0 0 2480 9 14 8 15 0.6134 0.8451 161 105
234-0-1-0.05-50-0 0 2480 21 35 17 5 0.4184 0.0354 158 158
234-0-1-0.05-50-0 0 2481 44 8 9 4 0.7034 0.2506 118 303
234-0-1-0.05-50-0 0 2481 9 9 8 8 0.6134 0.6134 161 161
234-0-1-0.05-50-0 0 2482 31 1 1 5 0.5626 0.2520 252 409
234-0-1-0.05-50-0 0 2482 30 21 1 17 0.6008 0.4184 266 158
234-0-1-0.05-50-0 0 2483 44 21 9 16 0.7034 0.4184 118 158
234-0-1-0.05-50-0 0 2483 44 7 9 1 0.7034 0.9267 118 106
234-0-1-0.05-50-0 0 2484 25 35 7 5 0.9430 0.0354 125 158
234-0-1-0.05-50-0 0 2484 37 24 1 1 0.8481 0.1940 127 254
234-0-1-0.05-50-0 0 2485 23 11 3 6 0.1698 0.0504 476 384
234-0-1-0.05-50-0 0 2485 21 21 13 13 0.4184 0.4184 158 158
234-0-1-0.05-50-0 0 2486 36 1 11 4 0.8162 0.2520 165 409
234-0-1-0.05-50-0 0 2486 23 25 4 6 0.1698 0.9430 476 125
234-0-1-0.05-50-0 0 2487 9 25 8 5 0.6134 0.9430 161 125
234-0-1-0.05-50-0 0 2487 44 22 8 3 0.7034 0.0160 118 311
234-0-1-0.05-50-0 0 2488 14 36 9 10 0.8451 0.8162 105 165
234-0-1-0.05-50-0 0 2488 14 14 9 9 0.8451 0.8451 105 105
234-0-1-0.05-50-0 0 2489 6 22 6 3 0.4266 0.0160 249 311
234-0-1-0.05-50-0 0 2489 16 36 13 9 0.2228 0.8162 149 165
234-0-1-0.05-50-0 0 2490 9 9 6 6 0.6134 0.6134 161 161
234-0-1-0.05-50-0 0 2490 48 21 4 15 0.1153 0.4184 334 158
234-0-1-0.05-50-0 0 2491 11 14 6 8 0.0504 0.8451 384 105
234-0-1-0.05-50-0 0 2491 23 35 6 7 0.1698 0.0354 476 158
234-0-1-0.05-50-0 0 2492 42 33 3 5 0.7447 0.6893 106 191
234-0-1-0.05-50-0 0 2492 29 6 4 8 0.6728 0.4266 177 249
234-0-1-0.05-50-0 0 2493 27 12 7 2 0.0776 0.1896 149 325
234-0-1-0.05-50-0 0 2493 42 11 3 7 0.7447 0.0504 106 384
234-0-1-0.05-50-0 0 2494 14 23 7 6 0.8451 0.1698 105 476
234-0-1-0.05-50-0 0 2494 37 36 1 12 0.8481 0.8162 127 165
234-0-1-0.05-50-0 0 2495 27 1 7 6 0.0776 0.2520 149 409
234-0-1-0.05-50-0 0 2495 44 23 6 5 0.7034 0.1698 118 476
234-0-1-0.05-50-0 0 2496 21 14 17 8 0.4184 0.8451 158 105
234-0-1-0.05-50-0 0 2496 21 14 17 7 0.4184 0.8451 158 105
234-0-1-0.05-50-0 0 2497 29 25 6 6 0.6728 0.9430 177 125
234-0-1-0.05-50-0 0 2497 24 16 1 12 0.1940 0.2228 254 149
234-0-1-0.05-50-0 0 2498 21 44 17 8 0.4184 0.7034 158 118
234-0-1-0.05-50-0 0 2498 21 14 17 8 0.4184 0.8451 158 105
234-0-1-0.05-50-0 0 2498 44 25 7 6 0.7034 0.9430 118 125
234-0-1-0.05-50-0 0 2499 27 11 7 7 0.0776 0.0504 149 384
234-0-1-0.05-50-0 0 2499 1 22 5 6 0.2520 0.0160 409 311
234-0-1-0.05-50-0 0 2500 48 22 6 5 0.1153 0.0160 334 311
234-0-1-0.05-50-0 0 2500 21 48 18 6 0.4184 0.1153 158 334
