234-1-1-0.05-50-0 1 2302 1 1 81 81 0.2520 0.2520 409 409
234-1-1-0.05-50-0 1 2302 36 36 52 52 0.8162 0.8162 165 165
234-1-1-0.05-50-0 1 2302 36 26 51 108 0.8162 0.8171 165 141
234-1-1-0.05-50-0 1 2302 36 14 51 37 0.8162 0.8451 165 105
234-1-1-0.05-50-0 1 2302 1 10 80 139 0.2520 0.2533 409 449
234-1-1-0.05-50-0 1 2302 1 10 80 138 0.2520 0.2533 409 449
234-1-1-0.05-50-0 1 2302 36 26 51 107 0.8162 0.8171 165 141
234-1-1-0.05-50-0 1 2303 36 26 51 104 0.8162 0.8171 165 141
234-1-1-0.05-50-0 1 2303 1 10 80 143 0.2520 0.2533 409 449
234-1-1-0.05-50-0 1 2304 36 26 51 104 0.8162 0.8171 165 141
234-1-1-0.05-50-0 1 2305 25 22 80 1 0.9430 0.0160 125 311
234-1-1-0.05-50-0 1 2305 14 14 35 35 0.8451 0.8451 105 105
234-1-1-0.05-50-0 1 2305 1 10 84 142 0.2520 0.2533 409 449
234-1-1-0.05-50-0 1 2306 1 1 84 84 0.2520 0.2520 409 409
234-1-1-0.05-50-0 1 2306 1 10 83 142 0.2520 0.2533 409 449
234-1-1-0.05-50-0 1 2306 36 36 56 56 0.8162 0.8162 165 165
234-1-1-0.05-50-0 1 2306 1 10 83 141 0.2520 0.2533 409 449
234-1-1-0.05-50-0 1 2306 1 10 83 140 0.2520 0.2533 409 449
234-1-1-0.05-50-0 1 2306 1 10 83 139 0.2520 0.2533 409 449
234-1-1-0.05-50-0 1 2306 1 10 83 138 0.2520 0.2533 409 449
234-1-1-0.05-50-0 1 2307 36 37 55 15 0.8162 0.8481 165 127
234-1-1-0.05-50-0 1 2307 1 1 85 85 0.2520 0.2520 409 409
234-1-1-0.05-50-0 1 2307 1 1 84 84 0.2520 0.2520 409 409
234-1-1-0.05-50-0 1 2308 1 16 84 2 0.2520 0.2228 409 149
234-1-1-0.05-50-0 1 2308 14 13 36 142 0.8451 0.8878 105 151
234-1-1-0.05-50-0 1 2308 16 49 1 3 0.2228 0.1842 149 136
234-1-1-0.05-50-0 1 2308 1 10 84 135 0.2520 0.2533 409 449
234-1-1-0.05-50-0 1 2309 14 26 37 111 0.8451 0.8171 105 141
234-1-1-0.05-50-0 1 2309 20 45 91 1 0.9922 0.3816 102 173
234-1-1-0.05-50-0 1 2309 36 36 61 61 0.8162 0.8162 165 165
234-1-1-0.05-50-0 1 2309 1 1 80 80 0.2520 0.2520 409 409
234-1-1-0.05-50-0 1 2310 1 1 82 82 0.2520 0.2520 409 409
234-1-1-0.05-50-0 1 2310 25 35 75 1 0.9430 0.0354 125 158
234-1-1-0.05-50-0 1 2310 1 10 81 138 0.2520 0.2533 409 449
234-1-1-0.05-50-0 1 2310 36 26 64 110 0.8162 0.8171 165 141
234-1-1-0.05-50-0 1 2310 14 41 37 42 0.8451 0.9621 105 105
234-1-1-0.05-50-0 1 2311 1 10 84 141 0.2520 0.2533 409 449
234-1-1-0.05-50-0 1 2311 36 36 62 62 0.8162 0.8162 165 165
234-1-1-0.05-50-0 1 2311 36 37 61 16 0.8162 0.8481 165 127
234-1-1-0.05-50-0 1 2311 26 21 105 2 0.8171 0.4184 141 158
234-1-1-0.05-50-0 1 2311 36 36 61 61 0.8162 0.8162 165 165
234-1-1-0.05-50-0 1 2311 36 26 60 105 0.8162 0.8171 165 141
234-1-1-0.05-50-0 1 2312 1 18 86 6 0.2520 0.2181 409 226
234-1-1-0.05-50-0 1 2313 14 37 37 14 0.8451 0.8481 105 127
234-1-1-0.05-50-0 1 2313 36 36 60 60 0.8162 0.8162 165 165
234-1-1-0.05-50-0 1 2313 14 14 37 37 0.8451 0.8451 105 105
234-1-1-0.05-50-0 1 2313 36 26 59 104 0.8162 0.8171 165 141
234-1-1-0.05-50-0 1 2313 1 10 87 148 0.2520 0.2533 409 449
234-1-1-0.05-50-0 1 2313 1 10 87 147 0.2520 0.2533 409 449
234-1-1-0.05-50-0 1 2314 1 1 90 90 0.2520 0.2520 409 409
234-1-1-0.05-50-0 1 2314 20 44 100 1 0.9922 0.7034 102 118
234-1-1-0.05-50-0 1 2314 1 10 89 146 0.2520 0.2533 409 449
234-1-1-0.05-50-0 1 2315 36 26 62 104 0.8162 0.8171 165 141
234-1-1-0.05-50-0 1 2315 1 1 90 90 0.2520 0.2520 409 409
234-1-1-0.05-50-0 1 2315 14 26 34 103 0.8451 0.8171 105 141
234-1-1-0.05-50-0 1 2315 1 1 89 89 0.2520 0.2520 409 409
234-1-1-0.05-50-0 1 2315 37 23 12 1 0.8481 0.1698 127 476
234-1-1-0.05-50-0 1 2315 14 26 34 102 0.8451 0.8171 105 141
234-1-1-0.05-50-0 1 2316 1 10 86 155 0.2520 0.2533 409 449
234-1-1-0.05-50-0 1 2316 1 10 86 154 0.2520 0.2533 409 449
234-1-1-0.05-50-0 1 2316 20 21 100 1 0.9922 0.4184 102 158
234-1-1-0.05-50-0 1 2316 36 14 59 32 0.8162 0.8451 165 105
234-1-1-0.05-50-0 1 2316 14 14 31 31 0.8451 0.8451 105 105
234-1-1-0.05-50-0 1 2317 37 50 12 1 0.8481 0.2147 127 147
234-1-1-0.05-50-0 1 2317 1 1 86 86 0.2520 0.2520 409 409
234-1-1-0.05-50-0 1 2317 14 37 31 12 0.8451 0.8481 105 127
234-1-1-0.05-50-0 1 2317 1 10 85 156 0.2520 0.2533 409 449
234-1-1-0.05-50-0 1 2317 36 36 64 64 0.8162 0.8162 165 165
234-1-1-0.05-50-0 1 2317 1 1 85 85 0.2520 0.2520 409 409
234-1-1-0.05-50-0 1 2318 14 26 31 98 0.8451 0.8171 105 141
234-1-1-0.05-50-0 1 2318 14 20 31 102 0.8451 0.9922 105 102
234-1-1-0.05-50-0 1 2318 1 10 84 156 0.2520 0.2533 409 449
234-1-1-0.05-50-0 1 2318 1 1 84 84 0.2520 0.2520 409 409
234-1-1-0.05-50-0 1 2318 14 20 31 101 0.8451 0.9922 105 102
234-1-1-0.05-50-0 1 2318 1 1 83 83 0.2520 0.2520 409 409
234-1-1-0.05-50-0 1 2319 36 14 66 29 0.8162 0.8451 165 105
234-1-1-0.05-50-0 1 2319 1 10 82 154 0.2520 0.2533 409 449
234-1-1-0.05-50-0 1 2320 36 26 65 98 0.8162 0.8171 165 141
234-1-1-0.05-50-0 1 2320 14 20 30 96 0.8451 0.9922 105 102
234-1-1-0.05-50-0 1 2320 14 47 30 95 0.8451 0.9293 105 103
234-1-1-0.05-50-0 1 2321 43 49 5 2 0.8316 0.1842 123 136
234-1-1-0.05-50-0 1 2321 14 26 28 95 0.8451 0.8171 105 141
234-1-1-0.05-50-0 1 2321 1 1 86 86 0.2520 0.2520 409 409
234-1-1-0.05-50-0 1 2321 36 26 62 94 0.8162 0.8171 165 141
234-1-1-0.05-50-0 1 2321 36 26 62 93 0.8162 0.8171 165 141
234-1-1-0.05-50-0 1 2321 14 41 28 47 0.8451 0.9621 105 105
234-1-1-0.05-50-0 1 2322 26 21 94 1 0.8171 0.4184 141 158
234-1-1-0.05-50-0 1 2322 1 10 85 156 0.2520 0.2533 409 449
234-1-1-0.05-50-0 1 2322 36 26 62 94 0.8162 0.8171 165 141
234-1-1-0.05-50-0 1 2322 1 10 85 155 0.2520 0.2533 409 449
234-1-1-0.05-50-0 1 2322 36 36 62 62 0.8162 0.8162 165 165
234-1-1-0.05-50-0 1 2322 36 14 61 28 0.8162 0.8451 165 105
234-1-1-0.05-50-0 1 2323 36 26 61 96 0.8162 0.8171 165 141
234-1-1-0.05-50-0 1 2323 20 17 98 1 0.9922 0.6398 102 197
234-1-1-0.05-50-0 1 2323 1 1 84 84 0.2520 0.2520 409 409
234-1-1-0.05-50-0 1 2323 1 1 83 83 0.2520 0.2520 409 409
234-1-1-0.05-50-0 1 2323 36 36 61 61 0.8162 0.8162 165 165
234-1-1-0.05-50-0 1 2324 1 10 81 159 0.2520 0.2533 409 449
234-1-1-0.05-50-0 1 2324 1 10 81 158 0.2520 0.2533 409 449
234-1-1-0.05-50-0 1 2324 14 26 30 96 0.8451 0.8171 105 141
234-1-1-0.05-50-0 1 2324 1 10 81 157 0.2520 0.2533 409 449
234-1-1-0.05-50-0 1 2325 1 10 81 158 0.2520 0.2533 409 449
234-1-1-0.05-50-0 1 2325 41 35 48 2 0.9621 0.0354 105 158
234-1-1-0.05-50-0 1 2325 1 10 81 157 0.2520 0.2533 409 449
234-1-1-0.05-50-0 1 2325 1 1 81 81 0.2520 0.2520 409 409
234-1-1-0.05-50-0 1 2325 36 36 62 62 0.8162 0.8162 165 165
234-1-1-0.05-50-0 1 2325 1 10 80 156 0.2520 0.2533 409 449
234-1-1-0.05-50-0 1 2325 1 10 80 155 0.2520 0.2533 409 449
234-1-1-0.05-50-0 1 2326 36 43 63 5 0.8162 0.8316 165 123
234-1-1-0.05-50-0 1 2326 36 14 63 31 0.8162 0.8451 165 105
234-1-1-0.05-50-0 1 2326 36 26 63 91 0.8162 0.8171 165 141
234-1-1-0.05-50-0 1 2326 1 1 80 80 0.2520 0.2520 409 409
234-1-1-0.05-50-0 1 2327 36 26 63 91 0.8162 0.8171 165 141
234-1-1-0.05-50-0 1 2327 1 1 77 77 0.2520 0.2520 409 409
234-1-1-0.05-50-0 1 2327 36 36 63 63 0.8162 0.8162 165 165
234-1-1-0.05-50-0 1 2327 36 36 62 62 0.8162 0.8162 165 165
234-1-1-0.05-50-0 1 2327 41 22 55 1 0.9621 0.0160 105 311
234-1-1-0.05-50-0 1 2327 1 1 76 76 0.2520 0.2520 409 409
234-1-1-0.05-50-0 1 2328 14 20 30 89 0.8451 0.9922 105 102
234-1-1-0.05-50-0 1 2328 1 1 78 78 0.2520 0.2520 409 409
234-1-1-0.05-50-0 1 2328 1 10 77 167 0.2520 0.2533 409 449
234-1-1-0.05-50-0 1 2328 1 1 77 77 0.2520 0.2520 409 409
234-1-1-0.05-50-0 1 2329 36 26 61 90 0.8162 0.8171 165 141
234-1-1-0.05-50-0 1 2329 1 10 77 168 0.2520 0.2533 409 449
234-1-1-0.05-50-0 1 2329 36 36 61 61 0.8162 0.8162 165 165
234-1-1-0.05-50-0 1 2330 25 35 81 1 0.9430 0.0354 125 158
234-1-1-0.05-50-0 1 2330 36 36 60 60 0.8162 0.8162 165 165
234-1-1-0.05-50-0 1 2330 1 1 81 81 0.2520 0.2520 409 409
234-1-1-0.05-50-0 1 2330 20 29 93 1 0.9922 0.6728 102 177
234-1-1-0.05-50-0 1 2330 14 26 30 91 0.8451 0.8171 105 141
234-1-1-0.05-50-0 1 2330 14 20 30 93 0.8451 0.9922 105 102
234-1-1-0.05-50-0 1 2331 1 1 82 82 0.2520 0.2520 409 409
234-1-1-0.05-50-0 1 2331 36 14 61 30 0.8162 0.8451 165 105
234-1-1-0.05-50-0 1 2331 37 12 11 2 0.8481 0.1896 127 325
234-1-1-0.05-50-0 1 2332 36 34 61 1 0.8162 0.7448 165 168
234-1-1-0.05-50-0 1 2332 1 10 82 167 0.2520 0.2533 409 449
234-1-1-0.05-50-0 1 2332 36 36 61 61 0.8162 0.8162 165 165
234-1-1-0.05-50-0 1 2332 1 10 82 166 0.2520 0.2533 409 449
234-1-1-0.05-50-0 1 2332 36 14 60 32 0.8162 0.8451 165 105
234-1-1-0.05-50-0 1 2332 36 14 60 31 0.8162 0.8451 165 105
234-1-1-0.05-50-0 1 2333 14 25 28 86 0.8451 0.9430 105 125
234-1-1-0.05-50-0 1 2333 14 26 28 91 0.8451 0.8171 105 141
234-1-1-0.05-50-0 1 2333 36 26 62 90 0.8162 0.8171 165 141
234-1-1-0.05-50-0 1 2333 1 10 81 170 0.2520 0.2533 409 449
234-1-1-0.05-50-0 1 2334 1 10 80 171 0.2520 0.2533 409 449
234-1-1-0.05-50-0 1 2334 36 2 61 2 0.8162 0.8198 165 167
234-1-1-0.05-50-0 1 2334 41 5 53 1 0.9621 0.0007 105 226
234-1-1-0.05-50-0 1 2334 1 10 80 170 0.2520 0.2533 409 449
234-1-1-0.05-50-0 1 2335 36 26 59 93 0.8162 0.8171 165 141
234-1-1-0.05-50-0 1 2335 39 12 2 1 0.2187 0.1896 309 325
234-1-1-0.05-50-0 1 2335 36 26 59 92 0.8162 0.8171 165 141
234-1-1-0.05-50-0 1 2335 36 26 59 91 0.8162 0.8171 165 141
234-1-1-0.05-50-0 1 2335 20 9 94 1 0.9922 0.6134 102 161
234-1-1-0.05-50-0 1 2335 36 26 59 90 0.8162 0.8171 165 141
234-1-1-0.05-50-0 1 2335 36 26 59 89 0.8162 0.8171 165 141
234-1-1-0.05-50-0 1 2336 37 23 11 4 0.8481 0.1698 127 476
234-1-1-0.05-50-0 1 2336 1 1 85 85 0.2520 0.2520 409 409
234-1-1-0.05-50-0 1 2336 36 26 59 88 0.8162 0.8171 165 141
234-1-1-0.05-50-0 1 2336 26 46 87 1 0.8171 0.3451 141 327
234-1-1-0.05-50-0 1 2336 36 26 59 87 0.8162 0.8171 165 141
234-1-1-0.05-50-0 1 2337 36 26 60 89 0.8162 0.8171 165 141
234-1-1-0.05-50-0 1 2337 36 26 60 88 0.8162 0.8171 165 141
234-1-1-0.05-50-0 1 2338 36 43 62 5 0.8162 0.8316 165 123
234-1-1-0.05-50-0 1 2338 14 13 30 150 0.8451 0.8878 105 151
234-1-1-0.05-50-0 1 2338 1 10 83 181 0.2520 0.2533 409 449
234-1-1-0.05-50-0 1 2339 26 6 91 1 0.8171 0.4266 141 249
234-1-1-0.05-50-0 1 2339 36 14 63 30 0.8162 0.8451 165 105
234-1-1-0.05-50-0 1 2340 14 25 30 81 0.8451 0.9430 105 125
234-1-1-0.05-50-0 1 2340 1 10 85 179 0.2520 0.2533 409 449
234-1-1-0.05-50-0 1 2340 1 1 85 85 0.2520 0.2520 409 409
234-1-1-0.05-50-0 1 2341 1 10 84 181 0.2520 0.2533 409 449
234-1-1-0.05-50-0 1 2341 36 26 60 87 0.8162 0.8171 165 141
234-1-1-0.05-50-0 1 2341 14 13 32 149 0.8451 0.8878 105 151
234-1-1-0.05-50-0 1 2342 36 26 62 84 0.8162 0.8171 165 141
234-1-1-0.05-50-0 1 2342 1 10 88 186 0.2520 0.2533 409 449
234-1-1-0.05-50-0 1 2342 14 20 31 89 0.8451 0.9922 105 102
234-1-1-0.05-50-0 1 2342 1 1 88 88 0.2520 0.2520 409 409
234-1-1-0.05-50-0 1 2343 36 26 62 84 0.8162 0.8171 165 141
234-1-1-0.05-50-0 1 2343 14 41 31 48 0.8451 0.9621 105 105
234-1-1-0.05-50-0 1 2344 1 1 86 86 0.2520 0.2520 409 409
234-1-1-0.05-50-0 1 2344 36 26 61 84 0.8162 0.8171 165 141
234-1-1-0.05-50-0 1 2345 26 3 84 1 0.8171 0.4813 141 321
234-1-1-0.05-50-0 1 2345 36 36 62 62 0.8162 0.8162 165 165
234-1-1-0.05-50-0 1 2345 1 1 86 86 0.2520 0.2520 409 409
234-1-1-0.05-50-0 1 2345 23 23 6 6 0.1698 0.1698 476 476
234-1-1-0.05-50-0 1 2345 37 23 10 5 0.8481 0.1698 127 476
234-1-1-0.05-50-0 1 2346 1 10 85 189 0.2520 0.2533 409 449
234-1-1-0.05-50-0 1 2346 1 10 85 188 0.2520 0.2533 409 449
234-1-1-0.05-50-0 1 2346 36 26 66 83 0.8162 0.8171 165 141
234-1-1-0.05-50-0 1 2346 1 10 85 187 0.2520 0.2533 409 449
234-1-1-0.05-50-0 1 2347 1 1 86 86 0.2520 0.2520 409 409
234-1-1-0.05-50-0 1 2347 1 10 85 185 0.2520 0.2533 409 449
234-1-1-0.05-50-0 1 2347 14 25 33 75 0.8451 0.9430 105 125
234-1-1-0.05-50-0 1 2348 14 20 33 90 0.8451 0.9922 105 102
234-1-1-0.05-50-0 1 2348 36 36 62 62 0.8162 0.8162 165 165
234-1-1-0.05-50-0 1 2348 36 36 61 61 0.8162 0.8162 165 165
234-1-1-0.05-50-0 1 2348 1 10 83 183 0.2520 0.2533 409 449
234-1-1-0.05-50-0 1 2349 36 36 59 59 0.8162 0.8162 165 165
234-1-1-0.05-50-0 1 2349 36 14 58 32 0.8162 0.8451 165 105
234-1-1-0.05-50-0 1 2349 1 10 86 188 0.2520 0.2533 409 449
234-1-1-0.05-50-0 1 2350 1 10 84 187 0.2520 0.2533 409 449
234-1-1-0.05-50-0 1 2350 26 46 89 2 0.8171 0.3451 141 327
234-1-1-0.05-50-0 1 2350 14 13 30 150 0.8451 0.8878 105 151
234-1-1-0.05-50-0 1 2350 36 43 58 7 0.8162 0.8316 165 123
234-1-1-0.05-50-0 1 2350 36 26 58 89 0.8162 0.8171 165 141
234-1-1-0.05-50-0 1 2351 14 36 28 60 0.8451 0.8162 105 165
234-1-1-0.05-50-0 1 2351 14 26 28 89 0.8451 0.8171 105 141
234-1-1-0.05-50-0 1 2351 26 46 88 1 0.8171 0.3451 141 327
234-1-1-0.05-50-0 1 2351 14 13 28 149 0.8451 0.8878 105 151
234-1-1-0.05-50-0 1 2352 1 1 85 85 0.2520 0.2520 409 409
234-1-1-0.05-50-0 1 2352 37 18 15 2 0.8481 0.2181 127 226
234-1-1-0.05-50-0 1 2352 36 26 59 88 0.8162 0.8171 165 141
234-1-1-0.05-50-0 1 2353 36 36 59 59 0.8162 0.8162 165 165
234-1-1-0.05-50-0 1 2353 36 26 58 87 0.8162 0.8171 165 141
234-1-1-0.05-50-0 1 2353 36 36 58 58 0.8162 0.8162 165 165
234-1-1-0.05-50-0 1 2353 1 10 86 183 0.2520 0.2533 409 449
234-1-1-0.05-50-0 1 2353 36 26 57 86 0.8162 0.8171 165 141
234-1-1-0.05-50-0 1 2354 36 43 59 7 0.8162 0.8316 165 123
234-1-1-0.05-50-0 1 2355 36 36 58 58 0.8162 0.8162 165 165
234-1-1-0.05-50-0 1 2355 36 26 57 84 0.8162 0.8171 165 141
234-1-1-0.05-50-0 1 2355 36 36 57 57 0.8162 0.8162 165 165
234-1-1-0.05-50-0 1 2355 36 36 56 56 0.8162 0.8162 165 165
234-1-1-0.05-50-0 1 2356 1 1 86 86 0.2520 0.2520 409 409
234-1-1-0.05-50-0 1 2356 1 1 85 85 0.2520 0.2520 409 409
234-1-1-0.05-50-0 1 2356 41 5 47 5 0.9621 0.0007 105 226
234-1-1-0.05-50-0 1 2357 36 36 60 60 0.8162 0.8162 165 165
234-1-1-0.05-50-0 1 2357 1 10 84 195 0.2520 0.2533 409 449
234-1-1-0.05-50-0 1 2357 41 35 48 1 0.9621 0.0354 105 158
234-1-1-0.05-50-0 1 2357 1 10 84 194 0.2520 0.2533 409 449
234-1-1-0.05-50-0 1 2358 1 10 87 196 0.2520 0.2533 409 449
234-1-1-0.05-50-0 1 2358 1 1 87 87 0.2520 0.2520 409 409
234-1-1-0.05-50-0 1 2358 36 36 63 63 0.8162 0.8162 165 165
234-1-1-0.05-50-0 1 2359 1 10 91 193 0.2520 0.2533 409 449
234-1-1-0.05-50-0 1 2359 14 13 24 147 0.8451 0.8878 105 151
234-1-1-0.05-50-0 1 2359 1 23 91 5 0.2520 0.1698 409 476
234-1-1-0.05-50-0 1 2359 26 45 79 1 0.8171 0.3816 141 173
234-1-1-0.05-50-0 1 2359 36 14 62 24 0.8162 0.8451 165 105
234-1-1-0.05-50-0 1 2360 1 1 95 95 0.2520 0.2520 409 409
234-1-1-0.05-50-0 1 2360 37 18 14 1 0.8481 0.2181 127 226
234-1-1-0.05-50-0 1 2360 1 1 94 94 0.2520 0.2520 409 409
234-1-1-0.05-50-0 1 2360 1 10 93 199 0.2520 0.2533 409 449
234-1-1-0.05-50-0 1 2360 1 1 93 93 0.2520 0.2520 409 409
234-1-1-0.05-50-0 1 2360 1 10 92 198 0.2520 0.2533 409 449
234-1-1-0.05-50-0 1 2361 20 6 78 1 0.9922 0.4266 102 249
234-1-1-0.05-50-0 1 2361 26 45 78 1 0.8171 0.3816 141 173
234-1-1-0.05-50-0 1 2361 1 10 92 194 0.2520 0.2533 409 449
234-1-1-0.05-50-0 1 2361 1 1 92 92 0.2520 0.2520 409 409
234-1-1-0.05-50-0 1 2362 14 26 30 77 0.8451 0.8171 105 141
234-1-1-0.05-50-0 1 2362 36 36 62 62 0.8162 0.8162 165 165
234-1-1-0.05-50-0 1 2362 1 10 89 189 0.2520 0.2533 409 449
234-1-1-0.05-50-0 1 2362 1 1 89 89 0.2520 0.2520 409 409
234-1-1-0.05-50-0 1 2362 1 10 88 188 0.2520 0.2533 409 449
234-1-1-0.05-50-0 1 2362 36 26 61 76 0.8162 0.8171 165 141
234-1-1-0.05-50-0 1 2363 36 26 62 74 0.8162 0.8171 165 141
234-1-1-0.05-50-0 1 2363 1 10 90 191 0.2520 0.2533 409 449
234-1-1-0.05-50-0 1 2364 36 26 60 75 0.8162 0.8171 165 141
234-1-1-0.05-50-0 1 2364 14 26 32 74 0.8451 0.8171 105 141
234-1-1-0.05-50-0 1 2364 1 1 89 89 0.2520 0.2520 409 409
234-1-1-0.05-50-0 1 2364 36 14 60 32 0.8162 0.8451 165 105
234-1-1-0.05-50-0 1 2364 36 36 60 60 0.8162 0.8162 165 165
234-1-1-0.05-50-0 1 2364 36 14 59 31 0.8162 0.8451 165 105
234-1-1-0.05-50-0 1 2364 36 14 59 30 0.8162 0.8451 165 105
234-1-1-0.05-50-0 1 2365 14 13 26 151 0.8451 0.8878 105 151
234-1-1-0.05-50-0 1 2365 14 13 26 150 0.8451 0.8878 105 151
234-1-1-0.05-50-0 1 2366 20 38 84 3 0.9922 0.6163 102 270
234-1-1-0.05-50-0 1 2366 1 10 91 191 0.2520 0.2533 409 449
234-1-1-0.05-50-0 1 2366 14 25 26 83 0.8451 0.9430 105 125
234-1-1-0.05-50-0 1 2367 1 1 93 93 0.2520 0.2520 409 409
234-1-1-0.05-50-0 1 2367 36 26 63 79 0.8162 0.8171 165 141
234-1-1-0.05-50-0 1 2367 41 5 43 5 0.9621 0.0007 105 226
234-1-1-0.05-50-0 1 2367 41 5 43 4 0.9621 0.0007 105 226
234-1-1-0.05-50-0 1 2368 1 10 91 201 0.2520 0.2533 409 449
234-1-1-0.05-50-0 1 2368 41 5 45 3 0.9621 0.0007 105 226
234-1-1-0.05-50-0 1 2368 14 13 23 151 0.8451 0.8878 105 151
234-1-1-0.05-50-0 1 2368 41 5 45 2 0.9621 0.0007 105 226
234-1-1-0.05-50-0 1 2368 1 1 91 91 0.2520 0.2520 409 409
234-1-1-0.05-50-0 1 2368 1 10 90 200 0.2520 0.2533 409 449
234-1-1-0.05-50-0 1 2368 36 26 62 80 0.8162 0.8171 165 141
234-1-1-0.05-50-0 1 2369 20 38 82 2 0.9922 0.6163 102 270
234-1-1-0.05-50-0 1 2369 14 25 25 80 0.8451 0.9430 105 125
234-1-1-0.05-50-0 1 2369 20 38 82 1 0.9922 0.6163 102 270
234-1-1-0.05-50-0 1 2369 1 10 95 201 0.2520 0.2533 409 449
234-1-1-0.05-50-0 1 2369 41 5 46 1 0.9621 0.0007 105 226
234-1-1-0.05-50-0 1 2369 36 26 61 77 0.8162 0.8171 165 141
234-1-1-0.05-50-0 1 2370 36 36 62 62 0.8162 0.8162 165 165
234-1-1-0.05-50-0 1 2370 1 1 97 97 0.2520 0.2520 409 409
234-1-1-0.05-50-0 1 2371 36 26 60 79 0.8162 0.8171 165 141
234-1-1-0.05-50-0 1 2371 36 26 60 78 0.8162 0.8171 165 141
234-1-1-0.05-50-0 1 2371 1 10 103 206 0.2520 0.2533 409 449
234-1-1-0.05-50-0 1 2371 1 10 103 205 0.2520 0.2533 409 449
234-1-1-0.05-50-0 1 2371 1 10 103 204 0.2520 0.2533 409 449
234-1-1-0.05-50-0 1 2372 1 10 102 206 0.2520 0.2533 409 449
234-1-1-0.05-50-0 1 2372 1 1 102 102 0.2520 0.2520 409 409
234-1-1-0.05-50-0 1 2372 36 36 59 59 0.8162 0.8162 165 165
234-1-1-0.05-50-0 1 2372 1 10 101 205 0.2520 0.2533 409 449
234-1-1-0.05-50-0 1 2372 1 10 101 204 0.2520 0.2533 409 449
234-1-1-0.05-50-0 1 2373 1 10 106 205 0.2520 0.2533 409 449
234-1-1-0.05-50-0 1 2373 36 26 59 79 0.8162 0.8171 165 141
234-1-1-0.05-50-0 1 2373 23 23 6 6 0.1698 0.1698 476 476
234-1-1-0.05-50-0 1 2373 37 23 14 5 0.8481 0.1698 127 476
234-1-1-0.05-50-0 1 2373 36 26 59 78 0.8162 0.8171 165 141
234-1-1-0.05-50-0 1 2374 1 10 111 208 0.2520 0.2533 409 449
234-1-1-0.05-50-0 1 2374 1 23 111 4 0.2520 0.1698 409 476
234-1-1-0.05-50-0 1 2374 14 25 27 83 0.8451 0.9430 105 125
234-1-1-0.05-50-0 1 2374 14 14 27 27 0.8451 0.8451 105 105
234-1-1-0.05-50-0 1 2374 1 10 111 207 0.2520 0.2533 409 449
234-1-1-0.05-50-0 1 2375 41 4 55 1 0.9621 0.0723 105 351
234-1-1-0.05-50-0 1 2375 1 10 113 202 0.2520 0.2533 409 449
234-1-1-0.05-50-0 1 2375 20 45 90 1 0.9922 0.3816 102 173
234-1-1-0.05-50-0 1 2376 20 21 90 1 0.9922 0.4184 102 158
234-1-1-0.05-50-0 1 2376 14 26 27 77 0.8451 0.8171 105 141
234-1-1-0.05-50-0 1 2376 37 48 14 3 0.8481 0.1153 127 334
234-1-1-0.05-50-0 1 2376 37 12 14 1 0.8481 0.1896 127 325
234-1-1-0.05-50-0 1 2377 36 37 60 13 0.8162 0.8481 165 127
234-1-1-0.05-50-0 1 2377 1 10 115 205 0.2520 0.2533 409 449
234-1-1-0.05-50-0 1 2377 36 14 60 26 0.8162 0.8451 165 105
234-1-1-0.05-50-0 1 2377 1 10 115 204 0.2520 0.2533 409 449
234-1-1-0.05-50-0 1 2378 14 47 24 102 0.8451 0.9293 105 103
234-1-1-0.05-50-0 1 2378 1 39 110 1 0.2520 0.2187 409 309
234-1-1-0.05-50-0 1 2378 1 10 110 212 0.2520 0.2533 409 449
234-1-1-0.05-50-0 1 2378 1 10 110 211 0.2520 0.2533 409 449
234-1-1-0.05-50-0 1 2379 1 1 106 106 0.2520 0.2520 409 409
234-1-1-0.05-50-0 1 2379 36 36 59 59 0.8162 0.8162 165 165
234-1-1-0.05-50-0 1 2379 1 10 105 219 0.2520 0.2533 409 449
234-1-1-0.05-50-0 1 2380 41 22 56 1 0.9621 0.0160 105 311
234-1-1-0.05-50-0 1 2380 1 10 107 222 0.2520 0.2533 409 449
234-1-1-0.05-50-0 1 2380 36 36 59 59 0.8162 0.8162 165 165
234-1-1-0.05-50-0 1 2380 36 26 58 78 0.8162 0.8171 165 141
234-1-1-0.05-50-0 1 2381 14 26 26 78 0.8451 0.8171 105 141
234-1-1-0.05-50-0 1 2381 1 10 115 222 0.2520 0.2533 409 449
234-1-1-0.05-50-0 1 2381 14 7 26 106 0.8451 0.9267 105 106
234-1-1-0.05-50-0 1 2381 1 10 115 221 0.2520 0.2533 409 449
234-1-1-0.05-50-0 1 2381 36 26 57 77 0.8162 0.8171 165 141
234-1-1-0.05-50-0 1 2381 36 43 57 6 0.8162 0.8316 165 123
234-1-1-0.05-50-0 1 2381 14 41 26 53 0.8451 0.9621 105 105
234-1-1-0.05-50-0 1 2381 36 26 57 76 0.8162 0.8171 165 141
234-1-1-0.05-50-0 1 2382 14 20 25 93 0.8451 0.9922 105 102
234-1-1-0.05-50-0 1 2382 36 26 58 78 0.8162 0.8171 165 141
234-1-1-0.05-50-0 1 2382 14 13 25 149 0.8451 0.8878 105 151
234-1-1-0.05-50-0 1 2382 1 10 117 218 0.2520 0.2533 409 449
234-1-1-0.05-50-0 1 2383 37 23 11 5 0.8481 0.1698 127 476
234-1-1-0.05-50-0 1 2384 36 36 59 59 0.8162 0.8162 165 165
234-1-1-0.05-50-0 1 2384 1 10 123 218 0.2520 0.2533 409 449
234-1-1-0.05-50-0 1 2384 1 10 123 217 0.2520 0.2533 409 449
234-1-1-0.05-50-0 1 2385 1 10 125 215 0.2520 0.2533 409 449
234-1-1-0.05-50-0 1 2385 1 1 125 125 0.2520 0.2520 409 409
234-1-1-0.05-50-0 1 2385 14 26 26 75 0.8451 0.8171 105 141
234-1-1-0.05-50-0 1 2385 14 41 26 54 0.8451 0.9621 105 105
234-1-1-0.05-50-0 1 2385 36 36 59 59 0.8162 0.8162 165 165
234-1-1-0.05-50-0 1 2385 36 36 58 58 0.8162 0.8162 165 165
234-1-1-0.05-50-0 1 2385 1 10 124 214 0.2520 0.2533 409 449
234-1-1-0.05-50-0 1 2386 1 1 122 122 0.2520 0.2520 409 409
234-1-1-0.05-50-0 1 2386 1 10 121 217 0.2520 0.2533 409 449
234-1-1-0.05-50-0 1 2386 1 1 121 121 0.2520 0.2520 409 409
234-1-1-0.05-50-0 1 2386 14 7 25 91 0.8451 0.9267 105 106
234-1-1-0.05-50-0 1 2386 1 10 120 216 0.2520 0.2533 409 449
234-1-1-0.05-50-0 1 2386 36 26 57 74 0.8162 0.8171 165 141
234-1-1-0.05-50-0 1 2386 1 1 120 120 0.2520 0.2520 409 409
234-1-1-0.05-50-0 1 2386 26 3 73 2 0.8171 0.4813 141 321
234-1-1-0.05-50-0 1 2387 1 10 118 215 0.2520 0.2533 409 449
234-1-1-0.05-50-0 1 2387 1 1 118 118 0.2520 0.2520 409 409
234-1-1-0.05-50-0 1 2387 36 26 58 74 0.8162 0.8171 165 141
234-1-1-0.05-50-0 1 2387 1 10 117 214 0.2520 0.2533 409 449
234-1-1-0.05-50-0 1 2387 14 47 25 100 0.8451 0.9293 105 103
234-1-1-0.05-50-0 1 2387 1 10 117 213 0.2520 0.2533 409 449
234-1-1-0.05-50-0 1 2388 1 1 118 118 0.2520 0.2520 409 409
234-1-1-0.05-50-0 1 2388 1 10 117 214 0.2520 0.2533 409 449
234-1-1-0.05-50-0 1 2388 14 25 25 105 0.8451 0.9430 105 125
234-1-1-0.05-50-0 1 2388 1 10 117 213 0.2520 0.2533 409 449
234-1-1-0.05-50-0 1 2388 36 26 56 72 0.8162 0.8171 165 141
234-1-1-0.05-50-0 1 2388 36 26 56 71 0.8162 0.8171 165 141
234-1-1-0.05-50-0 1 2388 14 26 25 70 0.8451 0.8171 105 141
234-1-1-0.05-50-0 1 2389 1 10 117 214 0.2520 0.2533 409 449
234-1-1-0.05-50-0 1 2389 36 36 58 58 0.8162 0.8162 165 165
234-1-1-0.05-50-0 1 2389 20 3 91 1 0.9922 0.4813 102 321
234-1-1-0.05-50-0 1 2390 20 29 88 1 0.9922 0.6728 102 177
234-1-1-0.05-50-0 1 2390 36 14 60 24 0.8162 0.8451 165 105
234-1-1-0.05-50-0 1 2390 36 26 60 70 0.8162 0.8171 165 141
234-1-1-0.05-50-0 1 2391 1 10 120 213 0.2520 0.2533 409 449
234-1-1-0.05-50-0 1 2391 25 11 108 1 0.9430 0.0504 125 384
234-1-1-0.05-50-0 1 2392 1 1 124 124 0.2520 0.2520 409 409
234-1-1-0.05-50-0 1 2392 1 10 123 218 0.2520 0.2533 409 449
234-1-1-0.05-50-0 1 2393 37 48 11 2 0.8481 0.1153 127 334
234-1-1-0.05-50-0 1 2393 36 36 55 55 0.8162 0.8162 165 165
234-1-1-0.05-50-0 1 2393 14 20 23 91 0.8451 0.9922 105 102
234-1-1-0.05-50-0 1 2394 7 31 83 1 0.9267 0.5626 106 252
234-1-1-0.05-50-0 1 2395 1 1 131 131 0.2520 0.2520 409 409
234-1-1-0.05-50-0 1 2395 36 26 50 66 0.8162 0.8171 165 141
234-1-1-0.05-50-0 1 2395 1 10 130 229 0.2520 0.2533 409 449
234-1-1-0.05-50-0 1 2395 1 50 130 1 0.2520 0.2147 409 147
234-1-1-0.05-50-0 1 2395 36 37 50 11 0.8162 0.8481 165 127
234-1-1-0.05-50-0 1 2395 36 37 50 10 0.8162 0.8481 165 127
234-1-1-0.05-50-0 1 2396 1 10 133 231 0.2520 0.2533 409 449
234-1-1-0.05-50-0 1 2396 14 26 28 65 0.8451 0.8171 105 141
234-1-1-0.05-50-0 1 2396 1 10 133 230 0.2520 0.2533 409 449
234-1-1-0.05-50-0 1 2396 36 26 51 64 0.8162 0.8171 165 141
234-1-1-0.05-50-0 1 2396 37 16 9 1 0.8481 0.2228 127 149
234-1-1-0.05-50-0 1 2397 1 1 137 137 0.2520 0.2520 409 409
234-1-1-0.05-50-0 1 2397 1 23 136 4 0.2520 0.1698 409 476
234-1-1-0.05-50-0 1 2397 14 47 31 102 0.8451 0.9293 105 103
234-1-1-0.05-50-0 1 2397 1 10 136 235 0.2520 0.2533 409 449
234-1-1-0.05-50-0 1 2398 1 10 144 241 0.2520 0.2533 409 449
234-1-1-0.05-50-0 1 2398 36 36 51 51 0.8162 0.8162 165 165
234-1-1-0.05-50-0 1 2398 1 10 144 240 0.2520 0.2533 409 449
234-1-1-0.05-50-0 1 2398 1 10 144 239 0.2520 0.2533 409 449
234-1-1-0.05-50-0 1 2398 1 10 144 238 0.2520 0.2533 409 449
234-1-1-0.05-50-0 1 2398 42 10 1 237 0.7447 0.2533 106 449
234-1-1-0.05-50-0 1 2398 36 36 50 50 0.8162 0.8162 165 165
234-1-1-0.05-50-0 1 2399 36 36 50 50 0.8162 0.8162 165 165
234-1-1-0.05-50-0 1 2399 1 1 145 145 0.2520 0.2520 409 409
234-1-1-0.05-50-0 1 2399 1 1 144 144 0.2520 0.2520 409 409
234-1-1-0.05-50-0 1 2399 1 10 143 238 0.2520 0.2533 409 449
234-1-1-0.05-50-0 1 2399 14 41 30 57 0.8451 0.9621 105 105
234-1-1-0.05-50-0 1 2400 1 10 147 242 0.2520 0.2533 409 449
234-1-1-0.05-50-0 1 2400 1 10 147 241 0.2520 0.2533 409 449
234-1-1-0.05-50-0 1 2400 1 1 147 147 0.2520 0.2520 409 409
234-1-1-0.05-50-0 1 2400 1 10 146 240 0.2520 0.2533 409 449
234-1-1-0.05-50-0 1 2401 1 1 139 139 0.2520 0.2520 409 409
234-1-1-0.05-50-0 1 2401 1 1 138 138 0.2520 0.2520 409 409
234-1-1-0.05-50-0 1 2401 1 1 137 137 0.2520 0.2520 409 409
234-1-1-0.05-50-0 1 2401 1 1 136 136 0.2520 0.2520 409 409
234-1-1-0.05-50-0 1 2401 14 47 32 99 0.8451 0.9293 105 103
234-1-1-0.05-50-0 1 2402 1 1 137 137 0.2520 0.2520 409 409
234-1-1-0.05-50-0 1 2402 36 26 52 59 0.8162 0.8171 165 141
234-1-1-0.05-50-0 1 2402 36 26 52 58 0.8162 0.8171 165 141
234-1-1-0.05-50-0 1 2402 1 1 136 136 0.2520 0.2520 409 409
234-1-1-0.05-50-0 1 2402 1 10 135 237 0.2520 0.2533 409 449
234-1-1-0.05-50-0 1 2403 1 10 136 239 0.2520 0.2533 409 449
234-1-1-0.05-50-0 1 2403 1 10 136 238 0.2520 0.2533 409 449
234-1-1-0.05-50-0 1 2403 36 26 55 57 0.8162 0.8171 165 141
234-1-1-0.05-50-0 1 2403 1 10 136 237 0.2520 0.2533 409 449
234-1-1-0.05-50-0 1 2403 1 10 136 236 0.2520 0.2533 409 449
234-1-1-0.05-50-0 1 2404 1 10 139 236 0.2520 0.2533 409 449
234-1-1-0.05-50-0 1 2404 36 37 56 7 0.8162 0.8481 165 127
234-1-1-0.05-50-0 1 2404 36 36 56 56 0.8162 0.8162 165 165
234-1-1-0.05-50-0 1 2404 36 34 55 1 0.8162 0.7448 165 168
234-1-1-0.05-50-0 1 2404 1 10 139 235 0.2520 0.2533 409 449
234-1-1-0.05-50-0 1 2405 36 26 59 54 0.8162 0.8171 165 141
234-1-1-0.05-50-0 1 2405 1 1 140 140 0.2520 0.2520 409 409
234-1-1-0.05-50-0 1 2406 36 26 60 52 0.8162 0.8171 165 141
234-1-1-0.05-50-0 1 2406 36 36 60 60 0.8162 0.8162 165 165
234-1-1-0.05-50-0 1 2407 1 10 142 251 0.2520 0.2533 409 449
234-1-1-0.05-50-0 1 2407 36 14 61 29 0.8162 0.8451 165 105
234-1-1-0.05-50-0 1 2407 1 10 142 250 0.2520 0.2533 409 449
234-1-1-0.05-50-0 1 2407 1 1 142 142 0.2520 0.2520 409 409
234-1-1-0.05-50-0 1 2407 1 10 141 249 0.2520 0.2533 409 449
234-1-1-0.05-50-0 1 2407 1 1 141 141 0.2520 0.2520 409 409
234-1-1-0.05-50-0 1 2408 36 14 60 29 0.8162 0.8451 165 105
234-1-1-0.05-50-0 1 2408 36 26 60 52 0.8162 0.8171 165 141
234-1-1-0.05-50-0 1 2408 1 10 142 251 0.2520 0.2533 409 449
234-1-1-0.05-50-0 1 2408 14 47 28 96 0.8451 0.9293 105 103
234-1-1-0.05-50-0 1 2409 1 10 145 252 0.2520 0.2533 409 449
234-1-1-0.05-50-0 1 2409 1 10 145 251 0.2520 0.2533 409 449
234-1-1-0.05-50-0 1 2409 36 36 63 63 0.8162 0.8162 165 165
234-1-1-0.05-50-0 1 2409 40 15 4 1 0.9739 0.7918 104 149
234-1-1-0.05-50-0 1 2409 1 10 145 250 0.2520 0.2533 409 449
234-1-1-0.05-50-0 1 2409 1 10 145 249 0.2520 0.2533 409 449
234-1-1-0.05-50-0 1 2409 42 1 4 145 0.7447 0.2520 106 409
234-1-1-0.05-50-0 1 2409 1 10 144 248 0.2520 0.2533 409 449
234-1-1-0.05-50-0 1 2409 1 10 144 247 0.2520 0.2533 409 449
234-1-1-0.05-50-0 1 2410 36 36 62 62 0.8162 0.8162 165 165
234-1-1-0.05-50-0 1 2410 36 26 61 53 0.8162 0.8171 165 141
234-1-1-0.05-50-0 1 2410 43 24 5 3 0.8316 0.1940 123 254
234-1-1-0.05-50-0 1 2410 1 10 146 250 0.2520 0.2533 409 449
234-1-1-0.05-50-0 1 2410 36 26 61 52 0.8162 0.8171 165 141
234-1-1-0.05-50-0 1 2411 1 10 148 249 0.2520 0.2533 409 449
234-1-1-0.05-50-0 1 2411 1 10 148 248 0.2520 0.2533 409 449
234-1-1-0.05-50-0 1 2411 36 14 61 29 0.8162 0.8451 165 105
234-1-1-0.05-50-0 1 2411 36 19 61 2 0.8162 0.8072 165 134
234-1-1-0.05-50-0 1 2411 1 10 148 247 0.2520 0.2533 409 449
234-1-1-0.05-50-0 1 2411 1 1 148 148 0.2520 0.2520 409 409
234-1-1-0.05-50-0 1 2412 36 36 61 61 0.8162 0.8162 165 165
234-1-1-0.05-50-0 1 2412 1 1 151 151 0.2520 0.2520 409 409
234-1-1-0.05-50-0 1 2413 1 10 157 260 0.2520 0.2533 409 449
234-1-1-0.05-50-0 1 2413 1 10 157 259 0.2520 0.2533 409 449
234-1-1-0.05-50-0 1 2413 36 36 59 59 0.8162 0.8162 165 165
234-1-1-0.05-50-0 1 2413 1 1 157 157 0.2520 0.2520 409 409
234-1-1-0.05-50-0 1 2413 1 10 156 258 0.2520 0.2533 409 449
234-1-1-0.05-50-0 1 2413 36 36 58 58 0.8162 0.8162 165 165
234-1-1-0.05-50-0 1 2413 1 10 156 257 0.2520 0.2533 409 449
234-1-1-0.05-50-0 1 2413 36 36 57 57 0.8162 0.8162 165 165
234-1-1-0.05-50-0 1 2414 1 10 152 260 0.2520 0.2533 409 449
234-1-1-0.05-50-0 1 2414 1 10 152 259 0.2520 0.2533 409 449
234-1-1-0.05-50-0 1 2414 36 43 56 6 0.8162 0.8316 165 123
234-1-1-0.05-50-0 1 2414 36 26 56 51 0.8162 0.8171 165 141
234-1-1-0.05-50-0 1 2414 36 36 56 56 0.8162 0.8162 165 165
234-1-1-0.05-50-0 1 2414 1 10 152 258 0.2520 0.2533 409 449
234-1-1-0.05-50-0 1 2415 36 36 62 62 0.8162 0.8162 165 165
234-1-1-0.05-50-0 1 2415 1 10 160 257 0.2520 0.2533 409 449
234-1-1-0.05-50-0 1 2415 20 32 79 1 0.9922 0.6514 102 215
234-1-1-0.05-50-0 1 2416 36 36 60 60 0.8162 0.8162 165 165
234-1-1-0.05-50-0 1 2416 1 1 157 157 0.2520 0.2520 409 409
234-1-1-0.05-50-0 1 2417 1 1 158 158 0.2520 0.2520 409 409
234-1-1-0.05-50-0 1 2417 36 36 60 60 0.8162 0.8162 165 165
234-1-1-0.05-50-0 1 2417 26 6 51 1 0.8171 0.4266 141 249
234-1-1-0.05-50-0 1 2417 1 10 157 270 0.2520 0.2533 409 449
234-1-1-0.05-50-0 1 2417 1 10 157 269 0.2520 0.2533 409 449
234-1-1-0.05-50-0 1 2418 1 10 157 274 0.2520 0.2533 409 449
234-1-1-0.05-50-0 1 2418 1 10 157 273 0.2520 0.2533 409 449
234-1-1-0.05-50-0 1 2418 1 10 157 272 0.2520 0.2533 409 449
234-1-1-0.05-50-0 1 2418 1 10 157 271 0.2520 0.2533 409 449
234-1-1-0.05-50-0 1 2418 1 1 157 157 0.2520 0.2520 409 409
234-1-1-0.05-50-0 1 2418 1 10 156 270 0.2520 0.2533 409 449
234-1-1-0.05-50-0 1 2419 14 25 27 119 0.8451 0.9430 105 125
234-1-1-0.05-50-0 1 2419 36 26 61 53 0.8162 0.8171 165 141
234-1-1-0.05-50-0 1 2419 1 10 155 279 0.2520 0.2533 409 449
234-1-1-0.05-50-0 1 2419 37 23 6 5 0.8481 0.1698 127 476
234-1-1-0.05-50-0 1 2419 1 10 155 278 0.2520 0.2533 409 449
234-1-1-0.05-50-0 1 2420 1 1 159 159 0.2520 0.2520 409 409
234-1-1-0.05-50-0 1 2420 42 10 4 279 0.7447 0.2533 106 449
234-1-1-0.05-50-0 1 2420 1 1 158 158 0.2520 0.2520 409 409
234-1-1-0.05-50-0 1 2420 1 1 157 157 0.2520 0.2520 409 409
234-1-1-0.05-50-0 1 2420 1 10 156 278 0.2520 0.2533 409 449
234-1-1-0.05-50-0 1 2420 36 42 65 4 0.8162 0.7447 165 106
234-1-1-0.05-50-0 1 2420 36 36 65 65 0.8162 0.8162 165 165
234-1-1-0.05-50-0 1 2420 1 10 156 277 0.2520 0.2533 409 449
234-1-1-0.05-50-0 1 2421 36 14 65 27 0.8162 0.8451 165 105
234-1-1-0.05-50-0 1 2421 1 10 158 274 0.2520 0.2533 409 449
234-1-1-0.05-50-0 1 2421 1 10 158 273 0.2520 0.2533 409 449
234-1-1-0.05-50-0 1 2421 14 47 26 92 0.8451 0.9293 105 103
234-1-1-0.05-50-0 1 2422 1 10 162 276 0.2520 0.2533 409 449
234-1-1-0.05-50-0 1 2422 36 26 68 54 0.8162 0.8171 165 141
234-1-1-0.05-50-0 1 2422 1 10 162 275 0.2520 0.2533 409 449
234-1-1-0.05-50-0 1 2422 1 10 162 274 0.2520 0.2533 409 449
234-1-1-0.05-50-0 1 2422 36 37 68 5 0.8162 0.8481 165 127
234-1-1-0.05-50-0 1 2422 14 36 24 68 0.8451 0.8162 105 165
234-1-1-0.05-50-0 1 2423 1 10 165 274 0.2520 0.2533 409 449
234-1-1-0.05-50-0 1 2423 1 10 165 273 0.2520 0.2533 409 449
234-1-1-0.05-50-0 1 2423 36 43 68 6 0.8162 0.8316 165 123
234-1-1-0.05-50-0 1 2423 1 10 165 272 0.2520 0.2533 409 449
234-1-1-0.05-50-0 1 2423 36 14 68 27 0.8162 0.8451 165 105
234-1-1-0.05-50-0 1 2423 1 10 165 271 0.2520 0.2533 409 449
234-1-1-0.05-50-0 1 2423 1 10 165 270 0.2520 0.2533 409 449
234-1-1-0.05-50-0 1 2423 1 1 165 165 0.2520 0.2520 409 409
234-1-1-0.05-50-0 1 2424 1 10 167 279 0.2520 0.2533 409 449
234-1-1-0.05-50-0 1 2424 1 1 167 167 0.2520 0.2520 409 409
234-1-1-0.05-50-0 1 2424 1 10 166 278 0.2520 0.2533 409 449
234-1-1-0.05-50-0 1 2424 1 10 166 277 0.2520 0.2533 409 449
234-1-1-0.05-50-0 1 2424 1 1 166 166 0.2520 0.2520 409 409
234-1-1-0.05-50-0 1 2424 1 10 165 276 0.2520 0.2533 409 449
234-1-1-0.05-50-0 1 2424 1 1 165 165 0.2520 0.2520 409 409
234-1-1-0.05-50-0 1 2424 36 37 68 4 0.8162 0.8481 165 127
234-1-1-0.05-50-0 1 2424 1 10 164 275 0.2520 0.2533 409 449
234-1-1-0.05-50-0 1 2424 26 3 54 2 0.8171 0.4813 141 321
234-1-1-0.05-50-0 1 2424 36 14 68 29 0.8162 0.8451 165 105
234-1-1-0.05-50-0 1 2425 1 10 163 275 0.2520 0.2533 409 449
234-1-1-0.05-50-0 1 2425 1 1 163 163 0.2520 0.2520 409 409
234-1-1-0.05-50-0 1 2425 1 10 162 274 0.2520 0.2533 409 449
234-1-1-0.05-50-0 1 2425 20 3 70 1 0.9922 0.4813 102 321
234-1-1-0.05-50-0 1 2425 14 41 29 56 0.8451 0.9621 105 105
234-1-1-0.05-50-0 1 2425 36 36 67 67 0.8162 0.8162 165 165
234-1-1-0.05-50-0 1 2426 1 10 162 272 0.2520 0.2533 409 449
234-1-1-0.05-50-0 1 2426 36 36 66 66 0.8162 0.8162 165 165
234-1-1-0.05-50-0 1 2426 1 10 162 271 0.2520 0.2533 409 449
234-1-1-0.05-50-0 1 2426 36 36 65 65 0.8162 0.8162 165 165
234-1-1-0.05-50-0 1 2427 1 1 165 165 0.2520 0.2520 409 409
234-1-1-0.05-50-0 1 2427 1 10 164 270 0.2520 0.2533 409 449
234-1-1-0.05-50-0 1 2428 14 13 33 142 0.8451 0.8878 105 151
234-1-1-0.05-50-0 1 2428 1 1 167 167 0.2520 0.2520 409 409
234-1-1-0.05-50-0 1 2428 1 10 166 274 0.2520 0.2533 409 449
234-1-1-0.05-50-0 1 2428 14 25 33 125 0.8451 0.9430 105 125
234-1-1-0.05-50-0 1 2428 14 47 33 94 0.8451 0.9293 105 103
234-1-1-0.05-50-0 1 2428 36 14 58 33 0.8162 0.8451 165 105
234-1-1-0.05-50-0 1 2428 1 10 166 273 0.2520 0.2533 409 449
234-1-1-0.05-50-0 1 2428 1 1 166 166 0.2520 0.2520 409 409
234-1-1-0.05-50-0 1 2429 1 10 167 274 0.2520 0.2533 409 449
234-1-1-0.05-50-0 1 2429 1 10 167 273 0.2520 0.2533 409 449
234-1-1-0.05-50-0 1 2429 1 1 167 167 0.2520 0.2520 409 409
234-1-1-0.05-50-0 1 2429 20 46 65 2 0.9922 0.3451 102 327
234-1-1-0.05-50-0 1 2429 36 14 59 32 0.8162 0.8451 165 105
234-1-1-0.05-50-0 1 2429 1 10 166 272 0.2520 0.2533 409 449
234-1-1-0.05-50-0 1 2430 36 36 59 59 0.8162 0.8162 165 165
234-1-1-0.05-50-0 1 2430 36 36 58 58 0.8162 0.8162 165 165
234-1-1-0.05-50-0 1 2430 1 1 167 167 0.2520 0.2520 409 409
234-1-1-0.05-50-0 1 2430 1 10 166 275 0.2520 0.2533 409 449
234-1-1-0.05-50-0 1 2431 36 43 52 9 0.8162 0.8316 165 123
234-1-1-0.05-50-0 1 2431 1 10 170 288 0.2520 0.2533 409 449
234-1-1-0.05-50-0 1 2431 42 10 1 287 0.7447 0.2533 106 449
234-1-1-0.05-50-0 1 2431 14 41 31 63 0.8451 0.9621 105 105
234-1-1-0.05-50-0 1 2431 43 24 8 4 0.8316 0.1940 123 254
234-1-1-0.05-50-0 1 2431 1 1 170 170 0.2520 0.2520 409 409
234-1-1-0.05-50-0 1 2431 1 10 169 286 0.2520 0.2533 409 449
234-1-1-0.05-50-0 1 2432 1 1 171 171 0.2520 0.2520 409 409
234-1-1-0.05-50-0 1 2432 36 36 53 53 0.8162 0.8162 165 165
234-1-1-0.05-50-0 1 2432 1 10 170 287 0.2520 0.2533 409 449
234-1-1-0.05-50-0 1 2432 20 46 61 1 0.9922 0.3451 102 327
234-1-1-0.05-50-0 1 2432 1 10 170 286 0.2520 0.2533 409 449
234-1-1-0.05-50-0 1 2432 1 10 170 285 0.2520 0.2533 409 449
234-1-1-0.05-50-0 1 2432 1 10 170 284 0.2520 0.2533 409 449
234-1-1-0.05-50-0 1 2433 14 20 31 64 0.8451 0.9922 105 102
234-1-1-0.05-50-0 1 2433 1 10 169 290 0.2520 0.2533 409 449
234-1-1-0.05-50-0 1 2433 25 35 120 1 0.9430 0.0354 125 158
234-1-1-0.05-50-0 1 2433 1 1 169 169 0.2520 0.2520 409 409
234-1-1-0.05-50-0 1 2433 20 33 63 1 0.9922 0.6893 102 191
234-1-1-0.05-50-0 1 2433 36 36 51 51 0.8162 0.8162 165 165
234-1-1-0.05-50-0 1 2433 36 36 50 50 0.8162 0.8162 165 165
234-1-1-0.05-50-0 1 2434 20 6 61 3 0.9922 0.4266 102 249
234-1-1-0.05-50-0 1 2434 1 10 167 297 0.2520 0.2533 409 449
234-1-1-0.05-50-0 1 2434 1 1 167 167 0.2520 0.2520 409 409
234-1-1-0.05-50-0 1 2434 14 13 31 147 0.8451 0.8878 105 151
234-1-1-0.05-50-0 1 2434 1 10 166 296 0.2520 0.2533 409 449
234-1-1-0.05-50-0 1 2434 14 20 31 61 0.8451 0.9922 105 102
234-1-1-0.05-50-0 1 2434 36 36 50 50 0.8162 0.8162 165 165
234-1-1-0.05-50-0 1 2435 1 1 167 167 0.2520 0.2520 409 409
234-1-1-0.05-50-0 1 2435 36 36 49 49 0.8162 0.8162 165 165
234-1-1-0.05-50-0 1 2435 1 10 166 299 0.2520 0.2533 409 449
234-1-1-0.05-50-0 1 2435 1 1 166 166 0.2520 0.2520 409 409
234-1-1-0.05-50-0 1 2435 1 1 165 165 0.2520 0.2520 409 409
234-1-1-0.05-50-0 1 2435 1 10 164 298 0.2520 0.2533 409 449
234-1-1-0.05-50-0 1 2436 1 10 168 292 0.2520 0.2533 409 449
234-1-1-0.05-50-0 1 2436 36 26 50 57 0.8162 0.8171 165 141
234-1-1-0.05-50-0 1 2436 1 10 168 291 0.2520 0.2533 409 449
234-1-1-0.05-50-0 1 2436 14 14 29 29 0.8451 0.8451 105 105
234-1-1-0.05-50-0 1 2436 36 26 50 56 0.8162 0.8171 165 141
234-1-1-0.05-50-0 1 2436 20 29 62 2 0.9922 0.6728 102 177
234-1-1-0.05-50-0 1 2437 1 10 166 289 0.2520 0.2533 409 449
234-1-1-0.05-50-0 1 2437 1 1 166 166 0.2520 0.2520 409 409
234-1-1-0.05-50-0 1 2437 1 10 165 288 0.2520 0.2533 409 449
234-1-1-0.05-50-0 1 2437 36 36 52 52 0.8162 0.8162 165 165
234-1-1-0.05-50-0 1 2437 20 21 65 2 0.9922 0.4184 102 158
234-1-1-0.05-50-0 1 2437 1 10 165 287 0.2520 0.2533 409 449
234-1-1-0.05-50-0 1 2438 1 10 170 286 0.2520 0.2533 409 449
234-1-1-0.05-50-0 1 2438 1 1 170 170 0.2520 0.2520 409 409
234-1-1-0.05-50-0 1 2438 1 10 169 285 0.2520 0.2533 409 449
234-1-1-0.05-50-0 1 2438 14 36 29 50 0.8451 0.8162 105 165
234-1-1-0.05-50-0 1 2438 20 6 67 2 0.9922 0.4266 102 249
234-1-1-0.05-50-0 1 2438 1 10 169 284 0.2520 0.2533 409 449
234-1-1-0.05-50-0 1 2438 1 1 169 169 0.2520 0.2520 409 409
234-1-1-0.05-50-0 1 2439 1 10 173 282 0.2520 0.2533 409 449
234-1-1-0.05-50-0 1 2439 1 1 173 173 0.2520 0.2520 409 409
234-1-1-0.05-50-0 1 2439 1 10 172 281 0.2520 0.2533 409 449
234-1-1-0.05-50-0 1 2439 1 10 172 280 0.2520 0.2533 409 449
234-1-1-0.05-50-0 1 2439 36 36 50 50 0.8162 0.8162 165 165
234-1-1-0.05-50-0 1 2439 1 1 172 172 0.2520 0.2520 409 409
234-1-1-0.05-50-0 1 2439 36 26 49 54 0.8162 0.8171 165 141
234-1-1-0.05-50-0 1 2440 1 10 174 278 0.2520 0.2533 409 449
234-1-1-0.05-50-0 1 2440 1 1 174 174 0.2520 0.2520 409 409
234-1-1-0.05-50-0 1 2441 1 1 171 171 0.2520 0.2520 409 409
234-1-1-0.05-50-0 1 2441 26 3 52 1 0.8171 0.4813 141 321
234-1-1-0.05-50-0 1 2441 14 41 26 59 0.8451 0.9621 105 105
234-1-1-0.05-50-0 1 2441 1 10 170 286 0.2520 0.2533 409 449
234-1-1-0.05-50-0 1 2441 1 10 170 285 0.2520 0.2533 409 449
234-1-1-0.05-50-0 1 2441 1 10 170 284 0.2520 0.2533 409 449
234-1-1-0.05-50-0 1 2442 1 10 168 286 0.2520 0.2533 409 449
234-1-1-0.05-50-0 1 2442 1 10 168 285 0.2520 0.2533 409 449
234-1-1-0.05-50-0 1 2442 1 10 168 284 0.2520 0.2533 409 449
234-1-1-0.05-50-0 1 2442 1 8 168 2 0.2520 0.2506 409 303
234-1-1-0.05-50-0 1 2442 20 6 75 1 0.9922 0.4266 102 249
234-1-1-0.05-50-0 1 2442 1 1 168 168 0.2520 0.2520 409 409
234-1-1-0.05-50-0 1 2442 1 1 167 167 0.2520 0.2520 409 409
234-1-1-0.05-50-0 1 2442 20 21 75 1 0.9922 0.4184 102 158
234-1-1-0.05-50-0 1 2442 1 10 166 283 0.2520 0.2533 409 449
234-1-1-0.05-50-0 1 2442 36 36 44 44 0.8162 0.8162 165 165
234-1-1-0.05-50-0 1 2443 1 10 165 279 0.2520 0.2533 409 449
234-1-1-0.05-50-0 1 2443 1 1 165 165 0.2520 0.2520 409 409
234-1-1-0.05-50-0 1 2443 36 14 43 26 0.8162 0.8451 165 105
234-1-1-0.05-50-0 1 2443 1 1 164 164 0.2520 0.2520 409 409
234-1-1-0.05-50-0 1 2444 1 10 165 276 0.2520 0.2533 409 449
234-1-1-0.05-50-0 1 2444 1 23 165 8 0.2520 0.1698 409 476
234-1-1-0.05-50-0 1 2444 10 27 275 1 0.2533 0.0776 449 149
234-1-1-0.05-50-0 1 2444 36 36 42 42 0.8162 0.8162 165 165
234-1-1-0.05-50-0 1 2444 14 13 25 148 0.8451 0.8878 105 151
234-1-1-0.05-50-0 1 2445 1 10 169 282 0.2520 0.2533 409 449
234-1-1-0.05-50-0 1 2445 1 24 169 1 0.2520 0.1940 409 254
234-1-1-0.05-50-0 1 2446 1 10 170 275 0.2520 0.2533 409 449
234-1-1-0.05-50-0 1 2446 1 10 170 274 0.2520 0.2533 409 449
234-1-1-0.05-50-0 1 2446 1 1 170 170 0.2520 0.2520 409 409
234-1-1-0.05-50-0 1 2446 36 26 44 50 0.8162 0.8171 165 141
234-1-1-0.05-50-0 1 2446 36 36 44 44 0.8162 0.8162 165 165
234-1-1-0.05-50-0 1 2446 1 10 169 273 0.2520 0.2533 409 449
234-1-1-0.05-50-0 1 2446 1 10 169 272 0.2520 0.2533 409 449
234-1-1-0.05-50-0 1 2447 1 10 173 269 0.2520 0.2533 409 449
234-1-1-0.05-50-0 1 2447 20 46 74 1 0.9922 0.3451 102 327
234-1-1-0.05-50-0 1 2447 1 1 173 173 0.2520 0.2520 409 409
234-1-1-0.05-50-0 1 2447 1 1 172 172 0.2520 0.2520 409 409
234-1-1-0.05-50-0 1 2447 36 14 46 24 0.8162 0.8451 165 105
234-1-1-0.05-50-0 1 2447 1 10 171 268 0.2520 0.2533 409 449
234-1-1-0.05-50-0 1 2448 23 23 6 6 0.1698 0.1698 476 476
234-1-1-0.05-50-0 1 2448 1 1 170 170 0.2520 0.2520 409 409
234-1-1-0.05-50-0 1 2448 1 1 169 169 0.2520 0.2520 409 409
234-1-1-0.05-50-0 1 2448 14 43 23 11 0.8451 0.8316 105 123
234-1-1-0.05-50-0 1 2448 1 1 168 168 0.2520 0.2520 409 409
234-1-1-0.05-50-0 1 2449 36 14 45 25 0.8162 0.8451 165 105
234-1-1-0.05-50-0 1 2449 36 36 45 45 0.8162 0.8162 165 165
234-1-1-0.05-50-0 1 2449 19 19 5 5 0.8072 0.8072 134 134
234-1-1-0.05-50-0 1 2449 1 10 167 268 0.2520 0.2533 409 449
234-1-1-0.05-50-0 1 2450 1 50 164 1 0.2520 0.2147 409 147
234-1-1-0.05-50-0 1 2450 36 43 44 10 0.8162 0.8316 165 123
234-1-1-0.05-50-0 1 2451 14 41 21 66 0.8451 0.9621 105 105
234-1-1-0.05-50-0 1 2451 1 1 159 159 0.2520 0.2520 409 409
234-1-1-0.05-50-0 1 2451 1 10 158 261 0.2520 0.2533 409 449
234-1-1-0.05-50-0 1 2451 1 1 158 158 0.2520 0.2520 409 409
234-1-1-0.05-50-0 1 2451 14 47 21 100 0.8451 0.9293 105 103
234-1-1-0.05-50-0 1 2451 1 1 157 157 0.2520 0.2520 409 409
234-1-1-0.05-50-0 1 2451 36 26 45 48 0.8162 0.8171 165 141
234-1-1-0.05-50-0 1 2452 20 44 72 1 0.9922 0.7034 102 118
234-1-1-0.05-50-0 1 2452 20 46 72 1 0.9922 0.3451 102 327
234-1-1-0.05-50-0 1 2452 1 10 163 262 0.2520 0.2533 409 449
234-1-1-0.05-50-0 1 2452 1 10 163 261 0.2520 0.2533 409 449
234-1-1-0.05-50-0 1 2453 1 10 160 265 0.2520 0.2533 409 449
234-1-1-0.05-50-0 1 2453 20 32 73 1 0.9922 0.6514 102 215
234-1-1-0.05-50-0 1 2453 36 14 48 20 0.8162 0.8451 165 105
234-1-1-0.05-50-0 1 2453 1 1 160 160 0.2520 0.2520 409 409
234-1-1-0.05-50-0 1 2453 1 10 159 264 0.2520 0.2533 409 449
234-1-1-0.05-50-0 1 2453 1 10 159 263 0.2520 0.2533 409 449
234-1-1-0.05-50-0 1 2454 36 36 47 47 0.8162 0.8162 165 165
234-1-1-0.05-50-0 1 2454 36 26 46 46 0.8162 0.8171 165 141
234-1-1-0.05-50-0 1 2454 1 10 164 262 0.2520 0.2533 409 449
234-1-1-0.05-50-0 1 2455 1 1 166 166 0.2520 0.2520 409 409
234-1-1-0.05-50-0 1 2455 36 43 45 9 0.8162 0.8316 165 123
234-1-1-0.05-50-0 1 2455 1 10 165 267 0.2520 0.2533 409 449
234-1-1-0.05-50-0 1 2456 1 10 166 265 0.2520 0.2533 409 449
234-1-1-0.05-50-0 1 2456 36 43 48 10 0.8162 0.8316 165 123
234-1-1-0.05-50-0 1 2456 1 1 166 166 0.2520 0.2520 409 409
234-1-1-0.05-50-0 1 2456 1 10 165 264 0.2520 0.2533 409 449
234-1-1-0.05-50-0 1 2456 14 26 20 47 0.8451 0.8171 105 141
234-1-1-0.05-50-0 1 2456 1 10 165 263 0.2520 0.2533 409 449
234-1-1-0.05-50-0 1 2456 14 25 20 109 0.8451 0.9430 105 125
234-1-1-0.05-50-0 1 2457 19 19 7 7 0.8072 0.8072 134 134
234-1-1-0.05-50-0 1 2457 1 1 160 160 0.2520 0.2520 409 409
234-1-1-0.05-50-0 1 2457 10 27 270 1 0.2533 0.0776 449 149
234-1-1-0.05-50-0 1 2458 1 1 163 163 0.2520 0.2520 409 409
234-1-1-0.05-50-0 1 2458 1 10 162 278 0.2520 0.2533 409 449
234-1-1-0.05-50-0 1 2458 36 42 46 1 0.8162 0.7447 165 106
234-1-1-0.05-50-0 1 2458 1 10 162 277 0.2520 0.2533 409 449
234-1-1-0.05-50-0 1 2458 1 1 162 162 0.2520 0.2520 409 409
234-1-1-0.05-50-0 1 2458 36 14 46 19 0.8162 0.8451 165 105
234-1-1-0.05-50-0 1 2458 14 13 18 136 0.8451 0.8878 105 151
234-1-1-0.05-50-0 1 2458 1 1 161 161 0.2520 0.2520 409 409
234-1-1-0.05-50-0 1 2459 1 10 159 280 0.2520 0.2533 409 449
234-1-1-0.05-50-0 1 2459 1 10 159 279 0.2520 0.2533 409 449
234-1-1-0.05-50-0 1 2459 25 35 103 1 0.9430 0.0354 125 158
234-1-1-0.05-50-0 1 2459 1 10 159 278 0.2520 0.2533 409 449
234-1-1-0.05-50-0 1 2460 23 23 9 9 0.1698 0.1698 476 476
234-1-1-0.05-50-0 1 2460 26 6 49 3 0.8171 0.4266 141 249
234-1-1-0.05-50-0 1 2460 1 1 161 161 0.2520 0.2520 409 409
234-1-1-0.05-50-0 1 2460 19 19 5 5 0.8072 0.8072 134 134
234-1-1-0.05-50-0 1 2460 1 10 160 274 0.2520 0.2533 409 449
234-1-1-0.05-50-0 1 2460 20 21 76 3 0.9922 0.4184 102 158
234-1-1-0.05-50-0 1 2461 1 10 162 282 0.2520 0.2533 409 449
234-1-1-0.05-50-0 1 2461 1 1 162 162 0.2520 0.2520 409 409
234-1-1-0.05-50-0 1 2461 1 10 161 281 0.2520 0.2533 409 449
234-1-1-0.05-50-0 1 2461 1 1 161 161 0.2520 0.2520 409 409
234-1-1-0.05-50-0 1 2461 1 10 160 280 0.2520 0.2533 409 449
234-1-1-0.05-50-0 1 2461 1 1 160 160 0.2520 0.2520 409 409
234-1-1-0.05-50-0 1 2461 14 47 21 101 0.8451 0.9293 105 103
234-1-1-0.05-50-0 1 2462 1 10 162 275 0.2520 0.2533 409 449
234-1-1-0.05-50-0 1 2462 20 6 73 2 0.9922 0.4266 102 249
234-1-1-0.05-50-0 1 2462 1 10 162 274 0.2520 0.2533 409 449
234-1-1-0.05-50-0 1 2463 1 10 156 272 0.2520 0.2533 409 449
234-1-1-0.05-50-0 1 2463 20 21 74 2 0.9922 0.4184 102 158
234-1-1-0.05-50-0 1 2463 36 43 50 8 0.8162 0.8316 165 123
234-1-1-0.05-50-0 1 2463 1 10 156 271 0.2520 0.2533 409 449
234-1-1-0.05-50-0 1 2463 1 10 156 270 0.2520 0.2533 409 449
234-1-1-0.05-50-0 1 2464 36 36 51 51 0.8162 0.8162 165 165
234-1-1-0.05-50-0 1 2464 36 36 50 50 0.8162 0.8162 165 165
234-1-1-0.05-50-0 1 2464 1 10 153 270 0.2520 0.2533 409 449
234-1-1-0.05-50-0 1 2464 41 35 61 1 0.9621 0.0354 105 158
234-1-1-0.05-50-0 1 2464 1 10 153 269 0.2520 0.2533 409 449
234-1-1-0.05-50-0 1 2465 20 21 77 1 0.9922 0.4184 102 158
234-1-1-0.05-50-0 1 2465 36 30 46 1 0.8162 0.6008 165 266
234-1-1-0.05-50-0 1 2466 1 10 149 278 0.2520 0.2533 409 449
234-1-1-0.05-50-0 1 2466 1 1 149 149 0.2520 0.2520 409 409
234-1-1-0.05-50-0 1 2466 20 17 79 1 0.9922 0.6398 102 197
234-1-1-0.05-50-0 1 2466 36 36 46 46 0.8162 0.8162 165 165
234-1-1-0.05-50-0 1 2466 36 36 45 45 0.8162 0.8162 165 165
234-1-1-0.05-50-0 1 2467 20 6 79 1 0.9922 0.4266 102 249
234-1-1-0.05-50-0 1 2467 36 26 43 45 0.8162 0.8171 165 141
234-1-1-0.05-50-0 1 2467 1 10 155 283 0.2520 0.2533 409 449
234-1-1-0.05-50-0 1 2467 36 37 43 3 0.8162 0.8481 165 127
234-1-1-0.05-50-0 1 2468 37 23 2 11 0.8481 0.1698 127 476
234-1-1-0.05-50-0 1 2468 1 1 159 159 0.2520 0.2520 409 409
234-1-1-0.05-50-0 1 2468 1 1 158 158 0.2520 0.2520 409 409
234-1-1-0.05-50-0 1 2468 1 10 157 286 0.2520 0.2533 409 449
234-1-1-0.05-50-0 1 2468 36 36 43 43 0.8162 0.8162 165 165
234-1-1-0.05-50-0 1 2469 1 1 161 161 0.2520 0.2520 409 409
234-1-1-0.05-50-0 1 2469 14 13 16 135 0.8451 0.8878 105 151
234-1-1-0.05-50-0 1 2469 1 23 160 10 0.2520 0.1698 409 476
234-1-1-0.05-50-0 1 2469 36 36 41 41 0.8162 0.8162 165 165
234-1-1-0.05-50-0 1 2469 23 23 9 9 0.1698 0.1698 476 476
234-1-1-0.05-50-0 1 2469 1 10 160 287 0.2520 0.2533 409 449
234-1-1-0.05-50-0 1 2469 1 1 160 160 0.2520 0.2520 409 409
234-1-1-0.05-50-0 1 2470 1 10 159 277 0.2520 0.2533 409 449
234-1-1-0.05-50-0 1 2470 1 10 159 276 0.2520 0.2533 409 449
234-1-1-0.05-50-0 1 2470 41 5 58 2 0.9621 0.0007 105 226
234-1-1-0.05-50-0 1 2470 1 1 159 159 0.2520 0.2520 409 409
234-1-1-0.05-50-0 1 2470 1 1 158 158 0.2520 0.2520 409 409
234-1-1-0.05-50-0 1 2470 1 10 157 275 0.2520 0.2533 409 449
234-1-1-0.05-50-0 1 2471 36 37 36 2 0.8162 0.8481 165 127
234-1-1-0.05-50-0 1 2471 1 10 161 284 0.2520 0.2533 409 449
234-1-1-0.05-50-0 1 2471 1 10 161 283 0.2520 0.2533 409 449
234-1-1-0.05-50-0 1 2471 23 23 7 7 0.1698 0.1698 476 476
234-1-1-0.05-50-0 1 2471 1 1 161 161 0.2520 0.2520 409 409
234-1-1-0.05-50-0 1 2472 23 23 6 6 0.1698 0.1698 476 476
234-1-1-0.05-50-0 1 2472 1 10 161 286 0.2520 0.2533 409 449
234-1-1-0.05-50-0 1 2473 1 10 164 296 0.2520 0.2533 409 449
234-1-1-0.05-50-0 1 2473 1 10 164 295 0.2520 0.2533 409 449
234-1-1-0.05-50-0 1 2474 1 1 167 167 0.2520 0.2520 409 409
234-1-1-0.05-50-0 1 2474 1 10 166 295 0.2520 0.2533 409 449
234-1-1-0.05-50-0 1 2476 14 13 20 131 0.8451 0.8878 105 151
234-1-1-0.05-50-0 1 2476 41 5 59 2 0.9621 0.0007 105 226
234-1-1-0.05-50-0 1 2476 1 10 162 300 0.2520 0.2533 409 449
234-1-1-0.05-50-0 1 2476 1 10 162 299 0.2520 0.2533 409 449
234-1-1-0.05-50-0 1 2476 1 10 162 298 0.2520 0.2533 409 449
234-1-1-0.05-50-0 1 2477 36 36 36 36 0.8162 0.8162 165 165
234-1-1-0.05-50-0 1 2477 1 10 164 301 0.2520 0.2533 409 449
234-1-1-0.05-50-0 1 2477 36 26 35 55 0.8162 0.8171 165 141
234-1-1-0.05-50-0 1 2477 1 10 164 300 0.2520 0.2533 409 449
234-1-1-0.05-50-0 1 2478 37 23 1 3 0.8481 0.1698 127 476
234-1-1-0.05-50-0 1 2478 1 10 164 286 0.2520 0.2533 409 449
234-1-1-0.05-50-0 1 2479 1 10 164 293 0.2520 0.2533 409 449
234-1-1-0.05-50-0 1 2479 1 10 164 292 0.2520 0.2533 409 449
234-1-1-0.05-50-0 1 2479 1 10 164 291 0.2520 0.2533 409 449
234-1-1-0.05-50-0 1 2479 1 10 164 290 0.2520 0.2533 409 449
234-1-1-0.05-50-0 1 2480 1 10 168 293 0.2520 0.2533 409 449
234-1-1-0.05-50-0 1 2480 25 35 101 1 0.9430 0.0354 125 158
234-1-1-0.05-50-0 1 2480 1 1 168 168 0.2520 0.2520 409 409
234-1-1-0.05-50-0 1 2480 1 1 167 167 0.2520 0.2520 409 409
234-1-1-0.05-50-0 1 2480 36 43 37 7 0.8162 0.8316 165 123
234-1-1-0.05-50-0 1 2481 14 7 20 104 0.8451 0.9267 105 106
234-1-1-0.05-50-0 1 2481 1 1 167 167 0.2520 0.2520 409 409
234-1-1-0.05-50-0 1 2481 25 22 100 2 0.9430 0.0160 125 311
234-1-1-0.05-50-0 1 2481 26 3 57 1 0.8171 0.4813 141 321
234-1-1-0.05-50-0 1 2481 1 10 166 288 0.2520 0.2533 409 449
234-1-1-0.05-50-0 1 2482 1 10 168 288 0.2520 0.2533 409 449
234-1-1-0.05-50-0 1 2482 1 1 168 168 0.2520 0.2520 409 409
234-1-1-0.05-50-0 1 2482 1 10 167 287 0.2520 0.2533 409 449
234-1-1-0.05-50-0 1 2482 14 13 18 131 0.8451 0.8878 105 151
234-1-1-0.05-50-0 1 2482 20 6 91 1 0.9922 0.4266 102 249
234-1-1-0.05-50-0 1 2483 20 28 95 1 0.9922 0.3846 102 311
234-1-1-0.05-50-0 1 2483 1 10 171 289 0.2520 0.2533 409 449
234-1-1-0.05-50-0 1 2483 1 1 171 171 0.2520 0.2520 409 409
234-1-1-0.05-50-0 1 2483 1 10 170 288 0.2520 0.2533 409 449
234-1-1-0.05-50-0 1 2483 1 10 170 287 0.2520 0.2533 409 449
234-1-1-0.05-50-0 1 2484 1 10 167 289 0.2520 0.2533 409 449
234-1-1-0.05-50-0 1 2484 1 10 167 288 0.2520 0.2533 409 449
234-1-1-0.05-50-0 1 2484 1 10 167 287 0.2520 0.2533 409 449
234-1-1-0.05-50-0 1 2484 37 12 1 1 0.8481 0.1896 127 325
234-1-1-0.05-50-0 1 2484 1 10 167 286 0.2520 0.2533 409 449
234-1-1-0.05-50-0 1 2485 1 10 168 283 0.2520 0.2533 409 449
234-1-1-0.05-50-0 1 2485 36 37 38 1 0.8162 0.8481 165 127
234-1-1-0.05-50-0 1 2485 1 10 168 282 0.2520 0.2533 409 449
234-1-1-0.05-50-0 1 2485 1 10 168 281 0.2520 0.2533 409 449
234-1-1-0.05-50-0 1 2485 36 36 38 38 0.8162 0.8162 165 165
234-1-1-0.05-50-0 1 2485 1 1 168 168 0.2520 0.2520 409 409
234-1-1-0.05-50-0 1 2485 36 26 37 62 0.8162 0.8171 165 141
234-1-1-0.05-50-0 1 2485 1 1 167 167 0.2520 0.2520 409 409
234-1-1-0.05-50-0 1 2486 1 1 168 168 0.2520 0.2520 409 409
234-1-1-0.05-50-0 1 2486 1 10 167 290 0.2520 0.2533 409 449
234-1-1-0.05-50-0 1 2486 1 10 167 289 0.2520 0.2533 409 449
234-1-1-0.05-50-0 1 2486 36 36 39 39 0.8162 0.8162 165 165
234-1-1-0.05-50-0 1 2486 1 10 167 288 0.2520 0.2533 409 449
234-1-1-0.05-50-0 1 2486 1 1 167 167 0.2520 0.2520 409 409
234-1-1-0.05-50-0 1 2486 1 10 166 287 0.2520 0.2533 409 449
234-1-1-0.05-50-0 1 2487 1 10 169 289 0.2520 0.2533 409 449
234-1-1-0.05-50-0 1 2487 36 26 39 63 0.8162 0.8171 165 141
234-1-1-0.05-50-0 1 2487 1 1 169 169 0.2520 0.2520 409 409
234-1-1-0.05-50-0 1 2487 1 10 168 288 0.2520 0.2533 409 449
234-1-1-0.05-50-0 1 2487 1 10 168 287 0.2520 0.2533 409 449
234-1-1-0.05-50-0 1 2487 1 1 168 168 0.2520 0.2520 409 409
234-1-1-0.05-50-0 1 2488 1 10 163 293 0.2520 0.2533 409 449
234-1-1-0.05-50-0 1 2488 1 10 163 292 0.2520 0.2533 409 449
234-1-1-0.05-50-0 1 2488 25 22 90 1 0.9430 0.0160 125 311
234-1-1-0.05-50-0 1 2488 20 31 94 1 0.9922 0.5626 102 252
234-1-1-0.05-50-0 1 2488 1 1 163 163 0.2520 0.2520 409 409
234-1-1-0.05-50-0 1 2488 19 19 8 8 0.8072 0.8072 134 134
234-1-1-0.05-50-0 1 2488 1 10 162 291 0.2520 0.2533 409 449
234-1-1-0.05-50-0 1 2489 1 10 161 302 0.2520 0.2533 409 449
234-1-1-0.05-50-0 1 2489 1 1 161 161 0.2520 0.2520 409 409
234-1-1-0.05-50-0 1 2489 1 10 160 301 0.2520 0.2533 409 449
234-1-1-0.05-50-0 1 2489 1 10 160 300 0.2520 0.2533 409 449
234-1-1-0.05-50-0 1 2490 36 19 39 8 0.8162 0.8072 165 134
234-1-1-0.05-50-0 1 2490 14 13 20 145 0.8451 0.8878 105 151
234-1-1-0.05-50-0 1 2490 1 10 160 299 0.2520 0.2533 409 449
234-1-1-0.05-50-0 1 2491 1 1 160 160 0.2520 0.2520 409 409
234-1-1-0.05-50-0 1 2491 1 10 159 291 0.2520 0.2533 409 449
234-1-1-0.05-50-0 1 2491 1 1 159 159 0.2520 0.2520 409 409
234-1-1-0.05-50-0 1 2491 1 10 158 290 0.2520 0.2533 409 449
234-1-1-0.05-50-0 1 2491 14 41 20 61 0.8451 0.9621 105 105
234-1-1-0.05-50-0 1 2491 1 10 158 289 0.2520 0.2533 409 449
234-1-1-0.05-50-0 1 2492 36 26 44 64 0.8162 0.8171 165 141
234-1-1-0.05-50-0 1 2492 1 10 161 294 0.2520 0.2533 409 449
234-1-1-0.05-50-0 1 2492 1 1 161 161 0.2520 0.2520 409 409
234-1-1-0.05-50-0 1 2492 36 26 44 63 0.8162 0.8171 165 141
234-1-1-0.05-50-0 1 2492 1 1 160 160 0.2520 0.2520 409 409
234-1-1-0.05-50-0 1 2492 36 36 44 44 0.8162 0.8162 165 165
234-1-1-0.05-50-0 1 2492 1 1 159 159 0.2520 0.2520 409 409
234-1-1-0.05-50-0 1 2492 14 41 19 61 0.8451 0.9621 105 105
234-1-1-0.05-50-0 1 2493 1 10 162 297 0.2520 0.2533 409 449
234-1-1-0.05-50-0 1 2493 1 10 162 296 0.2520 0.2533 409 449
234-1-1-0.05-50-0 1 2493 1 10 162 295 0.2520 0.2533 409 449
234-1-1-0.05-50-0 1 2493 36 14 43 19 0.8162 0.8451 165 105
234-1-1-0.05-50-0 1 2493 36 36 43 43 0.8162 0.8162 165 165
234-1-1-0.05-50-0 1 2493 1 1 162 162 0.2520 0.2520 409 409
234-1-1-0.05-50-0 1 2494 1 1 160 160 0.2520 0.2520 409 409
234-1-1-0.05-50-0 1 2494 36 36 41 41 0.8162 0.8162 165 165
234-1-1-0.05-50-0 1 2494 1 10 159 297 0.2520 0.2533 409 449
234-1-1-0.05-50-0 1 2495 1 1 165 165 0.2520 0.2520 409 409
234-1-1-0.05-50-0 1 2495 36 19 39 8 0.8162 0.8072 165 134
234-1-1-0.05-50-0 1 2495 1 1 164 164 0.2520 0.2520 409 409
234-1-1-0.05-50-0 1 2496 1 10 165 292 0.2520 0.2533 409 449
234-1-1-0.05-50-0 1 2496 1 1 165 165 0.2520 0.2520 409 409
234-1-1-0.05-50-0 1 2496 42 10 1 291 0.7447 0.2533 106 449
234-1-1-0.05-50-0 1 2496 1 10 164 290 0.2520 0.2533 409 449
234-1-1-0.05-50-0 1 2496 1 10 164 289 0.2520 0.2533 409 449
234-1-1-0.05-50-0 1 2496 14 25 19 96 0.8451 0.9430 105 125
234-1-1-0.05-50-0 1 2496 36 26 39 64 0.8162 0.8171 165 141
234-1-1-0.05-50-0 1 2497 1 10 164 294 0.2520 0.2533 409 449
234-1-1-0.05-50-0 1 2498 14 13 19 145 0.8451 0.8878 105 151
234-1-1-0.05-50-0 1 2498 1 10 164 291 0.2520 0.2533 409 449
234-1-1-0.05-50-0 1 2499 14 13 20 151 0.8451 0.8878 105 151
234-1-1-0.05-50-0 1 2499 1 10 169 294 0.2520 0.2533 409 449
234-1-1-0.05-50-0 1 2499 14 20 20 93 0.8451 0.9922 105 102
234-1-1-0.05-50-0 1 2499 1 10 169 293 0.2520 0.2533 409 449
234-1-1-0.05-50-0 1 2499 1 10 169 292 0.2520 0.2533 409 449
234-1-1-0.05-50-0 1 2499 1 10 169 291 0.2520 0.2533 409 449
234-1-1-0.05-50-0 1 2499 20 17 92 1 0.9922 0.6398 102 197
234-1-1-0.05-50-0 1 2500 1 1 177 177 0.2520 0.2520 409 409
234-1-1-0.05-50-0 1 2500 1 10 176 291 0.2520 0.2533 409 449
234-1-1-0.05-50-0 1 2500 42 10 1 290 0.7447 0.2533 106 449
234-1-1-0.05-50-0 1 2500 1 1 176 176 0.2520 0.2520 409 409
234-1-1-0.05-50-0 1 2500 1 10 175 289 0.2520 0.2533 409 449
234-1-1-0.05-50-0 1 2500 1 10 175 288 0.2520 0.2533 409 449
