247-0-1-0.05-50-0 0 2302 21 12 5 4 0.4184 0.1896 158 325
247-0-1-0.05-50-0 0 2302 35 37 4 10 0.0354 0.8481 158 127
247-0-1-0.05-50-0 0 2303 9 22 1 15 0.6134 0.0160 161 311
247-0-1-0.05-50-0 0 2303 45 12 4 4 0.3816 0.1896 173 325
247-0-1-0.05-50-0 0 2304 5 22 7 15 0.0007 0.0160 226 311
247-0-1-0.05-50-0 0 2304 37 39 9 4 0.8481 0.2187 127 309
247-0-1-0.05-50-0 0 2305 12 45 3 5 0.1896 0.3816 325 173
247-0-1-0.05-50-0 0 2305 45 22 4 13 0.3816 0.0160 173 311
247-0-1-0.05-50-0 0 2306 5 27 9 8 0.0007 0.0776 226 149
247-0-1-0.05-50-0 0 2306 11 33 19 2 0.0504 0.6893 384 191
247-0-1-0.05-50-0 0 2307 50 10 1 1 0.2147 0.2533 147 449
247-0-1-0.05-50-0 0 2307 35 11 3 19 0.0354 0.0504 158 384
247-0-1-0.05-50-0 0 2308 37 34 9 3 0.8481 0.7448 127 168
247-0-1-0.05-50-0 0 2308 5 39 9 3 0.0007 0.2187 226 309
247-0-1-0.05-50-0 0 2309 6 37 11 9 0.4266 0.8481 249 127
247-0-1-0.05-50-0 0 2309 27 5 9 9 0.0776 0.0007 149 226
247-0-1-0.05-50-0 0 2310 5 22 7 17 0.0007 0.0160 226 311
247-0-1-0.05-50-0 0 2310 22 37 16 7 0.0160 0.8481 311 127
247-0-1-0.05-50-0 0 2311 5 11 7 20 0.0007 0.0504 226 384
247-0-1-0.05-50-0 0 2311 22 22 15 15 0.0160 0.0160 311 311
247-0-1-0.05-50-0 0 2312 11 5 21 7 0.0504 0.0007 384 226
247-0-1-0.05-50-0 0 2312 37 37 9 9 0.8481 0.8481 127 127
247-0-1-0.05-50-0 0 2313 28 6 6 13 0.3846 0.4266 311 249
247-0-1-0.05-50-0 0 2313 27 6 10 12 0.0776 0.4266 149 249
247-0-1-0.05-50-0 0 2314 11 27 21 10 0.0504 0.0776 384 149
247-0-1-0.05-50-0 0 2314 46 8 2 1 0.3451 0.2506 327 303
247-0-1-0.05-50-0 0 2315 11 28 20 7 0.0504 0.3846 384 311
247-0-1-0.05-50-0 0 2315 37 22 7 15 0.8481 0.0160 127 311
247-0-1-0.05-50-0 0 2316 6 22 12 15 0.4266 0.0160 249 311
247-0-1-0.05-50-0 0 2316 28 22 5 14 0.3846 0.0160 311 311
247-0-1-0.05-50-0 0 2317 35 34 6 3 0.0354 0.7448 158 168
247-0-1-0.05-50-0 0 2317 34 6 2 13 0.7448 0.4266 168 249
247-0-1-0.05-50-0 0 2318 37 48 9 2 0.8481 0.1153 127 334
247-0-1-0.05-50-0 0 2318 35 28 6 5 0.0354 0.3846 158 311
247-0-1-0.05-50-0 0 2319 35 21 7 11 0.0354 0.4184 158 158
247-0-1-0.05-50-0 0 2319 35 6 7 11 0.0354 0.4266 158 249
247-0-1-0.05-50-0 0 2320 5 50 6 3 0.0007 0.2147 226 147
247-0-1-0.05-50-0 0 2320 37 11 9 23 0.8481 0.0504 127 384
247-0-1-0.05-50-0 0 2321 11 11 24 24 0.0504 0.0504 384 384
247-0-1-0.05-50-0 0 2321 34 11 3 23 0.7448 0.0504 168 384
247-0-1-0.05-50-0 0 2322 39 37 3 11 0.2187 0.8481 309 127
247-0-1-0.05-50-0 0 2322 37 22 10 11 0.8481 0.0160 127 311
247-0-1-0.05-50-0 0 2323 37 47 10 1 0.8481 0.9293 127 103
247-0-1-0.05-50-0 0 2323 21 27 10 10 0.4184 0.0776 158 149
247-0-1-0.05-50-0 0 2324 11 35 24 6 0.0504 0.0354 384 158
247-0-1-0.05-50-0 0 2324 11 11 24 24 0.0504 0.0504 384 384
247-0-1-0.05-50-0 0 2325 22 5 8 7 0.0160 0.0007 311 226
247-0-1-0.05-50-0 0 2325 12 6 6 9 0.1896 0.4266 325 249
247-0-1-0.05-50-0 0 2326 37 8 10 1 0.8481 0.2506 127 303
247-0-1-0.05-50-0 0 2326 48 12 1 7 0.1153 0.1896 334 325
247-0-1-0.05-50-0 0 2327 35 27 6 7 0.0354 0.0776 158 149
247-0-1-0.05-50-0 0 2327 11 33 23 1 0.0504 0.6893 384 191
247-0-1-0.05-50-0 0 2328 22 5 9 7 0.0160 0.0007 311 226
247-0-1-0.05-50-0 0 2328 21 21 13 13 0.4184 0.4184 158 158
247-0-1-0.05-50-0 0 2329 21 45 11 2 0.4184 0.3816 158 173
247-0-1-0.05-50-0 0 2329 39 37 5 14 0.2187 0.8481 309 127
247-0-1-0.05-50-0 0 2330 11 39 25 5 0.0504 0.2187 384 309
247-0-1-0.05-50-0 0 2330 11 22 25 7 0.0504 0.0160 384 311
247-0-1-0.05-50-0 0 2331 21 6 11 13 0.4184 0.4266 158 249
247-0-1-0.05-50-0 0 2331 37 5 13 7 0.8481 0.0007 127 226
247-0-1-0.05-50-0 0 2332 37 11 11 23 0.8481 0.0504 127 384
247-0-1-0.05-50-0 0 2332 22 22 7 7 0.0160 0.0160 311 311
247-0-1-0.05-50-0 0 2333 35 6 7 11 0.0354 0.4266 158 249
247-0-1-0.05-50-0 0 2333 5 37 6 11 0.0007 0.8481 226 127
247-0-1-0.05-50-0 0 2334 6 6 10 10 0.4266 0.4266 249 249
247-0-1-0.05-50-0 0 2334 50 27 2 6 0.2147 0.0776 147 149
247-0-1-0.05-50-0 0 2335 5 11 6 26 0.0007 0.0504 226 384
247-0-1-0.05-50-0 0 2335 12 21 6 12 0.1896 0.4184 325 158
247-0-1-0.05-50-0 0 2336 27 35 5 6 0.0776 0.0354 149 158
247-0-1-0.05-50-0 0 2336 11 22 27 7 0.0504 0.0160 384 311
247-0-1-0.05-50-0 0 2337 11 27 28 5 0.0504 0.0776 384 149
247-0-1-0.05-50-0 0 2337 21 17 12 3 0.4184 0.6398 158 197
247-0-1-0.05-50-0 0 2338 11 15 29 2 0.0504 0.7918 384 149
247-0-1-0.05-50-0 0 2338 11 14 29 2 0.0504 0.8451 384 105
247-0-1-0.05-50-0 0 2339 49 17 3 4 0.1842 0.6398 136 197
247-0-1-0.05-50-0 0 2339 11 17 29 3 0.0504 0.6398 384 197
247-0-1-0.05-50-0 0 2340 15 11 1 31 0.7918 0.0504 149 384
247-0-1-0.05-50-0 0 2340 5 22 5 9 0.0007 0.0160 226 311
247-0-1-0.05-50-0 0 2341 21 35 13 8 0.4184 0.0354 158 158
247-0-1-0.05-50-0 0 2341 6 24 12 1 0.4266 0.1940 249 254
247-0-1-0.05-50-0 0 2342 39 26 6 1 0.2187 0.8171 309 141
247-0-1-0.05-50-0 0 2342 37 21 8 15 0.8481 0.4184 127 158
247-0-1-0.05-50-0 0 2343 11 21 35 15 0.0504 0.4184 384 158
247-0-1-0.05-50-0 0 2343 6 21 13 14 0.4266 0.4184 249 158
247-0-1-0.05-50-0 0 2344 11 11 35 35 0.0504 0.0504 384 384
247-0-1-0.05-50-0 0 2344 6 12 14 8 0.4266 0.1896 249 325
247-0-1-0.05-50-0 0 2345 35 17 6 3 0.0354 0.6398 158 197
247-0-1-0.05-50-0 0 2345 28 11 7 35 0.3846 0.0504 311 384
247-0-1-0.05-50-0 0 2345 22 39 9 7 0.0160 0.2187 311 309
247-0-1-0.05-50-0 0 2346 11 39 34 5 0.0504 0.2187 384 309
247-0-1-0.05-50-0 0 2346 50 22 5 10 0.2147 0.0160 147 311
247-0-1-0.05-50-0 0 2346 37 11 8 34 0.8481 0.0504 127 384
247-0-1-0.05-50-0 0 2347 11 11 35 35 0.0504 0.0504 384 384
247-0-1-0.05-50-0 0 2347 39 35 5 5 0.2187 0.0354 309 158
247-0-1-0.05-50-0 0 2347 11 11 34 34 0.0504 0.0504 384 384
247-0-1-0.05-50-0 0 2348 21 17 14 1 0.4184 0.6398 158 197
247-0-1-0.05-50-0 0 2348 11 11 33 33 0.0504 0.0504 384 384
247-0-1-0.05-50-0 0 2349 22 12 13 6 0.0160 0.1896 311 325
247-0-1-0.05-50-0 0 2349 9 34 1 3 0.6134 0.7448 161 168
247-0-1-0.05-50-0 0 2349 37 22 10 13 0.8481 0.0160 127 311
247-0-1-0.05-50-0 0 2350 30 39 1 5 0.6008 0.2187 266 309
247-0-1-0.05-50-0 0 2350 12 11 5 32 0.1896 0.0504 325 384
247-0-1-0.05-50-0 0 2350 28 21 7 16 0.3846 0.4184 311 158
247-0-1-0.05-50-0 0 2351 28 11 7 33 0.3846 0.0504 311 384
247-0-1-0.05-50-0 0 2351 37 11 9 32 0.8481 0.0504 127 384
247-0-1-0.05-50-0 0 2352 16 37 5 10 0.2228 0.8481 149 127
247-0-1-0.05-50-0 0 2352 35 37 4 9 0.0354 0.8481 158 127
247-0-1-0.05-50-0 0 2352 35 27 4 7 0.0354 0.0776 158 149
247-0-1-0.05-50-0 0 2353 11 16 29 5 0.0504 0.2228 384 149
247-0-1-0.05-50-0 0 2353 39 5 6 3 0.2187 0.0007 309 226
247-0-1-0.05-50-0 0 2353 16 9 4 2 0.2228 0.6134 149 161
247-0-1-0.05-50-0 0 2354 39 6 5 9 0.2187 0.4266 309 249
247-0-1-0.05-50-0 0 2354 11 11 29 29 0.0504 0.0504 384 384
247-0-1-0.05-50-0 0 2355 33 35 1 4 0.6893 0.0354 191 158
247-0-1-0.05-50-0 0 2355 11 22 30 13 0.0504 0.0160 384 311
247-0-1-0.05-50-0 0 2355 17 21 3 15 0.6398 0.4184 197 158
247-0-1-0.05-50-0 0 2356 9 11 2 33 0.6134 0.0504 161 384
247-0-1-0.05-50-0 0 2356 22 15 11 3 0.0160 0.7918 311 149
247-0-1-0.05-50-0 0 2356 39 50 5 11 0.2187 0.2147 309 147
247-0-1-0.05-50-0 0 2357 6 11 7 31 0.4266 0.0504 249 384
247-0-1-0.05-50-0 0 2357 37 22 9 11 0.8481 0.0160 127 311
247-0-1-0.05-50-0 0 2358 49 28 4 10 0.1842 0.3846 136 311
247-0-1-0.05-50-0 0 2358 11 37 30 9 0.0504 0.8481 384 127
247-0-1-0.05-50-0 0 2359 21 28 13 8 0.4184 0.3846 158 311
247-0-1-0.05-50-0 0 2359 27 22 6 11 0.0776 0.0160 149 311
247-0-1-0.05-50-0 0 2360 15 11 3 30 0.7918 0.0504 149 384
247-0-1-0.05-50-0 0 2360 11 3 29 4 0.0504 0.4813 384 321
247-0-1-0.05-50-0 0 2361 27 30 7 5 0.0776 0.6008 149 266
247-0-1-0.05-50-0 0 2361 21 50 14 9 0.4184 0.2147 158 147
247-0-1-0.05-50-0 0 2362 11 5 29 1 0.0504 0.0007 384 226
247-0-1-0.05-50-0 0 2362 16 28 1 9 0.2228 0.3846 149 311
247-0-1-0.05-50-0 0 2363 40 40 6 6 0.9739 0.9739 104 104
247-0-1-0.05-50-0 0 2363 11 11 29 29 0.0504 0.0504 384 384
247-0-1-0.05-50-0 0 2364 49 11 4 28 0.1842 0.0504 136 384
247-0-1-0.05-50-0 0 2364 28 6 8 6 0.3846 0.4266 311 249
247-0-1-0.05-50-0 0 2365 11 37 26 6 0.0504 0.8481 384 127
247-0-1-0.05-50-0 0 2365 11 12 26 8 0.0504 0.1896 384 325
247-0-1-0.05-50-0 0 2366 6 11 5 27 0.4266 0.0504 249 384
247-0-1-0.05-50-0 0 2366 27 11 7 26 0.0776 0.0504 149 384
247-0-1-0.05-50-0 0 2367 14 49 2 7 0.8451 0.1842 105 136
247-0-1-0.05-50-0 0 2367 11 6 27 5 0.0504 0.4266 384 249
247-0-1-0.05-50-0 0 2368 2 11 2 28 0.8198 0.0504 167 384
247-0-1-0.05-50-0 0 2368 21 11 19 27 0.4184 0.0504 158 384
247-0-1-0.05-50-0 0 2369 21 40 16 5 0.4184 0.9739 158 104
247-0-1-0.05-50-0 0 2369 39 40 3 4 0.2187 0.9739 309 104
247-0-1-0.05-50-0 0 2370 2 22 2 13 0.8198 0.0160 167 311
247-0-1-0.05-50-0 0 2370 3 22 3 12 0.4813 0.0160 321 311
247-0-1-0.05-50-0 0 2370 11 32 31 2 0.0504 0.6514 384 215
247-0-1-0.05-50-0 0 2371 16 11 2 31 0.2228 0.0504 149 384
247-0-1-0.05-50-0 0 2371 11 28 30 7 0.0504 0.3846 384 311
247-0-1-0.05-50-0 0 2371 21 27 18 5 0.4184 0.0776 158 149
247-0-1-0.05-50-0 0 2372 11 21 28 18 0.0504 0.4184 384 158
247-0-1-0.05-50-0 0 2372 15 28 4 8 0.7918 0.3846 149 311
247-0-1-0.05-50-0 0 2372 49 50 8 5 0.1842 0.2147 136 147
247-0-1-0.05-50-0 0 2373 28 12 5 6 0.3846 0.1896 311 325
247-0-1-0.05-50-0 0 2373 21 11 18 28 0.4184 0.0504 158 384
247-0-1-0.05-50-0 0 2374 28 27 6 4 0.3846 0.0776 311 149
247-0-1-0.05-50-0 0 2374 22 11 13 29 0.0160 0.0504 311 384
247-0-1-0.05-50-0 0 2375 21 22 19 14 0.4184 0.0160 158 311
247-0-1-0.05-50-0 0 2375 37 25 6 3 0.8481 0.9430 127 125
247-0-1-0.05-50-0 0 2376 2 49 3 6 0.8198 0.1842 167 136
247-0-1-0.05-50-0 0 2376 12 14 5 3 0.1896 0.8451 325 105
247-0-1-0.05-50-0 0 2377 21 11 19 28 0.4184 0.0504 158 384
247-0-1-0.05-50-0 0 2377 15 50 4 4 0.7918 0.2147 149 147
247-0-1-0.05-50-0 0 2378 11 50 27 3 0.0504 0.2147 384 147
247-0-1-0.05-50-0 0 2378 11 12 27 5 0.0504 0.1896 384 325
247-0-1-0.05-50-0 0 2379 16 21 2 20 0.2228 0.4184 149 158
247-0-1-0.05-50-0 0 2379 22 23 14 2 0.0160 0.1698 311 476
247-0-1-0.05-50-0 0 2380 21 39 18 6 0.4184 0.2187 158 309
247-0-1-0.05-50-0 0 2380 27 11 5 29 0.0776 0.0504 149 384
247-0-1-0.05-50-0 0 2381 49 4 5 2 0.1842 0.0723 136 351
247-0-1-0.05-50-0 0 2381 25 17 3 1 0.9430 0.6398 125 197
247-0-1-0.05-50-0 0 2382 11 39 28 6 0.0504 0.2187 384 309
247-0-1-0.05-50-0 0 2382 49 23 6 1 0.1842 0.1698 136 476
247-0-1-0.05-50-0 0 2383 12 41 4 3 0.1896 0.9621 325 105
247-0-1-0.05-50-0 0 2383 28 11 8 31 0.3846 0.0504 311 384
247-0-1-0.05-50-0 0 2384 11 40 30 2 0.0504 0.9739 384 104
247-0-1-0.05-50-0 0 2384 15 21 4 17 0.7918 0.4184 149 158
247-0-1-0.05-50-0 0 2385 11 11 32 32 0.0504 0.0504 384 384
247-0-1-0.05-50-0 0 2385 12 49 5 5 0.1896 0.1842 325 136
247-0-1-0.05-50-0 0 2386 27 7 8 2 0.0776 0.9267 149 106
247-0-1-0.05-50-0 0 2386 32 11 1 30 0.6514 0.0504 215 384
247-0-1-0.05-50-0 0 2386 21 11 16 29 0.4184 0.0504 158 384
247-0-1-0.05-50-0 0 2387 2 16 3 5 0.8198 0.2228 167 149
247-0-1-0.05-50-0 0 2387 11 4 28 1 0.0504 0.0723 384 351
247-0-1-0.05-50-0 0 2388 11 11 30 30 0.0504 0.0504 384 384
247-0-1-0.05-50-0 0 2388 25 39 4 9 0.9430 0.2187 125 309
247-0-1-0.05-50-0 0 2388 25 27 4 7 0.9430 0.0776 125 149
247-0-1-0.05-50-0 0 2389 42 27 3 9 0.7447 0.0776 106 149
247-0-1-0.05-50-0 0 2389 28 39 8 8 0.3846 0.2187 311 309
247-0-1-0.05-50-0 0 2389 49 11 6 31 0.1842 0.0504 136 384
247-0-1-0.05-50-0 0 2390 42 22 4 18 0.7447 0.0160 106 311
247-0-1-0.05-50-0 0 2390 28 28 7 7 0.3846 0.3846 311 311
247-0-1-0.05-50-0 0 2390 27 11 8 33 0.0776 0.0504 149 384
247-0-1-0.05-50-0 0 2391 44 11 4 33 0.7034 0.0504 118 384
247-0-1-0.05-50-0 0 2391 9 30 1 2 0.6134 0.6008 161 266
247-0-1-0.05-50-0 0 2392 22 21 15 16 0.0160 0.4184 311 158
247-0-1-0.05-50-0 0 2392 22 21 15 15 0.0160 0.4184 311 158
247-0-1-0.05-50-0 0 2393 21 11 15 37 0.4184 0.0504 158 384
247-0-1-0.05-50-0 0 2393 37 41 6 3 0.8481 0.9621 127 105
247-0-1-0.05-50-0 0 2394 11 25 36 4 0.0504 0.9430 384 125
247-0-1-0.05-50-0 0 2394 22 11 14 36 0.0160 0.0504 311 384
247-0-1-0.05-50-0 0 2395 28 22 6 14 0.3846 0.0160 311 311
247-0-1-0.05-50-0 0 2395 37 42 6 4 0.8481 0.7447 127 106
247-0-1-0.05-50-0 0 2396 12 25 3 4 0.1896 0.9430 325 125
247-0-1-0.05-50-0 0 2396 28 25 6 3 0.3846 0.9430 311 125
247-0-1-0.05-50-0 0 2396 21 28 15 6 0.4184 0.3846 158 311
247-0-1-0.05-50-0 0 2397 49 44 7 3 0.1842 0.7034 136 118
247-0-1-0.05-50-0 0 2397 11 22 31 13 0.0504 0.0160 384 311
247-0-1-0.05-50-0 0 2398 39 12 11 2 0.2187 0.1896 309 325
247-0-1-0.05-50-0 0 2398 11 21 30 17 0.0504 0.4184 384 158
247-0-1-0.05-50-0 0 2399 39 21 11 16 0.2187 0.4184 309 158
247-0-1-0.05-50-0 0 2399 3 39 5 11 0.4813 0.2187 321 309
247-0-1-0.05-50-0 0 2399 6 21 3 15 0.4266 0.4184 249 158
247-0-1-0.05-50-0 0 2400 35 21 1 15 0.0354 0.4184 158 158
247-0-1-0.05-50-0 0 2400 21 28 14 8 0.4184 0.3846 158 311
247-0-1-0.05-50-0 0 2400 11 3 32 5 0.0504 0.4813 384 321
247-0-1-0.05-50-0 0 2401 37 15 5 15 0.8481 0.7918 127 149
247-0-1-0.05-50-0 0 2401 28 49 6 6 0.3846 0.1842 311 136
247-0-1-0.05-50-0 0 2401 22 15 13 14 0.0160 0.7918 311 149
247-0-1-0.05-50-0 0 2402 2 49 1 6 0.8198 0.1842 167 136
247-0-1-0.05-50-0 0 2402 15 28 13 7 0.7918 0.3846 149 311
247-0-1-0.05-50-0 0 2402 39 11 12 33 0.2187 0.0504 309 384
247-0-1-0.05-50-0 0 2403 21 39 15 13 0.4184 0.2187 158 309
247-0-1-0.05-50-0 0 2403 37 39 7 12 0.8481 0.2187 127 309
247-0-1-0.05-50-0 0 2403 22 27 13 7 0.0160 0.0776 311 149
247-0-1-0.05-50-0 0 2404 42 36 7 3 0.7447 0.8162 106 165
247-0-1-0.05-50-0 0 2404 6 37 3 8 0.4266 0.8481 249 127
247-0-1-0.05-50-0 0 2404 36 11 2 36 0.8162 0.0504 165 384
247-0-1-0.05-50-0 0 2405 15 11 12 34 0.7918 0.0504 149 384
247-0-1-0.05-50-0 0 2405 11 27 33 6 0.0504 0.0776 384 149
247-0-1-0.05-50-0 0 2405 2 4 1 4 0.8198 0.0723 167 351
247-0-1-0.05-50-0 0 2406 11 42 34 8 0.0504 0.7447 384 106
247-0-1-0.05-50-0 0 2406 11 27 34 6 0.0504 0.0776 384 149
247-0-1-0.05-50-0 0 2406 22 11 16 34 0.0160 0.0504 311 384
247-0-1-0.05-50-0 0 2407 22 15 18 10 0.0160 0.7918 311 149
247-0-1-0.05-50-0 0 2407 42 22 6 18 0.7447 0.0160 106 311
247-0-1-0.05-50-0 0 2407 22 11 17 34 0.0160 0.0504 311 384
247-0-1-0.05-50-0 0 2408 39 4 14 3 0.2187 0.0723 309 351
247-0-1-0.05-50-0 0 2408 42 15 8 10 0.7447 0.7918 106 149
247-0-1-0.05-50-0 0 2408 43 11 1 37 0.8316 0.0504 123 384
247-0-1-0.05-50-0 0 2409 11 15 37 10 0.0504 0.7918 384 149
247-0-1-0.05-50-0 0 2409 5 22 3 20 0.0007 0.0160 226 311
247-0-1-0.05-50-0 0 2409 22 44 19 2 0.0160 0.7034 311 118
247-0-1-0.05-50-0 0 2410 11 22 38 21 0.0504 0.0160 384 311
247-0-1-0.05-50-0 0 2410 16 15 4 12 0.2228 0.7918 149 149
247-0-1-0.05-50-0 0 2410 43 21 1 15 0.8316 0.4184 123 158
247-0-1-0.05-50-0 0 2411 11 36 40 3 0.0504 0.8162 384 165
247-0-1-0.05-50-0 0 2411 39 11 15 40 0.2187 0.0504 309 384
247-0-1-0.05-50-0 0 2411 15 21 9 15 0.7918 0.4184 149 158
247-0-1-0.05-50-0 0 2412 11 39 40 15 0.0504 0.2187 384 309
247-0-1-0.05-50-0 0 2412 39 22 14 25 0.2187 0.0160 309 311
247-0-1-0.05-50-0 0 2412 28 11 7 40 0.3846 0.0504 311 384
247-0-1-0.05-50-0 0 2413 11 25 41 6 0.0504 0.9430 384 125
247-0-1-0.05-50-0 0 2413 11 37 41 5 0.0504 0.8481 384 127
247-0-1-0.05-50-0 0 2413 22 39 27 14 0.0160 0.2187 311 309
247-0-1-0.05-50-0 0 2414 17 16 1 5 0.6398 0.2228 197 149
247-0-1-0.05-50-0 0 2414 39 9 13 1 0.2187 0.6134 309 161
247-0-1-0.05-50-0 0 2414 25 11 5 42 0.9430 0.0504 125 384
247-0-1-0.05-50-0 0 2415 11 21 40 15 0.0504 0.4184 384 158
247-0-1-0.05-50-0 0 2415 27 28 8 8 0.0776 0.3846 149 311
247-0-1-0.05-50-0 0 2415 22 21 28 14 0.0160 0.4184 311 158
247-0-1-0.05-50-0 0 2416 41 26 2 1 0.9621 0.8171 105 141
247-0-1-0.05-50-0 0 2416 11 22 38 27 0.0504 0.0160 384 311
247-0-1-0.05-50-0 0 2416 11 37 38 5 0.0504 0.8481 384 127
247-0-1-0.05-50-0 0 2417 39 11 15 40 0.2187 0.0504 309 384
247-0-1-0.05-50-0 0 2417 5 42 2 11 0.0007 0.7447 226 106
247-0-1-0.05-50-0 0 2417 27 21 8 14 0.0776 0.4184 149 158
247-0-1-0.05-50-0 0 2418 21 22 13 24 0.4184 0.0160 158 311
247-0-1-0.05-50-0 0 2418 16 11 2 36 0.2228 0.0504 149 384
247-0-1-0.05-50-0 0 2418 21 6 13 7 0.4184 0.4266 158 249
247-0-1-0.05-50-0 0 2419 22 22 22 22 0.0160 0.0160 311 311
247-0-1-0.05-50-0 0 2419 39 27 17 8 0.2187 0.0776 309 149
247-0-1-0.05-50-0 0 2419 11 11 38 38 0.0504 0.0504 384 384
247-0-1-0.05-50-0 0 2420 22 15 20 6 0.0160 0.7918 311 149
247-0-1-0.05-50-0 0 2420 21 49 14 3 0.4184 0.1842 158 136
247-0-1-0.05-50-0 0 2420 11 42 39 13 0.0504 0.7447 384 106
247-0-1-0.05-50-0 0 2421 21 39 14 17 0.4184 0.2187 158 309
247-0-1-0.05-50-0 0 2421 36 39 3 16 0.8162 0.2187 165 309
247-0-1-0.05-50-0 0 2421 6 11 6 38 0.4266 0.0504 249 384
247-0-1-0.05-50-0 0 2422 22 28 18 5 0.0160 0.3846 311 311
247-0-1-0.05-50-0 0 2422 15 36 4 4 0.7918 0.8162 149 165
247-0-1-0.05-50-0 0 2422 25 22 4 18 0.9430 0.0160 125 311
247-0-1-0.05-50-0 0 2423 22 10 16 1 0.0160 0.2533 311 449
247-0-1-0.05-50-0 0 2423 25 37 3 3 0.9430 0.8481 125 127
247-0-1-0.05-50-0 0 2423 7 16 1 3 0.9267 0.2228 106 149
247-0-1-0.05-50-0 0 2424 6 22 7 15 0.4266 0.0160 249 311
247-0-1-0.05-50-0 0 2424 11 18 44 1 0.0504 0.2181 384 226
247-0-1-0.05-50-0 0 2424 11 6 44 7 0.0504 0.4266 384 249
247-0-1-0.05-50-0 0 2425 42 4 11 3 0.7447 0.0723 106 351
247-0-1-0.05-50-0 0 2425 39 21 12 14 0.2187 0.4184 309 158
247-0-1-0.05-50-0 0 2425 42 22 11 14 0.7447 0.0160 106 311
247-0-1-0.05-50-0 0 2426 22 27 14 9 0.0160 0.0776 311 149
247-0-1-0.05-50-0 0 2426 21 11 13 45 0.4184 0.0504 158 384
247-0-1-0.05-50-0 0 2426 11 11 44 44 0.0504 0.0504 384 384
247-0-1-0.05-50-0 0 2427 23 11 2 47 0.1698 0.0504 476 384
247-0-1-0.05-50-0 0 2427 22 42 15 13 0.0160 0.7447 311 106
247-0-1-0.05-50-0 0 2427 6 15 7 4 0.4266 0.7918 249 149
247-0-1-0.05-50-0 0 2428 21 21 14 14 0.4184 0.4184 158 158
247-0-1-0.05-50-0 0 2428 11 22 48 15 0.0504 0.0160 384 311
247-0-1-0.05-50-0 0 2428 11 11 48 48 0.0504 0.0504 384 384
247-0-1-0.05-50-0 0 2429 11 22 48 14 0.0504 0.0160 384 311
247-0-1-0.05-50-0 0 2429 12 14 1 2 0.1896 0.8451 325 105
247-0-1-0.05-50-0 0 2429 11 22 48 13 0.0504 0.0160 384 311
247-0-1-0.05-50-0 0 2430 22 22 14 14 0.0160 0.0160 311 311
247-0-1-0.05-50-0 0 2430 14 3 1 6 0.8451 0.4813 105 321
247-0-1-0.05-50-0 0 2430 11 11 48 48 0.0504 0.0504 384 384
247-0-1-0.05-50-0 0 2431 42 25 11 8 0.7447 0.9430 106 125
247-0-1-0.05-50-0 0 2431 11 6 49 8 0.0504 0.4266 384 249
247-0-1-0.05-50-0 0 2431 11 11 49 49 0.0504 0.0504 384 384
247-0-1-0.05-50-0 0 2432 11 39 51 14 0.0504 0.2187 384 309
247-0-1-0.05-50-0 0 2432 11 11 51 51 0.0504 0.0504 384 384
247-0-1-0.05-50-0 0 2432 42 22 12 14 0.7447 0.0160 106 311
247-0-1-0.05-50-0 0 2433 11 15 52 3 0.0504 0.7918 384 149
247-0-1-0.05-50-0 0 2433 35 11 2 52 0.0354 0.0504 158 384
247-0-1-0.05-50-0 0 2433 11 21 51 14 0.0504 0.4184 384 158
247-0-1-0.05-50-0 0 2434 22 11 15 53 0.0160 0.0504 311 384
247-0-1-0.05-50-0 0 2434 11 3 52 6 0.0504 0.4813 384 321
247-0-1-0.05-50-0 0 2434 36 22 6 15 0.8162 0.0160 165 311
247-0-1-0.05-50-0 0 2435 21 11 13 53 0.4184 0.0504 158 384
247-0-1-0.05-50-0 0 2435 11 4 52 3 0.0504 0.0723 384 351
247-0-1-0.05-50-0 0 2435 22 26 14 2 0.0160 0.8171 311 141
247-0-1-0.05-50-0 0 2436 6 39 6 16 0.4266 0.2187 249 309
247-0-1-0.05-50-0 0 2436 22 44 12 1 0.0160 0.7034 311 118
247-0-1-0.05-50-0 0 2436 11 11 53 53 0.0504 0.0504 384 384
247-0-1-0.05-50-0 0 2437 21 27 11 6 0.4184 0.0776 158 149
247-0-1-0.05-50-0 0 2437 39 11 15 51 0.2187 0.0504 309 384
247-0-1-0.05-50-0 0 2437 11 27 50 5 0.0504 0.0776 384 149
247-0-1-0.05-50-0 0 2438 21 29 12 1 0.4184 0.6728 158 177
247-0-1-0.05-50-0 0 2438 11 11 49 49 0.0504 0.0504 384 384
247-0-1-0.05-50-0 0 2438 11 28 48 4 0.0504 0.3846 384 311
247-0-1-0.05-50-0 0 2439 36 11 8 51 0.8162 0.0504 165 384
247-0-1-0.05-50-0 0 2439 11 11 50 50 0.0504 0.0504 384 384
247-0-1-0.05-50-0 0 2439 11 49 49 2 0.0504 0.1842 384 136
247-0-1-0.05-50-0 0 2440 4 6 2 5 0.0723 0.4266 351 249
247-0-1-0.05-50-0 0 2440 21 39 12 16 0.4184 0.2187 158 309
247-0-1-0.05-50-0 0 2440 22 11 14 48 0.0160 0.0504 311 384
247-0-1-0.05-50-0 0 2441 22 39 16 14 0.0160 0.2187 311 309
247-0-1-0.05-50-0 0 2441 36 22 8 16 0.8162 0.0160 165 311
247-0-1-0.05-50-0 0 2441 11 9 48 1 0.0504 0.6134 384 161
247-0-1-0.05-50-0 0 2442 42 21 11 12 0.7447 0.4184 106 158
247-0-1-0.05-50-0 0 2442 39 11 11 54 0.2187 0.0504 309 384
247-0-1-0.05-50-0 0 2442 3 11 3 53 0.4813 0.0504 321 384
247-0-1-0.05-50-0 0 2443 11 12 56 1 0.0504 0.1896 384 325
247-0-1-0.05-50-0 0 2443 11 21 56 11 0.0504 0.4184 384 158
247-0-1-0.05-50-0 0 2443 11 25 56 9 0.0504 0.9430 384 125
247-0-1-0.05-50-0 0 2444 11 11 58 58 0.0504 0.0504 384 384
247-0-1-0.05-50-0 0 2444 11 11 57 57 0.0504 0.0504 384 384
247-0-1-0.05-50-0 0 2444 22 11 13 56 0.0160 0.0504 311 384
247-0-1-0.05-50-0 0 2445 39 22 9 12 0.2187 0.0160 309 311
247-0-1-0.05-50-0 0 2445 6 36 3 7 0.4266 0.8162 249 165
247-0-1-0.05-50-0 0 2445 46 25 1 10 0.3451 0.9430 327 125
247-0-1-0.05-50-0 0 2446 11 39 58 10 0.0504 0.2187 384 309
247-0-1-0.05-50-0 0 2446 11 42 58 14 0.0504 0.7447 384 106
247-0-1-0.05-50-0 0 2446 22 27 12 4 0.0160 0.0776 311 149
247-0-1-0.05-50-0 0 2447 36 3 6 2 0.8162 0.4813 165 321
247-0-1-0.05-50-0 0 2447 11 36 56 6 0.0504 0.8162 384 165
247-0-1-0.05-50-0 0 2448 15 17 2 1 0.7918 0.6398 149 197
247-0-1-0.05-50-0 0 2448 11 42 57 15 0.0504 0.7447 384 106
247-0-1-0.05-50-0 0 2449 36 5 4 1 0.8162 0.0007 165 226
247-0-1-0.05-50-0 0 2449 11 42 61 14 0.0504 0.7447 384 106
247-0-1-0.05-50-0 0 2449 23 3 1 1 0.1698 0.4813 476 321
247-0-1-0.05-50-0 0 2450 11 21 59 14 0.0504 0.4184 384 158
247-0-1-0.05-50-0 0 2450 11 21 59 13 0.0504 0.4184 384 158
247-0-1-0.05-50-0 0 2450 6 6 3 3 0.4266 0.4266 249 249
247-0-1-0.05-50-0 0 2451 4 11 5 59 0.0723 0.0504 351 384
247-0-1-0.05-50-0 0 2451 42 25 13 8 0.7447 0.9430 106 125
247-0-1-0.05-50-0 0 2451 39 4 12 5 0.2187 0.0723 309 351
247-0-1-0.05-50-0 0 2452 11 11 58 58 0.0504 0.0504 384 384
247-0-1-0.05-50-0 0 2452 39 11 10 57 0.2187 0.0504 309 384
247-0-1-0.05-50-0 0 2453 11 11 60 60 0.0504 0.0504 384 384
247-0-1-0.05-50-0 0 2453 11 42 59 12 0.0504 0.7447 384 106
247-0-1-0.05-50-0 0 2453 21 23 13 1 0.4184 0.1698 158 476
247-0-1-0.05-50-0 0 2454 11 20 60 2 0.0504 0.9922 384 102
247-0-1-0.05-50-0 0 2454 4 11 9 60 0.0723 0.0504 351 384
247-0-1-0.05-50-0 0 2454 11 21 59 13 0.0504 0.4184 384 158
247-0-1-0.05-50-0 0 2455 11 25 60 8 0.0504 0.9430 384 125
247-0-1-0.05-50-0 0 2455 42 39 11 9 0.7447 0.2187 106 309
247-0-1-0.05-50-0 0 2455 36 11 5 60 0.8162 0.0504 165 384
247-0-1-0.05-50-0 0 2456 3 42 4 12 0.4813 0.7447 321 106
247-0-1-0.05-50-0 0 2456 15 11 3 61 0.7918 0.0504 149 384
247-0-1-0.05-50-0 0 2456 42 11 11 60 0.7447 0.0504 106 384
247-0-1-0.05-50-0 0 2457 11 11 64 64 0.0504 0.0504 384 384
247-0-1-0.05-50-0 0 2457 11 3 63 4 0.0504 0.4813 384 321
247-0-1-0.05-50-0 0 2457 36 11 6 63 0.8162 0.0504 165 384
247-0-1-0.05-50-0 0 2458 36 3 7 3 0.8162 0.4813 165 321
247-0-1-0.05-50-0 0 2458 21 11 14 61 0.4184 0.0504 158 384
247-0-1-0.05-50-0 0 2458 27 36 2 7 0.0776 0.8162 149 165
247-0-1-0.05-50-0 0 2459 21 22 13 8 0.4184 0.0160 158 311
247-0-1-0.05-50-0 0 2459 22 28 7 4 0.0160 0.3846 311 311
247-0-1-0.05-50-0 0 2459 21 11 13 61 0.4184 0.0504 158 384
247-0-1-0.05-50-0 0 2460 36 4 5 10 0.8162 0.0723 165 351
247-0-1-0.05-50-0 0 2460 22 4 8 9 0.0160 0.0723 311 351
247-0-1-0.05-50-0 0 2460 46 11 4 61 0.3451 0.0504 327 384
247-0-1-0.05-50-0 0 2461 11 21 62 13 0.0504 0.4184 384 158
247-0-1-0.05-50-0 0 2461 42 42 12 12 0.7447 0.7447 106 106
247-0-1-0.05-50-0 0 2461 11 21 62 12 0.0504 0.4184 384 158
247-0-1-0.05-50-0 0 2462 11 46 62 4 0.0504 0.3451 384 327
247-0-1-0.05-50-0 0 2462 11 11 62 62 0.0504 0.0504 384 384
247-0-1-0.05-50-0 0 2462 39 11 8 61 0.2187 0.0504 309 384
247-0-1-0.05-50-0 0 2463 11 39 60 8 0.0504 0.2187 384 309
247-0-1-0.05-50-0 0 2463 41 25 3 9 0.9621 0.9430 105 125
247-0-1-0.05-50-0 0 2463 42 11 14 60 0.7447 0.0504 106 384
247-0-1-0.05-50-0 0 2464 39 11 7 58 0.2187 0.0504 309 384
247-0-1-0.05-50-0 0 2464 42 3 14 4 0.7447 0.4813 106 321
247-0-1-0.05-50-0 0 2464 43 25 3 8 0.8316 0.9430 123 125
247-0-1-0.05-50-0 0 2465 6 2 4 1 0.4266 0.8198 249 167
247-0-1-0.05-50-0 0 2465 13 11 8 58 0.8878 0.0504 151 384
247-0-1-0.05-50-0 0 2465 39 11 7 57 0.2187 0.0504 309 384
247-0-1-0.05-50-0 0 2466 11 4 57 8 0.0504 0.0723 384 351
247-0-1-0.05-50-0 0 2466 22 21 10 14 0.0160 0.4184 311 158
247-0-1-0.05-50-0 0 2466 28 46 4 3 0.3846 0.3451 311 327
247-0-1-0.05-50-0 0 2467 8 42 1 13 0.2506 0.7447 303 106
247-0-1-0.05-50-0 0 2467 21 39 13 6 0.4184 0.2187 158 309
247-0-1-0.05-50-0 0 2467 4 11 7 60 0.0723 0.0504 351 384
247-0-1-0.05-50-0 0 2468 43 11 4 63 0.8316 0.0504 123 384
247-0-1-0.05-50-0 0 2468 11 20 62 3 0.0504 0.9922 384 102
247-0-1-0.05-50-0 0 2468 36 4 4 8 0.8162 0.0723 165 351
247-0-1-0.05-50-0 0 2469 21 11 12 61 0.4184 0.0504 158 384
247-0-1-0.05-50-0 0 2469 39 11 5 60 0.2187 0.0504 309 384
247-0-1-0.05-50-0 0 2469 21 11 12 59 0.4184 0.0504 158 384
247-0-1-0.05-50-0 0 2470 11 42 57 13 0.0504 0.7447 384 106
247-0-1-0.05-50-0 0 2470 41 8 3 1 0.9621 0.2506 105 303
247-0-1-0.05-50-0 0 2470 41 20 3 2 0.9621 0.9922 105 102
247-0-1-0.05-50-0 0 2471 4 6 8 4 0.0723 0.4266 351 249
247-0-1-0.05-50-0 0 2471 11 13 57 7 0.0504 0.8878 384 151
247-0-1-0.05-50-0 0 2471 11 13 57 6 0.0504 0.8878 384 151
247-0-1-0.05-50-0 0 2472 6 15 3 4 0.4266 0.7918 249 149
247-0-1-0.05-50-0 0 2472 32 11 3 58 0.6514 0.0504 215 384
247-0-1-0.05-50-0 0 2472 11 42 57 13 0.0504 0.7447 384 106
247-0-1-0.05-50-0 0 2473 13 21 6 11 0.8878 0.4184 151 158
247-0-1-0.05-50-0 0 2473 42 11 12 60 0.7447 0.0504 106 384
247-0-1-0.05-50-0 0 2473 6 11 3 59 0.4266 0.0504 249 384
247-0-1-0.05-50-0 0 2474 3 25 3 6 0.4813 0.9430 321 125
247-0-1-0.05-50-0 0 2474 43 11 4 62 0.8316 0.0504 123 384
247-0-1-0.05-50-0 0 2474 11 25 61 5 0.0504 0.9430 384 125
247-0-1-0.05-50-0 0 2475 11 11 66 66 0.0504 0.0504 384 384
247-0-1-0.05-50-0 0 2475 11 11 65 65 0.0504 0.0504 384 384
247-0-1-0.05-50-0 0 2475 11 11 64 64 0.0504 0.0504 384 384
247-0-1-0.05-50-0 0 2476 21 11 9 64 0.4184 0.0504 158 384
247-0-1-0.05-50-0 0 2476 43 11 5 63 0.8316 0.0504 123 384
247-0-1-0.05-50-0 0 2476 21 39 9 6 0.4184 0.2187 158 309
247-0-1-0.05-50-0 0 2477 4 21 9 9 0.0723 0.4184 351 158
247-0-1-0.05-50-0 0 2477 11 22 61 11 0.0504 0.0160 384 311
247-0-1-0.05-50-0 0 2477 28 21 3 8 0.3846 0.4184 311 158
247-0-1-0.05-50-0 0 2478 11 11 59 59 0.0504 0.0504 384 384
247-0-1-0.05-50-0 0 2478 36 22 4 10 0.8162 0.0160 165 311
247-0-1-0.05-50-0 0 2478 43 42 5 16 0.8316 0.7447 123 106
247-0-1-0.05-50-0 0 2479 42 11 16 59 0.7447 0.0504 106 384
247-0-1-0.05-50-0 0 2479 11 11 58 58 0.0504 0.0504 384 384
247-0-1-0.05-50-0 0 2479 13 11 11 57 0.8878 0.0504 151 384
247-0-1-0.05-50-0 0 2480 11 42 53 15 0.0504 0.7447 384 106
247-0-1-0.05-50-0 0 2480 32 28 3 4 0.6514 0.3846 215 311
247-0-1-0.05-50-0 0 2480 11 21 53 7 0.0504 0.4184 384 158
247-0-1-0.05-50-0 0 2481 6 42 5 14 0.4266 0.7447 249 106
247-0-1-0.05-50-0 0 2481 11 43 55 5 0.0504 0.8316 384 123
247-0-1-0.05-50-0 0 2481 22 11 10 55 0.0160 0.0504 311 384
247-0-1-0.05-50-0 0 2482 11 11 56 56 0.0504 0.0504 384 384
247-0-1-0.05-50-0 0 2482 4 4 9 9 0.0723 0.0723 351 351
247-0-1-0.05-50-0 0 2482 36 21 4 7 0.8162 0.4184 165 158
247-0-1-0.05-50-0 0 2483 13 11 11 54 0.8878 0.0504 151 384
247-0-1-0.05-50-0 0 2483 48 42 5 11 0.1153 0.7447 334 106
247-0-1-0.05-50-0 0 2483 11 48 53 5 0.0504 0.1153 384 334
247-0-1-0.05-50-0 0 2484 8 42 1 10 0.2506 0.7447 303 106
247-0-1-0.05-50-0 0 2484 22 11 10 54 0.0160 0.0504 311 384
247-0-1-0.05-50-0 0 2484 36 4 7 11 0.8162 0.0723 165 351
247-0-1-0.05-50-0 0 2485 11 42 57 9 0.0504 0.7447 384 106
247-0-1-0.05-50-0 0 2485 11 11 57 57 0.0504 0.0504 384 384
247-0-1-0.05-50-0 0 2485 13 14 10 2 0.8878 0.8451 151 105
247-0-1-0.05-50-0 0 2486 32 11 6 61 0.6514 0.0504 215 384
247-0-1-0.05-50-0 0 2486 11 11 60 60 0.0504 0.0504 384 384
247-0-1-0.05-50-0 0 2486 11 11 59 59 0.0504 0.0504 384 384
247-0-1-0.05-50-0 0 2487 22 44 11 3 0.0160 0.7034 311 118
247-0-1-0.05-50-0 0 2487 11 4 62 11 0.0504 0.0723 384 351
247-0-1-0.05-50-0 0 2487 46 11 3 62 0.3451 0.0504 327 384
247-0-1-0.05-50-0 0 2488 3 11 5 63 0.4813 0.0504 321 384
247-0-1-0.05-50-0 0 2488 11 36 62 8 0.0504 0.8162 384 165
247-0-1-0.05-50-0 0 2488 13 42 9 8 0.8878 0.7447 151 106
247-0-1-0.05-50-0 0 2489 46 11 3 60 0.3451 0.0504 327 384
247-0-1-0.05-50-0 0 2489 11 22 59 12 0.0504 0.0160 384 311
247-0-1-0.05-50-0 0 2489 22 8 11 1 0.0160 0.2506 311 303
247-0-1-0.05-50-0 0 2490 4 11 10 61 0.0723 0.0504 351 384
247-0-1-0.05-50-0 0 2490 22 44 11 3 0.0160 0.7034 311 118
247-0-1-0.05-50-0 0 2490 41 11 3 60 0.9621 0.0504 105 384
247-0-1-0.05-50-0 0 2491 13 11 8 63 0.8878 0.0504 151 384
247-0-1-0.05-50-0 0 2491 22 32 11 5 0.0160 0.6514 311 215
247-0-1-0.05-50-0 0 2491 11 43 62 6 0.0504 0.8316 384 123
247-0-1-0.05-50-0 0 2492 11 43 62 5 0.0504 0.8316 384 123
247-0-1-0.05-50-0 0 2492 46 11 4 62 0.3451 0.0504 327 384
247-0-1-0.05-50-0 0 2492 4 11 9 61 0.0723 0.0504 351 384
247-0-1-0.05-50-0 0 2493 10 27 10 9 0.2533 0.0776 449 149
247-0-1-0.05-50-0 0 2493 4 11 9 61 0.0723 0.0504 351 384
247-0-1-0.05-50-0 0 2493 1 11 2 60 0.2520 0.0504 409 384
247-0-1-0.05-50-0 0 2494 11 11 58 58 0.0504 0.0504 384 384
247-0-1-0.05-50-0 0 2494 25 11 4 57 0.9430 0.0504 125 384
247-0-1-0.05-50-0 0 2494 22 11 10 56 0.0160 0.0504 311 384
247-0-1-0.05-50-0 0 2495 10 32 10 5 0.2533 0.6514 449 215
247-0-1-0.05-50-0 0 2495 11 21 56 3 0.0504 0.4184 384 158
247-0-1-0.05-50-0 0 2495 22 42 11 5 0.0160 0.7447 311 106
247-0-1-0.05-50-0 0 2496 6 27 2 8 0.4266 0.0776 249 149
247-0-1-0.05-50-0 0 2496 4 11 10 57 0.0723 0.0504 351 384
247-0-1-0.05-50-0 0 2496 11 11 56 56 0.0504 0.0504 384 384
247-0-1-0.05-50-0 0 2497 42 11 4 59 0.7447 0.0504 106 384
247-0-1-0.05-50-0 0 2497 48 32 7 4 0.1153 0.6514 334 215
247-0-1-0.05-50-0 0 2497 11 39 58 8 0.0504 0.2187 384 309
247-0-1-0.05-50-0 0 2498 13 43 11 3 0.8878 0.8316 151 123
247-0-1-0.05-50-0 0 2498 10 11 10 59 0.2533 0.0504 449 384
247-0-1-0.05-50-0 0 2498 10 22 10 11 0.2533 0.0160 449 311
247-0-1-0.05-50-0 0 2499 10 6 10 3 0.2533 0.4266 449 249
247-0-1-0.05-50-0 0 2499 36 28 5 6 0.8162 0.3846 165 311
247-0-1-0.05-50-0 0 2499 22 11 10 58 0.0160 0.0504 311 384
247-0-1-0.05-50-0 0 2500 28 4 5 10 0.3846 0.0723 311 351
247-0-1-0.05-50-0 0 2500 11 24 59 1 0.0504 0.1940 384 254
247-0-1-0.05-50-0 0 2500 11 3 59 4 0.0504 0.4813 384 321
