253-0-1-0.05-50-0 0 2302 31 40 13 5 0.5626 0.9739 252 104
253-0-1-0.05-50-0 0 2302 13 32 9 5 0.8878 0.6514 151 215
253-0-1-0.05-50-0 0 2302 24 17 6 10 0.1940 0.6398 254 197
253-0-1-0.05-50-0 0 2303 25 49 1 6 0.9430 0.1842 125 136
253-0-1-0.05-50-0 0 2303 8 13 4 9 0.2506 0.8878 303 151
253-0-1-0.05-50-0 0 2304 38 16 3 18 0.6163 0.2228 270 149
253-0-1-0.05-50-0 0 2304 38 15 3 2 0.6163 0.7918 270 149
253-0-1-0.05-50-0 0 2305 24 4 7 2 0.1940 0.0723 254 351
253-0-1-0.05-50-0 0 2305 32 17 4 9 0.6514 0.6398 215 197
253-0-1-0.05-50-0 0 2306 16 32 15 3 0.2228 0.6514 149 215
253-0-1-0.05-50-0 0 2306 12 32 10 2 0.1896 0.6514 325 215
253-0-1-0.05-50-0 0 2307 9 31 13 12 0.6134 0.5626 161 252
253-0-1-0.05-50-0 0 2307 31 16 11 15 0.5626 0.2228 252 149
253-0-1-0.05-50-0 0 2308 31 6 12 15 0.5626 0.4266 252 249
253-0-1-0.05-50-0 0 2308 13 44 7 2 0.8878 0.7034 151 118
253-0-1-0.05-50-0 0 2309 35 9 5 14 0.0354 0.6134 158 161
253-0-1-0.05-50-0 0 2309 9 32 13 1 0.6134 0.6514 161 215
253-0-1-0.05-50-0 0 2310 9 9 15 15 0.6134 0.6134 161 161
253-0-1-0.05-50-0 0 2310 31 4 11 3 0.5626 0.0723 252 351
253-0-1-0.05-50-0 0 2311 17 13 8 7 0.6398 0.8878 197 151
253-0-1-0.05-50-0 0 2311 49 16 11 17 0.1842 0.2228 136 149
253-0-1-0.05-50-0 0 2312 31 40 10 3 0.5626 0.9739 252 104
253-0-1-0.05-50-0 0 2312 16 50 16 3 0.2228 0.2147 149 147
253-0-1-0.05-50-0 0 2313 17 49 8 11 0.6398 0.1842 197 136
253-0-1-0.05-50-0 0 2313 31 10 10 6 0.5626 0.2533 252 449
253-0-1-0.05-50-0 0 2314 40 24 2 7 0.9739 0.1940 104 254
253-0-1-0.05-50-0 0 2314 16 12 20 9 0.2228 0.1896 149 325
253-0-1-0.05-50-0 0 2314 6 16 15 20 0.4266 0.2228 249 149
253-0-1-0.05-50-0 0 2315 16 13 19 6 0.2228 0.8878 149 151
253-0-1-0.05-50-0 0 2315 16 47 19 3 0.2228 0.9293 149 103
253-0-1-0.05-50-0 0 2315 18 31 1 9 0.2181 0.5626 226 252
253-0-1-0.05-50-0 0 2316 50 12 5 9 0.2147 0.1896 147 325
253-0-1-0.05-50-0 0 2316 39 6 1 16 0.2187 0.4266 309 249
253-0-1-0.05-50-0 0 2316 9 24 18 7 0.6134 0.1940 161 254
253-0-1-0.05-50-0 0 2317 17 16 8 18 0.6398 0.2228 197 149
253-0-1-0.05-50-0 0 2317 49 31 12 9 0.1842 0.5626 136 252
253-0-1-0.05-50-0 0 2317 44 28 1 4 0.7034 0.3846 118 311
253-0-1-0.05-50-0 0 2318 16 50 17 7 0.2228 0.2147 149 147
253-0-1-0.05-50-0 0 2318 6 31 16 7 0.4266 0.5626 249 252
253-0-1-0.05-50-0 0 2318 9 16 18 17 0.6134 0.2228 161 149
253-0-1-0.05-50-0 0 2319 49 31 13 7 0.1842 0.5626 136 252
253-0-1-0.05-50-0 0 2319 50 16 6 15 0.2147 0.2228 147 149
253-0-1-0.05-50-0 0 2319 31 24 6 6 0.5626 0.1940 252 254
253-0-1-0.05-50-0 0 2320 12 46 10 2 0.1896 0.3451 325 327
253-0-1-0.05-50-0 0 2320 8 8 4 4 0.2506 0.2506 303 303
253-0-1-0.05-50-0 0 2320 49 9 12 18 0.1842 0.6134 136 161
253-0-1-0.05-50-0 0 2321 49 9 12 16 0.1842 0.6134 136 161
253-0-1-0.05-50-0 0 2321 31 35 6 8 0.5626 0.0354 252 158
253-0-1-0.05-50-0 0 2322 31 24 6 6 0.5626 0.1940 252 254
253-0-1-0.05-50-0 0 2322 6 16 17 14 0.4266 0.2228 249 149
253-0-1-0.05-50-0 0 2323 50 6 5 19 0.2147 0.4266 147 249
253-0-1-0.05-50-0 0 2323 9 12 16 10 0.6134 0.1896 161 325
253-0-1-0.05-50-0 0 2323 6 9 18 16 0.4266 0.6134 249 161
253-0-1-0.05-50-0 0 2324 5 35 1 6 0.0007 0.0354 226 158
253-0-1-0.05-50-0 0 2324 16 17 15 12 0.2228 0.6398 149 197
253-0-1-0.05-50-0 0 2324 6 49 17 12 0.4266 0.1842 249 136
253-0-1-0.05-50-0 0 2325 31 4 5 3 0.5626 0.0723 252 351
253-0-1-0.05-50-0 0 2325 10 49 11 11 0.2533 0.1842 449 136
253-0-1-0.05-50-0 0 2325 28 35 5 5 0.3846 0.0354 311 158
253-0-1-0.05-50-0 0 2326 24 6 7 18 0.1940 0.4266 254 249
253-0-1-0.05-50-0 0 2326 17 24 11 7 0.6398 0.1940 197 254
253-0-1-0.05-50-0 0 2326 47 32 2 1 0.9293 0.6514 103 215
253-0-1-0.05-50-0 0 2327 9 24 15 6 0.6134 0.1940 161 254
253-0-1-0.05-50-0 0 2327 9 10 15 11 0.6134 0.2533 161 449
253-0-1-0.05-50-0 0 2328 37 10 1 9 0.8481 0.2533 127 449
253-0-1-0.05-50-0 0 2328 17 12 9 9 0.6398 0.1896 197 325
253-0-1-0.05-50-0 0 2329 23 8 1 4 0.1698 0.2506 476 303
253-0-1-0.05-50-0 0 2329 10 49 7 10 0.2533 0.1842 449 136
253-0-1-0.05-50-0 0 2330 16 17 19 9 0.2228 0.6398 149 197
253-0-1-0.05-50-0 0 2330 24 28 5 3 0.1940 0.3846 254 311
253-0-1-0.05-50-0 0 2331 9 48 19 1 0.6134 0.1153 161 334
253-0-1-0.05-50-0 0 2331 17 6 9 19 0.6398 0.4266 197 249
253-0-1-0.05-50-0 0 2332 31 35 6 4 0.5626 0.0354 252 158
253-0-1-0.05-50-0 0 2332 16 3 16 4 0.2228 0.4813 149 321
253-0-1-0.05-50-0 0 2333 18 17 5 8 0.2181 0.6398 226 197
253-0-1-0.05-50-0 0 2333 17 16 7 17 0.6398 0.2228 197 149
253-0-1-0.05-50-0 0 2334 9 46 21 3 0.6134 0.3451 161 327
253-0-1-0.05-50-0 0 2334 3 49 4 13 0.4813 0.1842 321 136
253-0-1-0.05-50-0 0 2335 17 6 7 16 0.6398 0.4266 197 249
253-0-1-0.05-50-0 0 2335 24 40 7 3 0.1940 0.9739 254 104
253-0-1-0.05-50-0 0 2336 9 12 20 7 0.6134 0.1896 161 325
253-0-1-0.05-50-0 0 2336 6 29 17 1 0.4266 0.6728 249 177
253-0-1-0.05-50-0 0 2337 9 6 21 16 0.6134 0.4266 161 249
253-0-1-0.05-50-0 0 2337 9 17 21 9 0.6134 0.6398 161 197
253-0-1-0.05-50-0 0 2338 40 10 2 7 0.9739 0.2533 104 449
253-0-1-0.05-50-0 0 2338 9 12 21 7 0.6134 0.1896 161 325
253-0-1-0.05-50-0 0 2339 50 11 9 1 0.2147 0.0504 147 384
253-0-1-0.05-50-0 0 2339 49 16 10 18 0.1842 0.2228 136 149
253-0-1-0.05-50-0 0 2340 50 21 9 4 0.2147 0.4184 147 158
253-0-1-0.05-50-0 0 2340 49 5 10 2 0.1842 0.0007 136 226
253-0-1-0.05-50-0 0 2341 50 4 10 3 0.2147 0.0723 147 351
253-0-1-0.05-50-0 0 2341 50 23 10 1 0.2147 0.1698 147 476
253-0-1-0.05-50-0 0 2342 6 16 14 14 0.4266 0.2228 249 149
253-0-1-0.05-50-0 0 2342 22 17 1 8 0.0160 0.6398 311 197
253-0-1-0.05-50-0 0 2343 18 6 9 15 0.2181 0.4266 226 249
253-0-1-0.05-50-0 0 2343 49 3 12 6 0.1842 0.4813 136 321
253-0-1-0.05-50-0 0 2344 50 40 10 4 0.2147 0.9739 147 104
253-0-1-0.05-50-0 0 2344 50 49 10 11 0.2147 0.1842 147 136
253-0-1-0.05-50-0 0 2345 16 35 13 3 0.2228 0.0354 149 158
253-0-1-0.05-50-0 0 2345 21 18 3 10 0.4184 0.2181 158 226
253-0-1-0.05-50-0 0 2346 49 49 12 12 0.1842 0.1842 136 136
253-0-1-0.05-50-0 0 2346 9 40 17 3 0.6134 0.9739 161 104
253-0-1-0.05-50-0 0 2347 18 16 10 15 0.2181 0.2228 226 149
253-0-1-0.05-50-0 0 2347 50 6 10 14 0.2147 0.4266 147 249
253-0-1-0.05-50-0 0 2348 16 50 13 12 0.2228 0.2147 149 147
253-0-1-0.05-50-0 0 2348 6 6 14 14 0.4266 0.4266 249 249
253-0-1-0.05-50-0 0 2348 49 40 10 2 0.1842 0.9739 136 104
253-0-1-0.05-50-0 0 2349 12 16 10 14 0.1896 0.2228 325 149
253-0-1-0.05-50-0 0 2349 18 21 9 4 0.2181 0.4184 226 158
253-0-1-0.05-50-0 0 2349 12 13 10 5 0.1896 0.8878 325 151
253-0-1-0.05-50-0 0 2350 12 42 10 2 0.1896 0.7447 325 106
253-0-1-0.05-50-0 0 2350 16 17 13 6 0.2228 0.6398 149 197
253-0-1-0.05-50-0 0 2351 31 50 5 13 0.5626 0.2147 252 147
253-0-1-0.05-50-0 0 2351 18 10 11 12 0.2181 0.2533 226 449
253-0-1-0.05-50-0 0 2351 8 24 3 2 0.2506 0.1940 303 254
253-0-1-0.05-50-0 0 2352 29 9 2 19 0.6728 0.6134 177 161
253-0-1-0.05-50-0 0 2352 6 49 14 10 0.4266 0.1842 249 136
253-0-1-0.05-50-0 0 2352 2 6 4 14 0.8198 0.4266 167 249
253-0-1-0.05-50-0 0 2353 49 50 9 14 0.1842 0.2147 136 147
253-0-1-0.05-50-0 0 2353 12 12 12 12 0.1896 0.1896 325 325
253-0-1-0.05-50-0 0 2353 29 18 2 12 0.6728 0.2181 177 226
253-0-1-0.05-50-0 0 2354 17 41 7 2 0.6398 0.9621 197 105
253-0-1-0.05-50-0 0 2354 18 12 11 10 0.2181 0.1896 226 325
253-0-1-0.05-50-0 0 2354 29 17 2 7 0.6728 0.6398 177 197
253-0-1-0.05-50-0 0 2355 12 13 10 4 0.1896 0.8878 325 151
253-0-1-0.05-50-0 0 2355 17 27 6 1 0.6398 0.0776 197 149
253-0-1-0.05-50-0 0 2355 28 3 3 7 0.3846 0.4813 311 321
253-0-1-0.05-50-0 0 2356 25 50 1 14 0.9430 0.2147 125 147
253-0-1-0.05-50-0 0 2356 17 9 6 16 0.6398 0.6134 197 161
253-0-1-0.05-50-0 0 2356 43 12 1 10 0.8316 0.1896 123 325
253-0-1-0.05-50-0 0 2357 6 6 11 11 0.4266 0.4266 249 249
253-0-1-0.05-50-0 0 2357 10 9 12 14 0.2533 0.6134 449 161
253-0-1-0.05-50-0 0 2357 21 17 3 7 0.4184 0.6398 158 197
253-0-1-0.05-50-0 0 2358 31 10 6 14 0.5626 0.2533 252 449
253-0-1-0.05-50-0 0 2358 18 9 12 14 0.2181 0.6134 226 161
253-0-1-0.05-50-0 0 2358 21 18 3 12 0.4184 0.2181 158 226
253-0-1-0.05-50-0 0 2359 10 50 13 14 0.2533 0.2147 449 147
253-0-1-0.05-50-0 0 2359 49 16 10 19 0.1842 0.2228 136 149
253-0-1-0.05-50-0 0 2359 9 16 12 18 0.6134 0.2228 161 149
253-0-1-0.05-50-0 0 2360 37 50 1 13 0.8481 0.2147 127 147
253-0-1-0.05-50-0 0 2360 12 9 12 11 0.1896 0.6134 325 161
253-0-1-0.05-50-0 0 2360 50 28 12 3 0.2147 0.3846 147 311
253-0-1-0.05-50-0 0 2361 31 16 5 18 0.5626 0.2228 252 149
253-0-1-0.05-50-0 0 2361 9 50 11 12 0.6134 0.2147 161 147
253-0-1-0.05-50-0 0 2362 49 9 10 11 0.1842 0.6134 136 161
253-0-1-0.05-50-0 0 2362 10 50 15 11 0.2533 0.2147 449 147
253-0-1-0.05-50-0 0 2363 12 3 11 7 0.1896 0.4813 325 321
253-0-1-0.05-50-0 0 2363 6 6 11 11 0.4266 0.4266 249 249
253-0-1-0.05-50-0 0 2364 13 12 3 11 0.8878 0.1896 151 325
253-0-1-0.05-50-0 0 2364 18 49 12 11 0.2181 0.1842 226 136
253-0-1-0.05-50-0 0 2365 49 6 10 10 0.1842 0.4266 136 249
253-0-1-0.05-50-0 0 2365 29 9 1 13 0.6728 0.6134 177 161
253-0-1-0.05-50-0 0 2366 10 3 15 6 0.2533 0.4813 449 321
253-0-1-0.05-50-0 0 2366 21 16 3 16 0.4184 0.2228 158 149
253-0-1-0.05-50-0 0 2367 18 12 13 9 0.2181 0.1896 226 325
253-0-1-0.05-50-0 0 2367 9 4 15 2 0.6134 0.0723 161 351
253-0-1-0.05-50-0 0 2368 9 11 15 4 0.6134 0.0504 161 384
253-0-1-0.05-50-0 0 2368 6 16 9 15 0.4266 0.2228 249 149
253-0-1-0.05-50-0 0 2369 49 6 7 11 0.1842 0.4266 136 249
253-0-1-0.05-50-0 0 2369 25 18 2 12 0.9430 0.2181 125 226
253-0-1-0.05-50-0 0 2370 3 10 4 20 0.4813 0.2533 321 449
253-0-1-0.05-50-0 0 2370 18 6 11 10 0.2181 0.4266 226 249
253-0-1-0.05-50-0 0 2371 27 50 2 8 0.0776 0.2147 149 147
253-0-1-0.05-50-0 0 2371 18 46 11 3 0.2181 0.3451 226 327
253-0-1-0.05-50-0 0 2372 13 16 2 14 0.8878 0.2228 151 149
253-0-1-0.05-50-0 0 2372 16 10 13 20 0.2228 0.2533 149 449
253-0-1-0.05-50-0 0 2373 12 6 7 9 0.1896 0.4266 325 249
253-0-1-0.05-50-0 0 2373 18 16 13 13 0.2181 0.2228 226 149
253-0-1-0.05-50-0 0 2373 21 25 3 1 0.4184 0.9430 158 125
253-0-1-0.05-50-0 0 2374 3 2 5 6 0.4813 0.8198 321 167
253-0-1-0.05-50-0 0 2374 2 30 5 1 0.8198 0.6008 167 266
253-0-1-0.05-50-0 0 2374 18 42 14 3 0.2181 0.7447 226 106
253-0-1-0.05-50-0 0 2375 16 18 16 15 0.2228 0.2181 149 226
253-0-1-0.05-50-0 0 2375 12 12 7 7 0.1896 0.1896 325 325
253-0-1-0.05-50-0 0 2375 9 10 16 17 0.6134 0.2533 161 449
253-0-1-0.05-50-0 0 2376 16 50 16 7 0.2228 0.2147 149 147
253-0-1-0.05-50-0 0 2376 31 3 11 5 0.5626 0.4813 252 321
253-0-1-0.05-50-0 0 2377 12 10 6 18 0.1896 0.2533 325 449
253-0-1-0.05-50-0 0 2377 49 9 9 18 0.1842 0.6134 136 161
253-0-1-0.05-50-0 0 2377 50 31 6 10 0.2147 0.5626 147 252
253-0-1-0.05-50-0 0 2378 31 10 9 19 0.5626 0.2533 252 449
253-0-1-0.05-50-0 0 2378 8 2 2 5 0.2506 0.8198 303 167
253-0-1-0.05-50-0 0 2378 6 6 8 8 0.4266 0.4266 249 249
253-0-1-0.05-50-0 0 2379 9 16 18 18 0.6134 0.2228 161 149
253-0-1-0.05-50-0 0 2379 28 18 2 9 0.3846 0.2181 311 226
253-0-1-0.05-50-0 0 2379 10 17 18 3 0.2533 0.6398 449 197
253-0-1-0.05-50-0 0 2380 18 40 8 3 0.2181 0.9739 226 104
253-0-1-0.05-50-0 0 2380 8 42 2 3 0.2506 0.7447 303 106
253-0-1-0.05-50-0 0 2380 9 9 17 17 0.6134 0.6134 161 161
253-0-1-0.05-50-0 0 2381 10 10 19 19 0.2533 0.2533 449 449
253-0-1-0.05-50-0 0 2381 10 9 18 16 0.2533 0.6134 449 161
253-0-1-0.05-50-0 0 2381 11 15 6 7 0.0504 0.7918 384 149
253-0-1-0.05-50-0 0 2382 31 12 10 6 0.5626 0.1896 252 325
253-0-1-0.05-50-0 0 2382 16 46 15 4 0.2228 0.3451 149 327
253-0-1-0.05-50-0 0 2382 18 27 8 2 0.2181 0.0776 226 149
253-0-1-0.05-50-0 0 2383 16 12 14 5 0.2228 0.1896 149 325
253-0-1-0.05-50-0 0 2383 17 36 1 2 0.6398 0.8162 197 165
253-0-1-0.05-50-0 0 2384 50 9 8 12 0.2147 0.6134 147 161
253-0-1-0.05-50-0 0 2384 23 48 2 1 0.1698 0.1153 476 334
253-0-1-0.05-50-0 0 2385 2 9 6 11 0.8198 0.6134 167 161
253-0-1-0.05-50-0 0 2385 50 27 7 1 0.2147 0.0776 147 149
253-0-1-0.05-50-0 0 2386 16 18 13 4 0.2228 0.2181 149 226
253-0-1-0.05-50-0 0 2386 9 16 9 13 0.6134 0.2228 161 149
253-0-1-0.05-50-0 0 2387 21 6 2 9 0.4184 0.4266 158 249
253-0-1-0.05-50-0 0 2387 18 49 4 7 0.2181 0.1842 226 136
253-0-1-0.05-50-0 0 2388 11 2 4 6 0.0504 0.8198 384 167
253-0-1-0.05-50-0 0 2388 50 31 7 11 0.2147 0.5626 147 252
253-0-1-0.05-50-0 0 2389 13 16 8 10 0.8878 0.2228 151 149
253-0-1-0.05-50-0 0 2389 10 38 23 6 0.2533 0.6163 449 270
253-0-1-0.05-50-0 0 2390 10 9 24 10 0.2533 0.6134 449 161
253-0-1-0.05-50-0 0 2390 38 49 5 6 0.6163 0.1842 270 136
253-0-1-0.05-50-0 0 2391 16 15 9 10 0.2228 0.7918 149 149
253-0-1-0.05-50-0 0 2391 33 16 3 9 0.6893 0.2228 191 149
253-0-1-0.05-50-0 0 2392 28 10 5 24 0.3846 0.2533 311 449
253-0-1-0.05-50-0 0 2392 16 28 8 5 0.2228 0.3846 149 311
253-0-1-0.05-50-0 0 2393 28 13 4 7 0.3846 0.8878 311 151
253-0-1-0.05-50-0 0 2393 3 12 4 6 0.4813 0.1896 321 325
253-0-1-0.05-50-0 0 2394 10 20 24 1 0.2533 0.9922 449 102
253-0-1-0.05-50-0 0 2394 3 10 4 24 0.4813 0.2533 321 449
253-0-1-0.05-50-0 0 2395 6 21 11 2 0.4266 0.4184 249 158
253-0-1-0.05-50-0 0 2395 49 7 4 1 0.1842 0.9267 136 106
253-0-1-0.05-50-0 0 2396 10 12 24 7 0.2533 0.1896 449 325
253-0-1-0.05-50-0 0 2396 10 46 24 2 0.2533 0.3451 449 327
253-0-1-0.05-50-0 0 2397 31 6 10 11 0.5626 0.4266 252 249
253-0-1-0.05-50-0 0 2397 13 10 6 23 0.8878 0.2533 151 449
253-0-1-0.05-50-0 0 2398 13 19 5 5 0.8878 0.8072 151 134
253-0-1-0.05-50-0 0 2398 2 10 4 23 0.8198 0.2533 167 449
253-0-1-0.05-50-0 0 2399 19 49 4 4 0.8072 0.1842 134 136
253-0-1-0.05-50-0 0 2399 23 12 1 5 0.1698 0.1896 476 325
253-0-1-0.05-50-0 0 2400 31 6 11 11 0.5626 0.4266 252 249
253-0-1-0.05-50-0 0 2400 38 31 6 11 0.6163 0.5626 270 252
253-0-1-0.05-50-0 0 2401 19 18 4 6 0.8072 0.2181 134 226
253-0-1-0.05-50-0 0 2401 31 10 10 23 0.5626 0.2533 252 449
253-0-1-0.05-50-0 0 2402 49 9 3 11 0.1842 0.6134 136 161
253-0-1-0.05-50-0 0 2402 19 33 4 5 0.8072 0.6893 134 191
253-0-1-0.05-50-0 0 2403 31 12 11 3 0.5626 0.1896 252 325
253-0-1-0.05-50-0 0 2403 9 10 10 22 0.6134 0.2533 161 449
253-0-1-0.05-50-0 0 2404 13 13 9 9 0.8878 0.8878 151 151
253-0-1-0.05-50-0 0 2404 16 31 9 12 0.2228 0.5626 149 252
253-0-1-0.05-50-0 0 2404 6 33 10 4 0.4266 0.6893 249 191
253-0-1-0.05-50-0 0 2405 31 18 12 7 0.5626 0.2181 252 226
253-0-1-0.05-50-0 0 2405 13 8 8 4 0.8878 0.2506 151 303
253-0-1-0.05-50-0 0 2405 9 2 10 9 0.6134 0.8198 161 167
253-0-1-0.05-50-0 0 2406 16 10 10 22 0.2228 0.2533 149 449
253-0-1-0.05-50-0 0 2406 10 31 21 12 0.2533 0.5626 449 252
253-0-1-0.05-50-0 0 2407 2 6 7 13 0.8198 0.4266 167 249
253-0-1-0.05-50-0 0 2407 38 6 9 12 0.6163 0.4266 270 249
253-0-1-0.05-50-0 0 2407 16 6 10 11 0.2228 0.4266 149 249
253-0-1-0.05-50-0 0 2408 2 6 7 10 0.8198 0.4266 167 249
253-0-1-0.05-50-0 0 2408 3 6 3 9 0.4813 0.4266 321 249
253-0-1-0.05-50-0 0 2408 2 16 7 9 0.8198 0.2228 167 149
253-0-1-0.05-50-0 0 2409 15 38 8 9 0.7918 0.6163 149 270
253-0-1-0.05-50-0 0 2409 38 36 8 2 0.6163 0.8162 270 165
253-0-1-0.05-50-0 0 2410 18 10 6 20 0.2181 0.2533 226 449
253-0-1-0.05-50-0 0 2410 9 9 12 12 0.6134 0.6134 161 161
253-0-1-0.05-50-0 0 2411 15 50 7 3 0.7918 0.2147 149 147
253-0-1-0.05-50-0 0 2411 49 16 6 7 0.1842 0.2228 136 149
253-0-1-0.05-50-0 0 2412 18 15 7 7 0.2181 0.7918 226 149
253-0-1-0.05-50-0 0 2412 49 10 7 19 0.1842 0.2533 136 449
253-0-1-0.05-50-0 0 2413 11 49 5 7 0.0504 0.1842 384 136
253-0-1-0.05-50-0 0 2413 2 13 5 9 0.8198 0.8878 167 151
253-0-1-0.05-50-0 0 2414 1 14 5 3 0.2520 0.8451 409 105
253-0-1-0.05-50-0 0 2414 31 11 6 6 0.5626 0.0504 252 384
253-0-1-0.05-50-0 0 2415 42 10 2 20 0.7447 0.2533 106 449
253-0-1-0.05-50-0 0 2415 28 10 3 19 0.3846 0.2533 311 449
253-0-1-0.05-50-0 0 2416 47 9 4 12 0.9293 0.6134 103 161
253-0-1-0.05-50-0 0 2416 10 2 18 5 0.2533 0.8198 449 167
253-0-1-0.05-50-0 0 2417 14 6 3 7 0.8451 0.4266 105 249
253-0-1-0.05-50-0 0 2417 10 11 17 4 0.2533 0.0504 449 384
253-0-1-0.05-50-0 0 2418 15 5 6 2 0.7918 0.0007 149 226
253-0-1-0.05-50-0 0 2418 15 23 6 1 0.7918 0.1698 149 476
253-0-1-0.05-50-0 0 2419 38 9 10 14 0.6163 0.6134 270 161
253-0-1-0.05-50-0 0 2419 30 47 1 5 0.6008 0.9293 266 103
253-0-1-0.05-50-0 0 2420 2 1 4 6 0.8198 0.2520 167 409
253-0-1-0.05-50-0 0 2420 15 4 6 6 0.7918 0.0723 149 351
253-0-1-0.05-50-0 0 2421 10 9 20 13 0.2533 0.6134 449 161
253-0-1-0.05-50-0 0 2421 34 15 2 7 0.7448 0.7918 168 149
253-0-1-0.05-50-0 0 2422 9 11 11 3 0.6134 0.0504 161 384
253-0-1-0.05-50-0 0 2422 34 13 2 7 0.7448 0.8878 168 151
253-0-1-0.05-50-0 0 2423 14 47 4 6 0.8451 0.9293 105 103
253-0-1-0.05-50-0 0 2423 9 48 12 4 0.6134 0.1153 161 334
253-0-1-0.05-50-0 0 2424 50 10 3 26 0.2147 0.2533 147 449
253-0-1-0.05-50-0 0 2424 9 11 12 2 0.6134 0.0504 161 384
253-0-1-0.05-50-0 0 2425 8 30 6 1 0.2506 0.6008 303 266
253-0-1-0.05-50-0 0 2425 47 15 4 6 0.9293 0.7918 103 149
253-0-1-0.05-50-0 0 2426 10 21 26 3 0.2533 0.4184 449 158
253-0-1-0.05-50-0 0 2426 15 38 5 8 0.7918 0.6163 149 270
253-0-1-0.05-50-0 0 2427 15 2 5 4 0.7918 0.8198 149 167
253-0-1-0.05-50-0 0 2427 10 38 26 8 0.2533 0.6163 449 270
253-0-1-0.05-50-0 0 2428 10 12 26 7 0.2533 0.1896 449 325
253-0-1-0.05-50-0 0 2428 6 4 10 3 0.4266 0.0723 249 351
253-0-1-0.05-50-0 0 2429 31 12 4 7 0.5626 0.1896 252 325
253-0-1-0.05-50-0 0 2429 31 10 4 27 0.5626 0.2533 252 449
253-0-1-0.05-50-0 0 2430 3 10 1 28 0.4813 0.2533 321 449
253-0-1-0.05-50-0 0 2430 1 28 6 2 0.2520 0.3846 409 311
253-0-1-0.05-50-0 0 2431 9 25 13 2 0.6134 0.9430 161 125
253-0-1-0.05-50-0 0 2431 38 9 7 13 0.6163 0.6134 270 161
253-0-1-0.05-50-0 0 2432 10 8 32 7 0.2533 0.2506 449 303
253-0-1-0.05-50-0 0 2432 17 10 1 32 0.6398 0.2533 197 449
253-0-1-0.05-50-0 0 2432 9 38 13 8 0.6134 0.6163 161 270
253-0-1-0.05-50-0 0 2433 1 13 8 5 0.2520 0.8878 409 151
253-0-1-0.05-50-0 0 2433 38 1 7 8 0.6163 0.2520 270 409
253-0-1-0.05-50-0 0 2434 38 30 7 2 0.6163 0.6008 270 266
253-0-1-0.05-50-0 0 2434 30 1 1 7 0.6008 0.2520 266 409
253-0-1-0.05-50-0 0 2434 10 9 36 14 0.2533 0.6134 449 161
253-0-1-0.05-50-0 0 2435 15 6 5 17 0.7918 0.4266 149 249
253-0-1-0.05-50-0 0 2435 10 19 36 2 0.2533 0.8072 449 134
253-0-1-0.05-50-0 0 2435 10 10 36 36 0.2533 0.2533 449 449
253-0-1-0.05-50-0 0 2436 9 4 12 4 0.6134 0.0723 161 351
253-0-1-0.05-50-0 0 2436 28 10 1 34 0.3846 0.2533 311 449
253-0-1-0.05-50-0 0 2436 10 6 33 16 0.2533 0.4266 449 249
253-0-1-0.05-50-0 0 2437 10 48 33 3 0.2533 0.1153 449 334
253-0-1-0.05-50-0 0 2437 49 10 4 33 0.1842 0.2533 136 449
253-0-1-0.05-50-0 0 2437 10 9 32 12 0.2533 0.6134 449 161
253-0-1-0.05-50-0 0 2438 9 10 13 33 0.6134 0.2533 161 449
253-0-1-0.05-50-0 0 2438 49 12 4 5 0.1842 0.1896 136 325
253-0-1-0.05-50-0 0 2438 11 39 4 2 0.0504 0.2187 384 309
253-0-1-0.05-50-0 0 2439 21 10 3 31 0.4184 0.2533 158 449
253-0-1-0.05-50-0 0 2439 9 50 12 4 0.6134 0.2147 161 147
253-0-1-0.05-50-0 0 2440 10 8 30 8 0.2533 0.2506 449 303
253-0-1-0.05-50-0 0 2440 49 39 4 2 0.1842 0.2187 136 309
253-0-1-0.05-50-0 0 2441 20 9 2 12 0.9922 0.6134 102 161
253-0-1-0.05-50-0 0 2441 1 10 8 31 0.2520 0.2533 409 449
253-0-1-0.05-50-0 0 2442 10 1 29 8 0.2533 0.2520 449 409
253-0-1-0.05-50-0 0 2442 10 1 29 7 0.2533 0.2520 449 409
253-0-1-0.05-50-0 0 2443 10 12 29 5 0.2533 0.1896 449 325
253-0-1-0.05-50-0 0 2443 49 15 4 7 0.1842 0.7918 136 149
253-0-1-0.05-50-0 0 2444 34 19 6 1 0.7448 0.8072 168 134
253-0-1-0.05-50-0 0 2444 47 38 6 7 0.9293 0.6163 103 270
253-0-1-0.05-50-0 0 2445 47 4 7 2 0.9293 0.0723 103 351
253-0-1-0.05-50-0 0 2445 6 10 15 30 0.4266 0.2533 249 449
253-0-1-0.05-50-0 0 2446 1 3 5 1 0.2520 0.4813 409 321
253-0-1-0.05-50-0 0 2446 24 50 1 3 0.1940 0.2147 254 147
253-0-1-0.05-50-0 0 2447 6 10 17 30 0.4266 0.2533 249 449
253-0-1-0.05-50-0 0 2447 5 34 3 6 0.0007 0.7448 226 168
253-0-1-0.05-50-0 0 2448 15 15 5 5 0.7918 0.7918 149 149
253-0-1-0.05-50-0 0 2448 9 18 10 6 0.6134 0.2181 161 226
253-0-1-0.05-50-0 0 2449 10 6 27 17 0.2533 0.4266 449 249
253-0-1-0.05-50-0 0 2449 38 10 5 27 0.6163 0.2533 270 449
253-0-1-0.05-50-0 0 2450 38 9 5 10 0.6163 0.6134 270 161
253-0-1-0.05-50-0 0 2450 20 40 2 1 0.9922 0.9739 102 104
253-0-1-0.05-50-0 0 2451 6 20 15 2 0.4266 0.9922 249 102
253-0-1-0.05-50-0 0 2451 22 10 1 28 0.0160 0.2533 311 449
253-0-1-0.05-50-0 0 2452 18 29 5 3 0.2181 0.6728 226 177
253-0-1-0.05-50-0 0 2452 20 47 1 9 0.9922 0.9293 102 103
253-0-1-0.05-50-0 0 2453 11 18 5 5 0.0504 0.2181 384 226
253-0-1-0.05-50-0 0 2453 6 41 16 2 0.4266 0.9621 249 105
253-0-1-0.05-50-0 0 2454 29 8 2 11 0.6728 0.2506 177 303
253-0-1-0.05-50-0 0 2454 11 9 5 11 0.0504 0.6134 384 161
253-0-1-0.05-50-0 0 2455 49 10 5 24 0.1842 0.2533 136 449
253-0-1-0.05-50-0 0 2455 8 29 11 2 0.2506 0.6728 303 177
253-0-1-0.05-50-0 0 2456 40 1 1 6 0.9739 0.2520 104 409
253-0-1-0.05-50-0 0 2456 47 10 9 25 0.9293 0.2533 103 449
253-0-1-0.05-50-0 0 2457 6 47 13 10 0.4266 0.9293 249 103
253-0-1-0.05-50-0 0 2457 2 8 7 10 0.8198 0.2506 167 303
253-0-1-0.05-50-0 0 2458 9 38 11 9 0.6134 0.6163 161 270
253-0-1-0.05-50-0 0 2458 38 11 8 5 0.6163 0.0504 270 384
253-0-1-0.05-50-0 0 2459 9 9 13 13 0.6134 0.6134 161 161
253-0-1-0.05-50-0 0 2459 8 10 8 23 0.2506 0.2533 303 449
253-0-1-0.05-50-0 0 2460 9 9 13 13 0.6134 0.6134 161 161
253-0-1-0.05-50-0 0 2460 6 13 14 2 0.4266 0.8878 249 151
253-0-1-0.05-50-0 0 2460 6 12 14 3 0.4266 0.1896 249 325
253-0-1-0.05-50-0 0 2461 8 11 8 4 0.2506 0.0504 303 384
253-0-1-0.05-50-0 0 2461 6 10 15 23 0.4266 0.2533 249 449
253-0-1-0.05-50-0 0 2461 49 38 4 12 0.1842 0.6163 136 270
253-0-1-0.05-50-0 0 2462 27 9 3 16 0.0776 0.6134 149 161
253-0-1-0.05-50-0 0 2462 1 47 5 12 0.2520 0.9293 409 103
253-0-1-0.05-50-0 0 2462 18 17 3 4 0.2181 0.6398 226 197
253-0-1-0.05-50-0 0 2463 50 2 3 6 0.2147 0.8198 147 167
253-0-1-0.05-50-0 0 2463 14 27 6 3 0.8451 0.0776 105 149
253-0-1-0.05-50-0 0 2463 49 10 4 24 0.1842 0.2533 136 449
253-0-1-0.05-50-0 0 2464 50 10 3 23 0.2147 0.2533 147 449
253-0-1-0.05-50-0 0 2464 1 14 5 6 0.2520 0.8451 409 105
253-0-1-0.05-50-0 0 2464 10 14 22 5 0.2533 0.8451 449 105
253-0-1-0.05-50-0 0 2465 9 47 14 12 0.6134 0.9293 161 103
253-0-1-0.05-50-0 0 2465 10 8 22 8 0.2533 0.2506 449 303
253-0-1-0.05-50-0 0 2465 14 9 4 14 0.8451 0.6134 105 161
253-0-1-0.05-50-0 0 2466 1 48 4 1 0.2520 0.1153 409 334
253-0-1-0.05-50-0 0 2466 6 6 17 17 0.4266 0.4266 249 249
253-0-1-0.05-50-0 0 2466 10 19 23 2 0.2533 0.8072 449 134
253-0-1-0.05-50-0 0 2467 8 50 8 3 0.2506 0.2147 303 147
253-0-1-0.05-50-0 0 2467 10 38 22 14 0.2533 0.6163 449 270
253-0-1-0.05-50-0 0 2467 9 2 14 7 0.6134 0.8198 161 167
253-0-1-0.05-50-0 0 2468 27 47 2 9 0.0776 0.9293 149 103
253-0-1-0.05-50-0 0 2468 47 12 8 3 0.9293 0.1896 103 325
253-0-1-0.05-50-0 0 2468 28 34 2 12 0.3846 0.7448 311 168
253-0-1-0.05-50-0 0 2469 47 15 8 3 0.9293 0.7918 103 149
253-0-1-0.05-50-0 0 2469 4 10 5 24 0.0723 0.2533 351 449
253-0-1-0.05-50-0 0 2469 20 9 1 12 0.9922 0.6134 102 161
253-0-1-0.05-50-0 0 2470 6 8 21 6 0.4266 0.2506 249 303
253-0-1-0.05-50-0 0 2470 32 4 1 6 0.6514 0.0723 215 351
253-0-1-0.05-50-0 0 2470 34 6 10 21 0.7448 0.4266 168 249
253-0-1-0.05-50-0 0 2471 9 6 11 20 0.6134 0.4266 161 249
253-0-1-0.05-50-0 0 2471 41 40 4 4 0.9621 0.9739 105 104
253-0-1-0.05-50-0 0 2471 41 10 4 21 0.9621 0.2533 105 449
253-0-1-0.05-50-0 0 2472 34 32 12 2 0.7448 0.6514 168 215
253-0-1-0.05-50-0 0 2472 28 9 1 12 0.3846 0.6134 311 161
253-0-1-0.05-50-0 0 2472 10 10 21 21 0.2533 0.2533 449 449
253-0-1-0.05-50-0 0 2473 10 49 21 9 0.2533 0.1842 449 136
253-0-1-0.05-50-0 0 2473 8 1 5 5 0.2506 0.2520 303 409
253-0-1-0.05-50-0 0 2473 4 10 7 21 0.0723 0.2533 351 449
253-0-1-0.05-50-0 0 2474 27 18 5 3 0.0776 0.2181 149 226
253-0-1-0.05-50-0 0 2474 10 9 19 11 0.2533 0.6134 449 161
253-0-1-0.05-50-0 0 2474 10 17 19 3 0.2533 0.6398 449 197
253-0-1-0.05-50-0 0 2475 6 10 14 18 0.4266 0.2533 249 449
253-0-1-0.05-50-0 0 2475 6 6 14 14 0.4266 0.4266 249 249
253-0-1-0.05-50-0 0 2475 24 6 3 13 0.1940 0.4266 254 249
253-0-1-0.05-50-0 0 2476 47 11 10 6 0.9293 0.0504 103 384
253-0-1-0.05-50-0 0 2476 24 4 3 7 0.1940 0.0723 254 351
253-0-1-0.05-50-0 0 2477 14 18 1 2 0.8451 0.2181 105 226
253-0-1-0.05-50-0 0 2477 38 47 12 12 0.6163 0.9293 270 103
253-0-1-0.05-50-0 0 2477 27 32 7 1 0.0776 0.6514 149 215
253-0-1-0.05-50-0 0 2478 34 6 15 11 0.7448 0.4266 168 249
253-0-1-0.05-50-0 0 2478 33 9 1 11 0.6893 0.6134 191 161
253-0-1-0.05-50-0 0 2478 34 10 15 16 0.7448 0.2533 168 449
253-0-1-0.05-50-0 0 2479 10 1 17 4 0.2533 0.2520 449 409
253-0-1-0.05-50-0 0 2479 11 2 5 5 0.0504 0.8198 384 167
253-0-1-0.05-50-0 0 2480 47 34 12 13 0.9293 0.7448 103 168
253-0-1-0.05-50-0 0 2480 47 28 12 1 0.9293 0.3846 103 311
253-0-1-0.05-50-0 0 2480 11 41 5 6 0.0504 0.9621 384 105
253-0-1-0.05-50-0 0 2481 6 24 10 2 0.4266 0.1940 249 254
253-0-1-0.05-50-0 0 2481 38 30 14 2 0.6163 0.6008 270 266
253-0-1-0.05-50-0 0 2481 17 6 4 10 0.6398 0.4266 197 249
253-0-1-0.05-50-0 0 2482 30 4 2 7 0.6008 0.0723 266 351
253-0-1-0.05-50-0 0 2482 10 9 19 10 0.2533 0.6134 449 161
253-0-1-0.05-50-0 0 2482 21 10 2 19 0.4184 0.2533 158 449
253-0-1-0.05-50-0 0 2483 33 8 2 4 0.6893 0.2506 191 303
253-0-1-0.05-50-0 0 2483 10 41 20 7 0.2533 0.9621 449 105
253-0-1-0.05-50-0 0 2483 34 34 15 15 0.7448 0.7448 168 168
253-0-1-0.05-50-0 0 2484 15 18 4 1 0.7918 0.2181 149 226
253-0-1-0.05-50-0 0 2484 41 5 6 2 0.9621 0.0007 105 226
253-0-1-0.05-50-0 0 2484 25 47 1 11 0.9430 0.9293 125 103
253-0-1-0.05-50-0 0 2485 41 10 6 19 0.9621 0.2533 105 449
253-0-1-0.05-50-0 0 2485 9 17 10 4 0.6134 0.6398 161 197
253-0-1-0.05-50-0 0 2485 47 34 10 14 0.9293 0.7448 103 168
253-0-1-0.05-50-0 0 2486 47 21 11 2 0.9293 0.4184 103 158
253-0-1-0.05-50-0 0 2486 6 10 9 18 0.4266 0.2533 249 449
253-0-1-0.05-50-0 0 2486 40 17 4 4 0.9739 0.6398 104 197
253-0-1-0.05-50-0 0 2487 25 41 1 5 0.9430 0.9621 125 105
253-0-1-0.05-50-0 0 2487 49 4 20 4 0.1842 0.0723 136 351
253-0-1-0.05-50-0 0 2487 10 47 18 10 0.2533 0.9293 449 103
253-0-1-0.05-50-0 0 2488 11 10 7 17 0.0504 0.2533 384 449
253-0-1-0.05-50-0 0 2488 2 6 6 10 0.8198 0.4266 167 249
253-0-1-0.05-50-0 0 2489 6 9 9 9 0.4266 0.6134 249 161
253-0-1-0.05-50-0 0 2489 34 33 12 6 0.7448 0.6893 168 191
253-0-1-0.05-50-0 0 2489 9 34 8 12 0.6134 0.7448 161 168
253-0-1-0.05-50-0 0 2490 10 47 19 7 0.2533 0.9293 449 103
253-0-1-0.05-50-0 0 2490 6 34 9 11 0.4266 0.7448 249 168
253-0-1-0.05-50-0 0 2490 47 17 6 3 0.9293 0.6398 103 197
253-0-1-0.05-50-0 0 2491 6 27 10 6 0.4266 0.0776 249 149
253-0-1-0.05-50-0 0 2491 19 49 1 16 0.8072 0.1842 134 136
253-0-1-0.05-50-0 0 2492 23 27 2 5 0.1698 0.0776 476 149
253-0-1-0.05-50-0 0 2492 11 49 7 15 0.0504 0.1842 384 136
253-0-1-0.05-50-0 0 2493 6 33 9 6 0.4266 0.6893 249 191
253-0-1-0.05-50-0 0 2493 49 49 14 14 0.1842 0.1842 136 136
253-0-1-0.05-50-0 0 2494 24 30 1 4 0.1940 0.6008 254 266
253-0-1-0.05-50-0 0 2494 34 34 11 11 0.7448 0.7448 168 168
253-0-1-0.05-50-0 0 2495 34 23 10 3 0.7448 0.1698 168 476
253-0-1-0.05-50-0 0 2495 30 38 2 8 0.6008 0.6163 266 270
253-0-1-0.05-50-0 0 2496 49 10 8 25 0.1842 0.2533 136 449
253-0-1-0.05-50-0 0 2496 10 16 24 2 0.2533 0.2228 449 149
253-0-1-0.05-50-0 0 2497 2 10 5 24 0.8198 0.2533 167 449
253-0-1-0.05-50-0 0 2497 10 6 23 13 0.2533 0.4266 449 249
253-0-1-0.05-50-0 0 2498 33 49 5 9 0.6893 0.1842 191 136
253-0-1-0.05-50-0 0 2498 41 27 3 4 0.9621 0.0776 105 149
253-0-1-0.05-50-0 0 2499 40 33 6 6 0.9739 0.6893 104 191
253-0-1-0.05-50-0 0 2499 49 40 9 6 0.1842 0.9739 136 104
253-0-1-0.05-50-0 0 2500 2 10 5 23 0.8198 0.2533 167 449
253-0-1-0.05-50-0 0 2500 38 10 5 22 0.6163 0.2533 270 449
