255-0-1-0.05-50-0 0 2302 39 3 18 3 0.2187 0.4813 309 321
255-0-1-0.05-50-0 0 2302 21 29 29 12 0.4184 0.6728 158 177
255-0-1-0.05-50-0 0 2303 36 12 7 1 0.8162 0.1896 165 325
255-0-1-0.05-50-0 0 2303 30 21 1 26 0.6008 0.4184 266 158
255-0-1-0.05-50-0 0 2304 36 36 7 7 0.8162 0.8162 165 165
255-0-1-0.05-50-0 0 2304 5 21 3 25 0.0007 0.4184 226 158
255-0-1-0.05-50-0 0 2305 46 21 10 25 0.3451 0.4184 327 158
255-0-1-0.05-50-0 0 2305 32 36 6 5 0.6514 0.8162 215 165
255-0-1-0.05-50-0 0 2306 46 39 9 17 0.3451 0.2187 327 309
255-0-1-0.05-50-0 0 2306 30 38 1 6 0.6008 0.6163 266 270
255-0-1-0.05-50-0 0 2307 43 29 4 10 0.8316 0.6728 123 177
255-0-1-0.05-50-0 0 2307 21 29 23 9 0.4184 0.6728 158 177
255-0-1-0.05-50-0 0 2308 10 46 1 8 0.2533 0.3451 449 327
255-0-1-0.05-50-0 0 2308 45 40 9 1 0.3816 0.9739 173 104
255-0-1-0.05-50-0 0 2309 21 2 21 5 0.4184 0.8198 158 167
255-0-1-0.05-50-0 0 2309 32 21 7 21 0.6514 0.4184 215 158
255-0-1-0.05-50-0 0 2310 46 45 9 8 0.3451 0.3816 327 173
255-0-1-0.05-50-0 0 2310 4 38 1 3 0.0723 0.6163 351 270
255-0-1-0.05-50-0 0 2311 23 24 7 7 0.1698 0.1940 476 254
255-0-1-0.05-50-0 0 2311 5 39 3 16 0.0007 0.2187 226 309
255-0-1-0.05-50-0 0 2312 48 44 1 1 0.1153 0.7034 334 118
255-0-1-0.05-50-0 0 2312 1 46 2 10 0.2520 0.3451 409 327
255-0-1-0.05-50-0 0 2313 39 24 14 6 0.2187 0.1940 309 254
255-0-1-0.05-50-0 0 2313 39 21 14 18 0.2187 0.4184 309 158
255-0-1-0.05-50-0 0 2314 29 24 8 7 0.6728 0.1940 177 254
255-0-1-0.05-50-0 0 2314 45 36 6 5 0.3816 0.8162 173 165
255-0-1-0.05-50-0 0 2315 39 21 16 16 0.2187 0.4184 309 158
255-0-1-0.05-50-0 0 2315 21 14 15 6 0.4184 0.8451 158 105
255-0-1-0.05-50-0 0 2316 39 39 16 16 0.2187 0.2187 309 309
255-0-1-0.05-50-0 0 2316 24 46 6 10 0.1940 0.3451 254 327
255-0-1-0.05-50-0 0 2317 23 39 8 17 0.1698 0.2187 476 309
255-0-1-0.05-50-0 0 2317 24 29 7 7 0.1940 0.6728 254 177
255-0-1-0.05-50-0 0 2318 46 32 10 7 0.3451 0.6514 327 215
255-0-1-0.05-50-0 0 2318 46 38 10 3 0.3451 0.6163 327 270
255-0-1-0.05-50-0 0 2319 39 32 17 5 0.2187 0.6514 309 215
255-0-1-0.05-50-0 0 2319 7 46 2 11 0.9267 0.3451 106 327
255-0-1-0.05-50-0 0 2320 23 39 9 17 0.1698 0.2187 476 309
255-0-1-0.05-50-0 0 2320 36 29 7 8 0.8162 0.6728 165 177
255-0-1-0.05-50-0 0 2321 24 5 7 5 0.1940 0.0007 254 226
255-0-1-0.05-50-0 0 2321 32 23 4 9 0.6514 0.1698 215 476
255-0-1-0.05-50-0 0 2322 39 23 15 8 0.2187 0.1698 309 476
255-0-1-0.05-50-0 0 2322 43 29 4 9 0.8316 0.6728 123 177
255-0-1-0.05-50-0 0 2323 24 32 5 6 0.1940 0.6514 254 215
255-0-1-0.05-50-0 0 2323 14 37 3 1 0.8451 0.8481 105 127
255-0-1-0.05-50-0 0 2324 25 43 1 4 0.9430 0.8316 125 123
255-0-1-0.05-50-0 0 2324 34 38 4 2 0.7448 0.6163 168 270
255-0-1-0.05-50-0 0 2325 34 14 4 2 0.7448 0.8451 168 105
255-0-1-0.05-50-0 0 2325 15 39 1 15 0.7918 0.2187 149 309
255-0-1-0.05-50-0 0 2326 29 34 9 5 0.6728 0.7448 177 168
255-0-1-0.05-50-0 0 2326 21 2 16 4 0.4184 0.8198 158 167
255-0-1-0.05-50-0 0 2327 21 18 14 4 0.4184 0.2181 158 226
255-0-1-0.05-50-0 0 2327 24 21 5 14 0.1940 0.4184 254 158
255-0-1-0.05-50-0 0 2328 45 18 10 3 0.3816 0.2181 173 226
255-0-1-0.05-50-0 0 2328 49 39 1 15 0.1842 0.2187 136 309
255-0-1-0.05-50-0 0 2329 17 23 3 10 0.6398 0.1698 197 476
255-0-1-0.05-50-0 0 2329 23 46 9 10 0.1698 0.3451 476 327
255-0-1-0.05-50-0 0 2330 1 32 1 7 0.2520 0.6514 409 215
255-0-1-0.05-50-0 0 2330 44 21 1 13 0.7034 0.4184 118 158
255-0-1-0.05-50-0 0 2331 49 29 1 6 0.1842 0.6728 136 177
255-0-1-0.05-50-0 0 2331 39 24 11 3 0.2187 0.1940 309 254
255-0-1-0.05-50-0 0 2332 7 39 2 11 0.9267 0.2187 106 309
255-0-1-0.05-50-0 0 2332 25 45 1 11 0.9430 0.3816 125 173
255-0-1-0.05-50-0 0 2333 29 46 5 12 0.6728 0.3451 177 327
255-0-1-0.05-50-0 0 2333 29 10 5 1 0.6728 0.2533 177 449
255-0-1-0.05-50-0 0 2334 39 15 10 2 0.2187 0.7918 309 149
255-0-1-0.05-50-0 0 2334 32 32 8 8 0.6514 0.6514 215 215
255-0-1-0.05-50-0 0 2335 18 34 2 2 0.2181 0.7448 226 168
255-0-1-0.05-50-0 0 2335 46 29 12 5 0.3451 0.6728 327 177
255-0-1-0.05-50-0 0 2336 46 23 11 9 0.3451 0.1698 327 476
255-0-1-0.05-50-0 0 2336 46 2 11 4 0.3451 0.8198 327 167
255-0-1-0.05-50-0 0 2337 2 24 3 2 0.8198 0.1940 167 254
255-0-1-0.05-50-0 0 2337 17 45 2 8 0.6398 0.3816 197 173
255-0-1-0.05-50-0 0 2338 45 36 8 8 0.3816 0.8162 173 165
255-0-1-0.05-50-0 0 2338 19 21 1 14 0.8072 0.4184 134 158
255-0-1-0.05-50-0 0 2339 21 39 12 14 0.4184 0.2187 158 309
255-0-1-0.05-50-0 0 2339 32 37 9 1 0.6514 0.8481 215 127
255-0-1-0.05-50-0 0 2340 24 23 2 7 0.1940 0.1698 254 476
255-0-1-0.05-50-0 0 2340 21 32 11 9 0.4184 0.6514 158 215
255-0-1-0.05-50-0 0 2341 43 45 3 6 0.8316 0.3816 123 173
255-0-1-0.05-50-0 0 2341 32 49 8 1 0.6514 0.1842 215 136
255-0-1-0.05-50-0 0 2342 39 32 13 9 0.2187 0.6514 309 215
255-0-1-0.05-50-0 0 2342 32 32 8 8 0.6514 0.6514 215 215
255-0-1-0.05-50-0 0 2343 39 1 14 4 0.2187 0.2520 309 409
255-0-1-0.05-50-0 0 2343 39 46 14 10 0.2187 0.3451 309 327
255-0-1-0.05-50-0 0 2344 39 39 14 14 0.2187 0.2187 309 309
255-0-1-0.05-50-0 0 2344 50 21 1 13 0.2147 0.4184 147 158
255-0-1-0.05-50-0 0 2345 18 7 2 1 0.2181 0.9267 226 106
255-0-1-0.05-50-0 0 2345 4 39 1 12 0.0723 0.2187 351 309
255-0-1-0.05-50-0 0 2346 44 29 1 2 0.7034 0.6728 118 177
255-0-1-0.05-50-0 0 2346 45 32 4 8 0.3816 0.6514 173 215
255-0-1-0.05-50-0 0 2347 23 36 7 9 0.1698 0.8162 476 165
255-0-1-0.05-50-0 0 2347 47 26 1 1 0.9293 0.8171 103 141
255-0-1-0.05-50-0 0 2348 9 14 4 1 0.6134 0.8451 161 105
255-0-1-0.05-50-0 0 2348 21 23 15 7 0.4184 0.1698 158 476
255-0-1-0.05-50-0 0 2349 21 24 16 1 0.4184 0.1940 158 254
255-0-1-0.05-50-0 0 2349 36 36 10 10 0.8162 0.8162 165 165
255-0-1-0.05-50-0 0 2350 9 27 4 9 0.6134 0.0776 161 149
255-0-1-0.05-50-0 0 2350 32 36 7 9 0.6514 0.8162 215 165
255-0-1-0.05-50-0 0 2351 27 46 9 10 0.0776 0.3451 149 327
255-0-1-0.05-50-0 0 2351 2 39 4 12 0.8198 0.2187 167 309
255-0-1-0.05-50-0 0 2352 35 46 2 9 0.0354 0.3451 158 327
255-0-1-0.05-50-0 0 2352 46 48 8 2 0.3451 0.1153 327 334
255-0-1-0.05-50-0 0 2353 21 32 21 8 0.4184 0.6514 158 215
255-0-1-0.05-50-0 0 2353 21 21 21 21 0.4184 0.4184 158 158
255-0-1-0.05-50-0 0 2354 9 48 5 1 0.6134 0.1153 161 334
255-0-1-0.05-50-0 0 2354 23 36 6 7 0.1698 0.8162 476 165
255-0-1-0.05-50-0 0 2355 5 46 4 8 0.0007 0.3451 226 327
255-0-1-0.05-50-0 0 2355 5 22 4 1 0.0007 0.0160 226 311
255-0-1-0.05-50-0 0 2356 35 36 1 4 0.0354 0.8162 158 165
255-0-1-0.05-50-0 0 2356 17 5 2 6 0.6398 0.0007 197 226
255-0-1-0.05-50-0 0 2357 45 45 7 7 0.3816 0.3816 173 173
255-0-1-0.05-50-0 0 2357 27 39 13 13 0.0776 0.2187 149 309
255-0-1-0.05-50-0 0 2358 46 9 7 5 0.3451 0.6134 327 161
255-0-1-0.05-50-0 0 2358 6 21 2 21 0.4266 0.4184 249 158
255-0-1-0.05-50-0 0 2359 15 21 4 20 0.7918 0.4184 149 158
255-0-1-0.05-50-0 0 2359 27 2 16 5 0.0776 0.8198 149 167
255-0-1-0.05-50-0 0 2360 23 43 5 2 0.1698 0.8316 476 123
255-0-1-0.05-50-0 0 2360 21 46 16 6 0.4184 0.3451 158 327
255-0-1-0.05-50-0 0 2361 21 45 16 4 0.4184 0.3816 158 173
255-0-1-0.05-50-0 0 2361 39 9 11 6 0.2187 0.6134 309 161
255-0-1-0.05-50-0 0 2362 27 5 16 6 0.0776 0.0007 149 226
255-0-1-0.05-50-0 0 2362 44 27 1 16 0.7034 0.0776 118 149
255-0-1-0.05-50-0 0 2363 21 6 15 2 0.4184 0.4266 158 249
255-0-1-0.05-50-0 0 2363 45 45 3 3 0.3816 0.3816 173 173
255-0-1-0.05-50-0 0 2364 15 21 6 16 0.7918 0.4184 149 158
255-0-1-0.05-50-0 0 2364 23 27 4 12 0.1698 0.0776 476 149
255-0-1-0.05-50-0 0 2365 9 46 6 6 0.6134 0.3451 161 327
255-0-1-0.05-50-0 0 2365 27 9 12 6 0.0776 0.6134 149 161
255-0-1-0.05-50-0 0 2366 8 6 2 1 0.2506 0.4266 303 249
255-0-1-0.05-50-0 0 2366 32 46 5 5 0.6514 0.3451 215 327
255-0-1-0.05-50-0 0 2367 39 9 12 4 0.2187 0.6134 309 161
255-0-1-0.05-50-0 0 2367 12 15 2 6 0.1896 0.7918 325 149
255-0-1-0.05-50-0 0 2368 48 36 2 4 0.1153 0.8162 334 165
255-0-1-0.05-50-0 0 2368 39 23 12 5 0.2187 0.1698 309 476
255-0-1-0.05-50-0 0 2369 1 45 6 2 0.2520 0.3816 409 173
255-0-1-0.05-50-0 0 2369 4 5 3 6 0.0723 0.0007 351 226
255-0-1-0.05-50-0 0 2370 46 25 5 1 0.3451 0.9430 327 125
255-0-1-0.05-50-0 0 2370 44 39 2 10 0.7034 0.2187 118 309
255-0-1-0.05-50-0 0 2371 27 2 9 3 0.0776 0.8198 149 167
255-0-1-0.05-50-0 0 2371 15 5 6 5 0.7918 0.0007 149 226
255-0-1-0.05-50-0 0 2372 46 18 5 2 0.3451 0.2181 327 226
255-0-1-0.05-50-0 0 2373 36 21 4 16 0.8162 0.4184 165 158
255-0-1-0.05-50-0 0 2373 1 23 4 4 0.2520 0.1698 409 476
255-0-1-0.05-50-0 0 2374 29 17 4 2 0.6728 0.6398 177 197
255-0-1-0.05-50-0 0 2374 29 36 4 4 0.6728 0.8162 177 165
255-0-1-0.05-50-0 0 2375 21 15 14 5 0.4184 0.7918 158 149
255-0-1-0.05-50-0 0 2375 8 36 4 3 0.2506 0.8162 303 165
255-0-1-0.05-50-0 0 2376 39 1 8 4 0.2187 0.2520 309 409
255-0-1-0.05-50-0 0 2376 45 27 2 9 0.3816 0.0776 173 149
255-0-1-0.05-50-0 0 2377 21 50 15 3 0.4184 0.2147 158 147
255-0-1-0.05-50-0 0 2377 46 27 8 8 0.3451 0.0776 327 149
255-0-1-0.05-50-0 0 2378 39 46 9 8 0.2187 0.3451 309 327
255-0-1-0.05-50-0 0 2378 38 12 2 2 0.6163 0.1896 270 325
255-0-1-0.05-50-0 0 2379 21 32 15 4 0.4184 0.6514 158 215
255-0-1-0.05-50-0 0 2380 21 15 14 5 0.4184 0.7918 158 149
255-0-1-0.05-50-0 0 2381 27 48 9 4 0.0776 0.1153 149 334
255-0-1-0.05-50-0 0 2381 20 9 2 4 0.9922 0.6134 102 161
255-0-1-0.05-50-0 0 2382 9 48 3 3 0.6134 0.1153 161 334
255-0-1-0.05-50-0 0 2382 21 50 14 2 0.4184 0.2147 158 147
255-0-1-0.05-50-0 0 2383 15 41 5 2 0.7918 0.9621 149 105
255-0-1-0.05-50-0 0 2383 39 41 9 1 0.2187 0.9621 309 105
255-0-1-0.05-50-0 0 2384 46 29 7 10 0.3451 0.6728 327 177
255-0-1-0.05-50-0 0 2384 5 1 5 6 0.0007 0.2520 226 409
255-0-1-0.05-50-0 0 2385 46 8 8 6 0.3451 0.2506 327 303
255-0-1-0.05-50-0 0 2385 21 23 15 2 0.4184 0.1698 158 476
255-0-1-0.05-50-0 0 2386 9 8 5 6 0.6134 0.2506 161 303
255-0-1-0.05-50-0 0 2386 2 39 2 10 0.8198 0.2187 167 309
255-0-1-0.05-50-0 0 2387 23 21 3 15 0.1698 0.4184 476 158
255-0-1-0.05-50-0 0 2387 21 39 14 9 0.4184 0.2187 158 309
255-0-1-0.05-50-0 0 2388 39 29 8 10 0.2187 0.6728 309 177
255-0-1-0.05-50-0 0 2388 44 36 5 2 0.7034 0.8162 118 165
255-0-1-0.05-50-0 0 2389 23 14 3 2 0.1698 0.8451 476 105
255-0-1-0.05-50-0 0 2389 39 8 8 4 0.2187 0.2506 309 303
255-0-1-0.05-50-0 0 2390 9 29 4 9 0.6134 0.6728 161 177
255-0-1-0.05-50-0 0 2390 14 1 1 5 0.8451 0.2520 105 409
255-0-1-0.05-50-0 0 2391 1 21 4 12 0.2520 0.4184 409 158
255-0-1-0.05-50-0 0 2391 5 46 8 8 0.0007 0.3451 226 327
255-0-1-0.05-50-0 0 2392 21 29 11 8 0.4184 0.6728 158 177
255-0-1-0.05-50-0 0 2392 23 32 3 5 0.1698 0.6514 476 215
255-0-1-0.05-50-0 0 2393 15 32 4 4 0.7918 0.6514 149 215
255-0-1-0.05-50-0 0 2393 27 11 11 4 0.0776 0.0504 149 384
255-0-1-0.05-50-0 0 2394 27 9 12 5 0.0776 0.6134 149 161
255-0-1-0.05-50-0 0 2394 45 21 4 12 0.3816 0.4184 173 158
255-0-1-0.05-50-0 0 2395 39 11 9 3 0.2187 0.0504 309 384
255-0-1-0.05-50-0 0 2395 39 46 9 8 0.2187 0.3451 309 327
255-0-1-0.05-50-0 0 2396 20 21 2 13 0.9922 0.4184 102 158
255-0-1-0.05-50-0 0 2396 17 21 1 12 0.6398 0.4184 197 158
255-0-1-0.05-50-0 0 2397 46 46 9 9 0.3451 0.3451 327 327
255-0-1-0.05-50-0 0 2397 29 17 8 1 0.6728 0.6398 177 197
255-0-1-0.05-50-0 0 2398 5 28 10 2 0.0007 0.3846 226 311
255-0-1-0.05-50-0 0 2398 29 46 7 10 0.6728 0.3451 177 327
255-0-1-0.05-50-0 0 2399 29 9 6 5 0.6728 0.6134 177 161
255-0-1-0.05-50-0 0 2399 41 4 2 4 0.9621 0.0723 105 351
255-0-1-0.05-50-0 0 2400 45 24 5 2 0.3816 0.1940 173 254
255-0-1-0.05-50-0 0 2400 45 45 5 5 0.3816 0.3816 173 173
255-0-1-0.05-50-0 0 2401 9 28 4 1 0.6134 0.3846 161 311
255-0-1-0.05-50-0 0 2401 39 32 14 4 0.2187 0.6514 309 215
255-0-1-0.05-50-0 0 2402 48 38 10 2 0.1153 0.6163 334 270
255-0-1-0.05-50-0 0 2402 15 15 5 5 0.7918 0.7918 149 149
255-0-1-0.05-50-0 0 2403 5 27 8 15 0.0007 0.0776 226 149
255-0-1-0.05-50-0 0 2403 11 27 2 14 0.0504 0.0776 384 149
255-0-1-0.05-50-0 0 2404 46 20 9 4 0.3451 0.9922 327 102
255-0-1-0.05-50-0 0 2404 45 5 7 8 0.3816 0.0007 173 226
255-0-1-0.05-50-0 0 2405 15 29 5 8 0.7918 0.6728 149 177
255-0-1-0.05-50-0 0 2405 15 8 5 5 0.7918 0.2506 149 303
255-0-1-0.05-50-0 0 2406 32 48 4 10 0.6514 0.1153 215 334
255-0-1-0.05-50-0 0 2406 21 9 9 5 0.4184 0.6134 158 161
255-0-1-0.05-50-0 0 2407 5 46 7 9 0.0007 0.3451 226 327
255-0-1-0.05-50-0 0 2407 39 39 16 16 0.2187 0.2187 309 309
255-0-1-0.05-50-0 0 2408 31 46 1 8 0.5626 0.3451 252 327
255-0-1-0.05-50-0 0 2408 48 45 8 10 0.1153 0.3816 334 173
255-0-1-0.05-50-0 0 2409 24 27 1 18 0.1940 0.0776 254 149
255-0-1-0.05-50-0 0 2409 8 45 4 10 0.2506 0.3816 303 173
255-0-1-0.05-50-0 0 2410 15 32 5 5 0.7918 0.6514 149 215
255-0-1-0.05-50-0 0 2410 14 45 3 10 0.8451 0.3816 105 173
255-0-1-0.05-50-0 0 2411 32 27 4 20 0.6514 0.0776 215 149
255-0-1-0.05-50-0 0 2411 39 39 15 15 0.2187 0.2187 309 309
255-0-1-0.05-50-0 0 2412 27 27 19 19 0.0776 0.0776 149 149
255-0-1-0.05-50-0 0 2412 27 39 18 16 0.0776 0.2187 149 309
255-0-1-0.05-50-0 0 2413 39 27 13 18 0.2187 0.0776 309 149
255-0-1-0.05-50-0 0 2413 21 48 6 9 0.4184 0.1153 158 334
255-0-1-0.05-50-0 0 2414 5 39 7 12 0.0007 0.2187 226 309
255-0-1-0.05-50-0 0 2414 44 36 6 4 0.7034 0.8162 118 165
255-0-1-0.05-50-0 0 2415 41 47 1 4 0.9621 0.9293 105 103
255-0-1-0.05-50-0 0 2415 15 4 5 4 0.7918 0.0723 149 351
255-0-1-0.05-50-0 0 2416 39 9 11 5 0.2187 0.6134 309 161
255-0-1-0.05-50-0 0 2416 9 33 4 3 0.6134 0.6893 161 191
255-0-1-0.05-50-0 0 2417 36 4 2 4 0.8162 0.0723 165 351
255-0-1-0.05-50-0 0 2417 39 39 12 12 0.2187 0.2187 309 309
255-0-1-0.05-50-0 0 2418 5 27 8 16 0.0007 0.0776 226 149
255-0-1-0.05-50-0 0 2418 11 23 8 4 0.0504 0.1698 384 476
255-0-1-0.05-50-0 0 2419 5 42 8 2 0.0007 0.7447 226 106
255-0-1-0.05-50-0 0 2419 47 45 3 11 0.9293 0.3816 103 173
255-0-1-0.05-50-0 0 2420 44 39 8 11 0.7034 0.2187 118 309
255-0-1-0.05-50-0 0 2420 17 27 2 17 0.6398 0.0776 197 149
255-0-1-0.05-50-0 0 2420 47 24 4 1 0.9293 0.1940 103 254
255-0-1-0.05-50-0 0 2421 43 11 1 7 0.8316 0.0504 123 384
255-0-1-0.05-50-0 0 2421 21 21 10 10 0.4184 0.4184 158 158
255-0-1-0.05-50-0 0 2421 32 8 4 9 0.6514 0.2506 215 303
255-0-1-0.05-50-0 0 2422 29 48 9 10 0.6728 0.1153 177 334
255-0-1-0.05-50-0 0 2422 11 1 6 4 0.0504 0.2520 384 409
255-0-1-0.05-50-0 0 2422 27 1 17 3 0.0776 0.2520 149 409
255-0-1-0.05-50-0 0 2423 1 44 2 10 0.2520 0.7034 409 118
255-0-1-0.05-50-0 0 2423 5 27 6 15 0.0007 0.0776 226 149
255-0-1-0.05-50-0 0 2424 45 1 9 2 0.3816 0.2520 173 409
255-0-1-0.05-50-0 0 2424 46 39 10 10 0.3451 0.2187 327 309
255-0-1-0.05-50-0 0 2425 29 10 11 2 0.6728 0.2533 177 449
255-0-1-0.05-50-0 0 2425 11 5 8 6 0.0504 0.0007 384 226
255-0-1-0.05-50-0 0 2426 39 44 7 9 0.2187 0.7034 309 118
255-0-1-0.05-50-0 0 2426 39 47 7 4 0.2187 0.9293 309 103
255-0-1-0.05-50-0 0 2427 27 48 12 11 0.0776 0.1153 149 334
255-0-1-0.05-50-0 0 2427 21 11 11 9 0.4184 0.0504 158 384
255-0-1-0.05-50-0 0 2428 27 29 14 10 0.0776 0.6728 149 177
255-0-1-0.05-50-0 0 2428 27 21 14 12 0.0776 0.4184 149 158
255-0-1-0.05-50-0 0 2429 47 10 3 2 0.9293 0.2533 103 449
255-0-1-0.05-50-0 0 2429 2 23 2 4 0.8198 0.1698 167 476
255-0-1-0.05-50-0 0 2429 48 27 11 14 0.1153 0.0776 334 149
255-0-1-0.05-50-0 0 2430 17 17 3 3 0.6398 0.6398 197 197
255-0-1-0.05-50-0 0 2430 45 36 12 2 0.3816 0.8162 173 165
255-0-1-0.05-50-0 0 2430 29 45 9 12 0.6728 0.3816 177 173
255-0-1-0.05-50-0 0 2431 41 45 1 11 0.9621 0.3816 105 173
255-0-1-0.05-50-0 0 2431 29 16 9 1 0.6728 0.2228 177 149
255-0-1-0.05-50-0 0 2431 45 21 10 14 0.3816 0.4184 173 158
255-0-1-0.05-50-0 0 2432 14 21 3 14 0.8451 0.4184 105 158
255-0-1-0.05-50-0 0 2432 29 17 9 2 0.6728 0.6398 177 197
255-0-1-0.05-50-0 0 2432 48 27 16 12 0.1153 0.0776 334 149
255-0-1-0.05-50-0 0 2433 39 29 9 10 0.2187 0.6728 309 177
255-0-1-0.05-50-0 0 2433 19 5 4 6 0.8072 0.0007 134 226
255-0-1-0.05-50-0 0 2433 8 21 9 14 0.2506 0.4184 303 158
255-0-1-0.05-50-0 0 2434 8 32 8 6 0.2506 0.6514 303 215
255-0-1-0.05-50-0 0 2434 21 48 13 18 0.4184 0.1153 158 334
255-0-1-0.05-50-0 0 2434 21 29 13 8 0.4184 0.6728 158 177
255-0-1-0.05-50-0 0 2435 32 27 7 13 0.6514 0.0776 215 149
255-0-1-0.05-50-0 0 2435 21 44 12 10 0.4184 0.7034 158 118
255-0-1-0.05-50-0 0 2435 34 48 2 18 0.7448 0.1153 168 334
255-0-1-0.05-50-0 0 2436 27 27 13 13 0.0776 0.0776 149 149
255-0-1-0.05-50-0 0 2436 48 32 17 7 0.1153 0.6514 334 215
255-0-1-0.05-50-0 0 2436 29 46 7 11 0.6728 0.3451 177 327
255-0-1-0.05-50-0 0 2437 22 8 1 11 0.0160 0.2506 311 303
255-0-1-0.05-50-0 0 2437 44 47 9 3 0.7034 0.9293 118 103
255-0-1-0.05-50-0 0 2437 48 11 18 10 0.1153 0.0504 334 384
255-0-1-0.05-50-0 0 2438 46 22 11 1 0.3451 0.0160 327 311
255-0-1-0.05-50-0 0 2438 41 39 1 8 0.9621 0.2187 105 309
255-0-1-0.05-50-0 0 2438 11 4 10 4 0.0504 0.0723 384 351
255-0-1-0.05-50-0 0 2439 48 47 16 2 0.1153 0.9293 334 103
255-0-1-0.05-50-0 0 2439 48 48 16 16 0.1153 0.1153 334 334
255-0-1-0.05-50-0 0 2439 48 21 15 11 0.1153 0.4184 334 158
255-0-1-0.05-50-0 0 2440 5 49 5 2 0.0007 0.1842 226 136
255-0-1-0.05-50-0 0 2440 39 5 6 5 0.2187 0.0007 309 226
255-0-1-0.05-50-0 0 2440 45 34 7 2 0.3816 0.7448 173 168
255-0-1-0.05-50-0 0 2441 44 46 12 12 0.7034 0.3451 118 327
255-0-1-0.05-50-0 0 2441 48 11 14 9 0.1153 0.0504 334 384
255-0-1-0.05-50-0 0 2441 17 45 4 6 0.6398 0.3816 197 173
255-0-1-0.05-50-0 0 2442 17 8 4 12 0.6398 0.2506 197 303
255-0-1-0.05-50-0 0 2442 44 39 12 6 0.7034 0.2187 118 309
255-0-1-0.05-50-0 0 2442 21 40 11 2 0.4184 0.9739 158 104
255-0-1-0.05-50-0 0 2443 15 49 5 1 0.7918 0.1842 149 136
255-0-1-0.05-50-0 0 2443 44 44 12 12 0.7034 0.7034 118 118
255-0-1-0.05-50-0 0 2443 20 44 4 11 0.9922 0.7034 102 118
255-0-1-0.05-50-0 0 2444 32 8 5 11 0.6514 0.2506 215 303
255-0-1-0.05-50-0 0 2444 45 27 5 8 0.3816 0.0776 173 149
255-0-1-0.05-50-0 0 2445 5 23 4 6 0.0007 0.1698 226 476
255-0-1-0.05-50-0 0 2445 29 46 8 12 0.6728 0.3451 177 327
255-0-1-0.05-50-0 0 2445 48 8 13 10 0.1153 0.2506 334 303
255-0-1-0.05-50-0 0 2446 10 45 3 6 0.2533 0.3816 449 173
255-0-1-0.05-50-0 0 2446 21 21 10 10 0.4184 0.4184 158 158
255-0-1-0.05-50-0 0 2446 19 11 4 10 0.8072 0.0504 134 384
255-0-1-0.05-50-0 0 2447 21 33 9 5 0.4184 0.6893 158 191
255-0-1-0.05-50-0 0 2447 21 23 9 4 0.4184 0.1698 158 476
255-0-1-0.05-50-0 0 2447 17 40 4 2 0.6398 0.9739 197 104
255-0-1-0.05-50-0 0 2448 15 32 5 4 0.7918 0.6514 149 215
255-0-1-0.05-50-0 0 2448 46 21 13 9 0.3451 0.4184 327 158
255-0-1-0.05-50-0 0 2448 39 15 5 5 0.2187 0.7918 309 149
255-0-1-0.05-50-0 0 2449 4 38 9 2 0.0723 0.6163 351 270
255-0-1-0.05-50-0 0 2449 48 39 12 3 0.1153 0.2187 334 309
255-0-1-0.05-50-0 0 2449 44 39 11 2 0.7034 0.2187 118 309
255-0-1-0.05-50-0 0 2450 11 29 11 8 0.0504 0.6728 384 177
255-0-1-0.05-50-0 0 2450 11 8 11 11 0.0504 0.2506 384 303
255-0-1-0.05-50-0 0 2450 21 4 8 8 0.4184 0.0723 158 351
255-0-1-0.05-50-0 0 2451 48 47 12 2 0.1153 0.9293 334 103
255-0-1-0.05-50-0 0 2451 27 9 10 1 0.0776 0.6134 149 161
255-0-1-0.05-50-0 0 2451 46 45 13 3 0.3451 0.3816 327 173
255-0-1-0.05-50-0 0 2452 8 8 10 10 0.2506 0.2506 303 303
255-0-1-0.05-50-0 0 2452 15 19 4 6 0.7918 0.8072 149 134
255-0-1-0.05-50-0 0 2452 1 21 4 6 0.2520 0.4184 409 158
255-0-1-0.05-50-0 0 2453 46 27 13 9 0.3451 0.0776 327 149
255-0-1-0.05-50-0 0 2453 20 24 4 3 0.9922 0.1940 102 254
255-0-1-0.05-50-0 0 2453 8 15 9 4 0.2506 0.7918 303 149
255-0-1-0.05-50-0 0 2454 33 11 4 14 0.6893 0.0504 191 384
255-0-1-0.05-50-0 0 2454 44 1 10 4 0.7034 0.2520 118 409
255-0-1-0.05-50-0 0 2454 8 20 10 4 0.2506 0.9922 303 102
255-0-1-0.05-50-0 0 2455 34 4 4 5 0.7448 0.0723 168 351
255-0-1-0.05-50-0 0 2455 44 44 10 10 0.7034 0.7034 118 118
255-0-1-0.05-50-0 0 2455 38 27 2 8 0.6163 0.0776 270 149
255-0-1-0.05-50-0 0 2456 33 39 4 1 0.6893 0.2187 191 309
255-0-1-0.05-50-0 0 2456 10 17 7 5 0.2533 0.6398 449 197
255-0-1-0.05-50-0 0 2457 29 11 10 13 0.6728 0.0504 177 384
255-0-1-0.05-50-0 0 2457 36 11 1 12 0.8162 0.0504 165 384
255-0-1-0.05-50-0 0 2458 33 8 4 11 0.6893 0.2506 191 303
255-0-1-0.05-50-0 0 2458 29 35 11 2 0.6728 0.0354 177 158
255-0-1-0.05-50-0 0 2459 48 34 11 4 0.1153 0.7448 334 168
255-0-1-0.05-50-0 0 2459 33 29 4 11 0.6893 0.6728 191 177
255-0-1-0.05-50-0 0 2460 1 23 3 4 0.2520 0.1698 409 476
255-0-1-0.05-50-0 0 2460 50 27 2 5 0.2147 0.0776 147 149
255-0-1-0.05-50-0 0 2460 34 23 3 3 0.7448 0.1698 168 476
255-0-1-0.05-50-0 0 2461 34 29 3 10 0.7448 0.6728 168 177
255-0-1-0.05-50-0 0 2461 32 46 2 13 0.6514 0.3451 215 327
255-0-1-0.05-50-0 0 2461 48 44 11 9 0.1153 0.7034 334 118
255-0-1-0.05-50-0 0 2462 29 25 9 1 0.6728 0.9430 177 125
255-0-1-0.05-50-0 0 2462 21 10 4 16 0.4184 0.2533 158 449
255-0-1-0.05-50-0 0 2462 11 46 11 13 0.0504 0.3451 384 327
255-0-1-0.05-50-0 0 2463 5 30 5 3 0.0007 0.6008 226 266
255-0-1-0.05-50-0 0 2463 5 24 5 3 0.0007 0.1940 226 254
255-0-1-0.05-50-0 0 2463 21 16 4 2 0.4184 0.2228 158 149
255-0-1-0.05-50-0 0 2464 5 4 5 7 0.0007 0.0723 226 351
255-0-1-0.05-50-0 0 2464 17 4 4 6 0.6398 0.0723 197 351
255-0-1-0.05-50-0 0 2464 27 8 4 12 0.0776 0.2506 149 303
255-0-1-0.05-50-0 0 2465 46 48 12 12 0.3451 0.1153 327 334
255-0-1-0.05-50-0 0 2465 5 10 5 20 0.0007 0.2533 226 449
255-0-1-0.05-50-0 0 2465 21 37 4 1 0.4184 0.8481 158 127
255-0-1-0.05-50-0 0 2466 19 10 7 19 0.8072 0.2533 134 449
255-0-1-0.05-50-0 0 2466 48 48 12 12 0.1153 0.1153 334 334
255-0-1-0.05-50-0 0 2466 30 8 3 10 0.6008 0.2506 266 303
255-0-1-0.05-50-0 0 2467 19 44 7 11 0.8072 0.7034 134 118
255-0-1-0.05-50-0 0 2467 11 48 10 11 0.0504 0.1153 384 334
255-0-1-0.05-50-0 0 2467 8 33 9 7 0.2506 0.6893 303 191
255-0-1-0.05-50-0 0 2468 10 44 22 10 0.2533 0.7034 449 118
255-0-1-0.05-50-0 0 2468 17 4 5 8 0.6398 0.0723 197 351
255-0-1-0.05-50-0 0 2468 44 10 9 22 0.7034 0.2533 118 449
255-0-1-0.05-50-0 0 2469 10 34 22 4 0.2533 0.7448 449 168
255-0-1-0.05-50-0 0 2469 38 4 3 7 0.6163 0.0723 270 351
255-0-1-0.05-50-0 0 2469 48 11 9 10 0.1153 0.0504 334 384
255-0-1-0.05-50-0 0 2470 20 10 2 22 0.9922 0.2533 102 449
255-0-1-0.05-50-0 0 2470 11 33 9 6 0.0504 0.6893 384 191
255-0-1-0.05-50-0 0 2470 10 46 21 17 0.2533 0.3451 449 327
255-0-1-0.05-50-0 0 2471 10 17 21 5 0.2533 0.6398 449 197
255-0-1-0.05-50-0 0 2471 29 11 11 9 0.6728 0.0504 177 384
255-0-1-0.05-50-0 0 2471 21 24 5 5 0.4184 0.1940 158 254
255-0-1-0.05-50-0 0 2472 33 15 7 2 0.6893 0.7918 191 149
255-0-1-0.05-50-0 0 2472 44 10 6 21 0.7034 0.2533 118 449
255-0-1-0.05-50-0 0 2472 21 44 5 6 0.4184 0.7034 158 118
255-0-1-0.05-50-0 0 2473 24 8 4 10 0.1940 0.2506 254 303
255-0-1-0.05-50-0 0 2473 39 29 5 12 0.2187 0.6728 309 177
255-0-1-0.05-50-0 0 2473 46 21 17 5 0.3451 0.4184 327 158
255-0-1-0.05-50-0 0 2474 5 4 8 6 0.0007 0.0723 226 351
255-0-1-0.05-50-0 0 2474 34 10 4 21 0.7448 0.2533 168 449
255-0-1-0.05-50-0 0 2474 17 5 5 8 0.6398 0.0007 197 226
255-0-1-0.05-50-0 0 2475 33 29 8 12 0.6893 0.6728 191 177
255-0-1-0.05-50-0 0 2475 41 47 2 2 0.9621 0.9293 105 103
255-0-1-0.05-50-0 0 2475 29 10 11 21 0.6728 0.2533 177 449
255-0-1-0.05-50-0 0 2476 34 11 5 11 0.7448 0.0504 168 384
255-0-1-0.05-50-0 0 2476 10 10 22 22 0.2533 0.2533 449 449
255-0-1-0.05-50-0 0 2476 10 29 21 11 0.2533 0.6728 449 177
255-0-1-0.05-50-0 0 2477 10 10 21 21 0.2533 0.2533 449 449
255-0-1-0.05-50-0 0 2477 8 11 10 10 0.2506 0.0504 303 384
255-0-1-0.05-50-0 0 2477 30 19 5 10 0.6008 0.8072 266 134
255-0-1-0.05-50-0 0 2478 10 33 21 7 0.2533 0.6893 449 191
255-0-1-0.05-50-0 0 2478 11 14 9 1 0.0504 0.8451 384 105
255-0-1-0.05-50-0 0 2478 44 50 6 3 0.7034 0.2147 118 147
255-0-1-0.05-50-0 0 2479 34 44 4 6 0.7448 0.7034 168 118
255-0-1-0.05-50-0 0 2479 11 11 9 9 0.0504 0.0504 384 384
255-0-1-0.05-50-0 0 2479 32 33 1 6 0.6514 0.6893 215 191
255-0-1-0.05-50-0 0 2480 39 21 8 4 0.2187 0.4184 309 158
255-0-1-0.05-50-0 0 2480 1 8 1 11 0.2520 0.2506 409 303
255-0-1-0.05-50-0 0 2480 48 48 9 9 0.1153 0.1153 334 334
255-0-1-0.05-50-0 0 2481 27 31 11 3 0.0776 0.5626 149 252
255-0-1-0.05-50-0 0 2481 13 46 1 11 0.8878 0.3451 151 327
255-0-1-0.05-50-0 0 2481 19 30 8 4 0.8072 0.6008 134 266
255-0-1-0.05-50-0 0 2482 8 35 11 4 0.2506 0.0354 303 158
255-0-1-0.05-50-0 0 2482 43 41 4 1 0.8316 0.9621 123 105
255-0-1-0.05-50-0 0 2482 27 39 10 9 0.0776 0.2187 149 309
255-0-1-0.05-50-0 0 2483 46 46 10 10 0.3451 0.3451 327 327
255-0-1-0.05-50-0 0 2483 10 27 20 9 0.2533 0.0776 449 149
255-0-1-0.05-50-0 0 2483 27 48 8 9 0.0776 0.1153 149 334
255-0-1-0.05-50-0 0 2484 19 11 8 10 0.8072 0.0504 134 384
255-0-1-0.05-50-0 0 2484 10 48 20 8 0.2533 0.1153 449 334
255-0-1-0.05-50-0 0 2484 50 5 4 6 0.2147 0.0007 147 226
255-0-1-0.05-50-0 0 2485 4 21 6 4 0.0723 0.4184 351 158
255-0-1-0.05-50-0 0 2485 19 39 8 9 0.8072 0.2187 134 309
255-0-1-0.05-50-0 0 2485 50 10 5 20 0.2147 0.2533 147 449
255-0-1-0.05-50-0 0 2486 38 10 5 19 0.6163 0.2533 270 449
255-0-1-0.05-50-0 0 2486 10 32 18 2 0.2533 0.6514 449 215
255-0-1-0.05-50-0 0 2486 12 24 3 4 0.1896 0.1940 325 254
255-0-1-0.05-50-0 0 2487 32 50 1 8 0.6514 0.2147 215 147
255-0-1-0.05-50-0 0 2487 15 4 2 6 0.7918 0.0723 149 351
255-0-1-0.05-50-0 0 2487 8 45 13 4 0.2506 0.3816 303 173
255-0-1-0.05-50-0 0 2488 19 24 12 3 0.8072 0.1940 134 254
255-0-1-0.05-50-0 0 2488 27 5 8 8 0.0776 0.0007 149 226
255-0-1-0.05-50-0 0 2488 39 34 8 3 0.2187 0.7448 309 168
255-0-1-0.05-50-0 0 2489 10 10 23 23 0.2533 0.2533 449 449
255-0-1-0.05-50-0 0 2489 10 19 22 12 0.2533 0.8072 449 134
255-0-1-0.05-50-0 0 2489 5 14 7 1 0.0007 0.8451 226 105
255-0-1-0.05-50-0 0 2490 46 50 12 4 0.3451 0.2147 327 147
255-0-1-0.05-50-0 0 2490 19 46 10 12 0.8072 0.3451 134 327
255-0-1-0.05-50-0 0 2490 19 46 10 11 0.8072 0.3451 134 327
255-0-1-0.05-50-0 0 2491 17 38 3 8 0.6398 0.6163 197 270
255-0-1-0.05-50-0 0 2491 16 46 2 9 0.2228 0.3451 149 327
255-0-1-0.05-50-0 0 2491 16 35 2 3 0.2228 0.0354 149 158
255-0-1-0.05-50-0 0 2492 11 33 8 7 0.0504 0.6893 384 191
255-0-1-0.05-50-0 0 2492 39 35 8 2 0.2187 0.0354 309 158
255-0-1-0.05-50-0 0 2492 27 10 8 24 0.0776 0.2533 149 449
255-0-1-0.05-50-0 0 2493 38 39 7 8 0.6163 0.2187 270 309
255-0-1-0.05-50-0 0 2493 27 8 8 13 0.0776 0.2506 149 303
255-0-1-0.05-50-0 0 2493 11 10 8 23 0.0504 0.2533 384 449
255-0-1-0.05-50-0 0 2494 10 22 23 2 0.2533 0.0160 449 311
255-0-1-0.05-50-0 0 2494 15 33 2 9 0.7918 0.6893 149 191
255-0-1-0.05-50-0 0 2494 12 38 2 7 0.1896 0.6163 325 270
255-0-1-0.05-50-0 0 2495 12 10 2 24 0.1896 0.2533 325 449
255-0-1-0.05-50-0 0 2495 8 5 13 5 0.2506 0.0007 303 226
255-0-1-0.05-50-0 0 2495 8 10 13 23 0.2506 0.2533 303 449
255-0-1-0.05-50-0 0 2496 8 43 12 5 0.2506 0.8316 303 123
255-0-1-0.05-50-0 0 2496 19 44 10 4 0.8072 0.7034 134 118
255-0-1-0.05-50-0 0 2496 33 8 9 12 0.6893 0.2506 191 303
255-0-1-0.05-50-0 0 2497 19 29 11 3 0.8072 0.6728 134 177
255-0-1-0.05-50-0 0 2497 27 10 7 25 0.0776 0.2533 149 449
255-0-1-0.05-50-0 0 2497 13 33 4 9 0.8878 0.6893 151 191
255-0-1-0.05-50-0 0 2498 38 24 7 3 0.6163 0.1940 270 254
255-0-1-0.05-50-0 0 2498 48 44 9 4 0.1153 0.7034 334 118
255-0-1-0.05-50-0 0 2498 50 39 3 13 0.2147 0.2187 147 309
255-0-1-0.05-50-0 0 2499 39 43 12 4 0.2187 0.8316 309 123
255-0-1-0.05-50-0 0 2499 39 30 12 2 0.2187 0.6008 309 266
255-0-1-0.05-50-0 0 2499 8 8 12 12 0.2506 0.2506 303 303
255-0-1-0.05-50-0 0 2500 45 33 4 9 0.3816 0.6893 173 191
255-0-1-0.05-50-0 0 2500 33 48 8 8 0.6893 0.1153 191 334
255-0-1-0.05-50-0 0 2500 31 48 4 7 0.5626 0.1153 252 334
