256-0-1-0.05-50-0 0 2302 39 6 21 8 0.2187 0.4266 309 249
256-0-1-0.05-50-0 0 2302 2 8 4 2 0.8198 0.2506 167 303
256-0-1-0.05-50-0 0 2302 18 39 5 21 0.2181 0.2187 226 309
256-0-1-0.05-50-0 0 2303 4 18 3 6 0.0723 0.2181 351 226
256-0-1-0.05-50-0 0 2303 35 11 11 4 0.0354 0.0504 158 384
256-0-1-0.05-50-0 0 2303 3 46 11 6 0.4813 0.3451 321 327
256-0-1-0.05-50-0 0 2304 35 39 11 22 0.0354 0.2187 158 309
256-0-1-0.05-50-0 0 2304 12 5 8 16 0.1896 0.0007 325 226
256-0-1-0.05-50-0 0 2304 21 3 5 11 0.4184 0.4813 158 321
256-0-1-0.05-50-0 0 2305 39 20 21 11 0.2187 0.9922 309 102
256-0-1-0.05-50-0 0 2305 8 38 1 2 0.2506 0.6163 303 270
256-0-1-0.05-50-0 0 2305 42 4 11 5 0.7447 0.0723 106 351
256-0-1-0.05-50-0 0 2306 3 1 11 3 0.4813 0.2520 321 409
256-0-1-0.05-50-0 0 2306 4 39 4 21 0.0723 0.2187 351 309
256-0-1-0.05-50-0 0 2306 7 5 5 17 0.9267 0.0007 106 226
256-0-1-0.05-50-0 0 2307 35 20 10 11 0.0354 0.9922 158 102
256-0-1-0.05-50-0 0 2307 33 12 5 9 0.6893 0.1896 191 325
256-0-1-0.05-50-0 0 2307 39 8 22 1 0.2187 0.2506 309 303
256-0-1-0.05-50-0 0 2308 28 5 3 14 0.3846 0.0007 311 226
256-0-1-0.05-50-0 0 2308 3 42 10 10 0.4813 0.7447 321 106
256-0-1-0.05-50-0 0 2308 31 5 2 13 0.5626 0.0007 252 226
256-0-1-0.05-50-0 0 2309 33 48 6 2 0.6893 0.1153 191 334
256-0-1-0.05-50-0 0 2309 5 20 12 9 0.0007 0.9922 226 102
256-0-1-0.05-50-0 0 2309 20 11 8 4 0.9922 0.0504 102 384
256-0-1-0.05-50-0 0 2310 30 18 2 3 0.6008 0.2181 266 226
256-0-1-0.05-50-0 0 2310 19 20 4 9 0.8072 0.9922 134 102
256-0-1-0.05-50-0 0 2310 6 39 10 26 0.4266 0.2187 249 309
256-0-1-0.05-50-0 0 2311 39 12 24 9 0.2187 0.1896 309 325
256-0-1-0.05-50-0 0 2311 39 1 24 3 0.2187 0.2520 309 409
256-0-1-0.05-50-0 0 2311 39 7 24 4 0.2187 0.9267 309 106
256-0-1-0.05-50-0 0 2312 39 5 23 13 0.2187 0.0007 309 226
256-0-1-0.05-50-0 0 2312 39 39 23 23 0.2187 0.2187 309 309
256-0-1-0.05-50-0 0 2312 18 46 2 6 0.2181 0.3451 226 327
256-0-1-0.05-50-0 0 2313 15 39 1 22 0.7918 0.2187 149 309
256-0-1-0.05-50-0 0 2313 6 42 12 11 0.4266 0.7447 249 106
256-0-1-0.05-50-0 0 2313 5 12 14 8 0.0007 0.1896 226 325
256-0-1-0.05-50-0 0 2314 40 33 1 4 0.9739 0.6893 104 191
256-0-1-0.05-50-0 0 2314 39 42 22 8 0.2187 0.7447 309 106
256-0-1-0.05-50-0 0 2314 44 18 2 2 0.7034 0.2181 118 226
256-0-1-0.05-50-0 0 2315 33 37 3 2 0.6893 0.8481 191 127
256-0-1-0.05-50-0 0 2315 39 5 22 13 0.2187 0.0007 309 226
256-0-1-0.05-50-0 0 2315 12 11 7 2 0.1896 0.0504 325 384
256-0-1-0.05-50-0 0 2316 3 6 5 13 0.4813 0.4266 321 249
256-0-1-0.05-50-0 0 2316 41 6 2 12 0.9621 0.4266 105 249
256-0-1-0.05-50-0 0 2316 35 19 13 5 0.0354 0.8072 158 134
256-0-1-0.05-50-0 0 2317 5 2 13 7 0.0007 0.8198 226 167
256-0-1-0.05-50-0 0 2317 44 39 2 22 0.7034 0.2187 118 309
256-0-1-0.05-50-0 0 2317 5 19 13 3 0.0007 0.8072 226 134
256-0-1-0.05-50-0 0 2318 47 21 2 4 0.9293 0.4184 103 158
256-0-1-0.05-50-0 0 2318 42 20 9 12 0.7447 0.9922 106 102
256-0-1-0.05-50-0 0 2318 5 46 13 3 0.0007 0.3451 226 327
256-0-1-0.05-50-0 0 2319 39 39 22 22 0.2187 0.2187 309 309
256-0-1-0.05-50-0 0 2319 2 37 6 2 0.8198 0.8481 167 127
256-0-1-0.05-50-0 0 2319 7 6 4 12 0.9267 0.4266 106 249
256-0-1-0.05-50-0 0 2320 7 3 4 7 0.9267 0.4813 106 321
256-0-1-0.05-50-0 0 2320 1 39 5 20 0.2520 0.2187 409 309
256-0-1-0.05-50-0 0 2320 27 33 7 2 0.0776 0.6893 149 191
256-0-1-0.05-50-0 0 2321 42 35 10 14 0.7447 0.0354 106 158
256-0-1-0.05-50-0 0 2321 35 5 13 11 0.0354 0.0007 158 226
256-0-1-0.05-50-0 0 2321 35 3 13 6 0.0354 0.4813 158 321
256-0-1-0.05-50-0 0 2322 2 27 8 7 0.8198 0.0776 167 149
256-0-1-0.05-50-0 0 2322 6 35 12 13 0.4266 0.0354 249 158
256-0-1-0.05-50-0 0 2322 7 42 5 10 0.9267 0.7447 106 106
256-0-1-0.05-50-0 0 2323 39 42 18 8 0.2187 0.7447 309 106
256-0-1-0.05-50-0 0 2323 6 27 12 6 0.4266 0.0776 249 149
256-0-1-0.05-50-0 0 2323 7 33 5 1 0.9267 0.6893 106 191
256-0-1-0.05-50-0 0 2324 39 4 17 5 0.2187 0.0723 309 351
256-0-1-0.05-50-0 0 2324 20 39 12 17 0.9922 0.2187 102 309
256-0-1-0.05-50-0 0 2324 27 3 5 3 0.0776 0.4813 149 321
256-0-1-0.05-50-0 0 2325 27 28 5 3 0.0776 0.3846 149 311
256-0-1-0.05-50-0 0 2325 39 35 16 14 0.2187 0.0354 309 158
256-0-1-0.05-50-0 0 2325 15 20 1 12 0.7918 0.9922 149 102
256-0-1-0.05-50-0 0 2326 47 42 4 9 0.9293 0.7447 103 106
256-0-1-0.05-50-0 0 2326 12 21 7 5 0.1896 0.4184 325 158
256-0-1-0.05-50-0 0 2326 6 3 14 2 0.4266 0.4813 249 321
256-0-1-0.05-50-0 0 2327 5 25 11 1 0.0007 0.9430 226 125
256-0-1-0.05-50-0 0 2327 5 4 11 6 0.0007 0.0723 226 351
256-0-1-0.05-50-0 0 2327 27 20 5 12 0.0776 0.9922 149 102
256-0-1-0.05-50-0 0 2328 7 39 5 17 0.9267 0.2187 106 309
256-0-1-0.05-50-0 0 2328 5 18 9 4 0.0007 0.2181 226 226
256-0-1-0.05-50-0 0 2329 2 39 10 15 0.8198 0.2187 167 309
256-0-1-0.05-50-0 0 2329 12 30 7 1 0.1896 0.6008 325 266
256-0-1-0.05-50-0 0 2330 2 5 10 8 0.8198 0.0007 167 226
256-0-1-0.05-50-0 0 2330 15 12 1 7 0.7918 0.1896 149 325
256-0-1-0.05-50-0 0 2330 33 35 1 17 0.6893 0.0354 191 158
256-0-1-0.05-50-0 0 2331 16 39 2 14 0.2228 0.2187 149 309
256-0-1-0.05-50-0 0 2331 44 27 5 5 0.7034 0.0776 118 149
256-0-1-0.05-50-0 0 2332 31 6 4 13 0.5626 0.4266 252 249
256-0-1-0.05-50-0 0 2332 39 39 14 14 0.2187 0.2187 309 309
256-0-1-0.05-50-0 0 2333 2 35 10 16 0.8198 0.0354 167 158
256-0-1-0.05-50-0 0 2333 44 27 4 4 0.7034 0.0776 118 149
256-0-1-0.05-50-0 0 2334 6 4 13 3 0.4266 0.0723 249 351
256-0-1-0.05-50-0 0 2334 4 6 2 13 0.0723 0.4266 351 249
256-0-1-0.05-50-0 0 2335 5 3 8 2 0.0007 0.4813 226 321
256-0-1-0.05-50-0 0 2335 2 6 12 13 0.8198 0.4266 167 249
256-0-1-0.05-50-0 0 2336 21 21 5 5 0.4184 0.4184 158 158
256-0-1-0.05-50-0 0 2336 5 35 8 13 0.0007 0.0354 226 158
256-0-1-0.05-50-0 0 2337 39 11 13 3 0.2187 0.0504 309 384
256-0-1-0.05-50-0 0 2337 21 20 5 12 0.4184 0.9922 158 102
256-0-1-0.05-50-0 0 2338 35 21 13 4 0.0354 0.4184 158 158
256-0-1-0.05-50-0 0 2338 1 31 6 4 0.2520 0.5626 409 252
256-0-1-0.05-50-0 0 2339 33 15 1 1 0.6893 0.7918 191 149
256-0-1-0.05-50-0 0 2339 5 39 6 13 0.0007 0.2187 226 309
256-0-1-0.05-50-0 0 2340 31 2 3 10 0.5626 0.8198 252 167
256-0-1-0.05-50-0 0 2340 6 35 10 14 0.4266 0.0354 249 158
256-0-1-0.05-50-0 0 2341 39 44 13 4 0.2187 0.7034 309 118
256-0-1-0.05-50-0 0 2341 21 2 3 9 0.4184 0.8198 158 167
256-0-1-0.05-50-0 0 2342 27 36 3 1 0.0776 0.8162 149 165
256-0-1-0.05-50-0 0 2342 21 7 3 4 0.4184 0.9267 158 106
256-0-1-0.05-50-0 0 2343 39 27 12 3 0.2187 0.0776 309 149
256-0-1-0.05-50-0 0 2343 2 14 6 1 0.8198 0.8451 167 105
256-0-1-0.05-50-0 0 2344 47 28 4 2 0.9293 0.3846 103 311
256-0-1-0.05-50-0 0 2344 39 5 11 10 0.2187 0.0007 309 226
256-0-1-0.05-50-0 0 2345 6 35 13 14 0.4266 0.0354 249 158
256-0-1-0.05-50-0 0 2345 11 7 4 4 0.0504 0.9267 384 106
256-0-1-0.05-50-0 0 2346 6 20 13 10 0.4266 0.9922 249 102
256-0-1-0.05-50-0 0 2346 47 26 4 2 0.9293 0.8171 103 141
256-0-1-0.05-50-0 0 2347 27 1 3 13 0.0776 0.2520 149 409
256-0-1-0.05-50-0 0 2347 42 6 4 13 0.7447 0.4266 106 249
256-0-1-0.05-50-0 0 2348 35 39 12 11 0.0354 0.2187 158 309
256-0-1-0.05-50-0 0 2348 5 23 11 3 0.0007 0.1698 226 476
256-0-1-0.05-50-0 0 2349 44 33 3 2 0.7034 0.6893 118 191
256-0-1-0.05-50-0 0 2349 39 1 10 13 0.2187 0.2520 309 409
256-0-1-0.05-50-0 0 2350 41 38 5 6 0.9621 0.6163 105 270
256-0-1-0.05-50-0 0 2350 20 6 7 12 0.9922 0.4266 102 249
256-0-1-0.05-50-0 0 2351 20 39 9 10 0.9922 0.2187 102 309
256-0-1-0.05-50-0 0 2351 1 33 13 1 0.2520 0.6893 409 191
256-0-1-0.05-50-0 0 2352 1 38 15 6 0.2520 0.6163 409 270
256-0-1-0.05-50-0 0 2352 1 35 15 13 0.2520 0.0354 409 158
256-0-1-0.05-50-0 0 2353 39 12 11 9 0.2187 0.1896 309 325
256-0-1-0.05-50-0 0 2353 31 35 4 13 0.5626 0.0354 252 158
256-0-1-0.05-50-0 0 2353 12 38 8 6 0.1896 0.6163 325 270
256-0-1-0.05-50-0 0 2354 7 41 5 7 0.9267 0.9621 106 105
256-0-1-0.05-50-0 0 2354 12 5 9 14 0.1896 0.0007 325 226
256-0-1-0.05-50-0 0 2354 47 35 3 12 0.9293 0.0354 103 158
256-0-1-0.05-50-0 0 2355 35 6 12 16 0.0354 0.4266 158 249
256-0-1-0.05-50-0 0 2355 11 6 3 15 0.0504 0.4266 384 249
256-0-1-0.05-50-0 0 2355 7 5 6 13 0.9267 0.0007 106 226
256-0-1-0.05-50-0 0 2356 1 23 19 3 0.2520 0.1698 409 476
256-0-1-0.05-50-0 0 2356 42 12 7 10 0.7447 0.1896 106 325
256-0-1-0.05-50-0 0 2356 2 26 6 2 0.8198 0.8171 167 141
256-0-1-0.05-50-0 0 2357 41 39 6 9 0.9621 0.2187 105 309
256-0-1-0.05-50-0 0 2357 5 27 12 3 0.0007 0.0776 226 149
256-0-1-0.05-50-0 0 2358 1 2 19 6 0.2520 0.8198 409 167
256-0-1-0.05-50-0 0 2358 31 6 4 16 0.5626 0.4266 252 249
256-0-1-0.05-50-0 0 2359 6 6 16 16 0.4266 0.4266 249 249
256-0-1-0.05-50-0 0 2359 1 39 20 10 0.2520 0.2187 409 309
256-0-1-0.05-50-0 0 2359 12 41 7 7 0.1896 0.9621 325 105
256-0-1-0.05-50-0 0 2360 20 2 7 6 0.9922 0.8198 102 167
256-0-1-0.05-50-0 0 2360 27 42 2 8 0.0776 0.7447 149 106
256-0-1-0.05-50-0 0 2360 20 4 7 2 0.9922 0.0723 102 351
256-0-1-0.05-50-0 0 2361 1 1 23 23 0.2520 0.2520 409 409
256-0-1-0.05-50-0 0 2361 41 1 6 22 0.9621 0.2520 105 409
256-0-1-0.05-50-0 0 2361 3 5 2 13 0.4813 0.0007 321 226
256-0-1-0.05-50-0 0 2362 1 38 20 2 0.2520 0.6163 409 270
256-0-1-0.05-50-0 0 2362 41 31 6 4 0.9621 0.5626 105 252
256-0-1-0.05-50-0 0 2362 35 39 15 8 0.0354 0.2187 158 309
256-0-1-0.05-50-0 0 2363 6 1 18 21 0.4266 0.2520 249 409
256-0-1-0.05-50-0 0 2363 12 13 8 1 0.1896 0.8878 325 151
256-0-1-0.05-50-0 0 2363 42 6 9 18 0.7447 0.4266 106 249
256-0-1-0.05-50-0 0 2364 1 12 19 8 0.2520 0.1896 409 325
256-0-1-0.05-50-0 0 2364 12 21 7 4 0.1896 0.4184 325 158
256-0-1-0.05-50-0 0 2364 7 1 8 19 0.9267 0.2520 106 409
256-0-1-0.05-50-0 0 2365 21 5 2 11 0.4184 0.0007 158 226
256-0-1-0.05-50-0 0 2365 1 3 19 4 0.2520 0.4813 409 321
256-0-1-0.05-50-0 0 2365 7 39 8 5 0.9267 0.2187 106 309
256-0-1-0.05-50-0 0 2366 22 7 2 9 0.0160 0.9267 311 106
256-0-1-0.05-50-0 0 2366 6 1 19 17 0.4266 0.2520 249 409
256-0-1-0.05-50-0 0 2367 17 11 3 5 0.6398 0.0504 197 384
256-0-1-0.05-50-0 0 2367 1 8 17 1 0.2520 0.2506 409 303
256-0-1-0.05-50-0 0 2367 42 21 11 1 0.7447 0.4184 106 158
256-0-1-0.05-50-0 0 2368 35 6 17 21 0.0354 0.4266 158 249
256-0-1-0.05-50-0 0 2368 5 46 8 2 0.0007 0.3451 226 327
256-0-1-0.05-50-0 0 2369 35 20 17 7 0.0354 0.9922 158 102
256-0-1-0.05-50-0 0 2369 11 44 4 2 0.0504 0.7034 384 118
256-0-1-0.05-50-0 0 2370 6 27 20 1 0.4266 0.0776 249 149
256-0-1-0.05-50-0 0 2370 2 5 6 9 0.8198 0.0007 167 226
256-0-1-0.05-50-0 0 2370 6 39 20 5 0.4266 0.2187 249 309
256-0-1-0.05-50-0 0 2371 6 12 25 9 0.4266 0.1896 249 325
256-0-1-0.05-50-0 0 2371 7 6 10 25 0.9267 0.4266 106 249
256-0-1-0.05-50-0 0 2371 26 41 1 6 0.8171 0.9621 141 105
256-0-1-0.05-50-0 0 2372 6 11 21 4 0.4266 0.0504 249 384
256-0-1-0.05-50-0 0 2372 15 5 1 8 0.7918 0.0007 149 226
256-0-1-0.05-50-0 0 2372 35 39 21 4 0.0354 0.2187 158 309
256-0-1-0.05-50-0 0 2373 6 10 21 2 0.4266 0.2533 249 449
256-0-1-0.05-50-0 0 2373 42 4 11 4 0.7447 0.0723 106 351
256-0-1-0.05-50-0 0 2373 15 6 1 21 0.7918 0.4266 149 249
256-0-1-0.05-50-0 0 2374 3 1 2 15 0.4813 0.2520 321 409
256-0-1-0.05-50-0 0 2374 12 35 9 20 0.1896 0.0354 325 158
256-0-1-0.05-50-0 0 2374 1 20 14 11 0.2520 0.9922 409 102
256-0-1-0.05-50-0 0 2375 12 6 9 19 0.1896 0.4266 325 249
256-0-1-0.05-50-0 0 2375 12 41 9 6 0.1896 0.9621 325 105
256-0-1-0.05-50-0 0 2376 7 6 10 18 0.9267 0.4266 106 249
256-0-1-0.05-50-0 0 2376 11 42 3 12 0.0504 0.7447 384 106
256-0-1-0.05-50-0 0 2377 1 35 12 19 0.2520 0.0354 409 158
256-0-1-0.05-50-0 0 2377 20 6 10 17 0.9922 0.4266 102 249
256-0-1-0.05-50-0 0 2378 39 3 2 5 0.2187 0.4813 309 321
256-0-1-0.05-50-0 0 2378 10 6 1 16 0.2533 0.4266 449 249
256-0-1-0.05-50-0 0 2379 41 1 4 12 0.9621 0.2520 105 409
256-0-1-0.05-50-0 0 2379 35 4 21 3 0.0354 0.0723 158 351
256-0-1-0.05-50-0 0 2380 6 1 14 12 0.4266 0.2520 249 409
256-0-1-0.05-50-0 0 2380 20 20 11 11 0.9922 0.9922 102 102
256-0-1-0.05-50-0 0 2381 35 2 20 6 0.0354 0.8198 158 167
256-0-1-0.05-50-0 0 2381 35 12 20 11 0.0354 0.1896 158 325
256-0-1-0.05-50-0 0 2382 48 20 3 11 0.1153 0.9922 334 102
256-0-1-0.05-50-0 0 2382 7 2 12 5 0.9267 0.8198 106 167
256-0-1-0.05-50-0 0 2383 17 28 2 2 0.6398 0.3846 197 311
256-0-1-0.05-50-0 0 2383 5 42 5 11 0.0007 0.7447 226 106
256-0-1-0.05-50-0 0 2384 37 6 1 14 0.8481 0.4266 127 249
256-0-1-0.05-50-0 0 2384 1 7 10 13 0.2520 0.9267 409 106
256-0-1-0.05-50-0 0 2385 37 35 1 23 0.8481 0.0354 127 158
256-0-1-0.05-50-0 0 2385 19 5 2 4 0.8072 0.0007 134 226
256-0-1-0.05-50-0 0 2386 6 20 13 9 0.4266 0.9922 249 102
256-0-1-0.05-50-0 0 2386 5 7 3 12 0.0007 0.9267 226 106
256-0-1-0.05-50-0 0 2387 42 6 11 12 0.7447 0.4266 106 249
256-0-1-0.05-50-0 0 2387 42 35 11 24 0.7447 0.0354 106 158
256-0-1-0.05-50-0 0 2388 4 15 1 1 0.0723 0.7918 351 149
256-0-1-0.05-50-0 0 2388 35 20 23 7 0.0354 0.9922 158 102
256-0-1-0.05-50-0 0 2389 3 42 6 13 0.4813 0.7447 321 106
256-0-1-0.05-50-0 0 2389 12 47 12 1 0.1896 0.9293 325 103
256-0-1-0.05-50-0 0 2390 20 17 5 2 0.9922 0.6398 102 197
256-0-1-0.05-50-0 0 2390 48 22 4 2 0.1153 0.0160 334 311
256-0-1-0.05-50-0 0 2391 12 10 15 2 0.1896 0.2533 325 449
256-0-1-0.05-50-0 0 2391 7 6 12 14 0.9267 0.4266 106 249
256-0-1-0.05-50-0 0 2392 12 2 13 3 0.1896 0.8198 325 167
256-0-1-0.05-50-0 0 2392 25 12 2 13 0.9430 0.1896 125 325
256-0-1-0.05-50-0 0 2393 35 42 23 11 0.0354 0.7447 158 106
256-0-1-0.05-50-0 0 2393 3 7 6 12 0.4813 0.9267 321 106
256-0-1-0.05-50-0 0 2394 3 25 6 2 0.4813 0.9430 321 125
256-0-1-0.05-50-0 0 2394 12 10 11 1 0.1896 0.2533 325 449
256-0-1-0.05-50-0 0 2395 12 35 11 26 0.1896 0.0354 325 158
256-0-1-0.05-50-0 0 2395 25 6 1 12 0.9430 0.4266 125 249
256-0-1-0.05-50-0 0 2396 42 20 9 7 0.7447 0.9922 106 102
256-0-1-0.05-50-0 0 2396 42 1 9 11 0.7447 0.2520 106 409
256-0-1-0.05-50-0 0 2397 3 1 7 10 0.4813 0.2520 321 409
256-0-1-0.05-50-0 0 2397 35 31 27 1 0.0354 0.5626 158 252
256-0-1-0.05-50-0 0 2398 46 48 2 4 0.3451 0.1153 327 334
256-0-1-0.05-50-0 0 2398 5 12 4 10 0.0007 0.1896 226 325
256-0-1-0.05-50-0 0 2399 5 23 4 8 0.0007 0.1698 226 476
256-0-1-0.05-50-0 0 2399 35 6 28 12 0.0354 0.4266 158 249
256-0-1-0.05-50-0 0 2400 7 5 8 4 0.9267 0.0007 106 226
256-0-1-0.05-50-0 0 2400 35 35 27 27 0.0354 0.0354 158 158
256-0-1-0.05-50-0 0 2401 1 1 9 9 0.2520 0.2520 409 409
256-0-1-0.05-50-0 0 2401 6 35 11 27 0.4266 0.0354 249 158
256-0-1-0.05-50-0 0 2402 28 35 6 24 0.3846 0.0354 311 158
256-0-1-0.05-50-0 0 2402 11 25 6 1 0.0504 0.9430 384 125
256-0-1-0.05-50-0 0 2403 1 39 7 2 0.2520 0.2187 409 309
256-0-1-0.05-50-0 0 2403 3 24 7 2 0.4813 0.1940 321 254
256-0-1-0.05-50-0 0 2404 5 42 3 7 0.0007 0.7447 226 106
256-0-1-0.05-50-0 0 2404 35 28 25 6 0.0354 0.3846 158 311
256-0-1-0.05-50-0 0 2405 6 6 11 11 0.4266 0.4266 249 249
256-0-1-0.05-50-0 0 2405 20 7 6 9 0.9922 0.9267 102 106
256-0-1-0.05-50-0 0 2406 11 11 7 7 0.0504 0.0504 384 384
256-0-1-0.05-50-0 0 2406 7 37 8 5 0.9267 0.8481 106 127
256-0-1-0.05-50-0 0 2407 13 41 2 2 0.8878 0.9621 151 105
256-0-1-0.05-50-0 0 2407 32 16 2 2 0.6514 0.2228 215 149
256-0-1-0.05-50-0 0 2408 36 6 3 10 0.8162 0.4266 165 249
256-0-1-0.05-50-0 0 2408 11 24 6 2 0.0504 0.1940 384 254
256-0-1-0.05-50-0 0 2408 3 7 9 10 0.4813 0.9267 321 106
256-0-1-0.05-50-0 0 2409 3 28 11 6 0.4813 0.3846 321 311
256-0-1-0.05-50-0 0 2409 2 12 2 13 0.8198 0.1896 167 325
256-0-1-0.05-50-0 0 2409 37 11 7 6 0.8481 0.0504 127 384
256-0-1-0.05-50-0 0 2410 11 5 7 2 0.0504 0.0007 384 226
256-0-1-0.05-50-0 0 2410 34 23 1 7 0.7448 0.1698 168 476
256-0-1-0.05-50-0 0 2410 35 6 24 10 0.0354 0.4266 158 249
256-0-1-0.05-50-0 0 2411 35 39 23 1 0.0354 0.2187 158 309
256-0-1-0.05-50-0 0 2411 3 1 10 6 0.4813 0.2520 321 409
256-0-1-0.05-50-0 0 2411 3 12 10 11 0.4813 0.1896 321 325
256-0-1-0.05-50-0 0 2412 35 3 25 10 0.0354 0.4813 158 321
256-0-1-0.05-50-0 0 2412 35 7 25 9 0.0354 0.9267 158 106
256-0-1-0.05-50-0 0 2412 3 35 9 25 0.4813 0.0354 321 158
256-0-1-0.05-50-0 0 2413 23 28 6 6 0.1698 0.3846 476 311
256-0-1-0.05-50-0 0 2413 28 3 5 8 0.3846 0.4813 311 321
256-0-1-0.05-50-0 0 2413 28 12 5 11 0.3846 0.1896 311 325
256-0-1-0.05-50-0 0 2414 7 13 8 3 0.9267 0.8878 106 151
256-0-1-0.05-50-0 0 2414 1 20 5 7 0.2520 0.9922 409 102
256-0-1-0.05-50-0 0 2415 3 1 6 6 0.4813 0.2520 321 409
256-0-1-0.05-50-0 0 2415 12 35 10 25 0.1896 0.0354 325 158
256-0-1-0.05-50-0 0 2416 42 22 11 3 0.7447 0.0160 106 311
256-0-1-0.05-50-0 0 2416 4 20 2 6 0.0723 0.9922 351 102
256-0-1-0.05-50-0 0 2417 6 23 10 5 0.4266 0.1698 249 476
256-0-1-0.05-50-0 0 2417 12 6 11 10 0.1896 0.4266 325 249
256-0-1-0.05-50-0 0 2418 35 6 29 9 0.0354 0.4266 158 249
256-0-1-0.05-50-0 0 2418 20 1 5 6 0.9922 0.2520 102 409
256-0-1-0.05-50-0 0 2419 11 12 8 13 0.0504 0.1896 384 325
256-0-1-0.05-50-0 0 2419 5 6 4 9 0.0007 0.4266 226 249
256-0-1-0.05-50-0 0 2420 35 42 30 11 0.0354 0.7447 158 106
256-0-1-0.05-50-0 0 2420 3 17 5 3 0.4813 0.6398 321 197
256-0-1-0.05-50-0 0 2421 48 28 8 4 0.1153 0.3846 334 311
256-0-1-0.05-50-0 0 2421 23 42 6 10 0.1698 0.7447 476 106
256-0-1-0.05-50-0 0 2422 12 35 12 33 0.1896 0.0354 325 158
256-0-1-0.05-50-0 0 2422 37 12 5 12 0.8481 0.1896 127 325
256-0-1-0.05-50-0 0 2423 48 50 7 3 0.1153 0.2147 334 147
256-0-1-0.05-50-0 0 2423 13 46 2 3 0.8878 0.3451 151 327
256-0-1-0.05-50-0 0 2424 23 11 7 7 0.1698 0.0504 476 384
256-0-1-0.05-50-0 0 2424 6 35 3 31 0.4266 0.0354 249 158
256-0-1-0.05-50-0 0 2425 5 35 7 29 0.0007 0.0354 226 158
256-0-1-0.05-50-0 0 2425 48 3 8 6 0.1153 0.4813 334 321
256-0-1-0.05-50-0 0 2426 17 23 2 8 0.6398 0.1698 197 476
256-0-1-0.05-50-0 0 2426 44 42 7 10 0.7034 0.7447 118 106
256-0-1-0.05-50-0 0 2427 12 35 12 26 0.1896 0.0354 325 158
256-0-1-0.05-50-0 0 2427 3 42 6 11 0.4813 0.7447 321 106
256-0-1-0.05-50-0 0 2427 5 3 8 6 0.0007 0.4813 226 321
256-0-1-0.05-50-0 0 2428 20 35 4 25 0.9922 0.0354 102 158
256-0-1-0.05-50-0 0 2428 48 36 11 2 0.1153 0.8162 334 165
256-0-1-0.05-50-0 0 2428 7 6 6 5 0.9267 0.4266 106 249
256-0-1-0.05-50-0 0 2429 12 35 12 23 0.1896 0.0354 325 158
256-0-1-0.05-50-0 0 2429 46 48 3 12 0.3451 0.1153 327 334
256-0-1-0.05-50-0 0 2430 38 20 1 5 0.6163 0.9922 270 102
256-0-1-0.05-50-0 0 2430 42 3 10 6 0.7447 0.4813 106 321
256-0-1-0.05-50-0 0 2430 1 50 5 2 0.2520 0.2147 409 147
256-0-1-0.05-50-0 0 2431 32 37 2 4 0.6514 0.8481 215 127
256-0-1-0.05-50-0 0 2431 48 5 12 8 0.1153 0.0007 334 226
256-0-1-0.05-50-0 0 2432 46 34 3 1 0.3451 0.7448 327 168
256-0-1-0.05-50-0 0 2432 20 36 4 2 0.9922 0.8162 102 165
256-0-1-0.05-50-0 0 2433 12 4 14 2 0.1896 0.0723 325 351
256-0-1-0.05-50-0 0 2433 50 35 1 21 0.2147 0.0354 147 158
256-0-1-0.05-50-0 0 2434 12 46 16 4 0.1896 0.3451 325 327
256-0-1-0.05-50-0 0 2434 32 6 2 6 0.6514 0.4266 215 249
256-0-1-0.05-50-0 0 2434 12 5 16 7 0.1896 0.0007 325 226
256-0-1-0.05-50-0 0 2435 42 38 13 1 0.7447 0.6163 106 270
256-0-1-0.05-50-0 0 2435 7 13 7 4 0.9267 0.8878 106 151
256-0-1-0.05-50-0 0 2436 5 37 6 3 0.0007 0.8481 226 127
256-0-1-0.05-50-0 0 2436 32 48 2 16 0.6514 0.1153 215 334
256-0-1-0.05-50-0 0 2436 28 12 4 17 0.3846 0.1896 311 325
256-0-1-0.05-50-0 0 2437 20 35 4 21 0.9922 0.0354 102 158
256-0-1-0.05-50-0 0 2437 35 42 20 12 0.0354 0.7447 158 106
256-0-1-0.05-50-0 0 2438 3 12 4 17 0.4813 0.1896 321 325
256-0-1-0.05-50-0 0 2438 44 28 4 5 0.7034 0.3846 118 311
256-0-1-0.05-50-0 0 2438 21 1 2 4 0.4184 0.2520 158 409
256-0-1-0.05-50-0 0 2439 6 7 4 9 0.4266 0.9267 249 106
256-0-1-0.05-50-0 0 2439 35 7 18 8 0.0354 0.9267 158 106
256-0-1-0.05-50-0 0 2439 3 3 4 4 0.4813 0.4813 321 321
256-0-1-0.05-50-0 0 2440 23 9 6 8 0.1698 0.6134 476 161
256-0-1-0.05-50-0 0 2440 7 37 7 2 0.9267 0.8481 106 127
256-0-1-0.05-50-0 0 2440 12 20 19 5 0.1896 0.9922 325 102
256-0-1-0.05-50-0 0 2441 12 12 19 19 0.1896 0.1896 325 325
256-0-1-0.05-50-0 0 2441 23 7 6 8 0.1698 0.9267 476 106
256-0-1-0.05-50-0 0 2441 35 6 20 4 0.0354 0.4266 158 249
256-0-1-0.05-50-0 0 2442 35 42 21 14 0.0354 0.7447 158 106
256-0-1-0.05-50-0 0 2442 7 17 8 3 0.9267 0.6398 106 197
256-0-1-0.05-50-0 0 2442 35 20 21 4 0.0354 0.9922 158 102
256-0-1-0.05-50-0 0 2443 35 5 21 8 0.0354 0.0007 158 226
256-0-1-0.05-50-0 0 2443 5 23 7 6 0.0007 0.1698 226 476
256-0-1-0.05-50-0 0 2443 48 12 16 19 0.1153 0.1896 334 325
256-0-1-0.05-50-0 0 2444 48 33 17 4 0.1153 0.6893 334 191
256-0-1-0.05-50-0 0 2444 46 42 4 15 0.3451 0.7447 327 106
256-0-1-0.05-50-0 0 2444 9 45 9 4 0.6134 0.3816 161 173
256-0-1-0.05-50-0 0 2445 35 5 21 7 0.0354 0.0007 158 226
256-0-1-0.05-50-0 0 2445 42 48 14 17 0.7447 0.1153 106 334
256-0-1-0.05-50-0 0 2446 35 11 22 4 0.0354 0.0504 158 384
256-0-1-0.05-50-0 0 2446 23 35 5 22 0.1698 0.0354 476 158
256-0-1-0.05-50-0 0 2447 35 28 24 3 0.0354 0.3846 158 311
256-0-1-0.05-50-0 0 2447 42 9 14 9 0.7447 0.6134 106 161
256-0-1-0.05-50-0 0 2448 48 35 14 25 0.1153 0.0354 334 158
256-0-1-0.05-50-0 0 2448 44 9 6 7 0.7034 0.6134 118 161
256-0-1-0.05-50-0 0 2449 48 48 14 14 0.1153 0.1153 334 334
256-0-1-0.05-50-0 0 2449 42 42 16 16 0.7447 0.7447 106 106
256-0-1-0.05-50-0 0 2450 10 35 1 24 0.2533 0.0354 449 158
256-0-1-0.05-50-0 0 2450 48 50 13 3 0.1153 0.2147 334 147
256-0-1-0.05-50-0 0 2451 44 22 6 7 0.7034 0.0160 118 311
256-0-1-0.05-50-0 0 2451 11 12 4 20 0.0504 0.1896 384 325
256-0-1-0.05-50-0 0 2452 46 22 4 6 0.3451 0.0160 327 311
256-0-1-0.05-50-0 0 2452 48 46 13 4 0.1153 0.3451 334 327
256-0-1-0.05-50-0 0 2453 23 35 3 25 0.1698 0.0354 476 158
256-0-1-0.05-50-0 0 2453 7 22 4 5 0.9267 0.0160 106 311
256-0-1-0.05-50-0 0 2454 46 50 3 2 0.3451 0.2147 327 147
256-0-1-0.05-50-0 0 2454 41 48 3 13 0.9621 0.1153 105 334
256-0-1-0.05-50-0 0 2455 12 35 19 28 0.1896 0.0354 325 158
256-0-1-0.05-50-0 0 2455 1 8 2 1 0.2520 0.2506 409 303
256-0-1-0.05-50-0 0 2456 46 42 3 16 0.3451 0.7447 327 106
256-0-1-0.05-50-0 0 2456 35 35 28 28 0.0354 0.0354 158 158
256-0-1-0.05-50-0 0 2457 5 48 6 12 0.0007 0.1153 226 334
256-0-1-0.05-50-0 0 2457 35 42 27 15 0.0354 0.7447 158 106
256-0-1-0.05-50-0 0 2458 35 42 28 16 0.0354 0.7447 158 106
256-0-1-0.05-50-0 0 2458 3 48 3 12 0.4813 0.1153 321 334
256-0-1-0.05-50-0 0 2458 42 41 15 4 0.7447 0.9621 106 105
256-0-1-0.05-50-0 0 2459 7 12 5 17 0.9267 0.1896 106 325
256-0-1-0.05-50-0 0 2459 11 5 4 6 0.0504 0.0007 384 226
256-0-1-0.05-50-0 0 2460 2 35 2 27 0.8198 0.0354 167 158
256-0-1-0.05-50-0 0 2460 50 12 3 17 0.2147 0.1896 147 325
256-0-1-0.05-50-0 0 2461 48 41 13 2 0.1153 0.9621 334 105
256-0-1-0.05-50-0 0 2461 12 35 16 26 0.1896 0.0354 325 158
256-0-1-0.05-50-0 0 2462 3 9 3 6 0.4813 0.6134 321 161
256-0-1-0.05-50-0 0 2462 35 23 26 6 0.0354 0.1698 158 476
256-0-1-0.05-50-0 0 2462 35 7 26 6 0.0354 0.9267 158 106
256-0-1-0.05-50-0 0 2463 11 23 3 6 0.0504 0.1698 384 476
256-0-1-0.05-50-0 0 2463 12 12 20 20 0.1896 0.1896 325 325
256-0-1-0.05-50-0 0 2463 25 12 1 19 0.9430 0.1896 125 325
256-0-1-0.05-50-0 0 2464 25 48 1 12 0.9430 0.1153 125 334
256-0-1-0.05-50-0 0 2464 28 22 2 4 0.3846 0.0160 311 311
256-0-1-0.05-50-0 0 2465 42 35 14 28 0.7447 0.0354 106 158
256-0-1-0.05-50-0 0 2465 44 48 8 11 0.7034 0.1153 118 334
256-0-1-0.05-50-0 0 2466 35 15 28 2 0.0354 0.7918 158 149
256-0-1-0.05-50-0 0 2466 42 11 15 2 0.7447 0.0504 106 384
256-0-1-0.05-50-0 0 2467 35 42 28 16 0.0354 0.7447 158 106
256-0-1-0.05-50-0 0 2467 12 35 23 28 0.1896 0.0354 325 158
256-0-1-0.05-50-0 0 2467 42 46 15 3 0.7447 0.3451 106 327
256-0-1-0.05-50-0 0 2468 22 35 3 27 0.0160 0.0354 311 158
256-0-1-0.05-50-0 0 2468 35 36 26 1 0.0354 0.8162 158 165
256-0-1-0.05-50-0 0 2468 6 42 2 16 0.4266 0.7447 249 106
256-0-1-0.05-50-0 0 2469 42 45 16 3 0.7447 0.3816 106 173
256-0-1-0.05-50-0 0 2469 48 42 12 16 0.1153 0.7447 334 106
256-0-1-0.05-50-0 0 2469 42 6 15 2 0.7447 0.4266 106 249
256-0-1-0.05-50-0 0 2470 42 11 14 1 0.7447 0.0504 106 384
256-0-1-0.05-50-0 0 2470 7 48 5 13 0.9267 0.1153 106 334
256-0-1-0.05-50-0 0 2470 2 35 6 28 0.8198 0.0354 167 158
256-0-1-0.05-50-0 0 2471 48 12 12 29 0.1153 0.1896 334 325
256-0-1-0.05-50-0 0 2471 2 50 6 4 0.8198 0.2147 167 147
256-0-1-0.05-50-0 0 2472 48 1 11 4 0.1153 0.2520 334 409
256-0-1-0.05-50-0 0 2472 19 2 2 7 0.8072 0.8198 134 167
256-0-1-0.05-50-0 0 2473 15 35 2 25 0.7918 0.0354 149 158
256-0-1-0.05-50-0 0 2473 42 35 14 24 0.7447 0.0354 106 158
256-0-1-0.05-50-0 0 2474 35 42 22 13 0.0354 0.7447 158 106
256-0-1-0.05-50-0 0 2474 28 42 4 12 0.3846 0.7447 311 106
256-0-1-0.05-50-0 0 2475 35 35 23 23 0.0354 0.0354 158 158
256-0-1-0.05-50-0 0 2475 15 42 2 11 0.7918 0.7447 149 106
256-0-1-0.05-50-0 0 2475 35 6 22 1 0.0354 0.4266 158 249
256-0-1-0.05-50-0 0 2476 36 23 1 3 0.8162 0.1698 165 476
256-0-1-0.05-50-0 0 2476 15 48 2 13 0.7918 0.1153 149 334
256-0-1-0.05-50-0 0 2477 35 12 23 26 0.0354 0.1896 158 325
256-0-1-0.05-50-0 0 2477 48 20 13 1 0.1153 0.9922 334 102
256-0-1-0.05-50-0 0 2478 7 12 9 25 0.9267 0.1896 106 325
256-0-1-0.05-50-0 0 2478 12 48 24 13 0.1896 0.1153 325 334
256-0-1-0.05-50-0 0 2479 7 3 10 6 0.9267 0.4813 106 321
256-0-1-0.05-50-0 0 2479 7 5 10 7 0.9267 0.0007 106 226
256-0-1-0.05-50-0 0 2480 12 28 26 6 0.1896 0.3846 325 311
256-0-1-0.05-50-0 0 2480 2 35 8 25 0.8198 0.0354 167 158
256-0-1-0.05-50-0 0 2480 17 1 3 4 0.6398 0.2520 197 409
256-0-1-0.05-50-0 0 2481 50 12 8 28 0.2147 0.1896 147 325
256-0-1-0.05-50-0 0 2481 33 7 7 9 0.6893 0.9267 191 106
256-0-1-0.05-50-0 0 2482 5 28 4 5 0.0007 0.3846 226 311
256-0-1-0.05-50-0 0 2482 42 2 4 7 0.7447 0.8198 106 167
256-0-1-0.05-50-0 0 2483 15 45 3 3 0.7918 0.3816 149 173
256-0-1-0.05-50-0 0 2483 28 17 4 4 0.3846 0.6398 311 197
256-0-1-0.05-50-0 0 2484 13 21 2 3 0.8878 0.4184 151 158
256-0-1-0.05-50-0 0 2484 7 12 11 26 0.9267 0.1896 106 325
256-0-1-0.05-50-0 0 2485 48 35 10 20 0.1153 0.0354 334 158
256-0-1-0.05-50-0 0 2485 33 12 8 25 0.6893 0.1896 191 325
256-0-1-0.05-50-0 0 2486 5 12 4 26 0.0007 0.1896 226 325
256-0-1-0.05-50-0 0 2486 12 12 25 25 0.1896 0.1896 325 325
256-0-1-0.05-50-0 0 2487 45 12 2 26 0.3816 0.1896 173 325
256-0-1-0.05-50-0 0 2487 5 42 4 4 0.0007 0.7447 226 106
256-0-1-0.05-50-0 0 2488 15 36 3 3 0.7918 0.8162 149 165
256-0-1-0.05-50-0 0 2488 33 35 7 20 0.6893 0.0354 191 158
256-0-1-0.05-50-0 0 2489 33 48 7 10 0.6893 0.1153 191 334
256-0-1-0.05-50-0 0 2489 19 17 4 2 0.8072 0.6398 134 197
256-0-1-0.05-50-0 0 2490 7 50 14 10 0.9267 0.2147 106 147
256-0-1-0.05-50-0 0 2490 19 14 7 1 0.8072 0.8451 134 105
256-0-1-0.05-50-0 0 2491 47 13 3 2 0.9293 0.8878 103 151
256-0-1-0.05-50-0 0 2491 12 29 23 1 0.1896 0.6728 325 177
256-0-1-0.05-50-0 0 2492 12 47 23 4 0.1896 0.9293 325 103
256-0-1-0.05-50-0 0 2492 41 35 3 19 0.9621 0.0354 105 158
256-0-1-0.05-50-0 0 2493 12 35 22 17 0.1896 0.0354 325 158
256-0-1-0.05-50-0 0 2493 9 50 1 10 0.6134 0.2147 161 147
256-0-1-0.05-50-0 0 2494 15 19 3 5 0.7918 0.8072 149 134
256-0-1-0.05-50-0 0 2494 35 2 17 7 0.0354 0.8198 158 167
256-0-1-0.05-50-0 0 2495 35 23 18 5 0.0354 0.1698 158 476
256-0-1-0.05-50-0 0 2495 21 35 3 18 0.4184 0.0354 158 158
256-0-1-0.05-50-0 0 2496 5 47 3 5 0.0007 0.9293 226 103
256-0-1-0.05-50-0 0 2496 23 33 4 7 0.1698 0.6893 476 191
256-0-1-0.05-50-0 0 2497 47 12 4 22 0.9293 0.1896 103 325
256-0-1-0.05-50-0 0 2497 12 35 21 18 0.1896 0.0354 325 158
256-0-1-0.05-50-0 0 2498 4 21 1 5 0.0723 0.4184 351 158
256-0-1-0.05-50-0 0 2498 42 48 4 9 0.7447 0.1153 106 334
256-0-1-0.05-50-0 0 2499 2 28 6 6 0.8198 0.3846 167 311
256-0-1-0.05-50-0 0 2499 7 1 17 6 0.9267 0.2520 106 409
256-0-1-0.05-50-0 0 2500 7 50 15 10 0.9267 0.2147 106 147
256-0-1-0.05-50-0 0 2500 45 12 2 23 0.3816 0.1896 173 325
