258-0-1-0.05-50-0 0 2302 5 35 16 12 0.0007 0.0354 226 158
258-0-1-0.05-50-0 0 2302 1 27 18 3 0.2520 0.0776 409 149
258-0-1-0.05-50-0 0 2303 40 48 3 1 0.9739 0.1153 104 334
258-0-1-0.05-50-0 0 2303 38 5 8 16 0.6163 0.0007 270 226
258-0-1-0.05-50-0 0 2304 38 5 7 14 0.6163 0.0007 270 226
258-0-1-0.05-50-0 0 2304 10 5 5 13 0.2533 0.0007 449 226
258-0-1-0.05-50-0 0 2305 1 40 20 4 0.2520 0.9739 409 104
258-0-1-0.05-50-0 0 2305 1 1 20 20 0.2520 0.2520 409 409
258-0-1-0.05-50-0 0 2306 38 5 6 12 0.6163 0.0007 270 226
258-0-1-0.05-50-0 0 2306 1 19 19 4 0.2520 0.8072 409 134
258-0-1-0.05-50-0 0 2307 4 19 3 4 0.0723 0.8072 351 134
258-0-1-0.05-50-0 0 2307 40 11 3 3 0.9739 0.0504 104 384
258-0-1-0.05-50-0 0 2308 1 46 18 4 0.2520 0.3451 409 327
258-0-1-0.05-50-0 0 2308 10 5 7 11 0.2533 0.0007 449 226
258-0-1-0.05-50-0 0 2309 1 42 18 4 0.2520 0.7447 409 106
258-0-1-0.05-50-0 0 2309 5 33 11 3 0.0007 0.6893 226 191
258-0-1-0.05-50-0 0 2310 34 49 1 14 0.7448 0.1842 168 136
258-0-1-0.05-50-0 0 2310 45 5 1 11 0.3816 0.0007 173 226
258-0-1-0.05-50-0 0 2311 16 5 2 10 0.2228 0.0007 149 226
258-0-1-0.05-50-0 0 2311 19 38 2 7 0.8072 0.6163 134 270
258-0-1-0.05-50-0 0 2312 2 1 2 18 0.8198 0.2520 167 409
258-0-1-0.05-50-0 0 2312 1 26 17 5 0.2520 0.8171 409 141
258-0-1-0.05-50-0 0 2313 1 49 16 14 0.2520 0.1842 409 136
258-0-1-0.05-50-0 0 2313 38 44 7 11 0.6163 0.7034 270 118
258-0-1-0.05-50-0 0 2314 1 11 16 3 0.2520 0.0504 409 384
258-0-1-0.05-50-0 0 2314 16 49 2 14 0.2228 0.1842 149 136
258-0-1-0.05-50-0 0 2315 34 49 2 14 0.7448 0.1842 168 136
258-0-1-0.05-50-0 0 2315 44 4 11 6 0.7034 0.0723 118 351
258-0-1-0.05-50-0 0 2316 44 18 10 2 0.7034 0.2181 118 226
258-0-1-0.05-50-0 0 2316 35 19 13 2 0.0354 0.8072 158 134
258-0-1-0.05-50-0 0 2317 26 1 4 14 0.8171 0.2520 141 409
258-0-1-0.05-50-0 0 2317 16 46 2 3 0.2228 0.3451 149 327
258-0-1-0.05-50-0 0 2318 4 49 7 11 0.0723 0.1842 351 136
258-0-1-0.05-50-0 0 2318 49 1 10 13 0.1842 0.2520 136 409
258-0-1-0.05-50-0 0 2319 35 40 11 4 0.0354 0.9739 158 104
258-0-1-0.05-50-0 0 2319 35 49 11 10 0.0354 0.1842 158 136
258-0-1-0.05-50-0 0 2320 1 1 11 11 0.2520 0.2520 409 409
258-0-1-0.05-50-0 0 2320 1 35 10 11 0.2520 0.0354 409 158
258-0-1-0.05-50-0 0 2321 42 10 3 8 0.7447 0.2533 106 449
258-0-1-0.05-50-0 0 2321 4 24 6 1 0.0723 0.1940 351 254
258-0-1-0.05-50-0 0 2322 44 43 10 2 0.7034 0.8316 118 123
258-0-1-0.05-50-0 0 2322 49 49 11 11 0.1842 0.1842 136 136
258-0-1-0.05-50-0 0 2323 10 18 8 2 0.2533 0.2181 449 226
258-0-1-0.05-50-0 0 2323 35 9 11 3 0.0354 0.6134 158 161
258-0-1-0.05-50-0 0 2324 49 10 11 8 0.1842 0.2533 136 449
258-0-1-0.05-50-0 0 2324 18 9 1 2 0.2181 0.6134 226 161
258-0-1-0.05-50-0 0 2325 11 10 4 6 0.0504 0.2533 384 449
258-0-1-0.05-50-0 0 2325 37 7 2 1 0.8481 0.9267 127 106
258-0-1-0.05-50-0 0 2326 44 35 10 9 0.7034 0.0354 118 158
258-0-1-0.05-50-0 0 2326 35 5 8 8 0.0354 0.0007 158 226
258-0-1-0.05-50-0 0 2327 38 16 5 1 0.6163 0.2228 270 149
258-0-1-0.05-50-0 0 2327 4 42 8 2 0.0723 0.7447 351 106
258-0-1-0.05-50-0 0 2328 10 11 5 3 0.2533 0.0504 449 384
258-0-1-0.05-50-0 0 2328 34 44 3 12 0.7448 0.7034 168 118
258-0-1-0.05-50-0 0 2329 10 44 5 11 0.2533 0.7034 449 118
258-0-1-0.05-50-0 0 2329 27 35 4 13 0.0776 0.0354 149 158
258-0-1-0.05-50-0 0 2330 38 27 5 4 0.6163 0.0776 270 149
258-0-1-0.05-50-0 0 2330 38 49 5 10 0.6163 0.1842 270 136
258-0-1-0.05-50-0 0 2331 27 33 3 1 0.0776 0.6893 149 191
258-0-1-0.05-50-0 0 2331 4 38 9 5 0.0723 0.6163 351 270
258-0-1-0.05-50-0 0 2332 49 5 11 5 0.1842 0.0007 136 226
258-0-1-0.05-50-0 0 2332 38 1 4 9 0.6163 0.2520 270 409
258-0-1-0.05-50-0 0 2333 4 49 11 11 0.0723 0.1842 351 136
258-0-1-0.05-50-0 0 2333 49 10 10 7 0.1842 0.2533 136 449
258-0-1-0.05-50-0 0 2334 35 49 11 12 0.0354 0.1842 158 136
258-0-1-0.05-50-0 0 2334 18 35 4 11 0.2181 0.0354 226 158
258-0-1-0.05-50-0 0 2335 50 10 3 5 0.2147 0.2533 147 449
258-0-1-0.05-50-0 0 2335 37 19 2 2 0.8481 0.8072 127 134
258-0-1-0.05-50-0 0 2336 11 9 2 3 0.0504 0.6134 384 161
258-0-1-0.05-50-0 0 2336 18 40 5 4 0.2181 0.9739 226 104
258-0-1-0.05-50-0 0 2337 44 44 11 11 0.7034 0.7034 118 118
258-0-1-0.05-50-0 0 2337 49 18 10 6 0.1842 0.2181 136 226
258-0-1-0.05-50-0 0 2338 46 18 3 5 0.3451 0.2181 327 226
258-0-1-0.05-50-0 0 2338 40 46 3 3 0.9739 0.3451 104 327
258-0-1-0.05-50-0 0 2339 38 12 4 2 0.6163 0.1896 270 325
258-0-1-0.05-50-0 0 2339 4 35 11 9 0.0723 0.0354 351 158
258-0-1-0.05-50-0 0 2340 40 5 3 6 0.9739 0.0007 104 226
258-0-1-0.05-50-0 0 2340 12 17 2 1 0.1896 0.6398 325 197
258-0-1-0.05-50-0 0 2341 3 49 2 10 0.4813 0.1842 321 136
258-0-1-0.05-50-0 0 2341 18 1 4 5 0.2181 0.2520 226 409
258-0-1-0.05-50-0 0 2342 18 4 3 11 0.2181 0.0723 226 351
258-0-1-0.05-50-0 0 2342 49 12 10 2 0.1842 0.1896 136 325
258-0-1-0.05-50-0 0 2343 49 49 11 11 0.1842 0.1842 136 136
258-0-1-0.05-50-0 0 2343 4 44 9 14 0.0723 0.7034 351 118
258-0-1-0.05-50-0 0 2344 4 12 9 1 0.0723 0.1896 351 325
258-0-1-0.05-50-0 0 2344 49 2 10 2 0.1842 0.8198 136 167
258-0-1-0.05-50-0 0 2345 26 19 3 2 0.8171 0.8072 141 134
258-0-1-0.05-50-0 0 2345 3 4 3 10 0.4813 0.0723 321 351
258-0-1-0.05-50-0 0 2346 36 13 2 2 0.8162 0.8878 165 151
258-0-1-0.05-50-0 0 2346 18 3 4 3 0.2181 0.4813 226 321
258-0-1-0.05-50-0 0 2347 11 19 2 1 0.0504 0.8072 384 134
258-0-1-0.05-50-0 0 2347 50 50 5 5 0.2147 0.2147 147 147
258-0-1-0.05-50-0 0 2348 44 40 15 4 0.7034 0.9739 118 104
258-0-1-0.05-50-0 0 2348 49 49 12 12 0.1842 0.1842 136 136
258-0-1-0.05-50-0 0 2349 36 44 2 14 0.8162 0.7034 165 118
258-0-1-0.05-50-0 0 2349 35 38 9 4 0.0354 0.6163 158 270
258-0-1-0.05-50-0 0 2350 27 44 3 13 0.0776 0.7034 149 118
258-0-1-0.05-50-0 0 2350 34 4 1 10 0.7448 0.0723 168 351
258-0-1-0.05-50-0 0 2351 1 6 4 4 0.2520 0.4266 409 249
258-0-1-0.05-50-0 0 2351 9 44 3 12 0.6134 0.7034 161 118
258-0-1-0.05-50-0 0 2352 46 27 2 3 0.3451 0.0776 327 149
258-0-1-0.05-50-0 0 2352 18 37 4 5 0.2181 0.8481 226 127
258-0-1-0.05-50-0 0 2353 45 40 2 3 0.3816 0.9739 173 104
258-0-1-0.05-50-0 0 2353 38 38 3 3 0.6163 0.6163 270 270
258-0-1-0.05-50-0 0 2354 47 21 3 3 0.9293 0.4184 103 158
258-0-1-0.05-50-0 0 2354 34 44 1 10 0.7448 0.7034 168 118
258-0-1-0.05-50-0 0 2355 5 5 7 7 0.0007 0.0007 226 226
258-0-1-0.05-50-0 0 2355 35 4 13 9 0.0354 0.0723 158 351
258-0-1-0.05-50-0 0 2356 35 16 13 1 0.0354 0.2228 158 149
258-0-1-0.05-50-0 0 2356 35 11 13 3 0.0354 0.0504 158 384
258-0-1-0.05-50-0 0 2357 44 11 9 2 0.7034 0.0504 118 384
258-0-1-0.05-50-0 0 2357 10 2 7 3 0.2533 0.8198 449 167
258-0-1-0.05-50-0 0 2358 35 35 15 15 0.0354 0.0354 158 158
258-0-1-0.05-50-0 0 2358 9 1 5 5 0.6134 0.2520 161 409
258-0-1-0.05-50-0 0 2359 47 36 2 2 0.9293 0.8162 103 165
258-0-1-0.05-50-0 0 2359 3 1 4 4 0.4813 0.2520 321 409
258-0-1-0.05-50-0 0 2360 4 35 13 13 0.0723 0.0354 351 158
258-0-1-0.05-50-0 0 2360 4 35 13 12 0.0723 0.0354 351 158
258-0-1-0.05-50-0 0 2361 49 44 8 13 0.1842 0.7034 136 118
258-0-1-0.05-50-0 0 2361 4 1 13 3 0.0723 0.2520 351 409
258-0-1-0.05-50-0 0 2362 50 38 5 2 0.2147 0.6163 147 270
258-0-1-0.05-50-0 0 2362 50 3 5 3 0.2147 0.4813 147 321
258-0-1-0.05-50-0 0 2363 21 37 1 4 0.4184 0.8481 158 127
258-0-1-0.05-50-0 0 2363 9 18 5 4 0.6134 0.2181 161 226
258-0-1-0.05-50-0 0 2364 35 4 13 12 0.0354 0.0723 158 351
258-0-1-0.05-50-0 0 2364 44 10 13 3 0.7034 0.2533 118 449
258-0-1-0.05-50-0 0 2365 8 21 2 1 0.2506 0.4184 303 158
258-0-1-0.05-50-0 0 2365 35 5 14 7 0.0354 0.0007 158 226
258-0-1-0.05-50-0 0 2366 1 18 2 2 0.2520 0.2181 409 226
258-0-1-0.05-50-0 0 2366 27 35 5 15 0.0776 0.0354 149 158
258-0-1-0.05-50-0 0 2367 4 44 11 14 0.0723 0.7034 351 118
258-0-1-0.05-50-0 0 2367 46 27 2 5 0.3451 0.0776 327 149
258-0-1-0.05-50-0 0 2368 49 18 6 1 0.1842 0.2181 136 226
258-0-1-0.05-50-0 0 2368 4 49 12 6 0.0723 0.1842 351 136
258-0-1-0.05-50-0 0 2369 2 49 4 6 0.8198 0.1842 167 136
258-0-1-0.05-50-0 0 2369 4 40 12 2 0.0723 0.9739 351 104
258-0-1-0.05-50-0 0 2370 12 45 2 1 0.1896 0.3816 325 173
258-0-1-0.05-50-0 0 2370 32 4 3 12 0.6514 0.0723 215 351
258-0-1-0.05-50-0 0 2371 5 49 8 5 0.0007 0.1842 226 136
258-0-1-0.05-50-0 0 2371 5 30 8 1 0.0007 0.6008 226 266
258-0-1-0.05-50-0 0 2372 23 4 1 11 0.1698 0.0723 476 351
258-0-1-0.05-50-0 0 2372 49 1 4 1 0.1842 0.2520 136 409
258-0-1-0.05-50-0 0 2373 26 50 1 7 0.8171 0.2147 141 147
258-0-1-0.05-50-0 0 2373 46 32 2 3 0.3451 0.6514 327 215
258-0-1-0.05-50-0 0 2374 32 12 2 2 0.6514 0.1896 215 325
258-0-1-0.05-50-0 0 2374 35 3 18 4 0.0354 0.4813 158 321
258-0-1-0.05-50-0 0 2375 39 2 1 4 0.2187 0.8198 309 167
258-0-1-0.05-50-0 0 2375 32 9 2 4 0.6514 0.6134 215 161
258-0-1-0.05-50-0 0 2376 26 35 1 22 0.8171 0.0354 141 158
258-0-1-0.05-50-0 0 2376 44 5 12 9 0.7034 0.0007 118 226
258-0-1-0.05-50-0 0 2377 44 4 10 9 0.7034 0.0723 118 351
258-0-1-0.05-50-0 0 2378 35 44 23 10 0.0354 0.7034 158 118
258-0-1-0.05-50-0 0 2379 23 40 2 1 0.1698 0.9739 476 104
258-0-1-0.05-50-0 0 2380 44 35 9 25 0.7034 0.0354 118 158
258-0-1-0.05-50-0 0 2380 35 6 24 1 0.0354 0.4266 158 249
258-0-1-0.05-50-0 0 2381 35 4 22 8 0.0354 0.0723 158 351
258-0-1-0.05-50-0 0 2382 10 47 3 2 0.2533 0.9293 449 103
258-0-1-0.05-50-0 0 2383 35 44 23 10 0.0354 0.7034 158 118
258-0-1-0.05-50-0 0 2384 4 9 6 4 0.0723 0.6134 351 161
258-0-1-0.05-50-0 0 2385 44 50 10 8 0.7034 0.2147 118 147
258-0-1-0.05-50-0 0 2386 50 10 7 4 0.2147 0.2533 147 449
258-0-1-0.05-50-0 0 2387 37 50 4 7 0.8481 0.2147 127 147
258-0-1-0.05-50-0 0 2388 4 50 7 6 0.0723 0.2147 351 147
258-0-1-0.05-50-0 0 2389 44 37 11 3 0.7034 0.8481 118 127
258-0-1-0.05-50-0 0 2390 35 35 27 27 0.0354 0.0354 158 158
258-0-1-0.05-50-0 0 2391 49 35 3 25 0.1842 0.0354 136 158
258-0-1-0.05-50-0 0 2391 47 50 3 5 0.9293 0.2147 103 147
258-0-1-0.05-50-0 0 2392 35 35 26 26 0.0354 0.0354 158 158
258-0-1-0.05-50-0 0 2392 35 35 25 25 0.0354 0.0354 158 158
258-0-1-0.05-50-0 0 2393 35 35 25 25 0.0354 0.0354 158 158
258-0-1-0.05-50-0 0 2393 35 9 24 3 0.0354 0.6134 158 161
258-0-1-0.05-50-0 0 2394 35 35 25 25 0.0354 0.0354 158 158
258-0-1-0.05-50-0 0 2394 3 30 2 5 0.4813 0.6008 321 266
258-0-1-0.05-50-0 0 2395 44 31 14 1 0.7034 0.5626 118 252
258-0-1-0.05-50-0 0 2395 2 4 5 6 0.8198 0.0723 167 351
258-0-1-0.05-50-0 0 2396 49 2 3 5 0.1842 0.8198 136 167
258-0-1-0.05-50-0 0 2396 35 28 23 1 0.0354 0.3846 158 311
258-0-1-0.05-50-0 0 2397 4 19 6 1 0.0723 0.8072 351 134
258-0-1-0.05-50-0 0 2397 37 35 3 23 0.8481 0.0354 127 158
258-0-1-0.05-50-0 0 2398 50 26 4 1 0.2147 0.8171 147 141
258-0-1-0.05-50-0 0 2398 36 39 5 2 0.8162 0.2187 165 309
258-0-1-0.05-50-0 0 2399 5 3 8 5 0.0007 0.4813 226 321
258-0-1-0.05-50-0 0 2399 50 39 5 1 0.2147 0.2187 147 309
258-0-1-0.05-50-0 0 2400 50 35 5 23 0.2147 0.0354 147 158
258-0-1-0.05-50-0 0 2400 30 3 3 5 0.6008 0.4813 266 321
258-0-1-0.05-50-0 0 2401 5 34 8 2 0.0007 0.7448 226 168
258-0-1-0.05-50-0 0 2401 44 35 13 26 0.7034 0.0354 118 158
258-0-1-0.05-50-0 0 2402 44 35 14 27 0.7034 0.0354 118 158
258-0-1-0.05-50-0 0 2402 9 35 4 26 0.6134 0.0354 161 158
258-0-1-0.05-50-0 0 2403 2 5 4 7 0.8198 0.0007 167 226
258-0-1-0.05-50-0 0 2403 44 4 14 6 0.7034 0.0723 118 351
258-0-1-0.05-50-0 0 2404 22 50 3 4 0.0160 0.2147 311 147
258-0-1-0.05-50-0 0 2404 3 9 5 5 0.4813 0.6134 321 161
258-0-1-0.05-50-0 0 2405 35 44 25 18 0.0354 0.7034 158 118
258-0-1-0.05-50-0 0 2405 44 37 17 4 0.7034 0.8481 118 127
258-0-1-0.05-50-0 0 2406 44 44 17 17 0.7034 0.7034 118 118
258-0-1-0.05-50-0 0 2406 35 5 24 6 0.0354 0.0007 158 226
258-0-1-0.05-50-0 0 2407 9 44 6 18 0.6134 0.7034 161 118
258-0-1-0.05-50-0 0 2407 11 8 1 2 0.0504 0.2506 384 303
258-0-1-0.05-50-0 0 2408 22 24 6 1 0.0160 0.1940 311 254
258-0-1-0.05-50-0 0 2408 3 5 6 5 0.4813 0.0007 321 226
258-0-1-0.05-50-0 0 2409 8 44 1 18 0.2506 0.7034 303 118
258-0-1-0.05-50-0 0 2409 22 3 7 6 0.0160 0.4813 311 321
258-0-1-0.05-50-0 0 2410 4 35 4 27 0.0723 0.0354 351 158
258-0-1-0.05-50-0 0 2410 8 35 1 26 0.2506 0.0354 303 158
258-0-1-0.05-50-0 0 2411 3 37 4 2 0.4813 0.8481 321 127
258-0-1-0.05-50-0 0 2411 8 34 1 2 0.2506 0.7448 303 168
258-0-1-0.05-50-0 0 2412 4 44 5 15 0.0723 0.7034 351 118
258-0-1-0.05-50-0 0 2412 44 4 14 5 0.7034 0.0723 118 351
258-0-1-0.05-50-0 0 2413 35 36 26 4 0.0354 0.8162 158 165
258-0-1-0.05-50-0 0 2413 44 4 15 4 0.7034 0.0723 118 351
258-0-1-0.05-50-0 0 2414 22 42 8 3 0.0160 0.7447 311 106
258-0-1-0.05-50-0 0 2414 49 37 1 1 0.1842 0.8481 136 127
258-0-1-0.05-50-0 0 2415 35 4 29 3 0.0354 0.0723 158 351
258-0-1-0.05-50-0 0 2415 5 6 4 2 0.0007 0.4266 226 249
258-0-1-0.05-50-0 0 2416 12 35 5 32 0.1896 0.0354 325 158
258-0-1-0.05-50-0 0 2416 35 22 31 12 0.0354 0.0160 158 311
258-0-1-0.05-50-0 0 2417 44 8 17 2 0.7034 0.2506 118 303
258-0-1-0.05-50-0 0 2417 22 10 11 3 0.0160 0.2533 311 449
258-0-1-0.05-50-0 0 2418 44 35 17 33 0.7034 0.0354 118 158
258-0-1-0.05-50-0 0 2418 44 10 17 2 0.7034 0.2533 118 449
258-0-1-0.05-50-0 0 2419 28 44 1 17 0.3846 0.7034 311 118
258-0-1-0.05-50-0 0 2419 35 44 34 16 0.0354 0.7034 158 118
258-0-1-0.05-50-0 0 2420 26 19 2 2 0.8171 0.8072 141 134
258-0-1-0.05-50-0 0 2420 44 36 16 5 0.7034 0.8162 118 165
258-0-1-0.05-50-0 0 2421 35 22 31 10 0.0354 0.0160 158 311
258-0-1-0.05-50-0 0 2421 9 9 4 4 0.6134 0.6134 161 161
258-0-1-0.05-50-0 0 2422 11 42 4 1 0.0504 0.7447 384 106
258-0-1-0.05-50-0 0 2422 44 41 16 1 0.7034 0.9621 118 105
258-0-1-0.05-50-0 0 2423 30 35 9 32 0.6008 0.0354 266 158
258-0-1-0.05-50-0 0 2423 4 22 2 11 0.0723 0.0160 351 311
258-0-1-0.05-50-0 0 2424 35 22 30 11 0.0354 0.0160 158 311
258-0-1-0.05-50-0 0 2424 21 44 3 13 0.4184 0.7034 158 118
258-0-1-0.05-50-0 0 2425 30 11 9 4 0.6008 0.0504 266 384
258-0-1-0.05-50-0 0 2425 44 35 11 30 0.7034 0.0354 118 158
258-0-1-0.05-50-0 0 2426 47 36 7 3 0.9293 0.8162 103 165
258-0-1-0.05-50-0 0 2426 26 44 4 10 0.8171 0.7034 141 118
258-0-1-0.05-50-0 0 2427 47 12 8 5 0.9293 0.1896 103 325
258-0-1-0.05-50-0 0 2427 12 49 4 2 0.1896 0.1842 325 136
258-0-1-0.05-50-0 0 2428 30 8 9 1 0.6008 0.2506 266 303
258-0-1-0.05-50-0 0 2428 15 35 1 33 0.7918 0.0354 149 158
258-0-1-0.05-50-0 0 2429 3 26 2 4 0.4813 0.8171 321 141
258-0-1-0.05-50-0 0 2429 44 11 10 7 0.7034 0.0504 118 384
258-0-1-0.05-50-0 0 2430 35 35 32 32 0.0354 0.0354 158 158
258-0-1-0.05-50-0 0 2430 50 22 1 11 0.2147 0.0160 147 311
258-0-1-0.05-50-0 0 2431 35 6 31 3 0.0354 0.4266 158 249
258-0-1-0.05-50-0 0 2431 11 31 6 2 0.0504 0.5626 384 252
258-0-1-0.05-50-0 0 2432 30 35 10 31 0.6008 0.0354 266 158
258-0-1-0.05-50-0 0 2432 36 10 2 5 0.8162 0.2533 165 449
258-0-1-0.05-50-0 0 2433 22 15 10 2 0.0160 0.7918 311 149
258-0-1-0.05-50-0 0 2433 12 35 5 32 0.1896 0.0354 325 158
258-0-1-0.05-50-0 0 2434 30 2 12 3 0.6008 0.8198 266 167
258-0-1-0.05-50-0 0 2434 44 35 10 32 0.7034 0.0354 118 158
258-0-1-0.05-50-0 0 2435 31 45 1 6 0.5626 0.3816 252 173
258-0-1-0.05-50-0 0 2435 22 35 10 31 0.0160 0.0354 311 158
258-0-1-0.05-50-0 0 2436 45 26 5 3 0.3816 0.8171 173 141
258-0-1-0.05-50-0 0 2436 12 35 5 31 0.1896 0.0354 325 158
258-0-1-0.05-50-0 0 2437 47 31 9 1 0.9293 0.5626 103 252
258-0-1-0.05-50-0 0 2437 11 12 10 4 0.0504 0.1896 384 325
258-0-1-0.05-50-0 0 2438 47 22 9 14 0.9293 0.0160 103 311
258-0-1-0.05-50-0 0 2438 26 44 2 10 0.8171 0.7034 141 118
258-0-1-0.05-50-0 0 2439 11 22 10 11 0.0504 0.0160 384 311
258-0-1-0.05-50-0 0 2439 35 28 33 2 0.0354 0.3846 158 311
258-0-1-0.05-50-0 0 2440 35 47 36 8 0.0354 0.9293 158 103
258-0-1-0.05-50-0 0 2440 21 35 3 36 0.4184 0.0354 158 158
258-0-1-0.05-50-0 0 2441 47 35 7 36 0.9293 0.0354 103 158
258-0-1-0.05-50-0 0 2441 35 35 35 35 0.0354 0.0354 158 158
258-0-1-0.05-50-0 0 2442 37 22 2 12 0.8481 0.0160 127 311
258-0-1-0.05-50-0 0 2442 30 5 11 1 0.6008 0.0007 266 226
258-0-1-0.05-50-0 0 2443 11 25 10 1 0.0504 0.9430 384 125
258-0-1-0.05-50-0 0 2443 35 35 28 28 0.0354 0.0354 158 158
258-0-1-0.05-50-0 0 2444 11 10 10 2 0.0504 0.2533 384 449
258-0-1-0.05-50-0 0 2444 35 44 26 14 0.0354 0.7034 158 118
258-0-1-0.05-50-0 0 2445 30 10 11 1 0.6008 0.2533 266 449
258-0-1-0.05-50-0 0 2445 30 44 11 14 0.6008 0.7034 266 118
258-0-1-0.05-50-0 0 2446 44 35 13 24 0.7034 0.0354 118 158
258-0-1-0.05-50-0 0 2446 30 30 12 12 0.6008 0.6008 266 266
258-0-1-0.05-50-0 0 2447 17 30 2 10 0.6398 0.6008 197 266
258-0-1-0.05-50-0 0 2447 35 11 22 12 0.0354 0.0504 158 384
258-0-1-0.05-50-0 0 2448 44 35 12 23 0.7034 0.0354 118 158
258-0-1-0.05-50-0 0 2448 22 35 12 22 0.0160 0.0354 311 158
258-0-1-0.05-50-0 0 2449 50 47 1 6 0.2147 0.9293 147 103
258-0-1-0.05-50-0 0 2449 44 30 12 8 0.7034 0.6008 118 266
258-0-1-0.05-50-0 0 2450 22 45 15 6 0.0160 0.3816 311 173
258-0-1-0.05-50-0 0 2450 11 1 13 3 0.0504 0.2520 384 409
258-0-1-0.05-50-0 0 2451 15 35 2 22 0.7918 0.0354 149 158
258-0-1-0.05-50-0 0 2451 35 44 21 11 0.0354 0.7034 158 118
258-0-1-0.05-50-0 0 2452 36 11 3 15 0.8162 0.0504 165 384
258-0-1-0.05-50-0 0 2452 30 26 7 2 0.6008 0.8171 266 141
258-0-1-0.05-50-0 0 2453 35 12 22 5 0.0354 0.1896 158 325
258-0-1-0.05-50-0 0 2453 35 35 22 22 0.0354 0.0354 158 158
258-0-1-0.05-50-0 0 2454 12 17 4 3 0.1896 0.6398 325 197
258-0-1-0.05-50-0 0 2454 49 44 1 10 0.1842 0.7034 136 118
258-0-1-0.05-50-0 0 2455 35 15 22 4 0.0354 0.7918 158 149
258-0-1-0.05-50-0 0 2455 35 11 22 17 0.0354 0.0504 158 384
258-0-1-0.05-50-0 0 2456 22 22 16 16 0.0160 0.0160 311 311
258-0-1-0.05-50-0 0 2456 9 35 4 23 0.6134 0.0354 161 158
258-0-1-0.05-50-0 0 2457 24 2 4 6 0.1940 0.8198 254 167
258-0-1-0.05-50-0 0 2457 22 37 17 1 0.0160 0.8481 311 127
258-0-1-0.05-50-0 0 2458 35 24 25 5 0.0354 0.1940 158 254
258-0-1-0.05-50-0 0 2458 35 35 25 25 0.0354 0.0354 158 158
258-0-1-0.05-50-0 0 2459 44 2 11 7 0.7034 0.8198 118 167
258-0-1-0.05-50-0 0 2459 42 30 1 5 0.7447 0.6008 106 266
258-0-1-0.05-50-0 0 2460 45 47 6 7 0.3816 0.9293 173 103
258-0-1-0.05-50-0 0 2460 30 1 4 4 0.6008 0.2520 266 409
258-0-1-0.05-50-0 0 2461 21 24 2 5 0.4184 0.1940 158 254
258-0-1-0.05-50-0 0 2461 35 45 25 6 0.0354 0.3816 158 173
258-0-1-0.05-50-0 0 2462 9 17 5 3 0.6134 0.6398 161 197
258-0-1-0.05-50-0 0 2462 35 35 24 24 0.0354 0.0354 158 158
258-0-1-0.05-50-0 0 2463 26 35 2 22 0.8171 0.0354 141 158
258-0-1-0.05-50-0 0 2463 22 2 19 4 0.0160 0.8198 311 167
258-0-1-0.05-50-0 0 2464 22 45 19 9 0.0160 0.3816 311 173
258-0-1-0.05-50-0 0 2464 9 1 5 3 0.6134 0.2520 161 409
258-0-1-0.05-50-0 0 2465 11 13 29 4 0.0504 0.8878 384 151
258-0-1-0.05-50-0 0 2465 22 22 19 19 0.0160 0.0160 311 311
258-0-1-0.05-50-0 0 2466 29 11 1 27 0.6728 0.0504 177 384
258-0-1-0.05-50-0 0 2466 11 43 26 2 0.0504 0.8316 384 123
258-0-1-0.05-50-0 0 2467 22 11 19 27 0.0160 0.0504 311 384
258-0-1-0.05-50-0 0 2467 22 35 19 25 0.0160 0.0354 311 158
258-0-1-0.05-50-0 0 2468 30 35 6 25 0.6008 0.0354 266 158
258-0-1-0.05-50-0 0 2468 11 11 26 26 0.0504 0.0504 384 384
258-0-1-0.05-50-0 0 2469 11 13 27 3 0.0504 0.8878 384 151
258-0-1-0.05-50-0 0 2469 35 17 25 2 0.0354 0.6398 158 197
258-0-1-0.05-50-0 0 2469 24 9 6 5 0.1940 0.6134 254 161
258-0-1-0.05-50-0 0 2470 30 24 6 6 0.6008 0.1940 266 254
258-0-1-0.05-50-0 0 2470 11 30 26 6 0.0504 0.6008 384 266
258-0-1-0.05-50-0 0 2470 44 35 12 25 0.7034 0.0354 118 158
258-0-1-0.05-50-0 0 2471 35 9 26 5 0.0354 0.6134 158 161
258-0-1-0.05-50-0 0 2471 24 45 5 8 0.1940 0.3816 254 173
258-0-1-0.05-50-0 0 2472 47 11 6 25 0.9293 0.0504 103 384
258-0-1-0.05-50-0 0 2472 11 22 24 23 0.0504 0.0160 384 311
258-0-1-0.05-50-0 0 2472 11 44 24 13 0.0504 0.7034 384 118
258-0-1-0.05-50-0 0 2473 11 12 23 6 0.0504 0.1896 384 325
258-0-1-0.05-50-0 0 2473 44 35 13 26 0.7034 0.0354 118 158
258-0-1-0.05-50-0 0 2474 11 7 21 3 0.0504 0.9267 384 106
258-0-1-0.05-50-0 0 2474 38 30 1 4 0.6163 0.6008 270 266
258-0-1-0.05-50-0 0 2474 44 20 13 5 0.7034 0.9922 118 102
258-0-1-0.05-50-0 0 2475 11 35 22 26 0.0504 0.0354 384 158
258-0-1-0.05-50-0 0 2475 35 35 25 25 0.0354 0.0354 158 158
258-0-1-0.05-50-0 0 2476 11 44 23 13 0.0504 0.7034 384 118
258-0-1-0.05-50-0 0 2476 22 35 22 25 0.0160 0.0354 311 158
258-0-1-0.05-50-0 0 2477 12 13 5 3 0.1896 0.8878 325 151
258-0-1-0.05-50-0 0 2477 1 44 5 13 0.2520 0.7034 409 118
258-0-1-0.05-50-0 0 2478 22 11 27 24 0.0160 0.0504 311 384
258-0-1-0.05-50-0 0 2478 11 13 23 2 0.0504 0.8878 384 151
258-0-1-0.05-50-0 0 2478 11 13 23 1 0.0504 0.8878 384 151
258-0-1-0.05-50-0 0 2479 17 22 1 31 0.6398 0.0160 197 311
258-0-1-0.05-50-0 0 2479 45 44 9 12 0.3816 0.7034 173 118
258-0-1-0.05-50-0 0 2479 28 35 2 24 0.3846 0.0354 311 158
258-0-1-0.05-50-0 0 2480 22 49 32 3 0.0160 0.1842 311 136
258-0-1-0.05-50-0 0 2480 28 20 3 4 0.3846 0.9922 311 102
258-0-1-0.05-50-0 0 2480 11 11 25 25 0.0504 0.0504 384 384
258-0-1-0.05-50-0 0 2481 45 22 10 32 0.3816 0.0160 173 311
258-0-1-0.05-50-0 0 2481 44 44 11 11 0.7034 0.7034 118 118
258-0-1-0.05-50-0 0 2481 35 47 22 5 0.0354 0.9293 158 103
258-0-1-0.05-50-0 0 2482 22 35 31 23 0.0160 0.0354 311 158
258-0-1-0.05-50-0 0 2482 24 29 5 1 0.1940 0.6728 254 177
258-0-1-0.05-50-0 0 2482 11 22 25 31 0.0504 0.0160 384 311
258-0-1-0.05-50-0 0 2483 11 1 27 4 0.0504 0.2520 384 409
258-0-1-0.05-50-0 0 2483 11 22 27 31 0.0504 0.0160 384 311
258-0-1-0.05-50-0 0 2483 47 22 4 30 0.9293 0.0160 103 311
258-0-1-0.05-50-0 0 2484 22 35 30 23 0.0160 0.0354 311 158
258-0-1-0.05-50-0 0 2484 42 30 2 4 0.7447 0.6008 106 266
258-0-1-0.05-50-0 0 2484 35 35 22 22 0.0354 0.0354 158 158
258-0-1-0.05-50-0 0 2485 24 22 5 30 0.1940 0.0160 254 311
258-0-1-0.05-50-0 0 2485 39 22 1 29 0.2187 0.0160 309 311
258-0-1-0.05-50-0 0 2485 22 35 28 21 0.0160 0.0354 311 158
258-0-1-0.05-50-0 0 2486 32 11 1 25 0.6514 0.0504 215 384
258-0-1-0.05-50-0 0 2486 35 22 20 30 0.0354 0.0160 158 311
258-0-1-0.05-50-0 0 2486 22 44 29 10 0.0160 0.7034 311 118
258-0-1-0.05-50-0 0 2487 22 22 29 29 0.0160 0.0160 311 311
258-0-1-0.05-50-0 0 2487 22 35 28 19 0.0160 0.0354 311 158
258-0-1-0.05-50-0 0 2487 35 11 18 24 0.0354 0.0504 158 384
258-0-1-0.05-50-0 0 2488 22 32 28 1 0.0160 0.6514 311 215
258-0-1-0.05-50-0 0 2488 35 11 18 24 0.0354 0.0504 158 384
258-0-1-0.05-50-0 0 2488 11 2 23 2 0.0504 0.8198 384 167
258-0-1-0.05-50-0 0 2489 3 22 2 29 0.4813 0.0160 321 311
258-0-1-0.05-50-0 0 2489 22 30 28 3 0.0160 0.6008 311 266
258-0-1-0.05-50-0 0 2489 45 22 9 28 0.3816 0.0160 173 311
258-0-1-0.05-50-0 0 2490 10 11 4 30 0.2533 0.0504 449 384
258-0-1-0.05-50-0 0 2490 12 10 10 4 0.1896 0.2533 325 449
258-0-1-0.05-50-0 0 2490 11 35 29 17 0.0504 0.0354 384 158
258-0-1-0.05-50-0 0 2491 11 48 30 1 0.0504 0.1153 384 334
258-0-1-0.05-50-0 0 2491 45 11 11 30 0.3816 0.0504 173 384
258-0-1-0.05-50-0 0 2491 11 10 29 3 0.0504 0.2533 384 449
258-0-1-0.05-50-0 0 2492 3 42 2 2 0.4813 0.7447 321 106
258-0-1-0.05-50-0 0 2492 28 11 4 32 0.3846 0.0504 311 384
258-0-1-0.05-50-0 0 2492 22 45 29 12 0.0160 0.3816 311 173
258-0-1-0.05-50-0 0 2493 24 12 5 10 0.1940 0.1896 254 325
258-0-1-0.05-50-0 0 2493 28 27 4 4 0.3846 0.0776 311 149
258-0-1-0.05-50-0 0 2493 44 7 9 4 0.7034 0.9267 118 106
258-0-1-0.05-50-0 0 2494 3 35 2 16 0.4813 0.0354 321 158
258-0-1-0.05-50-0 0 2494 11 45 29 11 0.0504 0.3816 384 173
258-0-1-0.05-50-0 0 2494 20 11 2 29 0.9922 0.0504 102 384
258-0-1-0.05-50-0 0 2495 11 44 27 9 0.0504 0.7034 384 118
258-0-1-0.05-50-0 0 2495 11 11 27 27 0.0504 0.0504 384 384
258-0-1-0.05-50-0 0 2496 45 11 10 26 0.3816 0.0504 173 384
258-0-1-0.05-50-0 0 2496 22 25 31 2 0.0160 0.9430 311 125
258-0-1-0.05-50-0 0 2496 22 11 31 25 0.0160 0.0504 311 384
258-0-1-0.05-50-0 0 2497 35 22 16 34 0.0354 0.0160 158 311
258-0-1-0.05-50-0 0 2497 12 44 12 8 0.1896 0.7034 325 118
258-0-1-0.05-50-0 0 2497 22 44 33 7 0.0160 0.7034 311 118
258-0-1-0.05-50-0 0 2498 11 11 27 27 0.0504 0.0504 384 384
258-0-1-0.05-50-0 0 2498 45 22 10 35 0.3816 0.0160 173 311
258-0-1-0.05-50-0 0 2498 22 11 34 26 0.0160 0.0504 311 384
258-0-1-0.05-50-0 0 2499 11 1 25 5 0.0504 0.2520 384 409
258-0-1-0.05-50-0 0 2499 35 10 17 3 0.0354 0.2533 158 449
258-0-1-0.05-50-0 0 2499 18 22 3 36 0.2181 0.0160 226 311
258-0-1-0.05-50-0 0 2500 12 22 8 34 0.1896 0.0160 325 311
258-0-1-0.05-50-0 0 2500 11 13 25 1 0.0504 0.8878 384 151
258-0-1-0.05-50-0 0 2500 22 22 33 33 0.0160 0.0160 311 311
