260-0-1-0.05-50-0 0 2302 11 23 20 7 0.0504 0.1698 384 476
260-0-1-0.05-50-0 0 2302 16 5 10 10 0.2228 0.0007 149 226
260-0-1-0.05-50-0 0 2303 11 21 21 1 0.0504 0.4184 384 158
260-0-1-0.05-50-0 0 2303 43 11 12 21 0.8316 0.0504 123 384
260-0-1-0.05-50-0 0 2304 46 16 1 9 0.3451 0.2228 327 149
260-0-1-0.05-50-0 0 2304 7 50 5 4 0.9267 0.2147 106 147
260-0-1-0.05-50-0 0 2305 7 14 5 3 0.9267 0.8451 106 105
260-0-1-0.05-50-0 0 2305 4 37 8 7 0.0723 0.8481 351 127
260-0-1-0.05-50-0 0 2306 50 42 3 6 0.2147 0.7447 147 106
260-0-1-0.05-50-0 0 2306 43 2 14 3 0.8316 0.8198 123 167
260-0-1-0.05-50-0 0 2307 7 13 5 5 0.9267 0.8878 106 151
260-0-1-0.05-50-0 0 2307 10 43 4 14 0.2533 0.8316 449 123
260-0-1-0.05-50-0 0 2308 7 29 5 5 0.9267 0.6728 106 177
260-0-1-0.05-50-0 0 2308 43 11 12 22 0.8316 0.0504 123 384
260-0-1-0.05-50-0 0 2309 11 43 21 13 0.0504 0.8316 384 123
260-0-1-0.05-50-0 0 2309 43 11 12 21 0.8316 0.0504 123 384
260-0-1-0.05-50-0 0 2310 4 37 11 8 0.0723 0.8481 351 127
260-0-1-0.05-50-0 0 2310 4 16 11 14 0.0723 0.2228 351 149
260-0-1-0.05-50-0 0 2311 15 4 4 12 0.7918 0.0723 149 351
260-0-1-0.05-50-0 0 2311 11 11 25 25 0.0504 0.0504 384 384
260-0-1-0.05-50-0 0 2312 43 4 13 10 0.8316 0.0723 123 351
260-0-1-0.05-50-0 0 2312 43 42 13 7 0.8316 0.7447 123 106
260-0-1-0.05-50-0 0 2313 11 2 28 1 0.0504 0.8198 384 167
260-0-1-0.05-50-0 0 2313 16 23 12 5 0.2228 0.1698 149 476
260-0-1-0.05-50-0 0 2314 6 16 2 13 0.4266 0.2228 249 149
260-0-1-0.05-50-0 0 2314 43 29 13 4 0.8316 0.6728 123 177
260-0-1-0.05-50-0 0 2315 11 45 29 4 0.0504 0.3816 384 173
260-0-1-0.05-50-0 0 2315 11 1 29 9 0.0504 0.2520 384 409
260-0-1-0.05-50-0 0 2316 11 6 29 2 0.0504 0.4266 384 249
260-0-1-0.05-50-0 0 2316 4 14 10 2 0.0723 0.8451 351 105
260-0-1-0.05-50-0 0 2317 37 16 11 13 0.8481 0.2228 127 149
260-0-1-0.05-50-0 0 2317 4 36 9 2 0.0723 0.8162 351 165
260-0-1-0.05-50-0 0 2318 18 43 1 16 0.2181 0.8316 226 123
260-0-1-0.05-50-0 0 2318 13 11 4 29 0.8878 0.0504 151 384
260-0-1-0.05-50-0 0 2319 10 11 5 29 0.2533 0.0504 449 384
260-0-1-0.05-50-0 0 2319 38 23 1 4 0.6163 0.1698 270 476
260-0-1-0.05-50-0 0 2320 4 1 8 8 0.0723 0.2520 351 409
260-0-1-0.05-50-0 0 2320 11 43 30 15 0.0504 0.8316 384 123
260-0-1-0.05-50-0 0 2321 21 37 1 10 0.4184 0.8481 158 127
260-0-1-0.05-50-0 0 2321 32 22 2 1 0.6514 0.0160 215 311
260-0-1-0.05-50-0 0 2321 1 16 7 16 0.2520 0.2228 409 149
260-0-1-0.05-50-0 0 2322 19 43 3 14 0.8072 0.8316 134 123
260-0-1-0.05-50-0 0 2322 11 11 35 35 0.0504 0.0504 384 384
260-0-1-0.05-50-0 0 2322 11 43 34 13 0.0504 0.8316 384 123
260-0-1-0.05-50-0 0 2323 43 45 11 3 0.8316 0.3816 123 173
260-0-1-0.05-50-0 0 2323 42 43 5 11 0.7447 0.8316 106 123
260-0-1-0.05-50-0 0 2323 45 11 2 33 0.3816 0.0504 173 384
260-0-1-0.05-50-0 0 2324 19 50 2 2 0.8072 0.2147 134 147
260-0-1-0.05-50-0 0 2324 5 20 10 2 0.0007 0.9922 226 102
260-0-1-0.05-50-0 0 2325 11 11 35 35 0.0504 0.0504 384 384
260-0-1-0.05-50-0 0 2325 1 3 9 3 0.2520 0.4813 409 321
260-0-1-0.05-50-0 0 2325 5 1 9 9 0.0007 0.2520 226 409
260-0-1-0.05-50-0 0 2326 11 4 37 8 0.0504 0.0723 384 351
260-0-1-0.05-50-0 0 2326 5 11 10 37 0.0007 0.0504 226 384
260-0-1-0.05-50-0 0 2326 11 16 36 17 0.0504 0.2228 384 149
260-0-1-0.05-50-0 0 2327 37 43 8 8 0.8481 0.8316 127 123
260-0-1-0.05-50-0 0 2327 11 11 36 36 0.0504 0.0504 384 384
260-0-1-0.05-50-0 0 2327 11 43 35 7 0.0504 0.8316 384 123
260-0-1-0.05-50-0 0 2328 16 16 20 20 0.2228 0.2228 149 149
260-0-1-0.05-50-0 0 2328 11 6 35 4 0.0504 0.4266 384 249
260-0-1-0.05-50-0 0 2328 35 25 3 2 0.0354 0.9430 158 125
260-0-1-0.05-50-0 0 2329 11 6 36 3 0.0504 0.4266 384 249
260-0-1-0.05-50-0 0 2329 11 11 36 36 0.0504 0.0504 384 384
260-0-1-0.05-50-0 0 2329 35 11 3 35 0.0354 0.0504 158 384
260-0-1-0.05-50-0 0 2330 23 37 3 11 0.1698 0.8481 476 127
260-0-1-0.05-50-0 0 2330 35 11 3 35 0.0354 0.0504 158 384
260-0-1-0.05-50-0 0 2330 37 10 10 5 0.8481 0.2533 127 449
260-0-1-0.05-50-0 0 2331 11 42 34 6 0.0504 0.7447 384 106
260-0-1-0.05-50-0 0 2331 13 37 4 10 0.8878 0.8481 151 127
260-0-1-0.05-50-0 0 2331 42 35 5 3 0.7447 0.0354 106 158
260-0-1-0.05-50-0 0 2332 19 5 3 9 0.8072 0.0007 134 226
260-0-1-0.05-50-0 0 2332 4 11 8 34 0.0723 0.0504 351 384
260-0-1-0.05-50-0 0 2332 16 43 21 7 0.2228 0.8316 149 123
260-0-1-0.05-50-0 0 2333 16 23 24 2 0.2228 0.1698 149 476
260-0-1-0.05-50-0 0 2333 11 3 34 2 0.0504 0.4813 384 321
260-0-1-0.05-50-0 0 2333 11 11 34 34 0.0504 0.0504 384 384
260-0-1-0.05-50-0 0 2334 37 11 10 34 0.8481 0.0504 127 384
260-0-1-0.05-50-0 0 2334 11 11 33 33 0.0504 0.0504 384 384
260-0-1-0.05-50-0 0 2334 38 11 5 32 0.6163 0.0504 270 384
260-0-1-0.05-50-0 0 2335 13 40 3 2 0.8878 0.9739 151 104
260-0-1-0.05-50-0 0 2335 1 16 6 24 0.2520 0.2228 409 149
260-0-1-0.05-50-0 0 2335 26 16 2 23 0.8171 0.2228 141 149
260-0-1-0.05-50-0 0 2336 41 11 1 30 0.9621 0.0504 105 384
260-0-1-0.05-50-0 0 2336 15 11 7 29 0.7918 0.0504 149 384
260-0-1-0.05-50-0 0 2336 4 16 8 21 0.0723 0.2228 351 149
260-0-1-0.05-50-0 0 2337 43 26 6 2 0.8316 0.8171 123 141
260-0-1-0.05-50-0 0 2337 16 50 20 1 0.2228 0.2147 149 147
260-0-1-0.05-50-0 0 2337 16 43 20 6 0.2228 0.8316 149 123
260-0-1-0.05-50-0 0 2338 5 4 10 9 0.0007 0.0723 226 351
260-0-1-0.05-50-0 0 2338 43 42 5 9 0.8316 0.7447 123 106
260-0-1-0.05-50-0 0 2338 11 16 29 20 0.0504 0.2228 384 149
260-0-1-0.05-50-0 0 2339 15 16 8 17 0.7918 0.2228 149 149
260-0-1-0.05-50-0 0 2339 15 29 8 2 0.7918 0.6728 149 177
260-0-1-0.05-50-0 0 2339 11 19 31 7 0.0504 0.8072 384 134
260-0-1-0.05-50-0 0 2340 16 16 17 17 0.2228 0.2228 149 149
260-0-1-0.05-50-0 0 2340 11 11 29 29 0.0504 0.0504 384 384
260-0-1-0.05-50-0 0 2341 4 11 8 26 0.0723 0.0504 351 384
260-0-1-0.05-50-0 0 2341 5 15 11 7 0.0007 0.7918 226 149
260-0-1-0.05-50-0 0 2342 14 19 3 6 0.8451 0.8072 105 134
260-0-1-0.05-50-0 0 2342 39 2 4 5 0.2187 0.8198 309 167
260-0-1-0.05-50-0 0 2343 11 5 24 10 0.0504 0.0007 384 226
260-0-1-0.05-50-0 0 2343 46 1 1 6 0.3451 0.2520 327 409
260-0-1-0.05-50-0 0 2344 5 11 9 26 0.0007 0.0504 226 384
260-0-1-0.05-50-0 0 2344 13 19 2 4 0.8878 0.8072 151 134
260-0-1-0.05-50-0 0 2345 16 43 18 7 0.2228 0.8316 149 123
260-0-1-0.05-50-0 0 2345 6 45 5 7 0.4266 0.3816 249 173
260-0-1-0.05-50-0 0 2345 38 15 8 5 0.6163 0.7918 270 149
260-0-1-0.05-50-0 0 2346 16 45 20 6 0.2228 0.3816 149 173
260-0-1-0.05-50-0 0 2346 40 16 3 20 0.9739 0.2228 104 149
260-0-1-0.05-50-0 0 2346 6 11 6 27 0.4266 0.0504 249 384
260-0-1-0.05-50-0 0 2347 42 4 5 10 0.7447 0.0723 106 351
260-0-1-0.05-50-0 0 2347 16 39 18 5 0.2228 0.2187 149 309
260-0-1-0.05-50-0 0 2348 38 11 6 29 0.6163 0.0504 270 384
260-0-1-0.05-50-0 0 2348 4 6 8 6 0.0723 0.4266 351 249
260-0-1-0.05-50-0 0 2349 38 2 7 9 0.6163 0.8198 270 167
260-0-1-0.05-50-0 0 2349 16 13 17 3 0.2228 0.8878 149 151
260-0-1-0.05-50-0 0 2349 1 11 3 31 0.2520 0.0504 409 384
260-0-1-0.05-50-0 0 2350 38 19 7 4 0.6163 0.8072 270 134
260-0-1-0.05-50-0 0 2350 49 15 1 4 0.1842 0.7918 136 149
260-0-1-0.05-50-0 0 2351 11 11 33 33 0.0504 0.0504 384 384
260-0-1-0.05-50-0 0 2351 38 6 7 5 0.6163 0.4266 270 249
260-0-1-0.05-50-0 0 2352 38 11 8 31 0.6163 0.0504 270 384
260-0-1-0.05-50-0 0 2352 11 11 30 30 0.0504 0.0504 384 384
260-0-1-0.05-50-0 0 2353 38 3 8 1 0.6163 0.4813 270 321
260-0-1-0.05-50-0 0 2353 42 46 8 2 0.7447 0.3451 106 327
260-0-1-0.05-50-0 0 2353 4 5 9 6 0.0723 0.0007 351 226
260-0-1-0.05-50-0 0 2354 4 16 9 19 0.0723 0.2228 351 149
260-0-1-0.05-50-0 0 2354 21 17 2 1 0.4184 0.6398 158 197
260-0-1-0.05-50-0 0 2354 43 40 10 3 0.8316 0.9739 123 104
260-0-1-0.05-50-0 0 2355 2 11 10 30 0.8198 0.0504 167 384
260-0-1-0.05-50-0 0 2355 43 5 9 5 0.8316 0.0007 123 226
260-0-1-0.05-50-0 0 2355 45 16 5 18 0.3816 0.2228 173 149
260-0-1-0.05-50-0 0 2356 49 2 1 11 0.1842 0.8198 136 167
260-0-1-0.05-50-0 0 2356 11 4 28 10 0.0504 0.0723 384 351
260-0-1-0.05-50-0 0 2357 38 1 8 2 0.6163 0.2520 270 409
260-0-1-0.05-50-0 0 2357 41 14 1 3 0.9621 0.8451 105 105
260-0-1-0.05-50-0 0 2357 43 11 8 30 0.8316 0.0504 123 384
260-0-1-0.05-50-0 0 2358 42 19 8 4 0.7447 0.8072 106 134
260-0-1-0.05-50-0 0 2358 6 29 7 5 0.4266 0.6728 249 177
260-0-1-0.05-50-0 0 2358 11 38 29 9 0.0504 0.6163 384 270
260-0-1-0.05-50-0 0 2359 4 39 9 5 0.0723 0.2187 351 309
260-0-1-0.05-50-0 0 2359 39 38 4 8 0.2187 0.6163 309 270
260-0-1-0.05-50-0 0 2359 4 4 9 9 0.0723 0.0723 351 351
260-0-1-0.05-50-0 0 2360 44 11 1 28 0.7034 0.0504 118 384
260-0-1-0.05-50-0 0 2360 34 19 1 3 0.7448 0.8072 168 134
260-0-1-0.05-50-0 0 2361 11 43 27 11 0.0504 0.8316 384 123
260-0-1-0.05-50-0 0 2361 16 39 21 5 0.2228 0.2187 149 309
260-0-1-0.05-50-0 0 2361 16 2 21 11 0.2228 0.8198 149 167
260-0-1-0.05-50-0 0 2362 15 16 3 22 0.7918 0.2228 149 149
260-0-1-0.05-50-0 0 2362 11 6 27 8 0.0504 0.4266 384 249
260-0-1-0.05-50-0 0 2362 45 19 7 3 0.3816 0.8072 173 134
260-0-1-0.05-50-0 0 2363 15 42 4 7 0.7918 0.7447 149 106
260-0-1-0.05-50-0 0 2363 16 38 21 7 0.2228 0.6163 149 270
260-0-1-0.05-50-0 0 2363 11 43 27 11 0.0504 0.8316 384 123
260-0-1-0.05-50-0 0 2364 11 6 28 9 0.0504 0.4266 384 249
260-0-1-0.05-50-0 0 2364 16 2 21 8 0.2228 0.8198 149 167
260-0-1-0.05-50-0 0 2364 45 42 6 6 0.3816 0.7447 173 106
260-0-1-0.05-50-0 0 2365 45 41 7 4 0.3816 0.9621 173 105
260-0-1-0.05-50-0 0 2365 7 29 3 7 0.9267 0.6728 106 177
260-0-1-0.05-50-0 0 2365 41 11 3 27 0.9621 0.0504 105 384
260-0-1-0.05-50-0 0 2366 42 2 5 7 0.7447 0.8198 106 167
260-0-1-0.05-50-0 0 2366 32 16 1 20 0.6514 0.2228 215 149
260-0-1-0.05-50-0 0 2366 40 45 2 8 0.9739 0.3816 104 173
260-0-1-0.05-50-0 0 2367 7 11 3 28 0.9267 0.0504 106 384
260-0-1-0.05-50-0 0 2367 35 6 1 7 0.0354 0.4266 158 249
260-0-1-0.05-50-0 0 2367 15 32 5 1 0.7918 0.6514 149 215
260-0-1-0.05-50-0 0 2368 42 4 6 5 0.7447 0.0723 106 351
260-0-1-0.05-50-0 0 2368 16 31 19 3 0.2228 0.5626 149 252
260-0-1-0.05-50-0 0 2368 29 11 7 26 0.6728 0.0504 177 384
260-0-1-0.05-50-0 0 2369 6 31 6 2 0.4266 0.5626 249 252
260-0-1-0.05-50-0 0 2369 45 2 7 7 0.3816 0.8198 173 167
260-0-1-0.05-50-0 0 2370 11 11 24 24 0.0504 0.0504 384 384
260-0-1-0.05-50-0 0 2370 15 42 4 6 0.7918 0.7447 149 106
260-0-1-0.05-50-0 0 2371 16 21 20 2 0.2228 0.4184 149 158
260-0-1-0.05-50-0 0 2371 16 19 20 2 0.2228 0.8072 149 134
260-0-1-0.05-50-0 0 2372 37 43 11 13 0.8481 0.8316 127 123
260-0-1-0.05-50-0 0 2372 29 11 7 22 0.6728 0.0504 177 384
260-0-1-0.05-50-0 0 2373 16 37 23 12 0.2228 0.8481 149 127
260-0-1-0.05-50-0 0 2373 6 16 7 23 0.4266 0.2228 249 149
260-0-1-0.05-50-0 0 2374 45 16 9 21 0.3816 0.2228 173 149
260-0-1-0.05-50-0 0 2374 38 43 5 13 0.6163 0.8316 270 123
260-0-1-0.05-50-0 0 2374 2 42 7 6 0.8198 0.7447 167 106
260-0-1-0.05-50-0 0 2375 11 45 23 9 0.0504 0.3816 384 173
260-0-1-0.05-50-0 0 2375 16 38 22 5 0.2228 0.6163 149 270
260-0-1-0.05-50-0 0 2375 43 16 14 22 0.8316 0.2228 123 149
260-0-1-0.05-50-0 0 2376 37 6 11 7 0.8481 0.4266 127 249
260-0-1-0.05-50-0 0 2376 39 6 3 6 0.2187 0.4266 309 249
260-0-1-0.05-50-0 0 2376 38 7 4 4 0.6163 0.9267 270 106
260-0-1-0.05-50-0 0 2377 4 37 4 11 0.0723 0.8481 351 127
260-0-1-0.05-50-0 0 2377 38 15 4 4 0.6163 0.7918 270 149
260-0-1-0.05-50-0 0 2378 16 11 22 21 0.2228 0.0504 149 384
260-0-1-0.05-50-0 0 2378 29 19 9 1 0.6728 0.8072 177 134
260-0-1-0.05-50-0 0 2379 11 42 19 6 0.0504 0.7447 384 106
260-0-1-0.05-50-0 0 2379 26 11 1 19 0.8171 0.0504 141 384
260-0-1-0.05-50-0 0 2380 43 2 15 7 0.8316 0.8198 123 167
260-0-1-0.05-50-0 0 2380 29 5 9 3 0.6728 0.0007 177 226
260-0-1-0.05-50-0 0 2381 16 37 21 11 0.2228 0.8481 149 127
260-0-1-0.05-50-0 0 2381 13 5 3 1 0.8878 0.0007 151 226
260-0-1-0.05-50-0 0 2382 46 16 3 21 0.3451 0.2228 327 149
260-0-1-0.05-50-0 0 2382 43 16 17 20 0.8316 0.2228 123 149
260-0-1-0.05-50-0 0 2383 42 14 5 3 0.7447 0.8451 106 105
260-0-1-0.05-50-0 0 2383 43 15 18 2 0.8316 0.7918 123 149
260-0-1-0.05-50-0 0 2384 43 42 17 6 0.8316 0.7447 123 106
260-0-1-0.05-50-0 0 2384 29 43 12 17 0.6728 0.8316 177 123
260-0-1-0.05-50-0 0 2384 43 37 16 12 0.8316 0.8481 123 127
260-0-1-0.05-50-0 0 2385 43 29 17 12 0.8316 0.6728 123 177
260-0-1-0.05-50-0 0 2385 2 16 4 23 0.8198 0.2228 167 149
260-0-1-0.05-50-0 0 2385 43 16 17 22 0.8316 0.2228 123 149
260-0-1-0.05-50-0 0 2386 43 16 18 23 0.8316 0.2228 123 149
260-0-1-0.05-50-0 0 2386 4 16 5 22 0.0723 0.2228 351 149
260-0-1-0.05-50-0 0 2386 16 11 21 22 0.2228 0.0504 149 384
260-0-1-0.05-50-0 0 2387 14 42 2 5 0.8451 0.7447 105 106
260-0-1-0.05-50-0 0 2387 23 43 2 17 0.1698 0.8316 476 123
260-0-1-0.05-50-0 0 2387 37 46 12 5 0.8481 0.3451 127 327
260-0-1-0.05-50-0 0 2388 2 45 4 7 0.8198 0.3816 167 173
260-0-1-0.05-50-0 0 2388 6 16 8 20 0.4266 0.2228 249 149
260-0-1-0.05-50-0 0 2388 9 29 3 12 0.6134 0.6728 161 177
260-0-1-0.05-50-0 0 2389 43 38 18 4 0.8316 0.6163 123 270
260-0-1-0.05-50-0 0 2389 46 6 3 9 0.3451 0.4266 327 249
260-0-1-0.05-50-0 0 2389 11 37 22 11 0.0504 0.8481 384 127
260-0-1-0.05-50-0 0 2390 4 25 5 2 0.0723 0.9430 351 125
260-0-1-0.05-50-0 0 2390 43 6 19 10 0.8316 0.4266 123 249
260-0-1-0.05-50-0 0 2390 11 6 24 9 0.0504 0.4266 384 249
260-0-1-0.05-50-0 0 2391 43 43 20 20 0.8316 0.8316 123 123
260-0-1-0.05-50-0 0 2391 2 37 5 11 0.8198 0.8481 167 127
260-0-1-0.05-50-0 0 2391 37 45 10 8 0.8481 0.3816 127 173
260-0-1-0.05-50-0 0 2392 24 29 1 16 0.1940 0.6728 254 177
260-0-1-0.05-50-0 0 2392 13 9 3 3 0.8878 0.6134 151 161
260-0-1-0.05-50-0 0 2392 37 29 10 15 0.8481 0.6728 127 177
260-0-1-0.05-50-0 0 2393 29 30 13 1 0.6728 0.6008 177 266
260-0-1-0.05-50-0 0 2393 45 11 8 23 0.3816 0.0504 173 384
260-0-1-0.05-50-0 0 2393 16 11 28 22 0.2228 0.0504 149 384
260-0-1-0.05-50-0 0 2394 11 16 21 28 0.0504 0.2228 384 149
260-0-1-0.05-50-0 0 2394 22 22 3 3 0.0160 0.0160 311 311
260-0-1-0.05-50-0 0 2394 43 6 19 5 0.8316 0.4266 123 249
260-0-1-0.05-50-0 0 2395 45 11 8 21 0.3816 0.0504 173 384
260-0-1-0.05-50-0 0 2395 43 29 20 15 0.8316 0.6728 123 177
260-0-1-0.05-50-0 0 2395 15 11 1 20 0.7918 0.0504 149 384
260-0-1-0.05-50-0 0 2396 37 16 13 30 0.8481 0.2228 127 149
260-0-1-0.05-50-0 0 2396 29 37 15 13 0.6728 0.8481 177 127
260-0-1-0.05-50-0 0 2396 16 26 29 2 0.2228 0.8171 149 141
260-0-1-0.05-50-0 0 2397 43 16 20 29 0.8316 0.2228 123 149
260-0-1-0.05-50-0 0 2397 29 16 15 28 0.6728 0.2228 177 149
260-0-1-0.05-50-0 0 2397 29 40 15 8 0.6728 0.9739 177 104
260-0-1-0.05-50-0 0 2398 13 40 6 7 0.8878 0.9739 151 104
260-0-1-0.05-50-0 0 2398 11 45 22 8 0.0504 0.3816 384 173
260-0-1-0.05-50-0 0 2398 20 16 3 25 0.9922 0.2228 102 149
260-0-1-0.05-50-0 0 2399 20 46 3 7 0.9922 0.3451 102 327
260-0-1-0.05-50-0 0 2399 45 11 6 23 0.3816 0.0504 173 384
260-0-1-0.05-50-0 0 2399 37 16 15 23 0.8481 0.2228 127 149
260-0-1-0.05-50-0 0 2400 42 20 3 3 0.7447 0.9922 106 102
260-0-1-0.05-50-0 0 2400 43 6 20 6 0.8316 0.4266 123 249
260-0-1-0.05-50-0 0 2400 45 37 6 15 0.3816 0.8481 173 127
260-0-1-0.05-50-0 0 2401 11 11 22 22 0.0504 0.0504 384 384
260-0-1-0.05-50-0 0 2401 16 43 22 20 0.2228 0.8316 149 123
260-0-1-0.05-50-0 0 2401 38 16 3 22 0.6163 0.2228 270 149
260-0-1-0.05-50-0 0 2402 11 29 21 13 0.0504 0.6728 384 177
260-0-1-0.05-50-0 0 2402 37 45 16 8 0.8481 0.3816 127 173
260-0-1-0.05-50-0 0 2402 15 29 3 12 0.7918 0.6728 149 177
260-0-1-0.05-50-0 0 2403 16 16 23 23 0.2228 0.2228 149 149
260-0-1-0.05-50-0 0 2403 11 22 21 3 0.0504 0.0160 384 311
260-0-1-0.05-50-0 0 2403 40 16 4 22 0.9739 0.2228 104 149
260-0-1-0.05-50-0 0 2404 11 37 21 17 0.0504 0.8481 384 127
260-0-1-0.05-50-0 0 2404 16 16 20 20 0.2228 0.2228 149 149
260-0-1-0.05-50-0 0 2404 11 48 21 1 0.0504 0.1153 384 334
260-0-1-0.05-50-0 0 2405 11 22 23 2 0.0504 0.0160 384 311
260-0-1-0.05-50-0 0 2405 1 42 1 3 0.2520 0.7447 409 106
260-0-1-0.05-50-0 0 2405 41 37 1 16 0.9621 0.8481 105 127
260-0-1-0.05-50-0 0 2406 13 43 5 26 0.8878 0.8316 151 123
260-0-1-0.05-50-0 0 2406 16 37 19 15 0.2228 0.8481 149 127
260-0-1-0.05-50-0 0 2406 46 45 4 8 0.3451 0.3816 327 173
260-0-1-0.05-50-0 0 2407 2 13 7 5 0.8198 0.8878 167 151
260-0-1-0.05-50-0 0 2407 43 4 26 2 0.8316 0.0723 123 351
260-0-1-0.05-50-0 0 2407 23 11 2 26 0.1698 0.0504 476 384
260-0-1-0.05-50-0 0 2408 43 16 25 20 0.8316 0.2228 123 149
260-0-1-0.05-50-0 0 2408 1 11 2 24 0.2520 0.0504 409 384
260-0-1-0.05-50-0 0 2408 43 11 25 23 0.8316 0.0504 123 384
260-0-1-0.05-50-0 0 2409 6 40 5 3 0.4266 0.9739 249 104
260-0-1-0.05-50-0 0 2409 11 46 24 4 0.0504 0.3451 384 327
260-0-1-0.05-50-0 0 2409 11 26 24 4 0.0504 0.8171 384 141
260-0-1-0.05-50-0 0 2410 42 16 2 19 0.7447 0.2228 106 149
260-0-1-0.05-50-0 0 2410 23 43 2 26 0.1698 0.8316 476 123
260-0-1-0.05-50-0 0 2410 11 45 24 7 0.0504 0.3816 384 173
260-0-1-0.05-50-0 0 2411 13 43 5 26 0.8878 0.8316 151 123
260-0-1-0.05-50-0 0 2411 26 14 4 2 0.8171 0.8451 141 105
260-0-1-0.05-50-0 0 2411 4 1 1 3 0.0723 0.2520 351 409
260-0-1-0.05-50-0 0 2412 26 6 4 4 0.8171 0.4266 141 249
260-0-1-0.05-50-0 0 2412 7 38 6 4 0.9267 0.6163 106 270
260-0-1-0.05-50-0 0 2412 40 43 3 26 0.9739 0.8316 104 123
260-0-1-0.05-50-0 0 2413 46 9 3 3 0.3451 0.6134 327 161
260-0-1-0.05-50-0 0 2413 43 46 25 3 0.8316 0.3451 123 327
260-0-1-0.05-50-0 0 2413 16 11 18 24 0.2228 0.0504 149 384
260-0-1-0.05-50-0 0 2414 23 16 3 18 0.1698 0.2228 476 149
260-0-1-0.05-50-0 0 2414 42 16 3 17 0.7447 0.2228 106 149
260-0-1-0.05-50-0 0 2414 16 37 16 11 0.2228 0.8481 149 127
260-0-1-0.05-50-0 0 2415 40 29 3 12 0.9739 0.6728 104 177
260-0-1-0.05-50-0 0 2415 25 9 2 3 0.9430 0.6134 125 161
260-0-1-0.05-50-0 0 2415 11 11 22 22 0.0504 0.0504 384 384
260-0-1-0.05-50-0 0 2416 11 43 22 22 0.0504 0.8316 384 123
260-0-1-0.05-50-0 0 2416 2 42 7 3 0.8198 0.7447 167 106
260-0-1-0.05-50-0 0 2416 3 3 4 4 0.4813 0.4813 321 321
260-0-1-0.05-50-0 0 2417 5 39 2 2 0.0007 0.2187 226 309
260-0-1-0.05-50-0 0 2417 37 11 11 22 0.8481 0.0504 127 384
260-0-1-0.05-50-0 0 2417 16 16 20 20 0.2228 0.2228 149 149
260-0-1-0.05-50-0 0 2418 2 34 7 1 0.8198 0.7448 167 168
260-0-1-0.05-50-0 0 2418 13 16 7 20 0.8878 0.2228 151 149
260-0-1-0.05-50-0 0 2418 4 11 2 23 0.0723 0.0504 351 384
260-0-1-0.05-50-0 0 2419 2 43 9 23 0.8198 0.8316 167 123
260-0-1-0.05-50-0 0 2419 2 9 9 2 0.8198 0.6134 167 161
260-0-1-0.05-50-0 0 2419 11 43 22 22 0.0504 0.8316 384 123
260-0-1-0.05-50-0 0 2420 16 29 16 13 0.2228 0.6728 149 177
260-0-1-0.05-50-0 0 2420 20 7 1 8 0.9922 0.9267 102 106
260-0-1-0.05-50-0 0 2420 7 13 7 7 0.9267 0.8878 106 151
260-0-1-0.05-50-0 0 2421 41 45 2 7 0.9621 0.3816 105 173
260-0-1-0.05-50-0 0 2421 11 6 21 3 0.0504 0.4266 384 249
260-0-1-0.05-50-0 0 2421 11 43 21 22 0.0504 0.8316 384 123
260-0-1-0.05-50-0 0 2422 16 26 15 5 0.2228 0.8171 149 141
260-0-1-0.05-50-0 0 2422 7 11 6 21 0.9267 0.0504 106 384
260-0-1-0.05-50-0 0 2422 46 29 1 13 0.3451 0.6728 327 177
260-0-1-0.05-50-0 0 2423 13 38 6 4 0.8878 0.6163 151 270
260-0-1-0.05-50-0 0 2423 43 43 22 22 0.8316 0.8316 123 123
260-0-1-0.05-50-0 0 2423 43 29 21 12 0.8316 0.6728 123 177
260-0-1-0.05-50-0 0 2424 22 13 2 5 0.0160 0.8878 311 151
260-0-1-0.05-50-0 0 2424 1 16 2 13 0.2520 0.2228 409 149
260-0-1-0.05-50-0 0 2424 29 16 12 12 0.6728 0.2228 177 149
260-0-1-0.05-50-0 0 2425 25 29 3 11 0.9430 0.6728 125 177
260-0-1-0.05-50-0 0 2425 29 44 10 2 0.6728 0.7034 177 118
260-0-1-0.05-50-0 0 2425 7 16 5 11 0.9267 0.2228 106 149
260-0-1-0.05-50-0 0 2426 3 6 5 2 0.4813 0.4266 321 249
260-0-1-0.05-50-0 0 2426 16 14 10 3 0.2228 0.8451 149 105
260-0-1-0.05-50-0 0 2426 18 4 2 3 0.2181 0.0723 226 351
260-0-1-0.05-50-0 0 2427 18 26 2 8 0.2181 0.8171 226 141
260-0-1-0.05-50-0 0 2427 2 20 14 2 0.8198 0.9922 167 102
260-0-1-0.05-50-0 0 2427 25 3 3 6 0.9430 0.4813 125 321
260-0-1-0.05-50-0 0 2428 13 2 5 13 0.8878 0.8198 151 167
260-0-1-0.05-50-0 0 2428 2 13 12 5 0.8198 0.8878 167 151
260-0-1-0.05-50-0 0 2428 11 29 17 8 0.0504 0.6728 384 177
260-0-1-0.05-50-0 0 2429 26 11 6 16 0.8171 0.0504 141 384
260-0-1-0.05-50-0 0 2429 37 38 16 4 0.8481 0.6163 127 270
260-0-1-0.05-50-0 0 2430 38 2 3 11 0.6163 0.8198 270 167
260-0-1-0.05-50-0 0 2430 43 43 25 25 0.8316 0.8316 123 123
260-0-1-0.05-50-0 0 2431 25 22 2 1 0.9430 0.0160 125 311
260-0-1-0.05-50-0 0 2431 2 43 10 25 0.8198 0.8316 167 123
260-0-1-0.05-50-0 0 2432 37 29 12 8 0.8481 0.6728 127 177
260-0-1-0.05-50-0 0 2432 29 43 7 25 0.6728 0.8316 177 123
260-0-1-0.05-50-0 0 2433 29 16 7 10 0.6728 0.2228 177 149
260-0-1-0.05-50-0 0 2433 43 38 26 4 0.8316 0.6163 123 270
260-0-1-0.05-50-0 0 2434 43 43 26 26 0.8316 0.8316 123 123
260-0-1-0.05-50-0 0 2434 16 29 9 7 0.2228 0.6728 149 177
260-0-1-0.05-50-0 0 2435 37 18 13 5 0.8481 0.2181 127 226
260-0-1-0.05-50-0 0 2435 42 43 2 24 0.7447 0.8316 106 123
260-0-1-0.05-50-0 0 2436 39 43 4 24 0.2187 0.8316 309 123
260-0-1-0.05-50-0 0 2436 34 13 1 5 0.7448 0.8878 168 151
260-0-1-0.05-50-0 0 2436 16 18 12 4 0.2228 0.2181 149 226
260-0-1-0.05-50-0 0 2437 43 45 23 5 0.8316 0.3816 123 173
260-0-1-0.05-50-0 0 2437 43 11 23 20 0.8316 0.0504 123 384
260-0-1-0.05-50-0 0 2437 43 49 23 1 0.8316 0.1842 123 136
260-0-1-0.05-50-0 0 2438 43 39 23 3 0.8316 0.2187 123 309
260-0-1-0.05-50-0 0 2438 14 18 2 4 0.8451 0.2181 105 226
260-0-1-0.05-50-0 0 2439 29 43 6 23 0.6728 0.8316 177 123
260-0-1-0.05-50-0 0 2439 42 11 2 19 0.7447 0.0504 106 384
260-0-1-0.05-50-0 0 2440 16 43 13 20 0.2228 0.8316 149 123
260-0-1-0.05-50-0 0 2440 13 37 3 14 0.8878 0.8481 151 127
260-0-1-0.05-50-0 0 2441 11 37 18 15 0.0504 0.8481 384 127
260-0-1-0.05-50-0 0 2441 45 18 6 3 0.3816 0.2181 173 226
260-0-1-0.05-50-0 0 2442 16 2 12 17 0.2228 0.8198 149 167
260-0-1-0.05-50-0 0 2442 37 29 14 6 0.8481 0.6728 127 177
260-0-1-0.05-50-0 0 2443 43 2 16 15 0.8316 0.8198 123 167
260-0-1-0.05-50-0 0 2443 37 46 14 2 0.8481 0.3451 127 327
260-0-1-0.05-50-0 0 2444 4 37 4 16 0.0723 0.8481 351 127
260-0-1-0.05-50-0 0 2444 9 11 5 18 0.6134 0.0504 161 384
260-0-1-0.05-50-0 0 2445 37 7 16 5 0.8481 0.9267 127 106
260-0-1-0.05-50-0 0 2445 43 32 14 5 0.8316 0.6514 123 215
260-0-1-0.05-50-0 0 2446 37 6 16 3 0.8481 0.4266 127 249
260-0-1-0.05-50-0 0 2446 13 37 3 16 0.8878 0.8481 151 127
260-0-1-0.05-50-0 0 2447 26 39 5 1 0.8171 0.2187 141 309
260-0-1-0.05-50-0 0 2447 16 45 12 8 0.2228 0.3816 149 173
260-0-1-0.05-50-0 0 2448 1 45 2 7 0.2520 0.3816 409 173
260-0-1-0.05-50-0 0 2448 37 29 15 6 0.8481 0.6728 127 177
260-0-1-0.05-50-0 0 2449 16 28 15 2 0.2228 0.3846 149 311
260-0-1-0.05-50-0 0 2449 11 23 19 2 0.0504 0.1698 384 476
260-0-1-0.05-50-0 0 2450 16 13 15 4 0.2228 0.8878 149 151
260-0-1-0.05-50-0 0 2450 11 13 19 3 0.0504 0.8878 384 151
260-0-1-0.05-50-0 0 2451 25 11 1 19 0.9430 0.0504 125 384
260-0-1-0.05-50-0 0 2451 4 2 7 14 0.0723 0.8198 351 167
260-0-1-0.05-50-0 0 2452 4 6 8 2 0.0723 0.4266 351 249
260-0-1-0.05-50-0 0 2452 37 40 16 2 0.8481 0.9739 127 104
260-0-1-0.05-50-0 0 2453 2 3 16 3 0.8198 0.4813 167 321
260-0-1-0.05-50-0 0 2453 37 16 18 18 0.8481 0.2228 127 149
260-0-1-0.05-50-0 0 2454 11 29 19 5 0.0504 0.6728 384 177
260-0-1-0.05-50-0 0 2454 21 2 3 16 0.4184 0.8198 158 167
260-0-1-0.05-50-0 0 2455 40 16 1 16 0.9739 0.2228 104 149
260-0-1-0.05-50-0 0 2455 1 32 2 6 0.2520 0.6514 409 215
260-0-1-0.05-50-0 0 2456 38 14 2 1 0.6163 0.8451 270 105
260-0-1-0.05-50-0 0 2456 37 43 21 9 0.8481 0.8316 127 123
260-0-1-0.05-50-0 0 2457 16 10 14 2 0.2228 0.2533 149 449
260-0-1-0.05-50-0 0 2457 8 45 2 5 0.2506 0.3816 303 173
260-0-1-0.05-50-0 0 2458 44 16 2 14 0.7034 0.2228 118 149
260-0-1-0.05-50-0 0 2458 9 11 5 18 0.6134 0.0504 161 384
260-0-1-0.05-50-0 0 2459 1 11 5 20 0.2520 0.0504 409 384
260-0-1-0.05-50-0 0 2459 40 37 1 21 0.9739 0.8481 104 127
260-0-1-0.05-50-0 0 2460 43 4 9 5 0.8316 0.0723 123 351
260-0-1-0.05-50-0 0 2460 11 45 18 3 0.0504 0.3816 384 173
260-0-1-0.05-50-0 0 2461 11 37 20 20 0.0504 0.8481 384 127
260-0-1-0.05-50-0 0 2461 2 11 14 20 0.8198 0.0504 167 384
260-0-1-0.05-50-0 0 2462 43 29 10 3 0.8316 0.6728 123 177
260-0-1-0.05-50-0 0 2462 43 43 10 10 0.8316 0.8316 123 123
260-0-1-0.05-50-0 0 2463 26 16 4 11 0.8171 0.2228 141 149
260-0-1-0.05-50-0 0 2463 43 11 9 19 0.8316 0.0504 123 384
260-0-1-0.05-50-0 0 2464 7 11 4 17 0.9267 0.0504 106 384
260-0-1-0.05-50-0 0 2464 32 2 7 17 0.6514 0.8198 215 167
260-0-1-0.05-50-0 0 2465 21 11 5 16 0.4184 0.0504 158 384
260-0-1-0.05-50-0 0 2465 43 26 8 3 0.8316 0.8171 123 141
260-0-1-0.05-50-0 0 2466 32 44 6 3 0.6514 0.7034 215 118
260-0-1-0.05-50-0 0 2466 26 2 4 15 0.8171 0.8198 141 167
260-0-1-0.05-50-0 0 2467 11 37 17 20 0.0504 0.8481 384 127
260-0-1-0.05-50-0 0 2467 2 16 14 10 0.8198 0.2228 167 149
260-0-1-0.05-50-0 0 2468 43 48 10 1 0.8316 0.1153 123 334
260-0-1-0.05-50-0 0 2468 2 11 14 18 0.8198 0.0504 167 384
260-0-1-0.05-50-0 0 2469 37 11 24 16 0.8481 0.0504 127 384
260-0-1-0.05-50-0 0 2469 21 45 5 2 0.4184 0.3816 158 173
260-0-1-0.05-50-0 0 2470 43 37 10 25 0.8316 0.8481 123 127
260-0-1-0.05-50-0 0 2470 26 29 3 2 0.8171 0.6728 141 177
260-0-1-0.05-50-0 0 2471 11 37 17 24 0.0504 0.8481 384 127
260-0-1-0.05-50-0 0 2471 14 11 2 17 0.8451 0.0504 105 384
260-0-1-0.05-50-0 0 2472 7 21 3 4 0.9267 0.4184 106 158
260-0-1-0.05-50-0 0 2472 11 21 16 3 0.0504 0.4184 384 158
260-0-1-0.05-50-0 0 2473 9 43 6 11 0.6134 0.8316 161 123
260-0-1-0.05-50-0 0 2473 32 2 7 13 0.6514 0.8198 215 167
260-0-1-0.05-50-0 0 2474 37 23 23 4 0.8481 0.1698 127 476
260-0-1-0.05-50-0 0 2474 41 44 1 2 0.9621 0.7034 105 118
260-0-1-0.05-50-0 0 2475 43 21 9 2 0.8316 0.4184 123 158
260-0-1-0.05-50-0 0 2475 9 37 7 21 0.6134 0.8481 161 127
260-0-1-0.05-50-0 0 2476 32 46 7 1 0.6514 0.3451 215 327
260-0-1-0.05-50-0 0 2476 32 2 7 12 0.6514 0.8198 215 167
260-0-1-0.05-50-0 0 2477 1 37 3 19 0.2520 0.8481 409 127
260-0-1-0.05-50-0 0 2477 32 1 8 3 0.6514 0.2520 215 409
260-0-1-0.05-50-0 0 2478 12 9 2 6 0.1896 0.6134 325 161
260-0-1-0.05-50-0 0 2478 13 37 3 18 0.8878 0.8481 151 127
260-0-1-0.05-50-0 0 2479 43 14 10 2 0.8316 0.8451 123 105
260-0-1-0.05-50-0 0 2479 2 21 12 2 0.8198 0.4184 167 158
260-0-1-0.05-50-0 0 2480 11 15 19 1 0.0504 0.7918 384 149
260-0-1-0.05-50-0 0 2480 37 32 17 9 0.8481 0.6514 127 215
260-0-1-0.05-50-0 0 2481 2 2 13 13 0.8198 0.8198 167 167
260-0-1-0.05-50-0 0 2481 2 37 12 17 0.8198 0.8481 167 127
260-0-1-0.05-50-0 0 2482 37 12 16 4 0.8481 0.1896 127 325
260-0-1-0.05-50-0 0 2482 11 37 19 16 0.0504 0.8481 384 127
260-0-1-0.05-50-0 0 2483 11 37 20 14 0.0504 0.8481 384 127
260-0-1-0.05-50-0 0 2483 37 2 13 12 0.8481 0.8198 127 167
260-0-1-0.05-50-0 0 2484 44 11 2 20 0.7034 0.0504 118 384
260-0-1-0.05-50-0 0 2484 23 33 6 1 0.1698 0.6893 476 191
260-0-1-0.05-50-0 0 2485 16 11 8 20 0.2228 0.0504 149 384
260-0-1-0.05-50-0 0 2485 37 25 13 1 0.8481 0.9430 127 125
260-0-1-0.05-50-0 0 2486 32 3 7 2 0.6514 0.4813 215 321
260-0-1-0.05-50-0 0 2486 2 11 11 20 0.8198 0.0504 167 384
260-0-1-0.05-50-0 0 2487 37 43 13 11 0.8481 0.8316 127 123
260-0-1-0.05-50-0 0 2487 44 2 3 11 0.7034 0.8198 118 167
260-0-1-0.05-50-0 0 2488 11 11 22 22 0.0504 0.0504 384 384
260-0-1-0.05-50-0 0 2488 2 11 10 21 0.8198 0.0504 167 384
260-0-1-0.05-50-0 0 2489 11 43 19 9 0.0504 0.8316 384 123
260-0-1-0.05-50-0 0 2489 12 41 4 3 0.1896 0.9621 325 105
260-0-1-0.05-50-0 0 2490 13 8 1 2 0.8878 0.2506 151 303
260-0-1-0.05-50-0 0 2490 48 9 3 3 0.1153 0.6134 334 161
260-0-1-0.05-50-0 0 2491 24 16 2 9 0.1940 0.2228 254 149
260-0-1-0.05-50-0 0 2491 45 35 1 1 0.3816 0.0354 173 158
260-0-1-0.05-50-0 0 2492 2 2 10 10 0.8198 0.8198 167 167
260-0-1-0.05-50-0 0 2492 26 23 5 5 0.8171 0.1698 141 476
260-0-1-0.05-50-0 0 2493 11 36 18 4 0.0504 0.8162 384 165
260-0-1-0.05-50-0 0 2493 24 41 2 2 0.1940 0.9621 254 105
260-0-1-0.05-50-0 0 2494 43 11 10 20 0.8316 0.0504 123 384
260-0-1-0.05-50-0 0 2494 36 44 3 6 0.8162 0.7034 165 118
260-0-1-0.05-50-0 0 2495 24 44 2 5 0.1940 0.7034 254 118
260-0-1-0.05-50-0 0 2495 11 37 19 15 0.0504 0.8481 384 127
260-0-1-0.05-50-0 0 2496 32 16 6 11 0.6514 0.2228 215 149
260-0-1-0.05-50-0 0 2496 2 43 11 10 0.8198 0.8316 167 123
260-0-1-0.05-50-0 0 2497 32 6 6 1 0.6514 0.4266 215 249
260-0-1-0.05-50-0 0 2497 37 26 11 6 0.8481 0.8171 127 141
260-0-1-0.05-50-0 0 2498 23 11 3 16 0.1698 0.0504 476 384
260-0-1-0.05-50-0 0 2498 41 37 1 12 0.9621 0.8481 105 127
260-0-1-0.05-50-0 0 2499 48 16 4 9 0.1153 0.2228 334 149
260-0-1-0.05-50-0 0 2499 43 32 9 6 0.8316 0.6514 123 215
260-0-1-0.05-50-0 0 2500 28 36 2 1 0.3846 0.8162 311 165
260-0-1-0.05-50-0 0 2500 37 2 11 11 0.8481 0.8198 127 167
