280-1-1-0.05-50-0 1 2303 39 39 2 2 0.2187 0.2187 309 309
280-1-1-0.05-50-0 1 2304 16 24 2 65 0.2228 0.1940 149 254
280-1-1-0.05-50-0 1 2306 10 27 22 139 0.2533 0.0776 449 149
280-1-1-0.05-50-0 1 2306 10 27 22 138 0.2533 0.0776 449 149
280-1-1-0.05-50-0 1 2306 14 47 11 96 0.8451 0.9293 105 103
280-1-1-0.05-50-0 1 2308 36 14 9 11 0.8162 0.8451 165 105
280-1-1-0.05-50-0 1 2309 36 26 8 14 0.8162 0.8171 165 141
280-1-1-0.05-50-0 1 2309 37 18 4 33 0.8481 0.2181 127 226
280-1-1-0.05-50-0 1 2310 36 2 9 1 0.8162 0.8198 165 167
280-1-1-0.05-50-0 1 2311 40 38 81 1 0.9739 0.6163 104 270
280-1-1-0.05-50-0 1 2311 14 13 11 140 0.8451 0.8878 105 151
280-1-1-0.05-50-0 1 2311 14 13 11 139 0.8451 0.8878 105 151
280-1-1-0.05-50-0 1 2313 19 15 6 1 0.8072 0.7918 134 149
280-1-1-0.05-50-0 1 2313 40 9 82 1 0.9739 0.6134 104 161
280-1-1-0.05-50-0 1 2314 10 27 25 144 0.2533 0.0776 449 149
280-1-1-0.05-50-0 1 2314 10 27 25 143 0.2533 0.0776 449 149
280-1-1-0.05-50-0 1 2315 10 27 26 146 0.2533 0.0776 449 149
280-1-1-0.05-50-0 1 2316 10 27 26 146 0.2533 0.0776 449 149
280-1-1-0.05-50-0 1 2316 41 4 89 1 0.9621 0.0723 105 351
280-1-1-0.05-50-0 1 2316 50 48 135 1 0.2147 0.1153 147 334
280-1-1-0.05-50-0 1 2316 23 23 8 8 0.1698 0.1698 476 476
280-1-1-0.05-50-0 1 2317 14 40 12 93 0.8451 0.9739 105 104
280-1-1-0.05-50-0 1 2317 14 25 12 113 0.8451 0.9430 105 125
280-1-1-0.05-50-0 1 2319 40 42 87 3 0.9739 0.7447 104 106
280-1-1-0.05-50-0 1 2320 40 42 93 2 0.9739 0.7447 104 106
280-1-1-0.05-50-0 1 2320 36 14 8 13 0.8162 0.8451 165 105
280-1-1-0.05-50-0 1 2320 40 30 93 1 0.9739 0.6008 104 266
280-1-1-0.05-50-0 1 2321 14 13 12 148 0.8451 0.8878 105 151
280-1-1-0.05-50-0 1 2321 10 27 30 149 0.2533 0.0776 449 149
280-1-1-0.05-50-0 1 2321 19 42 4 1 0.8072 0.7447 134 106
280-1-1-0.05-50-0 1 2322 10 27 30 149 0.2533 0.0776 449 149
280-1-1-0.05-50-0 1 2322 23 23 11 11 0.1698 0.1698 476 476
280-1-1-0.05-50-0 1 2323 40 21 97 1 0.9739 0.4184 104 158
280-1-1-0.05-50-0 1 2324 14 7 14 88 0.8451 0.9267 105 106
280-1-1-0.05-50-0 1 2325 36 42 6 2 0.8162 0.7447 165 106
280-1-1-0.05-50-0 1 2325 10 27 27 149 0.2533 0.0776 449 149
280-1-1-0.05-50-0 1 2326 10 27 27 149 0.2533 0.0776 449 149
280-1-1-0.05-50-0 1 2326 14 20 15 23 0.8451 0.9922 105 102
280-1-1-0.05-50-0 1 2326 36 26 6 17 0.8162 0.8171 165 141
280-1-1-0.05-50-0 1 2326 40 9 101 2 0.9739 0.6134 104 161
280-1-1-0.05-50-0 1 2328 14 40 16 90 0.8451 0.9739 105 104
280-1-1-0.05-50-0 1 2330 40 28 91 1 0.9739 0.3846 104 311
280-1-1-0.05-50-0 1 2331 16 24 5 77 0.2228 0.1940 149 254
280-1-1-0.05-50-0 1 2331 1 50 7 144 0.2520 0.2147 409 147
280-1-1-0.05-50-0 1 2332 40 42 89 4 0.9739 0.7447 104 106
280-1-1-0.05-50-0 1 2332 14 47 16 95 0.8451 0.9293 105 103
280-1-1-0.05-50-0 1 2332 14 41 16 99 0.8451 0.9621 105 105
280-1-1-0.05-50-0 1 2333 1 18 8 37 0.2520 0.2181 409 226
280-1-1-0.05-50-0 1 2333 40 9 90 2 0.9739 0.6134 104 161
280-1-1-0.05-50-0 1 2334 23 23 9 9 0.1698 0.1698 476 476
280-1-1-0.05-50-0 1 2334 10 27 36 149 0.2533 0.0776 449 149
280-1-1-0.05-50-0 1 2334 10 27 36 148 0.2533 0.0776 449 149
280-1-1-0.05-50-0 1 2334 23 23 8 8 0.1698 0.1698 476 476
280-1-1-0.05-50-0 1 2335 40 42 93 3 0.9739 0.7447 104 106
280-1-1-0.05-50-0 1 2335 40 9 93 1 0.9739 0.6134 104 161
280-1-1-0.05-50-0 1 2335 37 50 3 147 0.8481 0.2147 127 147
280-1-1-0.05-50-0 1 2335 19 19 8 8 0.8072 0.8072 134 134
280-1-1-0.05-50-0 1 2336 10 27 36 147 0.2533 0.0776 449 149
280-1-1-0.05-50-0 1 2336 1 18 8 39 0.2520 0.2181 409 226
280-1-1-0.05-50-0 1 2337 40 42 95 2 0.9739 0.7447 104 106
280-1-1-0.05-50-0 1 2337 10 27 37 149 0.2533 0.0776 449 149
280-1-1-0.05-50-0 1 2337 23 23 7 7 0.1698 0.1698 476 476
280-1-1-0.05-50-0 1 2337 25 11 124 1 0.9430 0.0504 125 384
280-1-1-0.05-50-0 1 2338 25 11 125 1 0.9430 0.0504 125 384
280-1-1-0.05-50-0 1 2339 14 7 19 106 0.8451 0.9267 105 106
280-1-1-0.05-50-0 1 2339 10 27 39 149 0.2533 0.0776 449 149
280-1-1-0.05-50-0 1 2340 40 33 95 2 0.9739 0.6893 104 191
280-1-1-0.05-50-0 1 2340 16 24 9 85 0.2228 0.1940 149 254
280-1-1-0.05-50-0 1 2340 10 27 40 148 0.2533 0.0776 449 149
280-1-1-0.05-50-0 1 2340 20 28 17 1 0.9922 0.3846 102 311
280-1-1-0.05-50-0 1 2341 14 40 18 98 0.8451 0.9739 105 104
280-1-1-0.05-50-0 1 2341 14 7 18 106 0.8451 0.9267 105 106
280-1-1-0.05-50-0 1 2342 10 27 39 142 0.2533 0.0776 449 149
280-1-1-0.05-50-0 1 2342 40 42 101 1 0.9739 0.7447 104 106
280-1-1-0.05-50-0 1 2343 10 27 39 144 0.2533 0.0776 449 149
280-1-1-0.05-50-0 1 2343 39 50 5 143 0.2187 0.2147 309 147
280-1-1-0.05-50-0 1 2344 39 24 4 87 0.2187 0.1940 309 254
280-1-1-0.05-50-0 1 2345 1 50 9 144 0.2520 0.2147 409 147
280-1-1-0.05-50-0 1 2345 16 12 10 18 0.2228 0.1896 149 325
280-1-1-0.05-50-0 1 2345 16 24 10 88 0.2228 0.1940 149 254
280-1-1-0.05-50-0 1 2345 10 27 39 146 0.2533 0.0776 449 149
280-1-1-0.05-50-0 1 2346 21 50 1 147 0.4184 0.2147 158 147
280-1-1-0.05-50-0 1 2346 10 27 42 149 0.2533 0.0776 449 149
280-1-1-0.05-50-0 1 2346 14 7 17 106 0.8451 0.9267 105 106
280-1-1-0.05-50-0 1 2346 10 27 42 148 0.2533 0.0776 449 149
280-1-1-0.05-50-0 1 2348 10 27 41 149 0.2533 0.0776 449 149
280-1-1-0.05-50-0 1 2349 10 27 42 146 0.2533 0.0776 449 149
280-1-1-0.05-50-0 1 2349 40 46 90 1 0.9739 0.3451 104 327
280-1-1-0.05-50-0 1 2349 10 27 42 145 0.2533 0.0776 449 149
280-1-1-0.05-50-0 1 2349 19 30 6 1 0.8072 0.6008 134 266
280-1-1-0.05-50-0 1 2350 10 27 42 142 0.2533 0.0776 449 149
280-1-1-0.05-50-0 1 2350 10 27 42 141 0.2533 0.0776 449 149
280-1-1-0.05-50-0 1 2351 16 23 8 12 0.2228 0.1698 149 476
280-1-1-0.05-50-0 1 2352 39 23 6 11 0.2187 0.1698 309 476
280-1-1-0.05-50-0 1 2352 39 24 6 86 0.2187 0.1940 309 254
280-1-1-0.05-50-0 1 2352 10 27 43 145 0.2533 0.0776 449 149
280-1-1-0.05-50-0 1 2353 40 21 93 1 0.9739 0.4184 104 158
280-1-1-0.05-50-0 1 2353 10 27 47 149 0.2533 0.0776 449 149
280-1-1-0.05-50-0 1 2355 23 23 11 11 0.1698 0.1698 476 476
280-1-1-0.05-50-0 1 2356 10 27 52 146 0.2533 0.0776 449 149
280-1-1-0.05-50-0 1 2356 10 27 52 145 0.2533 0.0776 449 149
280-1-1-0.05-50-0 1 2356 14 41 13 98 0.8451 0.9621 105 105
280-1-1-0.05-50-0 1 2357 10 27 52 146 0.2533 0.0776 449 149
280-1-1-0.05-50-0 1 2357 10 27 52 145 0.2533 0.0776 449 149
280-1-1-0.05-50-0 1 2358 40 32 94 1 0.9739 0.6514 104 215
280-1-1-0.05-50-0 1 2358 14 13 14 147 0.8451 0.8878 105 151
280-1-1-0.05-50-0 1 2358 36 14 2 14 0.8162 0.8451 165 105
280-1-1-0.05-50-0 1 2358 14 7 13 104 0.8451 0.9267 105 106
280-1-1-0.05-50-0 1 2359 10 27 56 149 0.2533 0.0776 449 149
280-1-1-0.05-50-0 1 2359 39 50 6 143 0.2187 0.2147 309 147
280-1-1-0.05-50-0 1 2359 10 27 56 148 0.2533 0.0776 449 149
280-1-1-0.05-50-0 1 2360 10 27 56 149 0.2533 0.0776 449 149
280-1-1-0.05-50-0 1 2360 10 27 56 148 0.2533 0.0776 449 149
280-1-1-0.05-50-0 1 2360 39 24 7 99 0.2187 0.1940 309 254
280-1-1-0.05-50-0 1 2360 16 23 9 6 0.2228 0.1698 149 476
280-1-1-0.05-50-0 1 2360 10 27 56 147 0.2533 0.0776 449 149
280-1-1-0.05-50-0 1 2360 39 24 7 98 0.2187 0.1940 309 254
280-1-1-0.05-50-0 1 2361 40 28 100 2 0.9739 0.3846 104 311
280-1-1-0.05-50-0 1 2361 10 27 55 144 0.2533 0.0776 449 149
280-1-1-0.05-50-0 1 2362 36 14 2 11 0.8162 0.8451 165 105
280-1-1-0.05-50-0 1 2362 40 28 101 1 0.9739 0.3846 104 311
280-1-1-0.05-50-0 1 2362 10 27 55 144 0.2533 0.0776 449 149
280-1-1-0.05-50-0 1 2362 1 24 14 92 0.2520 0.1940 409 254
280-1-1-0.05-50-0 1 2363 10 27 54 144 0.2533 0.0776 449 149
280-1-1-0.05-50-0 1 2363 14 40 10 104 0.8451 0.9739 105 104
280-1-1-0.05-50-0 1 2363 40 32 103 1 0.9739 0.6514 104 215
280-1-1-0.05-50-0 1 2363 10 27 54 143 0.2533 0.0776 449 149
280-1-1-0.05-50-0 1 2364 40 34 101 2 0.9739 0.7448 104 168
280-1-1-0.05-50-0 1 2364 16 24 12 90 0.2228 0.1940 149 254
280-1-1-0.05-50-0 1 2364 39 18 7 64 0.2187 0.2181 309 226
280-1-1-0.05-50-0 1 2364 37 18 3 63 0.8481 0.2181 127 226
280-1-1-0.05-50-0 1 2364 1 16 14 12 0.2520 0.2228 409 149
280-1-1-0.05-50-0 1 2364 1 50 14 147 0.2520 0.2147 409 147
280-1-1-0.05-50-0 1 2365 23 23 6 6 0.1698 0.1698 476 476
280-1-1-0.05-50-0 1 2365 1 18 16 61 0.2520 0.2181 409 226
280-1-1-0.05-50-0 1 2365 1 10 16 50 0.2520 0.2533 409 449
280-1-1-0.05-50-0 1 2365 36 14 2 10 0.8162 0.8451 165 105
280-1-1-0.05-50-0 1 2366 1 50 16 147 0.2520 0.2147 409 147
280-1-1-0.05-50-0 1 2367 10 27 54 148 0.2533 0.0776 449 149
280-1-1-0.05-50-0 1 2367 10 27 54 147 0.2533 0.0776 449 149
280-1-1-0.05-50-0 1 2368 16 24 14 91 0.2228 0.1940 149 254
280-1-1-0.05-50-0 1 2368 40 28 95 1 0.9739 0.3846 104 311
280-1-1-0.05-50-0 1 2368 1 18 15 62 0.2520 0.2181 409 226
280-1-1-0.05-50-0 1 2369 40 34 96 1 0.9739 0.7448 104 168
280-1-1-0.05-50-0 1 2369 10 27 56 149 0.2533 0.0776 449 149
280-1-1-0.05-50-0 1 2369 41 5 99 1 0.9621 0.0007 105 226
280-1-1-0.05-50-0 1 2370 10 27 56 145 0.2533 0.0776 449 149
280-1-1-0.05-50-0 1 2370 16 24 16 95 0.2228 0.1940 149 254
280-1-1-0.05-50-0 1 2370 10 27 56 144 0.2533 0.0776 449 149
280-1-1-0.05-50-0 1 2371 10 27 55 145 0.2533 0.0776 449 149
280-1-1-0.05-50-0 1 2371 10 27 55 144 0.2533 0.0776 449 149
280-1-1-0.05-50-0 1 2371 9 10 1 55 0.6134 0.2533 161 449
280-1-1-0.05-50-0 1 2371 10 27 54 143 0.2533 0.0776 449 149
280-1-1-0.05-50-0 1 2372 1 10 15 55 0.2520 0.2533 409 449
280-1-1-0.05-50-0 1 2372 1 24 15 92 0.2520 0.1940 409 254
280-1-1-0.05-50-0 1 2372 10 27 54 143 0.2533 0.0776 449 149
280-1-1-0.05-50-0 1 2372 40 31 95 1 0.9739 0.5626 104 252
280-1-1-0.05-50-0 1 2372 16 24 16 91 0.2228 0.1940 149 254
280-1-1-0.05-50-0 1 2373 39 50 6 146 0.2187 0.2147 309 147
280-1-1-0.05-50-0 1 2374 10 27 54 146 0.2533 0.0776 449 149
280-1-1-0.05-50-0 1 2374 10 27 54 145 0.2533 0.0776 449 149
280-1-1-0.05-50-0 1 2375 7 3 93 1 0.9267 0.4813 106 321
280-1-1-0.05-50-0 1 2376 10 27 51 143 0.2533 0.0776 449 149
280-1-1-0.05-50-0 1 2376 1 1 17 17 0.2520 0.2520 409 409
280-1-1-0.05-50-0 1 2376 14 20 11 10 0.8451 0.9922 105 102
280-1-1-0.05-50-0 1 2376 40 21 88 1 0.9739 0.4184 104 158
280-1-1-0.05-50-0 1 2376 1 50 16 140 0.2520 0.2147 409 147
280-1-1-0.05-50-0 1 2377 10 27 51 144 0.2533 0.0776 449 149
280-1-1-0.05-50-0 1 2377 10 27 51 143 0.2533 0.0776 449 149
280-1-1-0.05-50-0 1 2380 36 30 3 3 0.8162 0.6008 165 266
280-1-1-0.05-50-0 1 2380 40 30 85 2 0.9739 0.6008 104 266
280-1-1-0.05-50-0 1 2380 1 50 14 147 0.2520 0.2147 409 147
280-1-1-0.05-50-0 1 2380 10 27 58 147 0.2533 0.0776 449 149
280-1-1-0.05-50-0 1 2380 40 38 85 3 0.9739 0.6163 104 270
280-1-1-0.05-50-0 1 2380 10 27 58 146 0.2533 0.0776 449 149
280-1-1-0.05-50-0 1 2380 10 27 58 145 0.2533 0.0776 449 149
280-1-1-0.05-50-0 1 2380 40 9 85 1 0.9739 0.6134 104 161
280-1-1-0.05-50-0 1 2381 19 44 9 1 0.8072 0.7034 134 118
280-1-1-0.05-50-0 1 2382 14 41 12 99 0.8451 0.9621 105 105
280-1-1-0.05-50-0 1 2382 19 19 9 9 0.8072 0.8072 134 134
280-1-1-0.05-50-0 1 2382 14 13 12 138 0.8451 0.8878 105 151
280-1-1-0.05-50-0 1 2383 16 24 13 100 0.2228 0.1940 149 254
280-1-1-0.05-50-0 1 2383 37 16 3 13 0.8481 0.2228 127 149
280-1-1-0.05-50-0 1 2383 10 27 55 148 0.2533 0.0776 449 149
280-1-1-0.05-50-0 1 2383 10 27 55 147 0.2533 0.0776 449 149
280-1-1-0.05-50-0 1 2383 10 27 55 146 0.2533 0.0776 449 149
280-1-1-0.05-50-0 1 2383 41 11 97 1 0.9621 0.0504 105 384
280-1-1-0.05-50-0 1 2384 40 46 93 1 0.9739 0.3451 104 327
280-1-1-0.05-50-0 1 2384 10 27 55 147 0.2533 0.0776 449 149
280-1-1-0.05-50-0 1 2385 40 45 96 1 0.9739 0.3816 104 173
280-1-1-0.05-50-0 1 2385 18 48 57 1 0.2181 0.1153 226 334
280-1-1-0.05-50-0 1 2385 40 30 96 1 0.9739 0.6008 104 266
280-1-1-0.05-50-0 1 2386 16 24 11 102 0.2228 0.1940 149 254
280-1-1-0.05-50-0 1 2386 16 24 11 101 0.2228 0.1940 149 254
280-1-1-0.05-50-0 1 2386 40 38 99 4 0.9739 0.6163 104 270
280-1-1-0.05-50-0 1 2386 36 38 4 3 0.8162 0.6163 165 270
280-1-1-0.05-50-0 1 2387 10 27 59 148 0.2533 0.0776 449 149
280-1-1-0.05-50-0 1 2388 10 27 59 149 0.2533 0.0776 449 149
280-1-1-0.05-50-0 1 2388 10 27 59 148 0.2533 0.0776 449 149
280-1-1-0.05-50-0 1 2388 14 13 13 132 0.8451 0.8878 105 151
280-1-1-0.05-50-0 1 2388 10 27 59 147 0.2533 0.0776 449 149
280-1-1-0.05-50-0 1 2389 14 19 14 6 0.8451 0.8072 105 134
280-1-1-0.05-50-0 1 2389 3 27 1 146 0.4813 0.0776 321 149
280-1-1-0.05-50-0 1 2390 10 27 64 140 0.2533 0.0776 449 149
280-1-1-0.05-50-0 1 2390 10 27 64 139 0.2533 0.0776 449 149
280-1-1-0.05-50-0 1 2390 10 27 64 138 0.2533 0.0776 449 149
280-1-1-0.05-50-0 1 2391 40 38 104 3 0.9739 0.6163 104 270
280-1-1-0.05-50-0 1 2391 40 3 104 1 0.9739 0.4813 104 321
280-1-1-0.05-50-0 1 2391 7 31 83 1 0.9267 0.5626 106 252
280-1-1-0.05-50-0 1 2391 40 28 104 1 0.9739 0.3846 104 311
280-1-1-0.05-50-0 1 2391 16 24 12 112 0.2228 0.1940 149 254
280-1-1-0.05-50-0 1 2392 10 27 64 139 0.2533 0.0776 449 149
280-1-1-0.05-50-0 1 2392 14 7 14 82 0.8451 0.9267 105 106
280-1-1-0.05-50-0 1 2392 14 38 14 2 0.8451 0.6163 105 270
280-1-1-0.05-50-0 1 2392 39 24 8 111 0.2187 0.1940 309 254
280-1-1-0.05-50-0 1 2393 40 44 104 1 0.9739 0.7034 104 118
280-1-1-0.05-50-0 1 2393 10 27 62 137 0.2533 0.0776 449 149
280-1-1-0.05-50-0 1 2394 10 27 62 134 0.2533 0.0776 449 149
280-1-1-0.05-50-0 1 2394 10 27 62 133 0.2533 0.0776 449 149
280-1-1-0.05-50-0 1 2394 10 27 62 132 0.2533 0.0776 449 149
280-1-1-0.05-50-0 1 2394 10 27 62 131 0.2533 0.0776 449 149
280-1-1-0.05-50-0 1 2395 10 27 63 133 0.2533 0.0776 449 149
280-1-1-0.05-50-0 1 2395 37 50 4 147 0.8481 0.2147 127 147
280-1-1-0.05-50-0 1 2395 36 14 6 15 0.8162 0.8451 165 105
280-1-1-0.05-50-0 1 2396 10 27 59 135 0.2533 0.0776 449 149
280-1-1-0.05-50-0 1 2396 37 50 3 147 0.8481 0.2147 127 147
280-1-1-0.05-50-0 1 2396 14 13 13 139 0.8451 0.8878 105 151
280-1-1-0.05-50-0 1 2396 20 28 8 1 0.9922 0.3846 102 311
280-1-1-0.05-50-0 1 2397 41 22 83 1 0.9621 0.0160 105 311
280-1-1-0.05-50-0 1 2397 10 27 60 144 0.2533 0.0776 449 149
280-1-1-0.05-50-0 1 2397 10 27 60 143 0.2533 0.0776 449 149
280-1-1-0.05-50-0 1 2398 40 38 101 4 0.9739 0.6163 104 270
280-1-1-0.05-50-0 1 2398 19 19 2 2 0.8072 0.8072 134 134
280-1-1-0.05-50-0 1 2398 10 27 61 143 0.2533 0.0776 449 149
280-1-1-0.05-50-0 1 2398 37 18 4 97 0.8481 0.2181 127 226
280-1-1-0.05-50-0 1 2399 40 46 102 1 0.9739 0.3451 104 327
280-1-1-0.05-50-0 1 2399 36 38 7 3 0.8162 0.6163 165 270
280-1-1-0.05-50-0 1 2400 39 18 10 100 0.2187 0.2181 309 226
280-1-1-0.05-50-0 1 2400 10 27 57 149 0.2533 0.0776 449 149
280-1-1-0.05-50-0 1 2400 10 27 57 148 0.2533 0.0776 449 149
280-1-1-0.05-50-0 1 2400 37 50 5 146 0.8481 0.2147 127 147
280-1-1-0.05-50-0 1 2401 10 27 61 147 0.2533 0.0776 449 149
280-1-1-0.05-50-0 1 2401 40 38 101 5 0.9739 0.6163 104 270
280-1-1-0.05-50-0 1 2402 40 38 100 4 0.9739 0.6163 104 270
280-1-1-0.05-50-0 1 2402 14 7 19 96 0.8451 0.9267 105 106
280-1-1-0.05-50-0 1 2403 40 32 99 1 0.9739 0.6514 104 215
280-1-1-0.05-50-0 1 2403 40 38 99 3 0.9739 0.6163 104 270
280-1-1-0.05-50-0 1 2403 16 24 14 134 0.2228 0.1940 149 254
280-1-1-0.05-50-0 1 2403 16 24 14 133 0.2228 0.1940 149 254
280-1-1-0.05-50-0 1 2404 14 47 19 95 0.8451 0.9293 105 103
280-1-1-0.05-50-0 1 2404 40 15 100 1 0.9739 0.7918 104 149
280-1-1-0.05-50-0 1 2404 41 4 79 1 0.9621 0.0723 105 351
280-1-1-0.05-50-0 1 2405 10 27 66 149 0.2533 0.0776 449 149
280-1-1-0.05-50-0 1 2405 1 18 10 95 0.2520 0.2181 409 226
280-1-1-0.05-50-0 1 2406 16 24 13 146 0.2228 0.1940 149 254
280-1-1-0.05-50-0 1 2406 16 24 13 145 0.2228 0.1940 149 254
280-1-1-0.05-50-0 1 2406 41 5 76 1 0.9621 0.0007 105 226
280-1-1-0.05-50-0 1 2406 10 27 66 146 0.2533 0.0776 449 149
280-1-1-0.05-50-0 1 2407 10 27 68 149 0.2533 0.0776 449 149
280-1-1-0.05-50-0 1 2407 10 27 68 148 0.2533 0.0776 449 149
280-1-1-0.05-50-0 1 2407 36 14 6 20 0.8162 0.8451 165 105
280-1-1-0.05-50-0 1 2408 16 24 13 143 0.2228 0.1940 149 254
280-1-1-0.05-50-0 1 2408 40 38 96 2 0.9739 0.6163 104 270
280-1-1-0.05-50-0 1 2408 10 27 66 149 0.2533 0.0776 449 149
280-1-1-0.05-50-0 1 2409 37 24 6 144 0.8481 0.1940 127 254
280-1-1-0.05-50-0 1 2409 1 18 10 91 0.2520 0.2181 409 226
280-1-1-0.05-50-0 1 2409 1 50 10 147 0.2520 0.2147 409 147
280-1-1-0.05-50-0 1 2410 10 27 73 149 0.2533 0.0776 449 149
280-1-1-0.05-50-0 1 2410 10 27 73 148 0.2533 0.0776 449 149
280-1-1-0.05-50-0 1 2410 14 13 20 144 0.8451 0.8878 105 151
280-1-1-0.05-50-0 1 2410 23 23 3 3 0.1698 0.1698 476 476
280-1-1-0.05-50-0 1 2410 10 27 73 147 0.2533 0.0776 449 149
280-1-1-0.05-50-0 1 2410 10 27 73 146 0.2533 0.0776 449 149
280-1-1-0.05-50-0 1 2411 10 27 70 144 0.2533 0.0776 449 149
280-1-1-0.05-50-0 1 2412 14 13 22 143 0.8451 0.8878 105 151
280-1-1-0.05-50-0 1 2412 1 50 11 147 0.2520 0.2147 409 147
280-1-1-0.05-50-0 1 2412 10 27 69 143 0.2533 0.0776 449 149
280-1-1-0.05-50-0 1 2413 43 24 1 144 0.8316 0.1940 123 254
280-1-1-0.05-50-0 1 2413 40 29 104 2 0.9739 0.6728 104 177
280-1-1-0.05-50-0 1 2413 40 29 104 1 0.9739 0.6728 104 177
280-1-1-0.05-50-0 1 2413 10 27 68 148 0.2533 0.0776 449 149
280-1-1-0.05-50-0 1 2413 10 27 68 147 0.2533 0.0776 449 149
280-1-1-0.05-50-0 1 2413 14 47 22 97 0.8451 0.9293 105 103
280-1-1-0.05-50-0 1 2413 39 24 11 143 0.2187 0.1940 309 254
280-1-1-0.05-50-0 1 2413 16 24 15 142 0.2228 0.1940 149 254
280-1-1-0.05-50-0 1 2413 10 27 68 146 0.2533 0.0776 449 149
280-1-1-0.05-50-0 1 2414 14 13 23 138 0.8451 0.8878 105 151
280-1-1-0.05-50-0 1 2414 14 47 23 95 0.8451 0.9293 105 103
280-1-1-0.05-50-0 1 2414 10 27 70 149 0.2533 0.0776 449 149
280-1-1-0.05-50-0 1 2414 10 27 70 148 0.2533 0.0776 449 149
280-1-1-0.05-50-0 1 2415 40 6 104 4 0.9739 0.4266 104 249
280-1-1-0.05-50-0 1 2415 10 27 67 149 0.2533 0.0776 449 149
280-1-1-0.05-50-0 1 2415 10 27 67 148 0.2533 0.0776 449 149
280-1-1-0.05-50-0 1 2415 1 10 7 67 0.2520 0.2533 409 449
280-1-1-0.05-50-0 1 2415 10 27 66 147 0.2533 0.0776 449 149
280-1-1-0.05-50-0 1 2416 14 25 26 117 0.8451 0.9430 105 125
280-1-1-0.05-50-0 1 2417 40 6 102 3 0.9739 0.4266 104 249
280-1-1-0.05-50-0 1 2418 40 38 102 1 0.9739 0.6163 104 270
280-1-1-0.05-50-0 1 2418 10 27 63 148 0.2533 0.0776 449 149
280-1-1-0.05-50-0 1 2418 10 27 63 147 0.2533 0.0776 449 149
280-1-1-0.05-50-0 1 2418 1 18 8 89 0.2520 0.2181 409 226
280-1-1-0.05-50-0 1 2418 40 6 102 2 0.9739 0.4266 104 249
280-1-1-0.05-50-0 1 2419 10 27 66 147 0.2533 0.0776 449 149
280-1-1-0.05-50-0 1 2419 16 12 12 16 0.2228 0.1896 149 325
280-1-1-0.05-50-0 1 2420 26 3 13 1 0.8171 0.4813 141 321
280-1-1-0.05-50-0 1 2420 14 25 30 110 0.8451 0.9430 105 125
280-1-1-0.05-50-0 1 2420 10 27 68 149 0.2533 0.0776 449 149
280-1-1-0.05-50-0 1 2420 10 27 68 148 0.2533 0.0776 449 149
280-1-1-0.05-50-0 1 2421 41 5 80 2 0.9621 0.0007 105 226
280-1-1-0.05-50-0 1 2421 10 27 67 146 0.2533 0.0776 449 149
280-1-1-0.05-50-0 1 2421 7 3 106 1 0.9267 0.4813 106 321
280-1-1-0.05-50-0 1 2422 16 24 15 146 0.2228 0.1940 149 254
280-1-1-0.05-50-0 1 2422 14 47 28 92 0.8451 0.9293 105 103
280-1-1-0.05-50-0 1 2422 10 27 72 142 0.2533 0.0776 449 149
280-1-1-0.05-50-0 1 2423 10 27 77 143 0.2533 0.0776 449 149
280-1-1-0.05-50-0 1 2423 10 27 77 142 0.2533 0.0776 449 149
280-1-1-0.05-50-0 1 2424 10 27 75 145 0.2533 0.0776 449 149
280-1-1-0.05-50-0 1 2424 10 27 75 144 0.2533 0.0776 449 149
280-1-1-0.05-50-0 1 2424 39 50 13 147 0.2187 0.2147 309 147
280-1-1-0.05-50-0 1 2424 10 27 75 143 0.2533 0.0776 449 149
280-1-1-0.05-50-0 1 2424 14 47 29 90 0.8451 0.9293 105 103
280-1-1-0.05-50-0 1 2424 10 27 75 142 0.2533 0.0776 449 149
280-1-1-0.05-50-0 1 2425 20 6 13 2 0.9922 0.4266 102 249
280-1-1-0.05-50-0 1 2425 43 24 2 146 0.8316 0.1940 123 254
280-1-1-0.05-50-0 1 2425 10 27 75 146 0.2533 0.0776 449 149
280-1-1-0.05-50-0 1 2425 10 27 75 145 0.2533 0.0776 449 149
280-1-1-0.05-50-0 1 2425 10 27 75 144 0.2533 0.0776 449 149
280-1-1-0.05-50-0 1 2425 10 27 75 143 0.2533 0.0776 449 149
280-1-1-0.05-50-0 1 2426 14 7 31 106 0.8451 0.9267 105 106
280-1-1-0.05-50-0 1 2426 1 50 9 147 0.2520 0.2147 409 147
280-1-1-0.05-50-0 1 2426 41 5 76 1 0.9621 0.0007 105 226
280-1-1-0.05-50-0 1 2426 10 27 79 146 0.2533 0.0776 449 149
280-1-1-0.05-50-0 1 2427 14 25 33 118 0.8451 0.9430 105 125
280-1-1-0.05-50-0 1 2427 1 24 9 145 0.2520 0.1940 409 254
280-1-1-0.05-50-0 1 2427 14 14 33 33 0.8451 0.8451 105 105
280-1-1-0.05-50-0 1 2427 39 18 15 110 0.2187 0.2181 309 226
280-1-1-0.05-50-0 1 2428 10 27 79 143 0.2533 0.0776 449 149
280-1-1-0.05-50-0 1 2429 14 40 29 96 0.8451 0.9739 105 104
280-1-1-0.05-50-0 1 2429 10 27 80 144 0.2533 0.0776 449 149
280-1-1-0.05-50-0 1 2429 10 27 80 143 0.2533 0.0776 449 149
280-1-1-0.05-50-0 1 2429 10 27 80 142 0.2533 0.0776 449 149
280-1-1-0.05-50-0 1 2430 10 27 83 144 0.2533 0.0776 449 149
280-1-1-0.05-50-0 1 2431 40 6 97 1 0.9739 0.4266 104 249
280-1-1-0.05-50-0 1 2431 14 40 28 97 0.8451 0.9739 105 104
280-1-1-0.05-50-0 1 2431 10 27 82 143 0.2533 0.0776 449 149
280-1-1-0.05-50-0 1 2431 10 27 82 142 0.2533 0.0776 449 149
280-1-1-0.05-50-0 1 2432 10 27 82 141 0.2533 0.0776 449 149
280-1-1-0.05-50-0 1 2432 10 27 82 140 0.2533 0.0776 449 149
280-1-1-0.05-50-0 1 2432 24 35 155 1 0.1940 0.0354 254 158
280-1-1-0.05-50-0 1 2433 10 27 86 138 0.2533 0.0776 449 149
280-1-1-0.05-50-0 1 2433 14 47 30 91 0.8451 0.9293 105 103
280-1-1-0.05-50-0 1 2433 39 16 17 13 0.2187 0.2228 309 149
280-1-1-0.05-50-0 1 2433 1 50 7 146 0.2520 0.2147 409 147
280-1-1-0.05-50-0 1 2433 20 44 16 1 0.9922 0.7034 102 118
280-1-1-0.05-50-0 1 2434 10 27 90 135 0.2533 0.0776 449 149
280-1-1-0.05-50-0 1 2434 39 24 17 170 0.2187 0.1940 309 254
280-1-1-0.05-50-0 1 2434 10 27 90 134 0.2533 0.0776 449 149
280-1-1-0.05-50-0 1 2434 16 24 11 169 0.2228 0.1940 149 254
280-1-1-0.05-50-0 1 2434 16 24 11 168 0.2228 0.1940 149 254
280-1-1-0.05-50-0 1 2434 10 27 90 133 0.2533 0.0776 449 149
280-1-1-0.05-50-0 1 2435 14 13 28 151 0.8451 0.8878 105 151
280-1-1-0.05-50-0 1 2435 16 24 11 167 0.2228 0.1940 149 254
280-1-1-0.05-50-0 1 2435 10 27 88 137 0.2533 0.0776 449 149
280-1-1-0.05-50-0 1 2435 14 13 28 150 0.8451 0.8878 105 151
280-1-1-0.05-50-0 1 2436 14 25 29 114 0.8451 0.9430 105 125
280-1-1-0.05-50-0 1 2436 10 27 92 135 0.2533 0.0776 449 149
280-1-1-0.05-50-0 1 2436 10 27 92 134 0.2533 0.0776 449 149
280-1-1-0.05-50-0 1 2436 10 27 92 133 0.2533 0.0776 449 149
280-1-1-0.05-50-0 1 2436 10 27 92 132 0.2533 0.0776 449 149
280-1-1-0.05-50-0 1 2436 14 40 29 102 0.8451 0.9739 105 104
280-1-1-0.05-50-0 1 2436 1 50 6 146 0.2520 0.2147 409 147
280-1-1-0.05-50-0 1 2437 37 24 9 175 0.8481 0.1940 127 254
280-1-1-0.05-50-0 1 2437 14 7 30 106 0.8451 0.9267 105 106
280-1-1-0.05-50-0 1 2437 1 18 6 124 0.2520 0.2181 409 226
280-1-1-0.05-50-0 1 2438 10 27 92 135 0.2533 0.0776 449 149
280-1-1-0.05-50-0 1 2439 10 27 91 137 0.2533 0.0776 449 149
280-1-1-0.05-50-0 1 2439 36 26 16 12 0.8162 0.8171 165 141
280-1-1-0.05-50-0 1 2439 14 40 29 103 0.8451 0.9739 105 104
280-1-1-0.05-50-0 1 2439 10 27 91 136 0.2533 0.0776 449 149
280-1-1-0.05-50-0 1 2439 36 14 16 29 0.8162 0.8451 165 105
280-1-1-0.05-50-0 1 2439 36 37 16 9 0.8162 0.8481 165 127
280-1-1-0.05-50-0 1 2439 39 39 17 17 0.2187 0.2187 309 309
280-1-1-0.05-50-0 1 2440 10 27 94 133 0.2533 0.0776 449 149
280-1-1-0.05-50-0 1 2440 16 24 10 173 0.2228 0.1940 149 254
280-1-1-0.05-50-0 1 2440 20 21 14 1 0.9922 0.4184 102 158
280-1-1-0.05-50-0 1 2440 10 27 94 132 0.2533 0.0776 449 149
280-1-1-0.05-50-0 1 2440 36 14 15 29 0.8162 0.8451 165 105
280-1-1-0.05-50-0 1 2440 36 14 15 28 0.8162 0.8451 165 105
280-1-1-0.05-50-0 1 2440 34 27 1 131 0.7448 0.0776 168 149
280-1-1-0.05-50-0 1 2441 40 46 99 2 0.9739 0.3451 104 327
280-1-1-0.05-50-0 1 2441 10 27 98 134 0.2533 0.0776 449 149
280-1-1-0.05-50-0 1 2442 14 7 28 104 0.8451 0.9267 105 106
280-1-1-0.05-50-0 1 2442 10 27 97 140 0.2533 0.0776 449 149
280-1-1-0.05-50-0 1 2442 36 36 15 15 0.8162 0.8162 165 165
280-1-1-0.05-50-0 1 2442 14 7 28 103 0.8451 0.9267 105 106
280-1-1-0.05-50-0 1 2442 37 18 8 128 0.8481 0.2181 127 226
280-1-1-0.05-50-0 1 2443 10 27 99 139 0.2533 0.0776 449 149
280-1-1-0.05-50-0 1 2443 10 27 99 138 0.2533 0.0776 449 149
280-1-1-0.05-50-0 1 2444 16 24 10 186 0.2228 0.1940 149 254
280-1-1-0.05-50-0 1 2444 14 13 28 151 0.8451 0.8878 105 151
280-1-1-0.05-50-0 1 2444 40 34 101 2 0.9739 0.7448 104 168
280-1-1-0.05-50-0 1 2445 10 27 102 149 0.2533 0.0776 449 149
280-1-1-0.05-50-0 1 2445 10 27 102 148 0.2533 0.0776 449 149
280-1-1-0.05-50-0 1 2446 14 13 28 150 0.8451 0.8878 105 151
280-1-1-0.05-50-0 1 2446 14 14 28 28 0.8451 0.8451 105 105
280-1-1-0.05-50-0 1 2446 37 18 10 129 0.8481 0.2181 127 226
280-1-1-0.05-50-0 1 2447 40 44 96 2 0.9739 0.7034 104 118
280-1-1-0.05-50-0 1 2447 39 50 16 147 0.2187 0.2147 309 147
280-1-1-0.05-50-0 1 2447 1 18 5 130 0.2520 0.2181 409 226
280-1-1-0.05-50-0 1 2448 16 12 12 22 0.2228 0.1896 149 325
280-1-1-0.05-50-0 1 2448 39 50 16 147 0.2187 0.2147 309 147
280-1-1-0.05-50-0 1 2448 40 6 95 1 0.9739 0.4266 104 249
280-1-1-0.05-50-0 1 2449 10 27 102 147 0.2533 0.0776 449 149
280-1-1-0.05-50-0 1 2449 14 25 27 104 0.8451 0.9430 105 125
280-1-1-0.05-50-0 1 2449 37 18 8 137 0.8481 0.2181 127 226
280-1-1-0.05-50-0 1 2450 14 25 29 107 0.8451 0.9430 105 125
280-1-1-0.05-50-0 1 2450 10 27 100 149 0.2533 0.0776 449 149
280-1-1-0.05-50-0 1 2450 10 27 100 148 0.2533 0.0776 449 149
280-1-1-0.05-50-0 1 2450 10 27 100 147 0.2533 0.0776 449 149
280-1-1-0.05-50-0 1 2450 14 25 29 106 0.8451 0.9430 105 125
280-1-1-0.05-50-0 1 2450 10 27 100 146 0.2533 0.0776 449 149
280-1-1-0.05-50-0 1 2451 14 41 28 92 0.8451 0.9621 105 105
280-1-1-0.05-50-0 1 2451 39 50 14 147 0.2187 0.2147 309 147
280-1-1-0.05-50-0 1 2451 10 27 104 149 0.2533 0.0776 449 149
280-1-1-0.05-50-0 1 2451 23 23 5 5 0.1698 0.1698 476 476
280-1-1-0.05-50-0 1 2451 10 27 104 148 0.2533 0.0776 449 149
280-1-1-0.05-50-0 1 2451 10 27 104 147 0.2533 0.0776 449 149
280-1-1-0.05-50-0 1 2452 10 27 102 149 0.2533 0.0776 449 149
280-1-1-0.05-50-0 1 2452 40 34 93 1 0.9739 0.7448 104 168
280-1-1-0.05-50-0 1 2452 10 27 102 148 0.2533 0.0776 449 149
280-1-1-0.05-50-0 1 2452 14 41 29 89 0.8451 0.9621 105 105
280-1-1-0.05-50-0 1 2453 10 27 101 149 0.2533 0.0776 449 149
280-1-1-0.05-50-0 1 2453 36 26 17 14 0.8162 0.8171 165 141
280-1-1-0.05-50-0 1 2453 14 7 28 97 0.8451 0.9267 105 106
280-1-1-0.05-50-0 1 2453 10 27 101 148 0.2533 0.0776 449 149
280-1-1-0.05-50-0 1 2453 10 27 101 147 0.2533 0.0776 449 149
280-1-1-0.05-50-0 1 2454 39 18 15 155 0.2187 0.2181 309 226
280-1-1-0.05-50-0 1 2454 36 14 16 27 0.8162 0.8451 165 105
280-1-1-0.05-50-0 1 2454 10 27 99 142 0.2533 0.0776 449 149
280-1-1-0.05-50-0 1 2455 14 36 27 18 0.8451 0.8162 105 165
280-1-1-0.05-50-0 1 2455 10 27 100 147 0.2533 0.0776 449 149
280-1-1-0.05-50-0 1 2456 39 39 14 14 0.2187 0.2187 309 309
280-1-1-0.05-50-0 1 2456 10 27 106 146 0.2533 0.0776 449 149
280-1-1-0.05-50-0 1 2456 37 24 13 204 0.8481 0.1940 127 254
280-1-1-0.05-50-0 1 2456 10 27 106 145 0.2533 0.0776 449 149
280-1-1-0.05-50-0 1 2456 39 18 13 155 0.2187 0.2181 309 226
280-1-1-0.05-50-0 1 2456 10 27 106 144 0.2533 0.0776 449 149
280-1-1-0.05-50-0 1 2456 16 24 12 203 0.2228 0.1940 149 254
280-1-1-0.05-50-0 1 2456 18 48 154 1 0.2181 0.1153 226 334
280-1-1-0.05-50-0 1 2457 10 27 105 143 0.2533 0.0776 449 149
280-1-1-0.05-50-0 1 2457 10 27 105 142 0.2533 0.0776 449 149
280-1-1-0.05-50-0 1 2457 14 7 27 95 0.8451 0.9267 105 106
280-1-1-0.05-50-0 1 2457 10 27 105 141 0.2533 0.0776 449 149
280-1-1-0.05-50-0 1 2457 40 42 101 1 0.9739 0.7447 104 106
280-1-1-0.05-50-0 1 2457 10 27 105 140 0.2533 0.0776 449 149
280-1-1-0.05-50-0 1 2457 10 27 105 139 0.2533 0.0776 449 149
280-1-1-0.05-50-0 1 2457 10 27 105 138 0.2533 0.0776 449 149
280-1-1-0.05-50-0 1 2458 14 40 25 98 0.8451 0.9739 105 104
280-1-1-0.05-50-0 1 2458 10 27 110 142 0.2533 0.0776 449 149
280-1-1-0.05-50-0 1 2458 14 47 25 100 0.8451 0.9293 105 103
280-1-1-0.05-50-0 1 2458 10 27 110 141 0.2533 0.0776 449 149
280-1-1-0.05-50-0 1 2458 16 24 11 200 0.2228 0.1940 149 254
280-1-1-0.05-50-0 1 2458 16 24 11 199 0.2228 0.1940 149 254
280-1-1-0.05-50-0 1 2458 10 27 110 140 0.2533 0.0776 449 149
280-1-1-0.05-50-0 1 2459 14 13 25 146 0.8451 0.8878 105 151
280-1-1-0.05-50-0 1 2459 10 27 117 136 0.2533 0.0776 449 149
280-1-1-0.05-50-0 1 2459 1 24 5 200 0.2520 0.1940 409 254
280-1-1-0.05-50-0 1 2459 14 13 25 145 0.8451 0.8878 105 151
280-1-1-0.05-50-0 1 2459 10 27 117 135 0.2533 0.0776 449 149
280-1-1-0.05-50-0 1 2459 23 23 5 5 0.1698 0.1698 476 476
280-1-1-0.05-50-0 1 2459 36 36 21 21 0.8162 0.8162 165 165
280-1-1-0.05-50-0 1 2459 10 27 117 134 0.2533 0.0776 449 149
280-1-1-0.05-50-0 1 2460 10 27 119 135 0.2533 0.0776 449 149
280-1-1-0.05-50-0 1 2460 10 27 119 134 0.2533 0.0776 449 149
280-1-1-0.05-50-0 1 2460 14 25 24 95 0.8451 0.9430 105 125
280-1-1-0.05-50-0 1 2460 10 27 119 133 0.2533 0.0776 449 149
280-1-1-0.05-50-0 1 2460 10 27 119 132 0.2533 0.0776 449 149
280-1-1-0.05-50-0 1 2461 10 27 115 132 0.2533 0.0776 449 149
280-1-1-0.05-50-0 1 2461 10 27 115 131 0.2533 0.0776 449 149
280-1-1-0.05-50-0 1 2461 36 36 24 24 0.8162 0.8162 165 165
280-1-1-0.05-50-0 1 2461 10 27 115 130 0.2533 0.0776 449 149
280-1-1-0.05-50-0 1 2461 10 27 115 129 0.2533 0.0776 449 149
280-1-1-0.05-50-0 1 2462 10 27 114 127 0.2533 0.0776 449 149
280-1-1-0.05-50-0 1 2462 10 27 114 126 0.2533 0.0776 449 149
280-1-1-0.05-50-0 1 2462 1 18 5 178 0.2520 0.2181 409 226
280-1-1-0.05-50-0 1 2462 40 44 103 1 0.9739 0.7034 104 118
280-1-1-0.05-50-0 1 2462 37 24 11 201 0.8481 0.1940 127 254
280-1-1-0.05-50-0 1 2462 36 36 23 23 0.8162 0.8162 165 165
280-1-1-0.05-50-0 1 2463 16 24 11 210 0.2228 0.1940 149 254
280-1-1-0.05-50-0 1 2463 41 4 103 2 0.9621 0.0723 105 351
280-1-1-0.05-50-0 1 2463 10 27 120 129 0.2533 0.0776 449 149
280-1-1-0.05-50-0 1 2464 16 24 11 213 0.2228 0.1940 149 254
280-1-1-0.05-50-0 1 2464 37 18 11 180 0.8481 0.2181 127 226
280-1-1-0.05-50-0 1 2464 37 18 11 179 0.8481 0.2181 127 226
280-1-1-0.05-50-0 1 2465 10 27 123 131 0.2533 0.0776 449 149
280-1-1-0.05-50-0 1 2465 10 27 123 130 0.2533 0.0776 449 149
280-1-1-0.05-50-0 1 2465 10 27 123 129 0.2533 0.0776 449 149
280-1-1-0.05-50-0 1 2465 10 27 123 128 0.2533 0.0776 449 149
280-1-1-0.05-50-0 1 2466 14 14 25 25 0.8451 0.8451 105 105
280-1-1-0.05-50-0 1 2466 10 27 122 126 0.2533 0.0776 449 149
280-1-1-0.05-50-0 1 2466 10 27 122 125 0.2533 0.0776 449 149
280-1-1-0.05-50-0 1 2466 43 24 5 217 0.8316 0.1940 123 254
280-1-1-0.05-50-0 1 2466 10 27 122 124 0.2533 0.0776 449 149
280-1-1-0.05-50-0 1 2466 40 15 104 1 0.9739 0.7918 104 149
280-1-1-0.05-50-0 1 2467 39 24 18 223 0.2187 0.1940 309 254
280-1-1-0.05-50-0 1 2467 16 24 11 222 0.2228 0.1940 149 254
280-1-1-0.05-50-0 1 2467 36 2 26 2 0.8162 0.8198 165 167
280-1-1-0.05-50-0 1 2467 36 14 26 23 0.8162 0.8451 165 105
280-1-1-0.05-50-0 1 2467 23 23 5 5 0.1698 0.1698 476 476
280-1-1-0.05-50-0 1 2467 36 37 26 13 0.8162 0.8481 165 127
280-1-1-0.05-50-0 1 2468 41 35 102 1 0.9621 0.0354 105 158
280-1-1-0.05-50-0 1 2468 10 27 123 127 0.2533 0.0776 449 149
280-1-1-0.05-50-0 1 2468 10 27 123 126 0.2533 0.0776 449 149
280-1-1-0.05-50-0 1 2469 10 27 127 131 0.2533 0.0776 449 149
280-1-1-0.05-50-0 1 2469 10 27 127 130 0.2533 0.0776 449 149
280-1-1-0.05-50-0 1 2469 10 27 127 129 0.2533 0.0776 449 149
280-1-1-0.05-50-0 1 2469 16 24 12 232 0.2228 0.1940 149 254
280-1-1-0.05-50-0 1 2469 14 7 23 103 0.8451 0.9267 105 106
280-1-1-0.05-50-0 1 2470 39 50 22 147 0.2187 0.2147 309 147
280-1-1-0.05-50-0 1 2470 41 22 105 2 0.9621 0.0160 105 311
280-1-1-0.05-50-0 1 2470 14 13 24 150 0.8451 0.8878 105 151
280-1-1-0.05-50-0 1 2470 39 18 22 174 0.2187 0.2181 309 226
280-1-1-0.05-50-0 1 2470 14 7 24 101 0.8451 0.9267 105 106
280-1-1-0.05-50-0 1 2470 10 27 126 131 0.2533 0.0776 449 149
280-1-1-0.05-50-0 1 2470 37 12 13 44 0.8481 0.1896 127 325
280-1-1-0.05-50-0 1 2471 10 27 129 132 0.2533 0.0776 449 149
280-1-1-0.05-50-0 1 2471 10 27 129 131 0.2533 0.0776 449 149
280-1-1-0.05-50-0 1 2471 10 27 129 130 0.2533 0.0776 449 149
280-1-1-0.05-50-0 1 2471 10 27 129 129 0.2533 0.0776 449 149
280-1-1-0.05-50-0 1 2472 25 22 88 1 0.9430 0.0160 125 311
280-1-1-0.05-50-0 1 2472 10 27 130 128 0.2533 0.0776 449 149
280-1-1-0.05-50-0 1 2472 10 27 130 127 0.2533 0.0776 449 149
280-1-1-0.05-50-0 1 2472 10 27 130 126 0.2533 0.0776 449 149
280-1-1-0.05-50-0 1 2472 10 27 130 125 0.2533 0.0776 449 149
280-1-1-0.05-50-0 1 2472 10 27 130 124 0.2533 0.0776 449 149
280-1-1-0.05-50-0 1 2473 41 4 102 2 0.9621 0.0723 105 351
280-1-1-0.05-50-0 1 2473 39 50 22 147 0.2187 0.2147 309 147
280-1-1-0.05-50-0 1 2473 18 48 181 1 0.2181 0.1153 226 334
280-1-1-0.05-50-0 1 2473 10 27 132 123 0.2533 0.0776 449 149
280-1-1-0.05-50-0 1 2474 10 27 136 124 0.2533 0.0776 449 149
280-1-1-0.05-50-0 1 2474 1 18 10 186 0.2520 0.2181 409 226
280-1-1-0.05-50-0 1 2474 10 27 136 123 0.2533 0.0776 449 149
280-1-1-0.05-50-0 1 2474 24 35 254 1 0.1940 0.0354 254 158
280-1-1-0.05-50-0 1 2474 10 27 136 122 0.2533 0.0776 449 149
280-1-1-0.05-50-0 1 2474 1 18 10 185 0.2520 0.2181 409 226
280-1-1-0.05-50-0 1 2474 10 27 136 121 0.2533 0.0776 449 149
280-1-1-0.05-50-0 1 2475 10 27 143 124 0.2533 0.0776 449 149
280-1-1-0.05-50-0 1 2475 39 50 20 147 0.2187 0.2147 309 147
280-1-1-0.05-50-0 1 2475 10 27 143 123 0.2533 0.0776 449 149
280-1-1-0.05-50-0 1 2475 14 13 21 146 0.8451 0.8878 105 151
280-1-1-0.05-50-0 1 2475 43 24 13 254 0.8316 0.1940 123 254
280-1-1-0.05-50-0 1 2476 10 27 145 124 0.2533 0.0776 449 149
280-1-1-0.05-50-0 1 2476 41 4 105 1 0.9621 0.0723 105 351
280-1-1-0.05-50-0 1 2476 10 27 145 123 0.2533 0.0776 449 149
280-1-1-0.05-50-0 1 2476 43 24 14 251 0.8316 0.1940 123 254
280-1-1-0.05-50-0 1 2476 10 27 145 122 0.2533 0.0776 449 149
280-1-1-0.05-50-0 1 2476 10 27 145 121 0.2533 0.0776 449 149
280-1-1-0.05-50-0 1 2476 10 27 145 120 0.2533 0.0776 449 149
280-1-1-0.05-50-0 1 2478 10 27 153 127 0.2533 0.0776 449 149
280-1-1-0.05-50-0 1 2478 10 27 153 126 0.2533 0.0776 449 149
280-1-1-0.05-50-0 1 2478 39 50 23 144 0.2187 0.2147 309 147
280-1-1-0.05-50-0 1 2478 10 27 153 125 0.2533 0.0776 449 149
280-1-1-0.05-50-0 1 2478 14 7 21 100 0.8451 0.9267 105 106
280-1-1-0.05-50-0 1 2478 36 36 27 27 0.8162 0.8162 165 165
280-1-1-0.05-50-0 1 2479 14 41 22 102 0.8451 0.9621 105 105
280-1-1-0.05-50-0 1 2479 10 27 156 129 0.2533 0.0776 449 149
280-1-1-0.05-50-0 1 2479 10 27 156 128 0.2533 0.0776 449 149
280-1-1-0.05-50-0 1 2479 10 27 156 127 0.2533 0.0776 449 149
280-1-1-0.05-50-0 1 2479 36 36 27 27 0.8162 0.8162 165 165
280-1-1-0.05-50-0 1 2479 37 12 11 61 0.8481 0.1896 127 325
280-1-1-0.05-50-0 1 2480 43 12 13 62 0.8316 0.1896 123 325
280-1-1-0.05-50-0 1 2480 39 50 25 145 0.2187 0.2147 309 147
280-1-1-0.05-50-0 1 2480 10 27 157 127 0.2533 0.0776 449 149
280-1-1-0.05-50-0 1 2480 10 27 157 126 0.2533 0.0776 449 149
280-1-1-0.05-50-0 1 2480 10 27 157 125 0.2533 0.0776 449 149
280-1-1-0.05-50-0 1 2481 10 27 156 123 0.2533 0.0776 449 149
280-1-1-0.05-50-0 1 2481 10 27 156 122 0.2533 0.0776 449 149
280-1-1-0.05-50-0 1 2481 10 27 156 121 0.2533 0.0776 449 149
280-1-1-0.05-50-0 1 2481 40 29 103 2 0.9739 0.6728 104 177
280-1-1-0.05-50-0 1 2481 10 27 156 120 0.2533 0.0776 449 149
280-1-1-0.05-50-0 1 2481 10 27 156 119 0.2533 0.0776 449 149
280-1-1-0.05-50-0 1 2482 10 27 154 121 0.2533 0.0776 449 149
280-1-1-0.05-50-0 1 2482 10 27 154 120 0.2533 0.0776 449 149
280-1-1-0.05-50-0 1 2482 10 27 154 119 0.2533 0.0776 449 149
280-1-1-0.05-50-0 1 2482 10 27 154 118 0.2533 0.0776 449 149
280-1-1-0.05-50-0 1 2483 39 39 25 25 0.2187 0.2187 309 309
280-1-1-0.05-50-0 1 2483 40 33 100 1 0.9739 0.6893 104 191
280-1-1-0.05-50-0 1 2483 14 13 23 151 0.8451 0.8878 105 151
280-1-1-0.05-50-0 1 2483 37 24 15 254 0.8481 0.1940 127 254
280-1-1-0.05-50-0 1 2483 10 27 157 115 0.2533 0.0776 449 149
280-1-1-0.05-50-0 1 2484 14 13 23 151 0.8451 0.8878 105 151
280-1-1-0.05-50-0 1 2484 10 27 158 118 0.2533 0.0776 449 149
280-1-1-0.05-50-0 1 2484 1 50 14 147 0.2520 0.2147 409 147
280-1-1-0.05-50-0 1 2484 10 27 158 117 0.2533 0.0776 449 149
280-1-1-0.05-50-0 1 2484 39 24 26 247 0.2187 0.1940 309 254
280-1-1-0.05-50-0 1 2484 36 36 25 25 0.8162 0.8162 165 165
280-1-1-0.05-50-0 1 2484 14 47 23 103 0.8451 0.9293 105 103
280-1-1-0.05-50-0 1 2484 10 27 158 116 0.2533 0.0776 449 149
280-1-1-0.05-50-0 1 2485 10 27 159 115 0.2533 0.0776 449 149
280-1-1-0.05-50-0 1 2485 10 27 159 114 0.2533 0.0776 449 149
280-1-1-0.05-50-0 1 2485 37 24 13 250 0.8481 0.1940 127 254
280-1-1-0.05-50-0 1 2485 10 27 159 113 0.2533 0.0776 449 149
280-1-1-0.05-50-0 1 2486 41 5 101 1 0.9621 0.0007 105 226
280-1-1-0.05-50-0 1 2486 39 50 29 147 0.2187 0.2147 309 147
280-1-1-0.05-50-0 1 2486 14 13 24 149 0.8451 0.8878 105 151
280-1-1-0.05-50-0 1 2486 10 27 163 115 0.2533 0.0776 449 149
280-1-1-0.05-50-0 1 2486 10 27 163 114 0.2533 0.0776 449 149
280-1-1-0.05-50-0 1 2486 37 50 13 146 0.8481 0.2147 127 147
280-1-1-0.05-50-0 1 2487 10 27 164 115 0.2533 0.0776 449 149
280-1-1-0.05-50-0 1 2487 10 27 164 114 0.2533 0.0776 449 149
280-1-1-0.05-50-0 1 2488 39 24 31 248 0.2187 0.1940 309 254
280-1-1-0.05-50-0 1 2488 1 18 14 214 0.2520 0.2181 409 226
280-1-1-0.05-50-0 1 2488 10 27 170 117 0.2533 0.0776 449 149
280-1-1-0.05-50-0 1 2488 10 27 170 116 0.2533 0.0776 449 149
280-1-1-0.05-50-0 1 2488 10 27 170 115 0.2533 0.0776 449 149
280-1-1-0.05-50-0 1 2488 10 27 170 114 0.2533 0.0776 449 149
280-1-1-0.05-50-0 1 2488 16 24 10 247 0.2228 0.1940 149 254
280-1-1-0.05-50-0 1 2489 40 29 104 1 0.9739 0.6728 104 177
280-1-1-0.05-50-0 1 2489 10 27 170 115 0.2533 0.0776 449 149
280-1-1-0.05-50-0 1 2489 10 27 170 114 0.2533 0.0776 449 149
280-1-1-0.05-50-0 1 2489 10 27 170 113 0.2533 0.0776 449 149
280-1-1-0.05-50-0 1 2489 10 27 170 112 0.2533 0.0776 449 149
280-1-1-0.05-50-0 1 2490 10 27 171 111 0.2533 0.0776 449 149
280-1-1-0.05-50-0 1 2490 10 27 171 110 0.2533 0.0776 449 149
280-1-1-0.05-50-0 1 2490 10 27 171 109 0.2533 0.0776 449 149
280-1-1-0.05-50-0 1 2490 10 27 171 108 0.2533 0.0776 449 149
280-1-1-0.05-50-0 1 2490 10 27 171 107 0.2533 0.0776 449 149
280-1-1-0.05-50-0 1 2490 39 50 32 147 0.2187 0.2147 309 147
280-1-1-0.05-50-0 1 2490 10 27 171 106 0.2533 0.0776 449 149
280-1-1-0.05-50-0 1 2490 10 27 171 105 0.2533 0.0776 449 149
280-1-1-0.05-50-0 1 2490 10 27 171 104 0.2533 0.0776 449 149
280-1-1-0.05-50-0 1 2490 10 27 171 103 0.2533 0.0776 449 149
280-1-1-0.05-50-0 1 2490 10 27 171 102 0.2533 0.0776 449 149
280-1-1-0.05-50-0 1 2491 10 27 174 104 0.2533 0.0776 449 149
280-1-1-0.05-50-0 1 2491 10 27 174 103 0.2533 0.0776 449 149
280-1-1-0.05-50-0 1 2491 10 27 174 102 0.2533 0.0776 449 149
280-1-1-0.05-50-0 1 2491 37 24 13 254 0.8481 0.1940 127 254
280-1-1-0.05-50-0 1 2491 37 50 13 147 0.8481 0.2147 127 147
280-1-1-0.05-50-0 1 2491 16 24 11 253 0.2228 0.1940 149 254
280-1-1-0.05-50-0 1 2492 10 27 178 102 0.2533 0.0776 449 149
280-1-1-0.05-50-0 1 2492 10 27 178 101 0.2533 0.0776 449 149
280-1-1-0.05-50-0 1 2492 10 27 178 100 0.2533 0.0776 449 149
280-1-1-0.05-50-0 1 2492 14 7 28 85 0.8451 0.9267 105 106
280-1-1-0.05-50-0 1 2492 10 27 178 99 0.2533 0.0776 449 149
280-1-1-0.05-50-0 1 2492 10 27 178 98 0.2533 0.0776 449 149
280-1-1-0.05-50-0 1 2493 10 27 186 98 0.2533 0.0776 449 149
280-1-1-0.05-50-0 1 2493 39 50 31 145 0.2187 0.2147 309 147
280-1-1-0.05-50-0 1 2493 10 27 186 97 0.2533 0.0776 449 149
280-1-1-0.05-50-0 1 2493 10 27 186 96 0.2533 0.0776 449 149
280-1-1-0.05-50-0 1 2493 10 27 186 95 0.2533 0.0776 449 149
280-1-1-0.05-50-0 1 2493 10 27 186 94 0.2533 0.0776 449 149
280-1-1-0.05-50-0 1 2493 10 27 186 93 0.2533 0.0776 449 149
280-1-1-0.05-50-0 1 2493 14 25 28 83 0.8451 0.9430 105 125
280-1-1-0.05-50-0 1 2493 10 27 186 92 0.2533 0.0776 449 149
280-1-1-0.05-50-0 1 2493 37 18 14 223 0.8481 0.2181 127 226
280-1-1-0.05-50-0 1 2494 19 19 3 3 0.8072 0.8072 134 134
280-1-1-0.05-50-0 1 2494 10 27 195 92 0.2533 0.0776 449 149
280-1-1-0.05-50-0 1 2494 10 27 195 91 0.2533 0.0776 449 149
280-1-1-0.05-50-0 1 2494 10 27 195 90 0.2533 0.0776 449 149
280-1-1-0.05-50-0 1 2494 10 27 195 89 0.2533 0.0776 449 149
280-1-1-0.05-50-0 1 2494 10 27 195 88 0.2533 0.0776 449 149
280-1-1-0.05-50-0 1 2494 14 40 29 104 0.8451 0.9739 105 104
280-1-1-0.05-50-0 1 2494 10 27 195 87 0.2533 0.0776 449 149
280-1-1-0.05-50-0 1 2494 10 27 195 86 0.2533 0.0776 449 149
280-1-1-0.05-50-0 1 2495 10 27 200 86 0.2533 0.0776 449 149
280-1-1-0.05-50-0 1 2495 1 50 13 146 0.2520 0.2147 409 147
280-1-1-0.05-50-0 1 2495 14 40 31 104 0.8451 0.9739 105 104
280-1-1-0.05-50-0 1 2495 37 24 17 251 0.8481 0.1940 127 254
280-1-1-0.05-50-0 1 2495 39 18 32 226 0.2187 0.2181 309 226
280-1-1-0.05-50-0 1 2496 14 47 32 92 0.8451 0.9293 105 103
280-1-1-0.05-50-0 1 2496 37 24 18 254 0.8481 0.1940 127 254
280-1-1-0.05-50-0 1 2496 39 12 33 70 0.2187 0.1896 309 325
280-1-1-0.05-50-0 1 2496 10 27 200 83 0.2533 0.0776 449 149
280-1-1-0.05-50-0 1 2496 40 21 104 1 0.9739 0.4184 104 158
280-1-1-0.05-50-0 1 2497 10 27 210 83 0.2533 0.0776 449 149
280-1-1-0.05-50-0 1 2497 10 27 210 82 0.2533 0.0776 449 149
280-1-1-0.05-50-0 1 2497 39 50 36 147 0.2187 0.2147 309 147
280-1-1-0.05-50-0 1 2497 14 43 33 11 0.8451 0.8316 105 123
280-1-1-0.05-50-0 1 2497 14 41 33 105 0.8451 0.9621 105 105
280-1-1-0.05-50-0 1 2497 10 27 210 81 0.2533 0.0776 449 149
280-1-1-0.05-50-0 1 2497 41 11 104 1 0.9621 0.0504 105 384
280-1-1-0.05-50-0 1 2497 39 39 36 36 0.2187 0.2187 309 309
280-1-1-0.05-50-0 1 2497 16 12 15 68 0.2228 0.1896 149 325
280-1-1-0.05-50-0 1 2497 1 50 13 146 0.2520 0.2147 409 147
280-1-1-0.05-50-0 1 2497 10 27 210 80 0.2533 0.0776 449 149
280-1-1-0.05-50-0 1 2497 10 27 210 79 0.2533 0.0776 449 149
280-1-1-0.05-50-0 1 2498 10 27 212 79 0.2533 0.0776 449 149
280-1-1-0.05-50-0 1 2498 10 27 212 78 0.2533 0.0776 449 149
280-1-1-0.05-50-0 1 2498 37 24 18 254 0.8481 0.1940 127 254
280-1-1-0.05-50-0 1 2498 14 13 35 151 0.8451 0.8878 105 151
280-1-1-0.05-50-0 1 2499 10 27 212 73 0.2533 0.0776 449 149
280-1-1-0.05-50-0 1 2499 14 40 32 104 0.8451 0.9739 105 104
280-1-1-0.05-50-0 1 2499 10 27 212 72 0.2533 0.0776 449 149
280-1-1-0.05-50-0 1 2499 10 27 212 71 0.2533 0.0776 449 149
280-1-1-0.05-50-0 1 2499 10 27 212 70 0.2533 0.0776 449 149
280-1-1-0.05-50-0 1 2499 14 13 32 147 0.8451 0.8878 105 151
280-1-1-0.05-50-0 1 2499 40 6 103 1 0.9739 0.4266 104 249
280-1-1-0.05-50-0 1 2499 14 13 32 146 0.8451 0.8878 105 151
280-1-1-0.05-50-0 1 2499 14 47 32 97 0.8451 0.9293 105 103
280-1-1-0.05-50-0 1 2499 37 18 20 226 0.8481 0.2181 127 226
280-1-1-0.05-50-0 1 2500 10 27 221 70 0.2533 0.0776 449 149
280-1-1-0.05-50-0 1 2500 10 27 221 69 0.2533 0.0776 449 149
280-1-1-0.05-50-0 1 2500 37 24 21 254 0.8481 0.1940 127 254
280-1-1-0.05-50-0 1 2500 10 27 221 68 0.2533 0.0776 449 149
280-1-1-0.05-50-0 1 2500 40 29 104 1 0.9739 0.6728 104 177
280-1-1-0.05-50-0 1 2500 14 13 32 144 0.8451 0.8878 105 151
