282-0-1-0.05-50-0 0 2302 1 1 20 20 0.2520 0.2520 409 409
282-0-1-0.05-50-0 0 2302 23 4 20 4 0.1698 0.0723 476 351
282-0-1-0.05-50-0 0 2303 47 1 4 19 0.9293 0.2520 103 409
282-0-1-0.05-50-0 0 2303 48 47 1 4 0.1153 0.9293 334 103
282-0-1-0.05-50-0 0 2304 23 21 22 2 0.1698 0.4184 476 158
282-0-1-0.05-50-0 0 2304 22 37 18 9 0.0160 0.8481 311 127
282-0-1-0.05-50-0 0 2305 5 23 4 23 0.0007 0.1698 226 476
282-0-1-0.05-50-0 0 2305 32 31 2 7 0.6514 0.5626 215 252
282-0-1-0.05-50-0 0 2305 29 33 2 2 0.6728 0.6893 177 191
282-0-1-0.05-50-0 0 2306 37 49 10 13 0.8481 0.1842 127 136
282-0-1-0.05-50-0 0 2306 1 23 20 21 0.2520 0.1698 409 476
282-0-1-0.05-50-0 0 2307 7 31 5 7 0.9267 0.5626 106 252
282-0-1-0.05-50-0 0 2307 40 19 2 6 0.9739 0.8072 104 134
282-0-1-0.05-50-0 0 2308 7 19 6 7 0.9267 0.8072 106 134
282-0-1-0.05-50-0 0 2308 23 21 19 1 0.1698 0.4184 476 158
282-0-1-0.05-50-0 0 2308 37 29 10 2 0.8481 0.6728 127 177
282-0-1-0.05-50-0 0 2309 22 42 11 3 0.0160 0.7447 311 106
282-0-1-0.05-50-0 0 2309 16 47 6 4 0.2228 0.9293 149 103
282-0-1-0.05-50-0 0 2310 1 37 21 11 0.2520 0.8481 409 127
282-0-1-0.05-50-0 0 2310 22 19 11 6 0.0160 0.8072 311 134
282-0-1-0.05-50-0 0 2311 28 1 5 21 0.3846 0.2520 311 409
282-0-1-0.05-50-0 0 2311 37 7 10 7 0.8481 0.9267 127 106
282-0-1-0.05-50-0 0 2312 23 23 20 20 0.1698 0.1698 476 476
282-0-1-0.05-50-0 0 2312 23 29 19 1 0.1698 0.6728 476 177
282-0-1-0.05-50-0 0 2313 23 49 19 13 0.1698 0.1842 476 136
282-0-1-0.05-50-0 0 2313 37 31 11 5 0.8481 0.5626 127 252
282-0-1-0.05-50-0 0 2313 23 33 19 1 0.1698 0.6893 476 191
282-0-1-0.05-50-0 0 2314 5 4 4 5 0.0007 0.0723 226 351
282-0-1-0.05-50-0 0 2314 12 22 4 11 0.1896 0.0160 325 311
282-0-1-0.05-50-0 0 2315 1 23 18 16 0.2520 0.1698 409 476
282-0-1-0.05-50-0 0 2315 6 49 5 14 0.4266 0.1842 249 136
282-0-1-0.05-50-0 0 2316 22 1 10 16 0.0160 0.2520 311 409
282-0-1-0.05-50-0 0 2316 6 37 6 7 0.4266 0.8481 249 127
282-0-1-0.05-50-0 0 2317 37 7 6 5 0.8481 0.9267 127 106
282-0-1-0.05-50-0 0 2317 42 49 5 14 0.7447 0.1842 106 136
282-0-1-0.05-50-0 0 2318 31 31 6 6 0.5626 0.5626 252 252
282-0-1-0.05-50-0 0 2318 1 31 17 5 0.2520 0.5626 409 252
282-0-1-0.05-50-0 0 2319 23 49 12 11 0.1698 0.1842 476 136
282-0-1-0.05-50-0 0 2319 7 16 4 4 0.9267 0.2228 106 149
282-0-1-0.05-50-0 0 2320 30 22 3 11 0.6008 0.0160 266 311
282-0-1-0.05-50-0 0 2320 19 37 5 9 0.8072 0.8481 134 127
282-0-1-0.05-50-0 0 2321 23 7 12 4 0.1698 0.9267 476 106
282-0-1-0.05-50-0 0 2321 4 19 5 5 0.0723 0.8072 351 134
282-0-1-0.05-50-0 0 2322 23 1 13 16 0.1698 0.2520 476 409
282-0-1-0.05-50-0 0 2322 22 23 12 13 0.0160 0.1698 311 476
282-0-1-0.05-50-0 0 2323 1 1 16 16 0.2520 0.2520 409 409
282-0-1-0.05-50-0 0 2323 23 25 13 7 0.1698 0.9430 476 125
282-0-1-0.05-50-0 0 2324 1 18 16 4 0.2520 0.2181 409 226
282-0-1-0.05-50-0 0 2324 1 23 16 15 0.2520 0.1698 409 476
282-0-1-0.05-50-0 0 2325 23 8 14 1 0.1698 0.2506 476 303
282-0-1-0.05-50-0 0 2325 37 30 9 5 0.8481 0.6008 127 266
282-0-1-0.05-50-0 0 2326 42 47 6 3 0.7447 0.9293 106 103
282-0-1-0.05-50-0 0 2326 30 6 4 12 0.6008 0.4266 266 249
282-0-1-0.05-50-0 0 2327 30 37 4 9 0.6008 0.8481 266 127
282-0-1-0.05-50-0 0 2327 22 1 13 17 0.0160 0.2520 311 409
282-0-1-0.05-50-0 0 2328 25 11 8 2 0.9430 0.0504 125 384
282-0-1-0.05-50-0 0 2328 6 18 13 2 0.4266 0.2181 249 226
282-0-1-0.05-50-0 0 2329 40 49 3 12 0.9739 0.1842 104 136
282-0-1-0.05-50-0 0 2329 31 31 4 4 0.5626 0.5626 252 252
282-0-1-0.05-50-0 0 2330 40 1 3 19 0.9739 0.2520 104 409
282-0-1-0.05-50-0 0 2330 37 23 10 12 0.8481 0.1698 127 476
282-0-1-0.05-50-0 0 2331 6 31 15 3 0.4266 0.5626 249 252
282-0-1-0.05-50-0 0 2331 49 15 12 2 0.1842 0.7918 136 149
282-0-1-0.05-50-0 0 2332 9 25 1 9 0.6134 0.9430 161 125
282-0-1-0.05-50-0 0 2332 49 22 13 14 0.1842 0.0160 136 311
282-0-1-0.05-50-0 0 2333 23 28 12 4 0.1698 0.3846 476 311
282-0-1-0.05-50-0 0 2333 23 49 12 14 0.1698 0.1842 476 136
282-0-1-0.05-50-0 0 2334 28 37 3 11 0.3846 0.8481 311 127
282-0-1-0.05-50-0 0 2334 10 30 2 4 0.2533 0.6008 449 266
282-0-1-0.05-50-0 0 2335 22 22 18 18 0.0160 0.0160 311 311
282-0-1-0.05-50-0 0 2335 48 4 6 6 0.1153 0.0723 334 351
282-0-1-0.05-50-0 0 2336 1 2 17 1 0.2520 0.8198 409 167
282-0-1-0.05-50-0 0 2336 30 10 4 2 0.6008 0.2533 266 449
282-0-1-0.05-50-0 0 2336 30 23 4 12 0.6008 0.1698 266 476
282-0-1-0.05-50-0 0 2337 12 30 8 4 0.1896 0.6008 325 266
282-0-1-0.05-50-0 0 2337 42 28 5 3 0.7447 0.3846 106 311
282-0-1-0.05-50-0 0 2338 4 37 5 17 0.0723 0.8481 351 127
282-0-1-0.05-50-0 0 2338 23 28 11 2 0.1698 0.3846 476 311
282-0-1-0.05-50-0 0 2338 49 12 12 9 0.1842 0.1896 136 325
282-0-1-0.05-50-0 0 2339 5 50 1 3 0.0007 0.2147 226 147
282-0-1-0.05-50-0 0 2339 12 50 8 2 0.1896 0.2147 325 147
282-0-1-0.05-50-0 0 2339 25 6 8 14 0.9430 0.4266 125 249
282-0-1-0.05-50-0 0 2340 6 48 13 7 0.4266 0.1153 249 334
282-0-1-0.05-50-0 0 2340 40 1 1 19 0.9739 0.2520 104 409
282-0-1-0.05-50-0 0 2340 48 37 6 17 0.1153 0.8481 334 127
282-0-1-0.05-50-0 0 2341 49 37 15 16 0.1842 0.8481 136 127
282-0-1-0.05-50-0 0 2341 37 19 15 5 0.8481 0.8072 127 134
282-0-1-0.05-50-0 0 2341 42 23 8 13 0.7447 0.1698 106 476
282-0-1-0.05-50-0 0 2342 48 36 6 1 0.1153 0.8162 334 165
282-0-1-0.05-50-0 0 2342 43 28 2 2 0.8316 0.3846 123 311
282-0-1-0.05-50-0 0 2342 37 1 15 19 0.8481 0.2520 127 409
282-0-1-0.05-50-0 0 2343 8 6 1 14 0.2506 0.4266 303 249
282-0-1-0.05-50-0 0 2343 10 9 1 2 0.2533 0.6134 449 161
282-0-1-0.05-50-0 0 2343 22 23 17 12 0.0160 0.1698 311 476
282-0-1-0.05-50-0 0 2344 3 1 1 17 0.4813 0.2520 321 409
282-0-1-0.05-50-0 0 2344 22 49 18 13 0.0160 0.1842 311 136
282-0-1-0.05-50-0 0 2344 37 47 14 2 0.8481 0.9293 127 103
282-0-1-0.05-50-0 0 2345 7 6 3 14 0.9267 0.4266 106 249
282-0-1-0.05-50-0 0 2345 25 37 8 15 0.9430 0.8481 125 127
282-0-1-0.05-50-0 0 2346 41 12 3 7 0.9621 0.1896 105 325
282-0-1-0.05-50-0 0 2346 25 37 9 14 0.9430 0.8481 125 127
282-0-1-0.05-50-0 0 2347 37 49 13 13 0.8481 0.1842 127 136
282-0-1-0.05-50-0 0 2347 23 37 11 13 0.1698 0.8481 476 127
282-0-1-0.05-50-0 0 2347 37 49 12 12 0.8481 0.1842 127 136
282-0-1-0.05-50-0 0 2348 48 22 8 20 0.1153 0.0160 334 311
282-0-1-0.05-50-0 0 2348 42 19 8 4 0.7447 0.8072 106 134
282-0-1-0.05-50-0 0 2349 48 11 9 1 0.1153 0.0504 334 384
282-0-1-0.05-50-0 0 2349 7 31 2 2 0.9267 0.5626 106 252
282-0-1-0.05-50-0 0 2350 48 7 9 2 0.1153 0.9267 334 106
282-0-1-0.05-50-0 0 2350 25 37 12 11 0.9430 0.8481 125 127
282-0-1-0.05-50-0 0 2351 6 42 12 9 0.4266 0.7447 249 106
282-0-1-0.05-50-0 0 2351 6 7 12 1 0.4266 0.9267 249 106
282-0-1-0.05-50-0 0 2352 1 42 20 8 0.2520 0.7447 409 106
282-0-1-0.05-50-0 0 2352 12 48 6 8 0.1896 0.1153 325 334
282-0-1-0.05-50-0 0 2353 22 25 21 12 0.0160 0.9430 311 125
282-0-1-0.05-50-0 0 2353 1 37 20 11 0.2520 0.8481 409 127
282-0-1-0.05-50-0 0 2354 49 1 9 20 0.1842 0.2520 136 409
282-0-1-0.05-50-0 0 2354 6 43 13 3 0.4266 0.8316 249 123
282-0-1-0.05-50-0 0 2355 48 23 9 9 0.1153 0.1698 334 476
282-0-1-0.05-50-0 0 2355 6 1 12 21 0.4266 0.2520 249 409
282-0-1-0.05-50-0 0 2356 22 6 22 11 0.0160 0.4266 311 249
282-0-1-0.05-50-0 0 2356 6 9 10 1 0.4266 0.6134 249 161
282-0-1-0.05-50-0 0 2357 6 1 10 19 0.4266 0.2520 249 409
282-0-1-0.05-50-0 0 2357 25 1 8 18 0.9430 0.2520 125 409
282-0-1-0.05-50-0 0 2358 22 21 25 1 0.0160 0.4184 311 158
282-0-1-0.05-50-0 0 2358 25 23 8 8 0.9430 0.1698 125 476
282-0-1-0.05-50-0 0 2359 1 37 18 9 0.2520 0.8481 409 127
282-0-1-0.05-50-0 0 2359 6 25 10 8 0.4266 0.9430 249 125
282-0-1-0.05-50-0 0 2360 22 25 26 5 0.0160 0.9430 311 125
282-0-1-0.05-50-0 0 2360 24 22 1 26 0.1940 0.0160 254 311
282-0-1-0.05-50-0 0 2361 22 49 24 11 0.0160 0.1842 311 136
282-0-1-0.05-50-0 0 2361 31 4 2 6 0.5626 0.0723 252 351
282-0-1-0.05-50-0 0 2362 1 1 18 18 0.2520 0.2520 409 409
282-0-1-0.05-50-0 0 2362 1 25 17 4 0.2520 0.9430 409 125
282-0-1-0.05-50-0 0 2363 6 37 10 7 0.4266 0.8481 249 127
282-0-1-0.05-50-0 0 2363 1 48 18 7 0.2520 0.1153 409 334
282-0-1-0.05-50-0 0 2364 15 1 2 20 0.7918 0.2520 149 409
282-0-1-0.05-50-0 0 2364 18 49 3 11 0.2181 0.1842 226 136
282-0-1-0.05-50-0 0 2365 22 43 27 3 0.0160 0.8316 311 123
282-0-1-0.05-50-0 0 2365 6 11 10 1 0.4266 0.0504 249 384
282-0-1-0.05-50-0 0 2366 18 1 3 20 0.2181 0.2520 226 409
282-0-1-0.05-50-0 0 2366 49 22 9 28 0.1842 0.0160 136 311
282-0-1-0.05-50-0 0 2367 22 22 27 27 0.0160 0.0160 311 311
282-0-1-0.05-50-0 0 2367 22 49 26 11 0.0160 0.1842 311 136
282-0-1-0.05-50-0 0 2368 19 22 5 26 0.8072 0.0160 134 311
282-0-1-0.05-50-0 0 2368 23 37 7 5 0.1698 0.8481 476 127
282-0-1-0.05-50-0 0 2369 4 22 5 27 0.0723 0.0160 351 311
282-0-1-0.05-50-0 0 2369 6 22 10 26 0.4266 0.0160 249 311
282-0-1-0.05-50-0 0 2370 25 1 2 21 0.9430 0.2520 125 409
282-0-1-0.05-50-0 0 2370 1 6 20 10 0.2520 0.4266 409 249
282-0-1-0.05-50-0 0 2371 23 22 9 24 0.1698 0.0160 476 311
282-0-1-0.05-50-0 0 2371 8 1 1 19 0.2506 0.2520 303 409
282-0-1-0.05-50-0 0 2372 49 1 13 19 0.1842 0.2520 136 409
282-0-1-0.05-50-0 0 2372 41 24 4 5 0.9621 0.1940 105 254
282-0-1-0.05-50-0 0 2373 22 41 24 5 0.0160 0.9621 311 105
282-0-1-0.05-50-0 0 2373 18 49 5 14 0.2181 0.1842 226 136
282-0-1-0.05-50-0 0 2374 6 6 10 10 0.4266 0.4266 249 249
282-0-1-0.05-50-0 0 2374 24 1 4 21 0.1940 0.2520 254 409
282-0-1-0.05-50-0 0 2374 22 19 25 7 0.0160 0.8072 311 134
282-0-1-0.05-50-0 0 2375 49 22 15 25 0.1842 0.0160 136 311
282-0-1-0.05-50-0 0 2375 48 38 7 1 0.1153 0.6163 334 270
282-0-1-0.05-50-0 0 2376 1 49 21 18 0.2520 0.1842 409 136
282-0-1-0.05-50-0 0 2376 24 49 3 17 0.1940 0.1842 254 136
282-0-1-0.05-50-0 0 2376 6 1 9 21 0.4266 0.2520 249 409
282-0-1-0.05-50-0 0 2377 48 1 7 18 0.1153 0.2520 334 409
282-0-1-0.05-50-0 0 2377 18 1 5 17 0.2181 0.2520 226 409
282-0-1-0.05-50-0 0 2378 23 22 14 27 0.1698 0.0160 476 311
282-0-1-0.05-50-0 0 2378 1 22 15 26 0.2520 0.0160 409 311
282-0-1-0.05-50-0 0 2379 48 41 8 4 0.1153 0.9621 334 105
282-0-1-0.05-50-0 0 2379 49 23 13 15 0.1842 0.1698 136 476
282-0-1-0.05-50-0 0 2379 1 18 16 5 0.2520 0.2181 409 226
282-0-1-0.05-50-0 0 2380 15 1 4 18 0.7918 0.2520 149 409
282-0-1-0.05-50-0 0 2380 23 29 14 3 0.1698 0.6728 476 177
282-0-1-0.05-50-0 0 2380 4 6 6 12 0.0723 0.4266 351 249
282-0-1-0.05-50-0 0 2381 42 1 6 17 0.7447 0.2520 106 409
282-0-1-0.05-50-0 0 2381 1 10 16 1 0.2520 0.2533 409 449
282-0-1-0.05-50-0 0 2381 30 1 2 16 0.6008 0.2520 266 409
282-0-1-0.05-50-0 0 2382 42 32 7 2 0.7447 0.6514 106 215
282-0-1-0.05-50-0 0 2382 24 22 3 31 0.1940 0.0160 254 311
282-0-1-0.05-50-0 0 2382 31 4 1 6 0.5626 0.0723 252 351
282-0-1-0.05-50-0 0 2383 48 42 9 7 0.1153 0.7447 334 106
282-0-1-0.05-50-0 0 2383 28 15 1 5 0.3846 0.7918 311 149
282-0-1-0.05-50-0 0 2383 22 25 34 2 0.0160 0.9430 311 125
282-0-1-0.05-50-0 0 2384 22 35 35 4 0.0160 0.0354 311 158
282-0-1-0.05-50-0 0 2384 30 4 2 4 0.6008 0.0723 266 351
282-0-1-0.05-50-0 0 2384 1 23 15 15 0.2520 0.1698 409 476
282-0-1-0.05-50-0 0 2385 22 1 35 15 0.0160 0.2520 311 409
282-0-1-0.05-50-0 0 2385 15 19 3 4 0.7918 0.8072 149 134
282-0-1-0.05-50-0 0 2385 48 23 8 14 0.1153 0.1698 334 476
282-0-1-0.05-50-0 0 2386 22 22 34 34 0.0160 0.0160 311 311
282-0-1-0.05-50-0 0 2386 22 41 33 3 0.0160 0.9621 311 105
282-0-1-0.05-50-0 0 2386 4 48 4 9 0.0723 0.1153 351 334
282-0-1-0.05-50-0 0 2387 43 22 4 34 0.8316 0.0160 123 311
282-0-1-0.05-50-0 0 2387 49 42 16 7 0.1842 0.7447 136 106
282-0-1-0.05-50-0 0 2388 15 32 3 2 0.7918 0.6514 149 215
282-0-1-0.05-50-0 0 2388 22 6 35 9 0.0160 0.4266 311 249
282-0-1-0.05-50-0 0 2388 42 19 7 3 0.7447 0.8072 106 134
282-0-1-0.05-50-0 0 2389 1 42 13 7 0.2520 0.7447 409 106
282-0-1-0.05-50-0 0 2389 23 1 10 13 0.1698 0.2520 476 409
282-0-1-0.05-50-0 0 2389 19 23 2 10 0.8072 0.1698 134 476
282-0-1-0.05-50-0 0 2390 22 1 37 11 0.0160 0.2520 311 409
282-0-1-0.05-50-0 0 2390 49 1 17 10 0.1842 0.2520 136 409
282-0-1-0.05-50-0 0 2391 42 49 6 16 0.7447 0.1842 106 136
282-0-1-0.05-50-0 0 2391 22 49 39 15 0.0160 0.1842 311 136
282-0-1-0.05-50-0 0 2392 22 31 38 1 0.0160 0.5626 311 252
282-0-1-0.05-50-0 0 2392 28 1 2 8 0.3846 0.2520 311 409
282-0-1-0.05-50-0 0 2393 42 22 6 39 0.7447 0.0160 106 311
282-0-1-0.05-50-0 0 2393 18 22 10 38 0.2181 0.0160 226 311
282-0-1-0.05-50-0 0 2393 24 1 3 7 0.1940 0.2520 254 409
282-0-1-0.05-50-0 0 2394 18 27 10 2 0.2181 0.0776 226 149
282-0-1-0.05-50-0 0 2394 4 48 6 9 0.0723 0.1153 351 334
282-0-1-0.05-50-0 0 2395 22 22 37 37 0.0160 0.0160 311 311
282-0-1-0.05-50-0 0 2395 18 22 9 36 0.2181 0.0160 226 311
282-0-1-0.05-50-0 0 2395 49 37 19 2 0.1842 0.8481 136 127
282-0-1-0.05-50-0 0 2396 22 12 34 4 0.0160 0.1896 311 325
282-0-1-0.05-50-0 0 2396 48 22 8 34 0.1153 0.0160 334 311
282-0-1-0.05-50-0 0 2396 15 43 4 2 0.7918 0.8316 149 123
282-0-1-0.05-50-0 0 2397 30 22 5 34 0.6008 0.0160 266 311
282-0-1-0.05-50-0 0 2397 33 35 1 4 0.6893 0.0354 191 158
282-0-1-0.05-50-0 0 2397 22 49 33 20 0.0160 0.1842 311 136
282-0-1-0.05-50-0 0 2398 22 35 33 4 0.0160 0.0354 311 158
282-0-1-0.05-50-0 0 2398 23 37 9 1 0.1698 0.8481 476 127
282-0-1-0.05-50-0 0 2398 49 22 19 33 0.1842 0.0160 136 311
282-0-1-0.05-50-0 0 2399 23 1 8 8 0.1698 0.2520 476 409
282-0-1-0.05-50-0 0 2399 49 22 20 35 0.1842 0.0160 136 311
282-0-1-0.05-50-0 0 2399 49 18 20 7 0.1842 0.2181 136 226
282-0-1-0.05-50-0 0 2400 49 43 21 1 0.1842 0.8316 136 123
282-0-1-0.05-50-0 0 2400 49 23 21 9 0.1842 0.1698 136 476
282-0-1-0.05-50-0 0 2400 6 6 11 11 0.4266 0.4266 249 249
282-0-1-0.05-50-0 0 2401 1 4 8 7 0.2520 0.0723 409 351
282-0-1-0.05-50-0 0 2401 22 42 34 9 0.0160 0.7447 311 106
282-0-1-0.05-50-0 0 2401 12 22 2 34 0.1896 0.0160 325 311
282-0-1-0.05-50-0 0 2402 49 18 22 7 0.1842 0.2181 136 226
282-0-1-0.05-50-0 0 2402 21 48 2 9 0.4184 0.1153 158 334
282-0-1-0.05-50-0 0 2402 1 44 8 1 0.2520 0.7034 409 118
282-0-1-0.05-50-0 0 2403 24 23 6 8 0.1940 0.1698 254 476
282-0-1-0.05-50-0 0 2403 23 22 7 35 0.1698 0.0160 476 311
282-0-1-0.05-50-0 0 2403 48 24 9 6 0.1153 0.1940 334 254
282-0-1-0.05-50-0 0 2404 23 23 7 7 0.1698 0.1698 476 476
282-0-1-0.05-50-0 0 2404 29 31 2 1 0.6728 0.5626 177 252
282-0-1-0.05-50-0 0 2404 22 42 33 8 0.0160 0.7447 311 106
282-0-1-0.05-50-0 0 2405 4 19 6 1 0.0723 0.8072 351 134
282-0-1-0.05-50-0 0 2405 22 38 34 4 0.0160 0.6163 311 270
282-0-1-0.05-50-0 0 2405 22 22 34 34 0.0160 0.0160 311 311
282-0-1-0.05-50-0 0 2406 10 22 1 33 0.2533 0.0160 449 311
282-0-1-0.05-50-0 0 2406 22 25 32 1 0.0160 0.9430 311 125
282-0-1-0.05-50-0 0 2406 6 48 7 8 0.4266 0.1153 249 334
282-0-1-0.05-50-0 0 2407 23 18 6 10 0.1698 0.2181 476 226
282-0-1-0.05-50-0 0 2407 22 1 32 10 0.0160 0.2520 311 409
282-0-1-0.05-50-0 0 2407 49 22 28 32 0.1842 0.0160 136 311
282-0-1-0.05-50-0 0 2408 49 49 28 28 0.1842 0.1842 136 136
282-0-1-0.05-50-0 0 2408 30 49 2 27 0.6008 0.1842 266 136
282-0-1-0.05-50-0 0 2408 22 21 31 3 0.0160 0.4184 311 158
282-0-1-0.05-50-0 0 2409 15 22 7 32 0.7918 0.0160 149 311
282-0-1-0.05-50-0 0 2409 4 23 4 9 0.0723 0.1698 351 476
282-0-1-0.05-50-0 0 2409 22 15 31 7 0.0160 0.7918 311 149
282-0-1-0.05-50-0 0 2410 49 33 29 2 0.1842 0.6893 136 191
282-0-1-0.05-50-0 0 2410 1 45 11 3 0.2520 0.3816 409 173
282-0-1-0.05-50-0 0 2410 23 15 8 6 0.1698 0.7918 476 149
282-0-1-0.05-50-0 0 2411 29 30 2 2 0.6728 0.6008 177 266
282-0-1-0.05-50-0 0 2411 28 45 3 2 0.3846 0.3816 311 173
282-0-1-0.05-50-0 0 2412 49 22 31 30 0.1842 0.0160 136 311
282-0-1-0.05-50-0 0 2412 1 6 11 10 0.2520 0.4266 409 249
282-0-1-0.05-50-0 0 2412 1 26 11 1 0.2520 0.8171 409 141
282-0-1-0.05-50-0 0 2413 49 1 31 12 0.1842 0.2520 136 409
282-0-1-0.05-50-0 0 2413 6 22 9 31 0.4266 0.0160 249 311
282-0-1-0.05-50-0 0 2413 1 22 11 30 0.2520 0.0160 409 311
282-0-1-0.05-50-0 0 2414 48 49 6 33 0.1153 0.1842 334 136
282-0-1-0.05-50-0 0 2414 28 6 4 9 0.3846 0.4266 311 249
282-0-1-0.05-50-0 0 2415 22 23 31 8 0.0160 0.1698 311 476
282-0-1-0.05-50-0 0 2415 48 1 7 11 0.1153 0.2520 334 409
282-0-1-0.05-50-0 0 2415 23 42 7 7 0.1698 0.7447 476 106
282-0-1-0.05-50-0 0 2416 24 1 8 11 0.1940 0.2520 254 409
282-0-1-0.05-50-0 0 2416 29 18 2 7 0.6728 0.2181 177 226
282-0-1-0.05-50-0 0 2416 45 15 2 4 0.3816 0.7918 173 149
282-0-1-0.05-50-0 0 2417 23 27 6 2 0.1698 0.0776 476 149
282-0-1-0.05-50-0 0 2417 49 22 33 33 0.1842 0.0160 136 311
282-0-1-0.05-50-0 0 2417 22 9 32 6 0.0160 0.6134 311 161
282-0-1-0.05-50-0 0 2418 15 49 3 34 0.7918 0.1842 149 136
282-0-1-0.05-50-0 0 2418 1 18 9 7 0.2520 0.2181 409 226
282-0-1-0.05-50-0 0 2418 48 48 7 7 0.1153 0.1153 334 334
282-0-1-0.05-50-0 0 2419 22 24 32 8 0.0160 0.1940 311 254
282-0-1-0.05-50-0 0 2419 49 42 33 5 0.1842 0.7447 136 106
282-0-1-0.05-50-0 0 2419 49 23 33 7 0.1842 0.1698 136 476
282-0-1-0.05-50-0 0 2420 35 24 2 7 0.0354 0.1940 158 254
282-0-1-0.05-50-0 0 2420 22 9 31 5 0.0160 0.6134 311 161
282-0-1-0.05-50-0 0 2420 22 22 31 31 0.0160 0.0160 311 311
282-0-1-0.05-50-0 0 2421 49 15 33 3 0.1842 0.7918 136 149
282-0-1-0.05-50-0 0 2421 22 22 30 30 0.0160 0.0160 311 311
282-0-1-0.05-50-0 0 2422 22 7 28 2 0.0160 0.9267 311 106
282-0-1-0.05-50-0 0 2422 23 49 7 34 0.1698 0.1842 476 136
282-0-1-0.05-50-0 0 2422 28 17 9 3 0.3846 0.6398 311 197
282-0-1-0.05-50-0 0 2423 49 8 35 1 0.1842 0.2506 136 303
282-0-1-0.05-50-0 0 2423 6 21 8 2 0.4266 0.4184 249 158
282-0-1-0.05-50-0 0 2423 22 48 30 6 0.0160 0.1153 311 334
282-0-1-0.05-50-0 0 2424 49 23 39 11 0.1842 0.1698 136 476
282-0-1-0.05-50-0 0 2424 18 4 7 7 0.2181 0.0723 226 351
282-0-1-0.05-50-0 0 2424 24 22 6 31 0.1940 0.0160 254 311
282-0-1-0.05-50-0 0 2425 22 49 30 39 0.0160 0.1842 311 136
282-0-1-0.05-50-0 0 2425 23 18 10 7 0.1698 0.2181 476 226
282-0-1-0.05-50-0 0 2425 48 28 3 8 0.1153 0.3846 334 311
282-0-1-0.05-50-0 0 2426 50 31 2 1 0.2147 0.5626 147 252
282-0-1-0.05-50-0 0 2426 50 22 2 30 0.2147 0.0160 147 311
282-0-1-0.05-50-0 0 2426 49 49 37 37 0.1842 0.1842 136 136
282-0-1-0.05-50-0 0 2427 24 35 7 2 0.1940 0.0354 254 158
282-0-1-0.05-50-0 0 2427 49 4 36 6 0.1842 0.0723 136 351
282-0-1-0.05-50-0 0 2427 22 35 31 1 0.0160 0.0354 311 158
282-0-1-0.05-50-0 0 2428 28 24 6 7 0.3846 0.1940 311 254
282-0-1-0.05-50-0 0 2428 5 6 1 6 0.0007 0.4266 226 249
282-0-1-0.05-50-0 0 2429 23 49 11 35 0.1698 0.1842 476 136
282-0-1-0.05-50-0 0 2429 5 17 1 3 0.0007 0.6398 226 197
282-0-1-0.05-50-0 0 2429 8 49 1 34 0.2506 0.1842 303 136
282-0-1-0.05-50-0 0 2430 28 49 6 34 0.3846 0.1842 311 136
282-0-1-0.05-50-0 0 2430 42 48 7 5 0.7447 0.1153 106 334
282-0-1-0.05-50-0 0 2430 5 33 1 2 0.0007 0.6893 226 191
282-0-1-0.05-50-0 0 2431 22 49 30 32 0.0160 0.1842 311 136
282-0-1-0.05-50-0 0 2431 49 15 31 4 0.1842 0.7918 136 149
282-0-1-0.05-50-0 0 2431 18 49 8 31 0.2181 0.1842 226 136
282-0-1-0.05-50-0 0 2432 29 4 3 6 0.6728 0.0723 177 351
282-0-1-0.05-50-0 0 2432 24 42 6 8 0.1940 0.7447 254 106
282-0-1-0.05-50-0 0 2433 13 22 1 26 0.8878 0.0160 151 311
282-0-1-0.05-50-0 0 2433 5 49 1 30 0.0007 0.1842 226 136
282-0-1-0.05-50-0 0 2434 15 9 3 4 0.7918 0.6134 149 161
282-0-1-0.05-50-0 0 2434 28 22 8 25 0.3846 0.0160 311 311
282-0-1-0.05-50-0 0 2435 49 24 27 7 0.1842 0.1940 136 254
282-0-1-0.05-50-0 0 2435 48 49 5 27 0.1153 0.1842 334 136
282-0-1-0.05-50-0 0 2436 15 22 4 24 0.7918 0.0160 149 311
282-0-1-0.05-50-0 0 2436 49 18 26 9 0.1842 0.2181 136 226
282-0-1-0.05-50-0 0 2437 22 33 23 2 0.0160 0.6893 311 191
282-0-1-0.05-50-0 0 2437 22 18 23 8 0.0160 0.2181 311 226
282-0-1-0.05-50-0 0 2438 49 45 26 4 0.1842 0.3816 136 173
282-0-1-0.05-50-0 0 2438 15 18 4 8 0.7918 0.2181 149 226
282-0-1-0.05-50-0 0 2439 23 4 12 5 0.1698 0.0723 476 351
282-0-1-0.05-50-0 0 2439 49 39 26 2 0.1842 0.2187 136 309
282-0-1-0.05-50-0 0 2440 22 18 23 8 0.0160 0.2181 311 226
282-0-1-0.05-50-0 0 2440 49 6 26 4 0.1842 0.4266 136 249
282-0-1-0.05-50-0 0 2441 10 24 3 7 0.2533 0.1940 449 254
282-0-1-0.05-50-0 0 2441 22 10 23 3 0.0160 0.2533 311 449
282-0-1-0.05-50-0 0 2442 22 42 25 8 0.0160 0.7447 311 106
282-0-1-0.05-50-0 0 2442 49 24 27 6 0.1842 0.1940 136 254
282-0-1-0.05-50-0 0 2442 29 23 4 15 0.6728 0.1698 177 476
282-0-1-0.05-50-0 0 2443 22 49 20 29 0.0160 0.1842 311 136
282-0-1-0.05-50-0 0 2443 22 29 20 5 0.0160 0.6728 311 177
282-0-1-0.05-50-0 0 2443 49 1 28 10 0.1842 0.2520 136 409
282-0-1-0.05-50-0 0 2444 49 5 28 3 0.1842 0.0007 136 226
282-0-1-0.05-50-0 0 2444 4 23 4 15 0.0723 0.1698 351 476
282-0-1-0.05-50-0 0 2444 48 22 6 21 0.1153 0.0160 334 311
282-0-1-0.05-50-0 0 2445 49 42 28 6 0.1842 0.7447 136 106
282-0-1-0.05-50-0 0 2445 23 49 12 28 0.1698 0.1842 476 136
282-0-1-0.05-50-0 0 2446 49 9 28 5 0.1842 0.6134 136 161
282-0-1-0.05-50-0 0 2446 18 22 9 21 0.2181 0.0160 226 311
282-0-1-0.05-50-0 0 2446 23 4 14 4 0.1698 0.0723 476 351
282-0-1-0.05-50-0 0 2447 49 45 28 4 0.1842 0.3816 136 173
282-0-1-0.05-50-0 0 2447 5 23 2 14 0.0007 0.1698 226 476
282-0-1-0.05-50-0 0 2447 49 18 28 10 0.1842 0.2181 136 226
282-0-1-0.05-50-0 0 2448 8 22 2 23 0.2506 0.0160 303 311
282-0-1-0.05-50-0 0 2448 49 49 26 26 0.1842 0.1842 136 136
282-0-1-0.05-50-0 0 2448 11 22 1 22 0.0504 0.0160 384 311
282-0-1-0.05-50-0 0 2449 33 24 2 4 0.6893 0.1940 191 254
282-0-1-0.05-50-0 0 2449 29 18 5 8 0.6728 0.2181 177 226
282-0-1-0.05-50-0 0 2449 48 18 9 7 0.1153 0.2181 334 226
282-0-1-0.05-50-0 0 2450 39 28 1 9 0.2187 0.3846 309 311
282-0-1-0.05-50-0 0 2450 28 23 8 14 0.3846 0.1698 311 476
282-0-1-0.05-50-0 0 2450 49 10 25 2 0.1842 0.2533 136 449
282-0-1-0.05-50-0 0 2451 42 22 6 24 0.7447 0.0160 106 311
282-0-1-0.05-50-0 0 2451 6 49 3 24 0.4266 0.1842 249 136
282-0-1-0.05-50-0 0 2452 28 33 8 3 0.3846 0.6893 311 191
282-0-1-0.05-50-0 0 2452 15 17 10 2 0.7918 0.6398 149 197
282-0-1-0.05-50-0 0 2453 33 45 3 3 0.6893 0.3816 191 173
282-0-1-0.05-50-0 0 2453 6 29 3 8 0.4266 0.6728 249 177
282-0-1-0.05-50-0 0 2454 4 49 4 22 0.0723 0.1842 351 136
282-0-1-0.05-50-0 0 2454 22 47 23 2 0.0160 0.9293 311 103
282-0-1-0.05-50-0 0 2455 28 48 8 9 0.3846 0.1153 311 334
282-0-1-0.05-50-0 0 2455 42 37 6 2 0.7447 0.8481 106 127
282-0-1-0.05-50-0 0 2456 22 49 21 22 0.0160 0.1842 311 136
282-0-1-0.05-50-0 0 2456 15 22 9 21 0.7918 0.0160 149 311
282-0-1-0.05-50-0 0 2457 9 15 2 9 0.6134 0.7918 161 149
282-0-1-0.05-50-0 0 2457 23 22 15 20 0.1698 0.0160 476 311
282-0-1-0.05-50-0 0 2458 49 23 22 15 0.1842 0.1698 136 476
282-0-1-0.05-50-0 0 2458 8 1 2 5 0.2506 0.2520 303 409
282-0-1-0.05-50-0 0 2459 49 15 23 9 0.1842 0.7918 136 149
282-0-1-0.05-50-0 0 2459 49 48 23 6 0.1842 0.1153 136 334
282-0-1-0.05-50-0 0 2460 49 22 23 20 0.1842 0.0160 136 311
282-0-1-0.05-50-0 0 2460 49 14 23 1 0.1842 0.8451 136 105
282-0-1-0.05-50-0 0 2461 48 28 4 11 0.1153 0.3846 334 311
282-0-1-0.05-50-0 0 2461 22 42 17 7 0.0160 0.7447 311 106
282-0-1-0.05-50-0 0 2462 49 10 24 3 0.1842 0.2533 136 449
282-0-1-0.05-50-0 0 2462 49 28 24 11 0.1842 0.3846 136 311
282-0-1-0.05-50-0 0 2463 49 22 25 16 0.1842 0.0160 136 311
282-0-1-0.05-50-0 0 2463 23 9 14 2 0.1698 0.6134 476 161
282-0-1-0.05-50-0 0 2464 48 28 4 13 0.1153 0.3846 334 311
282-0-1-0.05-50-0 0 2464 48 28 4 12 0.1153 0.3846 334 311
282-0-1-0.05-50-0 0 2465 49 8 25 2 0.1842 0.2506 136 303
282-0-1-0.05-50-0 0 2465 18 23 7 14 0.2181 0.1698 226 476
282-0-1-0.05-50-0 0 2466 6 42 3 8 0.4266 0.7447 249 106
282-0-1-0.05-50-0 0 2466 11 49 5 25 0.0504 0.1842 384 136
282-0-1-0.05-50-0 0 2467 49 10 24 2 0.1842 0.2533 136 449
282-0-1-0.05-50-0 0 2467 49 18 24 7 0.1842 0.2181 136 226
282-0-1-0.05-50-0 0 2468 45 18 2 5 0.3816 0.2181 173 226
282-0-1-0.05-50-0 0 2468 23 4 14 3 0.1698 0.0723 476 351
282-0-1-0.05-50-0 0 2469 28 49 9 24 0.3846 0.1842 311 136
282-0-1-0.05-50-0 0 2469 34 23 2 15 0.7448 0.1698 168 476
282-0-1-0.05-50-0 0 2470 22 49 16 22 0.0160 0.1842 311 136
282-0-1-0.05-50-0 0 2470 11 34 4 2 0.0504 0.7448 384 168
282-0-1-0.05-50-0 0 2471 49 15 20 6 0.1842 0.7918 136 149
282-0-1-0.05-50-0 0 2471 37 15 2 5 0.8481 0.7918 127 149
282-0-1-0.05-50-0 0 2472 28 15 12 5 0.3846 0.7918 311 149
282-0-1-0.05-50-0 0 2472 42 28 11 12 0.7447 0.3846 106 311
282-0-1-0.05-50-0 0 2473 23 23 13 13 0.1698 0.1698 476 476
282-0-1-0.05-50-0 0 2473 22 33 15 2 0.0160 0.6893 311 191
282-0-1-0.05-50-0 0 2474 23 28 14 12 0.1698 0.3846 476 311
282-0-1-0.05-50-0 0 2474 23 42 14 11 0.1698 0.7447 476 106
282-0-1-0.05-50-0 0 2475 22 22 15 15 0.0160 0.0160 311 311
282-0-1-0.05-50-0 0 2475 42 42 10 10 0.7447 0.7447 106 106
282-0-1-0.05-50-0 0 2476 48 1 3 4 0.1153 0.2520 334 409
282-0-1-0.05-50-0 0 2476 42 28 9 11 0.7447 0.3846 106 311
282-0-1-0.05-50-0 0 2477 42 33 9 1 0.7447 0.6893 106 191
282-0-1-0.05-50-0 0 2477 23 42 14 9 0.1698 0.7447 476 106
282-0-1-0.05-50-0 0 2478 47 24 2 1 0.9293 0.1940 103 254
282-0-1-0.05-50-0 0 2478 34 49 1 19 0.7448 0.1842 168 136
282-0-1-0.05-50-0 0 2479 16 49 1 18 0.2228 0.1842 149 136
282-0-1-0.05-50-0 0 2479 6 28 5 9 0.4266 0.3846 249 311
282-0-1-0.05-50-0 0 2480 22 22 13 13 0.0160 0.0160 311 311
282-0-1-0.05-50-0 0 2480 49 28 15 8 0.1842 0.3846 136 311
282-0-1-0.05-50-0 0 2481 28 11 7 6 0.3846 0.0504 311 384
282-0-1-0.05-50-0 0 2481 49 6 14 5 0.1842 0.4266 136 249
282-0-1-0.05-50-0 0 2482 11 5 6 2 0.0504 0.0007 384 226
282-0-1-0.05-50-0 0 2482 42 49 9 14 0.7447 0.1842 106 136
282-0-1-0.05-50-0 0 2483 34 34 3 3 0.7448 0.7448 168 168
282-0-1-0.05-50-0 0 2483 49 22 13 13 0.1842 0.0160 136 311
282-0-1-0.05-50-0 0 2484 22 42 12 9 0.0160 0.7447 311 106
282-0-1-0.05-50-0 0 2484 22 49 12 11 0.0160 0.1842 311 136
282-0-1-0.05-50-0 0 2485 42 39 8 2 0.7447 0.2187 106 309
282-0-1-0.05-50-0 0 2486 5 37 2 3 0.0007 0.8481 226 127
282-0-1-0.05-50-0 0 2487 1 16 4 1 0.2520 0.2228 409 149
282-0-1-0.05-50-0 0 2487 37 18 3 4 0.8481 0.2181 127 226
282-0-1-0.05-50-0 0 2488 32 22 1 16 0.6514 0.0160 215 311
282-0-1-0.05-50-0 0 2489 18 28 3 7 0.2181 0.3846 226 311
282-0-1-0.05-50-0 0 2490 22 28 15 6 0.0160 0.3846 311 311
282-0-1-0.05-50-0 0 2490 5 18 2 3 0.0007 0.2181 226 226
282-0-1-0.05-50-0 0 2491 42 43 7 1 0.7447 0.8316 106 123
282-0-1-0.05-50-0 0 2491 23 6 11 3 0.1698 0.4266 476 249
282-0-1-0.05-50-0 0 2492 32 1 2 5 0.6514 0.2520 215 409
282-0-1-0.05-50-0 0 2492 28 11 5 7 0.3846 0.0504 311 384
282-0-1-0.05-50-0 0 2493 29 22 7 15 0.6728 0.0160 177 311
282-0-1-0.05-50-0 0 2493 42 22 7 14 0.7447 0.0160 106 311
282-0-1-0.05-50-0 0 2494 11 47 6 5 0.0504 0.9293 384 103
282-0-1-0.05-50-0 0 2494 29 42 7 8 0.6728 0.7447 177 106
282-0-1-0.05-50-0 0 2495 28 42 5 6 0.3846 0.7447 311 106
282-0-1-0.05-50-0 0 2495 49 1 15 3 0.1842 0.2520 136 409
282-0-1-0.05-50-0 0 2496 23 35 13 2 0.1698 0.0354 476 158
282-0-1-0.05-50-0 0 2496 2 49 5 18 0.8198 0.1842 167 136
282-0-1-0.05-50-0 0 2497 28 18 5 3 0.3846 0.2181 311 226
282-0-1-0.05-50-0 0 2497 23 29 13 8 0.1698 0.6728 476 177
282-0-1-0.05-50-0 0 2498 2 29 6 8 0.8198 0.6728 167 177
282-0-1-0.05-50-0 0 2498 28 29 5 7 0.3846 0.6728 311 177
282-0-1-0.05-50-0 0 2499 23 49 12 17 0.1698 0.1842 476 136
282-0-1-0.05-50-0 0 2499 37 15 7 1 0.8481 0.7918 127 149
282-0-1-0.05-50-0 0 2500 28 23 5 12 0.3846 0.1698 311 476
282-0-1-0.05-50-0 0 2500 22 29 16 6 0.0160 0.6728 311 177
