296-0-1-0.05-50-0 0 2302 31 18 2 12 0.5626 0.2181 252 226
296-0-1-0.05-50-0 0 2302 33 34 8 8 0.6893 0.7448 191 168
296-0-1-0.05-50-0 0 2303 25 48 3 16 0.9430 0.1153 125 334
296-0-1-0.05-50-0 0 2303 48 28 15 7 0.1153 0.3846 334 311
296-0-1-0.05-50-0 0 2304 18 17 10 5 0.2181 0.6398 226 197
296-0-1-0.05-50-0 0 2304 6 31 14 3 0.4266 0.5626 249 252
296-0-1-0.05-50-0 0 2304 5 23 5 12 0.0007 0.1698 226 476
296-0-1-0.05-50-0 0 2305 17 23 4 11 0.6398 0.1698 197 476
296-0-1-0.05-50-0 0 2305 8 11 22 1 0.2506 0.0504 303 384
296-0-1-0.05-50-0 0 2305 42 10 2 2 0.7447 0.2533 106 449
296-0-1-0.05-50-0 0 2306 19 33 5 10 0.8072 0.6893 134 191
296-0-1-0.05-50-0 0 2306 17 10 4 1 0.6398 0.2533 197 449
296-0-1-0.05-50-0 0 2306 8 6 22 14 0.2506 0.4266 303 249
296-0-1-0.05-50-0 0 2307 8 28 21 8 0.2506 0.3846 303 311
296-0-1-0.05-50-0 0 2307 49 23 2 10 0.1842 0.1698 136 476
296-0-1-0.05-50-0 0 2307 46 28 1 7 0.3451 0.3846 327 311
296-0-1-0.05-50-0 0 2308 32 48 5 15 0.6514 0.1153 215 334
296-0-1-0.05-50-0 0 2308 49 18 3 13 0.1842 0.2181 136 226
296-0-1-0.05-50-0 0 2308 47 34 4 11 0.9293 0.7448 103 168
296-0-1-0.05-50-0 0 2309 5 23 4 9 0.0007 0.1698 226 476
296-0-1-0.05-50-0 0 2309 28 18 7 13 0.3846 0.2181 311 226
296-0-1-0.05-50-0 0 2309 39 17 5 3 0.2187 0.6398 309 197
296-0-1-0.05-50-0 0 2310 8 33 18 7 0.2506 0.6893 303 191
296-0-1-0.05-50-0 0 2310 8 16 18 4 0.2506 0.2228 303 149
296-0-1-0.05-50-0 0 2311 28 18 7 13 0.3846 0.2181 311 226
296-0-1-0.05-50-0 0 2311 49 48 3 13 0.1842 0.1153 136 334
296-0-1-0.05-50-0 0 2312 12 39 3 6 0.1896 0.2187 325 309
296-0-1-0.05-50-0 0 2312 28 28 8 8 0.3846 0.3846 311 311
296-0-1-0.05-50-0 0 2313 18 47 13 6 0.2181 0.9293 226 103
296-0-1-0.05-50-0 0 2313 23 18 7 13 0.1698 0.2181 476 226
296-0-1-0.05-50-0 0 2314 25 49 2 4 0.9430 0.1842 125 136
296-0-1-0.05-50-0 0 2314 24 31 4 3 0.1940 0.5626 254 252
296-0-1-0.05-50-0 0 2315 6 34 11 9 0.4266 0.7448 249 168
296-0-1-0.05-50-0 0 2315 8 28 19 6 0.2506 0.3846 303 311
296-0-1-0.05-50-0 0 2316 8 42 20 4 0.2506 0.7447 303 106
296-0-1-0.05-50-0 0 2316 28 23 3 8 0.3846 0.1698 311 476
296-0-1-0.05-50-0 0 2317 12 47 5 6 0.1896 0.9293 325 103
296-0-1-0.05-50-0 0 2317 34 31 8 2 0.7448 0.5626 168 252
296-0-1-0.05-50-0 0 2318 34 8 7 19 0.7448 0.2506 168 303
296-0-1-0.05-50-0 0 2318 48 13 16 4 0.1153 0.8878 334 151
296-0-1-0.05-50-0 0 2319 49 34 3 7 0.1842 0.7448 136 168
296-0-1-0.05-50-0 0 2319 24 48 6 16 0.1940 0.1153 254 334
296-0-1-0.05-50-0 0 2320 24 18 7 13 0.1940 0.2181 254 226
296-0-1-0.05-50-0 0 2320 6 48 11 14 0.4266 0.1153 249 334
296-0-1-0.05-50-0 0 2321 12 48 5 15 0.1896 0.1153 325 334
296-0-1-0.05-50-0 0 2321 18 23 11 5 0.2181 0.1698 226 476
296-0-1-0.05-50-0 0 2321 44 8 2 20 0.7034 0.2506 118 303
296-0-1-0.05-50-0 0 2322 24 48 7 16 0.1940 0.1153 254 334
296-0-1-0.05-50-0 0 2322 48 38 15 2 0.1153 0.6163 334 270
296-0-1-0.05-50-0 0 2323 34 44 6 2 0.7448 0.7034 168 118
296-0-1-0.05-50-0 0 2323 8 6 21 7 0.2506 0.4266 303 249
296-0-1-0.05-50-0 0 2324 24 8 6 22 0.1940 0.2506 254 303
296-0-1-0.05-50-0 0 2324 16 8 3 21 0.2228 0.2506 149 303
296-0-1-0.05-50-0 0 2324 32 18 6 12 0.6514 0.2181 215 226
296-0-1-0.05-50-0 0 2325 39 29 5 5 0.2187 0.6728 309 177
296-0-1-0.05-50-0 0 2325 49 32 4 6 0.1842 0.6514 136 215
296-0-1-0.05-50-0 0 2325 16 23 3 3 0.2228 0.1698 149 476
296-0-1-0.05-50-0 0 2326 6 3 7 1 0.4266 0.4813 249 321
296-0-1-0.05-50-0 0 2326 39 48 5 19 0.2187 0.1153 309 334
296-0-1-0.05-50-0 0 2326 42 34 5 9 0.7447 0.7448 106 168
296-0-1-0.05-50-0 0 2327 49 39 4 5 0.1842 0.2187 136 309
296-0-1-0.05-50-0 0 2327 18 42 10 6 0.2181 0.7447 226 106
296-0-1-0.05-50-0 0 2327 12 18 6 10 0.1896 0.2181 325 226
296-0-1-0.05-50-0 0 2328 25 49 5 3 0.9430 0.1842 125 136
296-0-1-0.05-50-0 0 2328 33 48 8 21 0.6893 0.1153 191 334
296-0-1-0.05-50-0 0 2328 8 8 24 24 0.2506 0.2506 303 303
296-0-1-0.05-50-0 0 2329 38 33 2 8 0.6163 0.6893 270 191
296-0-1-0.05-50-0 0 2329 19 48 6 18 0.8072 0.1153 134 334
296-0-1-0.05-50-0 0 2329 34 23 8 1 0.7448 0.1698 168 476
296-0-1-0.05-50-0 0 2330 48 28 18 4 0.1153 0.3846 334 311
296-0-1-0.05-50-0 0 2330 33 19 7 6 0.6893 0.8072 191 134
296-0-1-0.05-50-0 0 2330 16 8 3 26 0.2228 0.2506 149 303
296-0-1-0.05-50-0 0 2331 1 16 4 2 0.2520 0.2228 409 149
296-0-1-0.05-50-0 0 2331 47 13 8 4 0.9293 0.8878 103 151
296-0-1-0.05-50-0 0 2331 19 43 5 4 0.8072 0.8316 134 123
296-0-1-0.05-50-0 0 2332 12 18 9 8 0.1896 0.2181 325 226
296-0-1-0.05-50-0 0 2332 48 43 20 3 0.1153 0.8316 334 123
296-0-1-0.05-50-0 0 2332 34 6 9 8 0.7448 0.4266 168 249
296-0-1-0.05-50-0 0 2333 15 25 1 6 0.7918 0.9430 149 125
296-0-1-0.05-50-0 0 2333 8 39 25 3 0.2506 0.2187 303 309
296-0-1-0.05-50-0 0 2333 34 24 9 8 0.7448 0.1940 168 254
296-0-1-0.05-50-0 0 2334 10 48 2 20 0.2533 0.1153 449 334
296-0-1-0.05-50-0 0 2334 33 8 8 25 0.6893 0.2506 191 303
296-0-1-0.05-50-0 0 2334 13 48 3 19 0.8878 0.1153 151 334
296-0-1-0.05-50-0 0 2335 2 7 1 1 0.8198 0.9267 167 106
296-0-1-0.05-50-0 0 2335 48 8 17 25 0.1153 0.2506 334 303
296-0-1-0.05-50-0 0 2335 40 33 1 8 0.9739 0.6893 104 191
296-0-1-0.05-50-0 0 2336 8 25 25 5 0.2506 0.9430 303 125
296-0-1-0.05-50-0 0 2336 48 8 18 25 0.1153 0.2506 334 303
296-0-1-0.05-50-0 0 2336 13 8 3 24 0.8878 0.2506 151 303
296-0-1-0.05-50-0 0 2337 33 19 8 4 0.6893 0.8072 191 134
296-0-1-0.05-50-0 0 2337 33 48 8 18 0.6893 0.1153 191 334
296-0-1-0.05-50-0 0 2337 19 39 3 3 0.8072 0.2187 134 309
296-0-1-0.05-50-0 0 2338 12 43 10 3 0.1896 0.8316 325 123
296-0-1-0.05-50-0 0 2338 34 32 13 6 0.7448 0.6514 168 215
296-0-1-0.05-50-0 0 2338 12 28 10 4 0.1896 0.3846 325 311
296-0-1-0.05-50-0 0 2339 6 12 8 10 0.4266 0.1896 249 325
296-0-1-0.05-50-0 0 2339 8 32 23 5 0.2506 0.6514 303 215
296-0-1-0.05-50-0 0 2339 50 25 2 7 0.2147 0.9430 147 125
296-0-1-0.05-50-0 0 2340 48 8 21 23 0.1153 0.2506 334 303
296-0-1-0.05-50-0 0 2340 10 11 4 1 0.2533 0.0504 449 384
296-0-1-0.05-50-0 0 2340 47 25 8 7 0.9293 0.9430 103 125
296-0-1-0.05-50-0 0 2341 48 39 23 2 0.1153 0.2187 334 309
296-0-1-0.05-50-0 0 2341 18 8 10 23 0.2181 0.2506 226 303
296-0-1-0.05-50-0 0 2341 8 13 22 5 0.2506 0.8878 303 151
296-0-1-0.05-50-0 0 2342 8 24 23 7 0.2506 0.1940 303 254
296-0-1-0.05-50-0 0 2342 10 29 4 3 0.2533 0.6728 449 177
296-0-1-0.05-50-0 0 2342 5 24 5 6 0.0007 0.1940 226 254
296-0-1-0.05-50-0 0 2343 8 49 24 3 0.2506 0.1842 303 136
296-0-1-0.05-50-0 0 2343 17 8 7 24 0.6398 0.2506 197 303
296-0-1-0.05-50-0 0 2343 48 34 25 16 0.1153 0.7448 334 168
296-0-1-0.05-50-0 0 2344 50 12 2 13 0.2147 0.1896 147 325
296-0-1-0.05-50-0 0 2344 33 17 11 7 0.6893 0.6398 191 197
296-0-1-0.05-50-0 0 2344 48 34 26 17 0.1153 0.7448 334 168
296-0-1-0.05-50-0 0 2344 18 25 16 8 0.2181 0.9430 226 125
296-0-1-0.05-50-0 0 2345 8 25 26 7 0.2506 0.9430 303 125
296-0-1-0.05-50-0 0 2345 48 24 24 7 0.1153 0.1940 334 254
296-0-1-0.05-50-0 0 2345 33 50 12 2 0.6893 0.2147 191 147
296-0-1-0.05-50-0 0 2346 8 48 28 25 0.2506 0.1153 303 334
296-0-1-0.05-50-0 0 2346 24 48 6 24 0.1940 0.1153 254 334
296-0-1-0.05-50-0 0 2346 17 48 5 23 0.6398 0.1153 197 334
296-0-1-0.05-50-0 0 2347 18 8 15 27 0.2181 0.2506 226 303
296-0-1-0.05-50-0 0 2347 34 18 17 15 0.7448 0.2181 168 226
296-0-1-0.05-50-0 0 2347 31 6 3 8 0.5626 0.4266 252 249
296-0-1-0.05-50-0 0 2348 18 18 14 14 0.2181 0.2181 226 226
296-0-1-0.05-50-0 0 2348 18 40 13 1 0.2181 0.9739 226 104
296-0-1-0.05-50-0 0 2348 47 8 8 29 0.9293 0.2506 103 303
296-0-1-0.05-50-0 0 2349 28 22 1 4 0.3846 0.0160 311 311
296-0-1-0.05-50-0 0 2349 1 19 4 2 0.2520 0.8072 409 134
296-0-1-0.05-50-0 0 2349 8 8 29 29 0.2506 0.2506 303 303
296-0-1-0.05-50-0 0 2350 8 1 29 4 0.2506 0.2520 303 409
296-0-1-0.05-50-0 0 2350 33 27 14 5 0.6893 0.0776 191 149
296-0-1-0.05-50-0 0 2350 18 48 13 21 0.2181 0.1153 226 334
296-0-1-0.05-50-0 0 2351 34 8 12 29 0.7448 0.2506 168 303
296-0-1-0.05-50-0 0 2351 18 12 14 12 0.2181 0.1896 226 325
296-0-1-0.05-50-0 0 2351 9 34 1 12 0.6134 0.7448 161 168
296-0-1-0.05-50-0 0 2352 34 29 13 4 0.7448 0.6728 168 177
296-0-1-0.05-50-0 0 2352 24 19 7 1 0.1940 0.8072 254 134
296-0-1-0.05-50-0 0 2352 48 12 20 11 0.1153 0.1896 334 325
296-0-1-0.05-50-0 0 2353 8 10 27 3 0.2506 0.2533 303 449
296-0-1-0.05-50-0 0 2353 24 10 8 2 0.1940 0.2533 254 449
296-0-1-0.05-50-0 0 2353 34 49 14 1 0.7448 0.1842 168 136
296-0-1-0.05-50-0 0 2354 28 48 3 21 0.3846 0.1153 311 334
296-0-1-0.05-50-0 0 2354 17 31 5 3 0.6398 0.5626 197 252
296-0-1-0.05-50-0 0 2354 48 1 20 2 0.1153 0.2520 334 409
296-0-1-0.05-50-0 0 2355 28 34 3 15 0.3846 0.7448 311 168
296-0-1-0.05-50-0 0 2355 6 24 8 7 0.4266 0.1940 249 254
296-0-1-0.05-50-0 0 2355 32 48 3 20 0.6514 0.1153 215 334
296-0-1-0.05-50-0 0 2356 13 47 4 9 0.8878 0.9293 151 103
296-0-1-0.05-50-0 0 2356 12 22 12 7 0.1896 0.0160 325 311
296-0-1-0.05-50-0 0 2356 17 33 6 11 0.6398 0.6893 197 191
296-0-1-0.05-50-0 0 2357 18 48 15 20 0.2181 0.1153 226 334
296-0-1-0.05-50-0 0 2357 42 6 2 8 0.7447 0.4266 106 249
296-0-1-0.05-50-0 0 2357 37 18 1 15 0.8481 0.2181 127 226
296-0-1-0.05-50-0 0 2358 34 8 16 30 0.7448 0.2506 168 303
296-0-1-0.05-50-0 0 2358 11 18 1 14 0.0504 0.2181 384 226
296-0-1-0.05-50-0 0 2358 34 48 16 18 0.7448 0.1153 168 334
296-0-1-0.05-50-0 0 2359 8 27 30 3 0.2506 0.0776 303 149
296-0-1-0.05-50-0 0 2359 8 15 30 1 0.2506 0.7918 303 149
296-0-1-0.05-50-0 0 2359 12 34 14 15 0.1896 0.7448 325 168
296-0-1-0.05-50-0 0 2360 8 25 31 3 0.2506 0.9430 303 125
296-0-1-0.05-50-0 0 2360 33 24 14 5 0.6893 0.1940 191 254
296-0-1-0.05-50-0 0 2360 48 48 17 17 0.1153 0.1153 334 334
296-0-1-0.05-50-0 0 2361 12 17 15 10 0.1896 0.6398 325 197
296-0-1-0.05-50-0 0 2361 29 8 6 30 0.6728 0.2506 177 303
296-0-1-0.05-50-0 0 2361 34 27 13 2 0.7448 0.0776 168 149
296-0-1-0.05-50-0 0 2362 17 17 10 10 0.6398 0.6398 197 197
296-0-1-0.05-50-0 0 2362 8 12 30 14 0.2506 0.1896 303 325
296-0-1-0.05-50-0 0 2362 48 8 18 30 0.1153 0.2506 334 303
296-0-1-0.05-50-0 0 2363 48 29 19 4 0.1153 0.6728 334 177
296-0-1-0.05-50-0 0 2363 34 42 14 4 0.7448 0.7447 168 106
296-0-1-0.05-50-0 0 2363 22 33 3 15 0.0160 0.6893 311 191
296-0-1-0.05-50-0 0 2364 8 42 35 3 0.2506 0.7447 303 106
296-0-1-0.05-50-0 0 2364 32 18 3 17 0.6514 0.2181 215 226
296-0-1-0.05-50-0 0 2364 6 12 8 12 0.4266 0.1896 249 325
296-0-1-0.05-50-0 0 2365 48 12 22 12 0.1153 0.1896 334 325
296-0-1-0.05-50-0 0 2365 6 34 7 16 0.4266 0.7448 249 168
296-0-1-0.05-50-0 0 2365 13 48 6 22 0.8878 0.1153 151 334
296-0-1-0.05-50-0 0 2366 34 24 16 4 0.7448 0.1940 168 254
296-0-1-0.05-50-0 0 2366 37 42 3 2 0.8481 0.7447 127 106
296-0-1-0.05-50-0 0 2366 48 8 20 39 0.1153 0.2506 334 303
296-0-1-0.05-50-0 0 2367 5 34 8 15 0.0007 0.7448 226 168
296-0-1-0.05-50-0 0 2367 18 8 15 39 0.2181 0.2506 226 303
296-0-1-0.05-50-0 0 2367 6 17 8 9 0.4266 0.6398 249 197
296-0-1-0.05-50-0 0 2368 8 18 37 15 0.2506 0.2181 303 226
296-0-1-0.05-50-0 0 2368 5 12 7 10 0.0007 0.1896 226 325
296-0-1-0.05-50-0 0 2368 13 34 6 13 0.8878 0.7448 151 168
296-0-1-0.05-50-0 0 2369 6 28 8 4 0.4266 0.3846 249 311
296-0-1-0.05-50-0 0 2369 23 6 6 8 0.1698 0.4266 476 249
296-0-1-0.05-50-0 0 2369 33 32 10 5 0.6893 0.6514 191 215
296-0-1-0.05-50-0 0 2370 31 5 3 7 0.5626 0.0007 252 226
296-0-1-0.05-50-0 0 2370 48 48 16 16 0.1153 0.1153 334 334
296-0-1-0.05-50-0 0 2370 17 48 8 15 0.6398 0.1153 197 334
296-0-1-0.05-50-0 0 2371 41 18 1 15 0.9621 0.2181 105 226
296-0-1-0.05-50-0 0 2371 8 7 36 3 0.2506 0.9267 303 106
296-0-1-0.05-50-0 0 2371 32 19 4 3 0.6514 0.8072 215 134
296-0-1-0.05-50-0 0 2372 48 8 14 35 0.1153 0.2506 334 303
296-0-1-0.05-50-0 0 2372 11 34 2 12 0.0504 0.7448 384 168
296-0-1-0.05-50-0 0 2372 23 8 8 34 0.1698 0.2506 476 303
296-0-1-0.05-50-0 0 2373 18 48 16 15 0.2181 0.1153 226 334
296-0-1-0.05-50-0 0 2373 8 23 33 7 0.2506 0.1698 303 476
296-0-1-0.05-50-0 0 2373 8 17 33 8 0.2506 0.6398 303 197
296-0-1-0.05-50-0 0 2374 47 8 3 32 0.9293 0.2506 103 303
296-0-1-0.05-50-0 0 2374 13 33 6 5 0.8878 0.6893 151 191
296-0-1-0.05-50-0 0 2374 31 8 1 31 0.5626 0.2506 252 303
296-0-1-0.05-50-0 0 2375 18 33 16 4 0.2181 0.6893 226 191
296-0-1-0.05-50-0 0 2375 22 33 4 3 0.0160 0.6893 311 191
296-0-1-0.05-50-0 0 2375 13 8 7 29 0.8878 0.2506 151 303
296-0-1-0.05-50-0 0 2376 17 8 8 27 0.6398 0.2506 197 303
296-0-1-0.05-50-0 0 2376 48 32 13 6 0.1153 0.6514 334 215
296-0-1-0.05-50-0 0 2376 6 12 6 8 0.4266 0.1896 249 325
296-0-1-0.05-50-0 0 2377 32 31 5 1 0.6514 0.5626 215 252
296-0-1-0.05-50-0 0 2377 13 34 7 9 0.8878 0.7448 151 168
296-0-1-0.05-50-0 0 2377 28 6 2 7 0.3846 0.4266 311 249
296-0-1-0.05-50-0 0 2378 2 19 1 3 0.8198 0.8072 167 134
296-0-1-0.05-50-0 0 2378 17 8 8 27 0.6398 0.2506 197 303
296-0-1-0.05-50-0 0 2378 34 34 10 10 0.7448 0.7448 168 168
296-0-1-0.05-50-0 0 2379 48 8 12 27 0.1153 0.2506 334 303
296-0-1-0.05-50-0 0 2379 8 28 26 4 0.2506 0.3846 303 311
296-0-1-0.05-50-0 0 2379 48 5 12 7 0.1153 0.0007 334 226
296-0-1-0.05-50-0 0 2380 28 8 2 25 0.3846 0.2506 311 303
296-0-1-0.05-50-0 0 2380 8 6 24 6 0.2506 0.4266 303 249
296-0-1-0.05-50-0 0 2380 18 18 18 18 0.2181 0.2181 226 226
296-0-1-0.05-50-0 0 2381 11 12 2 11 0.0504 0.1896 384 325
296-0-1-0.05-50-0 0 2381 11 13 2 10 0.0504 0.8878 384 151
296-0-1-0.05-50-0 0 2381 12 47 10 3 0.1896 0.9293 325 103
296-0-1-0.05-50-0 0 2382 48 1 11 3 0.1153 0.2520 334 409
296-0-1-0.05-50-0 0 2382 19 24 2 3 0.8072 0.1940 134 254
296-0-1-0.05-50-0 0 2382 22 18 3 13 0.0160 0.2181 311 226
296-0-1-0.05-50-0 0 2383 48 13 12 9 0.1153 0.8878 334 151
296-0-1-0.05-50-0 0 2383 1 11 2 2 0.2520 0.0504 409 384
296-0-1-0.05-50-0 0 2384 47 22 1 3 0.9293 0.0160 103 311
296-0-1-0.05-50-0 0 2384 8 37 18 13 0.2506 0.8481 303 127
296-0-1-0.05-50-0 0 2385 1 33 3 2 0.2520 0.6893 409 191
296-0-1-0.05-50-0 0 2385 8 5 18 7 0.2506 0.0007 303 226
296-0-1-0.05-50-0 0 2386 41 34 1 8 0.9621 0.7448 105 168
296-0-1-0.05-50-0 0 2386 17 37 10 11 0.6398 0.8481 197 127
296-0-1-0.05-50-0 0 2386 23 32 5 5 0.1698 0.6514 476 215
296-0-1-0.05-50-0 0 2387 32 12 4 10 0.6514 0.1896 215 325
296-0-1-0.05-50-0 0 2387 8 12 20 9 0.2506 0.1896 303 325
296-0-1-0.05-50-0 0 2388 34 48 8 16 0.7448 0.1153 168 334
296-0-1-0.05-50-0 0 2388 25 12 5 9 0.9430 0.1896 125 325
296-0-1-0.05-50-0 0 2388 1 14 4 6 0.2520 0.8451 409 105
296-0-1-0.05-50-0 0 2389 8 8 27 27 0.2506 0.2506 303 303
296-0-1-0.05-50-0 0 2389 13 31 7 1 0.8878 0.5626 151 252
296-0-1-0.05-50-0 0 2389 2 17 2 8 0.8198 0.6398 167 197
296-0-1-0.05-50-0 0 2390 18 34 8 8 0.2181 0.7448 226 168
296-0-1-0.05-50-0 0 2390 8 37 26 9 0.2506 0.8481 303 127
296-0-1-0.05-50-0 0 2390 12 48 10 15 0.1896 0.1153 325 334
296-0-1-0.05-50-0 0 2391 34 8 7 27 0.7448 0.2506 168 303
296-0-1-0.05-50-0 0 2391 8 8 26 26 0.2506 0.2506 303 303
296-0-1-0.05-50-0 0 2391 13 42 7 5 0.8878 0.7447 151 106
296-0-1-0.05-50-0 0 2392 37 40 10 1 0.8481 0.9739 127 104
296-0-1-0.05-50-0 0 2392 22 8 3 25 0.0160 0.2506 311 303
296-0-1-0.05-50-0 0 2392 25 24 5 6 0.9430 0.1940 125 254
296-0-1-0.05-50-0 0 2393 8 22 23 3 0.2506 0.0160 303 311
296-0-1-0.05-50-0 0 2393 48 28 10 4 0.1153 0.3846 334 311
296-0-1-0.05-50-0 0 2393 13 37 9 11 0.8878 0.8481 151 127
296-0-1-0.05-50-0 0 2394 8 18 24 7 0.2506 0.2181 303 226
296-0-1-0.05-50-0 0 2394 34 8 8 24 0.7448 0.2506 168 303
296-0-1-0.05-50-0 0 2394 11 14 3 4 0.0504 0.8451 384 105
296-0-1-0.05-50-0 0 2395 8 8 24 24 0.2506 0.2506 303 303
296-0-1-0.05-50-0 0 2395 17 8 9 23 0.6398 0.2506 197 303
296-0-1-0.05-50-0 0 2395 13 34 8 8 0.8878 0.7448 151 168
296-0-1-0.05-50-0 0 2396 25 18 6 8 0.9430 0.2181 125 226
296-0-1-0.05-50-0 0 2396 7 18 3 7 0.9267 0.2181 106 226
296-0-1-0.05-50-0 0 2396 12 8 15 21 0.1896 0.2506 325 303
296-0-1-0.05-50-0 0 2397 37 13 11 8 0.8481 0.8878 127 151
296-0-1-0.05-50-0 0 2397 37 19 11 5 0.8481 0.8072 127 134
296-0-1-0.05-50-0 0 2397 13 32 7 4 0.8878 0.6514 151 215
296-0-1-0.05-50-0 0 2398 8 42 20 4 0.2506 0.7447 303 106
296-0-1-0.05-50-0 0 2398 8 12 20 16 0.2506 0.1896 303 325
296-0-1-0.05-50-0 0 2398 42 5 3 8 0.7447 0.0007 106 226
296-0-1-0.05-50-0 0 2399 13 20 7 5 0.8878 0.9922 151 102
296-0-1-0.05-50-0 0 2399 2 6 2 2 0.8198 0.4266 167 249
296-0-1-0.05-50-0 0 2399 13 22 7 3 0.8878 0.0160 151 311
296-0-1-0.05-50-0 0 2400 12 17 15 11 0.1896 0.6398 325 197
296-0-1-0.05-50-0 0 2400 7 5 3 5 0.9267 0.0007 106 226
296-0-1-0.05-50-0 0 2400 37 8 11 23 0.8481 0.2506 127 303
296-0-1-0.05-50-0 0 2401 8 17 23 9 0.2506 0.6398 303 197
296-0-1-0.05-50-0 0 2401 12 29 15 3 0.1896 0.6728 325 177
296-0-1-0.05-50-0 0 2401 8 19 23 4 0.2506 0.8072 303 134
296-0-1-0.05-50-0 0 2402 28 24 5 4 0.3846 0.1940 311 254
296-0-1-0.05-50-0 0 2402 8 37 24 12 0.2506 0.8481 303 127
296-0-1-0.05-50-0 0 2402 8 13 24 7 0.2506 0.8878 303 151
296-0-1-0.05-50-0 0 2403 37 42 12 4 0.8481 0.7447 127 106
296-0-1-0.05-50-0 0 2403 28 13 6 6 0.3846 0.8878 311 151
296-0-1-0.05-50-0 0 2403 20 28 4 6 0.9922 0.3846 102 311
296-0-1-0.05-50-0 0 2404 12 17 14 6 0.1896 0.6398 325 197
296-0-1-0.05-50-0 0 2404 5 48 7 9 0.0007 0.1153 226 334
296-0-1-0.05-50-0 0 2404 8 32 25 3 0.2506 0.6514 303 215
296-0-1-0.05-50-0 0 2405 17 32 5 3 0.6398 0.6514 197 215
296-0-1-0.05-50-0 0 2405 35 17 2 5 0.0354 0.6398 158 197
296-0-1-0.05-50-0 0 2406 32 7 2 2 0.6514 0.9267 215 106
296-0-1-0.05-50-0 0 2406 8 8 23 23 0.2506 0.2506 303 303
296-0-1-0.05-50-0 0 2407 11 37 5 8 0.0504 0.8481 384 127
296-0-1-0.05-50-0 0 2407 25 1 6 3 0.9430 0.2520 125 409
296-0-1-0.05-50-0 0 2408 25 43 6 2 0.9430 0.8316 125 123
296-0-1-0.05-50-0 0 2408 8 8 21 21 0.2506 0.2506 303 303
296-0-1-0.05-50-0 0 2409 28 37 6 7 0.3846 0.8481 311 127
296-0-1-0.05-50-0 0 2409 23 20 4 4 0.1698 0.9922 476 102
296-0-1-0.05-50-0 0 2410 8 34 19 4 0.2506 0.7448 303 168
296-0-1-0.05-50-0 0 2410 50 48 1 7 0.2147 0.1153 147 334
296-0-1-0.05-50-0 0 2411 5 28 12 6 0.0007 0.3846 226 311
296-0-1-0.05-50-0 0 2411 18 11 9 5 0.2181 0.0504 226 384
296-0-1-0.05-50-0 0 2412 11 18 4 8 0.0504 0.2181 384 226
296-0-1-0.05-50-0 0 2412 25 8 5 18 0.9430 0.2506 125 303
296-0-1-0.05-50-0 0 2413 5 8 14 17 0.0007 0.2506 226 303
296-0-1-0.05-50-0 0 2413 35 48 3 7 0.0354 0.1153 158 334
296-0-1-0.05-50-0 0 2414 5 37 13 6 0.0007 0.8481 226 127
296-0-1-0.05-50-0 0 2414 6 17 2 4 0.4266 0.6398 249 197
296-0-1-0.05-50-0 0 2415 49 5 2 13 0.1842 0.0007 136 226
296-0-1-0.05-50-0 0 2415 6 48 2 6 0.4266 0.1153 249 334
296-0-1-0.05-50-0 0 2416 12 11 10 4 0.1896 0.0504 325 384
296-0-1-0.05-50-0 0 2416 12 11 10 3 0.1896 0.0504 325 384
296-0-1-0.05-50-0 0 2417 6 8 2 16 0.4266 0.2506 249 303
296-0-1-0.05-50-0 0 2417 24 15 5 2 0.1940 0.7918 254 149
296-0-1-0.05-50-0 0 2418 50 35 2 2 0.2147 0.0354 147 158
296-0-1-0.05-50-0 0 2418 50 29 2 4 0.2147 0.6728 147 177
296-0-1-0.05-50-0 0 2419 8 29 15 3 0.2506 0.6728 303 177
296-0-1-0.05-50-0 0 2419 28 26 4 1 0.3846 0.8171 311 141
296-0-1-0.05-50-0 0 2420 6 13 1 7 0.4266 0.8878 249 151
296-0-1-0.05-50-0 0 2420 8 34 14 7 0.2506 0.7448 303 168
296-0-1-0.05-50-0 0 2421 5 12 14 10 0.0007 0.1896 226 325
296-0-1-0.05-50-0 0 2421 8 8 14 14 0.2506 0.2506 303 303
296-0-1-0.05-50-0 0 2422 5 43 14 2 0.0007 0.8316 226 123
296-0-1-0.05-50-0 0 2422 17 8 5 11 0.6398 0.2506 197 303
296-0-1-0.05-50-0 0 2423 29 10 3 4 0.6728 0.2533 177 449
296-0-1-0.05-50-0 0 2423 10 50 3 2 0.2533 0.2147 449 147
296-0-1-0.05-50-0 0 2424 9 32 1 3 0.6134 0.6514 161 215
296-0-1-0.05-50-0 0 2424 5 19 15 4 0.0007 0.8072 226 134
296-0-1-0.05-50-0 0 2425 23 7 3 2 0.1698 0.9267 476 106
296-0-1-0.05-50-0 0 2425 12 13 9 9 0.1896 0.8878 325 151
296-0-1-0.05-50-0 0 2426 8 43 13 1 0.2506 0.8316 303 123
296-0-1-0.05-50-0 0 2426 37 10 6 3 0.8481 0.2533 127 449
296-0-1-0.05-50-0 0 2427 5 42 12 6 0.0007 0.7447 226 106
296-0-1-0.05-50-0 0 2427 13 45 9 5 0.8878 0.3816 151 173
296-0-1-0.05-50-0 0 2428 8 10 15 2 0.2506 0.2533 303 449
296-0-1-0.05-50-0 0 2428 27 3 1 1 0.0776 0.4813 149 321
296-0-1-0.05-50-0 0 2429 37 24 6 7 0.8481 0.1940 127 254
296-0-1-0.05-50-0 0 2429 10 34 1 5 0.2533 0.7448 449 168
296-0-1-0.05-50-0 0 2430 13 32 9 1 0.8878 0.6514 151 215
296-0-1-0.05-50-0 0 2430 8 48 15 6 0.2506 0.1153 303 334
296-0-1-0.05-50-0 0 2431 34 40 4 2 0.7448 0.9739 168 104
296-0-1-0.05-50-0 0 2431 12 5 10 11 0.1896 0.0007 325 226
296-0-1-0.05-50-0 0 2432 28 46 8 3 0.3846 0.3451 311 327
296-0-1-0.05-50-0 0 2432 16 24 5 8 0.2228 0.1940 149 254
296-0-1-0.05-50-0 0 2433 28 46 8 2 0.3846 0.3451 311 327
296-0-1-0.05-50-0 0 2433 17 17 7 7 0.6398 0.6398 197 197
296-0-1-0.05-50-0 0 2434 6 48 1 6 0.4266 0.1153 249 334
296-0-1-0.05-50-0 0 2434 45 5 7 11 0.3816 0.0007 173 226
296-0-1-0.05-50-0 0 2435 34 37 6 7 0.7448 0.8481 168 127
296-0-1-0.05-50-0 0 2435 13 41 10 3 0.8878 0.9621 151 105
296-0-1-0.05-50-0 0 2436 8 25 14 2 0.2506 0.9430 303 125
296-0-1-0.05-50-0 0 2436 28 28 8 8 0.3846 0.3846 311 311
296-0-1-0.05-50-0 0 2437 5 8 11 15 0.0007 0.2506 226 303
296-0-1-0.05-50-0 0 2437 28 31 8 2 0.3846 0.5626 311 252
296-0-1-0.05-50-0 0 2438 18 28 6 8 0.2181 0.3846 226 311
296-0-1-0.05-50-0 0 2438 17 13 6 10 0.6398 0.8878 197 151
296-0-1-0.05-50-0 0 2439 19 16 5 3 0.8072 0.2228 134 149
296-0-1-0.05-50-0 0 2439 17 5 6 11 0.6398 0.0007 197 226
296-0-1-0.05-50-0 0 2440 5 12 11 10 0.0007 0.1896 226 325
296-0-1-0.05-50-0 0 2440 17 24 6 6 0.6398 0.1940 197 254
296-0-1-0.05-50-0 0 2441 34 18 6 5 0.7448 0.2181 168 226
296-0-1-0.05-50-0 0 2441 8 48 17 6 0.2506 0.1153 303 334
296-0-1-0.05-50-0 0 2442 24 17 6 6 0.1940 0.6398 254 197
296-0-1-0.05-50-0 0 2442 8 19 18 4 0.2506 0.8072 303 134
296-0-1-0.05-50-0 0 2443 18 13 4 14 0.2181 0.8878 226 151
296-0-1-0.05-50-0 0 2443 28 6 5 2 0.3846 0.4266 311 249
296-0-1-0.05-50-0 0 2444 28 5 7 9 0.3846 0.0007 311 226
296-0-1-0.05-50-0 0 2444 34 2 7 1 0.7448 0.8198 168 167
296-0-1-0.05-50-0 0 2445 5 46 8 4 0.0007 0.3451 226 327
296-0-1-0.05-50-0 0 2445 36 48 3 5 0.8162 0.1153 165 334
296-0-1-0.05-50-0 0 2446 28 22 7 3 0.3846 0.0160 311 311
296-0-1-0.05-50-0 0 2446 34 37 6 6 0.7448 0.8481 168 127
296-0-1-0.05-50-0 0 2447 18 24 4 7 0.2181 0.1940 226 254
296-0-1-0.05-50-0 0 2447 22 23 2 4 0.0160 0.1698 311 476
296-0-1-0.05-50-0 0 2448 45 28 6 8 0.3816 0.3846 173 311
296-0-1-0.05-50-0 0 2448 8 13 17 15 0.2506 0.8878 303 151
296-0-1-0.05-50-0 0 2449 8 5 17 7 0.2506 0.0007 303 226
296-0-1-0.05-50-0 0 2449 5 8 6 17 0.0007 0.2506 226 303
296-0-1-0.05-50-0 0 2450 28 8 7 18 0.3846 0.2506 311 303
296-0-1-0.05-50-0 0 2450 41 13 1 15 0.9621 0.8878 105 151
296-0-1-0.05-50-0 0 2451 13 17 16 4 0.8878 0.6398 151 197
296-0-1-0.05-50-0 0 2451 8 48 18 4 0.2506 0.1153 303 334
296-0-1-0.05-50-0 0 2452 37 41 5 1 0.8481 0.9621 127 105
296-0-1-0.05-50-0 0 2452 45 23 8 3 0.3816 0.1698 173 476
296-0-1-0.05-50-0 0 2453 8 11 15 4 0.2506 0.0504 303 384
296-0-1-0.05-50-0 0 2453 45 7 7 3 0.3816 0.9267 173 106
296-0-1-0.05-50-0 0 2454 8 11 15 3 0.2506 0.0504 303 384
296-0-1-0.05-50-0 0 2454 13 13 17 17 0.8878 0.8878 151 151
296-0-1-0.05-50-0 0 2455 28 7 9 2 0.3846 0.9267 311 106
296-0-1-0.05-50-0 0 2455 20 23 4 3 0.9922 0.1698 102 476
296-0-1-0.05-50-0 0 2456 18 11 4 2 0.2181 0.0504 226 384
296-0-1-0.05-50-0 0 2456 22 45 4 6 0.0160 0.3816 311 173
296-0-1-0.05-50-0 0 2457 8 8 15 15 0.2506 0.2506 303 303
296-0-1-0.05-50-0 0 2457 8 8 14 14 0.2506 0.2506 303 303
296-0-1-0.05-50-0 0 2458 42 28 3 9 0.7447 0.3846 106 311
296-0-1-0.05-50-0 0 2458 5 13 7 19 0.0007 0.8878 226 151
296-0-1-0.05-50-0 0 2459 6 13 1 19 0.4266 0.8878 249 151
296-0-1-0.05-50-0 0 2459 28 12 8 8 0.3846 0.1896 311 325
296-0-1-0.05-50-0 0 2460 28 13 9 19 0.3846 0.8878 311 151
296-0-1-0.05-50-0 0 2460 13 20 18 3 0.8878 0.9922 151 102
296-0-1-0.05-50-0 0 2461 8 46 14 5 0.2506 0.3451 303 327
296-0-1-0.05-50-0 0 2461 44 28 2 9 0.7034 0.3846 118 311
296-0-1-0.05-50-0 0 2462 13 45 18 5 0.8878 0.3816 151 173
296-0-1-0.05-50-0 0 2462 34 42 6 2 0.7448 0.7447 168 106
296-0-1-0.05-50-0 0 2463 12 37 8 3 0.1896 0.8481 325 127
296-0-1-0.05-50-0 0 2463 28 36 9 7 0.3846 0.8162 311 165
296-0-1-0.05-50-0 0 2464 41 17 2 5 0.9621 0.6398 105 197
296-0-1-0.05-50-0 0 2464 13 20 19 3 0.8878 0.9922 151 102
296-0-1-0.05-50-0 0 2465 8 8 14 14 0.2506 0.2506 303 303
296-0-1-0.05-50-0 0 2465 36 45 6 3 0.8162 0.3816 165 173
296-0-1-0.05-50-0 0 2466 48 34 2 6 0.1153 0.7448 334 168
296-0-1-0.05-50-0 0 2466 2 1 2 2 0.8198 0.2520 167 409
296-0-1-0.05-50-0 0 2467 13 46 18 2 0.8878 0.3451 151 327
296-0-1-0.05-50-0 0 2467 36 16 5 2 0.8162 0.2228 165 149
296-0-1-0.05-50-0 0 2468 28 8 11 13 0.3846 0.2506 311 303
296-0-1-0.05-50-0 0 2468 36 8 5 12 0.8162 0.2506 165 303
296-0-1-0.05-50-0 0 2469 7 48 1 2 0.9267 0.1153 106 334
296-0-1-0.05-50-0 0 2469 44 16 4 1 0.7034 0.2228 118 149
296-0-1-0.05-50-0 0 2470 27 3 1 1 0.0776 0.4813 149 321
296-0-1-0.05-50-0 0 2470 8 28 11 10 0.2506 0.3846 303 311
296-0-1-0.05-50-0 0 2471 23 28 3 8 0.1698 0.3846 476 311
296-0-1-0.05-50-0 0 2471 5 17 10 4 0.0007 0.6398 226 197
296-0-1-0.05-50-0 0 2472 22 13 3 20 0.0160 0.8878 311 151
296-0-1-0.05-50-0 0 2472 24 5 5 10 0.1940 0.0007 254 226
296-0-1-0.05-50-0 0 2473 28 6 8 2 0.3846 0.4266 311 249
296-0-1-0.05-50-0 0 2473 13 5 20 10 0.8878 0.0007 151 226
296-0-1-0.05-50-0 0 2474 12 13 10 18 0.1896 0.8878 325 151
296-0-1-0.05-50-0 0 2474 42 18 3 8 0.7447 0.2181 106 226
296-0-1-0.05-50-0 0 2475 44 12 5 9 0.7034 0.1896 118 325
296-0-1-0.05-50-0 0 2475 8 5 12 9 0.2506 0.0007 303 226
296-0-1-0.05-50-0 0 2476 23 22 2 3 0.1698 0.0160 476 311
296-0-1-0.05-50-0 0 2476 13 28 17 10 0.8878 0.3846 151 311
296-0-1-0.05-50-0 0 2477 49 8 5 12 0.1842 0.2506 136 303
296-0-1-0.05-50-0 0 2477 13 41 17 1 0.8878 0.9621 151 105
296-0-1-0.05-50-0 0 2478 18 8 7 10 0.2181 0.2506 226 303
296-0-1-0.05-50-0 0 2478 28 24 9 3 0.3846 0.1940 311 254
296-0-1-0.05-50-0 0 2479 8 6 11 1 0.2506 0.4266 303 249
296-0-1-0.05-50-0 0 2479 28 34 8 6 0.3846 0.7448 311 168
296-0-1-0.05-50-0 0 2480 17 22 3 4 0.6398 0.0160 197 311
296-0-1-0.05-50-0 0 2480 28 13 8 19 0.3846 0.8878 311 151
296-0-1-0.05-50-0 0 2481 34 12 6 6 0.7448 0.1896 168 325
296-0-1-0.05-50-0 0 2481 13 28 20 9 0.8878 0.3846 151 311
296-0-1-0.05-50-0 0 2482 5 28 8 8 0.0007 0.3846 226 311
296-0-1-0.05-50-0 0 2482 28 42 7 5 0.3846 0.7447 311 106
296-0-1-0.05-50-0 0 2483 8 34 13 7 0.2506 0.7448 303 168
296-0-1-0.05-50-0 0 2483 13 20 21 3 0.8878 0.9922 151 102
296-0-1-0.05-50-0 0 2484 23 1 2 2 0.1698 0.2520 476 409
296-0-1-0.05-50-0 0 2484 13 44 21 4 0.8878 0.7034 151 118
296-0-1-0.05-50-0 0 2485 13 49 20 3 0.8878 0.1842 151 136
296-0-1-0.05-50-0 0 2485 39 43 3 3 0.2187 0.8316 309 123
296-0-1-0.05-50-0 0 2486 28 8 9 12 0.3846 0.2506 311 303
296-0-1-0.05-50-0 0 2486 13 46 20 3 0.8878 0.3451 151 327
296-0-1-0.05-50-0 0 2487 42 44 4 3 0.7447 0.7034 106 118
296-0-1-0.05-50-0 0 2487 13 46 20 3 0.8878 0.3451 151 327
296-0-1-0.05-50-0 0 2488 11 34 5 6 0.0504 0.7448 384 168
296-0-1-0.05-50-0 0 2488 5 22 11 3 0.0007 0.0160 226 311
296-0-1-0.05-50-0 0 2489 5 22 10 2 0.0007 0.0160 226 311
296-0-1-0.05-50-0 0 2489 31 28 3 10 0.5626 0.3846 252 311
296-0-1-0.05-50-0 0 2490 13 5 25 11 0.8878 0.0007 151 226
296-0-1-0.05-50-0 0 2490 4 36 1 5 0.0723 0.8162 351 165
296-0-1-0.05-50-0 0 2491 31 36 3 5 0.5626 0.8162 252 165
296-0-1-0.05-50-0 0 2491 39 8 5 9 0.2187 0.2506 309 303
296-0-1-0.05-50-0 0 2492 49 34 4 6 0.1842 0.7448 136 168
296-0-1-0.05-50-0 0 2492 17 11 3 7 0.6398 0.0504 197 384
296-0-1-0.05-50-0 0 2493 13 7 25 2 0.8878 0.9267 151 106
296-0-1-0.05-50-0 0 2493 39 18 7 7 0.2187 0.2181 309 226
296-0-1-0.05-50-0 0 2494 2 8 1 7 0.8198 0.2506 167 303
296-0-1-0.05-50-0 0 2494 13 13 24 24 0.8878 0.8878 151 151
296-0-1-0.05-50-0 0 2495 36 8 4 6 0.8162 0.2506 165 303
296-0-1-0.05-50-0 0 2495 12 31 6 3 0.1896 0.5626 325 252
296-0-1-0.05-50-0 0 2496 13 42 22 6 0.8878 0.7447 151 106
296-0-1-0.05-50-0 0 2496 11 36 5 4 0.0504 0.8162 384 165
296-0-1-0.05-50-0 0 2497 5 17 11 4 0.0007 0.6398 226 197
296-0-1-0.05-50-0 0 2497 50 13 3 22 0.2147 0.8878 147 151
296-0-1-0.05-50-0 0 2498 19 49 2 7 0.8072 0.1842 134 136
296-0-1-0.05-50-0 0 2498 43 12 2 5 0.8316 0.1896 123 325
296-0-1-0.05-50-0 0 2499 39 27 9 1 0.2187 0.0776 309 149
296-0-1-0.05-50-0 0 2499 49 21 6 2 0.1842 0.4184 136 158
296-0-1-0.05-50-0 0 2500 33 37 3 2 0.6893 0.8481 191 127
296-0-1-0.05-50-0 0 2500 18 28 6 9 0.2181 0.3846 226 311
