299-1-1-0.05-50-0 1 2302 14 13 92 151 0.8451 0.8878 105 151
299-1-1-0.05-50-0 1 2302 37 16 6 4 0.8481 0.2228 127 149
299-1-1-0.05-50-0 1 2302 1 10 146 356 0.2520 0.2533 409 449
299-1-1-0.05-50-0 1 2302 14 43 92 66 0.8451 0.8316 105 123
299-1-1-0.05-50-0 1 2302 14 41 92 91 0.8451 0.9621 105 105
299-1-1-0.05-50-0 1 2302 1 10 146 355 0.2520 0.2533 409 449
299-1-1-0.05-50-0 1 2302 36 36 46 46 0.8162 0.8162 165 165
299-1-1-0.05-50-0 1 2303 14 13 92 151 0.8451 0.8878 105 151
299-1-1-0.05-50-0 1 2303 19 19 17 17 0.8072 0.8072 134 134
299-1-1-0.05-50-0 1 2303 19 19 16 16 0.8072 0.8072 134 134
299-1-1-0.05-50-0 1 2303 1 10 145 365 0.2520 0.2533 409 449
299-1-1-0.05-50-0 1 2303 39 39 12 12 0.2187 0.2187 309 309
299-1-1-0.05-50-0 1 2304 36 43 48 69 0.8162 0.8316 165 123
299-1-1-0.05-50-0 1 2304 19 19 17 17 0.8072 0.8072 134 134
299-1-1-0.05-50-0 1 2304 14 19 97 16 0.8451 0.8072 105 134
299-1-1-0.05-50-0 1 2304 1 10 148 375 0.2520 0.2533 409 449
299-1-1-0.05-50-0 1 2304 14 42 97 1 0.8451 0.7447 105 106
299-1-1-0.05-50-0 1 2304 14 41 97 95 0.8451 0.9621 105 105
299-1-1-0.05-50-0 1 2304 1 10 148 374 0.2520 0.2533 409 449
299-1-1-0.05-50-0 1 2304 36 2 48 115 0.8162 0.8198 165 167
299-1-1-0.05-50-0 1 2305 14 41 95 93 0.8451 0.9621 105 105
299-1-1-0.05-50-0 1 2305 1 10 154 375 0.2520 0.2533 409 449
299-1-1-0.05-50-0 1 2305 14 13 95 147 0.8451 0.8878 105 151
299-1-1-0.05-50-0 1 2305 1 10 154 374 0.2520 0.2533 409 449
299-1-1-0.05-50-0 1 2305 36 36 47 47 0.8162 0.8162 165 165
299-1-1-0.05-50-0 1 2305 36 36 46 46 0.8162 0.8162 165 165
299-1-1-0.05-50-0 1 2305 36 19 45 14 0.8162 0.8072 165 134
299-1-1-0.05-50-0 1 2306 2 29 122 2 0.8198 0.6728 167 177
299-1-1-0.05-50-0 1 2306 36 26 47 95 0.8162 0.8171 165 141
299-1-1-0.05-50-0 1 2306 36 43 47 69 0.8162 0.8316 165 123
299-1-1-0.05-50-0 1 2306 1 10 157 383 0.2520 0.2533 409 449
299-1-1-0.05-50-0 1 2306 14 26 101 94 0.8451 0.8171 105 141
299-1-1-0.05-50-0 1 2307 1 10 158 387 0.2520 0.2533 409 449
299-1-1-0.05-50-0 1 2307 1 10 158 386 0.2520 0.2533 409 449
299-1-1-0.05-50-0 1 2307 1 1 158 158 0.2520 0.2520 409 409
299-1-1-0.05-50-0 1 2307 1 1 157 157 0.2520 0.2520 409 409
299-1-1-0.05-50-0 1 2307 39 23 9 6 0.2187 0.1698 309 476
299-1-1-0.05-50-0 1 2307 39 39 9 9 0.2187 0.2187 309 309
299-1-1-0.05-50-0 1 2308 1 10 160 387 0.2520 0.2533 409 449
299-1-1-0.05-50-0 1 2308 36 26 50 87 0.8162 0.8171 165 141
299-1-1-0.05-50-0 1 2308 14 43 98 74 0.8451 0.8316 105 123
299-1-1-0.05-50-0 1 2308 14 40 98 23 0.8451 0.9739 105 104
299-1-1-0.05-50-0 1 2308 36 43 50 73 0.8162 0.8316 165 123
299-1-1-0.05-50-0 1 2308 1 10 160 386 0.2520 0.2533 409 449
299-1-1-0.05-50-0 1 2309 14 41 98 89 0.8451 0.9621 105 105
299-1-1-0.05-50-0 1 2309 14 36 98 48 0.8451 0.8162 105 165
299-1-1-0.05-50-0 1 2309 23 23 6 6 0.1698 0.1698 476 476
299-1-1-0.05-50-0 1 2309 1 10 154 386 0.2520 0.2533 409 449
299-1-1-0.05-50-0 1 2309 14 36 98 47 0.8451 0.8162 105 165
299-1-1-0.05-50-0 1 2309 36 2 46 120 0.8162 0.8198 165 167
299-1-1-0.05-50-0 1 2309 1 1 154 154 0.2520 0.2520 409 409
299-1-1-0.05-50-0 1 2309 36 43 46 74 0.8162 0.8316 165 123
299-1-1-0.05-50-0 1 2310 1 10 157 402 0.2520 0.2533 409 449
299-1-1-0.05-50-0 1 2310 1 10 157 401 0.2520 0.2533 409 449
299-1-1-0.05-50-0 1 2310 19 19 13 13 0.8072 0.8072 134 134
299-1-1-0.05-50-0 1 2310 1 10 157 400 0.2520 0.2533 409 449
299-1-1-0.05-50-0 1 2310 1 1 157 157 0.2520 0.2520 409 409
299-1-1-0.05-50-0 1 2311 36 2 47 124 0.8162 0.8198 165 167
299-1-1-0.05-50-0 1 2311 1 10 157 398 0.2520 0.2533 409 449
299-1-1-0.05-50-0 1 2311 36 43 47 75 0.8162 0.8316 165 123
299-1-1-0.05-50-0 1 2311 1 10 157 397 0.2520 0.2533 409 449
299-1-1-0.05-50-0 1 2311 2 29 123 1 0.8198 0.6728 167 177
299-1-1-0.05-50-0 1 2311 1 1 157 157 0.2520 0.2520 409 409
299-1-1-0.05-50-0 1 2311 1 10 156 396 0.2520 0.2533 409 449
299-1-1-0.05-50-0 1 2311 1 10 156 395 0.2520 0.2533 409 449
299-1-1-0.05-50-0 1 2312 39 39 9 9 0.2187 0.2187 309 309
299-1-1-0.05-50-0 1 2312 1 1 159 159 0.2520 0.2520 409 409
299-1-1-0.05-50-0 1 2312 1 1 158 158 0.2520 0.2520 409 409
299-1-1-0.05-50-0 1 2312 1 10 157 403 0.2520 0.2533 409 449
299-1-1-0.05-50-0 1 2312 14 14 101 101 0.8451 0.8451 105 105
299-1-1-0.05-50-0 1 2312 1 10 157 402 0.2520 0.2533 409 449
299-1-1-0.05-50-0 1 2312 1 10 157 401 0.2520 0.2533 409 449
299-1-1-0.05-50-0 1 2313 1 10 158 413 0.2520 0.2533 409 449
299-1-1-0.05-50-0 1 2313 1 10 158 412 0.2520 0.2533 409 449
299-1-1-0.05-50-0 1 2313 14 41 100 85 0.8451 0.9621 105 105
299-1-1-0.05-50-0 1 2313 1 10 158 411 0.2520 0.2533 409 449
299-1-1-0.05-50-0 1 2313 14 13 100 143 0.8451 0.8878 105 151
299-1-1-0.05-50-0 1 2313 14 36 100 50 0.8451 0.8162 105 165
299-1-1-0.05-50-0 1 2313 1 10 158 410 0.2520 0.2533 409 449
299-1-1-0.05-50-0 1 2313 1 10 158 409 0.2520 0.2533 409 449
299-1-1-0.05-50-0 1 2313 14 14 100 100 0.8451 0.8451 105 105
299-1-1-0.05-50-0 1 2314 1 18 156 5 0.2520 0.2181 409 226
299-1-1-0.05-50-0 1 2314 14 41 100 81 0.8451 0.9621 105 105
299-1-1-0.05-50-0 1 2314 1 10 156 415 0.2520 0.2533 409 449
299-1-1-0.05-50-0 1 2314 14 36 100 49 0.8451 0.8162 105 165
299-1-1-0.05-50-0 1 2314 1 1 156 156 0.2520 0.2520 409 409
299-1-1-0.05-50-0 1 2314 36 14 48 100 0.8162 0.8451 165 105
299-1-1-0.05-50-0 1 2314 36 19 48 13 0.8162 0.8072 165 134
299-1-1-0.05-50-0 1 2315 40 15 19 2 0.9739 0.7918 104 149
299-1-1-0.05-50-0 1 2315 14 13 100 146 0.8451 0.8878 105 151
299-1-1-0.05-50-0 1 2315 1 10 156 421 0.2520 0.2533 409 449
299-1-1-0.05-50-0 1 2315 1 10 156 420 0.2520 0.2533 409 449
299-1-1-0.05-50-0 1 2315 1 10 156 419 0.2520 0.2533 409 449
299-1-1-0.05-50-0 1 2315 1 10 156 418 0.2520 0.2533 409 449
299-1-1-0.05-50-0 1 2315 1 10 156 417 0.2520 0.2533 409 449
299-1-1-0.05-50-0 1 2315 1 10 156 416 0.2520 0.2533 409 449
299-1-1-0.05-50-0 1 2315 14 25 100 47 0.8451 0.9430 105 125
299-1-1-0.05-50-0 1 2315 2 32 118 1 0.8198 0.6514 167 215
299-1-1-0.05-50-0 1 2315 1 10 156 415 0.2520 0.2533 409 449
299-1-1-0.05-50-0 1 2316 1 10 153 416 0.2520 0.2533 409 449
299-1-1-0.05-50-0 1 2316 36 2 49 113 0.8162 0.8198 165 167
299-1-1-0.05-50-0 1 2316 1 10 153 415 0.2520 0.2533 409 449
299-1-1-0.05-50-0 1 2316 14 14 101 101 0.8451 0.8451 105 105
299-1-1-0.05-50-0 1 2316 39 39 8 8 0.2187 0.2187 309 309
299-1-1-0.05-50-0 1 2316 14 13 100 142 0.8451 0.8878 105 151
299-1-1-0.05-50-0 1 2316 1 10 153 414 0.2520 0.2533 409 449
299-1-1-0.05-50-0 1 2316 14 2 100 112 0.8451 0.8198 105 167
299-1-1-0.05-50-0 1 2316 1 10 153 413 0.2520 0.2533 409 449
299-1-1-0.05-50-0 1 2317 2 38 113 2 0.8198 0.6163 167 270
299-1-1-0.05-50-0 1 2317 41 11 74 1 0.9621 0.0504 105 384
299-1-1-0.05-50-0 1 2317 1 10 152 419 0.2520 0.2533 409 449
299-1-1-0.05-50-0 1 2317 14 2 97 113 0.8451 0.8198 105 167
299-1-1-0.05-50-0 1 2317 1 10 152 418 0.2520 0.2533 409 449
299-1-1-0.05-50-0 1 2317 1 10 152 417 0.2520 0.2533 409 449
299-1-1-0.05-50-0 1 2318 14 2 94 112 0.8451 0.8198 105 167
299-1-1-0.05-50-0 1 2318 1 1 156 156 0.2520 0.2520 409 409
299-1-1-0.05-50-0 1 2318 1 10 155 417 0.2520 0.2533 409 449
299-1-1-0.05-50-0 1 2318 14 7 94 5 0.8451 0.9267 105 106
299-1-1-0.05-50-0 1 2318 1 1 155 155 0.2520 0.2520 409 409
299-1-1-0.05-50-0 1 2318 14 25 94 50 0.8451 0.9430 105 125
299-1-1-0.05-50-0 1 2318 14 36 94 46 0.8451 0.8162 105 165
299-1-1-0.05-50-0 1 2318 1 10 154 416 0.2520 0.2533 409 449
299-1-1-0.05-50-0 1 2318 1 10 154 415 0.2520 0.2533 409 449
299-1-1-0.05-50-0 1 2319 2 38 111 1 0.8198 0.6163 167 270
299-1-1-0.05-50-0 1 2319 41 5 76 2 0.9621 0.0007 105 226
299-1-1-0.05-50-0 1 2319 1 10 156 426 0.2520 0.2533 409 449
299-1-1-0.05-50-0 1 2319 1 10 156 425 0.2520 0.2533 409 449
299-1-1-0.05-50-0 1 2319 19 19 13 13 0.8072 0.8072 134 134
299-1-1-0.05-50-0 1 2319 1 10 156 424 0.2520 0.2533 409 449
299-1-1-0.05-50-0 1 2319 1 10 156 423 0.2520 0.2533 409 449
299-1-1-0.05-50-0 1 2320 14 41 100 76 0.8451 0.9621 105 105
299-1-1-0.05-50-0 1 2320 1 10 155 420 0.2520 0.2533 409 449
299-1-1-0.05-50-0 1 2320 1 10 155 419 0.2520 0.2533 409 449
299-1-1-0.05-50-0 1 2320 14 43 100 75 0.8451 0.8316 105 123
299-1-1-0.05-50-0 1 2320 36 36 52 52 0.8162 0.8162 165 165
299-1-1-0.05-50-0 1 2320 1 1 155 155 0.2520 0.2520 409 409
299-1-1-0.05-50-0 1 2320 1 10 154 418 0.2520 0.2533 409 449
299-1-1-0.05-50-0 1 2320 14 43 100 74 0.8451 0.8316 105 123
299-1-1-0.05-50-0 1 2321 1 1 159 159 0.2520 0.2520 409 409
299-1-1-0.05-50-0 1 2321 1 10 158 421 0.2520 0.2533 409 449
299-1-1-0.05-50-0 1 2321 1 1 158 158 0.2520 0.2520 409 409
299-1-1-0.05-50-0 1 2321 14 13 98 141 0.8451 0.8878 105 151
299-1-1-0.05-50-0 1 2321 1 1 157 157 0.2520 0.2520 409 409
299-1-1-0.05-50-0 1 2321 14 26 98 94 0.8451 0.8171 105 141
299-1-1-0.05-50-0 1 2321 1 1 156 156 0.2520 0.2520 409 409
299-1-1-0.05-50-0 1 2321 14 25 98 51 0.8451 0.9430 105 125
299-1-1-0.05-50-0 1 2321 2 32 110 1 0.8198 0.6514 167 215
299-1-1-0.05-50-0 1 2322 1 1 156 156 0.2520 0.2520 409 409
299-1-1-0.05-50-0 1 2322 14 2 102 108 0.8451 0.8198 105 167
299-1-1-0.05-50-0 1 2322 2 17 107 1 0.8198 0.6398 167 197
299-1-1-0.05-50-0 1 2323 14 2 105 101 0.8451 0.8198 105 167
299-1-1-0.05-50-0 1 2323 1 1 155 155 0.2520 0.2520 409 409
299-1-1-0.05-50-0 1 2323 1 10 154 426 0.2520 0.2533 409 449
299-1-1-0.05-50-0 1 2323 14 2 105 100 0.8451 0.8198 105 167
299-1-1-0.05-50-0 1 2323 14 14 105 105 0.8451 0.8451 105 105
299-1-1-0.05-50-0 1 2323 1 10 154 425 0.2520 0.2533 409 449
299-1-1-0.05-50-0 1 2323 14 2 104 99 0.8451 0.8198 105 167
299-1-1-0.05-50-0 1 2323 14 13 104 141 0.8451 0.8878 105 151
299-1-1-0.05-50-0 1 2323 36 43 49 73 0.8162 0.8316 165 123
299-1-1-0.05-50-0 1 2324 14 41 103 75 0.8451 0.9621 105 105
299-1-1-0.05-50-0 1 2324 14 14 103 103 0.8451 0.8451 105 105
299-1-1-0.05-50-0 1 2324 14 43 102 71 0.8451 0.8316 105 123
299-1-1-0.05-50-0 1 2324 1 10 152 433 0.2520 0.2533 409 449
299-1-1-0.05-50-0 1 2324 1 1 152 152 0.2520 0.2520 409 409
299-1-1-0.05-50-0 1 2324 1 10 151 432 0.2520 0.2533 409 449
299-1-1-0.05-50-0 1 2324 1 10 151 431 0.2520 0.2533 409 449
299-1-1-0.05-50-0 1 2325 1 1 148 148 0.2520 0.2520 409 409
299-1-1-0.05-50-0 1 2325 1 10 147 434 0.2520 0.2533 409 449
299-1-1-0.05-50-0 1 2325 14 2 102 106 0.8451 0.8198 105 167
299-1-1-0.05-50-0 1 2325 36 14 53 102 0.8162 0.8451 165 105
299-1-1-0.05-50-0 1 2325 36 36 53 53 0.8162 0.8162 165 165
299-1-1-0.05-50-0 1 2325 19 19 11 11 0.8072 0.8072 134 134
299-1-1-0.05-50-0 1 2326 1 10 146 441 0.2520 0.2533 409 449
299-1-1-0.05-50-0 1 2326 14 41 96 77 0.8451 0.9621 105 105
299-1-1-0.05-50-0 1 2326 1 1 146 146 0.2520 0.2520 409 409
299-1-1-0.05-50-0 1 2326 14 13 96 143 0.8451 0.8878 105 151
299-1-1-0.05-50-0 1 2326 1 1 145 145 0.2520 0.2520 409 409
299-1-1-0.05-50-0 1 2326 41 4 76 1 0.9621 0.0723 105 351
299-1-1-0.05-50-0 1 2326 36 2 51 103 0.8162 0.8198 165 167
299-1-1-0.05-50-0 1 2326 1 1 144 144 0.2520 0.2520 409 409
299-1-1-0.05-50-0 1 2326 1 10 143 440 0.2520 0.2533 409 449
299-1-1-0.05-50-0 1 2327 19 19 10 10 0.8072 0.8072 134 134
299-1-1-0.05-50-0 1 2327 39 18 6 6 0.2187 0.2181 309 226
299-1-1-0.05-50-0 1 2327 1 10 138 449 0.2520 0.2533 409 449
299-1-1-0.05-50-0 1 2327 14 43 98 70 0.8451 0.8316 105 123
299-1-1-0.05-50-0 1 2328 1 10 139 449 0.2520 0.2533 409 449
299-1-1-0.05-50-0 1 2328 14 25 98 46 0.8451 0.9430 105 125
299-1-1-0.05-50-0 1 2328 1 10 139 448 0.2520 0.2533 409 449
299-1-1-0.05-50-0 1 2328 36 43 51 73 0.8162 0.8316 165 123
299-1-1-0.05-50-0 1 2328 1 10 139 447 0.2520 0.2533 409 449
299-1-1-0.05-50-0 1 2329 36 43 52 74 0.8162 0.8316 165 123
299-1-1-0.05-50-0 1 2329 1 10 135 449 0.2520 0.2533 409 449
299-1-1-0.05-50-0 1 2329 1 10 135 448 0.2520 0.2533 409 449
299-1-1-0.05-50-0 1 2329 1 10 135 447 0.2520 0.2533 409 449
299-1-1-0.05-50-0 1 2329 14 14 99 99 0.8451 0.8451 105 105
299-1-1-0.05-50-0 1 2330 1 10 134 447 0.2520 0.2533 409 449
299-1-1-0.05-50-0 1 2330 36 2 50 95 0.8162 0.8198 165 167
299-1-1-0.05-50-0 1 2330 1 10 134 446 0.2520 0.2533 409 449
299-1-1-0.05-50-0 1 2331 36 14 51 97 0.8162 0.8451 165 105
299-1-1-0.05-50-0 1 2331 14 2 96 92 0.8451 0.8198 105 167
299-1-1-0.05-50-0 1 2331 14 2 96 91 0.8451 0.8198 105 167
299-1-1-0.05-50-0 1 2331 14 43 96 78 0.8451 0.8316 105 123
299-1-1-0.05-50-0 1 2331 14 26 96 114 0.8451 0.8171 105 141
299-1-1-0.05-50-0 1 2331 1 10 132 449 0.2520 0.2533 409 449
299-1-1-0.05-50-0 1 2332 1 10 130 449 0.2520 0.2533 409 449
299-1-1-0.05-50-0 1 2332 2 29 94 1 0.8198 0.6728 167 177
299-1-1-0.05-50-0 1 2332 1 1 130 130 0.2520 0.2520 409 409
299-1-1-0.05-50-0 1 2332 14 26 102 112 0.8451 0.8171 105 141
299-1-1-0.05-50-0 1 2332 14 14 102 102 0.8451 0.8451 105 105
299-1-1-0.05-50-0 1 2332 14 14 101 101 0.8451 0.8451 105 105
299-1-1-0.05-50-0 1 2333 14 13 100 143 0.8451 0.8878 105 151
299-1-1-0.05-50-0 1 2333 36 43 51 81 0.8162 0.8316 165 123
299-1-1-0.05-50-0 1 2333 1 10 139 449 0.2520 0.2533 409 449
299-1-1-0.05-50-0 1 2333 1 10 139 448 0.2520 0.2533 409 449
299-1-1-0.05-50-0 1 2333 1 1 139 139 0.2520 0.2520 409 409
299-1-1-0.05-50-0 1 2333 36 26 51 115 0.8162 0.8171 165 141
299-1-1-0.05-50-0 1 2333 39 23 8 9 0.2187 0.1698 309 476
299-1-1-0.05-50-0 1 2334 14 41 99 68 0.8451 0.9621 105 105
299-1-1-0.05-50-0 1 2334 39 39 8 8 0.2187 0.2187 309 309
299-1-1-0.05-50-0 1 2334 26 3 118 1 0.8171 0.4813 141 321
299-1-1-0.05-50-0 1 2334 14 14 99 99 0.8451 0.8451 105 105
299-1-1-0.05-50-0 1 2334 1 10 141 438 0.2520 0.2533 409 449
299-1-1-0.05-50-0 1 2334 1 10 141 437 0.2520 0.2533 409 449
299-1-1-0.05-50-0 1 2334 14 25 98 40 0.8451 0.9430 105 125
299-1-1-0.05-50-0 1 2334 2 9 93 1 0.8198 0.6134 167 161
299-1-1-0.05-50-0 1 2335 14 14 95 95 0.8451 0.8451 105 105
299-1-1-0.05-50-0 1 2335 40 28 20 5 0.9739 0.3846 104 311
299-1-1-0.05-50-0 1 2335 36 2 52 100 0.8162 0.8198 165 167
299-1-1-0.05-50-0 1 2335 36 43 52 83 0.8162 0.8316 165 123
299-1-1-0.05-50-0 1 2335 1 10 141 436 0.2520 0.2533 409 449
299-1-1-0.05-50-0 1 2335 14 13 94 146 0.8451 0.8878 105 151
299-1-1-0.05-50-0 1 2335 1 10 141 435 0.2520 0.2533 409 449
299-1-1-0.05-50-0 1 2335 14 13 94 145 0.8451 0.8878 105 151
299-1-1-0.05-50-0 1 2335 37 23 12 8 0.8481 0.1698 127 476
299-1-1-0.05-50-0 1 2335 14 2 94 99 0.8451 0.8198 105 167
299-1-1-0.05-50-0 1 2335 14 14 94 94 0.8451 0.8451 105 105
299-1-1-0.05-50-0 1 2336 1 10 137 436 0.2520 0.2533 409 449
299-1-1-0.05-50-0 1 2336 14 43 94 80 0.8451 0.8316 105 123
299-1-1-0.05-50-0 1 2336 26 28 123 4 0.8171 0.3846 141 311
299-1-1-0.05-50-0 1 2336 14 26 94 123 0.8451 0.8171 105 141
299-1-1-0.05-50-0 1 2336 1 10 137 435 0.2520 0.2533 409 449
299-1-1-0.05-50-0 1 2336 14 26 94 122 0.8451 0.8171 105 141
299-1-1-0.05-50-0 1 2336 1 1 137 137 0.2520 0.2520 409 409
299-1-1-0.05-50-0 1 2337 1 10 140 440 0.2520 0.2533 409 449
299-1-1-0.05-50-0 1 2337 1 10 140 439 0.2520 0.2533 409 449
299-1-1-0.05-50-0 1 2337 19 19 9 9 0.8072 0.8072 134 134
299-1-1-0.05-50-0 1 2337 39 16 7 7 0.2187 0.2228 309 149
299-1-1-0.05-50-0 1 2337 36 2 55 100 0.8162 0.8198 165 167
299-1-1-0.05-50-0 1 2337 1 10 140 438 0.2520 0.2533 409 449
299-1-1-0.05-50-0 1 2337 1 10 140 437 0.2520 0.2533 409 449
299-1-1-0.05-50-0 1 2338 1 10 146 444 0.2520 0.2533 409 449
299-1-1-0.05-50-0 1 2338 1 1 146 146 0.2520 0.2520 409 409
299-1-1-0.05-50-0 1 2338 1 10 145 443 0.2520 0.2533 409 449
299-1-1-0.05-50-0 1 2339 36 43 56 82 0.8162 0.8316 165 123
299-1-1-0.05-50-0 1 2339 14 26 99 119 0.8451 0.8171 105 141
299-1-1-0.05-50-0 1 2339 1 16 149 7 0.2520 0.2228 409 149
299-1-1-0.05-50-0 1 2339 19 19 9 9 0.8072 0.8072 134 134
299-1-1-0.05-50-0 1 2339 36 2 56 98 0.8162 0.8198 165 167
299-1-1-0.05-50-0 1 2339 1 1 149 149 0.2520 0.2520 409 409
299-1-1-0.05-50-0 1 2340 37 39 12 7 0.8481 0.2187 127 309
299-1-1-0.05-50-0 1 2340 19 33 7 1 0.8072 0.6893 134 191
299-1-1-0.05-50-0 1 2340 1 10 149 449 0.2520 0.2533 409 449
299-1-1-0.05-50-0 1 2341 36 36 58 58 0.8162 0.8162 165 165
299-1-1-0.05-50-0 1 2341 14 37 96 12 0.8451 0.8481 105 127
299-1-1-0.05-50-0 1 2341 1 1 148 148 0.2520 0.2520 409 409
299-1-1-0.05-50-0 1 2341 14 41 96 63 0.8451 0.9621 105 105
299-1-1-0.05-50-0 1 2342 1 1 149 149 0.2520 0.2520 409 409
299-1-1-0.05-50-0 1 2342 36 2 55 89 0.8162 0.8198 165 167
299-1-1-0.05-50-0 1 2342 36 26 55 117 0.8162 0.8171 165 141
299-1-1-0.05-50-0 1 2342 1 10 148 449 0.2520 0.2533 409 449
299-1-1-0.05-50-0 1 2342 14 13 97 151 0.8451 0.8878 105 151
299-1-1-0.05-50-0 1 2342 1 10 148 448 0.2520 0.2533 409 449
299-1-1-0.05-50-0 1 2343 14 2 96 87 0.8451 0.8198 105 167
299-1-1-0.05-50-0 1 2343 1 1 155 155 0.2520 0.2520 409 409
299-1-1-0.05-50-0 1 2343 1 10 154 449 0.2520 0.2533 409 449
299-1-1-0.05-50-0 1 2343 1 1 154 154 0.2520 0.2520 409 409
299-1-1-0.05-50-0 1 2343 36 26 56 119 0.8162 0.8171 165 141
299-1-1-0.05-50-0 1 2343 26 28 118 3 0.8171 0.3846 141 311
299-1-1-0.05-50-0 1 2343 36 26 56 118 0.8162 0.8171 165 141
299-1-1-0.05-50-0 1 2343 1 1 153 153 0.2520 0.2520 409 409
299-1-1-0.05-50-0 1 2343 1 10 152 448 0.2520 0.2533 409 449
299-1-1-0.05-50-0 1 2343 1 10 152 447 0.2520 0.2533 409 449
299-1-1-0.05-50-0 1 2343 1 10 152 446 0.2520 0.2533 409 449
299-1-1-0.05-50-0 1 2343 14 13 96 151 0.8451 0.8878 105 151
299-1-1-0.05-50-0 1 2344 26 28 123 2 0.8171 0.3846 141 311
299-1-1-0.05-50-0 1 2344 1 10 155 447 0.2520 0.2533 409 449
299-1-1-0.05-50-0 1 2344 36 14 53 95 0.8162 0.8451 165 105
299-1-1-0.05-50-0 1 2344 36 14 53 94 0.8162 0.8451 165 105
299-1-1-0.05-50-0 1 2344 36 26 53 123 0.8162 0.8171 165 141
299-1-1-0.05-50-0 1 2345 1 10 159 448 0.2520 0.2533 409 449
299-1-1-0.05-50-0 1 2345 41 11 72 1 0.9621 0.0504 105 384
299-1-1-0.05-50-0 1 2345 14 2 97 86 0.8451 0.8198 105 167
299-1-1-0.05-50-0 1 2345 1 10 159 447 0.2520 0.2533 409 449
299-1-1-0.05-50-0 1 2345 14 36 97 55 0.8451 0.8162 105 165
299-1-1-0.05-50-0 1 2345 1 1 159 159 0.2520 0.2520 409 409
299-1-1-0.05-50-0 1 2346 36 14 53 96 0.8162 0.8451 165 105
299-1-1-0.05-50-0 1 2346 1 10 159 449 0.2520 0.2533 409 449
299-1-1-0.05-50-0 1 2346 1 10 159 448 0.2520 0.2533 409 449
299-1-1-0.05-50-0 1 2346 1 10 159 447 0.2520 0.2533 409 449
299-1-1-0.05-50-0 1 2346 14 2 95 84 0.8451 0.8198 105 167
299-1-1-0.05-50-0 1 2346 41 4 73 2 0.9621 0.0723 105 351
299-1-1-0.05-50-0 1 2347 43 49 75 1 0.8316 0.1842 123 136
299-1-1-0.05-50-0 1 2347 1 10 160 449 0.2520 0.2533 409 449
299-1-1-0.05-50-0 1 2347 1 10 160 448 0.2520 0.2533 409 449
299-1-1-0.05-50-0 1 2347 14 13 95 151 0.8451 0.8878 105 151
299-1-1-0.05-50-0 1 2348 1 10 163 449 0.2520 0.2533 409 449
299-1-1-0.05-50-0 1 2348 14 13 92 148 0.8451 0.8878 105 151
299-1-1-0.05-50-0 1 2348 14 43 92 75 0.8451 0.8316 105 123
299-1-1-0.05-50-0 1 2348 37 39 13 7 0.8481 0.2187 127 309
299-1-1-0.05-50-0 1 2348 1 8 163 8 0.2520 0.2506 409 303
299-1-1-0.05-50-0 1 2348 36 26 55 116 0.8162 0.8171 165 141
299-1-1-0.05-50-0 1 2348 1 1 163 163 0.2520 0.2520 409 409
299-1-1-0.05-50-0 1 2349 36 26 54 118 0.8162 0.8171 165 141
299-1-1-0.05-50-0 1 2349 14 43 90 77 0.8451 0.8316 105 123
299-1-1-0.05-50-0 1 2349 1 10 161 449 0.2520 0.2533 409 449
299-1-1-0.05-50-0 1 2349 1 10 161 448 0.2520 0.2533 409 449
299-1-1-0.05-50-0 1 2349 26 28 117 2 0.8171 0.3846 141 311
299-1-1-0.05-50-0 1 2350 1 10 167 448 0.2520 0.2533 409 449
299-1-1-0.05-50-0 1 2350 36 37 55 15 0.8162 0.8481 165 127
299-1-1-0.05-50-0 1 2350 43 12 76 4 0.8316 0.1896 123 325
299-1-1-0.05-50-0 1 2350 1 10 167 447 0.2520 0.2533 409 449
299-1-1-0.05-50-0 1 2350 1 10 167 446 0.2520 0.2533 409 449
299-1-1-0.05-50-0 1 2351 1 10 172 449 0.2520 0.2533 409 449
299-1-1-0.05-50-0 1 2351 26 46 120 1 0.8171 0.3451 141 327
299-1-1-0.05-50-0 1 2351 14 43 89 72 0.8451 0.8316 105 123
299-1-1-0.05-50-0 1 2351 1 1 172 172 0.2520 0.2520 409 409
299-1-1-0.05-50-0 1 2351 14 26 89 120 0.8451 0.8171 105 141
299-1-1-0.05-50-0 1 2351 1 10 171 448 0.2520 0.2533 409 449
299-1-1-0.05-50-0 1 2352 1 10 176 449 0.2520 0.2533 409 449
299-1-1-0.05-50-0 1 2352 36 43 58 71 0.8162 0.8316 165 123
299-1-1-0.05-50-0 1 2352 1 10 176 448 0.2520 0.2533 409 449
299-1-1-0.05-50-0 1 2352 14 25 89 40 0.8451 0.9430 105 125
299-1-1-0.05-50-0 1 2352 26 28 121 1 0.8171 0.3846 141 311
299-1-1-0.05-50-0 1 2353 1 10 176 449 0.2520 0.2533 409 449
299-1-1-0.05-50-0 1 2353 36 26 58 121 0.8162 0.8171 165 141
299-1-1-0.05-50-0 1 2353 36 26 58 120 0.8162 0.8171 165 141
299-1-1-0.05-50-0 1 2353 14 26 89 119 0.8451 0.8171 105 141
299-1-1-0.05-50-0 1 2353 14 13 89 148 0.8451 0.8878 105 151
299-1-1-0.05-50-0 1 2353 36 36 58 58 0.8162 0.8162 165 165
299-1-1-0.05-50-0 1 2353 1 10 176 448 0.2520 0.2533 409 449
299-1-1-0.05-50-0 1 2353 1 10 176 447 0.2520 0.2533 409 449
299-1-1-0.05-50-0 1 2354 1 1 172 172 0.2520 0.2520 409 409
299-1-1-0.05-50-0 1 2354 1 10 171 449 0.2520 0.2533 409 449
299-1-1-0.05-50-0 1 2354 1 10 171 448 0.2520 0.2533 409 449
299-1-1-0.05-50-0 1 2354 14 41 86 68 0.8451 0.9621 105 105
299-1-1-0.05-50-0 1 2354 36 43 59 68 0.8162 0.8316 165 123
299-1-1-0.05-50-0 1 2354 1 10 171 447 0.2520 0.2533 409 449
299-1-1-0.05-50-0 1 2354 14 36 86 59 0.8451 0.8162 105 165
299-1-1-0.05-50-0 1 2355 1 10 175 443 0.2520 0.2533 409 449
299-1-1-0.05-50-0 1 2355 36 14 59 89 0.8162 0.8451 165 105
299-1-1-0.05-50-0 1 2355 1 10 175 442 0.2520 0.2533 409 449
299-1-1-0.05-50-0 1 2356 14 13 91 151 0.8451 0.8878 105 151
299-1-1-0.05-50-0 1 2356 14 41 91 65 0.8451 0.9621 105 105
299-1-1-0.05-50-0 1 2356 1 10 179 449 0.2520 0.2533 409 449
299-1-1-0.05-50-0 1 2356 1 10 179 448 0.2520 0.2533 409 449
299-1-1-0.05-50-0 1 2356 1 10 179 447 0.2520 0.2533 409 449
299-1-1-0.05-50-0 1 2356 1 1 179 179 0.2520 0.2520 409 409
299-1-1-0.05-50-0 1 2357 14 36 96 61 0.8451 0.8162 105 165
299-1-1-0.05-50-0 1 2357 1 23 176 9 0.2520 0.1698 409 476
299-1-1-0.05-50-0 1 2357 25 11 46 1 0.9430 0.0504 125 384
299-1-1-0.05-50-0 1 2357 41 4 63 2 0.9621 0.0723 105 351
299-1-1-0.05-50-0 1 2357 1 1 176 176 0.2520 0.2520 409 409
299-1-1-0.05-50-0 1 2357 16 23 5 8 0.2228 0.1698 149 476
299-1-1-0.05-50-0 1 2357 14 36 96 60 0.8451 0.8162 105 165
299-1-1-0.05-50-0 1 2358 1 10 177 449 0.2520 0.2533 409 449
299-1-1-0.05-50-0 1 2358 1 10 177 448 0.2520 0.2533 409 449
299-1-1-0.05-50-0 1 2358 1 10 177 447 0.2520 0.2533 409 449
299-1-1-0.05-50-0 1 2358 1 1 177 177 0.2520 0.2520 409 409
299-1-1-0.05-50-0 1 2359 14 13 103 150 0.8451 0.8878 105 151
299-1-1-0.05-50-0 1 2359 1 10 174 449 0.2520 0.2533 409 449
299-1-1-0.05-50-0 1 2359 1 10 174 448 0.2520 0.2533 409 449
299-1-1-0.05-50-0 1 2359 1 10 174 447 0.2520 0.2533 409 449
299-1-1-0.05-50-0 1 2359 1 10 174 446 0.2520 0.2533 409 449
299-1-1-0.05-50-0 1 2359 39 12 9 1 0.2187 0.1896 309 325
299-1-1-0.05-50-0 1 2359 14 47 103 11 0.8451 0.9293 105 103
299-1-1-0.05-50-0 1 2359 1 10 174 445 0.2520 0.2533 409 449
299-1-1-0.05-50-0 1 2359 1 1 174 174 0.2520 0.2520 409 409
299-1-1-0.05-50-0 1 2359 1 1 173 173 0.2520 0.2520 409 409
299-1-1-0.05-50-0 1 2359 36 36 63 63 0.8162 0.8162 165 165
299-1-1-0.05-50-0 1 2360 14 36 105 62 0.8451 0.8162 105 165
299-1-1-0.05-50-0 1 2360 14 13 105 146 0.8451 0.8878 105 151
299-1-1-0.05-50-0 1 2360 1 10 173 449 0.2520 0.2533 409 449
299-1-1-0.05-50-0 1 2360 1 1 173 173 0.2520 0.2520 409 409
299-1-1-0.05-50-0 1 2360 1 10 172 448 0.2520 0.2533 409 449
299-1-1-0.05-50-0 1 2361 14 37 105 14 0.8451 0.8481 105 127
299-1-1-0.05-50-0 1 2361 1 1 180 180 0.2520 0.2520 409 409
299-1-1-0.05-50-0 1 2361 14 36 105 60 0.8451 0.8162 105 165
299-1-1-0.05-50-0 1 2361 36 14 59 105 0.8162 0.8451 165 105
299-1-1-0.05-50-0 1 2361 1 1 179 179 0.2520 0.2520 409 409
299-1-1-0.05-50-0 1 2361 1 10 178 449 0.2520 0.2533 409 449
299-1-1-0.05-50-0 1 2362 14 19 105 11 0.8451 0.8072 105 134
299-1-1-0.05-50-0 1 2362 36 14 61 105 0.8162 0.8451 165 105
299-1-1-0.05-50-0 1 2362 1 10 180 449 0.2520 0.2533 409 449
299-1-1-0.05-50-0 1 2362 1 10 180 448 0.2520 0.2533 409 449
299-1-1-0.05-50-0 1 2362 14 14 104 104 0.8451 0.8451 105 105
299-1-1-0.05-50-0 1 2362 1 10 180 447 0.2520 0.2533 409 449
299-1-1-0.05-50-0 1 2362 1 10 180 446 0.2520 0.2533 409 449
299-1-1-0.05-50-0 1 2362 14 13 103 150 0.8451 0.8878 105 151
299-1-1-0.05-50-0 1 2363 14 13 102 149 0.8451 0.8878 105 151
299-1-1-0.05-50-0 1 2363 36 26 61 125 0.8162 0.8171 165 141
299-1-1-0.05-50-0 1 2363 1 10 175 448 0.2520 0.2533 409 449
299-1-1-0.05-50-0 1 2363 23 23 7 7 0.1698 0.1698 476 476
299-1-1-0.05-50-0 1 2363 1 1 175 175 0.2520 0.2520 409 409
299-1-1-0.05-50-0 1 2363 36 36 61 61 0.8162 0.8162 165 165
299-1-1-0.05-50-0 1 2363 1 10 174 447 0.2520 0.2533 409 449
299-1-1-0.05-50-0 1 2363 1 10 174 446 0.2520 0.2533 409 449
299-1-1-0.05-50-0 1 2363 1 10 174 445 0.2520 0.2533 409 449
299-1-1-0.05-50-0 1 2364 26 46 125 1 0.8171 0.3451 141 327
299-1-1-0.05-50-0 1 2364 37 23 12 5 0.8481 0.1698 127 476
299-1-1-0.05-50-0 1 2364 1 10 181 449 0.2520 0.2533 409 449
299-1-1-0.05-50-0 1 2364 36 14 63 97 0.8162 0.8451 165 105
299-1-1-0.05-50-0 1 2364 1 10 181 448 0.2520 0.2533 409 449
299-1-1-0.05-50-0 1 2364 36 26 63 125 0.8162 0.8171 165 141
299-1-1-0.05-50-0 1 2364 10 27 447 1 0.2533 0.0776 449 149
299-1-1-0.05-50-0 1 2364 19 19 10 10 0.8072 0.8072 134 134
299-1-1-0.05-50-0 1 2365 1 1 187 187 0.2520 0.2520 409 409
299-1-1-0.05-50-0 1 2365 1 1 186 186 0.2520 0.2520 409 409
299-1-1-0.05-50-0 1 2365 14 26 96 127 0.8451 0.8171 105 141
299-1-1-0.05-50-0 1 2365 36 14 64 96 0.8162 0.8451 165 105
299-1-1-0.05-50-0 1 2365 37 39 11 10 0.8481 0.2187 127 309
299-1-1-0.05-50-0 1 2365 14 2 95 71 0.8451 0.8198 105 167
299-1-1-0.05-50-0 1 2365 1 39 185 9 0.2520 0.2187 409 309
299-1-1-0.05-50-0 1 2365 1 10 185 449 0.2520 0.2533 409 449
299-1-1-0.05-50-0 1 2365 14 25 95 44 0.8451 0.9430 105 125
299-1-1-0.05-50-0 1 2365 14 13 95 147 0.8451 0.8878 105 151
299-1-1-0.05-50-0 1 2366 14 14 94 94 0.8451 0.8451 105 105
299-1-1-0.05-50-0 1 2366 37 39 10 7 0.8481 0.2187 127 309
299-1-1-0.05-50-0 1 2366 36 26 68 126 0.8162 0.8171 165 141
299-1-1-0.05-50-0 1 2366 1 1 195 195 0.2520 0.2520 409 409
299-1-1-0.05-50-0 1 2367 41 5 62 2 0.9621 0.0007 105 226
299-1-1-0.05-50-0 1 2367 1 10 192 449 0.2520 0.2533 409 449
299-1-1-0.05-50-0 1 2367 1 10 192 448 0.2520 0.2533 409 449
299-1-1-0.05-50-0 1 2367 36 19 67 10 0.8162 0.8072 165 134
299-1-1-0.05-50-0 1 2367 14 13 95 146 0.8451 0.8878 105 151
299-1-1-0.05-50-0 1 2367 1 10 192 447 0.2520 0.2533 409 449
299-1-1-0.05-50-0 1 2367 1 1 192 192 0.2520 0.2520 409 409
299-1-1-0.05-50-0 1 2367 1 10 191 446 0.2520 0.2533 409 449
299-1-1-0.05-50-0 1 2367 36 14 67 95 0.8162 0.8451 165 105
299-1-1-0.05-50-0 1 2367 37 16 11 5 0.8481 0.2228 127 149
299-1-1-0.05-50-0 1 2368 1 10 193 449 0.2520 0.2533 409 449
299-1-1-0.05-50-0 1 2368 1 1 193 193 0.2520 0.2520 409 409
299-1-1-0.05-50-0 1 2368 14 13 96 148 0.8451 0.8878 105 151
299-1-1-0.05-50-0 1 2368 36 26 72 128 0.8162 0.8171 165 141
299-1-1-0.05-50-0 1 2368 14 2 96 73 0.8451 0.8198 105 167
299-1-1-0.05-50-0 1 2368 36 36 72 72 0.8162 0.8162 165 165
299-1-1-0.05-50-0 1 2368 1 8 192 13 0.2520 0.2506 409 303
299-1-1-0.05-50-0 1 2368 37 23 13 4 0.8481 0.1698 127 476
299-1-1-0.05-50-0 1 2368 1 10 192 448 0.2520 0.2533 409 449
299-1-1-0.05-50-0 1 2368 36 2 71 72 0.8162 0.8198 165 167
299-1-1-0.05-50-0 1 2368 41 4 63 1 0.9621 0.0723 105 351
299-1-1-0.05-50-0 1 2369 36 2 72 71 0.8162 0.8198 165 167
299-1-1-0.05-50-0 1 2369 1 10 189 449 0.2520 0.2533 409 449
299-1-1-0.05-50-0 1 2369 36 43 72 67 0.8162 0.8316 165 123
299-1-1-0.05-50-0 1 2369 14 14 99 99 0.8451 0.8451 105 105
299-1-1-0.05-50-0 1 2369 1 10 189 448 0.2520 0.2533 409 449
299-1-1-0.05-50-0 1 2369 1 10 189 447 0.2520 0.2533 409 449
299-1-1-0.05-50-0 1 2369 1 10 189 446 0.2520 0.2533 409 449
299-1-1-0.05-50-0 1 2369 14 14 98 98 0.8451 0.8451 105 105
299-1-1-0.05-50-0 1 2369 1 1 189 189 0.2520 0.2520 409 409
299-1-1-0.05-50-0 1 2369 14 36 97 72 0.8451 0.8162 105 165
299-1-1-0.05-50-0 1 2370 1 1 193 193 0.2520 0.2520 409 409
299-1-1-0.05-50-0 1 2370 14 26 99 132 0.8451 0.8171 105 141
299-1-1-0.05-50-0 1 2370 14 41 99 60 0.8451 0.9621 105 105
299-1-1-0.05-50-0 1 2370 1 1 192 192 0.2520 0.2520 409 409
299-1-1-0.05-50-0 1 2370 1 10 191 449 0.2520 0.2533 409 449
299-1-1-0.05-50-0 1 2370 1 10 191 448 0.2520 0.2533 409 449
299-1-1-0.05-50-0 1 2370 37 39 16 7 0.8481 0.2187 127 309
299-1-1-0.05-50-0 1 2370 1 10 191 447 0.2520 0.2533 409 449
299-1-1-0.05-50-0 1 2370 36 26 70 131 0.8162 0.8171 165 141
299-1-1-0.05-50-0 1 2370 1 10 191 446 0.2520 0.2533 409 449
299-1-1-0.05-50-0 1 2371 1 10 192 444 0.2520 0.2533 409 449
299-1-1-0.05-50-0 1 2371 10 27 443 1 0.2533 0.0776 449 149
299-1-1-0.05-50-0 1 2371 1 10 192 443 0.2520 0.2533 409 449
299-1-1-0.05-50-0 1 2371 36 26 70 131 0.8162 0.8171 165 141
299-1-1-0.05-50-0 1 2371 36 26 70 130 0.8162 0.8171 165 141
299-1-1-0.05-50-0 1 2371 36 19 70 9 0.8162 0.8072 165 134
299-1-1-0.05-50-0 1 2372 37 23 16 3 0.8481 0.1698 127 476
299-1-1-0.05-50-0 1 2372 1 1 192 192 0.2520 0.2520 409 409
299-1-1-0.05-50-0 1 2372 1 10 191 443 0.2520 0.2533 409 449
299-1-1-0.05-50-0 1 2372 1 10 191 442 0.2520 0.2533 409 449
299-1-1-0.05-50-0 1 2372 1 10 191 441 0.2520 0.2533 409 449
299-1-1-0.05-50-0 1 2372 1 10 191 440 0.2520 0.2533 409 449
299-1-1-0.05-50-0 1 2372 1 1 191 191 0.2520 0.2520 409 409
299-1-1-0.05-50-0 1 2372 1 10 190 439 0.2520 0.2533 409 449
299-1-1-0.05-50-0 1 2373 14 14 93 93 0.8451 0.8451 105 105
299-1-1-0.05-50-0 1 2373 1 1 192 192 0.2520 0.2520 409 409
299-1-1-0.05-50-0 1 2373 1 1 191 191 0.2520 0.2520 409 409
299-1-1-0.05-50-0 1 2373 14 25 92 44 0.8451 0.9430 105 125
299-1-1-0.05-50-0 1 2373 36 43 71 68 0.8162 0.8316 165 123
299-1-1-0.05-50-0 1 2373 1 1 190 190 0.2520 0.2520 409 409
299-1-1-0.05-50-0 1 2373 1 10 189 438 0.2520 0.2533 409 449
299-1-1-0.05-50-0 1 2373 1 10 189 437 0.2520 0.2533 409 449
299-1-1-0.05-50-0 1 2373 1 10 189 436 0.2520 0.2533 409 449
299-1-1-0.05-50-0 1 2373 1 10 189 435 0.2520 0.2533 409 449
299-1-1-0.05-50-0 1 2373 37 39 16 7 0.8481 0.2187 127 309
299-1-1-0.05-50-0 1 2374 14 13 98 147 0.8451 0.8878 105 151
299-1-1-0.05-50-0 1 2374 1 1 189 189 0.2520 0.2520 409 409
299-1-1-0.05-50-0 1 2374 36 43 75 70 0.8162 0.8316 165 123
299-1-1-0.05-50-0 1 2374 14 13 98 146 0.8451 0.8878 105 151
299-1-1-0.05-50-0 1 2374 36 2 75 82 0.8162 0.8198 165 167
299-1-1-0.05-50-0 1 2374 39 16 6 3 0.2187 0.2228 309 149
299-1-1-0.05-50-0 1 2374 14 14 98 98 0.8451 0.8451 105 105
299-1-1-0.05-50-0 1 2374 1 10 188 437 0.2520 0.2533 409 449
299-1-1-0.05-50-0 1 2374 1 1 188 188 0.2520 0.2520 409 409
299-1-1-0.05-50-0 1 2374 1 8 187 14 0.2520 0.2506 409 303
299-1-1-0.05-50-0 1 2375 1 1 188 188 0.2520 0.2520 409 409
299-1-1-0.05-50-0 1 2375 1 1 187 187 0.2520 0.2520 409 409
299-1-1-0.05-50-0 1 2375 2 6 82 1 0.8198 0.4266 167 249
299-1-1-0.05-50-0 1 2375 14 25 94 49 0.8451 0.9430 105 125
299-1-1-0.05-50-0 1 2375 36 26 84 141 0.8162 0.8171 165 141
299-1-1-0.05-50-0 1 2375 1 10 186 449 0.2520 0.2533 409 449
299-1-1-0.05-50-0 1 2375 1 10 186 448 0.2520 0.2533 409 449
299-1-1-0.05-50-0 1 2375 1 10 186 447 0.2520 0.2533 409 449
299-1-1-0.05-50-0 1 2375 1 1 186 186 0.2520 0.2520 409 409
299-1-1-0.05-50-0 1 2375 14 13 94 147 0.8451 0.8878 105 151
299-1-1-0.05-50-0 1 2376 1 10 188 449 0.2520 0.2533 409 449
299-1-1-0.05-50-0 1 2376 14 25 94 48 0.8451 0.9430 105 125
299-1-1-0.05-50-0 1 2376 37 39 16 6 0.8481 0.2187 127 309
299-1-1-0.05-50-0 1 2376 14 47 94 10 0.8451 0.9293 105 103
299-1-1-0.05-50-0 1 2376 14 26 94 139 0.8451 0.8171 105 141
299-1-1-0.05-50-0 1 2376 37 18 16 5 0.8481 0.2181 127 226
299-1-1-0.05-50-0 1 2376 36 14 85 94 0.8162 0.8451 165 105
299-1-1-0.05-50-0 1 2376 1 10 188 448 0.2520 0.2533 409 449
299-1-1-0.05-50-0 1 2376 36 43 85 75 0.8162 0.8316 165 123
299-1-1-0.05-50-0 1 2376 36 14 85 93 0.8162 0.8451 165 105
299-1-1-0.05-50-0 1 2376 1 1 188 188 0.2520 0.2520 409 409
299-1-1-0.05-50-0 1 2377 36 26 85 137 0.8162 0.8171 165 141
299-1-1-0.05-50-0 1 2377 1 1 188 188 0.2520 0.2520 409 409
299-1-1-0.05-50-0 1 2377 1 1 187 187 0.2520 0.2520 409 409
299-1-1-0.05-50-0 1 2377 1 1 186 186 0.2520 0.2520 409 409
299-1-1-0.05-50-0 1 2377 1 10 185 449 0.2520 0.2533 409 449
299-1-1-0.05-50-0 1 2377 14 14 89 89 0.8451 0.8451 105 105
299-1-1-0.05-50-0 1 2377 1 10 185 448 0.2520 0.2533 409 449
299-1-1-0.05-50-0 1 2377 1 1 185 185 0.2520 0.2520 409 409
299-1-1-0.05-50-0 1 2377 1 10 184 447 0.2520 0.2533 409 449
299-1-1-0.05-50-0 1 2378 1 10 190 446 0.2520 0.2533 409 449
299-1-1-0.05-50-0 1 2378 1 1 190 190 0.2520 0.2520 409 409
299-1-1-0.05-50-0 1 2378 37 18 14 2 0.8481 0.2181 127 226
299-1-1-0.05-50-0 1 2378 1 10 189 445 0.2520 0.2533 409 449
299-1-1-0.05-50-0 1 2378 1 8 189 13 0.2520 0.2506 409 303
299-1-1-0.05-50-0 1 2378 36 26 84 136 0.8162 0.8171 165 141
299-1-1-0.05-50-0 1 2378 1 10 189 444 0.2520 0.2533 409 449
299-1-1-0.05-50-0 1 2378 1 1 189 189 0.2520 0.2520 409 409
299-1-1-0.05-50-0 1 2378 1 10 188 443 0.2520 0.2533 409 449
299-1-1-0.05-50-0 1 2378 14 41 86 69 0.8451 0.9621 105 105
299-1-1-0.05-50-0 1 2378 1 10 188 442 0.2520 0.2533 409 449
299-1-1-0.05-50-0 1 2379 14 41 89 71 0.8451 0.9621 105 105
299-1-1-0.05-50-0 1 2379 1 10 191 449 0.2520 0.2533 409 449
299-1-1-0.05-50-0 1 2379 2 33 85 1 0.8198 0.6893 167 191
299-1-1-0.05-50-0 1 2379 1 10 191 448 0.2520 0.2533 409 449
299-1-1-0.05-50-0 1 2379 2 31 85 2 0.8198 0.5626 167 252
299-1-1-0.05-50-0 1 2379 14 36 89 88 0.8451 0.8162 105 165
299-1-1-0.05-50-0 1 2379 1 10 191 447 0.2520 0.2533 409 449
299-1-1-0.05-50-0 1 2380 14 36 90 86 0.8451 0.8162 105 165
299-1-1-0.05-50-0 1 2380 1 10 191 449 0.2520 0.2533 409 449
299-1-1-0.05-50-0 1 2380 1 1 191 191 0.2520 0.2520 409 409
299-1-1-0.05-50-0 1 2380 14 26 90 134 0.8451 0.8171 105 141
299-1-1-0.05-50-0 1 2380 14 13 90 137 0.8451 0.8878 105 151
299-1-1-0.05-50-0 1 2380 1 10 190 448 0.2520 0.2533 409 449
299-1-1-0.05-50-0 1 2380 14 26 90 133 0.8451 0.8171 105 141
299-1-1-0.05-50-0 1 2381 1 1 197 197 0.2520 0.2520 409 409
299-1-1-0.05-50-0 1 2381 1 1 196 196 0.2520 0.2520 409 409
299-1-1-0.05-50-0 1 2381 1 1 195 195 0.2520 0.2520 409 409
299-1-1-0.05-50-0 1 2381 37 39 16 6 0.8481 0.2187 127 309
299-1-1-0.05-50-0 1 2381 1 1 194 194 0.2520 0.2520 409 409
299-1-1-0.05-50-0 1 2381 1 10 193 448 0.2520 0.2533 409 449
299-1-1-0.05-50-0 1 2381 14 14 92 92 0.8451 0.8451 105 105
299-1-1-0.05-50-0 1 2382 1 10 196 447 0.2520 0.2533 409 449
299-1-1-0.05-50-0 1 2382 1 10 196 446 0.2520 0.2533 409 449
299-1-1-0.05-50-0 1 2382 14 26 86 129 0.8451 0.8171 105 141
299-1-1-0.05-50-0 1 2382 1 10 196 445 0.2520 0.2533 409 449
299-1-1-0.05-50-0 1 2382 37 23 16 4 0.8481 0.1698 127 476
299-1-1-0.05-50-0 1 2382 36 37 86 16 0.8162 0.8481 165 127
299-1-1-0.05-50-0 1 2383 1 10 197 449 0.2520 0.2533 409 449
299-1-1-0.05-50-0 1 2383 1 1 197 197 0.2520 0.2520 409 409
299-1-1-0.05-50-0 1 2383 14 36 87 87 0.8451 0.8162 105 165
299-1-1-0.05-50-0 1 2383 1 10 196 448 0.2520 0.2533 409 449
299-1-1-0.05-50-0 1 2383 36 36 86 86 0.8162 0.8162 165 165
299-1-1-0.05-50-0 1 2383 14 36 87 85 0.8451 0.8162 105 165
299-1-1-0.05-50-0 1 2383 36 43 84 73 0.8162 0.8316 165 123
299-1-1-0.05-50-0 1 2383 1 10 196 447 0.2520 0.2533 409 449
299-1-1-0.05-50-0 1 2383 1 10 196 446 0.2520 0.2533 409 449
299-1-1-0.05-50-0 1 2384 14 43 85 68 0.8451 0.8316 105 123
299-1-1-0.05-50-0 1 2384 36 43 84 67 0.8162 0.8316 165 123
299-1-1-0.05-50-0 1 2384 26 45 130 1 0.8171 0.3816 141 173
299-1-1-0.05-50-0 1 2384 1 10 202 449 0.2520 0.2533 409 449
299-1-1-0.05-50-0 1 2384 37 39 16 5 0.8481 0.2187 127 309
299-1-1-0.05-50-0 1 2384 14 25 85 44 0.8451 0.9430 105 125
299-1-1-0.05-50-0 1 2384 1 10 202 448 0.2520 0.2533 409 449
299-1-1-0.05-50-0 1 2384 1 10 202 447 0.2520 0.2533 409 449
299-1-1-0.05-50-0 1 2384 14 36 85 84 0.8451 0.8162 105 165
299-1-1-0.05-50-0 1 2384 14 37 85 16 0.8451 0.8481 105 127
299-1-1-0.05-50-0 1 2384 1 10 202 446 0.2520 0.2533 409 449
299-1-1-0.05-50-0 1 2384 1 10 202 445 0.2520 0.2533 409 449
299-1-1-0.05-50-0 1 2385 1 10 199 449 0.2520 0.2533 409 449
299-1-1-0.05-50-0 1 2385 36 14 85 82 0.8162 0.8451 165 105
299-1-1-0.05-50-0 1 2385 14 41 81 73 0.8451 0.9621 105 105
299-1-1-0.05-50-0 1 2385 36 26 85 130 0.8162 0.8171 165 141
299-1-1-0.05-50-0 1 2385 1 1 199 199 0.2520 0.2520 409 409
299-1-1-0.05-50-0 1 2385 36 26 85 129 0.8162 0.8171 165 141
299-1-1-0.05-50-0 1 2385 19 19 13 13 0.8072 0.8072 134 134
299-1-1-0.05-50-0 1 2385 1 1 198 198 0.2520 0.2520 409 409
299-1-1-0.05-50-0 1 2386 20 31 3 2 0.9922 0.5626 102 252
299-1-1-0.05-50-0 1 2386 14 43 83 66 0.8451 0.8316 105 123
299-1-1-0.05-50-0 1 2386 1 1 195 195 0.2520 0.2520 409 409
299-1-1-0.05-50-0 1 2386 1 1 194 194 0.2520 0.2520 409 409
299-1-1-0.05-50-0 1 2386 14 14 83 83 0.8451 0.8451 105 105
299-1-1-0.05-50-0 1 2386 1 1 193 193 0.2520 0.2520 409 409
299-1-1-0.05-50-0 1 2386 1 1 192 192 0.2520 0.2520 409 409
299-1-1-0.05-50-0 1 2386 36 14 87 82 0.8162 0.8451 165 105
299-1-1-0.05-50-0 1 2386 1 10 191 449 0.2520 0.2533 409 449
299-1-1-0.05-50-0 1 2386 1 10 191 448 0.2520 0.2533 409 449
299-1-1-0.05-50-0 1 2386 14 26 81 127 0.8451 0.8171 105 141
299-1-1-0.05-50-0 1 2386 1 10 191 447 0.2520 0.2533 409 449
299-1-1-0.05-50-0 1 2387 1 10 195 449 0.2520 0.2533 409 449
299-1-1-0.05-50-0 1 2387 14 13 80 151 0.8451 0.8878 105 151
299-1-1-0.05-50-0 1 2387 36 26 86 124 0.8162 0.8171 165 141
299-1-1-0.05-50-0 1 2387 14 2 80 83 0.8451 0.8198 105 167
299-1-1-0.05-50-0 1 2387 1 10 195 448 0.2520 0.2533 409 449
299-1-1-0.05-50-0 1 2387 36 43 86 66 0.8162 0.8316 165 123
299-1-1-0.05-50-0 1 2387 36 36 86 86 0.8162 0.8162 165 165
299-1-1-0.05-50-0 1 2387 1 10 195 447 0.2520 0.2533 409 449
299-1-1-0.05-50-0 1 2388 36 43 87 64 0.8162 0.8316 165 123
299-1-1-0.05-50-0 1 2388 1 10 193 445 0.2520 0.2533 409 449
299-1-1-0.05-50-0 1 2388 1 10 193 444 0.2520 0.2533 409 449
299-1-1-0.05-50-0 1 2388 36 36 87 87 0.8162 0.8162 165 165
299-1-1-0.05-50-0 1 2388 1 10 193 443 0.2520 0.2533 409 449
299-1-1-0.05-50-0 1 2388 1 10 193 442 0.2520 0.2533 409 449
299-1-1-0.05-50-0 1 2388 1 10 193 441 0.2520 0.2533 409 449
299-1-1-0.05-50-0 1 2388 14 43 75 63 0.8451 0.8316 105 123
299-1-1-0.05-50-0 1 2388 1 10 193 440 0.2520 0.2533 409 449
299-1-1-0.05-50-0 1 2389 1 1 192 192 0.2520 0.2520 409 409
299-1-1-0.05-50-0 1 2389 1 10 191 439 0.2520 0.2533 409 449
299-1-1-0.05-50-0 1 2389 36 26 84 118 0.8162 0.8171 165 141
299-1-1-0.05-50-0 1 2389 43 49 62 1 0.8316 0.1842 123 136
299-1-1-0.05-50-0 1 2390 1 10 194 449 0.2520 0.2533 409 449
299-1-1-0.05-50-0 1 2390 19 17 11 1 0.8072 0.6398 134 197
299-1-1-0.05-50-0 1 2390 1 1 194 194 0.2520 0.2520 409 409
299-1-1-0.05-50-0 1 2390 36 43 84 64 0.8162 0.8316 165 123
299-1-1-0.05-50-0 1 2390 37 23 15 3 0.8481 0.1698 127 476
299-1-1-0.05-50-0 1 2390 1 10 193 448 0.2520 0.2533 409 449
299-1-1-0.05-50-0 1 2390 36 43 84 63 0.8162 0.8316 165 123
299-1-1-0.05-50-0 1 2390 2 38 83 1 0.8198 0.6163 167 270
299-1-1-0.05-50-0 1 2390 1 1 193 193 0.2520 0.2520 409 409
299-1-1-0.05-50-0 1 2391 1 10 199 449 0.2520 0.2533 409 449
299-1-1-0.05-50-0 1 2391 36 14 88 75 0.8162 0.8451 165 105
299-1-1-0.05-50-0 1 2391 1 10 199 448 0.2520 0.2533 409 449
299-1-1-0.05-50-0 1 2391 14 13 74 144 0.8451 0.8878 105 151
299-1-1-0.05-50-0 1 2391 36 2 88 87 0.8162 0.8198 165 167
299-1-1-0.05-50-0 1 2391 1 10 199 447 0.2520 0.2533 409 449
299-1-1-0.05-50-0 1 2392 14 36 74 88 0.8451 0.8162 105 165
299-1-1-0.05-50-0 1 2392 36 2 87 85 0.8162 0.8198 165 167
299-1-1-0.05-50-0 1 2392 36 43 87 64 0.8162 0.8316 165 123
299-1-1-0.05-50-0 1 2392 1 10 199 449 0.2520 0.2533 409 449
299-1-1-0.05-50-0 1 2392 1 1 199 199 0.2520 0.2520 409 409
299-1-1-0.05-50-0 1 2392 1 1 198 198 0.2520 0.2520 409 409
299-1-1-0.05-50-0 1 2392 1 1 197 197 0.2520 0.2520 409 409
299-1-1-0.05-50-0 1 2392 1 1 196 196 0.2520 0.2520 409 409
299-1-1-0.05-50-0 1 2392 19 19 14 14 0.8072 0.8072 134 134
299-1-1-0.05-50-0 1 2392 1 1 195 195 0.2520 0.2520 409 409
299-1-1-0.05-50-0 1 2392 14 14 74 74 0.8451 0.8451 105 105
299-1-1-0.05-50-0 1 2393 14 43 75 65 0.8451 0.8316 105 123
299-1-1-0.05-50-0 1 2393 19 19 13 13 0.8072 0.8072 134 134
299-1-1-0.05-50-0 1 2393 2 31 89 2 0.8198 0.5626 167 252
299-1-1-0.05-50-0 1 2393 1 1 191 191 0.2520 0.2520 409 409
299-1-1-0.05-50-0 1 2393 1 10 190 445 0.2520 0.2533 409 449
299-1-1-0.05-50-0 1 2393 1 10 190 444 0.2520 0.2533 409 449
299-1-1-0.05-50-0 1 2393 14 26 75 125 0.8451 0.8171 105 141
299-1-1-0.05-50-0 1 2393 36 43 88 64 0.8162 0.8316 165 123
299-1-1-0.05-50-0 1 2393 41 4 77 1 0.9621 0.0723 105 351
299-1-1-0.05-50-0 1 2393 36 26 88 124 0.8162 0.8171 165 141
299-1-1-0.05-50-0 1 2393 36 43 88 63 0.8162 0.8316 165 123
299-1-1-0.05-50-0 1 2393 14 13 75 146 0.8451 0.8878 105 151
299-1-1-0.05-50-0 1 2394 14 41 80 78 0.8451 0.9621 105 105
299-1-1-0.05-50-0 1 2394 26 21 121 1 0.8171 0.4184 141 158
299-1-1-0.05-50-0 1 2394 36 36 90 90 0.8162 0.8162 165 165
299-1-1-0.05-50-0 1 2394 1 10 187 442 0.2520 0.2533 409 449
299-1-1-0.05-50-0 1 2394 14 25 80 56 0.8451 0.9430 105 125
299-1-1-0.05-50-0 1 2394 1 1 187 187 0.2520 0.2520 409 409
299-1-1-0.05-50-0 1 2394 14 14 80 80 0.8451 0.8451 105 105
299-1-1-0.05-50-0 1 2394 14 2 79 89 0.8451 0.8198 105 167
299-1-1-0.05-50-0 1 2394 14 36 79 89 0.8451 0.8162 105 165
299-1-1-0.05-50-0 1 2394 2 44 88 1 0.8198 0.7034 167 118
299-1-1-0.05-50-0 1 2394 2 17 88 1 0.8198 0.6398 167 197
299-1-1-0.05-50-0 1 2394 39 23 5 2 0.2187 0.1698 309 476
299-1-1-0.05-50-0 1 2395 14 13 79 145 0.8451 0.8878 105 151
299-1-1-0.05-50-0 1 2395 1 10 189 443 0.2520 0.2533 409 449
299-1-1-0.05-50-0 1 2395 1 10 189 442 0.2520 0.2533 409 449
299-1-1-0.05-50-0 1 2395 1 1 189 189 0.2520 0.2520 409 409
299-1-1-0.05-50-0 1 2395 36 2 89 87 0.8162 0.8198 165 167
299-1-1-0.05-50-0 1 2395 1 10 188 441 0.2520 0.2533 409 449
299-1-1-0.05-50-0 1 2396 14 13 78 148 0.8451 0.8878 105 151
299-1-1-0.05-50-0 1 2396 36 26 95 129 0.8162 0.8171 165 141
299-1-1-0.05-50-0 1 2396 36 36 95 95 0.8162 0.8162 165 165
299-1-1-0.05-50-0 1 2396 36 2 94 84 0.8162 0.8198 165 167
299-1-1-0.05-50-0 1 2396 14 14 78 78 0.8451 0.8451 105 105
299-1-1-0.05-50-0 1 2396 1 10 195 449 0.2520 0.2533 409 449
299-1-1-0.05-50-0 1 2396 1 1 195 195 0.2520 0.2520 409 409
299-1-1-0.05-50-0 1 2396 36 14 94 77 0.8162 0.8451 165 105
299-1-1-0.05-50-0 1 2396 1 10 194 448 0.2520 0.2533 409 449
299-1-1-0.05-50-0 1 2396 36 2 94 83 0.8162 0.8198 165 167
299-1-1-0.05-50-0 1 2396 36 36 94 94 0.8162 0.8162 165 165
299-1-1-0.05-50-0 1 2396 1 10 194 447 0.2520 0.2533 409 449
299-1-1-0.05-50-0 1 2396 36 26 93 128 0.8162 0.8171 165 141
299-1-1-0.05-50-0 1 2396 36 2 93 82 0.8162 0.8198 165 167
299-1-1-0.05-50-0 1 2397 40 6 24 1 0.9739 0.4266 104 249
299-1-1-0.05-50-0 1 2397 14 2 76 78 0.8451 0.8198 105 167
299-1-1-0.05-50-0 1 2397 1 10 197 449 0.2520 0.2533 409 449
299-1-1-0.05-50-0 1 2397 14 36 76 94 0.8451 0.8162 105 165
299-1-1-0.05-50-0 1 2397 14 13 76 146 0.8451 0.8878 105 151
299-1-1-0.05-50-0 1 2397 1 10 197 448 0.2520 0.2533 409 449
299-1-1-0.05-50-0 1 2397 14 26 76 130 0.8451 0.8171 105 141
299-1-1-0.05-50-0 1 2397 43 49 73 3 0.8316 0.1842 123 136
299-1-1-0.05-50-0 1 2398 1 10 194 449 0.2520 0.2533 409 449
299-1-1-0.05-50-0 1 2398 1 1 194 194 0.2520 0.2520 409 409
299-1-1-0.05-50-0 1 2398 2 31 75 2 0.8198 0.5626 167 252
299-1-1-0.05-50-0 1 2398 1 1 193 193 0.2520 0.2520 409 409
299-1-1-0.05-50-0 1 2398 36 37 95 13 0.8162 0.8481 165 127
299-1-1-0.05-50-0 1 2398 14 19 75 11 0.8451 0.8072 105 134
299-1-1-0.05-50-0 1 2399 36 36 95 95 0.8162 0.8162 165 165
299-1-1-0.05-50-0 1 2399 1 10 190 445 0.2520 0.2533 409 449
299-1-1-0.05-50-0 1 2399 1 10 190 444 0.2520 0.2533 409 449
299-1-1-0.05-50-0 1 2399 14 13 75 146 0.8451 0.8878 105 151
299-1-1-0.05-50-0 1 2399 36 36 94 94 0.8162 0.8162 165 165
299-1-1-0.05-50-0 1 2399 1 10 190 443 0.2520 0.2533 409 449
299-1-1-0.05-50-0 1 2400 1 10 196 449 0.2520 0.2533 409 449
299-1-1-0.05-50-0 1 2400 40 28 24 1 0.9739 0.3846 104 311
299-1-1-0.05-50-0 1 2400 1 1 196 196 0.2520 0.2520 409 409
299-1-1-0.05-50-0 1 2400 14 14 79 79 0.8451 0.8451 105 105
299-1-1-0.05-50-0 1 2400 36 36 96 96 0.8162 0.8162 165 165
299-1-1-0.05-50-0 1 2400 1 10 195 448 0.2520 0.2533 409 449
299-1-1-0.05-50-0 1 2400 36 36 95 95 0.8162 0.8162 165 165
299-1-1-0.05-50-0 1 2400 14 40 78 24 0.8451 0.9739 105 104
299-1-1-0.05-50-0 1 2400 1 1 195 195 0.2520 0.2520 409 409
299-1-1-0.05-50-0 1 2401 1 1 196 196 0.2520 0.2520 409 409
299-1-1-0.05-50-0 1 2401 1 10 195 449 0.2520 0.2533 409 449
299-1-1-0.05-50-0 1 2401 1 1 195 195 0.2520 0.2520 409 409
299-1-1-0.05-50-0 1 2401 1 10 194 448 0.2520 0.2533 409 449
299-1-1-0.05-50-0 1 2401 14 14 76 76 0.8451 0.8451 105 105
299-1-1-0.05-50-0 1 2401 43 49 65 5 0.8316 0.1842 123 136
299-1-1-0.05-50-0 1 2401 36 26 91 123 0.8162 0.8171 165 141
299-1-1-0.05-50-0 1 2402 43 49 65 4 0.8316 0.1842 123 136
299-1-1-0.05-50-0 1 2402 36 26 92 127 0.8162 0.8171 165 141
299-1-1-0.05-50-0 1 2402 1 10 197 447 0.2520 0.2533 409 449
299-1-1-0.05-50-0 1 2402 14 2 75 66 0.8451 0.8198 105 167
299-1-1-0.05-50-0 1 2402 1 1 197 197 0.2520 0.2520 409 409
299-1-1-0.05-50-0 1 2402 1 10 196 446 0.2520 0.2533 409 449
299-1-1-0.05-50-0 1 2403 1 10 198 449 0.2520 0.2533 409 449
299-1-1-0.05-50-0 1 2403 1 10 198 448 0.2520 0.2533 409 449
299-1-1-0.05-50-0 1 2403 36 36 93 93 0.8162 0.8162 165 165
299-1-1-0.05-50-0 1 2404 36 43 93 61 0.8162 0.8316 165 123
299-1-1-0.05-50-0 1 2404 1 1 205 205 0.2520 0.2520 409 409
299-1-1-0.05-50-0 1 2404 1 10 204 449 0.2520 0.2533 409 449
299-1-1-0.05-50-0 1 2404 1 10 204 448 0.2520 0.2533 409 449
299-1-1-0.05-50-0 1 2404 1 10 204 447 0.2520 0.2533 409 449
299-1-1-0.05-50-0 1 2404 14 25 81 67 0.8451 0.9430 105 125
299-1-1-0.05-50-0 1 2404 1 1 204 204 0.2520 0.2520 409 409
299-1-1-0.05-50-0 1 2405 36 26 91 132 0.8162 0.8171 165 141
299-1-1-0.05-50-0 1 2405 1 10 214 449 0.2520 0.2533 409 449
299-1-1-0.05-50-0 1 2405 1 10 214 448 0.2520 0.2533 409 449
299-1-1-0.05-50-0 1 2405 1 10 214 447 0.2520 0.2533 409 449
299-1-1-0.05-50-0 1 2405 14 25 82 69 0.8451 0.9430 105 125
299-1-1-0.05-50-0 1 2405 1 1 214 214 0.2520 0.2520 409 409
299-1-1-0.05-50-0 1 2405 1 1 213 213 0.2520 0.2520 409 409
299-1-1-0.05-50-0 1 2405 19 19 12 12 0.8072 0.8072 134 134
299-1-1-0.05-50-0 1 2405 14 26 82 131 0.8451 0.8171 105 141
299-1-1-0.05-50-0 1 2406 40 31 30 1 0.9739 0.5626 104 252
299-1-1-0.05-50-0 1 2406 14 26 80 130 0.8451 0.8171 105 141
299-1-1-0.05-50-0 1 2406 1 10 216 447 0.2520 0.2533 409 449
299-1-1-0.05-50-0 1 2406 39 49 5 3 0.2187 0.1842 309 136
299-1-1-0.05-50-0 1 2406 14 25 80 72 0.8451 0.9430 105 125
299-1-1-0.05-50-0 1 2406 1 10 216 446 0.2520 0.2533 409 449
299-1-1-0.05-50-0 1 2406 14 26 80 129 0.8451 0.8171 105 141
299-1-1-0.05-50-0 1 2407 36 36 88 88 0.8162 0.8162 165 165
299-1-1-0.05-50-0 1 2407 14 41 77 70 0.8451 0.9621 105 105
299-1-1-0.05-50-0 1 2407 1 10 213 446 0.2520 0.2533 409 449
299-1-1-0.05-50-0 1 2407 14 13 77 151 0.8451 0.8878 105 151
299-1-1-0.05-50-0 1 2407 1 10 213 445 0.2520 0.2533 409 449
299-1-1-0.05-50-0 1 2407 36 37 87 10 0.8162 0.8481 165 127
299-1-1-0.05-50-0 1 2407 36 36 87 87 0.8162 0.8162 165 165
299-1-1-0.05-50-0 1 2407 14 13 77 150 0.8451 0.8878 105 151
299-1-1-0.05-50-0 1 2407 1 10 213 444 0.2520 0.2533 409 449
299-1-1-0.05-50-0 1 2407 1 1 213 213 0.2520 0.2520 409 409
299-1-1-0.05-50-0 1 2408 40 45 31 1 0.9739 0.3816 104 173
299-1-1-0.05-50-0 1 2408 14 13 77 146 0.8451 0.8878 105 151
299-1-1-0.05-50-0 1 2408 1 10 219 445 0.2520 0.2533 409 449
299-1-1-0.05-50-0 1 2408 14 41 77 70 0.8451 0.9621 105 105
299-1-1-0.05-50-0 1 2408 1 10 219 444 0.2520 0.2533 409 449
299-1-1-0.05-50-0 1 2408 14 26 77 124 0.8451 0.8171 105 141
299-1-1-0.05-50-0 1 2409 1 1 225 225 0.2520 0.2520 409 409
299-1-1-0.05-50-0 1 2409 1 10 224 449 0.2520 0.2533 409 449
299-1-1-0.05-50-0 1 2409 14 37 79 8 0.8451 0.8481 105 127
299-1-1-0.05-50-0 1 2409 1 10 224 448 0.2520 0.2533 409 449
299-1-1-0.05-50-0 1 2409 1 10 224 447 0.2520 0.2533 409 449
299-1-1-0.05-50-0 1 2409 1 10 224 446 0.2520 0.2533 409 449
299-1-1-0.05-50-0 1 2409 36 14 87 79 0.8162 0.8451 165 105
299-1-1-0.05-50-0 1 2409 14 40 78 32 0.8451 0.9739 105 104
299-1-1-0.05-50-0 1 2409 36 2 87 61 0.8162 0.8198 165 167
299-1-1-0.05-50-0 1 2409 36 36 87 87 0.8162 0.8162 165 165
299-1-1-0.05-50-0 1 2410 1 1 231 231 0.2520 0.2520 409 409
299-1-1-0.05-50-0 1 2410 1 1 230 230 0.2520 0.2520 409 409
299-1-1-0.05-50-0 1 2410 1 1 229 229 0.2520 0.2520 409 409
299-1-1-0.05-50-0 1 2410 1 1 228 228 0.2520 0.2520 409 409
299-1-1-0.05-50-0 1 2410 14 36 79 83 0.8451 0.8162 105 165
299-1-1-0.05-50-0 1 2410 14 14 79 79 0.8451 0.8451 105 105
299-1-1-0.05-50-0 1 2410 1 1 227 227 0.2520 0.2520 409 409
299-1-1-0.05-50-0 1 2410 41 22 67 1 0.9621 0.0160 105 311
299-1-1-0.05-50-0 1 2410 19 19 12 12 0.8072 0.8072 134 134
299-1-1-0.05-50-0 1 2410 1 10 226 449 0.2520 0.2533 409 449
299-1-1-0.05-50-0 1 2411 1 8 228 22 0.2520 0.2506 409 303
299-1-1-0.05-50-0 1 2411 1 10 228 449 0.2520 0.2533 409 449
299-1-1-0.05-50-0 1 2411 49 23 4 3 0.1842 0.1698 136 476
299-1-1-0.05-50-0 1 2411 1 10 228 448 0.2520 0.2533 409 449
299-1-1-0.05-50-0 1 2411 36 26 83 130 0.8162 0.8171 165 141
299-1-1-0.05-50-0 1 2411 10 27 447 1 0.2533 0.0776 449 149
299-1-1-0.05-50-0 1 2411 1 10 228 447 0.2520 0.2533 409 449
299-1-1-0.05-50-0 1 2412 14 26 84 134 0.8451 0.8171 105 141
299-1-1-0.05-50-0 1 2412 1 10 239 449 0.2520 0.2533 409 449
299-1-1-0.05-50-0 1 2412 14 25 84 70 0.8451 0.9430 105 125
299-1-1-0.05-50-0 1 2412 1 10 239 448 0.2520 0.2533 409 449
299-1-1-0.05-50-0 1 2412 1 1 239 239 0.2520 0.2520 409 409
299-1-1-0.05-50-0 1 2412 14 36 84 83 0.8451 0.8162 105 165
299-1-1-0.05-50-0 1 2412 1 10 238 447 0.2520 0.2533 409 449
299-1-1-0.05-50-0 1 2412 1 10 238 446 0.2520 0.2533 409 449
299-1-1-0.05-50-0 1 2412 43 49 61 4 0.8316 0.1842 123 136
299-1-1-0.05-50-0 1 2412 14 14 84 84 0.8451 0.8451 105 105
299-1-1-0.05-50-0 1 2412 1 10 238 445 0.2520 0.2533 409 449
299-1-1-0.05-50-0 1 2413 1 1 236 236 0.2520 0.2520 409 409
299-1-1-0.05-50-0 1 2413 14 36 84 85 0.8451 0.8162 105 165
299-1-1-0.05-50-0 1 2413 1 10 235 440 0.2520 0.2533 409 449
299-1-1-0.05-50-0 1 2413 1 1 235 235 0.2520 0.2520 409 409
299-1-1-0.05-50-0 1 2413 1 10 234 439 0.2520 0.2533 409 449
299-1-1-0.05-50-0 1 2413 1 10 234 438 0.2520 0.2533 409 449
299-1-1-0.05-50-0 1 2413 1 10 234 437 0.2520 0.2533 409 449
299-1-1-0.05-50-0 1 2413 14 26 84 137 0.8451 0.8171 105 141
299-1-1-0.05-50-0 1 2413 1 10 234 436 0.2520 0.2533 409 449
299-1-1-0.05-50-0 1 2413 39 50 3 1 0.2187 0.2147 309 147
299-1-1-0.05-50-0 1 2413 1 10 234 435 0.2520 0.2533 409 449
299-1-1-0.05-50-0 1 2413 1 1 234 234 0.2520 0.2520 409 409
299-1-1-0.05-50-0 1 2413 1 10 233 434 0.2520 0.2533 409 449
299-1-1-0.05-50-0 1 2414 1 10 239 429 0.2520 0.2533 409 449
299-1-1-0.05-50-0 1 2414 36 36 83 83 0.8162 0.8162 165 165
299-1-1-0.05-50-0 1 2414 1 8 239 25 0.2520 0.2506 409 303
299-1-1-0.05-50-0 1 2414 14 26 91 140 0.8451 0.8171 105 141
299-1-1-0.05-50-0 1 2414 36 37 82 10 0.8162 0.8481 165 127
299-1-1-0.05-50-0 1 2414 14 14 91 91 0.8451 0.8451 105 105
299-1-1-0.05-50-0 1 2414 1 10 239 428 0.2520 0.2533 409 449
299-1-1-0.05-50-0 1 2414 36 26 82 139 0.8162 0.8171 165 141
299-1-1-0.05-50-0 1 2414 1 1 239 239 0.2520 0.2520 409 409
299-1-1-0.05-50-0 1 2414 1 10 238 427 0.2520 0.2533 409 449
299-1-1-0.05-50-0 1 2414 14 26 90 138 0.8451 0.8171 105 141
299-1-1-0.05-50-0 1 2414 14 14 90 90 0.8451 0.8451 105 105
299-1-1-0.05-50-0 1 2414 1 10 238 426 0.2520 0.2533 409 449
299-1-1-0.05-50-0 1 2414 1 1 238 238 0.2520 0.2520 409 409
299-1-1-0.05-50-0 1 2414 1 10 237 425 0.2520 0.2533 409 449
299-1-1-0.05-50-0 1 2414 1 10 237 424 0.2520 0.2533 409 449
299-1-1-0.05-50-0 1 2414 14 26 89 137 0.8451 0.8171 105 141
299-1-1-0.05-50-0 1 2415 1 8 242 25 0.2520 0.2506 409 303
299-1-1-0.05-50-0 1 2415 36 36 80 80 0.8162 0.8162 165 165
299-1-1-0.05-50-0 1 2415 41 5 59 3 0.9621 0.0007 105 226
299-1-1-0.05-50-0 1 2415 14 13 94 147 0.8451 0.8878 105 151
299-1-1-0.05-50-0 1 2415 1 10 242 416 0.2520 0.2533 409 449
299-1-1-0.05-50-0 1 2415 14 2 94 56 0.8451 0.8198 105 167
299-1-1-0.05-50-0 1 2415 1 10 242 415 0.2520 0.2533 409 449
299-1-1-0.05-50-0 1 2415 40 44 38 2 0.9739 0.7034 104 118
299-1-1-0.05-50-0 1 2416 40 42 38 2 0.9739 0.7447 104 106
299-1-1-0.05-50-0 1 2416 1 1 243 243 0.2520 0.2520 409 409
299-1-1-0.05-50-0 1 2416 1 10 242 416 0.2520 0.2533 409 449
299-1-1-0.05-50-0 1 2416 1 10 242 415 0.2520 0.2533 409 449
299-1-1-0.05-50-0 1 2416 1 10 242 414 0.2520 0.2533 409 449
299-1-1-0.05-50-0 1 2416 43 49 60 3 0.8316 0.1842 123 136
299-1-1-0.05-50-0 1 2416 36 2 80 57 0.8162 0.8198 165 167
299-1-1-0.05-50-0 1 2416 14 26 91 141 0.8451 0.8171 105 141
299-1-1-0.05-50-0 1 2416 1 1 242 242 0.2520 0.2520 409 409
299-1-1-0.05-50-0 1 2416 14 14 91 91 0.8451 0.8451 105 105
299-1-1-0.05-50-0 1 2417 19 44 13 1 0.8072 0.7034 134 118
299-1-1-0.05-50-0 1 2417 36 14 78 96 0.8162 0.8451 165 105
299-1-1-0.05-50-0 1 2417 1 10 244 424 0.2520 0.2533 409 449
299-1-1-0.05-50-0 1 2417 14 26 95 138 0.8451 0.8171 105 141
299-1-1-0.05-50-0 1 2417 1 1 244 244 0.2520 0.2520 409 409
299-1-1-0.05-50-0 1 2417 14 26 95 137 0.8451 0.8171 105 141
299-1-1-0.05-50-0 1 2417 1 10 243 423 0.2520 0.2533 409 449
299-1-1-0.05-50-0 1 2417 36 43 78 64 0.8162 0.8316 165 123
299-1-1-0.05-50-0 1 2417 14 26 95 136 0.8451 0.8171 105 141
299-1-1-0.05-50-0 1 2417 36 36 78 78 0.8162 0.8162 165 165
299-1-1-0.05-50-0 1 2417 1 10 243 422 0.2520 0.2533 409 449
299-1-1-0.05-50-0 1 2417 36 36 77 77 0.8162 0.8162 165 165
299-1-1-0.05-50-0 1 2417 1 10 243 421 0.2520 0.2533 409 449
299-1-1-0.05-50-0 1 2418 1 10 243 427 0.2520 0.2533 409 449
299-1-1-0.05-50-0 1 2418 37 50 9 1 0.8481 0.2147 127 147
299-1-1-0.05-50-0 1 2418 1 10 243 426 0.2520 0.2533 409 449
299-1-1-0.05-50-0 1 2418 1 10 243 425 0.2520 0.2533 409 449
299-1-1-0.05-50-0 1 2418 1 1 243 243 0.2520 0.2520 409 409
299-1-1-0.05-50-0 1 2418 1 10 242 424 0.2520 0.2533 409 449
299-1-1-0.05-50-0 1 2418 14 26 91 130 0.8451 0.8171 105 141
299-1-1-0.05-50-0 1 2418 14 14 91 91 0.8451 0.8451 105 105
299-1-1-0.05-50-0 1 2418 36 2 81 53 0.8162 0.8198 165 167
299-1-1-0.05-50-0 1 2419 1 10 235 422 0.2520 0.2533 409 449
299-1-1-0.05-50-0 1 2419 1 1 235 235 0.2520 0.2520 409 409
299-1-1-0.05-50-0 1 2419 1 10 234 421 0.2520 0.2533 409 449
299-1-1-0.05-50-0 1 2419 36 14 80 90 0.8162 0.8451 165 105
299-1-1-0.05-50-0 1 2419 1 1 234 234 0.2520 0.2520 409 409
299-1-1-0.05-50-0 1 2419 19 42 12 1 0.8072 0.7447 134 106
299-1-1-0.05-50-0 1 2419 14 13 89 144 0.8451 0.8878 105 151
299-1-1-0.05-50-0 1 2419 1 1 233 233 0.2520 0.2520 409 409
299-1-1-0.05-50-0 1 2419 1 10 232 420 0.2520 0.2533 409 449
299-1-1-0.05-50-0 1 2419 14 40 89 43 0.8451 0.9739 105 104
299-1-1-0.05-50-0 1 2419 14 7 89 2 0.8451 0.9267 105 106
299-1-1-0.05-50-0 1 2419 1 10 232 419 0.2520 0.2533 409 449
299-1-1-0.05-50-0 1 2420 1 10 235 425 0.2520 0.2533 409 449
299-1-1-0.05-50-0 1 2420 1 10 235 424 0.2520 0.2533 409 449
299-1-1-0.05-50-0 1 2420 40 15 43 1 0.9739 0.7918 104 149
299-1-1-0.05-50-0 1 2420 1 10 235 423 0.2520 0.2533 409 449
299-1-1-0.05-50-0 1 2420 1 1 235 235 0.2520 0.2520 409 409
299-1-1-0.05-50-0 1 2420 36 14 82 87 0.8162 0.8451 165 105
299-1-1-0.05-50-0 1 2420 1 10 234 422 0.2520 0.2533 409 449
299-1-1-0.05-50-0 1 2420 14 36 86 82 0.8451 0.8162 105 165
299-1-1-0.05-50-0 1 2421 1 1 231 231 0.2520 0.2520 409 409
299-1-1-0.05-50-0 1 2421 14 13 82 142 0.8451 0.8878 105 151
299-1-1-0.05-50-0 1 2421 14 26 82 138 0.8451 0.8171 105 141
299-1-1-0.05-50-0 1 2421 14 43 82 67 0.8451 0.8316 105 123
299-1-1-0.05-50-0 1 2421 43 24 66 2 0.8316 0.1940 123 254
299-1-1-0.05-50-0 1 2421 36 43 85 66 0.8162 0.8316 165 123
299-1-1-0.05-50-0 1 2421 14 40 82 42 0.8451 0.9739 105 104
299-1-1-0.05-50-0 1 2421 1 8 230 23 0.2520 0.2506 409 303
299-1-1-0.05-50-0 1 2421 1 10 230 428 0.2520 0.2533 409 449
299-1-1-0.05-50-0 1 2422 19 19 13 13 0.8072 0.8072 134 134
299-1-1-0.05-50-0 1 2422 36 26 83 139 0.8162 0.8171 165 141
299-1-1-0.05-50-0 1 2422 1 10 231 430 0.2520 0.2533 409 449
299-1-1-0.05-50-0 1 2422 14 40 80 43 0.8451 0.9739 105 104
299-1-1-0.05-50-0 1 2422 1 10 231 429 0.2520 0.2533 409 449
299-1-1-0.05-50-0 1 2422 36 26 83 138 0.8162 0.8171 165 141
299-1-1-0.05-50-0 1 2422 1 10 231 428 0.2520 0.2533 409 449
299-1-1-0.05-50-0 1 2422 1 1 231 231 0.2520 0.2520 409 409
299-1-1-0.05-50-0 1 2422 1 10 230 427 0.2520 0.2533 409 449
299-1-1-0.05-50-0 1 2423 1 10 232 438 0.2520 0.2533 409 449
299-1-1-0.05-50-0 1 2423 37 24 7 1 0.8481 0.1940 127 254
299-1-1-0.05-50-0 1 2423 36 14 82 80 0.8162 0.8451 165 105
299-1-1-0.05-50-0 1 2423 1 10 232 437 0.2520 0.2533 409 449
299-1-1-0.05-50-0 1 2423 1 10 232 436 0.2520 0.2533 409 449
299-1-1-0.05-50-0 1 2423 1 1 232 232 0.2520 0.2520 409 409
299-1-1-0.05-50-0 1 2424 36 43 82 67 0.8162 0.8316 165 123
299-1-1-0.05-50-0 1 2424 1 10 231 449 0.2520 0.2533 409 449
299-1-1-0.05-50-0 1 2424 14 25 81 78 0.8451 0.9430 105 125
299-1-1-0.05-50-0 1 2424 1 1 231 231 0.2520 0.2520 409 409
299-1-1-0.05-50-0 1 2424 14 26 81 141 0.8451 0.8171 105 141
299-1-1-0.05-50-0 1 2424 1 10 230 448 0.2520 0.2533 409 449
299-1-1-0.05-50-0 1 2424 1 1 230 230 0.2520 0.2520 409 409
299-1-1-0.05-50-0 1 2424 1 1 229 229 0.2520 0.2520 409 409
299-1-1-0.05-50-0 1 2425 1 10 235 445 0.2520 0.2533 409 449
299-1-1-0.05-50-0 1 2425 1 1 235 235 0.2520 0.2520 409 409
299-1-1-0.05-50-0 1 2425 14 2 79 49 0.8451 0.8198 105 167
299-1-1-0.05-50-0 1 2425 1 10 234 444 0.2520 0.2533 409 449
299-1-1-0.05-50-0 1 2425 1 10 234 443 0.2520 0.2533 409 449
299-1-1-0.05-50-0 1 2425 36 26 85 134 0.8162 0.8171 165 141
299-1-1-0.05-50-0 1 2425 1 1 234 234 0.2520 0.2520 409 409
299-1-1-0.05-50-0 1 2426 43 49 67 1 0.8316 0.1842 123 136
299-1-1-0.05-50-0 1 2426 1 10 234 445 0.2520 0.2533 409 449
299-1-1-0.05-50-0 1 2426 1 10 234 444 0.2520 0.2533 409 449
299-1-1-0.05-50-0 1 2426 36 36 87 87 0.8162 0.8162 165 165
299-1-1-0.05-50-0 1 2426 1 10 234 443 0.2520 0.2533 409 449
299-1-1-0.05-50-0 1 2426 36 19 86 10 0.8162 0.8072 165 134
299-1-1-0.05-50-0 1 2427 1 10 239 444 0.2520 0.2533 409 449
299-1-1-0.05-50-0 1 2427 1 10 239 443 0.2520 0.2533 409 449
299-1-1-0.05-50-0 1 2427 1 1 239 239 0.2520 0.2520 409 409
299-1-1-0.05-50-0 1 2427 1 1 238 238 0.2520 0.2520 409 409
299-1-1-0.05-50-0 1 2427 1 10 237 442 0.2520 0.2533 409 449
299-1-1-0.05-50-0 1 2427 1 1 237 237 0.2520 0.2520 409 409
299-1-1-0.05-50-0 1 2427 1 10 236 441 0.2520 0.2533 409 449
299-1-1-0.05-50-0 1 2427 1 10 236 440 0.2520 0.2533 409 449
299-1-1-0.05-50-0 1 2428 36 26 89 139 0.8162 0.8171 165 141
299-1-1-0.05-50-0 1 2428 14 26 83 138 0.8451 0.8171 105 141
299-1-1-0.05-50-0 1 2428 41 5 53 4 0.9621 0.0007 105 226
299-1-1-0.05-50-0 1 2428 1 10 236 445 0.2520 0.2533 409 449
299-1-1-0.05-50-0 1 2428 1 1 236 236 0.2520 0.2520 409 409
299-1-1-0.05-50-0 1 2428 36 26 89 137 0.8162 0.8171 165 141
299-1-1-0.05-50-0 1 2428 1 18 235 5 0.2520 0.2181 409 226
299-1-1-0.05-50-0 1 2428 1 1 235 235 0.2520 0.2520 409 409
299-1-1-0.05-50-0 1 2428 36 26 89 136 0.8162 0.8171 165 141
299-1-1-0.05-50-0 1 2429 1 1 231 231 0.2520 0.2520 409 409
299-1-1-0.05-50-0 1 2429 1 10 230 449 0.2520 0.2533 409 449
299-1-1-0.05-50-0 1 2429 36 14 88 80 0.8162 0.8451 165 105
299-1-1-0.05-50-0 1 2429 1 10 230 448 0.2520 0.2533 409 449
299-1-1-0.05-50-0 1 2429 1 10 230 447 0.2520 0.2533 409 449
299-1-1-0.05-50-0 1 2429 1 10 230 446 0.2520 0.2533 409 449
299-1-1-0.05-50-0 1 2429 14 13 79 142 0.8451 0.8878 105 151
299-1-1-0.05-50-0 1 2429 1 10 230 445 0.2520 0.2533 409 449
299-1-1-0.05-50-0 1 2429 1 10 230 444 0.2520 0.2533 409 449
299-1-1-0.05-50-0 1 2429 1 10 230 443 0.2520 0.2533 409 449
299-1-1-0.05-50-0 1 2430 14 40 82 50 0.8451 0.9739 105 104
299-1-1-0.05-50-0 1 2430 14 26 82 141 0.8451 0.8171 105 141
299-1-1-0.05-50-0 1 2430 1 10 228 447 0.2520 0.2533 409 449
299-1-1-0.05-50-0 1 2430 36 26 86 140 0.8162 0.8171 165 141
299-1-1-0.05-50-0 1 2430 10 27 446 1 0.2533 0.0776 449 149
299-1-1-0.05-50-0 1 2430 1 10 228 446 0.2520 0.2533 409 449
299-1-1-0.05-50-0 1 2430 36 36 86 86 0.8162 0.8162 165 165
299-1-1-0.05-50-0 1 2431 1 10 227 446 0.2520 0.2533 409 449
299-1-1-0.05-50-0 1 2431 36 36 86 86 0.8162 0.8162 165 165
299-1-1-0.05-50-0 1 2431 36 26 85 141 0.8162 0.8171 165 141
299-1-1-0.05-50-0 1 2431 1 10 227 445 0.2520 0.2533 409 449
299-1-1-0.05-50-0 1 2431 36 14 85 85 0.8162 0.8451 165 105
299-1-1-0.05-50-0 1 2431 1 1 227 227 0.2520 0.2520 409 409
299-1-1-0.05-50-0 1 2431 36 14 85 84 0.8162 0.8451 165 105
299-1-1-0.05-50-0 1 2431 1 10 226 444 0.2520 0.2533 409 449
299-1-1-0.05-50-0 1 2432 14 43 84 68 0.8451 0.8316 105 123
299-1-1-0.05-50-0 1 2432 1 10 226 449 0.2520 0.2533 409 449
299-1-1-0.05-50-0 1 2432 1 1 226 226 0.2520 0.2520 409 409
299-1-1-0.05-50-0 1 2432 1 8 225 25 0.2520 0.2506 409 303
299-1-1-0.05-50-0 1 2432 40 21 51 3 0.9739 0.4184 104 158
299-1-1-0.05-50-0 1 2432 36 36 87 87 0.8162 0.8162 165 165
299-1-1-0.05-50-0 1 2432 1 1 225 225 0.2520 0.2520 409 409
299-1-1-0.05-50-0 1 2432 36 14 86 84 0.8162 0.8451 165 105
299-1-1-0.05-50-0 1 2432 1 8 224 24 0.2520 0.2506 409 303
299-1-1-0.05-50-0 1 2433 1 10 227 449 0.2520 0.2533 409 449
299-1-1-0.05-50-0 1 2433 36 14 86 87 0.8162 0.8451 165 105
299-1-1-0.05-50-0 1 2433 14 40 86 52 0.8451 0.9739 105 104
299-1-1-0.05-50-0 1 2433 1 1 227 227 0.2520 0.2520 409 409
299-1-1-0.05-50-0 1 2433 37 23 11 5 0.8481 0.1698 127 476
299-1-1-0.05-50-0 1 2433 1 10 226 448 0.2520 0.2533 409 449
299-1-1-0.05-50-0 1 2433 14 43 86 66 0.8451 0.8316 105 123
299-1-1-0.05-50-0 1 2433 36 19 86 9 0.8162 0.8072 165 134
299-1-1-0.05-50-0 1 2433 40 21 51 2 0.9739 0.4184 104 158
299-1-1-0.05-50-0 1 2433 1 10 226 447 0.2520 0.2533 409 449
299-1-1-0.05-50-0 1 2434 14 20 85 9 0.8451 0.9922 105 102
299-1-1-0.05-50-0 1 2434 1 1 229 229 0.2520 0.2520 409 409
299-1-1-0.05-50-0 1 2434 37 23 11 5 0.8481 0.1698 127 476
299-1-1-0.05-50-0 1 2434 1 1 228 228 0.2520 0.2520 409 409
299-1-1-0.05-50-0 1 2434 14 43 85 65 0.8451 0.8316 105 123
299-1-1-0.05-50-0 1 2434 36 14 85 85 0.8162 0.8451 165 105
299-1-1-0.05-50-0 1 2435 1 10 233 442 0.2520 0.2533 409 449
299-1-1-0.05-50-0 1 2435 1 1 233 233 0.2520 0.2520 409 409
299-1-1-0.05-50-0 1 2435 1 10 232 441 0.2520 0.2533 409 449
299-1-1-0.05-50-0 1 2435 1 10 232 440 0.2520 0.2533 409 449
299-1-1-0.05-50-0 1 2435 1 10 232 439 0.2520 0.2533 409 449
299-1-1-0.05-50-0 1 2435 14 36 85 87 0.8451 0.8162 105 165
299-1-1-0.05-50-0 1 2435 1 1 232 232 0.2520 0.2520 409 409
299-1-1-0.05-50-0 1 2435 1 1 231 231 0.2520 0.2520 409 409
299-1-1-0.05-50-0 1 2435 14 26 85 141 0.8451 0.8171 105 141
299-1-1-0.05-50-0 1 2436 26 21 141 1 0.8171 0.4184 141 158
299-1-1-0.05-50-0 1 2436 1 1 241 241 0.2520 0.2520 409 409
299-1-1-0.05-50-0 1 2436 14 26 86 141 0.8451 0.8171 105 141
299-1-1-0.05-50-0 1 2436 1 10 240 436 0.2520 0.2533 409 449
299-1-1-0.05-50-0 1 2436 14 25 86 62 0.8451 0.9430 105 125
299-1-1-0.05-50-0 1 2436 1 10 240 435 0.2520 0.2533 409 449
299-1-1-0.05-50-0 1 2436 1 10 240 434 0.2520 0.2533 409 449
299-1-1-0.05-50-0 1 2436 1 10 240 433 0.2520 0.2533 409 449
299-1-1-0.05-50-0 1 2436 14 14 86 86 0.8451 0.8451 105 105
299-1-1-0.05-50-0 1 2436 1 1 240 240 0.2520 0.2520 409 409
299-1-1-0.05-50-0 1 2436 1 10 239 432 0.2520 0.2533 409 449
299-1-1-0.05-50-0 1 2436 25 11 61 2 0.9430 0.0504 125 384
299-1-1-0.05-50-0 1 2436 36 14 84 85 0.8162 0.8451 165 105
299-1-1-0.05-50-0 1 2437 1 10 239 424 0.2520 0.2533 409 449
299-1-1-0.05-50-0 1 2437 14 26 85 141 0.8451 0.8171 105 141
299-1-1-0.05-50-0 1 2437 1 8 239 22 0.2520 0.2506 409 303
299-1-1-0.05-50-0 1 2437 14 13 85 146 0.8451 0.8878 105 151
299-1-1-0.05-50-0 1 2437 1 10 239 423 0.2520 0.2533 409 449
299-1-1-0.05-50-0 1 2438 36 26 85 139 0.8162 0.8171 165 141
299-1-1-0.05-50-0 1 2438 26 46 138 2 0.8171 0.3451 141 327
299-1-1-0.05-50-0 1 2438 14 2 87 52 0.8451 0.8198 105 167
299-1-1-0.05-50-0 1 2438 1 10 233 432 0.2520 0.2533 409 449
299-1-1-0.05-50-0 1 2438 1 10 233 431 0.2520 0.2533 409 449
299-1-1-0.05-50-0 1 2438 14 14 87 87 0.8451 0.8451 105 105
299-1-1-0.05-50-0 1 2438 36 36 85 85 0.8162 0.8162 165 165
299-1-1-0.05-50-0 1 2438 1 10 233 430 0.2520 0.2533 409 449
299-1-1-0.05-50-0 1 2438 26 28 138 1 0.8171 0.3846 141 311
299-1-1-0.05-50-0 1 2438 1 1 233 233 0.2520 0.2520 409 409
299-1-1-0.05-50-0 1 2438 1 10 232 429 0.2520 0.2533 409 449
299-1-1-0.05-50-0 1 2439 36 26 84 139 0.8162 0.8171 165 141
299-1-1-0.05-50-0 1 2439 1 1 235 235 0.2520 0.2520 409 409
299-1-1-0.05-50-0 1 2439 14 41 88 55 0.8451 0.9621 105 105
299-1-1-0.05-50-0 1 2439 40 15 42 1 0.9739 0.7918 104 149
299-1-1-0.05-50-0 1 2439 14 2 88 50 0.8451 0.8198 105 167
299-1-1-0.05-50-0 1 2439 1 10 234 425 0.2520 0.2533 409 449
299-1-1-0.05-50-0 1 2439 14 19 88 9 0.8451 0.8072 105 134
299-1-1-0.05-50-0 1 2440 1 10 244 427 0.2520 0.2533 409 449
299-1-1-0.05-50-0 1 2440 1 8 244 22 0.2520 0.2506 409 303
299-1-1-0.05-50-0 1 2440 36 43 88 62 0.8162 0.8316 165 123
299-1-1-0.05-50-0 1 2440 14 36 86 88 0.8451 0.8162 105 165
299-1-1-0.05-50-0 1 2440 14 43 86 61 0.8451 0.8316 105 123
299-1-1-0.05-50-0 1 2440 14 40 86 43 0.8451 0.9739 105 104
299-1-1-0.05-50-0 1 2440 1 1 244 244 0.2520 0.2520 409 409
299-1-1-0.05-50-0 1 2441 1 8 246 20 0.2520 0.2506 409 303
299-1-1-0.05-50-0 1 2441 14 14 83 83 0.8451 0.8451 105 105
299-1-1-0.05-50-0 1 2441 14 26 82 138 0.8451 0.8171 105 141
299-1-1-0.05-50-0 1 2441 14 41 82 58 0.8451 0.9621 105 105
299-1-1-0.05-50-0 1 2442 1 10 248 448 0.2520 0.2533 409 449
299-1-1-0.05-50-0 1 2442 1 10 248 447 0.2520 0.2533 409 449
299-1-1-0.05-50-0 1 2442 1 1 248 248 0.2520 0.2520 409 409
299-1-1-0.05-50-0 1 2442 14 43 84 63 0.8451 0.8316 105 123
299-1-1-0.05-50-0 1 2442 41 5 61 3 0.9621 0.0007 105 226
299-1-1-0.05-50-0 1 2442 26 46 141 1 0.8171 0.3451 141 327
299-1-1-0.05-50-0 1 2442 36 2 90 49 0.8162 0.8198 165 167
299-1-1-0.05-50-0 1 2442 1 8 247 20 0.2520 0.2506 409 303
299-1-1-0.05-50-0 1 2442 1 1 247 247 0.2520 0.2520 409 409
299-1-1-0.05-50-0 1 2442 36 26 90 141 0.8162 0.8171 165 141
299-1-1-0.05-50-0 1 2442 1 10 246 446 0.2520 0.2533 409 449
299-1-1-0.05-50-0 1 2442 1 10 246 445 0.2520 0.2533 409 449
299-1-1-0.05-50-0 1 2442 1 1 246 246 0.2520 0.2520 409 409
299-1-1-0.05-50-0 1 2442 1 10 245 444 0.2520 0.2533 409 449
299-1-1-0.05-50-0 1 2443 36 43 91 62 0.8162 0.8316 165 123
299-1-1-0.05-50-0 1 2443 14 13 85 143 0.8451 0.8878 105 151
299-1-1-0.05-50-0 1 2443 14 19 85 6 0.8451 0.8072 105 134
299-1-1-0.05-50-0 1 2443 14 14 85 85 0.8451 0.8451 105 105
299-1-1-0.05-50-0 1 2443 1 10 252 449 0.2520 0.2533 409 449
299-1-1-0.05-50-0 1 2443 14 14 84 84 0.8451 0.8451 105 105
299-1-1-0.05-50-0 1 2443 36 14 91 83 0.8162 0.8451 165 105
299-1-1-0.05-50-0 1 2443 1 10 252 448 0.2520 0.2533 409 449
299-1-1-0.05-50-0 1 2443 1 10 252 447 0.2520 0.2533 409 449
299-1-1-0.05-50-0 1 2443 14 13 82 142 0.8451 0.8878 105 151
299-1-1-0.05-50-0 1 2443 1 1 252 252 0.2520 0.2520 409 409
299-1-1-0.05-50-0 1 2444 1 1 254 254 0.2520 0.2520 409 409
299-1-1-0.05-50-0 1 2444 26 46 139 1 0.8171 0.3451 141 327
299-1-1-0.05-50-0 1 2444 14 14 83 83 0.8451 0.8451 105 105
299-1-1-0.05-50-0 1 2444 1 1 253 253 0.2520 0.2520 409 409
299-1-1-0.05-50-0 1 2444 36 14 96 82 0.8162 0.8451 165 105
299-1-1-0.05-50-0 1 2444 1 1 252 252 0.2520 0.2520 409 409
299-1-1-0.05-50-0 1 2444 14 26 81 139 0.8451 0.8171 105 141
299-1-1-0.05-50-0 1 2444 1 1 251 251 0.2520 0.2520 409 409
299-1-1-0.05-50-0 1 2444 1 10 250 447 0.2520 0.2533 409 449
299-1-1-0.05-50-0 1 2444 1 1 250 250 0.2520 0.2520 409 409
299-1-1-0.05-50-0 1 2445 1 10 257 449 0.2520 0.2533 409 449
299-1-1-0.05-50-0 1 2445 40 17 50 1 0.9739 0.6398 104 197
299-1-1-0.05-50-0 1 2445 1 10 257 448 0.2520 0.2533 409 449
299-1-1-0.05-50-0 1 2445 1 1 257 257 0.2520 0.2520 409 409
299-1-1-0.05-50-0 1 2445 14 26 79 134 0.8451 0.8171 105 141
299-1-1-0.05-50-0 1 2445 36 43 95 66 0.8162 0.8316 165 123
299-1-1-0.05-50-0 1 2445 14 41 79 62 0.8451 0.9621 105 105
299-1-1-0.05-50-0 1 2445 1 10 256 447 0.2520 0.2533 409 449
299-1-1-0.05-50-0 1 2446 25 22 64 1 0.9430 0.0160 125 311
299-1-1-0.05-50-0 1 2446 1 10 254 449 0.2520 0.2533 409 449
299-1-1-0.05-50-0 1 2446 1 10 254 448 0.2520 0.2533 409 449
299-1-1-0.05-50-0 1 2446 14 40 79 50 0.8451 0.9739 105 104
299-1-1-0.05-50-0 1 2446 1 1 254 254 0.2520 0.2520 409 409
299-1-1-0.05-50-0 1 2446 14 13 79 140 0.8451 0.8878 105 151
299-1-1-0.05-50-0 1 2446 14 41 79 61 0.8451 0.9621 105 105
299-1-1-0.05-50-0 1 2446 14 26 79 134 0.8451 0.8171 105 141
299-1-1-0.05-50-0 1 2446 1 10 253 447 0.2520 0.2533 409 449
299-1-1-0.05-50-0 1 2446 1 1 253 253 0.2520 0.2520 409 409
299-1-1-0.05-50-0 1 2446 36 2 100 51 0.8162 0.8198 165 167
299-1-1-0.05-50-0 1 2446 1 1 252 252 0.2520 0.2520 409 409
299-1-1-0.05-50-0 1 2446 1 1 251 251 0.2520 0.2520 409 409
299-1-1-0.05-50-0 1 2446 36 26 100 133 0.8162 0.8171 165 141
299-1-1-0.05-50-0 1 2447 37 16 8 2 0.8481 0.2228 127 149
299-1-1-0.05-50-0 1 2447 26 21 135 2 0.8171 0.4184 141 158
299-1-1-0.05-50-0 1 2447 1 10 260 446 0.2520 0.2533 409 449
299-1-1-0.05-50-0 1 2447 1 1 260 260 0.2520 0.2520 409 409
299-1-1-0.05-50-0 1 2447 1 1 259 259 0.2520 0.2520 409 409
299-1-1-0.05-50-0 1 2447 36 36 105 105 0.8162 0.8162 165 165
299-1-1-0.05-50-0 1 2447 1 1 258 258 0.2520 0.2520 409 409
299-1-1-0.05-50-0 1 2447 14 13 78 141 0.8451 0.8878 105 151
299-1-1-0.05-50-0 1 2447 2 21 50 1 0.8198 0.4184 167 158
299-1-1-0.05-50-0 1 2448 14 41 79 67 0.8451 0.9621 105 105
299-1-1-0.05-50-0 1 2448 1 10 258 449 0.2520 0.2533 409 449
299-1-1-0.05-50-0 1 2448 36 43 108 67 0.8162 0.8316 165 123
299-1-1-0.05-50-0 1 2448 1 10 258 448 0.2520 0.2533 409 449
299-1-1-0.05-50-0 1 2448 14 14 79 79 0.8451 0.8451 105 105
299-1-1-0.05-50-0 1 2448 1 1 258 258 0.2520 0.2520 409 409
299-1-1-0.05-50-0 1 2448 14 2 78 52 0.8451 0.8198 105 167
299-1-1-0.05-50-0 1 2448 1 1 257 257 0.2520 0.2520 409 409
299-1-1-0.05-50-0 1 2448 1 10 256 447 0.2520 0.2533 409 449
299-1-1-0.05-50-0 1 2449 36 2 109 54 0.8162 0.8198 165 167
299-1-1-0.05-50-0 1 2449 36 26 109 141 0.8162 0.8171 165 141
299-1-1-0.05-50-0 1 2449 1 1 256 256 0.2520 0.2520 409 409
299-1-1-0.05-50-0 1 2449 1 10 255 449 0.2520 0.2533 409 449
299-1-1-0.05-50-0 1 2449 1 10 255 448 0.2520 0.2533 409 449
299-1-1-0.05-50-0 1 2449 36 26 109 140 0.8162 0.8171 165 141
299-1-1-0.05-50-0 1 2449 1 1 255 255 0.2520 0.2520 409 409
299-1-1-0.05-50-0 1 2449 36 36 109 109 0.8162 0.8162 165 165
299-1-1-0.05-50-0 1 2450 41 5 66 3 0.9621 0.0007 105 226
299-1-1-0.05-50-0 1 2450 1 1 253 253 0.2520 0.2520 409 409
299-1-1-0.05-50-0 1 2450 36 26 110 140 0.8162 0.8171 165 141
299-1-1-0.05-50-0 1 2450 36 26 110 139 0.8162 0.8171 165 141
299-1-1-0.05-50-0 1 2450 1 1 252 252 0.2520 0.2520 409 409
299-1-1-0.05-50-0 1 2450 1 10 251 449 0.2520 0.2533 409 449
299-1-1-0.05-50-0 1 2450 36 36 110 110 0.8162 0.8162 165 165
299-1-1-0.05-50-0 1 2450 1 10 251 448 0.2520 0.2533 409 449
299-1-1-0.05-50-0 1 2451 41 5 66 2 0.9621 0.0007 105 226
299-1-1-0.05-50-0 1 2451 1 10 260 449 0.2520 0.2533 409 449
299-1-1-0.05-50-0 1 2451 1 10 260 448 0.2520 0.2533 409 449
299-1-1-0.05-50-0 1 2451 36 26 108 136 0.8162 0.8171 165 141
299-1-1-0.05-50-0 1 2451 1 1 260 260 0.2520 0.2520 409 409
299-1-1-0.05-50-0 1 2451 1 10 259 447 0.2520 0.2533 409 449
299-1-1-0.05-50-0 1 2451 36 26 108 135 0.8162 0.8171 165 141
299-1-1-0.05-50-0 1 2451 1 10 259 446 0.2520 0.2533 409 449
299-1-1-0.05-50-0 1 2452 14 41 77 66 0.8451 0.9621 105 105
299-1-1-0.05-50-0 1 2452 14 14 77 77 0.8451 0.8451 105 105
299-1-1-0.05-50-0 1 2452 36 43 105 73 0.8162 0.8316 165 123
299-1-1-0.05-50-0 1 2452 36 43 105 72 0.8162 0.8316 165 123
299-1-1-0.05-50-0 1 2453 36 14 107 75 0.8162 0.8451 165 105
299-1-1-0.05-50-0 1 2453 14 26 74 131 0.8451 0.8171 105 141
299-1-1-0.05-50-0 1 2453 36 26 107 130 0.8162 0.8171 165 141
299-1-1-0.05-50-0 1 2453 36 43 107 69 0.8162 0.8316 165 123
299-1-1-0.05-50-0 1 2453 1 1 270 270 0.2520 0.2520 409 409
299-1-1-0.05-50-0 1 2453 14 26 74 129 0.8451 0.8171 105 141
299-1-1-0.05-50-0 1 2453 36 14 107 74 0.8162 0.8451 165 105
299-1-1-0.05-50-0 1 2454 1 1 268 268 0.2520 0.2520 409 409
299-1-1-0.05-50-0 1 2454 1 10 267 449 0.2520 0.2533 409 449
299-1-1-0.05-50-0 1 2454 36 26 107 123 0.8162 0.8171 165 141
299-1-1-0.05-50-0 1 2454 1 10 267 448 0.2520 0.2533 409 449
299-1-1-0.05-50-0 1 2454 36 26 107 122 0.8162 0.8171 165 141
299-1-1-0.05-50-0 1 2454 1 10 267 447 0.2520 0.2533 409 449
299-1-1-0.05-50-0 1 2454 1 10 267 446 0.2520 0.2533 409 449
299-1-1-0.05-50-0 1 2454 14 36 73 107 0.8451 0.8162 105 165
299-1-1-0.05-50-0 1 2454 1 10 267 445 0.2520 0.2533 409 449
299-1-1-0.05-50-0 1 2455 2 21 51 4 0.8198 0.4184 167 158
299-1-1-0.05-50-0 1 2455 36 26 106 120 0.8162 0.8171 165 141
299-1-1-0.05-50-0 1 2455 1 10 268 449 0.2520 0.2533 409 449
299-1-1-0.05-50-0 1 2455 1 1 268 268 0.2520 0.2520 409 409
299-1-1-0.05-50-0 1 2455 1 10 267 448 0.2520 0.2533 409 449
299-1-1-0.05-50-0 1 2455 36 36 106 106 0.8162 0.8162 165 165
299-1-1-0.05-50-0 1 2455 1 1 267 267 0.2520 0.2520 409 409
299-1-1-0.05-50-0 1 2455 14 2 74 51 0.8451 0.8198 105 167
299-1-1-0.05-50-0 1 2455 1 1 266 266 0.2520 0.2520 409 409
299-1-1-0.05-50-0 1 2455 36 2 105 50 0.8162 0.8198 165 167
299-1-1-0.05-50-0 1 2455 14 36 74 105 0.8451 0.8162 105 165
299-1-1-0.05-50-0 1 2456 14 14 73 73 0.8451 0.8451 105 105
299-1-1-0.05-50-0 1 2456 14 25 72 67 0.8451 0.9430 105 125
299-1-1-0.05-50-0 1 2456 1 10 271 449 0.2520 0.2533 409 449
299-1-1-0.05-50-0 1 2456 1 10 271 448 0.2520 0.2533 409 449
299-1-1-0.05-50-0 1 2456 1 1 271 271 0.2520 0.2520 409 409
299-1-1-0.05-50-0 1 2456 26 21 115 3 0.8171 0.4184 141 158
299-1-1-0.05-50-0 1 2456 1 10 270 447 0.2520 0.2533 409 449
299-1-1-0.05-50-0 1 2456 36 26 102 115 0.8162 0.8171 165 141
299-1-1-0.05-50-0 1 2456 1 8 270 18 0.2520 0.2506 409 303
299-1-1-0.05-50-0 1 2456 14 41 72 69 0.8451 0.9621 105 105
299-1-1-0.05-50-0 1 2456 1 1 270 270 0.2520 0.2520 409 409
299-1-1-0.05-50-0 1 2456 36 36 102 102 0.8162 0.8162 165 165
299-1-1-0.05-50-0 1 2456 36 2 101 49 0.8162 0.8198 165 167
299-1-1-0.05-50-0 1 2456 1 10 269 446 0.2520 0.2533 409 449
299-1-1-0.05-50-0 1 2457 1 10 270 449 0.2520 0.2533 409 449
299-1-1-0.05-50-0 1 2457 36 2 99 49 0.8162 0.8198 165 167
299-1-1-0.05-50-0 1 2457 1 10 270 448 0.2520 0.2533 409 449
299-1-1-0.05-50-0 1 2457 14 41 69 70 0.8451 0.9621 105 105
299-1-1-0.05-50-0 1 2457 1 10 270 447 0.2520 0.2533 409 449
299-1-1-0.05-50-0 1 2457 1 10 270 446 0.2520 0.2533 409 449
299-1-1-0.05-50-0 1 2457 1 10 270 445 0.2520 0.2533 409 449
299-1-1-0.05-50-0 1 2457 1 1 270 270 0.2520 0.2520 409 409
299-1-1-0.05-50-0 1 2457 41 5 69 1 0.9621 0.0007 105 226
299-1-1-0.05-50-0 1 2457 1 10 269 444 0.2520 0.2533 409 449
299-1-1-0.05-50-0 1 2457 36 37 99 8 0.8162 0.8481 165 127
299-1-1-0.05-50-0 1 2458 1 23 272 5 0.2520 0.1698 409 476
299-1-1-0.05-50-0 1 2458 14 36 70 101 0.8451 0.8162 105 165
299-1-1-0.05-50-0 1 2458 1 10 272 445 0.2520 0.2533 409 449
299-1-1-0.05-50-0 1 2458 14 13 70 135 0.8451 0.8878 105 151
299-1-1-0.05-50-0 1 2458 1 10 272 444 0.2520 0.2533 409 449
299-1-1-0.05-50-0 1 2458 14 26 70 115 0.8451 0.8171 105 141
299-1-1-0.05-50-0 1 2458 36 26 100 114 0.8162 0.8171 165 141
299-1-1-0.05-50-0 1 2458 36 2 100 50 0.8162 0.8198 165 167
299-1-1-0.05-50-0 1 2458 43 12 72 1 0.8316 0.1896 123 325
299-1-1-0.05-50-0 1 2459 36 26 99 116 0.8162 0.8171 165 141
299-1-1-0.05-50-0 1 2459 1 10 268 444 0.2520 0.2533 409 449
299-1-1-0.05-50-0 1 2459 14 14 71 71 0.8451 0.8451 105 105
299-1-1-0.05-50-0 1 2459 1 10 268 443 0.2520 0.2533 409 449
299-1-1-0.05-50-0 1 2459 1 1 268 268 0.2520 0.2520 409 409
299-1-1-0.05-50-0 1 2460 36 43 98 71 0.8162 0.8316 165 123
299-1-1-0.05-50-0 1 2460 1 10 267 441 0.2520 0.2533 409 449
299-1-1-0.05-50-0 1 2460 1 10 267 440 0.2520 0.2533 409 449
299-1-1-0.05-50-0 1 2460 1 1 267 267 0.2520 0.2520 409 409
299-1-1-0.05-50-0 1 2460 40 9 49 1 0.9739 0.6134 104 161
299-1-1-0.05-50-0 1 2460 1 10 266 439 0.2520 0.2533 409 449
299-1-1-0.05-50-0 1 2460 1 10 266 438 0.2520 0.2533 409 449
299-1-1-0.05-50-0 1 2460 1 1 266 266 0.2520 0.2520 409 409
299-1-1-0.05-50-0 1 2460 26 21 112 3 0.8171 0.4184 141 158
299-1-1-0.05-50-0 1 2460 1 1 265 265 0.2520 0.2520 409 409
299-1-1-0.05-50-0 1 2460 1 10 264 437 0.2520 0.2533 409 449
299-1-1-0.05-50-0 1 2460 14 43 68 70 0.8451 0.8316 105 123
299-1-1-0.05-50-0 1 2461 36 36 96 96 0.8162 0.8162 165 165
299-1-1-0.05-50-0 1 2461 36 26 95 112 0.8162 0.8171 165 141
299-1-1-0.05-50-0 1 2461 1 10 262 447 0.2520 0.2533 409 449
299-1-1-0.05-50-0 1 2461 1 10 262 446 0.2520 0.2533 409 449
299-1-1-0.05-50-0 1 2461 1 10 262 445 0.2520 0.2533 409 449
299-1-1-0.05-50-0 1 2461 25 11 71 1 0.9430 0.0504 125 384
299-1-1-0.05-50-0 1 2462 1 1 256 256 0.2520 0.2520 409 409
299-1-1-0.05-50-0 1 2462 14 13 67 125 0.8451 0.8878 105 151
299-1-1-0.05-50-0 1 2462 36 26 95 113 0.8162 0.8171 165 141
299-1-1-0.05-50-0 1 2462 14 13 67 124 0.8451 0.8878 105 151
299-1-1-0.05-50-0 1 2462 14 43 67 72 0.8451 0.8316 105 123
299-1-1-0.05-50-0 1 2462 14 2 67 45 0.8451 0.8198 105 167
299-1-1-0.05-50-0 1 2462 36 14 95 67 0.8162 0.8451 165 105
299-1-1-0.05-50-0 1 2462 1 10 255 446 0.2520 0.2533 409 449
299-1-1-0.05-50-0 1 2462 40 21 48 2 0.9739 0.4184 104 158
299-1-1-0.05-50-0 1 2462 1 1 255 255 0.2520 0.2520 409 409
299-1-1-0.05-50-0 1 2463 36 14 95 68 0.8162 0.8451 165 105
299-1-1-0.05-50-0 1 2463 1 10 256 449 0.2520 0.2533 409 449
299-1-1-0.05-50-0 1 2463 14 36 67 95 0.8451 0.8162 105 165
299-1-1-0.05-50-0 1 2463 26 21 113 1 0.8171 0.4184 141 158
299-1-1-0.05-50-0 1 2463 1 10 256 448 0.2520 0.2533 409 449
299-1-1-0.05-50-0 1 2463 1 10 256 447 0.2520 0.2533 409 449
299-1-1-0.05-50-0 1 2463 1 10 256 446 0.2520 0.2533 409 449
299-1-1-0.05-50-0 1 2463 36 43 94 72 0.8162 0.8316 165 123
299-1-1-0.05-50-0 1 2463 1 10 256 445 0.2520 0.2533 409 449
299-1-1-0.05-50-0 1 2463 1 10 256 444 0.2520 0.2533 409 449
299-1-1-0.05-50-0 1 2464 1 10 261 446 0.2520 0.2533 409 449
299-1-1-0.05-50-0 1 2464 1 10 261 445 0.2520 0.2533 409 449
299-1-1-0.05-50-0 1 2464 1 1 261 261 0.2520 0.2520 409 409
299-1-1-0.05-50-0 1 2464 1 10 260 444 0.2520 0.2533 409 449
299-1-1-0.05-50-0 1 2464 1 10 260 443 0.2520 0.2533 409 449
299-1-1-0.05-50-0 1 2464 1 10 260 442 0.2520 0.2533 409 449
299-1-1-0.05-50-0 1 2464 36 26 94 115 0.8162 0.8171 165 141
299-1-1-0.05-50-0 1 2464 1 10 260 441 0.2520 0.2533 409 449
299-1-1-0.05-50-0 1 2464 14 14 68 68 0.8451 0.8451 105 105
299-1-1-0.05-50-0 1 2465 1 1 265 265 0.2520 0.2520 409 409
299-1-1-0.05-50-0 1 2465 14 43 66 73 0.8451 0.8316 105 123
299-1-1-0.05-50-0 1 2465 36 2 98 47 0.8162 0.8198 165 167
299-1-1-0.05-50-0 1 2465 36 14 98 66 0.8162 0.8451 165 105
299-1-1-0.05-50-0 1 2465 1 10 264 447 0.2520 0.2533 409 449
299-1-1-0.05-50-0 1 2465 36 26 98 111 0.8162 0.8171 165 141
299-1-1-0.05-50-0 1 2465 1 10 264 446 0.2520 0.2533 409 449
299-1-1-0.05-50-0 1 2465 1 1 264 264 0.2520 0.2520 409 409
299-1-1-0.05-50-0 1 2466 1 1 266 266 0.2520 0.2520 409 409
299-1-1-0.05-50-0 1 2466 36 36 97 97 0.8162 0.8162 165 165
299-1-1-0.05-50-0 1 2466 1 1 265 265 0.2520 0.2520 409 409
299-1-1-0.05-50-0 1 2466 1 1 264 264 0.2520 0.2520 409 409
299-1-1-0.05-50-0 1 2466 1 8 263 15 0.2520 0.2506 409 303
299-1-1-0.05-50-0 1 2466 1 1 263 263 0.2520 0.2520 409 409
299-1-1-0.05-50-0 1 2466 1 10 262 447 0.2520 0.2533 409 449
299-1-1-0.05-50-0 1 2466 1 10 262 446 0.2520 0.2533 409 449
299-1-1-0.05-50-0 1 2466 40 34 49 1 0.9739 0.7448 104 168
299-1-1-0.05-50-0 1 2466 36 36 96 96 0.8162 0.8162 165 165
299-1-1-0.05-50-0 1 2466 36 43 95 74 0.8162 0.8316 165 123
299-1-1-0.05-50-0 1 2467 14 14 71 71 0.8451 0.8451 105 105
299-1-1-0.05-50-0 1 2467 1 10 269 449 0.2520 0.2533 409 449
299-1-1-0.05-50-0 1 2467 1 10 269 448 0.2520 0.2533 409 449
299-1-1-0.05-50-0 1 2467 36 36 97 97 0.8162 0.8162 165 165
299-1-1-0.05-50-0 1 2467 1 10 269 447 0.2520 0.2533 409 449
299-1-1-0.05-50-0 1 2467 40 17 50 1 0.9739 0.6398 104 197
299-1-1-0.05-50-0 1 2467 36 26 96 109 0.8162 0.8171 165 141
299-1-1-0.05-50-0 1 2468 36 36 101 101 0.8162 0.8162 165 165
299-1-1-0.05-50-0 1 2468 36 43 100 76 0.8162 0.8316 165 123
299-1-1-0.05-50-0 1 2468 36 14 100 71 0.8162 0.8451 165 105
299-1-1-0.05-50-0 1 2468 36 14 100 70 0.8162 0.8451 165 105
299-1-1-0.05-50-0 1 2468 1 1 276 276 0.2520 0.2520 409 409
299-1-1-0.05-50-0 1 2468 36 14 100 69 0.8162 0.8451 165 105
299-1-1-0.05-50-0 1 2468 14 36 68 100 0.8451 0.8162 105 165
299-1-1-0.05-50-0 1 2468 1 10 275 446 0.2520 0.2533 409 449
299-1-1-0.05-50-0 1 2468 1 1 275 275 0.2520 0.2520 409 409
299-1-1-0.05-50-0 1 2468 1 10 274 445 0.2520 0.2533 409 449
299-1-1-0.05-50-0 1 2468 16 23 2 6 0.2228 0.1698 149 476
299-1-1-0.05-50-0 1 2468 41 4 75 2 0.9621 0.0723 105 351
299-1-1-0.05-50-0 1 2469 2 3 54 1 0.8198 0.4813 167 321
299-1-1-0.05-50-0 1 2469 36 2 102 54 0.8162 0.8198 165 167
299-1-1-0.05-50-0 1 2469 36 2 102 53 0.8162 0.8198 165 167
299-1-1-0.05-50-0 1 2469 1 1 283 283 0.2520 0.2520 409 409
299-1-1-0.05-50-0 1 2469 28 10 1 449 0.3846 0.2533 311 449
299-1-1-0.05-50-0 1 2469 1 1 282 282 0.2520 0.2520 409 409
299-1-1-0.05-50-0 1 2469 14 13 67 132 0.8451 0.8878 105 151
299-1-1-0.05-50-0 1 2469 1 10 281 448 0.2520 0.2533 409 449
299-1-1-0.05-50-0 1 2469 36 26 102 110 0.8162 0.8171 165 141
299-1-1-0.05-50-0 1 2469 36 26 102 109 0.8162 0.8171 165 141
299-1-1-0.05-50-0 1 2470 1 10 285 449 0.2520 0.2533 409 449
299-1-1-0.05-50-0 1 2470 36 26 102 107 0.8162 0.8171 165 141
299-1-1-0.05-50-0 1 2470 1 1 285 285 0.2520 0.2520 409 409
299-1-1-0.05-50-0 1 2470 1 1 284 284 0.2520 0.2520 409 409
299-1-1-0.05-50-0 1 2470 26 28 106 1 0.8171 0.3846 141 311
299-1-1-0.05-50-0 1 2470 36 36 102 102 0.8162 0.8162 165 165
299-1-1-0.05-50-0 1 2470 1 10 283 448 0.2520 0.2533 409 449
299-1-1-0.05-50-0 1 2470 1 1 283 283 0.2520 0.2520 409 409
299-1-1-0.05-50-0 1 2470 1 1 282 282 0.2520 0.2520 409 409
299-1-1-0.05-50-0 1 2470 1 1 281 281 0.2520 0.2520 409 409
299-1-1-0.05-50-0 1 2471 1 10 279 449 0.2520 0.2533 409 449
299-1-1-0.05-50-0 1 2471 36 26 103 105 0.8162 0.8171 165 141
299-1-1-0.05-50-0 1 2471 36 36 103 103 0.8162 0.8162 165 165
299-1-1-0.05-50-0 1 2471 2 3 54 2 0.8198 0.4813 167 321
299-1-1-0.05-50-0 1 2471 19 19 9 9 0.8072 0.8072 134 134
299-1-1-0.05-50-0 1 2471 1 10 279 448 0.2520 0.2533 409 449
299-1-1-0.05-50-0 1 2471 1 8 279 15 0.2520 0.2506 409 303
299-1-1-0.05-50-0 1 2472 1 1 284 284 0.2520 0.2520 409 409
299-1-1-0.05-50-0 1 2472 1 10 283 449 0.2520 0.2533 409 449
299-1-1-0.05-50-0 1 2472 1 1 283 283 0.2520 0.2520 409 409
299-1-1-0.05-50-0 1 2472 1 1 282 282 0.2520 0.2520 409 409
299-1-1-0.05-50-0 1 2472 36 14 107 67 0.8162 0.8451 165 105
299-1-1-0.05-50-0 1 2472 36 14 107 66 0.8162 0.8451 165 105
299-1-1-0.05-50-0 1 2472 25 35 64 2 0.9430 0.0354 125 158
299-1-1-0.05-50-0 1 2472 1 1 281 281 0.2520 0.2520 409 409
299-1-1-0.05-50-0 1 2472 1 1 280 280 0.2520 0.2520 409 409
299-1-1-0.05-50-0 1 2472 14 41 65 71 0.8451 0.9621 105 105
299-1-1-0.05-50-0 1 2472 1 10 279 448 0.2520 0.2533 409 449
299-1-1-0.05-50-0 1 2473 26 3 104 1 0.8171 0.4813 141 321
299-1-1-0.05-50-0 1 2473 1 10 275 446 0.2520 0.2533 409 449
299-1-1-0.05-50-0 1 2473 36 26 108 104 0.8162 0.8171 165 141
299-1-1-0.05-50-0 1 2473 1 1 275 275 0.2520 0.2520 409 409
299-1-1-0.05-50-0 1 2473 19 19 8 8 0.8072 0.8072 134 134
299-1-1-0.05-50-0 1 2473 1 10 274 445 0.2520 0.2533 409 449
299-1-1-0.05-50-0 1 2473 1 10 274 444 0.2520 0.2533 409 449
299-1-1-0.05-50-0 1 2473 1 1 274 274 0.2520 0.2520 409 409
299-1-1-0.05-50-0 1 2473 1 1 273 273 0.2520 0.2520 409 409
299-1-1-0.05-50-0 1 2474 36 36 100 100 0.8162 0.8162 165 165
299-1-1-0.05-50-0 1 2474 36 36 99 99 0.8162 0.8162 165 165
299-1-1-0.05-50-0 1 2474 2 30 53 1 0.8198 0.6008 167 266
299-1-1-0.05-50-0 1 2474 41 35 70 1 0.9621 0.0354 105 158
299-1-1-0.05-50-0 1 2474 14 26 60 104 0.8451 0.8171 105 141
299-1-1-0.05-50-0 1 2474 36 26 98 103 0.8162 0.8171 165 141
299-1-1-0.05-50-0 1 2474 1 10 277 449 0.2520 0.2533 409 449
299-1-1-0.05-50-0 1 2474 1 10 277 448 0.2520 0.2533 409 449
299-1-1-0.05-50-0 1 2474 36 43 98 73 0.8162 0.8316 165 123
299-1-1-0.05-50-0 1 2475 41 11 70 1 0.9621 0.0504 105 384
299-1-1-0.05-50-0 1 2475 36 36 104 104 0.8162 0.8162 165 165
299-1-1-0.05-50-0 1 2475 1 1 283 283 0.2520 0.2520 409 409
299-1-1-0.05-50-0 1 2475 43 12 74 1 0.8316 0.1896 123 325
299-1-1-0.05-50-0 1 2475 1 10 282 449 0.2520 0.2533 409 449
299-1-1-0.05-50-0 1 2475 14 43 60 74 0.8451 0.8316 105 123
299-1-1-0.05-50-0 1 2475 14 43 60 73 0.8451 0.8316 105 123
299-1-1-0.05-50-0 1 2476 1 1 290 290 0.2520 0.2520 409 409
299-1-1-0.05-50-0 1 2476 1 1 289 289 0.2520 0.2520 409 409
299-1-1-0.05-50-0 1 2476 41 4 70 2 0.9621 0.0723 105 351
299-1-1-0.05-50-0 1 2476 36 2 102 53 0.8162 0.8198 165 167
299-1-1-0.05-50-0 1 2476 19 19 8 8 0.8072 0.8072 134 134
299-1-1-0.05-50-0 1 2476 1 10 288 446 0.2520 0.2533 409 449
299-1-1-0.05-50-0 1 2476 1 1 288 288 0.2520 0.2520 409 409
299-1-1-0.05-50-0 1 2476 1 1 287 287 0.2520 0.2520 409 409
299-1-1-0.05-50-0 1 2476 1 10 286 445 0.2520 0.2533 409 449
299-1-1-0.05-50-0 1 2476 1 10 286 444 0.2520 0.2533 409 449
299-1-1-0.05-50-0 1 2477 14 41 58 68 0.8451 0.9621 105 105
299-1-1-0.05-50-0 1 2477 1 10 283 446 0.2520 0.2533 409 449
299-1-1-0.05-50-0 1 2477 36 36 105 105 0.8162 0.8162 165 165
299-1-1-0.05-50-0 1 2477 1 10 283 445 0.2520 0.2533 409 449
299-1-1-0.05-50-0 1 2477 36 14 104 58 0.8162 0.8451 165 105
299-1-1-0.05-50-0 1 2477 1 10 283 444 0.2520 0.2533 409 449
299-1-1-0.05-50-0 1 2478 1 1 291 291 0.2520 0.2520 409 409
299-1-1-0.05-50-0 1 2478 1 1 290 290 0.2520 0.2520 409 409
299-1-1-0.05-50-0 1 2478 36 14 106 58 0.8162 0.8451 165 105
299-1-1-0.05-50-0 1 2478 36 26 106 106 0.8162 0.8171 165 141
299-1-1-0.05-50-0 1 2478 1 1 289 289 0.2520 0.2520 409 409
299-1-1-0.05-50-0 1 2478 1 10 288 449 0.2520 0.2533 409 449
299-1-1-0.05-50-0 1 2478 36 36 106 106 0.8162 0.8162 165 165
299-1-1-0.05-50-0 1 2478 1 1 288 288 0.2520 0.2520 409 409
299-1-1-0.05-50-0 1 2478 1 1 287 287 0.2520 0.2520 409 409
299-1-1-0.05-50-0 1 2478 1 10 286 448 0.2520 0.2533 409 449
299-1-1-0.05-50-0 1 2478 1 1 286 286 0.2520 0.2520 409 409
299-1-1-0.05-50-0 1 2478 1 1 285 285 0.2520 0.2520 409 409
299-1-1-0.05-50-0 1 2478 26 28 105 2 0.8171 0.3846 141 311
299-1-1-0.05-50-0 1 2479 14 13 61 132 0.8451 0.8878 105 151
299-1-1-0.05-50-0 1 2479 14 43 61 74 0.8451 0.8316 105 123
299-1-1-0.05-50-0 1 2479 36 36 104 104 0.8162 0.8162 165 165
299-1-1-0.05-50-0 1 2479 1 1 291 291 0.2520 0.2520 409 409
299-1-1-0.05-50-0 1 2479 36 26 103 108 0.8162 0.8171 165 141
299-1-1-0.05-50-0 1 2479 1 10 290 449 0.2520 0.2533 409 449
299-1-1-0.05-50-0 1 2479 1 1 290 290 0.2520 0.2520 409 409
299-1-1-0.05-50-0 1 2479 1 1 289 289 0.2520 0.2520 409 409
299-1-1-0.05-50-0 1 2479 1 1 288 288 0.2520 0.2520 409 409
299-1-1-0.05-50-0 1 2480 1 10 287 449 0.2520 0.2533 409 449
299-1-1-0.05-50-0 1 2480 36 14 107 58 0.8162 0.8451 165 105
299-1-1-0.05-50-0 1 2480 14 36 57 107 0.8451 0.8162 105 165
299-1-1-0.05-50-0 1 2480 1 10 287 448 0.2520 0.2533 409 449
299-1-1-0.05-50-0 1 2480 36 2 106 52 0.8162 0.8198 165 167
299-1-1-0.05-50-0 1 2480 41 4 69 1 0.9621 0.0723 105 351
299-1-1-0.05-50-0 1 2480 1 10 287 447 0.2520 0.2533 409 449
299-1-1-0.05-50-0 1 2480 1 10 287 446 0.2520 0.2533 409 449
299-1-1-0.05-50-0 1 2480 1 10 287 445 0.2520 0.2533 409 449
299-1-1-0.05-50-0 1 2480 1 10 287 444 0.2520 0.2533 409 449
299-1-1-0.05-50-0 1 2480 36 36 106 106 0.8162 0.8162 165 165
299-1-1-0.05-50-0 1 2480 10 27 443 1 0.2533 0.0776 449 149
299-1-1-0.05-50-0 1 2481 1 1 286 286 0.2520 0.2520 409 409
299-1-1-0.05-50-0 1 2481 1 1 285 285 0.2520 0.2520 409 409
299-1-1-0.05-50-0 1 2481 36 36 110 110 0.8162 0.8162 165 165
299-1-1-0.05-50-0 1 2481 1 1 284 284 0.2520 0.2520 409 409
299-1-1-0.05-50-0 1 2481 36 43 109 73 0.8162 0.8316 165 123
299-1-1-0.05-50-0 1 2481 1 10 283 449 0.2520 0.2533 409 449
299-1-1-0.05-50-0 1 2481 37 18 12 6 0.8481 0.2181 127 226
299-1-1-0.05-50-0 1 2481 14 36 57 109 0.8451 0.8162 105 165
299-1-1-0.05-50-0 1 2481 1 10 283 448 0.2520 0.2533 409 449
299-1-1-0.05-50-0 1 2481 36 36 108 108 0.8162 0.8162 165 165
299-1-1-0.05-50-0 1 2481 36 37 107 12 0.8162 0.8481 165 127
299-1-1-0.05-50-0 1 2481 36 2 107 52 0.8162 0.8198 165 167
299-1-1-0.05-50-0 1 2481 1 10 283 447 0.2520 0.2533 409 449
299-1-1-0.05-50-0 1 2482 36 2 107 54 0.8162 0.8198 165 167
299-1-1-0.05-50-0 1 2482 1 10 282 448 0.2520 0.2533 409 449
299-1-1-0.05-50-0 1 2482 1 10 282 447 0.2520 0.2533 409 449
299-1-1-0.05-50-0 1 2482 1 1 282 282 0.2520 0.2520 409 409
299-1-1-0.05-50-0 1 2482 1 1 281 281 0.2520 0.2520 409 409
299-1-1-0.05-50-0 1 2482 1 10 280 446 0.2520 0.2533 409 449
299-1-1-0.05-50-0 1 2482 26 21 110 1 0.8171 0.4184 141 158
299-1-1-0.05-50-0 1 2482 1 10 280 445 0.2520 0.2533 409 449
299-1-1-0.05-50-0 1 2482 1 10 280 444 0.2520 0.2533 409 449
299-1-1-0.05-50-0 1 2482 1 10 280 443 0.2520 0.2533 409 449
299-1-1-0.05-50-0 1 2482 1 1 280 280 0.2520 0.2520 409 409
299-1-1-0.05-50-0 1 2482 1 10 279 442 0.2520 0.2533 409 449
299-1-1-0.05-50-0 1 2482 14 25 58 73 0.8451 0.9430 105 125
299-1-1-0.05-50-0 1 2482 1 10 279 441 0.2520 0.2533 409 449
299-1-1-0.05-50-0 1 2483 1 10 291 435 0.2520 0.2533 409 449
299-1-1-0.05-50-0 1 2483 1 1 291 291 0.2520 0.2520 409 409
299-1-1-0.05-50-0 1 2483 1 1 290 290 0.2520 0.2520 409 409
299-1-1-0.05-50-0 1 2483 36 26 106 111 0.8162 0.8171 165 141
299-1-1-0.05-50-0 1 2483 1 10 289 434 0.2520 0.2533 409 449
299-1-1-0.05-50-0 1 2483 1 10 289 433 0.2520 0.2533 409 449
299-1-1-0.05-50-0 1 2483 1 10 289 432 0.2520 0.2533 409 449
299-1-1-0.05-50-0 1 2483 36 43 106 73 0.8162 0.8316 165 123
299-1-1-0.05-50-0 1 2483 14 25 58 70 0.8451 0.9430 105 125
299-1-1-0.05-50-0 1 2483 37 23 12 3 0.8481 0.1698 127 476
299-1-1-0.05-50-0 1 2483 1 1 289 289 0.2520 0.2520 409 409
299-1-1-0.05-50-0 1 2484 14 13 60 133 0.8451 0.8878 105 151
299-1-1-0.05-50-0 1 2484 1 10 286 434 0.2520 0.2533 409 449
299-1-1-0.05-50-0 1 2484 36 2 108 46 0.8162 0.8198 165 167
299-1-1-0.05-50-0 1 2484 36 43 108 70 0.8162 0.8316 165 123
299-1-1-0.05-50-0 1 2484 36 36 108 108 0.8162 0.8162 165 165
299-1-1-0.05-50-0 1 2484 1 10 286 433 0.2520 0.2533 409 449
299-1-1-0.05-50-0 1 2484 36 43 107 69 0.8162 0.8316 165 123
299-1-1-0.05-50-0 1 2484 1 10 286 432 0.2520 0.2533 409 449
299-1-1-0.05-50-0 1 2484 36 14 107 60 0.8162 0.8451 165 105
299-1-1-0.05-50-0 1 2484 1 10 286 431 0.2520 0.2533 409 449
299-1-1-0.05-50-0 1 2484 1 8 286 19 0.2520 0.2506 409 303
299-1-1-0.05-50-0 1 2484 14 2 59 45 0.8451 0.8198 105 167
299-1-1-0.05-50-0 1 2485 1 10 286 438 0.2520 0.2533 409 449
299-1-1-0.05-50-0 1 2485 1 1 286 286 0.2520 0.2520 409 409
299-1-1-0.05-50-0 1 2485 36 26 105 108 0.8162 0.8171 165 141
299-1-1-0.05-50-0 1 2485 1 10 285 437 0.2520 0.2533 409 449
299-1-1-0.05-50-0 1 2485 1 10 285 436 0.2520 0.2533 409 449
299-1-1-0.05-50-0 1 2485 1 10 285 435 0.2520 0.2533 409 449
299-1-1-0.05-50-0 1 2485 1 10 285 434 0.2520 0.2533 409 449
299-1-1-0.05-50-0 1 2485 1 1 285 285 0.2520 0.2520 409 409
299-1-1-0.05-50-0 1 2486 37 18 13 7 0.8481 0.2181 127 226
299-1-1-0.05-50-0 1 2486 36 43 102 69 0.8162 0.8316 165 123
299-1-1-0.05-50-0 1 2486 1 10 284 429 0.2520 0.2533 409 449
299-1-1-0.05-50-0 1 2486 1 10 284 428 0.2520 0.2533 409 449
299-1-1-0.05-50-0 1 2486 1 1 284 284 0.2520 0.2520 409 409
299-1-1-0.05-50-0 1 2486 1 10 283 427 0.2520 0.2533 409 449
299-1-1-0.05-50-0 1 2486 36 26 102 105 0.8162 0.8171 165 141
299-1-1-0.05-50-0 1 2487 1 10 283 435 0.2520 0.2533 409 449
299-1-1-0.05-50-0 1 2487 14 36 61 102 0.8451 0.8162 105 165
299-1-1-0.05-50-0 1 2487 1 1 283 283 0.2520 0.2520 409 409
299-1-1-0.05-50-0 1 2487 1 1 282 282 0.2520 0.2520 409 409
299-1-1-0.05-50-0 1 2487 1 1 281 281 0.2520 0.2520 409 409
299-1-1-0.05-50-0 1 2487 1 10 280 434 0.2520 0.2533 409 449
299-1-1-0.05-50-0 1 2487 14 25 61 61 0.8451 0.9430 105 125
299-1-1-0.05-50-0 1 2487 1 1 280 280 0.2520 0.2520 409 409
299-1-1-0.05-50-0 1 2487 1 10 279 433 0.2520 0.2533 409 449
299-1-1-0.05-50-0 1 2487 1 1 279 279 0.2520 0.2520 409 409
299-1-1-0.05-50-0 1 2488 37 16 14 2 0.8481 0.2228 127 149
299-1-1-0.05-50-0 1 2488 1 10 278 441 0.2520 0.2533 409 449
299-1-1-0.05-50-0 1 2488 36 36 100 100 0.8162 0.8162 165 165
299-1-1-0.05-50-0 1 2488 36 36 99 99 0.8162 0.8162 165 165
299-1-1-0.05-50-0 1 2488 1 1 278 278 0.2520 0.2520 409 409
299-1-1-0.05-50-0 1 2488 1 1 277 277 0.2520 0.2520 409 409
299-1-1-0.05-50-0 1 2488 1 1 276 276 0.2520 0.2520 409 409
299-1-1-0.05-50-0 1 2488 1 10 275 440 0.2520 0.2533 409 449
299-1-1-0.05-50-0 1 2488 2 31 44 1 0.8198 0.5626 167 252
299-1-1-0.05-50-0 1 2488 1 10 275 439 0.2520 0.2533 409 449
299-1-1-0.05-50-0 1 2488 36 26 98 106 0.8162 0.8171 165 141
299-1-1-0.05-50-0 1 2488 1 10 275 438 0.2520 0.2533 409 449
299-1-1-0.05-50-0 1 2488 36 43 98 69 0.8162 0.8316 165 123
299-1-1-0.05-50-0 1 2489 1 10 275 446 0.2520 0.2533 409 449
299-1-1-0.05-50-0 1 2489 1 10 275 445 0.2520 0.2533 409 449
299-1-1-0.05-50-0 1 2489 14 2 61 43 0.8451 0.8198 105 167
299-1-1-0.05-50-0 1 2489 1 1 275 275 0.2520 0.2520 409 409
299-1-1-0.05-50-0 1 2489 1 1 274 274 0.2520 0.2520 409 409
299-1-1-0.05-50-0 1 2489 1 10 273 444 0.2520 0.2533 409 449
299-1-1-0.05-50-0 1 2489 1 10 273 443 0.2520 0.2533 409 449
299-1-1-0.05-50-0 1 2489 1 10 273 442 0.2520 0.2533 409 449
299-1-1-0.05-50-0 1 2490 1 1 273 273 0.2520 0.2520 409 409
299-1-1-0.05-50-0 1 2490 36 2 100 42 0.8162 0.8198 165 167
299-1-1-0.05-50-0 1 2490 14 36 59 100 0.8451 0.8162 105 165
299-1-1-0.05-50-0 1 2490 14 26 59 107 0.8451 0.8171 105 141
299-1-1-0.05-50-0 1 2490 1 1 272 272 0.2520 0.2520 409 409
299-1-1-0.05-50-0 1 2490 1 1 271 271 0.2520 0.2520 409 409
299-1-1-0.05-50-0 1 2490 36 14 99 59 0.8162 0.8451 165 105
299-1-1-0.05-50-0 1 2490 36 26 99 106 0.8162 0.8171 165 141
299-1-1-0.05-50-0 1 2490 1 1 270 270 0.2520 0.2520 409 409
299-1-1-0.05-50-0 1 2490 1 1 269 269 0.2520 0.2520 409 409
299-1-1-0.05-50-0 1 2491 14 13 58 145 0.8451 0.8878 105 151
299-1-1-0.05-50-0 1 2491 36 14 99 58 0.8162 0.8451 165 105
299-1-1-0.05-50-0 1 2491 1 1 270 270 0.2520 0.2520 409 409
299-1-1-0.05-50-0 1 2491 36 26 99 109 0.8162 0.8171 165 141
299-1-1-0.05-50-0 1 2491 36 14 99 57 0.8162 0.8451 165 105
299-1-1-0.05-50-0 1 2491 1 1 269 269 0.2520 0.2520 409 409
299-1-1-0.05-50-0 1 2491 1 8 268 16 0.2520 0.2506 409 303
299-1-1-0.05-50-0 1 2491 1 1 268 268 0.2520 0.2520 409 409
299-1-1-0.05-50-0 1 2491 1 10 267 449 0.2520 0.2533 409 449
299-1-1-0.05-50-0 1 2491 1 1 267 267 0.2520 0.2520 409 409
299-1-1-0.05-50-0 1 2492 1 10 269 449 0.2520 0.2533 409 449
299-1-1-0.05-50-0 1 2492 36 2 95 43 0.8162 0.8198 165 167
299-1-1-0.05-50-0 1 2492 1 10 269 448 0.2520 0.2533 409 449
299-1-1-0.05-50-0 1 2492 36 26 95 109 0.8162 0.8171 165 141
299-1-1-0.05-50-0 1 2492 1 10 269 447 0.2520 0.2533 409 449
299-1-1-0.05-50-0 1 2492 1 1 269 269 0.2520 0.2520 409 409
299-1-1-0.05-50-0 1 2492 1 10 268 446 0.2520 0.2533 409 449
299-1-1-0.05-50-0 1 2492 1 10 268 445 0.2520 0.2533 409 449
299-1-1-0.05-50-0 1 2492 1 10 268 444 0.2520 0.2533 409 449
299-1-1-0.05-50-0 1 2492 1 10 268 443 0.2520 0.2533 409 449
299-1-1-0.05-50-0 1 2492 1 10 268 442 0.2520 0.2533 409 449
299-1-1-0.05-50-0 1 2493 1 10 271 449 0.2520 0.2533 409 449
299-1-1-0.05-50-0 1 2493 43 12 66 1 0.8316 0.1896 123 325
299-1-1-0.05-50-0 1 2493 36 2 95 42 0.8162 0.8198 165 167
299-1-1-0.05-50-0 1 2493 14 26 62 108 0.8451 0.8171 105 141
299-1-1-0.05-50-0 1 2493 1 10 271 448 0.2520 0.2533 409 449
299-1-1-0.05-50-0 1 2493 1 1 271 271 0.2520 0.2520 409 409
299-1-1-0.05-50-0 1 2493 1 10 270 447 0.2520 0.2533 409 449
299-1-1-0.05-50-0 1 2493 37 18 13 7 0.8481 0.2181 127 226
299-1-1-0.05-50-0 1 2493 1 18 270 6 0.2520 0.2181 409 226
299-1-1-0.05-50-0 1 2493 37 18 13 5 0.8481 0.2181 127 226
299-1-1-0.05-50-0 1 2493 1 24 270 2 0.2520 0.1940 409 254
299-1-1-0.05-50-0 1 2493 1 1 270 270 0.2520 0.2520 409 409
299-1-1-0.05-50-0 1 2493 36 26 95 107 0.8162 0.8171 165 141
299-1-1-0.05-50-0 1 2494 36 2 96 43 0.8162 0.8198 165 167
299-1-1-0.05-50-0 1 2494 26 28 106 2 0.8171 0.3846 141 311
299-1-1-0.05-50-0 1 2494 36 43 96 67 0.8162 0.8316 165 123
299-1-1-0.05-50-0 1 2494 1 1 270 270 0.2520 0.2520 409 409
299-1-1-0.05-50-0 1 2494 14 41 64 82 0.8451 0.9621 105 105
299-1-1-0.05-50-0 1 2494 36 2 96 42 0.8162 0.8198 165 167
299-1-1-0.05-50-0 1 2494 1 1 269 269 0.2520 0.2520 409 409
299-1-1-0.05-50-0 1 2495 1 10 272 444 0.2520 0.2533 409 449
299-1-1-0.05-50-0 1 2495 1 10 272 443 0.2520 0.2533 409 449
299-1-1-0.05-50-0 1 2495 1 10 272 442 0.2520 0.2533 409 449
299-1-1-0.05-50-0 1 2495 26 46 107 1 0.8171 0.3451 141 327
299-1-1-0.05-50-0 1 2495 36 26 102 107 0.8162 0.8171 165 141
299-1-1-0.05-50-0 1 2495 1 10 272 441 0.2520 0.2533 409 449
299-1-1-0.05-50-0 1 2495 1 10 272 440 0.2520 0.2533 409 449
299-1-1-0.05-50-0 1 2495 36 26 102 106 0.8162 0.8171 165 141
299-1-1-0.05-50-0 1 2495 1 10 272 439 0.2520 0.2533 409 449
299-1-1-0.05-50-0 1 2496 1 1 276 276 0.2520 0.2520 409 409
299-1-1-0.05-50-0 1 2496 36 26 104 110 0.8162 0.8171 165 141
299-1-1-0.05-50-0 1 2496 1 1 275 275 0.2520 0.2520 409 409
299-1-1-0.05-50-0 1 2496 1 1 274 274 0.2520 0.2520 409 409
299-1-1-0.05-50-0 1 2496 1 10 273 444 0.2520 0.2533 409 449
299-1-1-0.05-50-0 1 2496 1 1 273 273 0.2520 0.2520 409 409
299-1-1-0.05-50-0 1 2496 1 10 272 443 0.2520 0.2533 409 449
299-1-1-0.05-50-0 1 2496 14 13 66 149 0.8451 0.8878 105 151
299-1-1-0.05-50-0 1 2496 1 10 272 442 0.2520 0.2533 409 449
299-1-1-0.05-50-0 1 2496 36 14 104 66 0.8162 0.8451 165 105
299-1-1-0.05-50-0 1 2497 1 10 277 448 0.2520 0.2533 409 449
299-1-1-0.05-50-0 1 2497 14 40 64 46 0.8451 0.9739 105 104
299-1-1-0.05-50-0 1 2497 1 10 277 447 0.2520 0.2533 409 449
299-1-1-0.05-50-0 1 2497 14 25 64 66 0.8451 0.9430 105 125
299-1-1-0.05-50-0 1 2497 2 9 44 1 0.8198 0.6134 167 161
299-1-1-0.05-50-0 1 2497 14 13 64 151 0.8451 0.8878 105 151
299-1-1-0.05-50-0 1 2497 14 14 64 64 0.8451 0.8451 105 105
299-1-1-0.05-50-0 1 2497 1 10 277 446 0.2520 0.2533 409 449
299-1-1-0.05-50-0 1 2497 1 10 277 445 0.2520 0.2533 409 449
299-1-1-0.05-50-0 1 2497 36 2 105 44 0.8162 0.8198 165 167
299-1-1-0.05-50-0 1 2497 14 43 63 70 0.8451 0.8316 105 123
299-1-1-0.05-50-0 1 2497 14 37 63 16 0.8451 0.8481 105 127
299-1-1-0.05-50-0 1 2497 1 10 277 444 0.2520 0.2533 409 449
299-1-1-0.05-50-0 1 2497 23 23 4 4 0.1698 0.1698 476 476
299-1-1-0.05-50-0 1 2498 10 27 445 1 0.2533 0.0776 449 149
299-1-1-0.05-50-0 1 2498 14 13 62 151 0.8451 0.8878 105 151
299-1-1-0.05-50-0 1 2498 36 36 103 103 0.8162 0.8162 165 165
299-1-1-0.05-50-0 1 2498 1 10 270 445 0.2520 0.2533 409 449
299-1-1-0.05-50-0 1 2498 1 10 270 444 0.2520 0.2533 409 449
299-1-1-0.05-50-0 1 2498 1 1 270 270 0.2520 0.2520 409 409
299-1-1-0.05-50-0 1 2498 1 10 269 443 0.2520 0.2533 409 449
299-1-1-0.05-50-0 1 2498 36 14 102 62 0.8162 0.8451 165 105
299-1-1-0.05-50-0 1 2498 36 43 102 69 0.8162 0.8316 165 123
299-1-1-0.05-50-0 1 2498 1 10 269 442 0.2520 0.2533 409 449
299-1-1-0.05-50-0 1 2498 14 36 61 102 0.8451 0.8162 105 165
299-1-1-0.05-50-0 1 2499 1 10 277 441 0.2520 0.2533 409 449
299-1-1-0.05-50-0 1 2499 1 10 277 440 0.2520 0.2533 409 449
299-1-1-0.05-50-0 1 2499 14 25 59 66 0.8451 0.9430 105 125
299-1-1-0.05-50-0 1 2499 14 25 59 65 0.8451 0.9430 105 125
299-1-1-0.05-50-0 1 2499 1 1 277 277 0.2520 0.2520 409 409
299-1-1-0.05-50-0 1 2499 1 10 276 439 0.2520 0.2533 409 449
299-1-1-0.05-50-0 1 2499 1 10 276 438 0.2520 0.2533 409 449
299-1-1-0.05-50-0 1 2499 36 36 105 105 0.8162 0.8162 165 165
299-1-1-0.05-50-0 1 2499 36 14 104 59 0.8162 0.8451 165 105
299-1-1-0.05-50-0 1 2499 1 10 276 437 0.2520 0.2533 409 449
299-1-1-0.05-50-0 1 2500 36 26 103 109 0.8162 0.8171 165 141
299-1-1-0.05-50-0 1 2500 1 10 284 449 0.2520 0.2533 409 449
299-1-1-0.05-50-0 1 2500 14 36 60 103 0.8451 0.8162 105 165
299-1-1-0.05-50-0 1 2500 1 1 284 284 0.2520 0.2520 409 409
299-1-1-0.05-50-0 1 2500 14 36 60 102 0.8451 0.8162 105 165
299-1-1-0.05-50-0 1 2500 1 1 283 283 0.2520 0.2520 409 409
299-1-1-0.05-50-0 1 2500 14 40 60 40 0.8451 0.9739 105 104
299-1-1-0.05-50-0 1 2500 36 43 101 71 0.8162 0.8316 165 123
299-1-1-0.05-50-0 1 2500 1 8 282 17 0.2520 0.2506 409 303
299-1-1-0.05-50-0 1 2500 1 1 282 282 0.2520 0.2520 409 409
299-1-1-0.05-50-0 1 2500 14 43 60 70 0.8451 0.8316 105 123
299-1-1-0.05-50-0 1 2500 36 14 101 60 0.8162 0.8451 165 105
