299-0-1-0.05-50-0 0 2302 26 42 1 3 0.8171 0.7447 141 106
299-0-1-0.05-50-0 0 2303 47 4 15 12 0.9293 0.0723 103 351
299-0-1-0.05-50-0 0 2304 47 4 16 11 0.9293 0.0723 103 351
299-0-1-0.05-50-0 0 2305 10 32 1 8 0.2533 0.6514 449 215
299-0-1-0.05-50-0 0 2306 32 37 8 2 0.6514 0.8481 215 127
299-0-1-0.05-50-0 0 2307 5 42 1 2 0.0007 0.7447 226 106
299-0-1-0.05-50-0 0 2308 24 32 1 8 0.1940 0.6514 254 215
299-0-1-0.05-50-0 0 2309 39 4 3 8 0.2187 0.0723 309 351
299-0-1-0.05-50-0 0 2310 9 49 4 3 0.6134 0.1842 161 136
299-0-1-0.05-50-0 0 2311 47 30 9 5 0.9293 0.6008 103 266
299-0-1-0.05-50-0 0 2312 41 8 2 1 0.9621 0.2506 105 303
299-0-1-0.05-50-0 0 2313 12 35 5 4 0.1896 0.0354 325 158
299-0-1-0.05-50-0 0 2314 35 32 3 6 0.0354 0.6514 158 215
299-0-1-0.05-50-0 0 2315 42 19 2 2 0.7447 0.8072 106 134
299-0-1-0.05-50-0 0 2316 26 30 4 4 0.8171 0.6008 141 266
299-0-1-0.05-50-0 0 2317 11 47 2 7 0.0504 0.9293 384 103
299-0-1-0.05-50-0 0 2318 35 35 3 3 0.0354 0.0354 158 158
299-0-1-0.05-50-0 0 2319 49 20 2 1 0.1842 0.9922 136 102
299-0-1-0.05-50-0 0 2320 39 41 4 3 0.2187 0.9621 309 105
299-0-1-0.05-50-0 0 2321 45 31 2 5 0.3816 0.5626 173 252
299-0-1-0.05-50-0 0 2322 12 30 4 4 0.1896 0.6008 325 266
299-0-1-0.05-50-0 0 2323 11 32 2 4 0.0504 0.6514 384 215
299-0-1-0.05-50-0 0 2324 39 31 5 4 0.2187 0.5626 309 252
299-0-1-0.05-50-0 0 2325 26 47 4 8 0.8171 0.9293 141 103
299-0-1-0.05-50-0 0 2326 17 44 3 4 0.6398 0.7034 197 118
299-0-1-0.05-50-0 0 2327 4 38 14 2 0.0723 0.6163 351 270
299-0-1-0.05-50-0 0 2328 50 28 3 1 0.2147 0.3846 147 311
299-0-1-0.05-50-0 0 2329 4 4 14 14 0.0723 0.0723 351 351
299-0-1-0.05-50-0 0 2330 18 12 1 4 0.2181 0.1896 226 325
299-0-1-0.05-50-0 0 2331 11 44 3 4 0.0504 0.7034 384 118
299-0-1-0.05-50-0 0 2332 32 24 3 2 0.6514 0.1940 215 254
299-0-1-0.05-50-0 0 2333 4 30 15 2 0.0723 0.6008 351 266
299-0-1-0.05-50-0 0 2334 16 31 1 3 0.2228 0.5626 149 252
299-0-1-0.05-50-0 0 2335 39 47 5 6 0.2187 0.9293 309 103
299-0-1-0.05-50-0 0 2336 31 4 2 13 0.5626 0.0723 252 351
299-0-1-0.05-50-0 0 2337 4 27 13 2 0.0723 0.0776 351 149
299-0-1-0.05-50-0 0 2338 4 47 12 5 0.0723 0.9293 351 103
299-0-1-0.05-50-0 0 2339 37 10 1 2 0.8481 0.2533 127 449
299-0-1-0.05-50-0 0 2340 47 16 3 2 0.9293 0.2228 103 149
299-0-1-0.05-50-0 0 2341 45 12 3 3 0.3816 0.1896 173 325
299-0-1-0.05-50-0 0 2342 37 11 1 3 0.8481 0.0504 127 384
299-0-1-0.05-50-0 0 2343 31 31 5 5 0.5626 0.5626 252 252
299-0-1-0.05-50-0 0 2344 4 15 10 7 0.0723 0.7918 351 149
299-0-1-0.05-50-0 0 2345 15 50 6 5 0.7918 0.2147 149 147
299-0-1-0.05-50-0 0 2346 39 27 13 3 0.2187 0.0776 309 149
299-0-1-0.05-50-0 0 2347 39 4 14 8 0.2187 0.0723 309 351
299-0-1-0.05-50-0 0 2348 50 1 4 1 0.2147 0.2520 147 409
299-0-1-0.05-50-0 0 2349 39 12 16 5 0.2187 0.1896 309 325
299-0-1-0.05-50-0 0 2350 13 15 3 5 0.8878 0.7918 151 149
299-0-1-0.05-50-0 0 2351 39 15 20 4 0.2187 0.7918 309 149
299-0-1-0.05-50-0 0 2351 31 12 3 2 0.5626 0.1896 252 325
299-0-1-0.05-50-0 0 2352 18 17 1 2 0.2181 0.6398 226 197
299-0-1-0.05-50-0 0 2353 48 39 1 17 0.1153 0.2187 334 309
299-0-1-0.05-50-0 0 2354 39 31 16 3 0.2187 0.5626 309 252
299-0-1-0.05-50-0 0 2355 4 39 11 15 0.0723 0.2187 351 309
299-0-1-0.05-50-0 0 2356 10 39 1 16 0.2533 0.2187 449 309
299-0-1-0.05-50-0 0 2357 9 22 10 7 0.6134 0.0160 161 311
299-0-1-0.05-50-0 0 2358 4 13 11 4 0.0723 0.8878 351 151
299-0-1-0.05-50-0 0 2359 39 33 15 5 0.2187 0.6893 309 191
299-0-1-0.05-50-0 0 2360 4 26 10 4 0.0723 0.8171 351 141
299-0-1-0.05-50-0 0 2361 31 45 3 1 0.5626 0.3816 252 173
299-0-1-0.05-50-0 0 2362 29 35 3 2 0.6728 0.0354 177 158
299-0-1-0.05-50-0 0 2363 14 29 4 3 0.8451 0.6728 105 177
299-0-1-0.05-50-0 0 2363 21 9 1 11 0.4184 0.6134 158 161
299-0-1-0.05-50-0 0 2364 37 14 2 4 0.8481 0.8451 127 105
299-0-1-0.05-50-0 0 2364 2 44 3 1 0.8198 0.7034 167 118
299-0-1-0.05-50-0 0 2365 39 34 17 1 0.2187 0.7448 309 168
299-0-1-0.05-50-0 0 2365 39 37 17 2 0.2187 0.8481 309 127
299-0-1-0.05-50-0 0 2366 2 12 3 3 0.8198 0.1896 167 325
299-0-1-0.05-50-0 0 2366 39 39 16 16 0.2187 0.2187 309 309
299-0-1-0.05-50-0 0 2367 4 18 12 1 0.0723 0.2181 351 226
299-0-1-0.05-50-0 0 2367 13 39 3 15 0.8878 0.2187 151 309
299-0-1-0.05-50-0 0 2368 9 32 12 4 0.6134 0.6514 161 215
299-0-1-0.05-50-0 0 2368 4 39 14 15 0.0723 0.2187 351 309
299-0-1-0.05-50-0 0 2369 13 4 3 14 0.8878 0.0723 151 351
299-0-1-0.05-50-0 0 2369 2 41 4 1 0.8198 0.9621 167 105
299-0-1-0.05-50-0 0 2370 4 20 13 1 0.0723 0.9922 351 102
299-0-1-0.05-50-0 0 2370 2 22 4 8 0.8198 0.0160 167 311
299-0-1-0.05-50-0 0 2371 33 50 8 3 0.6893 0.2147 191 147
299-0-1-0.05-50-0 0 2371 22 33 7 8 0.0160 0.6893 311 191
299-0-1-0.05-50-0 0 2372 9 9 16 16 0.6134 0.6134 161 161
299-0-1-0.05-50-0 0 2372 46 39 4 15 0.3451 0.2187 327 309
299-0-1-0.05-50-0 0 2373 39 2 14 5 0.2187 0.8198 309 167
299-0-1-0.05-50-0 0 2373 2 46 4 4 0.8198 0.3451 167 327
299-0-1-0.05-50-0 0 2374 22 9 8 14 0.0160 0.6134 311 161
299-0-1-0.05-50-0 0 2374 27 9 2 13 0.0776 0.6134 149 161
299-0-1-0.05-50-0 0 2375 39 26 12 3 0.2187 0.8171 309 141
299-0-1-0.05-50-0 0 2375 29 9 2 12 0.6728 0.6134 177 161
299-0-1-0.05-50-0 0 2376 4 26 18 2 0.0723 0.8171 351 141
299-0-1-0.05-50-0 0 2376 2 39 4 12 0.8198 0.2187 167 309
299-0-1-0.05-50-0 0 2377 4 9 18 10 0.0723 0.6134 351 161
299-0-1-0.05-50-0 0 2377 33 29 8 2 0.6893 0.6728 191 177
299-0-1-0.05-50-0 0 2378 5 35 3 2 0.0007 0.0354 226 158
299-0-1-0.05-50-0 0 2378 2 12 4 4 0.8198 0.1896 167 325
299-0-1-0.05-50-0 0 2379 4 10 21 1 0.0723 0.2533 351 449
299-0-1-0.05-50-0 0 2379 9 48 11 5 0.6134 0.1153 161 334
299-0-1-0.05-50-0 0 2380 48 5 4 3 0.1153 0.0007 334 226
299-0-1-0.05-50-0 0 2380 4 26 20 1 0.0723 0.8171 351 141
299-0-1-0.05-50-0 0 2381 13 31 4 4 0.8878 0.5626 151 252
299-0-1-0.05-50-0 0 2381 39 27 14 4 0.2187 0.0776 309 149
299-0-1-0.05-50-0 0 2382 7 29 3 1 0.9267 0.6728 106 177
299-0-1-0.05-50-0 0 2382 21 14 3 3 0.4184 0.8451 158 105
299-0-1-0.05-50-0 0 2383 11 27 3 3 0.0504 0.0776 384 149
299-0-1-0.05-50-0 0 2383 50 4 5 20 0.2147 0.0723 147 351
299-0-1-0.05-50-0 0 2384 31 11 3 3 0.5626 0.0504 252 384
299-0-1-0.05-50-0 0 2384 4 39 19 16 0.0723 0.2187 351 309
299-0-1-0.05-50-0 0 2385 13 4 4 21 0.8878 0.0723 151 351
299-0-1-0.05-50-0 0 2385 31 48 3 7 0.5626 0.1153 252 334
299-0-1-0.05-50-0 0 2386 42 11 1 2 0.7447 0.0504 106 384
299-0-1-0.05-50-0 0 2386 14 50 2 5 0.8451 0.2147 105 147
299-0-1-0.05-50-0 0 2387 33 9 9 9 0.6893 0.6134 191 161
299-0-1-0.05-50-0 0 2387 3 33 4 9 0.4813 0.6893 321 191
299-0-1-0.05-50-0 0 2388 14 46 2 3 0.8451 0.3451 105 327
299-0-1-0.05-50-0 0 2388 4 50 21 5 0.0723 0.2147 351 147
299-0-1-0.05-50-0 0 2389 22 4 10 21 0.0160 0.0723 311 351
299-0-1-0.05-50-0 0 2389 40 4 1 20 0.9739 0.0723 104 351
299-0-1-0.05-50-0 0 2390 46 9 2 7 0.3451 0.6134 327 161
299-0-1-0.05-50-0 0 2390 6 4 3 18 0.4266 0.0723 249 351
299-0-1-0.05-50-0 0 2391 4 45 17 2 0.0723 0.3816 351 173
299-0-1-0.05-50-0 0 2391 11 39 2 10 0.0504 0.2187 384 309
299-0-1-0.05-50-0 0 2392 13 27 6 6 0.8878 0.0776 151 149
299-0-1-0.05-50-0 0 2392 22 48 10 6 0.0160 0.1153 311 334
299-0-1-0.05-50-0 0 2393 35 39 3 9 0.0354 0.2187 158 309
299-0-1-0.05-50-0 0 2393 22 46 10 4 0.0160 0.3451 311 327
299-0-1-0.05-50-0 0 2394 3 5 5 3 0.4813 0.0007 321 226
299-0-1-0.05-50-0 0 2394 6 33 3 8 0.4266 0.6893 249 191
299-0-1-0.05-50-0 0 2395 13 13 7 7 0.8878 0.8878 151 151
299-0-1-0.05-50-0 0 2395 42 39 1 7 0.7447 0.2187 106 309
299-0-1-0.05-50-0 0 2396 39 4 6 17 0.2187 0.0723 309 351
299-0-1-0.05-50-0 0 2396 2 4 5 16 0.8198 0.0723 167 351
299-0-1-0.05-50-0 0 2397 7 31 7 4 0.9267 0.5626 106 252
299-0-1-0.05-50-0 0 2397 4 46 13 4 0.0723 0.3451 351 327
299-0-1-0.05-50-0 0 2398 45 2 2 5 0.3816 0.8198 173 167
299-0-1-0.05-50-0 0 2398 39 22 6 11 0.2187 0.0160 309 311
299-0-1-0.05-50-0 0 2399 18 7 1 7 0.2181 0.9267 226 106
299-0-1-0.05-50-0 0 2399 4 33 12 11 0.0723 0.6893 351 191
299-0-1-0.05-50-0 0 2400 21 3 6 3 0.4184 0.4813 158 321
299-0-1-0.05-50-0 0 2400 6 1 3 2 0.4266 0.2520 249 409
299-0-1-0.05-50-0 0 2401 22 6 11 3 0.0160 0.4266 311 249
299-0-1-0.05-50-0 0 2401 26 35 2 4 0.8171 0.0354 141 158
299-0-1-0.05-50-0 0 2402 4 27 11 7 0.0723 0.0776 351 149
299-0-1-0.05-50-0 0 2402 4 49 11 2 0.0723 0.1842 351 136
299-0-1-0.05-50-0 0 2403 4 33 11 14 0.0723 0.6893 351 191
299-0-1-0.05-50-0 0 2403 33 48 13 4 0.6893 0.1153 191 334
299-0-1-0.05-50-0 0 2404 4 39 12 6 0.0723 0.2187 351 309
299-0-1-0.05-50-0 0 2404 5 41 1 1 0.0007 0.9621 226 105
299-0-1-0.05-50-0 0 2405 46 48 4 4 0.3451 0.1153 327 334
299-0-1-0.05-50-0 0 2405 4 27 13 5 0.0723 0.0776 351 149
299-0-1-0.05-50-0 0 2406 21 27 5 5 0.4184 0.0776 158 149
299-0-1-0.05-50-0 0 2406 22 34 15 2 0.0160 0.7448 311 168
299-0-1-0.05-50-0 0 2407 48 4 4 13 0.1153 0.0723 334 351
299-0-1-0.05-50-0 0 2407 3 21 3 5 0.4813 0.4184 321 158
299-0-1-0.05-50-0 0 2408 21 35 4 3 0.4184 0.0354 158 158
299-0-1-0.05-50-0 0 2408 12 22 2 18 0.1896 0.0160 325 311
299-0-1-0.05-50-0 0 2409 7 18 10 1 0.9267 0.2181 106 226
299-0-1-0.05-50-0 0 2409 46 33 5 17 0.3451 0.6893 327 191
299-0-1-0.05-50-0 0 2410 3 7 4 10 0.4813 0.9267 321 106
299-0-1-0.05-50-0 0 2410 33 31 16 4 0.6893 0.5626 191 252
299-0-1-0.05-50-0 0 2411 48 21 5 3 0.1153 0.4184 334 158
299-0-1-0.05-50-0 0 2411 50 13 2 6 0.2147 0.8878 147 151
299-0-1-0.05-50-0 0 2412 22 4 16 13 0.0160 0.0723 311 351
299-0-1-0.05-50-0 0 2412 39 4 6 12 0.2187 0.0723 309 351
299-0-1-0.05-50-0 0 2413 3 2 6 7 0.4813 0.8198 321 167
299-0-1-0.05-50-0 0 2413 48 31 6 3 0.1153 0.5626 334 252
299-0-1-0.05-50-0 0 2414 27 2 5 6 0.0776 0.8198 149 167
299-0-1-0.05-50-0 0 2414 4 27 12 5 0.0723 0.0776 351 149
299-0-1-0.05-50-0 0 2415 46 22 6 18 0.3451 0.0160 327 311
299-0-1-0.05-50-0 0 2415 3 9 6 2 0.4813 0.6134 321 161
299-0-1-0.05-50-0 0 2416 3 11 7 3 0.4813 0.0504 321 384
299-0-1-0.05-50-0 0 2416 33 39 16 7 0.6893 0.2187 191 309
299-0-1-0.05-50-0 0 2417 7 46 13 4 0.9267 0.3451 106 327
299-0-1-0.05-50-0 0 2417 22 27 18 4 0.0160 0.0776 311 149
299-0-1-0.05-50-0 0 2418 4 7 12 13 0.0723 0.9267 351 106
299-0-1-0.05-50-0 0 2418 39 34 7 4 0.2187 0.7448 309 168
299-0-1-0.05-50-0 0 2419 12 7 2 12 0.1896 0.9267 325 106
299-0-1-0.05-50-0 0 2419 13 34 7 2 0.8878 0.7448 151 168
299-0-1-0.05-50-0 0 2420 2 33 7 14 0.8198 0.6893 167 191
299-0-1-0.05-50-0 0 2420 22 34 19 1 0.0160 0.7448 311 168
299-0-1-0.05-50-0 0 2421 2 7 7 12 0.8198 0.9267 167 106
299-0-1-0.05-50-0 0 2421 16 46 1 3 0.2228 0.3451 149 327
299-0-1-0.05-50-0 0 2422 6 48 4 3 0.4266 0.1153 249 334
299-0-1-0.05-50-0 0 2422 39 3 8 9 0.2187 0.4813 309 321
299-0-1-0.05-50-0 0 2423 4 4 16 16 0.0723 0.0723 351 351
299-0-1-0.05-50-0 0 2423 50 33 2 15 0.2147 0.6893 147 191
299-0-1-0.05-50-0 0 2424 2 22 7 20 0.8198 0.0160 167 311
299-0-1-0.05-50-0 0 2424 22 2 19 7 0.0160 0.8198 311 167
299-0-1-0.05-50-0 0 2425 7 6 11 4 0.9267 0.4266 106 249
299-0-1-0.05-50-0 0 2425 7 30 11 6 0.9267 0.6008 106 266
299-0-1-0.05-50-0 0 2426 13 6 5 3 0.8878 0.4266 151 249
299-0-1-0.05-50-0 0 2426 7 3 12 8 0.9267 0.4813 106 321
299-0-1-0.05-50-0 0 2427 5 7 1 13 0.0007 0.9267 226 106
299-0-1-0.05-50-0 0 2427 2 7 5 12 0.8198 0.9267 167 106
299-0-1-0.05-50-0 0 2428 49 39 5 11 0.1842 0.2187 136 309
299-0-1-0.05-50-0 0 2428 4 33 18 15 0.0723 0.6893 351 191
299-0-1-0.05-50-0 0 2429 7 35 10 1 0.9267 0.0354 106 158
299-0-1-0.05-50-0 0 2429 14 39 6 9 0.8451 0.2187 105 309
299-0-1-0.05-50-0 0 2430 6 17 2 1 0.4266 0.6398 249 197
299-0-1-0.05-50-0 0 2430 39 4 8 19 0.2187 0.0723 309 351
299-0-1-0.05-50-0 0 2431 18 22 1 18 0.2181 0.0160 226 311
299-0-1-0.05-50-0 0 2431 46 22 1 17 0.3451 0.0160 327 311
299-0-1-0.05-50-0 0 2432 5 4 2 22 0.0007 0.0723 226 351
299-0-1-0.05-50-0 0 2432 48 14 2 6 0.1153 0.8451 334 105
299-0-1-0.05-50-0 0 2433 16 7 2 12 0.2228 0.9267 149 106
299-0-1-0.05-50-0 0 2433 43 2 3 4 0.8316 0.8198 123 167
299-0-1-0.05-50-0 0 2434 22 2 16 5 0.0160 0.8198 311 167
299-0-1-0.05-50-0 0 2434 22 4 16 20 0.0160 0.0723 311 351
299-0-1-0.05-50-0 0 2435 33 49 10 8 0.6893 0.1842 191 136
299-0-1-0.05-50-0 0 2435 4 21 20 5 0.0723 0.4184 351 158
299-0-1-0.05-50-0 0 2436 43 7 2 11 0.8316 0.9267 123 106
299-0-1-0.05-50-0 0 2436 6 3 2 6 0.4266 0.4813 249 321
299-0-1-0.05-50-0 0 2437 4 18 22 1 0.0723 0.2181 351 226
299-0-1-0.05-50-0 0 2437 49 11 7 1 0.1842 0.0504 136 384
299-0-1-0.05-50-0 0 2438 7 21 13 7 0.9267 0.4184 106 158
299-0-1-0.05-50-0 0 2438 25 4 2 22 0.9430 0.0723 125 351
299-0-1-0.05-50-0 0 2439 33 27 11 2 0.6893 0.0776 191 149
299-0-1-0.05-50-0 0 2439 3 21 7 6 0.4813 0.4184 321 158
299-0-1-0.05-50-0 0 2440 31 4 5 19 0.5626 0.0723 252 351
299-0-1-0.05-50-0 0 2440 22 4 20 18 0.0160 0.0723 311 351
299-0-1-0.05-50-0 0 2441 7 39 14 11 0.9267 0.2187 106 309
299-0-1-0.05-50-0 0 2441 33 22 11 22 0.6893 0.0160 191 311
299-0-1-0.05-50-0 0 2442 40 33 2 11 0.9739 0.6893 104 191
299-0-1-0.05-50-0 0 2442 7 31 14 7 0.9267 0.5626 106 252
299-0-1-0.05-50-0 0 2443 14 40 2 2 0.8451 0.9739 105 104
299-0-1-0.05-50-0 0 2443 7 22 14 22 0.9267 0.0160 106 311
299-0-1-0.05-50-0 0 2444 33 22 11 21 0.6893 0.0160 191 311
299-0-1-0.05-50-0 0 2444 30 4 3 19 0.6008 0.0723 266 351
299-0-1-0.05-50-0 0 2445 43 2 3 9 0.8316 0.8198 123 167
299-0-1-0.05-50-0 0 2445 7 21 14 5 0.9267 0.4184 106 158
299-0-1-0.05-50-0 0 2446 22 36 19 1 0.0160 0.8162 311 165
299-0-1-0.05-50-0 0 2446 7 43 14 2 0.9267 0.8316 106 123
299-0-1-0.05-50-0 0 2447 33 48 11 1 0.6893 0.1153 191 334
299-0-1-0.05-50-0 0 2447 47 31 4 6 0.9293 0.5626 103 252
299-0-1-0.05-50-0 0 2448 7 22 15 21 0.9267 0.0160 106 311
299-0-1-0.05-50-0 0 2448 39 7 10 15 0.2187 0.9267 309 106
299-0-1-0.05-50-0 0 2449 31 33 4 10 0.5626 0.6893 252 191
299-0-1-0.05-50-0 0 2449 24 7 3 12 0.1940 0.9267 254 106
299-0-1-0.05-50-0 0 2450 4 47 17 5 0.0723 0.9293 351 103
299-0-1-0.05-50-0 0 2450 2 4 7 17 0.8198 0.0723 167 351
299-0-1-0.05-50-0 0 2451 47 49 4 4 0.9293 0.1842 103 136
299-0-1-0.05-50-0 0 2451 30 33 4 8 0.6008 0.6893 266 191
299-0-1-0.05-50-0 0 2452 49 30 3 4 0.1842 0.6008 136 266
299-0-1-0.05-50-0 0 2452 31 35 5 1 0.5626 0.0354 252 158
299-0-1-0.05-50-0 0 2453 4 47 17 4 0.0723 0.9293 351 103
299-0-1-0.05-50-0 0 2453 24 4 4 17 0.1940 0.0723 254 351
299-0-1-0.05-50-0 0 2454 49 21 4 5 0.1842 0.4184 136 158
299-0-1-0.05-50-0 0 2454 39 47 12 3 0.2187 0.9293 309 103
299-0-1-0.05-50-0 0 2455 24 21 4 3 0.1940 0.4184 254 158
299-0-1-0.05-50-0 0 2455 7 39 12 12 0.9267 0.2187 106 309
299-0-1-0.05-50-0 0 2456 7 39 12 11 0.9267 0.2187 106 309
299-0-1-0.05-50-0 0 2456 22 43 21 2 0.0160 0.8316 311 123
299-0-1-0.05-50-0 0 2457 18 4 1 15 0.2181 0.0723 226 351
299-0-1-0.05-50-0 0 2457 2 4 7 14 0.8198 0.0723 167 351
299-0-1-0.05-50-0 0 2458 2 42 7 3 0.8198 0.7447 167 106
299-0-1-0.05-50-0 0 2458 22 3 22 7 0.0160 0.4813 311 321
299-0-1-0.05-50-0 0 2459 22 4 23 14 0.0160 0.0723 311 351
299-0-1-0.05-50-0 0 2459 22 36 23 2 0.0160 0.8162 311 165
299-0-1-0.05-50-0 0 2460 14 49 3 4 0.8451 0.1842 105 136
299-0-1-0.05-50-0 0 2460 2 22 8 23 0.8198 0.0160 167 311
299-0-1-0.05-50-0 0 2461 39 3 9 6 0.2187 0.4813 309 321
299-0-1-0.05-50-0 0 2461 7 25 11 5 0.9267 0.9430 106 125
299-0-1-0.05-50-0 0 2462 22 7 24 11 0.0160 0.9267 311 106
299-0-1-0.05-50-0 0 2462 2 25 11 5 0.8198 0.9430 167 125
299-0-1-0.05-50-0 0 2463 4 30 11 3 0.0723 0.6008 351 266
299-0-1-0.05-50-0 0 2463 22 1 24 3 0.0160 0.2520 311 409
299-0-1-0.05-50-0 0 2464 42 7 2 9 0.7447 0.9267 106 106
299-0-1-0.05-50-0 0 2464 22 7 24 8 0.0160 0.9267 311 106
299-0-1-0.05-50-0 0 2465 1 2 3 13 0.2520 0.8198 409 167
299-0-1-0.05-50-0 0 2465 3 21 5 2 0.4813 0.4184 321 158
299-0-1-0.05-50-0 0 2466 16 33 2 8 0.2228 0.6893 149 191
299-0-1-0.05-50-0 0 2466 18 7 1 7 0.2181 0.9267 226 106
299-0-1-0.05-50-0 0 2467 30 7 3 5 0.6008 0.9267 266 106
299-0-1-0.05-50-0 0 2467 2 22 11 26 0.8198 0.0160 167 311
299-0-1-0.05-50-0 0 2468 14 17 2 1 0.8451 0.6398 105 197
299-0-1-0.05-50-0 0 2468 22 41 25 2 0.0160 0.9621 311 105
299-0-1-0.05-50-0 0 2469 4 39 12 11 0.0723 0.2187 351 309
299-0-1-0.05-50-0 0 2469 27 49 4 7 0.0776 0.1842 149 136
299-0-1-0.05-50-0 0 2470 22 36 26 3 0.0160 0.8162 311 165
299-0-1-0.05-50-0 0 2470 14 3 3 5 0.8451 0.4813 105 321
299-0-1-0.05-50-0 0 2471 22 6 25 1 0.0160 0.4266 311 249
299-0-1-0.05-50-0 0 2471 49 47 5 1 0.1842 0.9293 136 103
299-0-1-0.05-50-0 0 2472 22 27 24 4 0.0160 0.0776 311 149
299-0-1-0.05-50-0 0 2472 2 3 9 4 0.8198 0.4813 167 321
299-0-1-0.05-50-0 0 2473 16 11 5 2 0.2228 0.0504 149 384
299-0-1-0.05-50-0 0 2473 4 22 10 23 0.0723 0.0160 351 311
299-0-1-0.05-50-0 0 2474 3 4 4 10 0.4813 0.0723 321 351
299-0-1-0.05-50-0 0 2474 2 22 8 23 0.8198 0.0160 167 311
299-0-1-0.05-50-0 0 2475 39 3 11 4 0.2187 0.4813 309 321
299-0-1-0.05-50-0 0 2475 21 31 2 2 0.4184 0.5626 158 252
299-0-1-0.05-50-0 0 2476 16 2 5 10 0.2228 0.8198 149 167
299-0-1-0.05-50-0 0 2476 22 24 20 6 0.0160 0.1940 311 254
299-0-1-0.05-50-0 0 2477 22 14 19 3 0.0160 0.8451 311 105
299-0-1-0.05-50-0 0 2477 14 2 2 9 0.8451 0.8198 105 167
299-0-1-0.05-50-0 0 2478 33 22 8 20 0.6893 0.0160 191 311
299-0-1-0.05-50-0 0 2478 9 22 5 19 0.6134 0.0160 161 311
299-0-1-0.05-50-0 0 2479 21 16 2 5 0.4184 0.2228 158 149
299-0-1-0.05-50-0 0 2479 7 42 5 3 0.9267 0.7447 106 106
299-0-1-0.05-50-0 0 2480 18 9 2 4 0.2181 0.6134 226 161
299-0-1-0.05-50-0 0 2480 7 49 5 5 0.9267 0.1842 106 136
299-0-1-0.05-50-0 0 2481 2 22 11 20 0.8198 0.0160 167 311
299-0-1-0.05-50-0 0 2481 11 7 1 5 0.0504 0.9267 384 106
299-0-1-0.05-50-0 0 2482 22 39 19 10 0.0160 0.2187 311 309
299-0-1-0.05-50-0 0 2482 30 2 7 11 0.6008 0.8198 266 167
299-0-1-0.05-50-0 0 2483 3 24 1 5 0.4813 0.1940 321 254
299-0-1-0.05-50-0 0 2483 33 28 11 1 0.6893 0.3846 191 311
299-0-1-0.05-50-0 0 2484 39 18 11 4 0.2187 0.2181 309 226
299-0-1-0.05-50-0 0 2484 33 30 10 8 0.6893 0.6008 191 266
299-0-1-0.05-50-0 0 2485 4 26 16 1 0.0723 0.8171 351 141
299-0-1-0.05-50-0 0 2485 22 1 18 7 0.0160 0.2520 311 409
299-0-1-0.05-50-0 0 2486 4 42 15 3 0.0723 0.7447 351 106
299-0-1-0.05-50-0 0 2486 1 4 6 15 0.2520 0.0723 409 351
299-0-1-0.05-50-0 0 2487 42 2 3 8 0.7447 0.8198 106 167
299-0-1-0.05-50-0 0 2487 39 3 11 1 0.2187 0.4813 309 321
299-0-1-0.05-50-0 0 2488 16 11 3 1 0.2228 0.0504 149 384
299-0-1-0.05-50-0 0 2488 1 39 7 11 0.2520 0.2187 409 309
299-0-1-0.05-50-0 0 2489 25 46 3 3 0.9430 0.3451 125 327
299-0-1-0.05-50-0 0 2489 49 33 4 12 0.1842 0.6893 136 191
299-0-1-0.05-50-0 0 2490 2 1 7 8 0.8198 0.2520 167 409
299-0-1-0.05-50-0 0 2490 22 42 23 6 0.0160 0.7447 311 106
299-0-1-0.05-50-0 0 2491 39 14 10 3 0.2187 0.8451 309 105
299-0-1-0.05-50-0 0 2491 7 1 5 7 0.9267 0.2520 106 409
299-0-1-0.05-50-0 0 2492 34 22 3 23 0.7448 0.0160 168 311
299-0-1-0.05-50-0 0 2492 22 25 22 4 0.0160 0.9430 311 125
299-0-1-0.05-50-0 0 2493 46 21 3 3 0.3451 0.4184 327 158
299-0-1-0.05-50-0 0 2493 16 34 5 3 0.2228 0.7448 149 168
299-0-1-0.05-50-0 0 2494 9 39 5 9 0.6134 0.2187 161 309
299-0-1-0.05-50-0 0 2494 22 34 24 2 0.0160 0.7448 311 168
299-0-1-0.05-50-0 0 2495 41 34 2 1 0.9621 0.7448 105 168
299-0-1-0.05-50-0 0 2495 4 42 13 5 0.0723 0.7447 351 106
299-0-1-0.05-50-0 0 2496 22 49 25 4 0.0160 0.1842 311 136
299-0-1-0.05-50-0 0 2496 33 22 9 25 0.6893 0.0160 191 311
299-0-1-0.05-50-0 0 2497 27 46 2 3 0.0776 0.3451 149 327
299-0-1-0.05-50-0 0 2497 22 22 24 24 0.0160 0.0160 311 311
299-0-1-0.05-50-0 0 2498 30 9 6 6 0.6008 0.6134 266 161
299-0-1-0.05-50-0 0 2498 14 33 5 9 0.8451 0.6893 105 191
299-0-1-0.05-50-0 0 2499 21 12 3 1 0.4184 0.1896 158 325
299-0-1-0.05-50-0 0 2499 22 33 23 8 0.0160 0.6893 311 191
299-0-1-0.05-50-0 0 2500 33 4 7 16 0.6893 0.0723 191 351
299-0-1-0.05-50-0 0 2500 22 7 24 6 0.0160 0.9267 311 106
