30-0-1-0.05-50-0 0 2302 40 33 1 5 0.9739 0.6893 104 191
30-0-1-0.05-50-0 0 2302 10 50 18 12 0.2533 0.2147 449 147
30-0-1-0.05-50-0 0 2303 50 50 12 12 0.2147 0.2147 147 147
30-0-1-0.05-50-0 0 2303 40 10 1 18 0.9739 0.2533 104 449
30-0-1-0.05-50-0 0 2304 21 2 2 6 0.4184 0.8198 158 167
30-0-1-0.05-50-0 0 2304 10 29 19 6 0.2533 0.6728 449 177
30-0-1-0.05-50-0 0 2305 2 23 5 2 0.8198 0.1698 167 476
30-0-1-0.05-50-0 0 2305 22 10 1 19 0.0160 0.2533 311 449
30-0-1-0.05-50-0 0 2306 2 19 4 2 0.8198 0.8072 167 134
30-0-1-0.05-50-0 0 2306 30 12 6 6 0.6008 0.1896 266 325
30-0-1-0.05-50-0 0 2307 32 50 7 11 0.6514 0.2147 215 147
30-0-1-0.05-50-0 0 2307 32 19 7 1 0.6514 0.8072 215 134
30-0-1-0.05-50-0 0 2308 40 12 4 7 0.9739 0.1896 104 325
30-0-1-0.05-50-0 0 2308 12 28 6 1 0.1896 0.3846 325 311
30-0-1-0.05-50-0 0 2309 10 50 20 10 0.2533 0.2147 449 147
30-0-1-0.05-50-0 0 2309 48 2 8 4 0.1153 0.8198 334 167
30-0-1-0.05-50-0 0 2310 48 10 8 20 0.1153 0.2533 334 449
30-0-1-0.05-50-0 0 2310 12 23 6 1 0.1896 0.1698 325 476
30-0-1-0.05-50-0 0 2311 29 49 3 1 0.6728 0.1842 177 136
30-0-1-0.05-50-0 0 2311 46 48 2 8 0.3451 0.1153 327 334
30-0-1-0.05-50-0 0 2312 50 48 10 7 0.2147 0.1153 147 334
30-0-1-0.05-50-0 0 2312 10 50 19 10 0.2533 0.2147 449 147
30-0-1-0.05-50-0 0 2313 5 42 5 6 0.0007 0.7447 226 106
30-0-1-0.05-50-0 0 2313 11 32 4 7 0.0504 0.6514 384 215
30-0-1-0.05-50-0 0 2314 48 30 6 6 0.1153 0.6008 334 266
30-0-1-0.05-50-0 0 2314 32 9 6 5 0.6514 0.6134 215 161
30-0-1-0.05-50-0 0 2315 40 39 5 2 0.9739 0.2187 104 309
30-0-1-0.05-50-0 0 2315 33 2 4 3 0.6893 0.8198 191 167
30-0-1-0.05-50-0 0 2316 18 42 1 5 0.2181 0.7447 226 106
30-0-1-0.05-50-0 0 2316 33 42 4 4 0.6893 0.7447 191 106
30-0-1-0.05-50-0 0 2317 5 22 5 3 0.0007 0.0160 226 311
30-0-1-0.05-50-0 0 2317 9 12 4 9 0.6134 0.1896 161 325
30-0-1-0.05-50-0 0 2318 42 12 4 8 0.7447 0.1896 106 325
30-0-1-0.05-50-0 0 2318 40 50 6 10 0.9739 0.2147 104 147
30-0-1-0.05-50-0 0 2319 32 42 6 3 0.6514 0.7447 215 106
30-0-1-0.05-50-0 0 2319 40 50 6 9 0.9739 0.2147 104 147
30-0-1-0.05-50-0 0 2320 40 10 6 20 0.9739 0.2533 104 449
30-0-1-0.05-50-0 0 2320 5 13 6 3 0.0007 0.8878 226 151
30-0-1-0.05-50-0 0 2321 7 10 2 20 0.9267 0.2533 106 449
30-0-1-0.05-50-0 0 2321 12 15 9 2 0.1896 0.7918 325 149
30-0-1-0.05-50-0 0 2322 33 17 5 2 0.6893 0.6398 191 197
30-0-1-0.05-50-0 0 2322 10 35 19 1 0.2533 0.0354 449 158
30-0-1-0.05-50-0 0 2323 45 9 2 6 0.3816 0.6134 173 161
30-0-1-0.05-50-0 0 2323 33 42 5 2 0.6893 0.7447 191 106
30-0-1-0.05-50-0 0 2324 9 32 5 9 0.6134 0.6514 161 215
30-0-1-0.05-50-0 0 2324 12 33 8 5 0.1896 0.6893 325 191
30-0-1-0.05-50-0 0 2325 13 32 2 8 0.8878 0.6514 151 215
30-0-1-0.05-50-0 0 2325 30 32 6 7 0.6008 0.6514 266 215
30-0-1-0.05-50-0 0 2326 50 31 8 1 0.2147 0.5626 147 252
30-0-1-0.05-50-0 0 2326 50 4 8 3 0.2147 0.0723 147 351
30-0-1-0.05-50-0 0 2327 9 4 4 2 0.6134 0.0723 161 351
30-0-1-0.05-50-0 0 2327 10 12 19 9 0.2533 0.1896 449 325
30-0-1-0.05-50-0 0 2328 10 11 18 4 0.2533 0.0504 449 384
30-0-1-0.05-50-0 0 2328 48 12 15 8 0.1153 0.1896 334 325
30-0-1-0.05-50-0 0 2329 12 10 6 16 0.1896 0.2533 325 449
30-0-1-0.05-50-0 0 2329 48 3 15 1 0.1153 0.4813 334 321
30-0-1-0.05-50-0 0 2330 9 21 4 3 0.6134 0.4184 161 158
30-0-1-0.05-50-0 0 2330 50 9 7 4 0.2147 0.6134 147 161
30-0-1-0.05-50-0 0 2331 9 48 4 15 0.6134 0.1153 161 334
30-0-1-0.05-50-0 0 2331 48 40 14 3 0.1153 0.9739 334 104
30-0-1-0.05-50-0 0 2332 10 11 15 2 0.2533 0.0504 449 384
30-0-1-0.05-50-0 0 2332 47 10 1 15 0.9293 0.2533 103 449
30-0-1-0.05-50-0 0 2333 17 10 2 14 0.6398 0.2533 197 449
30-0-1-0.05-50-0 0 2333 45 10 1 13 0.3816 0.2533 173 449
30-0-1-0.05-50-0 0 2334 9 48 3 16 0.6134 0.1153 161 334
30-0-1-0.05-50-0 0 2334 30 22 6 4 0.6008 0.0160 266 311
30-0-1-0.05-50-0 0 2335 30 40 6 3 0.6008 0.9739 266 104
30-0-1-0.05-50-0 0 2336 50 12 6 4 0.2147 0.1896 147 325
30-0-1-0.05-50-0 0 2336 9 33 5 5 0.6134 0.6893 161 191
30-0-1-0.05-50-0 0 2337 32 22 6 4 0.6514 0.0160 215 311
30-0-1-0.05-50-0 0 2337 32 30 6 6 0.6514 0.6008 215 266
30-0-1-0.05-50-0 0 2338 10 32 12 6 0.2533 0.6514 449 215
30-0-1-0.05-50-0 0 2338 5 48 6 13 0.0007 0.1153 226 334
30-0-1-0.05-50-0 0 2339 48 48 12 12 0.1153 0.1153 334 334
30-0-1-0.05-50-0 0 2339 35 48 3 11 0.0354 0.1153 158 334
30-0-1-0.05-50-0 0 2340 10 7 11 5 0.2533 0.9267 449 106
30-0-1-0.05-50-0 0 2340 22 50 4 6 0.0160 0.2147 311 147
30-0-1-0.05-50-0 0 2341 9 21 8 2 0.6134 0.4184 161 158
30-0-1-0.05-50-0 0 2341 30 42 6 3 0.6008 0.7447 266 106
30-0-1-0.05-50-0 0 2342 43 10 2 12 0.8316 0.2533 123 449
30-0-1-0.05-50-0 0 2342 13 32 3 5 0.8878 0.6514 151 215
30-0-1-0.05-50-0 0 2343 2 9 3 10 0.8198 0.6134 167 161
30-0-1-0.05-50-0 0 2343 2 9 3 9 0.8198 0.6134 167 161
30-0-1-0.05-50-0 0 2344 10 39 13 3 0.2533 0.2187 449 309
30-0-1-0.05-50-0 0 2344 50 10 4 13 0.2147 0.2533 147 449
30-0-1-0.05-50-0 0 2345 33 30 6 5 0.6893 0.6008 191 266
30-0-1-0.05-50-0 0 2345 32 10 3 12 0.6514 0.2533 215 449
30-0-1-0.05-50-0 0 2346 42 31 5 2 0.7447 0.5626 106 252
30-0-1-0.05-50-0 0 2346 12 48 6 11 0.1896 0.1153 325 334
30-0-1-0.05-50-0 0 2347 10 46 13 4 0.2533 0.3451 449 327
30-0-1-0.05-50-0 0 2347 14 49 1 2 0.8451 0.1842 105 136
30-0-1-0.05-50-0 0 2348 2 13 3 4 0.8198 0.8878 167 151
30-0-1-0.05-50-0 0 2348 10 32 13 2 0.2533 0.6514 449 215
30-0-1-0.05-50-0 0 2349 2 48 5 11 0.8198 0.1153 167 334
30-0-1-0.05-50-0 0 2349 10 13 13 3 0.2533 0.8878 449 151
30-0-1-0.05-50-0 0 2350 10 30 13 6 0.2533 0.6008 449 266
30-0-1-0.05-50-0 0 2350 48 38 10 3 0.1153 0.6163 334 270
30-0-1-0.05-50-0 0 2351 5 2 7 5 0.0007 0.8198 226 167
30-0-1-0.05-50-0 0 2351 4 48 1 12 0.0723 0.1153 351 334
30-0-1-0.05-50-0 0 2352 35 30 3 5 0.0354 0.6008 158 266
30-0-1-0.05-50-0 0 2352 38 33 2 8 0.6163 0.6893 270 191
30-0-1-0.05-50-0 0 2353 45 2 1 5 0.3816 0.8198 173 167
30-0-1-0.05-50-0 0 2353 48 43 11 3 0.1153 0.8316 334 123
30-0-1-0.05-50-0 0 2354 10 9 16 10 0.2533 0.6134 449 161
30-0-1-0.05-50-0 0 2354 7 12 5 5 0.9267 0.1896 106 325
30-0-1-0.05-50-0 0 2355 48 29 13 1 0.1153 0.6728 334 177
30-0-1-0.05-50-0 0 2355 33 4 9 1 0.6893 0.0723 191 351
30-0-1-0.05-50-0 0 2356 3 7 1 6 0.4813 0.9267 321 106
30-0-1-0.05-50-0 0 2356 10 46 19 4 0.2533 0.3451 449 327
30-0-1-0.05-50-0 0 2357 33 12 10 4 0.6893 0.1896 191 325
30-0-1-0.05-50-0 0 2357 32 12 1 3 0.6514 0.1896 215 325
30-0-1-0.05-50-0 0 2358 10 5 22 5 0.2533 0.0007 449 226
30-0-1-0.05-50-0 0 2358 29 33 1 10 0.6728 0.6893 177 191
30-0-1-0.05-50-0 0 2359 22 22 6 6 0.0160 0.0160 311 311
30-0-1-0.05-50-0 0 2359 35 3 3 1 0.0354 0.4813 158 321
30-0-1-0.05-50-0 0 2360 9 9 8 8 0.6134 0.6134 161 161
30-0-1-0.05-50-0 0 2360 14 12 1 2 0.8451 0.1896 105 325
30-0-1-0.05-50-0 0 2361 7 19 6 2 0.9267 0.8072 106 134
30-0-1-0.05-50-0 0 2361 10 9 20 7 0.2533 0.6134 449 161
30-0-1-0.05-50-0 0 2362 9 33 6 12 0.6134 0.6893 161 191
30-0-1-0.05-50-0 0 2362 49 9 2 6 0.1842 0.6134 136 161
30-0-1-0.05-50-0 0 2363 9 2 7 3 0.6134 0.8198 161 167
30-0-1-0.05-50-0 0 2363 33 9 12 7 0.6893 0.6134 191 161
30-0-1-0.05-50-0 0 2364 1 10 1 19 0.2520 0.2533 409 449
30-0-1-0.05-50-0 0 2364 40 28 2 2 0.9739 0.3846 104 311
30-0-1-0.05-50-0 0 2365 42 10 6 17 0.7447 0.2533 106 449
30-0-1-0.05-50-0 0 2365 5 33 7 13 0.0007 0.6893 226 191
30-0-1-0.05-50-0 0 2366 48 12 15 2 0.1153 0.1896 334 325
30-0-1-0.05-50-0 0 2366 2 30 3 4 0.8198 0.6008 167 266
30-0-1-0.05-50-0 0 2367 30 22 2 7 0.6008 0.0160 266 311
30-0-1-0.05-50-0 0 2367 7 7 8 8 0.9267 0.9267 106 106
30-0-1-0.05-50-0 0 2368 26 28 1 2 0.8171 0.3846 141 311
30-0-1-0.05-50-0 0 2368 10 10 14 14 0.2533 0.2533 449 449
30-0-1-0.05-50-0 0 2369 10 40 16 2 0.2533 0.9739 449 104
30-0-1-0.05-50-0 0 2369 48 43 13 3 0.1153 0.8316 334 123
30-0-1-0.05-50-0 0 2370 49 7 2 6 0.1842 0.9267 136 106
30-0-1-0.05-50-0 0 2370 42 22 5 5 0.7447 0.0160 106 311
30-0-1-0.05-50-0 0 2371 33 50 15 2 0.6893 0.2147 191 147
30-0-1-0.05-50-0 0 2371 7 30 5 1 0.9267 0.6008 106 266
30-0-1-0.05-50-0 0 2372 5 7 9 5 0.0007 0.9267 226 106
30-0-1-0.05-50-0 0 2372 7 33 4 15 0.9267 0.6893 106 191
30-0-1-0.05-50-0 0 2373 20 5 3 9 0.9922 0.0007 102 226
30-0-1-0.05-50-0 0 2373 5 48 8 18 0.0007 0.1153 226 334
30-0-1-0.05-50-0 0 2374 33 48 15 17 0.6893 0.1153 191 334
30-0-1-0.05-50-0 0 2374 9 45 5 1 0.6134 0.3816 161 173
30-0-1-0.05-50-0 0 2375 33 48 16 16 0.6893 0.1153 191 334
30-0-1-0.05-50-0 0 2375 20 48 3 15 0.9922 0.1153 102 334
30-0-1-0.05-50-0 0 2376 10 7 20 4 0.2533 0.9267 449 106
30-0-1-0.05-50-0 0 2376 33 10 16 20 0.6893 0.2533 191 449
30-0-1-0.05-50-0 0 2377 33 33 18 18 0.6893 0.6893 191 191
30-0-1-0.05-50-0 0 2377 5 26 9 1 0.0007 0.8171 226 141
30-0-1-0.05-50-0 0 2378 10 13 21 5 0.2533 0.8878 449 151
30-0-1-0.05-50-0 0 2378 48 13 14 4 0.1153 0.8878 334 151
30-0-1-0.05-50-0 0 2379 10 45 19 2 0.2533 0.3816 449 173
30-0-1-0.05-50-0 0 2379 33 10 19 19 0.6893 0.2533 191 449
30-0-1-0.05-50-0 0 2380 45 15 2 1 0.3816 0.7918 173 149
30-0-1-0.05-50-0 0 2380 33 22 19 5 0.6893 0.0160 191 311
30-0-1-0.05-50-0 0 2381 10 48 19 13 0.2533 0.1153 449 334
30-0-1-0.05-50-0 0 2381 10 10 19 19 0.2533 0.2533 449 449
30-0-1-0.05-50-0 0 2382 13 48 2 11 0.8878 0.1153 151 334
30-0-1-0.05-50-0 0 2382 35 48 4 10 0.0354 0.1153 158 334
30-0-1-0.05-50-0 0 2383 5 7 7 4 0.0007 0.9267 226 106
30-0-1-0.05-50-0 0 2383 28 45 2 3 0.3846 0.3816 311 173
30-0-1-0.05-50-0 0 2384 33 48 20 10 0.6893 0.1153 191 334
30-0-1-0.05-50-0 0 2384 10 37 20 1 0.2533 0.8481 449 127
30-0-1-0.05-50-0 0 2385 10 10 22 22 0.2533 0.2533 449 449
30-0-1-0.05-50-0 0 2385 41 10 2 21 0.9621 0.2533 105 449
30-0-1-0.05-50-0 0 2386 33 10 20 20 0.6893 0.2533 191 449
30-0-1-0.05-50-0 0 2386 42 22 5 4 0.7447 0.0160 106 311
30-0-1-0.05-50-0 0 2387 45 10 2 20 0.3816 0.2533 173 449
30-0-1-0.05-50-0 0 2387 7 49 3 3 0.9267 0.1842 106 136
30-0-1-0.05-50-0 0 2388 33 42 19 3 0.6893 0.7447 191 106
30-0-1-0.05-50-0 0 2388 48 9 9 9 0.1153 0.6134 334 161
30-0-1-0.05-50-0 0 2389 5 33 8 19 0.0007 0.6893 226 191
30-0-1-0.05-50-0 0 2389 20 45 2 2 0.9922 0.3816 102 173
30-0-1-0.05-50-0 0 2390 33 22 18 3 0.6893 0.0160 191 311
30-0-1-0.05-50-0 0 2390 35 48 7 11 0.0354 0.1153 158 334
30-0-1-0.05-50-0 0 2391 9 10 8 21 0.6134 0.2533 161 449
30-0-1-0.05-50-0 0 2391 33 33 18 18 0.6893 0.6893 191 191
30-0-1-0.05-50-0 0 2392 26 30 2 2 0.8171 0.6008 141 266
30-0-1-0.05-50-0 0 2392 10 48 20 9 0.2533 0.1153 449 334
30-0-1-0.05-50-0 0 2393 33 10 18 20 0.6893 0.2533 191 449
30-0-1-0.05-50-0 0 2393 43 33 2 18 0.8316 0.6893 123 191
30-0-1-0.05-50-0 0 2394 5 35 7 8 0.0007 0.0354 226 158
30-0-1-0.05-50-0 0 2394 33 10 17 18 0.6893 0.2533 191 449
30-0-1-0.05-50-0 0 2395 35 10 6 17 0.0354 0.2533 158 449
30-0-1-0.05-50-0 0 2395 40 10 1 16 0.9739 0.2533 104 449
30-0-1-0.05-50-0 0 2396 25 44 4 1 0.9430 0.7034 125 118
30-0-1-0.05-50-0 0 2396 10 31 15 1 0.2533 0.5626 449 252
30-0-1-0.05-50-0 0 2397 5 33 8 17 0.0007 0.6893 226 191
30-0-1-0.05-50-0 0 2397 48 35 6 7 0.1153 0.0354 334 158
30-0-1-0.05-50-0 0 2398 33 10 16 15 0.6893 0.2533 191 449
30-0-1-0.05-50-0 0 2398 5 9 8 8 0.0007 0.6134 226 161
30-0-1-0.05-50-0 0 2399 42 49 1 4 0.7447 0.1842 106 136
30-0-1-0.05-50-0 0 2399 33 40 16 2 0.6893 0.9739 191 104
30-0-1-0.05-50-0 0 2400 5 13 8 1 0.0007 0.8878 226 151
30-0-1-0.05-50-0 0 2400 28 9 3 7 0.3846 0.6134 311 161
30-0-1-0.05-50-0 0 2401 20 9 2 6 0.9922 0.6134 102 161
30-0-1-0.05-50-0 0 2401 30 10 6 14 0.6008 0.2533 266 449
30-0-1-0.05-50-0 0 2402 5 33 8 16 0.0007 0.6893 226 191
30-0-1-0.05-50-0 0 2402 41 25 1 9 0.9621 0.9430 105 125
30-0-1-0.05-50-0 0 2403 9 20 3 2 0.6134 0.9922 161 102
30-0-1-0.05-50-0 0 2403 35 48 5 9 0.0354 0.1153 158 334
30-0-1-0.05-50-0 0 2404 21 7 2 3 0.4184 0.9267 158 106
30-0-1-0.05-50-0 0 2404 44 25 1 8 0.7034 0.9430 118 125
30-0-1-0.05-50-0 0 2405 10 10 12 12 0.2533 0.2533 449 449
30-0-1-0.05-50-0 0 2405 26 35 6 5 0.8171 0.0354 141 158
30-0-1-0.05-50-0 0 2406 25 33 8 14 0.9430 0.6893 125 191
30-0-1-0.05-50-0 0 2406 33 45 13 2 0.6893 0.3816 191 173
30-0-1-0.05-50-0 0 2407 8 49 2 4 0.2506 0.1842 303 136
30-0-1-0.05-50-0 0 2407 25 33 8 12 0.9430 0.6893 125 191
30-0-1-0.05-50-0 0 2408 26 25 5 9 0.8171 0.9430 141 125
30-0-1-0.05-50-0 0 2408 20 25 1 8 0.9922 0.9430 102 125
30-0-1-0.05-50-0 0 2409 5 5 8 8 0.0007 0.0007 226 226
30-0-1-0.05-50-0 0 2409 48 25 10 8 0.1153 0.9430 334 125
30-0-1-0.05-50-0 0 2410 33 33 14 14 0.6893 0.6893 191 191
30-0-1-0.05-50-0 0 2410 30 32 7 4 0.6008 0.6514 266 215
30-0-1-0.05-50-0 0 2411 10 36 12 2 0.2533 0.8162 449 165
30-0-1-0.05-50-0 0 2411 40 10 1 12 0.9739 0.2533 104 449
30-0-1-0.05-50-0 0 2412 19 25 3 7 0.8072 0.9430 134 125
30-0-1-0.05-50-0 0 2412 32 33 3 12 0.6514 0.6893 215 191
30-0-1-0.05-50-0 0 2413 26 33 6 9 0.8171 0.6893 141 191
30-0-1-0.05-50-0 0 2413 33 5 8 11 0.6893 0.0007 191 226
30-0-1-0.05-50-0 0 2414 48 25 11 7 0.1153 0.9430 334 125
30-0-1-0.05-50-0 0 2414 48 33 11 8 0.1153 0.6893 334 191
30-0-1-0.05-50-0 0 2415 8 30 2 6 0.2506 0.6008 303 266
30-0-1-0.05-50-0 0 2415 20 48 4 11 0.9922 0.1153 102 334
30-0-1-0.05-50-0 0 2416 17 10 6 12 0.6398 0.2533 197 449
30-0-1-0.05-50-0 0 2416 42 48 3 10 0.7447 0.1153 106 334
30-0-1-0.05-50-0 0 2417 32 9 3 6 0.6514 0.6134 215 161
30-0-1-0.05-50-0 0 2417 8 48 2 9 0.2506 0.1153 303 334
30-0-1-0.05-50-0 0 2418 42 33 5 9 0.7447 0.6893 106 191
30-0-1-0.05-50-0 0 2418 5 5 6 6 0.0007 0.0007 226 226
30-0-1-0.05-50-0 0 2419 9 8 4 3 0.6134 0.2506 161 303
30-0-1-0.05-50-0 0 2419 36 49 2 6 0.8162 0.1842 165 136
30-0-1-0.05-50-0 0 2420 33 10 8 17 0.6893 0.2533 191 449
30-0-1-0.05-50-0 0 2420 45 25 2 5 0.3816 0.9430 173 125
30-0-1-0.05-50-0 0 2421 20 33 4 8 0.9922 0.6893 102 191
30-0-1-0.05-50-0 0 2421 12 25 3 4 0.1896 0.9430 325 125
30-0-1-0.05-50-0 0 2422 10 33 18 7 0.2533 0.6893 449 191
30-0-1-0.05-50-0 0 2422 42 48 5 9 0.7447 0.1153 106 334
30-0-1-0.05-50-0 0 2423 19 10 5 16 0.8072 0.2533 134 449
30-0-1-0.05-50-0 0 2423 48 17 8 8 0.1153 0.6398 334 197
30-0-1-0.05-50-0 0 2424 5 48 7 8 0.0007 0.1153 226 334
30-0-1-0.05-50-0 0 2424 26 21 9 4 0.8171 0.4184 141 158
30-0-1-0.05-50-0 0 2425 32 19 4 5 0.6514 0.8072 215 134
30-0-1-0.05-50-0 0 2425 17 17 8 8 0.6398 0.6398 197 197
30-0-1-0.05-50-0 0 2426 36 5 2 7 0.8162 0.0007 165 226
30-0-1-0.05-50-0 0 2426 30 33 6 6 0.6008 0.6893 266 191
30-0-1-0.05-50-0 0 2427 38 33 1 5 0.6163 0.6893 270 191
30-0-1-0.05-50-0 0 2427 35 25 2 3 0.0354 0.9430 158 125
30-0-1-0.05-50-0 0 2428 26 26 9 9 0.8171 0.8171 141 141
30-0-1-0.05-50-0 0 2428 10 30 19 6 0.2533 0.6008 449 266
30-0-1-0.05-50-0 0 2429 19 48 5 7 0.8072 0.1153 134 334
30-0-1-0.05-50-0 0 2429 17 12 7 2 0.6398 0.1896 197 325
30-0-1-0.05-50-0 0 2430 49 42 4 5 0.1842 0.7447 136 106
30-0-1-0.05-50-0 0 2430 33 48 5 6 0.6893 0.1153 191 334
30-0-1-0.05-50-0 0 2431 8 9 2 2 0.2506 0.6134 303 161
30-0-1-0.05-50-0 0 2431 33 14 5 1 0.6893 0.8451 191 105
30-0-1-0.05-50-0 0 2432 40 35 2 1 0.9739 0.0354 104 158
30-0-1-0.05-50-0 0 2432 42 10 3 18 0.7447 0.2533 106 449
30-0-1-0.05-50-0 0 2433 5 49 7 4 0.0007 0.1842 226 136
30-0-1-0.05-50-0 0 2433 19 33 4 6 0.8072 0.6893 134 191
30-0-1-0.05-50-0 0 2434 3 19 1 3 0.4813 0.8072 321 134
30-0-1-0.05-50-0 0 2434 44 32 1 10 0.7034 0.6514 118 215
30-0-1-0.05-50-0 0 2435 49 9 4 1 0.1842 0.6134 136 161
30-0-1-0.05-50-0 0 2435 10 21 16 4 0.2533 0.4184 449 158
30-0-1-0.05-50-0 0 2436 20 16 5 1 0.9922 0.2228 102 149
30-0-1-0.05-50-0 0 2436 25 30 2 6 0.9430 0.6008 125 266
30-0-1-0.05-50-0 0 2437 30 5 5 5 0.6008 0.0007 266 226
30-0-1-0.05-50-0 0 2437 48 10 2 19 0.1153 0.2533 334 449
30-0-1-0.05-50-0 0 2438 30 25 5 2 0.6008 0.9430 266 125
30-0-1-0.05-50-0 0 2438 33 10 6 18 0.6893 0.2533 191 449
30-0-1-0.05-50-0 0 2439 20 4 5 3 0.9922 0.0723 102 351
30-0-1-0.05-50-0 0 2439 32 18 8 5 0.6514 0.2181 215 226
30-0-1-0.05-50-0 0 2440 40 10 3 18 0.9739 0.2533 104 449
30-0-1-0.05-50-0 0 2440 20 45 5 4 0.9922 0.3816 102 173
30-0-1-0.05-50-0 0 2441 38 18 1 4 0.6163 0.2181 270 226
30-0-1-0.05-50-0 0 2441 5 10 4 17 0.0007 0.2533 226 449
30-0-1-0.05-50-0 0 2442 49 3 4 1 0.1842 0.4813 136 321
30-0-1-0.05-50-0 0 2442 33 32 6 7 0.6893 0.6514 191 215
30-0-1-0.05-50-0 0 2443 42 33 1 6 0.7447 0.6893 106 191
30-0-1-0.05-50-0 0 2443 26 10 5 18 0.8171 0.2533 141 449
30-0-1-0.05-50-0 0 2444 30 7 8 4 0.6008 0.9267 266 106
30-0-1-0.05-50-0 0 2444 36 36 3 3 0.8162 0.8162 165 165
30-0-1-0.05-50-0 0 2445 36 29 2 1 0.8162 0.6728 165 177
30-0-1-0.05-50-0 0 2445 40 28 3 5 0.9739 0.3846 104 311
30-0-1-0.05-50-0 0 2446 34 10 2 17 0.7448 0.2533 168 449
30-0-1-0.05-50-0 0 2446 4 21 3 3 0.0723 0.4184 351 158
30-0-1-0.05-50-0 0 2447 39 45 1 4 0.2187 0.3816 309 173
30-0-1-0.05-50-0 0 2447 33 10 6 18 0.6893 0.2533 191 449
30-0-1-0.05-50-0 0 2448 30 4 7 3 0.6008 0.0723 266 351
30-0-1-0.05-50-0 0 2448 10 27 16 1 0.2533 0.0776 449 149
30-0-1-0.05-50-0 0 2449 26 33 4 5 0.8171 0.6893 141 191
30-0-1-0.05-50-0 0 2449 48 18 2 3 0.1153 0.2181 334 226
30-0-1-0.05-50-0 0 2450 38 30 2 7 0.6163 0.6008 270 266
30-0-1-0.05-50-0 0 2450 34 38 2 2 0.7448 0.6163 168 270
30-0-1-0.05-50-0 0 2451 10 17 18 8 0.2533 0.6398 449 197
30-0-1-0.05-50-0 0 2451 35 50 1 1 0.0354 0.2147 158 147
30-0-1-0.05-50-0 0 2452 40 32 4 7 0.9739 0.6514 104 215
30-0-1-0.05-50-0 0 2452 18 21 2 2 0.2181 0.4184 226 158
30-0-1-0.05-50-0 0 2453 10 34 16 2 0.2533 0.7448 449 168
30-0-1-0.05-50-0 0 2453 22 28 3 5 0.0160 0.3846 311 311
30-0-1-0.05-50-0 0 2454 20 26 2 3 0.9922 0.8171 102 141
30-0-1-0.05-50-0 0 2455 10 7 17 3 0.2533 0.9267 449 106
30-0-1-0.05-50-0 0 2455 1 16 3 3 0.2520 0.2228 409 149
30-0-1-0.05-50-0 0 2456 32 5 6 3 0.6514 0.0007 215 226
30-0-1-0.05-50-0 0 2457 39 28 1 5 0.2187 0.3846 309 311
30-0-1-0.05-50-0 0 2458 8 1 1 5 0.2506 0.2520 303 409
30-0-1-0.05-50-0 0 2459 10 39 17 1 0.2533 0.2187 449 309
30-0-1-0.05-50-0 0 2460 17 40 7 3 0.6398 0.9739 197 104
30-0-1-0.05-50-0 0 2461 28 17 4 8 0.3846 0.6398 311 197
30-0-1-0.05-50-0 0 2461 10 30 20 5 0.2533 0.6008 449 266
30-0-1-0.05-50-0 0 2462 17 32 7 9 0.6398 0.6514 197 215
30-0-1-0.05-50-0 0 2462 14 10 1 19 0.8451 0.2533 105 449
30-0-1-0.05-50-0 0 2463 17 45 8 4 0.6398 0.3816 197 173
30-0-1-0.05-50-0 0 2463 10 22 18 4 0.2533 0.0160 449 311
30-0-1-0.05-50-0 0 2464 10 49 20 4 0.2533 0.1842 449 136
30-0-1-0.05-50-0 0 2464 10 32 20 7 0.2533 0.6514 449 215
30-0-1-0.05-50-0 0 2465 48 10 2 22 0.1153 0.2533 334 449
30-0-1-0.05-50-0 0 2465 10 44 21 3 0.2533 0.7034 449 118
30-0-1-0.05-50-0 0 2466 2 10 1 20 0.8198 0.2533 167 449
30-0-1-0.05-50-0 0 2466 10 20 19 1 0.2533 0.9922 449 102
30-0-1-0.05-50-0 0 2467 23 32 2 6 0.1698 0.6514 476 215
30-0-1-0.05-50-0 0 2467 32 7 5 3 0.6514 0.9267 215 106
30-0-1-0.05-50-0 0 2468 34 10 1 19 0.7448 0.2533 168 449
30-0-1-0.05-50-0 0 2468 41 11 6 4 0.9621 0.0504 105 384
30-0-1-0.05-50-0 0 2469 32 44 4 2 0.6514 0.7034 215 118
30-0-1-0.05-50-0 0 2469 42 30 1 4 0.7447 0.6008 106 266
30-0-1-0.05-50-0 0 2470 46 10 1 18 0.3451 0.2533 327 449
30-0-1-0.05-50-0 0 2471 26 10 3 18 0.8171 0.2533 141 449
30-0-1-0.05-50-0 0 2471 40 46 2 1 0.9739 0.3451 104 327
30-0-1-0.05-50-0 0 2472 1 2 6 1 0.2520 0.8198 409 167
30-0-1-0.05-50-0 0 2472 10 47 19 2 0.2533 0.9293 449 103
30-0-1-0.05-50-0 0 2473 31 32 2 4 0.5626 0.6514 252 215
30-0-1-0.05-50-0 0 2473 30 10 4 20 0.6008 0.2533 266 449
30-0-1-0.05-50-0 0 2474 10 29 19 1 0.2533 0.6728 449 177
30-0-1-0.05-50-0 0 2474 30 28 4 5 0.6008 0.3846 266 311
30-0-1-0.05-50-0 0 2475 49 26 2 3 0.1842 0.8171 136 141
30-0-1-0.05-50-0 0 2476 30 47 5 2 0.6008 0.9293 266 103
30-0-1-0.05-50-0 0 2476 10 37 17 3 0.2533 0.8481 449 127
30-0-1-0.05-50-0 0 2477 49 40 3 4 0.1842 0.9739 136 104
30-0-1-0.05-50-0 0 2478 30 18 7 5 0.6008 0.2181 266 226
30-0-1-0.05-50-0 0 2479 41 22 7 2 0.9621 0.0160 105 311
30-0-1-0.05-50-0 0 2480 28 1 4 5 0.3846 0.2520 311 409
30-0-1-0.05-50-0 0 2481 41 49 8 3 0.9621 0.1842 105 136
30-0-1-0.05-50-0 0 2481 11 10 2 17 0.0504 0.2533 384 449
30-0-1-0.05-50-0 0 2482 19 28 5 4 0.8072 0.3846 134 311
30-0-1-0.05-50-0 0 2482 18 49 5 2 0.2181 0.1842 226 136
30-0-1-0.05-50-0 0 2483 30 18 11 5 0.6008 0.2181 266 226
30-0-1-0.05-50-0 0 2483 10 5 16 2 0.2533 0.0007 449 226
30-0-1-0.05-50-0 0 2484 18 30 5 9 0.2181 0.6008 226 266
30-0-1-0.05-50-0 0 2484 7 41 5 7 0.9267 0.9621 106 105
30-0-1-0.05-50-0 0 2485 35 10 1 17 0.0354 0.2533 158 449
30-0-1-0.05-50-0 0 2485 5 41 1 6 0.0007 0.9621 226 105
30-0-1-0.05-50-0 0 2486 4 26 5 2 0.0723 0.8171 351 141
30-0-1-0.05-50-0 0 2486 30 26 8 1 0.6008 0.8171 266 141
30-0-1-0.05-50-0 0 2487 33 6 4 4 0.6893 0.4266 191 249
30-0-1-0.05-50-0 0 2487 32 10 5 17 0.6514 0.2533 215 449
30-0-1-0.05-50-0 0 2488 12 37 5 3 0.1896 0.8481 325 127
30-0-1-0.05-50-0 0 2488 10 4 15 6 0.2533 0.0723 449 351
30-0-1-0.05-50-0 0 2489 10 7 14 4 0.2533 0.9267 449 106
30-0-1-0.05-50-0 0 2489 10 4 14 5 0.2533 0.0723 449 351
30-0-1-0.05-50-0 0 2490 11 12 4 5 0.0504 0.1896 384 325
30-0-1-0.05-50-0 0 2490 28 4 6 3 0.3846 0.0723 311 351
30-0-1-0.05-50-0 0 2491 12 28 4 6 0.1896 0.3846 325 311
30-0-1-0.05-50-0 0 2491 23 30 2 7 0.1698 0.6008 476 266
30-0-1-0.05-50-0 0 2492 12 10 4 18 0.1896 0.2533 325 449
30-0-1-0.05-50-0 0 2492 28 10 5 17 0.3846 0.2533 311 449
30-0-1-0.05-50-0 0 2493 10 14 16 2 0.2533 0.8451 449 105
30-0-1-0.05-50-0 0 2493 42 18 2 5 0.7447 0.2181 106 226
30-0-1-0.05-50-0 0 2494 14 10 1 17 0.8451 0.2533 105 449
30-0-1-0.05-50-0 0 2494 10 23 16 2 0.2533 0.1698 449 476
30-0-1-0.05-50-0 0 2495 32 8 5 3 0.6514 0.2506 215 303
30-0-1-0.05-50-0 0 2496 5 6 3 2 0.0007 0.4266 226 249
30-0-1-0.05-50-0 0 2497 10 33 15 4 0.2533 0.6893 449 191
30-0-1-0.05-50-0 0 2498 31 41 2 6 0.5626 0.9621 252 105
30-0-1-0.05-50-0 0 2499 10 16 15 4 0.2533 0.2228 449 149
30-0-1-0.05-50-0 0 2499 17 34 7 1 0.6398 0.7448 197 168
30-0-1-0.05-50-0 0 2500 10 16 14 3 0.2533 0.2228 449 149
