300-0-1-0.05-50-0 0 2302 21 50 10 4 0.4184 0.2147 158 147
300-0-1-0.05-50-0 0 2302 34 3 8 7 0.7448 0.4813 168 321
300-0-1-0.05-50-0 0 2303 34 34 9 9 0.7448 0.7448 168 168
300-0-1-0.05-50-0 0 2303 37 21 6 9 0.8481 0.4184 127 158
300-0-1-0.05-50-0 0 2304 18 35 6 3 0.2181 0.0354 226 158
300-0-1-0.05-50-0 0 2304 24 5 26 5 0.1940 0.0007 254 226
300-0-1-0.05-50-0 0 2305 38 36 3 5 0.6163 0.8162 270 165
300-0-1-0.05-50-0 0 2305 36 31 4 4 0.8162 0.5626 165 252
300-0-1-0.05-50-0 0 2306 21 18 9 6 0.4184 0.2181 158 226
300-0-1-0.05-50-0 0 2306 24 37 26 7 0.1940 0.8481 254 127
300-0-1-0.05-50-0 0 2307 24 34 27 8 0.1940 0.7448 254 168
300-0-1-0.05-50-0 0 2307 18 48 5 2 0.2181 0.1153 226 334
300-0-1-0.05-50-0 0 2308 21 4 8 20 0.4184 0.0723 158 351
300-0-1-0.05-50-0 0 2308 37 24 7 29 0.8481 0.1940 127 254
300-0-1-0.05-50-0 0 2309 4 24 21 28 0.0723 0.1940 351 254
300-0-1-0.05-50-0 0 2309 19 18 2 5 0.8072 0.2181 134 226
300-0-1-0.05-50-0 0 2310 38 27 5 7 0.6163 0.0776 270 149
300-0-1-0.05-50-0 0 2310 4 19 21 3 0.0723 0.8072 351 134
300-0-1-0.05-50-0 0 2310 21 11 9 8 0.4184 0.0504 158 384
300-0-1-0.05-50-0 0 2311 3 3 6 6 0.4813 0.4813 321 321
300-0-1-0.05-50-0 0 2311 4 3 20 5 0.0723 0.4813 351 321
300-0-1-0.05-50-0 0 2311 45 24 6 25 0.3816 0.1940 173 254
300-0-1-0.05-50-0 0 2312 38 37 6 8 0.6163 0.8481 270 127
300-0-1-0.05-50-0 0 2312 21 45 11 6 0.4184 0.3816 158 173
300-0-1-0.05-50-0 0 2313 34 9 6 1 0.7448 0.6134 168 161
300-0-1-0.05-50-0 0 2313 42 36 3 4 0.7447 0.8162 106 165
300-0-1-0.05-50-0 0 2314 30 24 3 23 0.6008 0.1940 266 254
300-0-1-0.05-50-0 0 2314 4 37 16 9 0.0723 0.8481 351 127
300-0-1-0.05-50-0 0 2315 5 34 6 9 0.0007 0.7448 226 168
300-0-1-0.05-50-0 0 2315 34 49 8 4 0.7448 0.1842 168 136
300-0-1-0.05-50-0 0 2316 11 24 6 23 0.0504 0.1940 384 254
300-0-1-0.05-50-0 0 2316 21 42 12 4 0.4184 0.7447 158 106
300-0-1-0.05-50-0 0 2317 45 50 6 6 0.3816 0.2147 173 147
300-0-1-0.05-50-0 0 2317 24 4 23 17 0.1940 0.0723 254 351
300-0-1-0.05-50-0 0 2318 45 24 6 22 0.3816 0.1940 173 254
300-0-1-0.05-50-0 0 2318 1 50 2 5 0.2520 0.2147 409 147
300-0-1-0.05-50-0 0 2319 37 42 7 2 0.8481 0.7447 127 106
300-0-1-0.05-50-0 0 2319 37 6 7 4 0.8481 0.4266 127 249
300-0-1-0.05-50-0 0 2320 41 24 1 23 0.9621 0.1940 105 254
300-0-1-0.05-50-0 0 2320 50 24 5 22 0.2147 0.1940 147 254
300-0-1-0.05-50-0 0 2321 34 22 7 2 0.7448 0.0160 168 311
300-0-1-0.05-50-0 0 2321 5 24 6 23 0.0007 0.1940 226 254
300-0-1-0.05-50-0 0 2321 36 21 2 11 0.8162 0.4184 165 158
300-0-1-0.05-50-0 0 2322 34 24 7 21 0.7448 0.1940 168 254
300-0-1-0.05-50-0 0 2322 45 5 6 6 0.3816 0.0007 173 226
300-0-1-0.05-50-0 0 2322 24 11 20 5 0.1940 0.0504 254 384
300-0-1-0.05-50-0 0 2323 4 15 16 3 0.0723 0.7918 351 149
300-0-1-0.05-50-0 0 2323 34 4 7 16 0.7448 0.0723 168 351
300-0-1-0.05-50-0 0 2324 32 6 5 4 0.6514 0.4266 215 249
300-0-1-0.05-50-0 0 2324 21 18 14 10 0.4184 0.2181 158 226
300-0-1-0.05-50-0 0 2324 36 21 2 14 0.8162 0.4184 165 158
300-0-1-0.05-50-0 0 2325 32 24 5 21 0.6514 0.1940 215 254
300-0-1-0.05-50-0 0 2325 27 48 9 3 0.0776 0.1153 149 334
300-0-1-0.05-50-0 0 2325 49 38 2 5 0.1842 0.6163 136 270
300-0-1-0.05-50-0 0 2326 45 50 7 12 0.3816 0.2147 173 147
300-0-1-0.05-50-0 0 2326 37 45 6 7 0.8481 0.3816 127 173
300-0-1-0.05-50-0 0 2326 4 50 16 11 0.0723 0.2147 351 147
300-0-1-0.05-50-0 0 2327 34 27 6 11 0.7448 0.0776 168 149
300-0-1-0.05-50-0 0 2327 30 15 4 2 0.6008 0.7918 266 149
300-0-1-0.05-50-0 0 2327 50 28 9 1 0.2147 0.3846 147 311
300-0-1-0.05-50-0 0 2328 32 24 5 19 0.6514 0.1940 215 254
300-0-1-0.05-50-0 0 2328 4 21 16 15 0.0723 0.4184 351 158
300-0-1-0.05-50-0 0 2329 37 18 6 10 0.8481 0.2181 127 226
300-0-1-0.05-50-0 0 2329 24 16 19 1 0.1940 0.2228 254 149
300-0-1-0.05-50-0 0 2329 34 18 6 9 0.7448 0.2181 168 226
300-0-1-0.05-50-0 0 2330 21 21 15 15 0.4184 0.4184 158 158
300-0-1-0.05-50-0 0 2330 50 36 8 4 0.2147 0.8162 147 165
300-0-1-0.05-50-0 0 2330 50 24 8 19 0.2147 0.1940 147 254
300-0-1-0.05-50-0 0 2331 38 42 6 1 0.6163 0.7447 270 106
300-0-1-0.05-50-0 0 2331 11 18 2 9 0.0504 0.2181 384 226
300-0-1-0.05-50-0 0 2331 37 34 6 7 0.8481 0.7448 127 168
300-0-1-0.05-50-0 0 2332 21 34 12 7 0.4184 0.7448 158 168
300-0-1-0.05-50-0 0 2332 30 4 7 14 0.6008 0.0723 266 351
300-0-1-0.05-50-0 0 2332 37 4 7 13 0.8481 0.0723 127 351
300-0-1-0.05-50-0 0 2333 24 21 21 13 0.1940 0.4184 254 158
300-0-1-0.05-50-0 0 2333 49 15 4 1 0.1842 0.7918 136 149
300-0-1-0.05-50-0 0 2333 34 50 6 9 0.7448 0.2147 168 147
300-0-1-0.05-50-0 0 2334 32 48 4 6 0.6514 0.1153 215 334
300-0-1-0.05-50-0 0 2334 38 18 6 11 0.6163 0.2181 270 226
300-0-1-0.05-50-0 0 2334 34 38 6 6 0.7448 0.6163 168 270
300-0-1-0.05-50-0 0 2335 34 37 6 8 0.7448 0.8481 168 127
300-0-1-0.05-50-0 0 2335 30 21 5 13 0.6008 0.4184 266 158
300-0-1-0.05-50-0 0 2335 24 50 21 8 0.1940 0.2147 254 147
300-0-1-0.05-50-0 0 2336 36 50 3 9 0.8162 0.2147 165 147
300-0-1-0.05-50-0 0 2336 37 50 7 8 0.8481 0.2147 127 147
300-0-1-0.05-50-0 0 2336 24 18 21 12 0.1940 0.2181 254 226
300-0-1-0.05-50-0 0 2337 21 18 10 10 0.4184 0.2181 158 226
300-0-1-0.05-50-0 0 2337 45 48 8 5 0.3816 0.1153 173 334
300-0-1-0.05-50-0 0 2337 24 38 21 5 0.1940 0.6163 254 270
300-0-1-0.05-50-0 0 2338 24 26 21 1 0.1940 0.8171 254 141
300-0-1-0.05-50-0 0 2338 38 5 4 8 0.6163 0.0007 270 226
300-0-1-0.05-50-0 0 2338 37 30 7 7 0.8481 0.6008 127 266
300-0-1-0.05-50-0 0 2339 37 38 7 4 0.8481 0.6163 127 270
300-0-1-0.05-50-0 0 2339 4 24 18 21 0.0723 0.1940 351 254
300-0-1-0.05-50-0 0 2339 48 21 4 11 0.1153 0.4184 334 158
300-0-1-0.05-50-0 0 2340 37 24 8 20 0.8481 0.1940 127 254
300-0-1-0.05-50-0 0 2340 43 24 1 19 0.8316 0.1940 123 254
300-0-1-0.05-50-0 0 2340 4 34 20 5 0.0723 0.7448 351 168
300-0-1-0.05-50-0 0 2341 24 36 21 6 0.1940 0.8162 254 165
300-0-1-0.05-50-0 0 2341 4 5 21 7 0.0723 0.0007 351 226
300-0-1-0.05-50-0 0 2341 48 27 4 15 0.1153 0.0776 334 149
300-0-1-0.05-50-0 0 2342 4 21 22 10 0.0723 0.4184 351 158
300-0-1-0.05-50-0 0 2342 4 24 22 20 0.0723 0.1940 351 254
300-0-1-0.05-50-0 0 2342 4 23 22 5 0.0723 0.1698 351 476
300-0-1-0.05-50-0 0 2343 32 27 6 15 0.6514 0.0776 215 149
300-0-1-0.05-50-0 0 2343 21 32 9 6 0.4184 0.6514 158 215
300-0-1-0.05-50-0 0 2343 4 50 21 6 0.0723 0.2147 351 147
300-0-1-0.05-50-0 0 2344 30 27 8 13 0.6008 0.0776 266 149
300-0-1-0.05-50-0 0 2344 6 18 1 10 0.4266 0.2181 249 226
300-0-1-0.05-50-0 0 2344 5 27 6 12 0.0007 0.0776 226 149
300-0-1-0.05-50-0 0 2345 48 38 3 2 0.1153 0.6163 334 270
300-0-1-0.05-50-0 0 2345 38 27 1 10 0.6163 0.0776 270 149
300-0-1-0.05-50-0 0 2345 4 24 22 24 0.0723 0.1940 351 254
300-0-1-0.05-50-0 0 2346 41 29 1 2 0.9621 0.6728 105 177
300-0-1-0.05-50-0 0 2346 27 21 9 11 0.0776 0.4184 149 158
300-0-1-0.05-50-0 0 2346 50 18 6 10 0.2147 0.2181 147 226
300-0-1-0.05-50-0 0 2347 24 45 25 7 0.1940 0.3816 254 173
300-0-1-0.05-50-0 0 2347 30 10 7 4 0.6008 0.2533 266 449
300-0-1-0.05-50-0 0 2347 5 44 6 2 0.0007 0.7034 226 118
300-0-1-0.05-50-0 0 2348 18 48 10 3 0.2181 0.1153 226 334
300-0-1-0.05-50-0 0 2348 24 37 25 8 0.1940 0.8481 254 127
300-0-1-0.05-50-0 0 2348 4 27 22 9 0.0723 0.0776 351 149
300-0-1-0.05-50-0 0 2349 18 27 9 8 0.2181 0.0776 226 149
300-0-1-0.05-50-0 0 2349 18 21 9 10 0.2181 0.4184 226 158
300-0-1-0.05-50-0 0 2349 10 10 3 3 0.2533 0.2533 449 449
300-0-1-0.05-50-0 0 2350 4 32 23 3 0.0723 0.6514 351 215
300-0-1-0.05-50-0 0 2350 4 24 23 27 0.0723 0.1940 351 254
300-0-1-0.05-50-0 0 2350 38 21 3 9 0.6163 0.4184 270 158
300-0-1-0.05-50-0 0 2351 37 50 9 7 0.8481 0.2147 127 147
300-0-1-0.05-50-0 0 2351 4 4 23 23 0.0723 0.0723 351 351
300-0-1-0.05-50-0 0 2351 37 19 9 1 0.8481 0.8072 127 134
300-0-1-0.05-50-0 0 2352 38 36 3 4 0.6163 0.8162 270 165
300-0-1-0.05-50-0 0 2352 32 30 2 7 0.6514 0.6008 215 266
300-0-1-0.05-50-0 0 2352 50 18 7 9 0.2147 0.2181 147 226
300-0-1-0.05-50-0 0 2353 29 37 2 9 0.6728 0.8481 177 127
300-0-1-0.05-50-0 0 2353 24 45 28 12 0.1940 0.3816 254 173
300-0-1-0.05-50-0 0 2353 21 11 9 2 0.4184 0.0504 158 384
300-0-1-0.05-50-0 0 2354 4 27 21 10 0.0723 0.0776 351 149
300-0-1-0.05-50-0 0 2354 24 24 27 27 0.1940 0.1940 254 254
300-0-1-0.05-50-0 0 2354 30 50 6 7 0.6008 0.2147 266 147
300-0-1-0.05-50-0 0 2355 24 30 27 6 0.1940 0.6008 254 266
300-0-1-0.05-50-0 0 2355 23 24 7 27 0.1698 0.1940 476 254
300-0-1-0.05-50-0 0 2355 27 29 9 3 0.0776 0.6728 149 177
300-0-1-0.05-50-0 0 2356 36 4 3 21 0.8162 0.0723 165 351
300-0-1-0.05-50-0 0 2356 10 36 1 3 0.2533 0.8162 449 165
300-0-1-0.05-50-0 0 2357 24 4 22 21 0.1940 0.0723 254 351
300-0-1-0.05-50-0 0 2357 4 24 20 22 0.0723 0.1940 351 254
300-0-1-0.05-50-0 0 2358 10 24 1 21 0.2533 0.1940 449 254
300-0-1-0.05-50-0 0 2358 27 27 9 9 0.0776 0.0776 149 149
300-0-1-0.05-50-0 0 2359 45 34 10 4 0.3816 0.7448 173 168
300-0-1-0.05-50-0 0 2359 23 34 10 3 0.1698 0.7448 476 168
300-0-1-0.05-50-0 0 2360 37 23 6 11 0.8481 0.1698 127 476
300-0-1-0.05-50-0 0 2360 4 23 19 10 0.0723 0.1698 351 476
300-0-1-0.05-50-0 0 2361 23 24 8 23 0.1698 0.1940 476 254
300-0-1-0.05-50-0 0 2361 4 29 19 2 0.0723 0.6728 351 177
300-0-1-0.05-50-0 0 2362 30 49 8 2 0.6008 0.1842 266 136
300-0-1-0.05-50-0 0 2362 50 50 9 9 0.2147 0.2147 147 147
300-0-1-0.05-50-0 0 2362 5 24 3 23 0.0007 0.1940 226 254
300-0-1-0.05-50-0 0 2363 4 33 18 4 0.0723 0.6893 351 191
300-0-1-0.05-50-0 0 2363 4 4 18 18 0.0723 0.0723 351 351
300-0-1-0.05-50-0 0 2363 37 34 9 3 0.8481 0.7448 127 168
300-0-1-0.05-50-0 0 2364 24 24 21 21 0.1940 0.1940 254 254
300-0-1-0.05-50-0 0 2364 4 34 18 2 0.0723 0.7448 351 168
300-0-1-0.05-50-0 0 2365 48 16 3 2 0.1153 0.2228 334 149
300-0-1-0.05-50-0 0 2365 48 4 3 20 0.1153 0.0723 334 351
300-0-1-0.05-50-0 0 2365 45 21 10 7 0.3816 0.4184 173 158
300-0-1-0.05-50-0 0 2366 37 50 13 9 0.8481 0.2147 127 147
300-0-1-0.05-50-0 0 2366 18 45 6 10 0.2181 0.3816 226 173
300-0-1-0.05-50-0 0 2366 33 27 4 8 0.6893 0.0776 191 149
300-0-1-0.05-50-0 0 2367 5 41 5 2 0.0007 0.9621 226 105
300-0-1-0.05-50-0 0 2367 45 38 8 2 0.3816 0.6163 173 270
300-0-1-0.05-50-0 0 2367 4 49 19 2 0.0723 0.1842 351 136
300-0-1-0.05-50-0 0 2368 24 24 22 22 0.1940 0.1940 254 254
300-0-1-0.05-50-0 0 2368 24 50 21 7 0.1940 0.2147 254 147
300-0-1-0.05-50-0 0 2368 24 24 21 21 0.1940 0.1940 254 254
300-0-1-0.05-50-0 0 2369 27 50 6 6 0.0776 0.2147 149 147
300-0-1-0.05-50-0 0 2369 18 4 7 19 0.2181 0.0723 226 351
300-0-1-0.05-50-0 0 2369 4 23 18 9 0.0723 0.1698 351 476
300-0-1-0.05-50-0 0 2370 37 5 17 5 0.8481 0.0007 127 226
300-0-1-0.05-50-0 0 2370 21 30 6 8 0.4184 0.6008 158 266
300-0-1-0.05-50-0 0 2370 4 18 18 8 0.0723 0.2181 351 226
300-0-1-0.05-50-0 0 2371 31 27 2 7 0.5626 0.0776 252 149
300-0-1-0.05-50-0 0 2371 18 18 7 7 0.2181 0.2181 226 226
300-0-1-0.05-50-0 0 2371 48 32 3 4 0.1153 0.6514 334 215
300-0-1-0.05-50-0 0 2372 41 27 3 6 0.9621 0.0776 105 149
300-0-1-0.05-50-0 0 2372 44 24 2 23 0.7034 0.1940 118 254
300-0-1-0.05-50-0 0 2372 37 37 18 18 0.8481 0.8481 127 127
300-0-1-0.05-50-0 0 2373 31 4 4 19 0.5626 0.0723 252 351
300-0-1-0.05-50-0 0 2373 50 45 7 10 0.2147 0.3816 147 173
300-0-1-0.05-50-0 0 2373 39 50 1 7 0.2187 0.2147 309 147
300-0-1-0.05-50-0 0 2374 45 36 9 2 0.3816 0.8162 173 165
300-0-1-0.05-50-0 0 2374 50 8 6 2 0.2147 0.2506 147 303
300-0-1-0.05-50-0 0 2374 45 45 9 9 0.3816 0.3816 173 173
300-0-1-0.05-50-0 0 2375 50 37 6 17 0.2147 0.8481 147 127
300-0-1-0.05-50-0 0 2375 41 34 4 2 0.9621 0.7448 105 168
300-0-1-0.05-50-0 0 2376 4 31 15 4 0.0723 0.5626 351 252
300-0-1-0.05-50-0 0 2376 41 24 5 25 0.9621 0.1940 105 254
300-0-1-0.05-50-0 0 2377 50 5 7 5 0.2147 0.0007 147 226
300-0-1-0.05-50-0 0 2377 24 24 26 26 0.1940 0.1940 254 254
300-0-1-0.05-50-0 0 2377 18 37 8 15 0.2181 0.8481 226 127
300-0-1-0.05-50-0 0 2378 35 24 4 26 0.0354 0.1940 158 254
300-0-1-0.05-50-0 0 2378 6 24 4 25 0.4266 0.1940 249 254
300-0-1-0.05-50-0 0 2378 37 45 15 7 0.8481 0.3816 127 173
300-0-1-0.05-50-0 0 2379 35 33 4 4 0.0354 0.6893 158 191
300-0-1-0.05-50-0 0 2379 4 4 14 14 0.0723 0.0723 351 351
300-0-1-0.05-50-0 0 2379 4 35 13 4 0.0723 0.0354 351 158
300-0-1-0.05-50-0 0 2380 23 24 7 24 0.1698 0.1940 476 254
300-0-1-0.05-50-0 0 2380 44 10 2 3 0.7034 0.2533 118 449
300-0-1-0.05-50-0 0 2381 38 45 1 6 0.6163 0.3816 270 173
300-0-1-0.05-50-0 0 2381 24 37 23 15 0.1940 0.8481 254 127
300-0-1-0.05-50-0 0 2382 24 4 24 14 0.1940 0.0723 254 351
300-0-1-0.05-50-0 0 2382 27 24 4 24 0.0776 0.1940 149 254
300-0-1-0.05-50-0 0 2383 32 37 5 13 0.6514 0.8481 215 127
300-0-1-0.05-50-0 0 2383 32 30 5 4 0.6514 0.6008 215 266
300-0-1-0.05-50-0 0 2383 31 37 3 12 0.5626 0.8481 252 127
300-0-1-0.05-50-0 0 2384 37 23 11 7 0.8481 0.1698 127 476
300-0-1-0.05-50-0 0 2384 18 31 7 3 0.2181 0.5626 226 252
300-0-1-0.05-50-0 0 2384 21 45 10 5 0.4184 0.3816 158 173
300-0-1-0.05-50-0 0 2385 18 24 6 24 0.2181 0.1940 226 254
300-0-1-0.05-50-0 0 2385 18 50 6 7 0.2181 0.2147 226 147
300-0-1-0.05-50-0 0 2385 6 37 3 11 0.4266 0.8481 249 127
300-0-1-0.05-50-0 0 2386 18 27 6 3 0.2181 0.0776 226 149
300-0-1-0.05-50-0 0 2386 24 4 23 17 0.1940 0.0723 254 351
300-0-1-0.05-50-0 0 2386 33 5 2 2 0.6893 0.0007 191 226
300-0-1-0.05-50-0 0 2387 16 37 4 10 0.2228 0.8481 149 127
300-0-1-0.05-50-0 0 2387 24 20 21 10 0.1940 0.9922 254 102
300-0-1-0.05-50-0 0 2387 25 50 1 5 0.9430 0.2147 125 147
300-0-1-0.05-50-0 0 2388 16 24 4 22 0.2228 0.1940 149 254
300-0-1-0.05-50-0 0 2388 23 45 8 5 0.1698 0.3816 476 173
300-0-1-0.05-50-0 0 2388 32 50 5 6 0.6514 0.2147 215 147
300-0-1-0.05-50-0 0 2389 24 18 21 6 0.1940 0.2181 254 226
300-0-1-0.05-50-0 0 2389 29 24 1 21 0.6728 0.1940 177 254
300-0-1-0.05-50-0 0 2389 20 24 11 20 0.9922 0.1940 102 254
300-0-1-0.05-50-0 0 2390 20 36 11 2 0.9922 0.8162 102 165
300-0-1-0.05-50-0 0 2390 35 45 7 5 0.0354 0.3816 158 173
300-0-1-0.05-50-0 0 2390 44 20 3 11 0.7034 0.9922 118 102
300-0-1-0.05-50-0 0 2391 32 23 5 10 0.6514 0.1698 215 476
300-0-1-0.05-50-0 0 2391 37 23 10 9 0.8481 0.1698 127 476
300-0-1-0.05-50-0 0 2391 32 21 5 13 0.6514 0.4184 215 158
300-0-1-0.05-50-0 0 2392 16 23 5 9 0.2228 0.1698 149 476
300-0-1-0.05-50-0 0 2392 20 18 12 5 0.9922 0.2181 102 226
300-0-1-0.05-50-0 0 2392 45 27 5 2 0.3816 0.0776 173 149
300-0-1-0.05-50-0 0 2393 18 35 4 7 0.2181 0.0354 226 158
300-0-1-0.05-50-0 0 2393 4 24 15 20 0.0723 0.1940 351 254
300-0-1-0.05-50-0 0 2393 21 17 14 3 0.4184 0.6398 158 197
300-0-1-0.05-50-0 0 2394 6 21 4 14 0.4266 0.4184 249 158
300-0-1-0.05-50-0 0 2394 35 37 5 11 0.0354 0.8481 158 127
300-0-1-0.05-50-0 0 2394 23 21 8 13 0.1698 0.4184 476 158
300-0-1-0.05-50-0 0 2395 21 6 12 4 0.4184 0.4266 158 249
300-0-1-0.05-50-0 0 2395 48 30 3 4 0.1153 0.6008 334 266
300-0-1-0.05-50-0 0 2395 16 34 4 3 0.2228 0.7448 149 168
300-0-1-0.05-50-0 0 2396 37 39 10 3 0.8481 0.2187 127 309
300-0-1-0.05-50-0 0 2396 18 24 4 22 0.2181 0.1940 226 254
300-0-1-0.05-50-0 0 2396 37 37 10 10 0.8481 0.8481 127 127
300-0-1-0.05-50-0 0 2397 37 45 9 3 0.8481 0.3816 127 173
300-0-1-0.05-50-0 0 2397 4 48 16 3 0.0723 0.1153 351 334
300-0-1-0.05-50-0 0 2397 21 4 11 16 0.4184 0.0723 158 351
300-0-1-0.05-50-0 0 2398 37 24 9 18 0.8481 0.1940 127 254
300-0-1-0.05-50-0 0 2398 23 16 7 4 0.1698 0.2228 476 149
300-0-1-0.05-50-0 0 2399 8 13 2 1 0.2506 0.8878 303 151
300-0-1-0.05-50-0 0 2399 35 24 9 16 0.0354 0.1940 158 254
300-0-1-0.05-50-0 0 2400 16 23 4 7 0.2228 0.1698 149 476
300-0-1-0.05-50-0 0 2400 35 21 8 12 0.0354 0.4184 158 158
300-0-1-0.05-50-0 0 2400 37 39 11 2 0.8481 0.2187 127 309
300-0-1-0.05-50-0 0 2401 10 29 6 2 0.2533 0.6728 449 177
300-0-1-0.05-50-0 0 2401 32 24 5 16 0.6514 0.1940 215 254
300-0-1-0.05-50-0 0 2402 10 35 6 8 0.2533 0.0354 449 158
300-0-1-0.05-50-0 0 2402 20 24 13 16 0.9922 0.1940 102 254
300-0-1-0.05-50-0 0 2402 24 49 15 3 0.1940 0.1842 254 136
300-0-1-0.05-50-0 0 2403 22 4 4 15 0.0160 0.0723 311 351
300-0-1-0.05-50-0 0 2403 10 41 6 3 0.2533 0.9621 449 105
300-0-1-0.05-50-0 0 2404 10 37 6 11 0.2533 0.8481 449 127
300-0-1-0.05-50-0 0 2404 37 24 10 14 0.8481 0.1940 127 254
300-0-1-0.05-50-0 0 2405 43 24 2 12 0.8316 0.1940 123 254
300-0-1-0.05-50-0 0 2405 22 10 5 6 0.0160 0.2533 311 449
300-0-1-0.05-50-0 0 2406 4 16 15 6 0.0723 0.2228 351 149
300-0-1-0.05-50-0 0 2406 24 35 10 6 0.1940 0.0354 254 158
300-0-1-0.05-50-0 0 2407 50 36 5 1 0.2147 0.8162 147 165
300-0-1-0.05-50-0 0 2407 37 50 11 5 0.8481 0.2147 127 147
300-0-1-0.05-50-0 0 2408 4 37 13 11 0.0723 0.8481 351 127
300-0-1-0.05-50-0 0 2408 6 18 3 3 0.4266 0.2181 249 226
300-0-1-0.05-50-0 0 2409 32 21 3 12 0.6514 0.4184 215 158
300-0-1-0.05-50-0 0 2409 34 20 1 14 0.7448 0.9922 168 102
300-0-1-0.05-50-0 0 2410 20 24 12 8 0.9922 0.1940 102 254
300-0-1-0.05-50-0 0 2410 48 8 3 6 0.1153 0.2506 334 303
300-0-1-0.05-50-0 0 2411 41 4 2 14 0.9621 0.0723 105 351
300-0-1-0.05-50-0 0 2411 4 20 13 10 0.0723 0.9922 351 102
300-0-1-0.05-50-0 0 2412 37 37 8 8 0.8481 0.8481 127 127
300-0-1-0.05-50-0 0 2412 50 23 4 5 0.2147 0.1698 147 476
300-0-1-0.05-50-0 0 2413 43 4 3 13 0.8316 0.0723 123 351
300-0-1-0.05-50-0 0 2413 4 49 12 2 0.0723 0.1842 351 136
300-0-1-0.05-50-0 0 2414 16 35 7 9 0.2228 0.0354 149 158
300-0-1-0.05-50-0 0 2414 31 16 3 7 0.5626 0.2228 252 149
300-0-1-0.05-50-0 0 2415 21 5 15 7 0.4184 0.0007 158 226
300-0-1-0.05-50-0 0 2415 5 6 6 3 0.0007 0.4266 226 249
300-0-1-0.05-50-0 0 2416 30 30 2 2 0.6008 0.6008 266 266
300-0-1-0.05-50-0 0 2416 48 23 4 6 0.1153 0.1698 334 476
300-0-1-0.05-50-0 0 2417 20 21 8 14 0.9922 0.4184 102 158
300-0-1-0.05-50-0 0 2417 44 23 2 5 0.7034 0.1698 118 476
300-0-1-0.05-50-0 0 2418 31 21 6 14 0.5626 0.4184 252 158
300-0-1-0.05-50-0 0 2418 2 21 4 13 0.8198 0.4184 167 158
300-0-1-0.05-50-0 0 2419 14 32 3 5 0.8451 0.6514 105 215
300-0-1-0.05-50-0 0 2419 31 50 6 6 0.5626 0.2147 252 147
300-0-1-0.05-50-0 0 2420 21 43 12 3 0.4184 0.8316 158 123
300-0-1-0.05-50-0 0 2420 48 8 5 3 0.1153 0.2506 334 303
300-0-1-0.05-50-0 0 2421 23 32 5 5 0.1698 0.6514 476 215
300-0-1-0.05-50-0 0 2421 41 4 5 13 0.9621 0.0723 105 351
300-0-1-0.05-50-0 0 2421 17 48 3 5 0.6398 0.1153 197 334
300-0-1-0.05-50-0 0 2422 44 50 2 5 0.7034 0.2147 118 147
300-0-1-0.05-50-0 0 2422 8 2 4 5 0.2506 0.8198 303 167
300-0-1-0.05-50-0 0 2422 23 4 6 12 0.1698 0.0723 476 351
300-0-1-0.05-50-0 0 2423 37 35 4 9 0.8481 0.0354 127 158
300-0-1-0.05-50-0 0 2423 41 35 5 8 0.9621 0.0354 105 158
300-0-1-0.05-50-0 0 2423 21 8 13 5 0.4184 0.2506 158 303
300-0-1-0.05-50-0 0 2424 24 24 9 9 0.1940 0.1940 254 254
300-0-1-0.05-50-0 0 2424 21 4 13 11 0.4184 0.0723 158 351
300-0-1-0.05-50-0 0 2424 17 22 2 8 0.6398 0.0160 197 311
300-0-1-0.05-50-0 0 2425 2 23 4 8 0.8198 0.1698 167 476
300-0-1-0.05-50-0 0 2425 22 30 7 1 0.0160 0.6008 311 266
300-0-1-0.05-50-0 0 2426 16 22 6 7 0.2228 0.0160 149 311
300-0-1-0.05-50-0 0 2426 50 6 5 5 0.2147 0.4266 147 249
300-0-1-0.05-50-0 0 2427 48 20 4 8 0.1153 0.9922 334 102
300-0-1-0.05-50-0 0 2427 37 44 4 3 0.8481 0.7034 127 118
300-0-1-0.05-50-0 0 2428 41 10 5 5 0.9621 0.2533 105 449
300-0-1-0.05-50-0 0 2428 15 21 4 12 0.7918 0.4184 149 158
300-0-1-0.05-50-0 0 2429 21 24 11 9 0.4184 0.1940 158 254
300-0-1-0.05-50-0 0 2429 11 23 5 8 0.0504 0.1698 384 476
300-0-1-0.05-50-0 0 2430 4 15 10 4 0.0723 0.7918 351 149
300-0-1-0.05-50-0 0 2430 17 24 1 8 0.6398 0.1940 197 254
300-0-1-0.05-50-0 0 2431 24 37 7 3 0.1940 0.8481 254 127
300-0-1-0.05-50-0 0 2431 22 22 9 9 0.0160 0.0160 311 311
300-0-1-0.05-50-0 0 2432 10 35 5 8 0.2533 0.0354 449 158
300-0-1-0.05-50-0 0 2432 41 4 7 10 0.9621 0.0723 105 351
300-0-1-0.05-50-0 0 2433 4 7 11 5 0.0723 0.9267 351 106
300-0-1-0.05-50-0 0 2433 23 10 8 5 0.1698 0.2533 476 449
300-0-1-0.05-50-0 0 2434 21 50 13 8 0.4184 0.2147 158 147
300-0-1-0.05-50-0 0 2434 8 17 1 1 0.2506 0.6398 303 197
300-0-1-0.05-50-0 0 2434 11 23 6 8 0.0504 0.1698 384 476
300-0-1-0.05-50-0 0 2435 50 41 7 7 0.2147 0.9621 147 105
300-0-1-0.05-50-0 0 2435 14 11 4 4 0.8451 0.0504 105 384
300-0-1-0.05-50-0 0 2436 20 31 6 6 0.9922 0.5626 102 252
300-0-1-0.05-50-0 0 2436 20 41 6 5 0.9922 0.9621 102 105
300-0-1-0.05-50-0 0 2437 16 14 8 4 0.2228 0.8451 149 105
300-0-1-0.05-50-0 0 2437 21 32 13 2 0.4184 0.6514 158 215
300-0-1-0.05-50-0 0 2438 2 20 5 7 0.8198 0.9922 167 102
300-0-1-0.05-50-0 0 2438 45 5 2 2 0.3816 0.0007 173 226
300-0-1-0.05-50-0 0 2439 43 4 2 13 0.8316 0.0723 123 351
300-0-1-0.05-50-0 0 2439 2 32 6 1 0.8198 0.6514 167 215
300-0-1-0.05-50-0 0 2440 31 6 5 5 0.5626 0.4266 252 249
300-0-1-0.05-50-0 0 2440 22 49 10 4 0.0160 0.1842 311 136
300-0-1-0.05-50-0 0 2441 23 6 7 4 0.1698 0.4266 476 249
300-0-1-0.05-50-0 0 2441 34 16 3 8 0.7448 0.2228 168 149
300-0-1-0.05-50-0 0 2442 21 16 12 7 0.4184 0.2228 158 149
300-0-1-0.05-50-0 0 2442 4 10 12 5 0.0723 0.2533 351 449
300-0-1-0.05-50-0 0 2442 48 46 5 3 0.1153 0.3451 334 327
300-0-1-0.05-50-0 0 2443 48 4 5 14 0.1153 0.0723 334 351
300-0-1-0.05-50-0 0 2443 14 21 4 11 0.8451 0.4184 105 158
300-0-1-0.05-50-0 0 2444 43 34 2 3 0.8316 0.7448 123 168
300-0-1-0.05-50-0 0 2444 31 23 4 8 0.5626 0.1698 252 476
300-0-1-0.05-50-0 0 2445 41 4 8 11 0.9621 0.0723 105 351
300-0-1-0.05-50-0 0 2445 1 22 4 14 0.2520 0.0160 409 311
300-0-1-0.05-50-0 0 2446 31 50 4 12 0.5626 0.2147 252 147
300-0-1-0.05-50-0 0 2446 4 1 12 4 0.0723 0.2520 351 409
300-0-1-0.05-50-0 0 2447 50 5 12 2 0.2147 0.0007 147 226
300-0-1-0.05-50-0 0 2447 22 2 13 6 0.0160 0.8198 311 167
300-0-1-0.05-50-0 0 2448 6 4 7 12 0.4266 0.0723 249 351
300-0-1-0.05-50-0 0 2448 23 18 7 2 0.1698 0.2181 476 226
300-0-1-0.05-50-0 0 2449 24 7 3 7 0.1940 0.9267 254 106
300-0-1-0.05-50-0 0 2449 22 31 16 4 0.0160 0.5626 311 252
300-0-1-0.05-50-0 0 2449 21 16 11 6 0.4184 0.2228 158 149
300-0-1-0.05-50-0 0 2450 46 11 5 7 0.3451 0.0504 327 384
300-0-1-0.05-50-0 0 2450 22 31 16 3 0.0160 0.5626 311 252
300-0-1-0.05-50-0 0 2450 7 44 6 1 0.9267 0.7034 106 118
300-0-1-0.05-50-0 0 2451 11 49 6 3 0.0504 0.1842 384 136
300-0-1-0.05-50-0 0 2451 22 48 16 6 0.0160 0.1153 311 334
300-0-1-0.05-50-0 0 2452 50 36 13 1 0.2147 0.8162 147 165
300-0-1-0.05-50-0 0 2452 48 43 6 3 0.1153 0.8316 334 123
300-0-1-0.05-50-0 0 2452 35 11 4 6 0.0354 0.0504 158 384
300-0-1-0.05-50-0 0 2453 14 48 4 6 0.8451 0.1153 105 334
300-0-1-0.05-50-0 0 2453 22 22 19 19 0.0160 0.0160 311 311
300-0-1-0.05-50-0 0 2453 40 35 1 3 0.9739 0.0354 104 158
300-0-1-0.05-50-0 0 2454 2 35 8 2 0.8198 0.0354 167 158
300-0-1-0.05-50-0 0 2454 42 4 2 12 0.7447 0.0723 106 351
300-0-1-0.05-50-0 0 2454 2 26 8 1 0.8198 0.8171 167 141
300-0-1-0.05-50-0 0 2455 22 6 18 6 0.0160 0.4266 311 249
300-0-1-0.05-50-0 0 2455 22 2 18 8 0.0160 0.8198 311 167
300-0-1-0.05-50-0 0 2455 11 4 5 11 0.0504 0.0723 384 351
300-0-1-0.05-50-0 0 2456 10 21 3 15 0.2533 0.4184 449 158
300-0-1-0.05-50-0 0 2456 14 15 4 1 0.8451 0.7918 105 149
300-0-1-0.05-50-0 0 2456 50 4 16 11 0.2147 0.0723 147 351
300-0-1-0.05-50-0 0 2457 22 50 20 16 0.0160 0.2147 311 147
300-0-1-0.05-50-0 0 2457 50 2 15 8 0.2147 0.8198 147 167
300-0-1-0.05-50-0 0 2457 10 11 4 5 0.2533 0.0504 449 384
300-0-1-0.05-50-0 0 2458 10 23 4 6 0.2533 0.1698 449 476
300-0-1-0.05-50-0 0 2458 20 7 2 4 0.9922 0.9267 102 106
300-0-1-0.05-50-0 0 2458 50 31 14 4 0.2147 0.5626 147 252
300-0-1-0.05-50-0 0 2459 20 21 2 13 0.9922 0.4184 102 158
300-0-1-0.05-50-0 0 2459 14 37 4 1 0.8451 0.8481 105 127
300-0-1-0.05-50-0 0 2460 22 4 16 9 0.0160 0.0723 311 351
300-0-1-0.05-50-0 0 2460 22 22 16 16 0.0160 0.0160 311 311
300-0-1-0.05-50-0 0 2461 11 2 5 9 0.0504 0.8198 384 167
300-0-1-0.05-50-0 0 2461 4 16 8 4 0.0723 0.2228 351 149
300-0-1-0.05-50-0 0 2462 1 18 8 4 0.2520 0.2181 409 226
300-0-1-0.05-50-0 0 2462 13 35 4 1 0.8878 0.0354 151 158
300-0-1-0.05-50-0 0 2463 41 23 5 3 0.9621 0.1698 105 476
300-0-1-0.05-50-0 0 2463 16 2 4 8 0.2228 0.8198 149 167
300-0-1-0.05-50-0 0 2464 16 24 4 5 0.2228 0.1940 149 254
300-0-1-0.05-50-0 0 2464 50 5 8 2 0.2147 0.0007 147 226
300-0-1-0.05-50-0 0 2465 14 1 5 9 0.8451 0.2520 105 409
300-0-1-0.05-50-0 0 2465 18 18 3 3 0.2181 0.2181 226 226
300-0-1-0.05-50-0 0 2466 13 1 4 8 0.8878 0.2520 151 409
300-0-1-0.05-50-0 0 2466 43 16 4 4 0.8316 0.2228 123 149
300-0-1-0.05-50-0 0 2467 50 41 11 5 0.2147 0.9621 147 105
300-0-1-0.05-50-0 0 2467 22 50 15 11 0.0160 0.2147 311 147
300-0-1-0.05-50-0 0 2468 21 21 13 13 0.4184 0.4184 158 158
300-0-1-0.05-50-0 0 2468 48 10 3 7 0.1153 0.2533 334 449
300-0-1-0.05-50-0 0 2469 1 2 8 7 0.2520 0.8198 409 167
300-0-1-0.05-50-0 0 2469 22 2 16 6 0.0160 0.8198 311 167
300-0-1-0.05-50-0 0 2470 41 19 5 2 0.9621 0.8072 105 134
300-0-1-0.05-50-0 0 2470 24 16 6 3 0.1940 0.2228 254 149
300-0-1-0.05-50-0 0 2471 24 2 6 5 0.1940 0.8198 254 167
300-0-1-0.05-50-0 0 2471 18 10 3 6 0.2181 0.2533 226 449
300-0-1-0.05-50-0 0 2472 42 10 2 6 0.7447 0.2533 106 449
300-0-1-0.05-50-0 0 2472 21 2 14 4 0.4184 0.8198 158 167
300-0-1-0.05-50-0 0 2473 21 22 15 17 0.4184 0.0160 158 311
300-0-1-0.05-50-0 0 2473 38 50 1 14 0.6163 0.2147 270 147
300-0-1-0.05-50-0 0 2474 50 1 11 8 0.2147 0.2520 147 409
300-0-1-0.05-50-0 0 2474 43 18 4 5 0.8316 0.2181 123 226
300-0-1-0.05-50-0 0 2475 29 21 1 17 0.6728 0.4184 177 158
300-0-1-0.05-50-0 0 2475 45 6 3 3 0.3816 0.4266 173 249
300-0-1-0.05-50-0 0 2476 31 1 2 6 0.5626 0.2520 252 409
300-0-1-0.05-50-0 0 2476 1 21 5 17 0.2520 0.4184 409 158
300-0-1-0.05-50-0 0 2477 23 10 4 3 0.1698 0.2533 476 449
300-0-1-0.05-50-0 0 2477 18 23 4 4 0.2181 0.1698 226 476
300-0-1-0.05-50-0 0 2478 50 34 6 2 0.2147 0.7448 147 168
300-0-1-0.05-50-0 0 2478 10 36 2 4 0.2533 0.8162 449 165
300-0-1-0.05-50-0 0 2479 22 6 20 2 0.0160 0.4266 311 249
300-0-1-0.05-50-0 0 2479 2 21 4 17 0.8198 0.4184 167 158
300-0-1-0.05-50-0 0 2480 2 22 4 18 0.8198 0.0160 167 311
300-0-1-0.05-50-0 0 2480 7 19 2 3 0.9267 0.8072 106 134
300-0-1-0.05-50-0 0 2481 18 22 5 17 0.2181 0.0160 226 311
300-0-1-0.05-50-0 0 2481 50 2 7 4 0.2147 0.8198 147 167
300-0-1-0.05-50-0 0 2482 41 42 7 3 0.9621 0.7447 105 106
300-0-1-0.05-50-0 0 2482 22 18 17 5 0.0160 0.2181 311 226
300-0-1-0.05-50-0 0 2483 31 22 3 17 0.5626 0.0160 252 311
300-0-1-0.05-50-0 0 2483 21 21 21 21 0.4184 0.4184 158 158
300-0-1-0.05-50-0 0 2484 12 50 2 7 0.1896 0.2147 325 147
300-0-1-0.05-50-0 0 2484 18 22 4 17 0.2181 0.0160 226 311
300-0-1-0.05-50-0 0 2485 14 43 5 6 0.8451 0.8316 105 123
300-0-1-0.05-50-0 0 2485 14 45 5 6 0.8451 0.3816 105 173
300-0-1-0.05-50-0 0 2486 21 50 24 7 0.4184 0.2147 158 147
300-0-1-0.05-50-0 0 2486 14 13 5 3 0.8451 0.8878 105 151
300-0-1-0.05-50-0 0 2487 1 22 7 17 0.2520 0.0160 409 311
300-0-1-0.05-50-0 0 2487 43 22 5 16 0.8316 0.0160 123 311
300-0-1-0.05-50-0 0 2488 7 19 3 1 0.9267 0.8072 106 134
300-0-1-0.05-50-0 0 2488 14 22 5 14 0.8451 0.0160 105 311
300-0-1-0.05-50-0 0 2489 21 41 25 8 0.4184 0.9621 158 105
300-0-1-0.05-50-0 0 2489 1 21 7 25 0.2520 0.4184 409 158
300-0-1-0.05-50-0 0 2490 48 21 7 26 0.1153 0.4184 334 158
300-0-1-0.05-50-0 0 2490 31 20 4 3 0.5626 0.9922 252 102
300-0-1-0.05-50-0 0 2491 21 47 24 1 0.4184 0.9293 158 103
300-0-1-0.05-50-0 0 2491 18 42 6 2 0.2181 0.7447 226 106
300-0-1-0.05-50-0 0 2492 41 14 8 4 0.9621 0.8451 105 105
300-0-1-0.05-50-0 0 2492 23 50 9 6 0.1698 0.2147 476 147
300-0-1-0.05-50-0 0 2493 43 48 6 6 0.8316 0.1153 123 334
300-0-1-0.05-50-0 0 2493 21 21 27 27 0.4184 0.4184 158 158
300-0-1-0.05-50-0 0 2494 21 18 27 6 0.4184 0.2181 158 226
300-0-1-0.05-50-0 0 2494 22 22 21 21 0.0160 0.0160 311 311
300-0-1-0.05-50-0 0 2495 48 21 5 27 0.1153 0.4184 334 158
300-0-1-0.05-50-0 0 2495 22 14 21 4 0.0160 0.8451 311 105
300-0-1-0.05-50-0 0 2496 1 22 7 24 0.2520 0.0160 409 311
300-0-1-0.05-50-0 0 2496 21 41 25 9 0.4184 0.9621 158 105
300-0-1-0.05-50-0 0 2497 21 31 27 4 0.4184 0.5626 158 252
300-0-1-0.05-50-0 0 2497 20 18 1 5 0.9922 0.2181 102 226
300-0-1-0.05-50-0 0 2498 21 49 30 1 0.4184 0.1842 158 136
300-0-1-0.05-50-0 0 2498 21 22 30 25 0.4184 0.0160 158 311
300-0-1-0.05-50-0 0 2499 41 22 8 25 0.9621 0.0160 105 311
300-0-1-0.05-50-0 0 2499 21 1 32 9 0.4184 0.2520 158 409
300-0-1-0.05-50-0 0 2500 21 22 30 27 0.4184 0.0160 158 311
300-0-1-0.05-50-0 0 2500 21 7 30 3 0.4184 0.9267 158 106
