301-0-1-0.05-50-0 0 2302 9 26 6 10 0.6134 0.8171 161 141
301-0-1-0.05-50-0 0 2302 11 3 3 8 0.0504 0.4813 384 321
301-0-1-0.05-50-0 0 2303 8 3 6 7 0.2506 0.4813 303 321
301-0-1-0.05-50-0 0 2303 48 27 8 20 0.1153 0.0776 334 149
301-0-1-0.05-50-0 0 2304 27 8 18 7 0.0776 0.2506 149 303
301-0-1-0.05-50-0 0 2304 10 20 23 2 0.2533 0.9922 449 102
301-0-1-0.05-50-0 0 2305 33 20 15 1 0.6893 0.9922 191 102
301-0-1-0.05-50-0 0 2305 34 3 3 6 0.7448 0.4813 168 321
301-0-1-0.05-50-0 0 2306 48 27 8 18 0.1153 0.0776 334 149
301-0-1-0.05-50-0 0 2306 32 48 3 8 0.6514 0.1153 215 334
301-0-1-0.05-50-0 0 2307 27 11 16 3 0.0776 0.0504 149 384
301-0-1-0.05-50-0 0 2307 27 33 16 16 0.0776 0.6893 149 191
301-0-1-0.05-50-0 0 2307 10 8 26 8 0.2533 0.2506 449 303
301-0-1-0.05-50-0 0 2308 3 33 8 14 0.4813 0.6893 321 191
301-0-1-0.05-50-0 0 2308 26 6 12 5 0.8171 0.4266 141 249
301-0-1-0.05-50-0 0 2308 27 43 18 2 0.0776 0.8316 149 123
301-0-1-0.05-50-0 0 2309 27 33 19 15 0.0776 0.6893 149 191
301-0-1-0.05-50-0 0 2309 22 27 1 19 0.0160 0.0776 311 149
301-0-1-0.05-50-0 0 2309 3 10 8 28 0.4813 0.2533 321 449
301-0-1-0.05-50-0 0 2310 10 48 27 9 0.2533 0.1153 449 334
301-0-1-0.05-50-0 0 2310 26 1 11 5 0.8171 0.2520 141 409
301-0-1-0.05-50-0 0 2310 27 8 18 7 0.0776 0.2506 149 303
301-0-1-0.05-50-0 0 2311 32 10 5 27 0.6514 0.2533 215 449
301-0-1-0.05-50-0 0 2311 32 10 5 26 0.6514 0.2533 215 449
301-0-1-0.05-50-0 0 2311 43 10 2 25 0.8316 0.2533 123 449
301-0-1-0.05-50-0 0 2312 10 18 26 4 0.2533 0.2181 449 226
301-0-1-0.05-50-0 0 2312 34 10 5 26 0.7448 0.2533 168 449
301-0-1-0.05-50-0 0 2313 8 3 6 9 0.2506 0.4813 303 321
301-0-1-0.05-50-0 0 2313 3 32 8 6 0.4813 0.6514 321 215
301-0-1-0.05-50-0 0 2313 27 25 18 3 0.0776 0.9430 149 125
301-0-1-0.05-50-0 0 2314 50 6 3 6 0.2147 0.4266 147 249
301-0-1-0.05-50-0 0 2314 43 33 2 17 0.8316 0.6893 123 191
301-0-1-0.05-50-0 0 2315 48 26 6 7 0.1153 0.8171 334 141
301-0-1-0.05-50-0 0 2315 32 33 4 16 0.6514 0.6893 215 191
301-0-1-0.05-50-0 0 2316 17 34 4 3 0.6398 0.7448 197 168
301-0-1-0.05-50-0 0 2316 33 2 14 4 0.6893 0.8198 191 167
301-0-1-0.05-50-0 0 2317 26 33 5 14 0.8171 0.6893 141 191
301-0-1-0.05-50-0 0 2317 10 18 28 3 0.2533 0.2181 449 226
301-0-1-0.05-50-0 0 2318 10 50 29 4 0.2533 0.2147 449 147
301-0-1-0.05-50-0 0 2318 34 6 2 4 0.7448 0.4266 168 249
301-0-1-0.05-50-0 0 2319 33 27 15 17 0.6893 0.0776 191 149
301-0-1-0.05-50-0 0 2319 39 1 3 2 0.2187 0.2520 309 409
301-0-1-0.05-50-0 0 2320 3 32 11 3 0.4813 0.6514 321 215
301-0-1-0.05-50-0 0 2320 27 39 15 3 0.0776 0.2187 149 309
301-0-1-0.05-50-0 0 2321 33 50 15 3 0.6893 0.2147 191 147
301-0-1-0.05-50-0 0 2321 20 27 3 14 0.9922 0.0776 102 149
301-0-1-0.05-50-0 0 2322 27 45 12 4 0.0776 0.3816 149 173
301-0-1-0.05-50-0 0 2322 27 11 12 2 0.0776 0.0504 149 384
301-0-1-0.05-50-0 0 2323 10 36 30 3 0.2533 0.8162 449 165
301-0-1-0.05-50-0 0 2323 22 26 3 7 0.0160 0.8171 311 141
301-0-1-0.05-50-0 0 2324 33 33 17 17 0.6893 0.6893 191 191
301-0-1-0.05-50-0 0 2324 36 3 2 14 0.8162 0.4813 165 321
301-0-1-0.05-50-0 0 2325 45 33 3 16 0.3816 0.6893 173 191
301-0-1-0.05-50-0 0 2325 3 33 13 15 0.4813 0.6893 321 191
301-0-1-0.05-50-0 0 2325 27 10 16 30 0.0776 0.2533 149 449
301-0-1-0.05-50-0 0 2326 27 33 16 15 0.0776 0.6893 149 191
301-0-1-0.05-50-0 0 2326 26 42 6 1 0.8171 0.7447 141 106
301-0-1-0.05-50-0 0 2326 3 3 14 14 0.4813 0.4813 321 321
301-0-1-0.05-50-0 0 2327 32 17 3 6 0.6514 0.6398 215 197
301-0-1-0.05-50-0 0 2327 10 10 33 33 0.2533 0.2533 449 449
301-0-1-0.05-50-0 0 2327 33 3 15 12 0.6893 0.4813 191 321
301-0-1-0.05-50-0 0 2328 27 20 15 3 0.0776 0.9922 149 102
301-0-1-0.05-50-0 0 2328 10 43 35 1 0.2533 0.8316 449 123
301-0-1-0.05-50-0 0 2328 45 48 3 13 0.3816 0.1153 173 334
301-0-1-0.05-50-0 0 2329 41 10 1 34 0.9621 0.2533 105 449
301-0-1-0.05-50-0 0 2329 10 48 33 11 0.2533 0.1153 449 334
301-0-1-0.05-50-0 0 2329 27 11 15 1 0.0776 0.0504 149 384
301-0-1-0.05-50-0 0 2330 3 21 11 2 0.4813 0.4184 321 158
301-0-1-0.05-50-0 0 2330 3 10 11 34 0.4813 0.2533 321 449
301-0-1-0.05-50-0 0 2331 22 39 4 3 0.0160 0.2187 311 309
301-0-1-0.05-50-0 0 2331 1 33 3 16 0.2520 0.6893 409 191
301-0-1-0.05-50-0 0 2332 10 10 31 31 0.2533 0.2533 449 449
301-0-1-0.05-50-0 0 2332 6 10 2 30 0.4266 0.2533 249 449
301-0-1-0.05-50-0 0 2333 22 3 4 13 0.0160 0.4813 311 321
301-0-1-0.05-50-0 0 2333 10 26 29 10 0.2533 0.8171 449 141
301-0-1-0.05-50-0 0 2334 33 10 15 31 0.6893 0.2533 191 449
301-0-1-0.05-50-0 0 2334 44 26 3 10 0.7034 0.8171 118 141
301-0-1-0.05-50-0 0 2335 27 27 18 18 0.0776 0.0776 149 149
301-0-1-0.05-50-0 0 2335 3 27 11 17 0.4813 0.0776 321 149
301-0-1-0.05-50-0 0 2335 18 3 1 11 0.2181 0.4813 226 321
301-0-1-0.05-50-0 0 2336 10 10 31 31 0.2533 0.2533 449 449
301-0-1-0.05-50-0 0 2336 48 26 13 9 0.1153 0.8171 334 141
301-0-1-0.05-50-0 0 2337 3 48 11 12 0.4813 0.1153 321 334
301-0-1-0.05-50-0 0 2337 48 27 11 16 0.1153 0.0776 334 149
301-0-1-0.05-50-0 0 2338 10 10 31 31 0.2533 0.2533 449 449
301-0-1-0.05-50-0 0 2338 6 8 3 5 0.4266 0.2506 249 303
301-0-1-0.05-50-0 0 2338 18 8 1 4 0.2181 0.2506 226 303
301-0-1-0.05-50-0 0 2339 4 45 3 3 0.0723 0.3816 351 173
301-0-1-0.05-50-0 0 2339 27 17 16 5 0.0776 0.6398 149 197
301-0-1-0.05-50-0 0 2339 20 3 2 13 0.9922 0.4813 102 321
301-0-1-0.05-50-0 0 2340 3 27 12 16 0.4813 0.0776 321 149
301-0-1-0.05-50-0 0 2340 18 48 1 12 0.2181 0.1153 226 334
301-0-1-0.05-50-0 0 2340 27 10 15 33 0.0776 0.2533 149 449
301-0-1-0.05-50-0 0 2341 48 2 12 2 0.1153 0.8198 334 167
301-0-1-0.05-50-0 0 2341 3 8 13 3 0.4813 0.2506 321 303
301-0-1-0.05-50-0 0 2342 27 33 14 14 0.0776 0.6893 149 191
301-0-1-0.05-50-0 0 2342 10 48 31 13 0.2533 0.1153 449 334
301-0-1-0.05-50-0 0 2343 10 36 31 4 0.2533 0.8162 449 165
301-0-1-0.05-50-0 0 2343 10 17 31 5 0.2533 0.6398 449 197
301-0-1-0.05-50-0 0 2343 26 3 12 13 0.8171 0.4813 141 321
301-0-1-0.05-50-0 0 2344 1 3 6 11 0.2520 0.4813 409 321
301-0-1-0.05-50-0 0 2344 45 27 4 16 0.3816 0.0776 173 149
301-0-1-0.05-50-0 0 2344 10 10 32 32 0.2533 0.2533 449 449
301-0-1-0.05-50-0 0 2345 45 49 5 1 0.3816 0.1842 173 136
301-0-1-0.05-50-0 0 2345 33 10 16 32 0.6893 0.2533 191 449
301-0-1-0.05-50-0 0 2345 26 19 12 2 0.8171 0.8072 141 134
301-0-1-0.05-50-0 0 2346 33 44 15 2 0.6893 0.7034 191 118
301-0-1-0.05-50-0 0 2346 22 26 5 11 0.0160 0.8171 311 141
301-0-1-0.05-50-0 0 2346 10 10 32 32 0.2533 0.2533 449 449
301-0-1-0.05-50-0 0 2347 10 34 32 3 0.2533 0.7448 449 168
301-0-1-0.05-50-0 0 2347 26 26 10 10 0.8171 0.8171 141 141
301-0-1-0.05-50-0 0 2347 33 3 15 10 0.6893 0.4813 191 321
301-0-1-0.05-50-0 0 2348 38 6 4 3 0.6163 0.4266 270 249
301-0-1-0.05-50-0 0 2348 10 9 32 1 0.2533 0.6134 449 161
301-0-1-0.05-50-0 0 2348 33 18 15 2 0.6893 0.2181 191 226
301-0-1-0.05-50-0 0 2349 33 10 16 33 0.6893 0.2533 191 449
301-0-1-0.05-50-0 0 2349 33 10 16 32 0.6893 0.2533 191 449
301-0-1-0.05-50-0 0 2349 45 20 5 3 0.3816 0.9922 173 102
301-0-1-0.05-50-0 0 2350 22 48 5 11 0.0160 0.1153 311 334
301-0-1-0.05-50-0 0 2350 10 27 30 16 0.2533 0.0776 449 149
301-0-1-0.05-50-0 0 2350 10 1 30 8 0.2533 0.2520 449 409
301-0-1-0.05-50-0 0 2351 10 10 30 30 0.2533 0.2533 449 449
301-0-1-0.05-50-0 0 2351 10 26 29 12 0.2533 0.8171 449 141
301-0-1-0.05-50-0 0 2351 10 27 29 15 0.2533 0.0776 449 149
301-0-1-0.05-50-0 0 2352 33 38 18 5 0.6893 0.6163 191 270
301-0-1-0.05-50-0 0 2352 33 24 18 4 0.6893 0.1940 191 254
301-0-1-0.05-50-0 0 2352 26 48 12 11 0.8171 0.1153 141 334
301-0-1-0.05-50-0 0 2353 27 4 14 1 0.0776 0.0723 149 351
301-0-1-0.05-50-0 0 2353 10 33 30 20 0.2533 0.6893 449 191
301-0-1-0.05-50-0 0 2353 1 17 9 8 0.2520 0.6398 409 197
301-0-1-0.05-50-0 0 2354 1 10 9 31 0.2520 0.2533 409 449
301-0-1-0.05-50-0 0 2354 33 45 19 3 0.6893 0.3816 191 173
301-0-1-0.05-50-0 0 2354 17 21 8 1 0.6398 0.4184 197 158
301-0-1-0.05-50-0 0 2355 48 36 6 5 0.1153 0.8162 334 165
301-0-1-0.05-50-0 0 2355 22 10 4 31 0.0160 0.2533 311 449
301-0-1-0.05-50-0 0 2355 10 48 30 6 0.2533 0.1153 449 334
301-0-1-0.05-50-0 0 2356 36 26 4 11 0.8162 0.8171 165 141
301-0-1-0.05-50-0 0 2356 12 16 4 4 0.1896 0.2228 325 149
301-0-1-0.05-50-0 0 2357 45 10 1 33 0.3816 0.2533 173 449
301-0-1-0.05-50-0 0 2357 16 10 3 32 0.2228 0.2533 149 449
301-0-1-0.05-50-0 0 2358 22 27 5 15 0.0160 0.0776 311 149
301-0-1-0.05-50-0 0 2358 33 10 15 33 0.6893 0.2533 191 449
301-0-1-0.05-50-0 0 2358 17 1 10 8 0.6398 0.2520 197 409
301-0-1-0.05-50-0 0 2359 26 3 10 6 0.8171 0.4813 141 321
301-0-1-0.05-50-0 0 2359 10 50 33 1 0.2533 0.2147 449 147
301-0-1-0.05-50-0 0 2359 3 24 5 6 0.4813 0.1940 321 254
301-0-1-0.05-50-0 0 2360 32 10 4 35 0.6514 0.2533 215 449
301-0-1-0.05-50-0 0 2360 10 10 34 34 0.2533 0.2533 449 449
301-0-1-0.05-50-0 0 2360 22 22 5 5 0.0160 0.0160 311 311
301-0-1-0.05-50-0 0 2361 33 22 17 4 0.6893 0.0160 191 311
301-0-1-0.05-50-0 0 2361 26 27 9 13 0.8171 0.0776 141 149
301-0-1-0.05-50-0 0 2361 12 40 6 1 0.1896 0.9739 325 104
301-0-1-0.05-50-0 0 2362 27 3 12 5 0.0776 0.4813 149 321
301-0-1-0.05-50-0 0 2362 33 33 20 20 0.6893 0.6893 191 191
301-0-1-0.05-50-0 0 2362 33 26 19 9 0.6893 0.8171 191 141
301-0-1-0.05-50-0 0 2363 10 27 40 12 0.2533 0.0776 449 149
301-0-1-0.05-50-0 0 2363 10 1 40 9 0.2533 0.2520 449 409
301-0-1-0.05-50-0 0 2363 33 32 20 5 0.6893 0.6514 191 215
301-0-1-0.05-50-0 0 2364 17 10 9 41 0.6398 0.2533 197 449
301-0-1-0.05-50-0 0 2364 32 13 4 1 0.6514 0.8878 215 151
301-0-1-0.05-50-0 0 2364 33 10 20 40 0.6893 0.2533 191 449
301-0-1-0.05-50-0 0 2365 10 33 40 22 0.2533 0.6893 449 191
301-0-1-0.05-50-0 0 2365 24 23 6 2 0.1940 0.1698 254 476
301-0-1-0.05-50-0 0 2365 24 3 6 5 0.1940 0.4813 254 321
301-0-1-0.05-50-0 0 2366 10 48 42 7 0.2533 0.1153 449 334
301-0-1-0.05-50-0 0 2366 10 38 42 1 0.2533 0.6163 449 270
301-0-1-0.05-50-0 0 2366 33 10 21 42 0.6893 0.2533 191 449
301-0-1-0.05-50-0 0 2367 3 20 5 2 0.4813 0.9922 321 102
301-0-1-0.05-50-0 0 2367 33 6 21 2 0.6893 0.4266 191 249
301-0-1-0.05-50-0 0 2367 10 27 42 14 0.2533 0.0776 449 149
301-0-1-0.05-50-0 0 2368 12 10 3 48 0.1896 0.2533 325 449
301-0-1-0.05-50-0 0 2368 16 1 3 9 0.2228 0.2520 149 409
301-0-1-0.05-50-0 0 2368 48 26 6 7 0.1153 0.8171 334 141
301-0-1-0.05-50-0 0 2369 10 10 51 51 0.2533 0.2533 449 449
301-0-1-0.05-50-0 0 2369 10 30 50 2 0.2533 0.6008 449 266
301-0-1-0.05-50-0 0 2369 32 10 4 50 0.6514 0.2533 215 449
301-0-1-0.05-50-0 0 2370 3 1 6 8 0.4813 0.2520 321 409
301-0-1-0.05-50-0 0 2370 14 3 1 6 0.8451 0.4813 105 321
301-0-1-0.05-50-0 0 2370 10 33 50 17 0.2533 0.6893 449 191
301-0-1-0.05-50-0 0 2371 32 32 3 3 0.6514 0.6514 215 215
301-0-1-0.05-50-0 0 2371 27 27 16 16 0.0776 0.0776 149 149
301-0-1-0.05-50-0 0 2371 26 10 8 53 0.8171 0.2533 141 449
301-0-1-0.05-50-0 0 2372 10 3 51 5 0.2533 0.4813 449 321
301-0-1-0.05-50-0 0 2372 17 1 8 8 0.6398 0.2520 197 409
301-0-1-0.05-50-0 0 2372 32 17 2 8 0.6514 0.6398 215 197
301-0-1-0.05-50-0 0 2373 27 26 13 8 0.0776 0.8171 149 141
301-0-1-0.05-50-0 0 2373 33 24 18 11 0.6893 0.1940 191 254
301-0-1-0.05-50-0 0 2373 3 24 4 10 0.4813 0.1940 321 254
301-0-1-0.05-50-0 0 2374 10 17 46 8 0.2533 0.6398 449 197
301-0-1-0.05-50-0 0 2374 10 10 46 46 0.2533 0.2533 449 449
301-0-1-0.05-50-0 0 2374 17 26 7 7 0.6398 0.8171 197 141
301-0-1-0.05-50-0 0 2375 26 24 5 9 0.8171 0.1940 141 254
301-0-1-0.05-50-0 0 2375 24 12 8 4 0.1940 0.1896 254 325
301-0-1-0.05-50-0 0 2375 24 1 8 9 0.1940 0.2520 254 409
301-0-1-0.05-50-0 0 2376 33 27 18 15 0.6893 0.0776 191 149
301-0-1-0.05-50-0 0 2376 10 30 45 4 0.2533 0.6008 449 266
301-0-1-0.05-50-0 0 2376 14 33 1 18 0.8451 0.6893 105 191
301-0-1-0.05-50-0 0 2377 10 32 41 2 0.2533 0.6514 449 215
301-0-1-0.05-50-0 0 2377 48 41 7 4 0.1153 0.9621 334 105
301-0-1-0.05-50-0 0 2377 27 41 13 3 0.0776 0.9621 149 105
301-0-1-0.05-50-0 0 2378 48 10 7 45 0.1153 0.2533 334 449
301-0-1-0.05-50-0 0 2378 33 9 18 2 0.6893 0.6134 191 161
301-0-1-0.05-50-0 0 2378 22 33 2 18 0.0160 0.6893 311 191
301-0-1-0.05-50-0 0 2379 11 12 4 2 0.0504 0.1896 384 325
301-0-1-0.05-50-0 0 2379 10 3 44 4 0.2533 0.4813 449 321
301-0-1-0.05-50-0 0 2379 27 33 14 17 0.0776 0.6893 149 191
301-0-1-0.05-50-0 0 2380 10 27 48 14 0.2533 0.0776 449 149
301-0-1-0.05-50-0 0 2380 33 1 16 11 0.6893 0.2520 191 409
301-0-1-0.05-50-0 0 2380 10 30 48 3 0.2533 0.6008 449 266
301-0-1-0.05-50-0 0 2381 1 10 11 49 0.2520 0.2533 409 449
301-0-1-0.05-50-0 0 2381 32 10 1 48 0.6514 0.2533 215 449
301-0-1-0.05-50-0 0 2381 16 10 3 47 0.2228 0.2533 149 449
301-0-1-0.05-50-0 0 2382 33 48 17 7 0.6893 0.1153 191 334
301-0-1-0.05-50-0 0 2382 1 10 12 50 0.2520 0.2533 409 449
301-0-1-0.05-50-0 0 2382 33 10 17 49 0.6893 0.2533 191 449
301-0-1-0.05-50-0 0 2383 10 10 47 47 0.2533 0.2533 449 449
301-0-1-0.05-50-0 0 2383 1 10 12 46 0.2520 0.2533 409 449
301-0-1-0.05-50-0 0 2383 48 1 6 12 0.1153 0.2520 334 409
301-0-1-0.05-50-0 0 2384 11 48 5 6 0.0504 0.1153 384 334
301-0-1-0.05-50-0 0 2384 10 24 48 6 0.2533 0.1940 449 254
301-0-1-0.05-50-0 0 2384 17 30 8 3 0.6398 0.6008 197 266
301-0-1-0.05-50-0 0 2385 3 1 2 11 0.4813 0.2520 321 409
301-0-1-0.05-50-0 0 2385 41 33 2 16 0.9621 0.6893 105 191
301-0-1-0.05-50-0 0 2385 33 10 15 51 0.6893 0.2533 191 449
301-0-1-0.05-50-0 0 2386 10 10 51 51 0.2533 0.2533 449 449
301-0-1-0.05-50-0 0 2386 6 24 3 5 0.4266 0.1940 249 254
301-0-1-0.05-50-0 0 2386 33 10 14 50 0.6893 0.2533 191 449
301-0-1-0.05-50-0 0 2387 10 10 51 51 0.2533 0.2533 449 449
301-0-1-0.05-50-0 0 2387 10 10 50 50 0.2533 0.2533 449 449
301-0-1-0.05-50-0 0 2387 27 10 17 49 0.0776 0.2533 149 449
301-0-1-0.05-50-0 0 2388 24 10 5 49 0.1940 0.2533 254 449
301-0-1-0.05-50-0 0 2388 27 27 18 18 0.0776 0.0776 149 149
301-0-1-0.05-50-0 0 2388 10 2 48 5 0.2533 0.8198 449 167
301-0-1-0.05-50-0 0 2389 33 10 14 48 0.6893 0.2533 191 449
301-0-1-0.05-50-0 0 2389 11 48 8 5 0.0504 0.1153 384 334
301-0-1-0.05-50-0 0 2389 33 10 14 47 0.6893 0.2533 191 449
301-0-1-0.05-50-0 0 2390 10 33 47 14 0.2533 0.6893 449 191
301-0-1-0.05-50-0 0 2390 1 39 9 2 0.2520 0.2187 409 309
301-0-1-0.05-50-0 0 2390 10 10 47 47 0.2533 0.2533 449 449
301-0-1-0.05-50-0 0 2391 1 10 10 46 0.2520 0.2533 409 449
301-0-1-0.05-50-0 0 2391 10 16 45 3 0.2533 0.2228 449 149
301-0-1-0.05-50-0 0 2391 3 10 2 45 0.4813 0.2533 321 449
301-0-1-0.05-50-0 0 2392 33 11 12 9 0.6893 0.0504 191 384
301-0-1-0.05-50-0 0 2392 27 33 14 12 0.0776 0.6893 149 191
301-0-1-0.05-50-0 0 2392 1 1 9 9 0.2520 0.2520 409 409
301-0-1-0.05-50-0 0 2393 33 10 11 47 0.6893 0.2533 191 449
301-0-1-0.05-50-0 0 2393 10 10 46 46 0.2533 0.2533 449 449
301-0-1-0.05-50-0 0 2393 10 37 45 1 0.2533 0.8481 449 127
301-0-1-0.05-50-0 0 2394 33 27 11 14 0.6893 0.0776 191 149
301-0-1-0.05-50-0 0 2394 33 9 11 1 0.6893 0.6134 191 161
301-0-1-0.05-50-0 0 2394 1 11 7 9 0.2520 0.0504 409 384
301-0-1-0.05-50-0 0 2395 27 49 14 3 0.0776 0.1842 149 136
301-0-1-0.05-50-0 0 2395 10 27 47 14 0.2533 0.0776 449 149
301-0-1-0.05-50-0 0 2395 17 22 9 4 0.6398 0.0160 197 311
301-0-1-0.05-50-0 0 2396 6 22 4 3 0.4266 0.0160 249 311
301-0-1-0.05-50-0 0 2396 17 10 9 47 0.6398 0.2533 197 449
301-0-1-0.05-50-0 0 2396 24 11 4 8 0.1940 0.0504 254 384
301-0-1-0.05-50-0 0 2397 15 36 1 4 0.7918 0.8162 149 165
301-0-1-0.05-50-0 0 2397 17 27 9 15 0.6398 0.0776 197 149
301-0-1-0.05-50-0 0 2397 33 10 13 47 0.6893 0.2533 191 449
301-0-1-0.05-50-0 0 2398 33 10 14 47 0.6893 0.2533 191 449
301-0-1-0.05-50-0 0 2398 32 10 2 46 0.6514 0.2533 215 449
301-0-1-0.05-50-0 0 2398 10 11 45 6 0.2533 0.0504 449 384
301-0-1-0.05-50-0 0 2399 27 27 12 12 0.0776 0.0776 149 149
301-0-1-0.05-50-0 0 2399 10 38 47 5 0.2533 0.6163 449 270
301-0-1-0.05-50-0 0 2399 10 17 47 9 0.2533 0.6398 449 197
301-0-1-0.05-50-0 0 2400 5 30 4 1 0.0007 0.6008 226 266
301-0-1-0.05-50-0 0 2400 10 10 47 47 0.2533 0.2533 449 449
301-0-1-0.05-50-0 0 2400 10 12 46 1 0.2533 0.1896 449 325
301-0-1-0.05-50-0 0 2401 10 5 48 4 0.2533 0.0007 449 226
301-0-1-0.05-50-0 0 2401 3 11 2 5 0.4813 0.0504 321 384
301-0-1-0.05-50-0 0 2401 17 33 9 13 0.6398 0.6893 197 191
301-0-1-0.05-50-0 0 2402 1 38 12 4 0.2520 0.6163 409 270
301-0-1-0.05-50-0 0 2402 6 1 6 12 0.4266 0.2520 249 409
301-0-1-0.05-50-0 0 2402 48 10 2 49 0.1153 0.2533 334 449
301-0-1-0.05-50-0 0 2403 17 17 10 10 0.6398 0.6398 197 197
301-0-1-0.05-50-0 0 2403 10 27 49 15 0.2533 0.0776 449 149
301-0-1-0.05-50-0 0 2403 6 25 6 1 0.4266 0.9430 249 125
301-0-1-0.05-50-0 0 2404 18 17 3 9 0.2181 0.6398 226 197
301-0-1-0.05-50-0 0 2404 10 10 49 49 0.2533 0.2533 449 449
301-0-1-0.05-50-0 0 2404 33 10 13 48 0.6893 0.2533 191 449
301-0-1-0.05-50-0 0 2405 10 15 47 1 0.2533 0.7918 449 149
301-0-1-0.05-50-0 0 2405 22 19 2 1 0.0160 0.8072 311 134
301-0-1-0.05-50-0 0 2405 32 10 5 47 0.6514 0.2533 215 449
301-0-1-0.05-50-0 0 2406 1 48 10 2 0.2520 0.1153 409 334
301-0-1-0.05-50-0 0 2406 6 10 9 47 0.4266 0.2533 249 449
301-0-1-0.05-50-0 0 2406 1 27 10 15 0.2520 0.0776 409 149
301-0-1-0.05-50-0 0 2407 27 43 14 2 0.0776 0.8316 149 123
301-0-1-0.05-50-0 0 2407 10 10 46 46 0.2533 0.2533 449 449
301-0-1-0.05-50-0 0 2407 6 27 9 14 0.4266 0.0776 249 149
301-0-1-0.05-50-0 0 2408 1 10 11 45 0.2520 0.2533 409 449
301-0-1-0.05-50-0 0 2408 1 1 11 11 0.2520 0.2520 409 409
301-0-1-0.05-50-0 0 2408 3 24 2 6 0.4813 0.1940 321 254
301-0-1-0.05-50-0 0 2409 33 36 11 2 0.6893 0.8162 191 165
301-0-1-0.05-50-0 0 2409 17 10 9 45 0.6398 0.2533 197 449
301-0-1-0.05-50-0 0 2409 6 10 11 44 0.4266 0.2533 249 449
301-0-1-0.05-50-0 0 2410 1 50 11 1 0.2520 0.2147 409 147
301-0-1-0.05-50-0 0 2410 27 10 15 42 0.0776 0.2533 149 449
301-0-1-0.05-50-0 0 2410 23 17 8 9 0.1698 0.6398 476 197
301-0-1-0.05-50-0 0 2411 24 33 5 12 0.1940 0.6893 254 191
301-0-1-0.05-50-0 0 2411 2 10 5 43 0.8198 0.2533 167 449
301-0-1-0.05-50-0 0 2411 10 27 42 14 0.2533 0.0776 449 149
301-0-1-0.05-50-0 0 2412 27 27 13 13 0.0776 0.0776 149 149
301-0-1-0.05-50-0 0 2412 10 5 42 2 0.2533 0.0007 449 226
301-0-1-0.05-50-0 0 2412 32 10 5 42 0.6514 0.2533 215 449
301-0-1-0.05-50-0 0 2413 17 12 9 1 0.6398 0.1896 197 325
301-0-1-0.05-50-0 0 2413 39 21 4 2 0.2187 0.4184 309 158
301-0-1-0.05-50-0 0 2413 10 10 42 42 0.2533 0.2533 449 449
301-0-1-0.05-50-0 0 2414 2 1 5 11 0.8198 0.2520 167 409
301-0-1-0.05-50-0 0 2414 39 32 5 6 0.2187 0.6514 309 215
301-0-1-0.05-50-0 0 2414 6 10 14 44 0.4266 0.2533 249 449
301-0-1-0.05-50-0 0 2415 8 23 4 9 0.2506 0.1698 303 476
301-0-1-0.05-50-0 0 2415 33 24 10 5 0.6893 0.1940 191 254
301-0-1-0.05-50-0 0 2415 38 23 3 8 0.6163 0.1698 270 476
301-0-1-0.05-50-0 0 2416 44 17 1 9 0.7034 0.6398 118 197
301-0-1-0.05-50-0 0 2416 43 17 2 8 0.8316 0.6398 123 197
301-0-1-0.05-50-0 0 2416 33 2 10 5 0.6893 0.8198 191 167
301-0-1-0.05-50-0 0 2417 17 6 7 15 0.6398 0.4266 197 249
301-0-1-0.05-50-0 0 2417 6 33 14 11 0.4266 0.6893 249 191
301-0-1-0.05-50-0 0 2417 1 40 8 2 0.2520 0.9739 409 104
301-0-1-0.05-50-0 0 2418 10 18 48 6 0.2533 0.2181 449 226
301-0-1-0.05-50-0 0 2418 10 10 48 48 0.2533 0.2533 449 449
301-0-1-0.05-50-0 0 2418 47 10 1 47 0.9293 0.2533 103 449
301-0-1-0.05-50-0 0 2419 10 33 47 10 0.2533 0.6893 449 191
301-0-1-0.05-50-0 0 2419 24 6 6 16 0.1940 0.4266 254 249
301-0-1-0.05-50-0 0 2419 32 10 5 47 0.6514 0.2533 215 449
301-0-1-0.05-50-0 0 2420 27 39 12 8 0.0776 0.2187 149 309
301-0-1-0.05-50-0 0 2420 10 27 46 12 0.2533 0.0776 449 149
301-0-1-0.05-50-0 0 2420 36 10 2 46 0.8162 0.2533 165 449
301-0-1-0.05-50-0 0 2421 23 10 10 45 0.1698 0.2533 476 449
301-0-1-0.05-50-0 0 2421 10 10 44 44 0.2533 0.2533 449 449
301-0-1-0.05-50-0 0 2421 18 6 5 15 0.2181 0.4266 226 249
301-0-1-0.05-50-0 0 2422 10 10 46 46 0.2533 0.2533 449 449
301-0-1-0.05-50-0 0 2422 24 27 7 11 0.1940 0.0776 254 149
301-0-1-0.05-50-0 0 2422 6 1 16 8 0.4266 0.2520 249 409
301-0-1-0.05-50-0 0 2423 18 22 6 2 0.2181 0.0160 226 311
301-0-1-0.05-50-0 0 2423 8 27 4 10 0.2506 0.0776 303 149
301-0-1-0.05-50-0 0 2423 8 24 4 7 0.2506 0.1940 303 254
301-0-1-0.05-50-0 0 2424 6 17 16 7 0.4266 0.6398 249 197
301-0-1-0.05-50-0 0 2424 10 10 45 45 0.2533 0.2533 449 449
301-0-1-0.05-50-0 0 2424 39 6 6 16 0.2187 0.4266 309 249
301-0-1-0.05-50-0 0 2425 23 49 11 4 0.1698 0.1842 476 136
301-0-1-0.05-50-0 0 2425 23 10 11 42 0.1698 0.2533 476 449
301-0-1-0.05-50-0 0 2425 10 27 41 9 0.2533 0.0776 449 149
301-0-1-0.05-50-0 0 2426 11 33 1 8 0.0504 0.6893 384 191
301-0-1-0.05-50-0 0 2426 18 24 6 6 0.2181 0.1940 226 254
301-0-1-0.05-50-0 0 2426 17 23 6 13 0.6398 0.1698 197 476
301-0-1-0.05-50-0 0 2427 10 45 45 2 0.2533 0.3816 449 173
301-0-1-0.05-50-0 0 2427 10 33 45 7 0.2533 0.6893 449 191
301-0-1-0.05-50-0 0 2427 10 50 45 8 0.2533 0.2147 449 147
301-0-1-0.05-50-0 0 2428 10 50 48 7 0.2533 0.2147 449 147
301-0-1-0.05-50-0 0 2428 38 46 1 1 0.6163 0.3451 270 327
301-0-1-0.05-50-0 0 2428 23 23 11 11 0.1698 0.1698 476 476
301-0-1-0.05-50-0 0 2429 10 17 51 6 0.2533 0.6398 449 197
301-0-1-0.05-50-0 0 2429 36 23 2 9 0.8162 0.1698 165 476
301-0-1-0.05-50-0 0 2429 10 10 51 51 0.2533 0.2533 449 449
301-0-1-0.05-50-0 0 2430 39 17 12 5 0.2187 0.6398 309 197
301-0-1-0.05-50-0 0 2430 39 10 12 51 0.2187 0.2533 309 449
301-0-1-0.05-50-0 0 2430 1 6 10 18 0.2520 0.4266 409 249
301-0-1-0.05-50-0 0 2431 50 10 7 52 0.2147 0.2533 147 449
301-0-1-0.05-50-0 0 2431 10 30 51 2 0.2533 0.6008 449 266
301-0-1-0.05-50-0 0 2431 39 32 12 6 0.2187 0.6514 309 215
301-0-1-0.05-50-0 0 2432 32 39 6 12 0.6514 0.2187 215 309
301-0-1-0.05-50-0 0 2432 10 50 54 7 0.2533 0.2147 449 147
301-0-1-0.05-50-0 0 2432 36 10 3 54 0.8162 0.2533 165 449
301-0-1-0.05-50-0 0 2433 39 10 11 53 0.2187 0.2533 309 449
301-0-1-0.05-50-0 0 2433 6 18 20 7 0.4266 0.2181 249 226
301-0-1-0.05-50-0 0 2433 10 24 52 7 0.2533 0.1940 449 254
301-0-1-0.05-50-0 0 2434 10 6 53 20 0.2533 0.4266 449 249
301-0-1-0.05-50-0 0 2434 36 10 3 53 0.8162 0.2533 165 449
301-0-1-0.05-50-0 0 2434 6 18 19 6 0.4266 0.2181 249 226
301-0-1-0.05-50-0 0 2435 23 10 9 55 0.1698 0.2533 476 449
301-0-1-0.05-50-0 0 2435 39 10 12 54 0.2187 0.2533 309 449
301-0-1-0.05-50-0 0 2435 10 10 53 53 0.2533 0.2533 449 449
301-0-1-0.05-50-0 0 2436 3 10 6 54 0.4813 0.2533 321 449
301-0-1-0.05-50-0 0 2436 22 8 1 6 0.0160 0.2506 311 303
301-0-1-0.05-50-0 0 2436 33 10 7 53 0.6893 0.2533 191 449
301-0-1-0.05-50-0 0 2437 10 1 50 11 0.2533 0.2520 449 409
301-0-1-0.05-50-0 0 2437 36 10 3 50 0.8162 0.2533 165 449
301-0-1-0.05-50-0 0 2437 6 18 21 6 0.4266 0.2181 249 226
301-0-1-0.05-50-0 0 2438 39 35 13 1 0.2187 0.0354 309 158
301-0-1-0.05-50-0 0 2438 39 10 13 55 0.2187 0.2533 309 449
301-0-1-0.05-50-0 0 2438 10 10 54 54 0.2533 0.2533 449 449
301-0-1-0.05-50-0 0 2439 2 24 3 7 0.8198 0.1940 167 254
301-0-1-0.05-50-0 0 2439 32 33 9 8 0.6514 0.6893 215 191
301-0-1-0.05-50-0 0 2439 8 22 4 1 0.2506 0.0160 303 311
301-0-1-0.05-50-0 0 2440 6 36 19 3 0.4266 0.8162 249 165
301-0-1-0.05-50-0 0 2440 33 3 7 8 0.6893 0.4813 191 321
301-0-1-0.05-50-0 0 2440 10 6 55 19 0.2533 0.4266 449 249
301-0-1-0.05-50-0 0 2441 39 10 14 56 0.2187 0.2533 309 449
301-0-1-0.05-50-0 0 2441 23 32 5 11 0.1698 0.6514 476 215
301-0-1-0.05-50-0 0 2441 32 32 10 10 0.6514 0.6514 215 215
301-0-1-0.05-50-0 0 2442 10 3 56 7 0.2533 0.4813 449 321
301-0-1-0.05-50-0 0 2442 49 6 4 19 0.1842 0.4266 136 249
301-0-1-0.05-50-0 0 2442 3 50 6 5 0.4813 0.2147 321 147
301-0-1-0.05-50-0 0 2443 10 10 60 60 0.2533 0.2533 449 449
301-0-1-0.05-50-0 0 2443 50 33 4 8 0.2147 0.6893 147 191
301-0-1-0.05-50-0 0 2443 39 49 13 4 0.2187 0.1842 309 136
301-0-1-0.05-50-0 0 2444 30 25 1 1 0.6008 0.9430 266 125
301-0-1-0.05-50-0 0 2444 39 24 14 6 0.2187 0.1940 309 254
301-0-1-0.05-50-0 0 2444 32 10 9 59 0.6514 0.2533 215 449
301-0-1-0.05-50-0 0 2445 6 10 18 55 0.4266 0.2533 249 449
301-0-1-0.05-50-0 0 2445 10 32 54 10 0.2533 0.6514 449 215
301-0-1-0.05-50-0 0 2445 39 10 14 54 0.2187 0.2533 309 449
301-0-1-0.05-50-0 0 2446 10 32 52 8 0.2533 0.6514 449 215
301-0-1-0.05-50-0 0 2446 37 33 4 6 0.8481 0.6893 127 191
301-0-1-0.05-50-0 0 2446 1 13 13 3 0.2520 0.8878 409 151
301-0-1-0.05-50-0 0 2447 32 32 8 8 0.6514 0.6514 215 215
301-0-1-0.05-50-0 0 2447 10 1 56 12 0.2533 0.2520 449 409
301-0-1-0.05-50-0 0 2447 6 23 20 5 0.4266 0.1698 249 476
301-0-1-0.05-50-0 0 2448 6 50 19 5 0.4266 0.2147 249 147
301-0-1-0.05-50-0 0 2448 3 23 7 4 0.4813 0.1698 321 476
301-0-1-0.05-50-0 0 2448 10 32 57 7 0.2533 0.6514 449 215
301-0-1-0.05-50-0 0 2449 40 39 2 17 0.9739 0.2187 104 309
301-0-1-0.05-50-0 0 2449 1 3 12 7 0.2520 0.4813 409 321
301-0-1-0.05-50-0 0 2449 1 10 12 57 0.2520 0.2533 409 449
301-0-1-0.05-50-0 0 2450 6 10 21 57 0.4266 0.2533 249 449
301-0-1-0.05-50-0 0 2450 10 6 56 21 0.2533 0.4266 449 249
301-0-1-0.05-50-0 0 2450 3 17 7 9 0.4813 0.6398 321 197
301-0-1-0.05-50-0 0 2451 10 17 55 8 0.2533 0.6398 449 197
301-0-1-0.05-50-0 0 2451 10 10 55 55 0.2533 0.2533 449 449
301-0-1-0.05-50-0 0 2451 2 17 6 7 0.8198 0.6398 167 197
301-0-1-0.05-50-0 0 2452 39 1 16 11 0.2187 0.2520 309 409
301-0-1-0.05-50-0 0 2452 10 10 54 54 0.2533 0.2533 449 449
301-0-1-0.05-50-0 0 2452 10 17 53 5 0.2533 0.6398 449 197
301-0-1-0.05-50-0 0 2453 6 39 19 18 0.4266 0.2187 249 309
301-0-1-0.05-50-0 0 2453 10 10 53 53 0.2533 0.2533 449 449
301-0-1-0.05-50-0 0 2453 3 24 7 10 0.4813 0.1940 321 254
301-0-1-0.05-50-0 0 2454 49 10 5 53 0.1842 0.2533 136 449
301-0-1-0.05-50-0 0 2454 6 47 21 4 0.4266 0.9293 249 103
301-0-1-0.05-50-0 0 2454 6 2 21 6 0.4266 0.8198 249 167
301-0-1-0.05-50-0 0 2455 39 15 18 1 0.2187 0.7918 309 149
301-0-1-0.05-50-0 0 2455 10 3 50 7 0.2533 0.4813 449 321
301-0-1-0.05-50-0 0 2455 10 10 50 50 0.2533 0.2533 449 449
301-0-1-0.05-50-0 0 2456 36 6 5 20 0.8162 0.4266 165 249
301-0-1-0.05-50-0 0 2456 6 1 19 8 0.4266 0.2520 249 409
301-0-1-0.05-50-0 0 2456 10 10 50 50 0.2533 0.2533 449 449
301-0-1-0.05-50-0 0 2457 2 49 4 5 0.8198 0.1842 167 136
301-0-1-0.05-50-0 0 2457 10 8 52 7 0.2533 0.2506 449 303
301-0-1-0.05-50-0 0 2457 10 10 52 52 0.2533 0.2533 449 449
301-0-1-0.05-50-0 0 2458 10 10 48 48 0.2533 0.2533 449 449
301-0-1-0.05-50-0 0 2458 33 10 2 47 0.6893 0.2533 191 449
301-0-1-0.05-50-0 0 2458 47 10 4 46 0.9293 0.2533 103 449
301-0-1-0.05-50-0 0 2459 6 36 20 4 0.4266 0.8162 249 165
301-0-1-0.05-50-0 0 2459 45 10 2 44 0.3816 0.2533 173 449
301-0-1-0.05-50-0 0 2459 39 41 20 2 0.2187 0.9621 309 105
301-0-1-0.05-50-0 0 2460 18 32 6 5 0.2181 0.6514 226 215
301-0-1-0.05-50-0 0 2460 10 10 41 41 0.2533 0.2533 449 449
301-0-1-0.05-50-0 0 2460 49 10 5 40 0.1842 0.2533 136 449
301-0-1-0.05-50-0 0 2461 8 1 8 7 0.2506 0.2520 303 409
301-0-1-0.05-50-0 0 2461 33 17 2 7 0.6893 0.6398 191 197
301-0-1-0.05-50-0 0 2461 8 49 8 5 0.2506 0.1842 303 136
301-0-1-0.05-50-0 0 2462 10 10 42 42 0.2533 0.2533 449 449
301-0-1-0.05-50-0 0 2462 18 8 7 8 0.2181 0.2506 226 303
301-0-1-0.05-50-0 0 2462 10 10 41 41 0.2533 0.2533 449 449
301-0-1-0.05-50-0 0 2463 6 39 21 24 0.4266 0.2187 249 309
301-0-1-0.05-50-0 0 2463 3 2 3 4 0.4813 0.8198 321 167
301-0-1-0.05-50-0 0 2463 39 1 23 5 0.2187 0.2520 309 409
301-0-1-0.05-50-0 0 2464 10 39 45 20 0.2533 0.2187 449 309
301-0-1-0.05-50-0 0 2464 48 50 1 5 0.1153 0.2147 334 147
301-0-1-0.05-50-0 0 2464 10 17 45 6 0.2533 0.6398 449 197
301-0-1-0.05-50-0 0 2465 41 18 1 9 0.9621 0.2181 105 226
301-0-1-0.05-50-0 0 2465 23 10 4 44 0.1698 0.2533 476 449
301-0-1-0.05-50-0 0 2465 47 24 3 14 0.9293 0.1940 103 254
301-0-1-0.05-50-0 0 2466 18 8 8 9 0.2181 0.2506 226 303
301-0-1-0.05-50-0 0 2466 48 10 1 41 0.1153 0.2533 334 449
301-0-1-0.05-50-0 0 2466 10 29 40 2 0.2533 0.6728 449 177
301-0-1-0.05-50-0 0 2467 6 10 14 41 0.4266 0.2533 249 449
301-0-1-0.05-50-0 0 2467 24 8 13 9 0.1940 0.2506 254 303
301-0-1-0.05-50-0 0 2467 10 6 40 14 0.2533 0.4266 449 249
301-0-1-0.05-50-0 0 2468 10 3 41 3 0.2533 0.4813 449 321
301-0-1-0.05-50-0 0 2468 1 10 6 41 0.2520 0.2533 409 449
301-0-1-0.05-50-0 0 2468 10 10 40 40 0.2533 0.2533 449 449
301-0-1-0.05-50-0 0 2469 12 6 1 15 0.1896 0.4266 325 249
301-0-1-0.05-50-0 0 2469 8 37 7 3 0.2506 0.8481 303 127
301-0-1-0.05-50-0 0 2469 10 10 41 41 0.2533 0.2533 449 449
301-0-1-0.05-50-0 0 2470 10 6 39 14 0.2533 0.4266 449 249
301-0-1-0.05-50-0 0 2470 24 3 15 2 0.1940 0.4813 254 321
301-0-1-0.05-50-0 0 2470 6 27 13 1 0.4266 0.0776 249 149
301-0-1-0.05-50-0 0 2471 6 10 13 38 0.4266 0.2533 249 449
301-0-1-0.05-50-0 0 2471 47 24 3 14 0.9293 0.1940 103 254
301-0-1-0.05-50-0 0 2471 32 47 4 3 0.6514 0.9293 215 103
301-0-1-0.05-50-0 0 2472 35 10 2 38 0.0354 0.2533 158 449
301-0-1-0.05-50-0 0 2472 10 24 37 13 0.2533 0.1940 449 254
301-0-1-0.05-50-0 0 2472 3 21 1 1 0.4813 0.4184 321 158
301-0-1-0.05-50-0 0 2473 10 48 37 1 0.2533 0.1153 449 334
301-0-1-0.05-50-0 0 2473 5 10 2 37 0.0007 0.2533 226 449
301-0-1-0.05-50-0 0 2473 31 6 1 14 0.5626 0.4266 252 249
301-0-1-0.05-50-0 0 2474 10 10 34 34 0.2533 0.2533 449 449
301-0-1-0.05-50-0 0 2474 24 19 13 5 0.1940 0.8072 254 134
301-0-1-0.05-50-0 0 2474 18 39 9 22 0.2181 0.2187 226 309
301-0-1-0.05-50-0 0 2475 32 36 5 10 0.6514 0.8162 215 165
301-0-1-0.05-50-0 0 2475 24 39 13 23 0.1940 0.2187 254 309
301-0-1-0.05-50-0 0 2475 25 35 1 3 0.9430 0.0354 125 158
301-0-1-0.05-50-0 0 2476 49 36 4 11 0.1842 0.8162 136 165
301-0-1-0.05-50-0 0 2476 3 10 1 32 0.4813 0.2533 321 449
301-0-1-0.05-50-0 0 2476 32 10 8 31 0.6514 0.2533 215 449
301-0-1-0.05-50-0 0 2477 6 3 21 1 0.4266 0.4813 249 321
301-0-1-0.05-50-0 0 2477 6 36 21 10 0.4266 0.8162 249 165
301-0-1-0.05-50-0 0 2477 50 1 3 9 0.2147 0.2520 147 409
301-0-1-0.05-50-0 0 2478 39 10 24 33 0.2187 0.2533 309 449
301-0-1-0.05-50-0 0 2478 10 6 32 21 0.2533 0.4266 449 249
301-0-1-0.05-50-0 0 2478 6 25 20 1 0.4266 0.9430 249 125
301-0-1-0.05-50-0 0 2479 10 32 33 7 0.2533 0.6514 449 215
301-0-1-0.05-50-0 0 2479 8 1 10 8 0.2506 0.2520 303 409
301-0-1-0.05-50-0 0 2479 10 6 33 21 0.2533 0.4266 449 249
301-0-1-0.05-50-0 0 2480 49 2 4 4 0.1842 0.8198 136 167
301-0-1-0.05-50-0 0 2480 24 24 13 13 0.1940 0.1940 254 254
301-0-1-0.05-50-0 0 2480 50 36 4 11 0.2147 0.8162 147 165
301-0-1-0.05-50-0 0 2481 10 39 30 24 0.2533 0.2187 449 309
301-0-1-0.05-50-0 0 2481 10 10 30 30 0.2533 0.2533 449 449
301-0-1-0.05-50-0 0 2481 6 23 17 4 0.4266 0.1698 249 476
301-0-1-0.05-50-0 0 2482 50 8 4 8 0.2147 0.2506 147 303
301-0-1-0.05-50-0 0 2482 18 35 7 3 0.2181 0.0354 226 158
301-0-1-0.05-50-0 0 2482 49 32 5 6 0.1842 0.6514 136 215
301-0-1-0.05-50-0 0 2483 39 8 23 6 0.2187 0.2506 309 303
301-0-1-0.05-50-0 0 2483 6 24 14 12 0.4266 0.1940 249 254
301-0-1-0.05-50-0 0 2483 10 10 28 28 0.2533 0.2533 449 449
301-0-1-0.05-50-0 0 2484 39 19 27 8 0.2187 0.8072 309 134
301-0-1-0.05-50-0 0 2484 39 39 27 27 0.2187 0.2187 309 309
301-0-1-0.05-50-0 0 2484 24 19 11 7 0.1940 0.8072 254 134
301-0-1-0.05-50-0 0 2485 10 1 31 6 0.2533 0.2520 449 409
301-0-1-0.05-50-0 0 2485 39 23 26 3 0.2187 0.1698 309 476
301-0-1-0.05-50-0 0 2485 39 5 26 2 0.2187 0.0007 309 226
301-0-1-0.05-50-0 0 2486 10 10 30 30 0.2533 0.2533 449 449
301-0-1-0.05-50-0 0 2486 6 36 15 11 0.4266 0.8162 249 165
301-0-1-0.05-50-0 0 2486 6 10 15 29 0.4266 0.2533 249 449
301-0-1-0.05-50-0 0 2487 6 10 14 29 0.4266 0.2533 249 449
301-0-1-0.05-50-0 0 2487 6 50 14 4 0.4266 0.2147 249 147
301-0-1-0.05-50-0 0 2487 45 22 1 1 0.3816 0.0160 173 311
301-0-1-0.05-50-0 0 2488 10 39 29 29 0.2533 0.2187 449 309
301-0-1-0.05-50-0 0 2488 39 19 28 8 0.2187 0.8072 309 134
301-0-1-0.05-50-0 0 2488 10 10 29 29 0.2533 0.2533 449 449
301-0-1-0.05-50-0 0 2489 49 8 6 8 0.1842 0.2506 136 303
301-0-1-0.05-50-0 0 2489 39 39 28 28 0.2187 0.2187 309 309
301-0-1-0.05-50-0 0 2489 39 39 27 27 0.2187 0.2187 309 309
301-0-1-0.05-50-0 0 2490 36 10 10 28 0.8162 0.2533 165 449
301-0-1-0.05-50-0 0 2490 36 36 10 10 0.8162 0.8162 165 165
301-0-1-0.05-50-0 0 2490 23 6 2 16 0.1698 0.4266 476 249
301-0-1-0.05-50-0 0 2491 39 38 31 1 0.2187 0.6163 309 270
301-0-1-0.05-50-0 0 2491 39 23 31 2 0.2187 0.1698 309 476
301-0-1-0.05-50-0 0 2491 36 8 10 7 0.8162 0.2506 165 303
301-0-1-0.05-50-0 0 2492 6 39 16 31 0.4266 0.2187 249 309
301-0-1-0.05-50-0 0 2492 10 39 27 30 0.2533 0.2187 449 309
301-0-1-0.05-50-0 0 2492 32 24 7 13 0.6514 0.1940 215 254
301-0-1-0.05-50-0 0 2493 39 10 29 27 0.2187 0.2533 309 449
301-0-1-0.05-50-0 0 2493 8 10 6 26 0.2506 0.2533 303 449
301-0-1-0.05-50-0 0 2493 2 12 2 1 0.8198 0.1896 167 325
301-0-1-0.05-50-0 0 2494 6 8 16 6 0.4266 0.2506 249 303
301-0-1-0.05-50-0 0 2494 24 39 15 27 0.1940 0.2187 254 309
301-0-1-0.05-50-0 0 2494 24 1 15 5 0.1940 0.2520 254 409
301-0-1-0.05-50-0 0 2495 13 39 1 28 0.8878 0.2187 151 309
301-0-1-0.05-50-0 0 2495 24 10 15 26 0.1940 0.2533 254 449
301-0-1-0.05-50-0 0 2495 19 6 5 15 0.8072 0.4266 134 249
301-0-1-0.05-50-0 0 2496 10 6 25 15 0.2533 0.4266 449 249
301-0-1-0.05-50-0 0 2496 39 24 25 15 0.2187 0.1940 309 254
301-0-1-0.05-50-0 0 2496 49 6 8 14 0.1842 0.4266 136 249
301-0-1-0.05-50-0 0 2497 39 1 26 5 0.2187 0.2520 309 409
301-0-1-0.05-50-0 0 2497 39 17 26 5 0.2187 0.6398 309 197
301-0-1-0.05-50-0 0 2497 13 10 1 25 0.8878 0.2533 151 449
301-0-1-0.05-50-0 0 2498 36 49 11 9 0.8162 0.1842 165 136
301-0-1-0.05-50-0 0 2498 18 24 7 17 0.2181 0.1940 226 254
301-0-1-0.05-50-0 0 2498 8 2 7 2 0.2506 0.8198 303 167
301-0-1-0.05-50-0 0 2499 1 6 4 15 0.2520 0.4266 409 249
301-0-1-0.05-50-0 0 2499 39 32 24 7 0.2187 0.6514 309 215
301-0-1-0.05-50-0 0 2499 10 39 28 24 0.2533 0.2187 449 309
301-0-1-0.05-50-0 0 2500 6 8 15 8 0.4266 0.2506 249 303
301-0-1-0.05-50-0 0 2500 10 10 27 27 0.2533 0.2533 449 449
301-0-1-0.05-50-0 0 2500 50 39 7 22 0.2147 0.2187 147 309
