310-0-1-0.05-50-0 0 2302 43 31 2 9 0.8316 0.5626 123 252
310-0-1-0.05-50-0 0 2302 31 18 8 11 0.5626 0.2181 252 226
310-0-1-0.05-50-0 0 2302 24 27 3 7 0.1940 0.0776 254 149
310-0-1-0.05-50-0 0 2303 35 23 13 5 0.0354 0.1698 158 476
310-0-1-0.05-50-0 0 2303 22 28 4 11 0.0160 0.3846 311 311
310-0-1-0.05-50-0 0 2303 24 18 3 11 0.1940 0.2181 254 226
310-0-1-0.05-50-0 0 2304 1 31 3 11 0.2520 0.5626 409 252
310-0-1-0.05-50-0 0 2304 39 24 5 3 0.2187 0.1940 309 254
310-0-1-0.05-50-0 0 2304 45 20 11 4 0.3816 0.9922 173 102
310-0-1-0.05-50-0 0 2305 11 39 18 5 0.0504 0.2187 384 309
310-0-1-0.05-50-0 0 2305 18 18 13 13 0.2181 0.2181 226 226
310-0-1-0.05-50-0 0 2305 45 35 12 14 0.3816 0.0354 173 158
310-0-1-0.05-50-0 0 2306 28 43 12 2 0.3846 0.8316 311 123
310-0-1-0.05-50-0 0 2306 49 45 18 13 0.1842 0.3816 136 173
310-0-1-0.05-50-0 0 2306 27 35 6 12 0.0776 0.0354 149 158
310-0-1-0.05-50-0 0 2307 31 11 11 17 0.5626 0.0504 252 384
310-0-1-0.05-50-0 0 2307 18 18 13 13 0.2181 0.2181 226 226
310-0-1-0.05-50-0 0 2307 27 7 6 4 0.0776 0.9267 149 106
310-0-1-0.05-50-0 0 2308 18 18 12 12 0.2181 0.2181 226 226
310-0-1-0.05-50-0 0 2308 39 31 5 10 0.2187 0.5626 309 252
310-0-1-0.05-50-0 0 2308 5 8 7 3 0.0007 0.2506 226 303
310-0-1-0.05-50-0 0 2309 49 18 16 12 0.1842 0.2181 136 226
310-0-1-0.05-50-0 0 2309 49 3 16 6 0.1842 0.4813 136 321
310-0-1-0.05-50-0 0 2309 15 27 5 8 0.7918 0.0776 149 149
310-0-1-0.05-50-0 0 2310 5 7 7 2 0.0007 0.9267 226 106
310-0-1-0.05-50-0 0 2310 11 49 15 17 0.0504 0.1842 384 136
310-0-1-0.05-50-0 0 2310 15 50 6 2 0.7918 0.2147 149 147
310-0-1-0.05-50-0 0 2311 18 31 10 9 0.2181 0.5626 226 252
310-0-1-0.05-50-0 0 2311 28 18 12 10 0.3846 0.2181 311 226
310-0-1-0.05-50-0 0 2311 4 11 5 15 0.0723 0.0504 351 384
310-0-1-0.05-50-0 0 2312 1 49 4 15 0.2520 0.1842 409 136
310-0-1-0.05-50-0 0 2312 22 35 3 15 0.0160 0.0354 311 158
310-0-1-0.05-50-0 0 2312 3 24 5 6 0.4813 0.1940 321 254
310-0-1-0.05-50-0 0 2313 35 35 15 15 0.0354 0.0354 158 158
310-0-1-0.05-50-0 0 2313 4 39 4 4 0.0723 0.2187 351 309
310-0-1-0.05-50-0 0 2313 7 45 1 11 0.9267 0.3816 106 173
310-0-1-0.05-50-0 0 2314 35 22 15 4 0.0354 0.0160 158 311
310-0-1-0.05-50-0 0 2314 18 39 10 3 0.2181 0.2187 226 309
310-0-1-0.05-50-0 0 2314 18 45 10 9 0.2181 0.3816 226 173
310-0-1-0.05-50-0 0 2315 1 31 4 9 0.2520 0.5626 409 252
310-0-1-0.05-50-0 0 2315 35 15 16 8 0.0354 0.7918 158 149
310-0-1-0.05-50-0 0 2315 22 11 3 16 0.0160 0.0504 311 384
310-0-1-0.05-50-0 0 2316 28 18 12 11 0.3846 0.2181 311 226
310-0-1-0.05-50-0 0 2316 50 35 1 17 0.2147 0.0354 147 158
310-0-1-0.05-50-0 0 2316 11 49 15 19 0.0504 0.1842 384 136
310-0-1-0.05-50-0 0 2317 4 31 5 9 0.0723 0.5626 351 252
310-0-1-0.05-50-0 0 2317 50 35 1 16 0.2147 0.0354 147 158
310-0-1-0.05-50-0 0 2317 27 35 8 15 0.0776 0.0354 149 158
310-0-1-0.05-50-0 0 2318 23 15 4 7 0.1698 0.7918 476 149
310-0-1-0.05-50-0 0 2318 35 35 14 14 0.0354 0.0354 158 158
310-0-1-0.05-50-0 0 2318 5 20 7 4 0.0007 0.9922 226 102
310-0-1-0.05-50-0 0 2319 27 31 12 8 0.0776 0.5626 149 252
310-0-1-0.05-50-0 0 2319 15 28 5 13 0.7918 0.3846 149 311
310-0-1-0.05-50-0 0 2319 40 31 2 7 0.9739 0.5626 104 252
310-0-1-0.05-50-0 0 2320 45 28 7 12 0.3816 0.3846 173 311
310-0-1-0.05-50-0 0 2320 8 7 2 3 0.2506 0.9267 303 106
310-0-1-0.05-50-0 0 2320 50 17 1 1 0.2147 0.6398 147 197
310-0-1-0.05-50-0 0 2321 49 18 18 10 0.1842 0.2181 136 226
310-0-1-0.05-50-0 0 2321 3 11 7 12 0.4813 0.0504 321 384
310-0-1-0.05-50-0 0 2321 27 15 12 6 0.0776 0.7918 149 149
310-0-1-0.05-50-0 0 2322 30 49 1 19 0.6008 0.1842 266 136
310-0-1-0.05-50-0 0 2322 45 18 8 9 0.3816 0.2181 173 226
310-0-1-0.05-50-0 0 2322 40 35 2 11 0.9739 0.0354 104 158
310-0-1-0.05-50-0 0 2323 19 48 3 1 0.8072 0.1153 134 334
310-0-1-0.05-50-0 0 2323 50 28 1 10 0.2147 0.3846 147 311
310-0-1-0.05-50-0 0 2323 35 49 10 16 0.0354 0.1842 158 136
310-0-1-0.05-50-0 0 2324 27 4 12 4 0.0776 0.0723 149 351
310-0-1-0.05-50-0 0 2324 15 19 5 3 0.7918 0.8072 149 134
310-0-1-0.05-50-0 0 2324 11 11 10 10 0.0504 0.0504 384 384
310-0-1-0.05-50-0 0 2325 8 15 2 5 0.2506 0.7918 303 149
310-0-1-0.05-50-0 0 2325 5 31 8 7 0.0007 0.5626 226 252
310-0-1-0.05-50-0 0 2326 18 28 7 8 0.2181 0.3846 226 311
310-0-1-0.05-50-0 0 2326 11 45 10 9 0.0504 0.3816 384 173
310-0-1-0.05-50-0 0 2327 27 19 11 3 0.0776 0.8072 149 134
310-0-1-0.05-50-0 0 2327 11 35 11 11 0.0504 0.0354 384 158
310-0-1-0.05-50-0 0 2328 35 27 11 11 0.0354 0.0776 158 149
310-0-1-0.05-50-0 0 2328 31 36 5 1 0.5626 0.8162 252 165
310-0-1-0.05-50-0 0 2329 49 23 14 4 0.1842 0.1698 136 476
310-0-1-0.05-50-0 0 2329 27 18 11 5 0.0776 0.2181 149 226
310-0-1-0.05-50-0 0 2330 22 11 1 11 0.0160 0.0504 311 384
310-0-1-0.05-50-0 0 2330 28 35 7 8 0.3846 0.0354 311 158
310-0-1-0.05-50-0 0 2331 24 49 3 15 0.1940 0.1842 254 136
310-0-1-0.05-50-0 0 2331 23 11 3 11 0.1698 0.0504 476 384
310-0-1-0.05-50-0 0 2332 49 7 14 5 0.1842 0.9267 136 106
310-0-1-0.05-50-0 0 2332 27 23 11 4 0.0776 0.1698 149 476
310-0-1-0.05-50-0 0 2333 19 5 3 8 0.8072 0.0007 134 226
310-0-1-0.05-50-0 0 2333 28 28 6 6 0.3846 0.3846 311 311
310-0-1-0.05-50-0 0 2334 27 50 12 3 0.0776 0.2147 149 147
310-0-1-0.05-50-0 0 2334 40 31 7 6 0.9739 0.5626 104 252
310-0-1-0.05-50-0 0 2335 45 49 8 15 0.3816 0.1842 173 136
310-0-1-0.05-50-0 0 2335 27 4 11 4 0.0776 0.0723 149 351
310-0-1-0.05-50-0 0 2336 6 25 2 5 0.4266 0.9430 249 125
310-0-1-0.05-50-0 0 2336 40 4 8 3 0.9739 0.0723 104 351
310-0-1-0.05-50-0 0 2337 16 3 8 4 0.2228 0.4813 149 321
310-0-1-0.05-50-0 0 2337 11 50 13 2 0.0504 0.2147 384 147
310-0-1-0.05-50-0 0 2338 15 35 6 6 0.7918 0.0354 149 158
310-0-1-0.05-50-0 0 2338 7 49 4 11 0.9267 0.1842 106 136
310-0-1-0.05-50-0 0 2339 25 28 5 6 0.9430 0.3846 125 311
310-0-1-0.05-50-0 0 2339 27 11 13 14 0.0776 0.0504 149 384
310-0-1-0.05-50-0 0 2340 35 16 5 9 0.0354 0.2228 158 149
310-0-1-0.05-50-0 0 2340 5 5 7 7 0.0007 0.0007 226 226
310-0-1-0.05-50-0 0 2341 49 3 13 5 0.1842 0.4813 136 321
310-0-1-0.05-50-0 0 2341 31 15 10 5 0.5626 0.7918 252 149
310-0-1-0.05-50-0 0 2342 49 16 13 10 0.1842 0.2228 136 149
310-0-1-0.05-50-0 0 2342 43 49 1 13 0.8316 0.1842 123 136
310-0-1-0.05-50-0 0 2343 40 15 6 4 0.9739 0.7918 104 149
310-0-1-0.05-50-0 0 2343 18 49 4 11 0.2181 0.1842 226 136
310-0-1-0.05-50-0 0 2344 28 45 5 13 0.3846 0.3816 311 173
310-0-1-0.05-50-0 0 2344 19 16 4 9 0.8072 0.2228 134 149
310-0-1-0.05-50-0 0 2345 27 4 11 4 0.0776 0.0723 149 351
310-0-1-0.05-50-0 0 2345 31 40 10 6 0.5626 0.9739 252 104
310-0-1-0.05-50-0 0 2346 8 5 5 5 0.2506 0.0007 303 226
310-0-1-0.05-50-0 0 2346 11 4 14 3 0.0504 0.0723 384 351
310-0-1-0.05-50-0 0 2347 49 11 11 15 0.1842 0.0504 136 384
310-0-1-0.05-50-0 0 2347 18 45 4 12 0.2181 0.3816 226 173
310-0-1-0.05-50-0 0 2348 25 40 5 5 0.9430 0.9739 125 104
310-0-1-0.05-50-0 0 2348 16 27 10 14 0.2228 0.0776 149 149
310-0-1-0.05-50-0 0 2349 18 16 4 10 0.2181 0.2228 226 149
310-0-1-0.05-50-0 0 2349 11 18 14 4 0.0504 0.2181 384 226
310-0-1-0.05-50-0 0 2350 25 11 4 14 0.9430 0.0504 125 384
310-0-1-0.05-50-0 0 2350 35 36 6 1 0.0354 0.8162 158 165
310-0-1-0.05-50-0 0 2351 15 11 4 13 0.7918 0.0504 149 384
310-0-1-0.05-50-0 0 2351 24 35 2 6 0.1940 0.0354 254 158
310-0-1-0.05-50-0 0 2352 16 27 10 17 0.2228 0.0776 149 149
310-0-1-0.05-50-0 0 2352 18 1 3 2 0.2181 0.2520 226 409
310-0-1-0.05-50-0 0 2353 24 5 4 7 0.1940 0.0007 254 226
310-0-1-0.05-50-0 0 2353 11 16 13 10 0.0504 0.2228 384 149
310-0-1-0.05-50-0 0 2354 18 16 5 8 0.2181 0.2228 226 149
310-0-1-0.05-50-0 0 2354 16 6 7 5 0.2228 0.4266 149 249
310-0-1-0.05-50-0 0 2354 27 5 18 6 0.0776 0.0007 149 226
310-0-1-0.05-50-0 0 2355 24 27 5 17 0.1940 0.0776 254 149
310-0-1-0.05-50-0 0 2355 49 35 9 10 0.1842 0.0354 136 158
310-0-1-0.05-50-0 0 2355 37 1 1 2 0.8481 0.2520 127 409
310-0-1-0.05-50-0 0 2356 50 49 2 9 0.2147 0.1842 147 136
310-0-1-0.05-50-0 0 2356 23 18 3 5 0.1698 0.2181 476 226
310-0-1-0.05-50-0 0 2356 31 27 8 17 0.5626 0.0776 252 149
310-0-1-0.05-50-0 0 2357 1 11 2 17 0.2520 0.0504 409 384
310-0-1-0.05-50-0 0 2357 5 16 5 7 0.0007 0.2228 226 149
310-0-1-0.05-50-0 0 2357 24 11 5 16 0.1940 0.0504 254 384
310-0-1-0.05-50-0 0 2358 23 44 3 1 0.1698 0.7034 476 118
310-0-1-0.05-50-0 0 2358 15 35 4 12 0.7918 0.0354 149 158
310-0-1-0.05-50-0 0 2358 11 4 15 4 0.0504 0.0723 384 351
310-0-1-0.05-50-0 0 2359 8 15 3 4 0.2506 0.7918 303 149
310-0-1-0.05-50-0 0 2359 31 9 7 1 0.5626 0.6134 252 161
310-0-1-0.05-50-0 0 2360 16 41 6 1 0.2228 0.9621 149 105
310-0-1-0.05-50-0 0 2360 27 15 15 3 0.0776 0.7918 149 149
310-0-1-0.05-50-0 0 2361 42 18 6 4 0.7447 0.2181 106 226
310-0-1-0.05-50-0 0 2361 19 28 4 2 0.8072 0.3846 134 311
310-0-1-0.05-50-0 0 2362 25 27 4 16 0.9430 0.0776 125 149
310-0-1-0.05-50-0 0 2362 45 50 11 4 0.3816 0.2147 173 147
310-0-1-0.05-50-0 0 2363 45 16 13 4 0.3816 0.2228 173 149
310-0-1-0.05-50-0 0 2363 45 11 13 17 0.3816 0.0504 173 384
310-0-1-0.05-50-0 0 2364 28 45 2 14 0.3846 0.3816 311 173
310-0-1-0.05-50-0 0 2364 35 11 12 15 0.0354 0.0504 158 384
310-0-1-0.05-50-0 0 2365 11 27 14 14 0.0504 0.0776 384 149
310-0-1-0.05-50-0 0 2365 45 18 13 3 0.3816 0.2181 173 226
310-0-1-0.05-50-0 0 2366 25 27 4 13 0.9430 0.0776 125 149
310-0-1-0.05-50-0 0 2366 20 24 3 7 0.9922 0.1940 102 254
310-0-1-0.05-50-0 0 2367 8 11 3 16 0.2506 0.0504 303 384
310-0-1-0.05-50-0 0 2367 45 31 13 7 0.3816 0.5626 173 252
310-0-1-0.05-50-0 0 2368 11 31 15 6 0.0504 0.5626 384 252
310-0-1-0.05-50-0 0 2368 19 8 6 3 0.8072 0.2506 134 303
310-0-1-0.05-50-0 0 2369 16 19 1 6 0.2228 0.8072 149 134
310-0-1-0.05-50-0 0 2369 21 31 4 5 0.4184 0.5626 158 252
310-0-1-0.05-50-0 0 2370 35 48 14 1 0.0354 0.1153 158 334
310-0-1-0.05-50-0 0 2370 5 37 2 4 0.0007 0.8481 226 127
310-0-1-0.05-50-0 0 2371 18 42 3 6 0.2181 0.7447 226 106
310-0-1-0.05-50-0 0 2371 8 27 2 12 0.2506 0.0776 303 149
310-0-1-0.05-50-0 0 2372 45 35 13 12 0.3816 0.0354 173 158
310-0-1-0.05-50-0 0 2372 35 4 11 3 0.0354 0.0723 158 351
310-0-1-0.05-50-0 0 2373 31 22 6 5 0.5626 0.0160 252 311
310-0-1-0.05-50-0 0 2373 31 27 6 12 0.5626 0.0776 252 149
310-0-1-0.05-50-0 0 2374 42 45 6 13 0.7447 0.3816 106 173
310-0-1-0.05-50-0 0 2374 20 30 4 2 0.9922 0.6008 102 266
310-0-1-0.05-50-0 0 2375 45 7 12 5 0.3816 0.9267 173 106
310-0-1-0.05-50-0 0 2375 4 23 3 4 0.0723 0.1698 351 476
310-0-1-0.05-50-0 0 2376 19 11 5 17 0.8072 0.0504 134 384
310-0-1-0.05-50-0 0 2376 49 45 8 13 0.1842 0.3816 136 173
310-0-1-0.05-50-0 0 2376 8 21 3 3 0.2506 0.4184 303 158
310-0-1-0.05-50-0 0 2377 45 40 12 4 0.3816 0.9739 173 104
310-0-1-0.05-50-0 0 2377 5 35 1 12 0.0007 0.0354 226 158
310-0-1-0.05-50-0 0 2378 20 19 4 6 0.9922 0.8072 102 134
310-0-1-0.05-50-0 0 2378 19 20 5 4 0.8072 0.9922 134 102
310-0-1-0.05-50-0 0 2379 45 35 13 11 0.3816 0.0354 173 158
310-0-1-0.05-50-0 0 2379 45 50 13 5 0.3816 0.2147 173 147
310-0-1-0.05-50-0 0 2379 49 37 7 3 0.1842 0.8481 136 127
310-0-1-0.05-50-0 0 2380 8 42 3 6 0.2506 0.7447 303 106
310-0-1-0.05-50-0 0 2380 13 50 2 5 0.8878 0.2147 151 147
310-0-1-0.05-50-0 0 2380 27 15 16 3 0.0776 0.7918 149 149
310-0-1-0.05-50-0 0 2381 11 45 19 13 0.0504 0.3816 384 173
310-0-1-0.05-50-0 0 2381 27 25 18 2 0.0776 0.9430 149 125
310-0-1-0.05-50-0 0 2381 42 7 6 4 0.7447 0.9267 106 106
310-0-1-0.05-50-0 0 2382 27 37 17 3 0.0776 0.8481 149 127
310-0-1-0.05-50-0 0 2382 6 20 5 4 0.4266 0.9922 249 102
310-0-1-0.05-50-0 0 2382 50 18 4 8 0.2147 0.2181 147 226
310-0-1-0.05-50-0 0 2383 45 42 13 5 0.3816 0.7447 173 106
310-0-1-0.05-50-0 0 2383 27 35 17 11 0.0776 0.0354 149 158
310-0-1-0.05-50-0 0 2383 13 18 3 7 0.8878 0.2181 151 226
310-0-1-0.05-50-0 0 2384 4 27 3 17 0.0723 0.0776 351 149
310-0-1-0.05-50-0 0 2384 4 24 3 3 0.0723 0.1940 351 254
310-0-1-0.05-50-0 0 2384 11 11 18 18 0.0504 0.0504 384 384
310-0-1-0.05-50-0 0 2385 11 28 21 2 0.0504 0.3846 384 311
310-0-1-0.05-50-0 0 2385 7 27 4 15 0.9267 0.0776 106 149
310-0-1-0.05-50-0 0 2385 23 31 3 6 0.1698 0.5626 476 252
310-0-1-0.05-50-0 0 2386 45 11 13 22 0.3816 0.0504 173 384
310-0-1-0.05-50-0 0 2386 37 27 1 16 0.8481 0.0776 127 149
310-0-1-0.05-50-0 0 2386 35 21 8 4 0.0354 0.4184 158 158
310-0-1-0.05-50-0 0 2387 11 31 23 5 0.0504 0.5626 384 252
310-0-1-0.05-50-0 0 2387 22 24 5 2 0.0160 0.1940 311 254
310-0-1-0.05-50-0 0 2387 43 11 2 23 0.8316 0.0504 123 384
310-0-1-0.05-50-0 0 2388 35 15 8 2 0.0354 0.7918 158 149
310-0-1-0.05-50-0 0 2388 4 45 4 14 0.0723 0.3816 351 173
310-0-1-0.05-50-0 0 2388 19 49 6 12 0.8072 0.1842 134 136
310-0-1-0.05-50-0 0 2389 35 18 8 8 0.0354 0.2181 158 226
310-0-1-0.05-50-0 0 2389 12 13 5 5 0.1896 0.8878 325 151
310-0-1-0.05-50-0 0 2389 27 7 14 3 0.0776 0.9267 149 106
310-0-1-0.05-50-0 0 2390 30 12 1 5 0.6008 0.1896 266 325
310-0-1-0.05-50-0 0 2390 22 42 6 3 0.0160 0.7447 311 106
310-0-1-0.05-50-0 0 2390 49 21 12 4 0.1842 0.4184 136 158
310-0-1-0.05-50-0 0 2391 11 13 24 3 0.0504 0.8878 384 151
310-0-1-0.05-50-0 0 2391 11 19 24 7 0.0504 0.8072 384 134
310-0-1-0.05-50-0 0 2391 12 15 4 1 0.1896 0.7918 325 149
310-0-1-0.05-50-0 0 2392 42 42 2 2 0.7447 0.7447 106 106
310-0-1-0.05-50-0 0 2392 6 49 3 13 0.4266 0.1842 249 136
310-0-1-0.05-50-0 0 2392 45 11 11 24 0.3816 0.0504 173 384
310-0-1-0.05-50-0 0 2393 16 27 2 16 0.2228 0.0776 149 149
310-0-1-0.05-50-0 0 2393 18 18 8 8 0.2181 0.2181 226 226
310-0-1-0.05-50-0 0 2393 8 11 7 23 0.2506 0.0504 303 384
310-0-1-0.05-50-0 0 2394 11 49 21 11 0.0504 0.1842 384 136
310-0-1-0.05-50-0 0 2394 19 11 6 21 0.8072 0.0504 134 384
310-0-1-0.05-50-0 0 2395 20 4 5 5 0.9922 0.0723 102 351
310-0-1-0.05-50-0 0 2395 18 4 6 4 0.2181 0.0723 226 351
310-0-1-0.05-50-0 0 2396 22 24 7 3 0.0160 0.1940 311 254
310-0-1-0.05-50-0 0 2396 19 27 6 17 0.8072 0.0776 134 149
310-0-1-0.05-50-0 0 2396 35 27 8 16 0.0354 0.0776 158 149
310-0-1-0.05-50-0 0 2397 27 20 14 6 0.0776 0.9922 149 102
310-0-1-0.05-50-0 0 2397 4 8 5 11 0.0723 0.2506 351 303
310-0-1-0.05-50-0 0 2397 19 4 7 5 0.8072 0.0723 134 351
310-0-1-0.05-50-0 0 2398 35 45 8 11 0.0354 0.3816 158 173
310-0-1-0.05-50-0 0 2398 18 22 7 7 0.2181 0.0160 226 311
310-0-1-0.05-50-0 0 2398 6 49 3 13 0.4266 0.1842 249 136
310-0-1-0.05-50-0 0 2399 30 40 2 3 0.6008 0.9739 266 104
310-0-1-0.05-50-0 0 2399 11 18 20 7 0.0504 0.2181 384 226
310-0-1-0.05-50-0 0 2400 49 19 12 6 0.1842 0.8072 136 134
310-0-1-0.05-50-0 0 2400 12 21 6 6 0.1896 0.4184 325 158
310-0-1-0.05-50-0 0 2401 28 14 1 1 0.3846 0.8451 311 105
310-0-1-0.05-50-0 0 2401 45 11 9 22 0.3816 0.0504 173 384
310-0-1-0.05-50-0 0 2402 7 8 2 11 0.9267 0.2506 106 303
310-0-1-0.05-50-0 0 2402 12 16 8 3 0.1896 0.2228 325 149
310-0-1-0.05-50-0 0 2402 18 35 7 9 0.2181 0.0354 226 158
310-0-1-0.05-50-0 0 2403 8 22 11 7 0.2506 0.0160 303 311
310-0-1-0.05-50-0 0 2403 18 11 8 22 0.2181 0.0504 226 384
310-0-1-0.05-50-0 0 2403 18 8 8 11 0.2181 0.2506 226 303
310-0-1-0.05-50-0 0 2404 24 27 2 9 0.1940 0.0776 254 149
310-0-1-0.05-50-0 0 2404 21 11 5 21 0.4184 0.0504 158 384
310-0-1-0.05-50-0 0 2404 8 10 10 2 0.2506 0.2533 303 449
310-0-1-0.05-50-0 0 2405 29 20 1 4 0.6728 0.9922 177 102
310-0-1-0.05-50-0 0 2405 45 20 12 3 0.3816 0.9922 173 102
310-0-1-0.05-50-0 0 2405 8 11 10 20 0.2506 0.0504 303 384
310-0-1-0.05-50-0 0 2406 11 27 19 9 0.0504 0.0776 384 149
310-0-1-0.05-50-0 0 2406 18 35 7 10 0.2181 0.0354 226 158
310-0-1-0.05-50-0 0 2407 6 27 3 8 0.4266 0.0776 249 149
310-0-1-0.05-50-0 0 2407 18 12 8 10 0.2181 0.1896 226 325
310-0-1-0.05-50-0 0 2408 23 49 3 8 0.1698 0.1842 476 136
310-0-1-0.05-50-0 0 2408 49 11 7 19 0.1842 0.0504 136 384
310-0-1-0.05-50-0 0 2409 10 19 1 4 0.2533 0.8072 449 134
310-0-1-0.05-50-0 0 2409 36 12 2 8 0.8162 0.1896 165 325
310-0-1-0.05-50-0 0 2410 18 2 9 1 0.2181 0.8198 226 167
310-0-1-0.05-50-0 0 2410 26 38 1 1 0.8171 0.6163 141 270
310-0-1-0.05-50-0 0 2411 45 12 18 5 0.3816 0.1896 173 325
310-0-1-0.05-50-0 0 2411 21 27 5 7 0.4184 0.0776 158 149
310-0-1-0.05-50-0 0 2412 27 12 6 5 0.0776 0.1896 149 325
310-0-1-0.05-50-0 0 2412 40 11 2 23 0.9739 0.0504 104 384
310-0-1-0.05-50-0 0 2412 12 21 4 6 0.1896 0.4184 325 158
310-0-1-0.05-50-0 0 2413 36 8 2 11 0.8162 0.2506 165 303
310-0-1-0.05-50-0 0 2413 45 11 20 19 0.3816 0.0504 173 384
310-0-1-0.05-50-0 0 2413 49 18 9 9 0.1842 0.2181 136 226
310-0-1-0.05-50-0 0 2414 11 1 17 4 0.0504 0.2520 384 409
310-0-1-0.05-50-0 0 2414 22 35 6 12 0.0160 0.0354 311 158
310-0-1-0.05-50-0 0 2414 45 8 21 10 0.3816 0.2506 173 303
310-0-1-0.05-50-0 0 2415 45 34 20 1 0.3816 0.7448 173 168
310-0-1-0.05-50-0 0 2415 1 45 3 20 0.2520 0.3816 409 173
310-0-1-0.05-50-0 0 2415 7 30 3 5 0.9267 0.6008 106 266
310-0-1-0.05-50-0 0 2416 18 50 7 7 0.2181 0.2147 226 147
310-0-1-0.05-50-0 0 2416 23 8 2 9 0.1698 0.2506 476 303
310-0-1-0.05-50-0 0 2416 49 21 9 6 0.1842 0.4184 136 158
310-0-1-0.05-50-0 0 2417 45 13 20 1 0.3816 0.8878 173 151
310-0-1-0.05-50-0 0 2417 45 11 20 18 0.3816 0.0504 173 384
310-0-1-0.05-50-0 0 2417 11 18 17 7 0.0504 0.2181 384 226
310-0-1-0.05-50-0 0 2418 17 45 1 20 0.6398 0.3816 197 173
310-0-1-0.05-50-0 0 2418 15 27 1 8 0.7918 0.0776 149 149
310-0-1-0.05-50-0 0 2418 49 49 8 8 0.1842 0.1842 136 136
310-0-1-0.05-50-0 0 2419 40 12 2 9 0.9739 0.1896 104 325
310-0-1-0.05-50-0 0 2419 45 24 19 1 0.3816 0.1940 173 254
310-0-1-0.05-50-0 0 2419 27 22 8 9 0.0776 0.0160 149 311
310-0-1-0.05-50-0 0 2420 43 11 4 18 0.8316 0.0504 123 384
310-0-1-0.05-50-0 0 2420 45 22 19 8 0.3816 0.0160 173 311
310-0-1-0.05-50-0 0 2420 50 21 7 4 0.2147 0.4184 147 158
310-0-1-0.05-50-0 0 2421 12 45 7 15 0.1896 0.3816 325 173
310-0-1-0.05-50-0 0 2421 11 6 17 4 0.0504 0.4266 384 249
310-0-1-0.05-50-0 0 2422 27 1 8 3 0.0776 0.2520 149 409
310-0-1-0.05-50-0 0 2422 6 23 3 3 0.4266 0.1698 249 476
310-0-1-0.05-50-0 0 2423 8 8 7 7 0.2506 0.2506 303 303
310-0-1-0.05-50-0 0 2423 49 15 6 1 0.1842 0.7918 136 149
310-0-1-0.05-50-0 0 2424 45 7 12 3 0.3816 0.9267 173 106
310-0-1-0.05-50-0 0 2424 37 35 1 14 0.8481 0.0354 127 158
310-0-1-0.05-50-0 0 2425 35 22 15 6 0.0354 0.0160 158 311
310-0-1-0.05-50-0 0 2425 7 50 2 9 0.9267 0.2147 106 147
310-0-1-0.05-50-0 0 2426 27 50 14 8 0.0776 0.2147 149 147
310-0-1-0.05-50-0 0 2426 45 11 12 16 0.3816 0.0504 173 384
310-0-1-0.05-50-0 0 2427 8 21 5 3 0.2506 0.4184 303 158
310-0-1-0.05-50-0 0 2427 50 22 7 5 0.2147 0.0160 147 311
310-0-1-0.05-50-0 0 2428 37 49 2 8 0.8481 0.1842 127 136
310-0-1-0.05-50-0 0 2428 23 46 2 4 0.1698 0.3451 476 327
310-0-1-0.05-50-0 0 2429 27 45 16 11 0.0776 0.3816 149 173
310-0-1-0.05-50-0 0 2429 23 18 2 6 0.1698 0.2181 476 226
310-0-1-0.05-50-0 0 2430 43 50 4 7 0.8316 0.2147 123 147
310-0-1-0.05-50-0 0 2430 18 12 5 12 0.2181 0.1896 226 325
310-0-1-0.05-50-0 0 2431 19 43 4 4 0.8072 0.8316 134 123
310-0-1-0.05-50-0 0 2431 11 7 15 1 0.0504 0.9267 384 106
310-0-1-0.05-50-0 0 2432 50 2 7 2 0.2147 0.8198 147 167
310-0-1-0.05-50-0 0 2432 40 19 3 4 0.9739 0.8072 104 134
310-0-1-0.05-50-0 0 2433 35 11 14 17 0.0354 0.0504 158 384
310-0-1-0.05-50-0 0 2433 22 34 5 3 0.0160 0.7448 311 168
310-0-1-0.05-50-0 0 2434 27 27 20 20 0.0776 0.0776 149 149
310-0-1-0.05-50-0 0 2434 35 11 14 15 0.0354 0.0504 158 384
310-0-1-0.05-50-0 0 2435 11 45 16 7 0.0504 0.3816 384 173
310-0-1-0.05-50-0 0 2435 35 45 15 6 0.0354 0.3816 158 173
310-0-1-0.05-50-0 0 2436 11 35 16 15 0.0504 0.0354 384 158
310-0-1-0.05-50-0 0 2436 18 8 8 4 0.2181 0.2506 226 303
310-0-1-0.05-50-0 0 2437 21 35 2 15 0.4184 0.0354 158 158
310-0-1-0.05-50-0 0 2437 35 12 14 14 0.0354 0.1896 158 325
310-0-1-0.05-50-0 0 2438 18 49 9 6 0.2181 0.1842 226 136
310-0-1-0.05-50-0 0 2438 35 1 14 5 0.0354 0.2520 158 409
310-0-1-0.05-50-0 0 2439 27 49 19 4 0.0776 0.1842 149 136
310-0-1-0.05-50-0 0 2439 50 43 8 4 0.2147 0.8316 147 123
310-0-1-0.05-50-0 0 2440 27 50 19 7 0.0776 0.2147 149 147
310-0-1-0.05-50-0 0 2440 19 8 3 3 0.8072 0.2506 134 303
310-0-1-0.05-50-0 0 2441 21 4 2 1 0.4184 0.0723 158 351
310-0-1-0.05-50-0 0 2441 11 27 14 19 0.0504 0.0776 384 149
310-0-1-0.05-50-0 0 2442 50 35 6 15 0.2147 0.0354 147 158
310-0-1-0.05-50-0 0 2442 27 5 19 3 0.0776 0.0007 149 226
310-0-1-0.05-50-0 0 2443 29 12 5 20 0.6728 0.1896 177 325
310-0-1-0.05-50-0 0 2443 18 11 8 15 0.2181 0.0504 226 384
310-0-1-0.05-50-0 0 2443 27 35 20 14 0.0776 0.0354 149 158
310-0-1-0.05-50-0 0 2444 2 12 3 20 0.8198 0.1896 167 325
310-0-1-0.05-50-0 0 2444 9 27 1 18 0.6134 0.0776 161 149
310-0-1-0.05-50-0 0 2445 29 20 4 6 0.6728 0.9922 177 102
310-0-1-0.05-50-0 0 2445 49 24 3 1 0.1842 0.1940 136 254
310-0-1-0.05-50-0 0 2445 11 12 18 20 0.0504 0.1896 384 325
310-0-1-0.05-50-0 0 2446 29 29 4 4 0.6728 0.6728 177 177
310-0-1-0.05-50-0 0 2446 18 27 6 17 0.2181 0.0776 226 149
310-0-1-0.05-50-0 0 2447 11 11 18 18 0.0504 0.0504 384 384
310-0-1-0.05-50-0 0 2447 5 13 2 1 0.0007 0.8878 226 151
310-0-1-0.05-50-0 0 2448 11 36 17 1 0.0504 0.8162 384 165
310-0-1-0.05-50-0 0 2448 43 11 6 17 0.8316 0.0504 123 384
310-0-1-0.05-50-0 0 2449 16 20 3 6 0.2228 0.9922 149 102
310-0-1-0.05-50-0 0 2449 43 11 6 18 0.8316 0.0504 123 384
310-0-1-0.05-50-0 0 2449 37 11 2 17 0.8481 0.0504 127 384
310-0-1-0.05-50-0 0 2450 18 50 8 5 0.2181 0.2147 226 147
310-0-1-0.05-50-0 0 2450 35 27 10 16 0.0354 0.0776 158 149
310-0-1-0.05-50-0 0 2450 21 39 4 1 0.4184 0.2187 158 309
310-0-1-0.05-50-0 0 2451 29 12 3 19 0.6728 0.1896 177 325
310-0-1-0.05-50-0 0 2451 22 18 12 8 0.0160 0.2181 311 226
310-0-1-0.05-50-0 0 2451 11 20 17 5 0.0504 0.9922 384 102
310-0-1-0.05-50-0 0 2452 6 22 3 12 0.4266 0.0160 249 311
310-0-1-0.05-50-0 0 2452 27 27 15 15 0.0776 0.0776 149 149
310-0-1-0.05-50-0 0 2452 22 45 11 9 0.0160 0.3816 311 173
310-0-1-0.05-50-0 0 2453 1 9 1 2 0.2520 0.6134 409 161
310-0-1-0.05-50-0 0 2453 43 29 6 3 0.8316 0.6728 123 177
310-0-1-0.05-50-0 0 2453 12 6 17 3 0.1896 0.4266 325 249
310-0-1-0.05-50-0 0 2454 34 11 5 20 0.7448 0.0504 168 384
310-0-1-0.05-50-0 0 2454 12 35 18 15 0.1896 0.0354 325 158
310-0-1-0.05-50-0 0 2454 11 15 19 5 0.0504 0.7918 384 149
310-0-1-0.05-50-0 0 2455 29 12 4 19 0.6728 0.1896 177 325
310-0-1-0.05-50-0 0 2455 43 8 7 4 0.8316 0.2506 123 303
310-0-1-0.05-50-0 0 2455 29 43 4 7 0.6728 0.8316 177 123
310-0-1-0.05-50-0 0 2456 27 35 17 15 0.0776 0.0354 149 158
310-0-1-0.05-50-0 0 2456 27 27 17 17 0.0776 0.0776 149 149
310-0-1-0.05-50-0 0 2456 11 11 20 20 0.0504 0.0504 384 384
310-0-1-0.05-50-0 0 2457 23 34 1 4 0.1698 0.7448 476 168
310-0-1-0.05-50-0 0 2457 29 18 4 9 0.6728 0.2181 177 226
310-0-1-0.05-50-0 0 2457 15 43 4 6 0.7918 0.8316 149 123
310-0-1-0.05-50-0 0 2458 34 29 4 3 0.7448 0.6728 168 177
310-0-1-0.05-50-0 0 2458 19 2 2 3 0.8072 0.8198 134 167
310-0-1-0.05-50-0 0 2458 20 15 4 3 0.9922 0.7918 102 149
310-0-1-0.05-50-0 0 2459 16 22 4 10 0.2228 0.0160 149 311
310-0-1-0.05-50-0 0 2459 45 35 11 13 0.3816 0.0354 173 158
310-0-1-0.05-50-0 0 2459 35 35 12 12 0.0354 0.0354 158 158
310-0-1-0.05-50-0 0 2460 12 49 17 2 0.1896 0.1842 325 136
310-0-1-0.05-50-0 0 2460 18 21 7 3 0.2181 0.4184 226 158
310-0-1-0.05-50-0 0 2460 45 11 12 20 0.3816 0.0504 173 384
310-0-1-0.05-50-0 0 2461 11 45 20 13 0.0504 0.3816 384 173
310-0-1-0.05-50-0 0 2461 11 18 20 7 0.0504 0.2181 384 226
310-0-1-0.05-50-0 0 2461 35 11 11 20 0.0354 0.0504 158 384
310-0-1-0.05-50-0 0 2462 20 22 3 11 0.9922 0.0160 102 311
310-0-1-0.05-50-0 0 2462 12 27 16 20 0.1896 0.0776 325 149
310-0-1-0.05-50-0 0 2462 12 45 16 10 0.1896 0.3816 325 173
310-0-1-0.05-50-0 0 2463 11 12 21 17 0.0504 0.1896 384 325
310-0-1-0.05-50-0 0 2463 11 27 21 21 0.0504 0.0776 384 149
310-0-1-0.05-50-0 0 2463 12 6 16 1 0.1896 0.4266 325 249
310-0-1-0.05-50-0 0 2464 12 18 15 5 0.1896 0.2181 325 226
310-0-1-0.05-50-0 0 2464 11 5 19 5 0.0504 0.0007 384 226
310-0-1-0.05-50-0 0 2464 12 12 15 15 0.1896 0.1896 325 325
310-0-1-0.05-50-0 0 2465 45 35 11 10 0.3816 0.0354 173 158
310-0-1-0.05-50-0 0 2465 12 11 13 18 0.1896 0.0504 325 384
310-0-1-0.05-50-0 0 2465 22 18 11 4 0.0160 0.2181 311 226
310-0-1-0.05-50-0 0 2466 27 45 22 11 0.0776 0.3816 149 173
310-0-1-0.05-50-0 0 2466 22 12 11 14 0.0160 0.1896 311 325
310-0-1-0.05-50-0 0 2466 45 45 10 10 0.3816 0.3816 173 173
310-0-1-0.05-50-0 0 2467 7 22 2 10 0.9267 0.0160 106 311
310-0-1-0.05-50-0 0 2467 27 48 23 3 0.0776 0.1153 149 334
310-0-1-0.05-50-0 0 2467 19 19 6 6 0.8072 0.8072 134 134
310-0-1-0.05-50-0 0 2468 27 15 24 3 0.0776 0.7918 149 149
310-0-1-0.05-50-0 0 2468 29 40 1 2 0.6728 0.9739 177 104
310-0-1-0.05-50-0 0 2468 37 27 4 24 0.8481 0.0776 127 149
310-0-1-0.05-50-0 0 2469 8 42 4 1 0.2506 0.7447 303 106
310-0-1-0.05-50-0 0 2469 43 16 7 2 0.8316 0.2228 123 149
310-0-1-0.05-50-0 0 2469 35 35 14 14 0.0354 0.0354 158 158
310-0-1-0.05-50-0 0 2470 7 35 4 13 0.9267 0.0354 106 158
310-0-1-0.05-50-0 0 2470 27 27 24 24 0.0776 0.0776 149 149
310-0-1-0.05-50-0 0 2471 11 5 17 4 0.0504 0.0007 384 226
310-0-1-0.05-50-0 0 2471 11 27 17 22 0.0504 0.0776 384 149
310-0-1-0.05-50-0 0 2472 7 5 4 2 0.9267 0.0007 106 226
310-0-1-0.05-50-0 0 2472 34 12 6 9 0.7448 0.1896 168 325
310-0-1-0.05-50-0 0 2472 1 15 3 2 0.2520 0.7918 409 149
310-0-1-0.05-50-0 0 2473 11 31 18 3 0.0504 0.5626 384 252
310-0-1-0.05-50-0 0 2473 22 49 12 2 0.0160 0.1842 311 136
310-0-1-0.05-50-0 0 2473 35 27 13 22 0.0354 0.0776 158 149
310-0-1-0.05-50-0 0 2474 43 18 8 4 0.8316 0.2181 123 226
310-0-1-0.05-50-0 0 2474 35 11 14 18 0.0354 0.0504 158 384
310-0-1-0.05-50-0 0 2474 11 22 17 10 0.0504 0.0160 384 311
310-0-1-0.05-50-0 0 2475 11 27 20 23 0.0504 0.0776 384 149
310-0-1-0.05-50-0 0 2475 35 2 15 4 0.0354 0.8198 158 167
310-0-1-0.05-50-0 0 2475 27 43 22 8 0.0776 0.8316 149 123
310-0-1-0.05-50-0 0 2476 11 20 21 8 0.0504 0.9922 384 102
310-0-1-0.05-50-0 0 2476 11 50 21 2 0.0504 0.2147 384 147
310-0-1-0.05-50-0 0 2476 34 12 5 9 0.7448 0.1896 168 325
310-0-1-0.05-50-0 0 2477 37 11 4 22 0.8481 0.0504 127 384
310-0-1-0.05-50-0 0 2477 35 27 14 22 0.0354 0.0776 158 149
310-0-1-0.05-50-0 0 2477 18 27 5 21 0.2181 0.0776 226 149
310-0-1-0.05-50-0 0 2478 45 18 14 5 0.3816 0.2181 173 226
310-0-1-0.05-50-0 0 2478 1 19 2 5 0.2520 0.8072 409 134
310-0-1-0.05-50-0 0 2478 20 22 7 7 0.9922 0.0160 102 311
310-0-1-0.05-50-0 0 2479 27 11 20 22 0.0776 0.0504 149 384
310-0-1-0.05-50-0 0 2479 31 45 2 14 0.5626 0.3816 252 173
310-0-1-0.05-50-0 0 2480 27 12 22 8 0.0776 0.1896 149 325
310-0-1-0.05-50-0 0 2480 11 35 20 15 0.0504 0.0354 384 158
310-0-1-0.05-50-0 0 2481 27 10 24 2 0.0776 0.2533 149 449
310-0-1-0.05-50-0 0 2481 12 35 8 16 0.1896 0.0354 325 158
310-0-1-0.05-50-0 0 2481 1 7 1 4 0.2520 0.9267 409 106
310-0-1-0.05-50-0 0 2482 35 2 16 3 0.0354 0.8198 158 167
310-0-1-0.05-50-0 0 2482 43 20 11 6 0.8316 0.9922 123 102
310-0-1-0.05-50-0 0 2482 12 15 9 3 0.1896 0.7918 325 149
310-0-1-0.05-50-0 0 2483 29 11 5 19 0.6728 0.0504 177 384
310-0-1-0.05-50-0 0 2483 27 35 24 15 0.0776 0.0354 149 158
310-0-1-0.05-50-0 0 2483 27 11 24 18 0.0776 0.0504 149 384
310-0-1-0.05-50-0 0 2484 20 11 5 15 0.9922 0.0504 102 384
310-0-1-0.05-50-0 0 2484 35 27 15 25 0.0354 0.0776 158 149
310-0-1-0.05-50-0 0 2484 19 27 5 24 0.8072 0.0776 134 149
310-0-1-0.05-50-0 0 2485 27 35 23 15 0.0776 0.0354 149 158
310-0-1-0.05-50-0 0 2485 37 12 3 9 0.8481 0.1896 127 325
310-0-1-0.05-50-0 0 2485 34 12 6 8 0.7448 0.1896 168 325
310-0-1-0.05-50-0 0 2486 43 3 12 4 0.8316 0.4813 123 321
310-0-1-0.05-50-0 0 2486 30 18 2 5 0.6008 0.2181 266 226
310-0-1-0.05-50-0 0 2486 12 45 7 14 0.1896 0.3816 325 173
310-0-1-0.05-50-0 0 2487 27 29 24 5 0.0776 0.6728 149 177
310-0-1-0.05-50-0 0 2487 2 27 3 24 0.8198 0.0776 167 149
310-0-1-0.05-50-0 0 2487 12 27 8 23 0.1896 0.0776 325 149
310-0-1-0.05-50-0 0 2488 5 7 2 4 0.0007 0.9267 226 106
310-0-1-0.05-50-0 0 2488 50 11 5 17 0.2147 0.0504 147 384
310-0-1-0.05-50-0 0 2488 35 27 17 22 0.0354 0.0776 158 149
310-0-1-0.05-50-0 0 2489 27 45 21 11 0.0776 0.3816 149 173
310-0-1-0.05-50-0 0 2489 43 3 12 4 0.8316 0.4813 123 321
310-0-1-0.05-50-0 0 2489 12 43 9 12 0.1896 0.8316 325 123
310-0-1-0.05-50-0 0 2490 12 35 9 17 0.1896 0.0354 325 158
310-0-1-0.05-50-0 0 2490 27 45 20 10 0.0776 0.3816 149 173
310-0-1-0.05-50-0 0 2490 45 22 9 5 0.3816 0.0160 173 311
310-0-1-0.05-50-0 0 2491 27 2 21 3 0.0776 0.8198 149 167
310-0-1-0.05-50-0 0 2491 27 27 21 21 0.0776 0.0776 149 149
310-0-1-0.05-50-0 0 2491 11 8 12 2 0.0504 0.2506 384 303
310-0-1-0.05-50-0 0 2492 11 18 12 6 0.0504 0.2181 384 226
310-0-1-0.05-50-0 0 2492 50 11 7 12 0.2147 0.0504 147 384
310-0-1-0.05-50-0 0 2493 37 5 2 2 0.8481 0.0007 127 226
310-0-1-0.05-50-0 0 2493 34 35 8 16 0.7448 0.0354 168 158
310-0-1-0.05-50-0 0 2493 31 27 3 19 0.5626 0.0776 252 149
310-0-1-0.05-50-0 0 2494 31 27 5 18 0.5626 0.0776 252 149
310-0-1-0.05-50-0 0 2494 45 7 14 3 0.3816 0.9267 173 106
310-0-1-0.05-50-0 0 2494 34 35 8 15 0.7448 0.0354 168 158
310-0-1-0.05-50-0 0 2495 35 12 15 11 0.0354 0.1896 158 325
310-0-1-0.05-50-0 0 2495 18 5 6 1 0.2181 0.0007 226 226
310-0-1-0.05-50-0 0 2495 43 27 14 17 0.8316 0.0776 123 149
310-0-1-0.05-50-0 0 2496 29 11 7 13 0.6728 0.0504 177 384
310-0-1-0.05-50-0 0 2496 31 27 4 16 0.5626 0.0776 252 149
310-0-1-0.05-50-0 0 2496 45 22 15 5 0.3816 0.0160 173 311
310-0-1-0.05-50-0 0 2497 45 1 15 5 0.3816 0.2520 173 409
310-0-1-0.05-50-0 0 2497 31 27 4 16 0.5626 0.0776 252 149
310-0-1-0.05-50-0 0 2497 27 45 15 15 0.0776 0.3816 149 173
310-0-1-0.05-50-0 0 2498 35 22 16 4 0.0354 0.0160 158 311
310-0-1-0.05-50-0 0 2498 7 12 3 10 0.9267 0.1896 106 325
310-0-1-0.05-50-0 0 2498 34 37 9 2 0.7448 0.8481 168 127
310-0-1-0.05-50-0 0 2499 49 27 1 15 0.1842 0.0776 136 149
310-0-1-0.05-50-0 0 2499 31 27 5 14 0.5626 0.0776 252 149
310-0-1-0.05-50-0 0 2499 43 11 17 12 0.8316 0.0504 123 384
310-0-1-0.05-50-0 0 2500 43 3 17 7 0.8316 0.4813 123 321
310-0-1-0.05-50-0 0 2500 43 43 17 17 0.8316 0.8316 123 123
310-0-1-0.05-50-0 0 2500 34 35 9 18 0.7448 0.0354 168 158
