311-0-1-0.05-50-0 0 2302 5 18 7 15 0.0007 0.2181 226 226
311-0-1-0.05-50-0 0 2302 11 25 9 3 0.0504 0.9430 384 125
311-0-1-0.05-50-0 0 2303 48 38 19 1 0.1153 0.6163 334 270
311-0-1-0.05-50-0 0 2303 12 48 2 19 0.1896 0.1153 325 334
311-0-1-0.05-50-0 0 2304 24 18 8 12 0.1940 0.2181 254 226
311-0-1-0.05-50-0 0 2304 4 5 14 8 0.0723 0.0007 351 226
311-0-1-0.05-50-0 0 2305 48 40 18 8 0.1153 0.9739 334 104
311-0-1-0.05-50-0 0 2305 39 24 7 8 0.2187 0.1940 309 254
311-0-1-0.05-50-0 0 2306 49 39 1 7 0.1842 0.2187 136 309
311-0-1-0.05-50-0 0 2306 24 19 6 2 0.1940 0.8072 254 134
311-0-1-0.05-50-0 0 2307 35 4 5 17 0.0354 0.0723 158 351
311-0-1-0.05-50-0 0 2307 18 48 10 15 0.2181 0.1153 226 334
311-0-1-0.05-50-0 0 2308 4 16 17 3 0.0723 0.2228 351 149
311-0-1-0.05-50-0 0 2308 48 18 15 12 0.1153 0.2181 334 226
311-0-1-0.05-50-0 0 2309 25 44 3 3 0.9430 0.7034 125 118
311-0-1-0.05-50-0 0 2309 50 11 3 8 0.2147 0.0504 147 384
311-0-1-0.05-50-0 0 2310 4 22 17 2 0.0723 0.0160 351 311
311-0-1-0.05-50-0 0 2310 16 24 2 8 0.2228 0.1940 149 254
311-0-1-0.05-50-0 0 2311 39 5 6 9 0.2187 0.0007 309 226
311-0-1-0.05-50-0 0 2311 33 48 2 16 0.6893 0.1153 191 334
311-0-1-0.05-50-0 0 2312 11 5 8 9 0.0504 0.0007 384 226
311-0-1-0.05-50-0 0 2312 5 9 8 2 0.0007 0.6134 226 161
311-0-1-0.05-50-0 0 2313 39 35 7 8 0.2187 0.0354 309 158
311-0-1-0.05-50-0 0 2313 40 23 7 7 0.9739 0.1698 104 476
311-0-1-0.05-50-0 0 2314 40 40 7 7 0.9739 0.9739 104 104
311-0-1-0.05-50-0 0 2314 18 23 10 7 0.2181 0.1698 226 476
311-0-1-0.05-50-0 0 2315 4 4 20 20 0.0723 0.0723 351 351
311-0-1-0.05-50-0 0 2315 43 39 2 8 0.8316 0.2187 123 309
311-0-1-0.05-50-0 0 2316 33 5 2 7 0.6893 0.0007 191 226
311-0-1-0.05-50-0 0 2316 23 48 5 13 0.1698 0.1153 476 334
311-0-1-0.05-50-0 0 2317 25 4 2 18 0.9430 0.0723 125 351
311-0-1-0.05-50-0 0 2317 43 35 2 7 0.8316 0.0354 123 158
311-0-1-0.05-50-0 0 2318 4 32 17 5 0.0723 0.6514 351 215
311-0-1-0.05-50-0 0 2318 32 44 4 3 0.6514 0.7034 215 118
311-0-1-0.05-50-0 0 2319 44 5 3 8 0.7034 0.0007 118 226
311-0-1-0.05-50-0 0 2319 32 40 4 6 0.6514 0.9739 215 104
311-0-1-0.05-50-0 0 2320 44 18 4 11 0.7034 0.2181 118 226
311-0-1-0.05-50-0 0 2320 18 35 10 7 0.2181 0.0354 226 158
311-0-1-0.05-50-0 0 2321 4 23 11 7 0.0723 0.1698 351 476
311-0-1-0.05-50-0 0 2321 33 24 3 7 0.6893 0.1940 191 254
311-0-1-0.05-50-0 0 2322 43 35 2 6 0.8316 0.0354 123 158
311-0-1-0.05-50-0 0 2322 23 48 6 14 0.1698 0.1153 476 334
311-0-1-0.05-50-0 0 2323 44 1 6 1 0.7034 0.2520 118 409
311-0-1-0.05-50-0 0 2323 11 48 12 13 0.0504 0.1153 384 334
311-0-1-0.05-50-0 0 2324 39 23 7 7 0.2187 0.1698 309 476
311-0-1-0.05-50-0 0 2324 9 40 1 8 0.6134 0.9739 161 104
311-0-1-0.05-50-0 0 2325 39 48 7 12 0.2187 0.1153 309 334
311-0-1-0.05-50-0 0 2325 11 18 13 11 0.0504 0.2181 384 226
311-0-1-0.05-50-0 0 2326 44 48 6 12 0.7034 0.1153 118 334
311-0-1-0.05-50-0 0 2326 41 18 1 10 0.9621 0.2181 105 226
311-0-1-0.05-50-0 0 2327 33 24 3 6 0.6893 0.1940 191 254
311-0-1-0.05-50-0 0 2327 11 4 14 10 0.0504 0.0723 384 351
311-0-1-0.05-50-0 0 2328 35 44 1 6 0.0354 0.7034 158 118
311-0-1-0.05-50-0 0 2328 44 16 5 13 0.7034 0.2228 118 149
311-0-1-0.05-50-0 0 2329 18 23 9 6 0.2181 0.1698 226 476
311-0-1-0.05-50-0 0 2329 10 25 2 1 0.2533 0.9430 449 125
311-0-1-0.05-50-0 0 2330 22 5 1 7 0.0160 0.0007 311 226
311-0-1-0.05-50-0 0 2330 11 4 16 9 0.0504 0.0723 384 351
311-0-1-0.05-50-0 0 2331 16 48 16 14 0.2228 0.1153 149 334
311-0-1-0.05-50-0 0 2331 50 11 3 17 0.2147 0.0504 147 384
311-0-1-0.05-50-0 0 2332 16 11 15 16 0.2228 0.0504 149 384
311-0-1-0.05-50-0 0 2332 33 40 4 7 0.6893 0.9739 191 104
311-0-1-0.05-50-0 0 2333 4 18 10 8 0.0723 0.2181 351 226
311-0-1-0.05-50-0 0 2333 4 44 10 6 0.0723 0.7034 351 118
311-0-1-0.05-50-0 0 2334 11 19 14 1 0.0504 0.8072 384 134
311-0-1-0.05-50-0 0 2334 18 48 7 12 0.2181 0.1153 226 334
311-0-1-0.05-50-0 0 2335 16 48 15 12 0.2228 0.1153 149 334
311-0-1-0.05-50-0 0 2335 40 44 5 5 0.9739 0.7034 104 118
311-0-1-0.05-50-0 0 2336 4 11 10 15 0.0723 0.0504 351 384
311-0-1-0.05-50-0 0 2336 15 33 1 4 0.7918 0.6893 149 191
311-0-1-0.05-50-0 0 2337 27 16 2 16 0.0776 0.2228 149 149
311-0-1-0.05-50-0 0 2337 43 5 3 6 0.8316 0.0007 123 226
311-0-1-0.05-50-0 0 2338 40 46 5 1 0.9739 0.3451 104 327
311-0-1-0.05-50-0 0 2338 16 11 15 15 0.2228 0.0504 149 384
311-0-1-0.05-50-0 0 2339 44 11 5 15 0.7034 0.0504 118 384
311-0-1-0.05-50-0 0 2339 48 10 12 2 0.1153 0.2533 334 449
311-0-1-0.05-50-0 0 2340 48 4 13 12 0.1153 0.0723 334 351
311-0-1-0.05-50-0 0 2340 33 11 2 16 0.6893 0.0504 191 384
311-0-1-0.05-50-0 0 2341 11 16 15 14 0.0504 0.2228 384 149
311-0-1-0.05-50-0 0 2341 11 23 15 5 0.0504 0.1698 384 476
311-0-1-0.05-50-0 0 2342 32 33 4 4 0.6514 0.6893 215 191
311-0-1-0.05-50-0 0 2342 21 27 3 1 0.4184 0.0776 158 149
311-0-1-0.05-50-0 0 2343 4 16 14 14 0.0723 0.2228 351 149
311-0-1-0.05-50-0 0 2343 10 24 1 5 0.2533 0.1940 449 254
311-0-1-0.05-50-0 0 2344 45 11 2 18 0.3816 0.0504 173 384
311-0-1-0.05-50-0 0 2344 48 39 16 5 0.1153 0.2187 334 309
311-0-1-0.05-50-0 0 2345 9 48 2 16 0.6134 0.1153 161 334
311-0-1-0.05-50-0 0 2345 11 34 18 2 0.0504 0.7448 384 168
311-0-1-0.05-50-0 0 2345 4 48 16 15 0.0723 0.1153 351 334
311-0-1-0.05-50-0 0 2346 4 12 17 3 0.0723 0.1896 351 325
311-0-1-0.05-50-0 0 2346 48 48 15 15 0.1153 0.1153 334 334
311-0-1-0.05-50-0 0 2346 48 48 14 14 0.1153 0.1153 334 334
311-0-1-0.05-50-0 0 2347 43 18 4 11 0.8316 0.2181 123 226
311-0-1-0.05-50-0 0 2347 32 4 5 17 0.6514 0.0723 215 351
311-0-1-0.05-50-0 0 2347 11 49 19 9 0.0504 0.1842 384 136
311-0-1-0.05-50-0 0 2348 5 38 6 1 0.0007 0.6163 226 270
311-0-1-0.05-50-0 0 2348 50 33 7 3 0.2147 0.6893 147 191
311-0-1-0.05-50-0 0 2348 40 16 8 12 0.9739 0.2228 104 149
311-0-1-0.05-50-0 0 2349 40 11 9 20 0.9739 0.0504 104 384
311-0-1-0.05-50-0 0 2349 40 43 9 5 0.9739 0.8316 104 123
311-0-1-0.05-50-0 0 2349 23 43 4 4 0.1698 0.8316 476 123
311-0-1-0.05-50-0 0 2350 44 48 7 11 0.7034 0.1153 118 334
311-0-1-0.05-50-0 0 2350 15 11 4 19 0.7918 0.0504 149 384
311-0-1-0.05-50-0 0 2350 12 4 2 18 0.1896 0.0723 325 351
311-0-1-0.05-50-0 0 2351 16 24 13 4 0.2228 0.1940 149 254
311-0-1-0.05-50-0 0 2351 16 4 13 17 0.2228 0.0723 149 351
311-0-1-0.05-50-0 0 2351 16 43 13 3 0.2228 0.8316 149 123
311-0-1-0.05-50-0 0 2352 18 10 11 2 0.2181 0.2533 226 449
311-0-1-0.05-50-0 0 2352 16 44 14 7 0.2228 0.7034 149 118
311-0-1-0.05-50-0 0 2352 4 45 16 4 0.0723 0.3816 351 173
311-0-1-0.05-50-0 0 2353 16 49 16 13 0.2228 0.1842 149 136
311-0-1-0.05-50-0 0 2353 5 18 10 11 0.0007 0.2181 226 226
311-0-1-0.05-50-0 0 2353 40 30 7 5 0.9739 0.6008 104 266
311-0-1-0.05-50-0 0 2354 40 42 7 2 0.9739 0.7447 104 106
311-0-1-0.05-50-0 0 2354 30 4 4 14 0.6008 0.0723 266 351
311-0-1-0.05-50-0 0 2354 11 49 21 12 0.0504 0.1842 384 136
311-0-1-0.05-50-0 0 2355 16 32 17 6 0.2228 0.6514 149 215
311-0-1-0.05-50-0 0 2355 9 43 1 2 0.6134 0.8316 161 123
311-0-1-0.05-50-0 0 2355 4 44 13 6 0.0723 0.7034 351 118
311-0-1-0.05-50-0 0 2356 21 18 3 13 0.4184 0.2181 158 226
311-0-1-0.05-50-0 0 2356 5 15 9 3 0.0007 0.7918 226 149
311-0-1-0.05-50-0 0 2356 18 21 12 3 0.2181 0.4184 226 158
311-0-1-0.05-50-0 0 2357 5 49 9 14 0.0007 0.1842 226 136
311-0-1-0.05-50-0 0 2357 30 12 5 3 0.6008 0.1896 266 325
311-0-1-0.05-50-0 0 2357 4 11 12 19 0.0723 0.0504 351 384
311-0-1-0.05-50-0 0 2358 18 44 13 5 0.2181 0.7034 226 118
311-0-1-0.05-50-0 0 2358 16 3 21 2 0.2228 0.4813 149 321
311-0-1-0.05-50-0 0 2358 33 49 1 13 0.6893 0.1842 191 136
311-0-1-0.05-50-0 0 2359 49 16 12 22 0.1842 0.2228 136 149
311-0-1-0.05-50-0 0 2359 49 39 12 8 0.1842 0.2187 136 309
311-0-1-0.05-50-0 0 2359 11 49 18 12 0.0504 0.1842 384 136
311-0-1-0.05-50-0 0 2360 11 20 16 1 0.0504 0.9922 384 102
311-0-1-0.05-50-0 0 2360 16 32 21 5 0.2228 0.6514 149 215
311-0-1-0.05-50-0 0 2360 5 4 10 13 0.0007 0.0723 226 351
311-0-1-0.05-50-0 0 2361 49 32 11 5 0.1842 0.6514 136 215
311-0-1-0.05-50-0 0 2361 24 19 2 1 0.1940 0.8072 254 134
311-0-1-0.05-50-0 0 2361 48 49 8 11 0.1153 0.1842 334 136
311-0-1-0.05-50-0 0 2362 18 23 13 8 0.2181 0.1698 226 476
311-0-1-0.05-50-0 0 2362 11 11 16 16 0.0504 0.0504 384 384
311-0-1-0.05-50-0 0 2362 16 11 21 15 0.2228 0.0504 149 384
311-0-1-0.05-50-0 0 2363 40 45 7 4 0.9739 0.3816 104 173
311-0-1-0.05-50-0 0 2363 34 16 1 21 0.7448 0.2228 168 149
311-0-1-0.05-50-0 0 2363 45 23 3 6 0.3816 0.1698 173 476
311-0-1-0.05-50-0 0 2364 18 11 12 16 0.2181 0.0504 226 384
311-0-1-0.05-50-0 0 2364 18 11 12 15 0.2181 0.0504 226 384
311-0-1-0.05-50-0 0 2364 4 39 13 6 0.0723 0.2187 351 309
311-0-1-0.05-50-0 0 2365 49 8 11 1 0.1842 0.2506 136 303
311-0-1-0.05-50-0 0 2365 11 16 14 17 0.0504 0.2228 384 149
311-0-1-0.05-50-0 0 2366 12 40 3 9 0.1896 0.9739 325 104
311-0-1-0.05-50-0 0 2366 11 11 12 12 0.0504 0.0504 384 384
311-0-1-0.05-50-0 0 2367 16 18 17 14 0.2228 0.2181 149 226
311-0-1-0.05-50-0 0 2367 4 11 15 10 0.0723 0.0504 351 384
311-0-1-0.05-50-0 0 2368 4 16 17 16 0.0723 0.2228 351 149
311-0-1-0.05-50-0 0 2368 49 11 12 9 0.1842 0.0504 136 384
311-0-1-0.05-50-0 0 2369 49 4 13 18 0.1842 0.0723 136 351
311-0-1-0.05-50-0 0 2369 30 40 10 9 0.6008 0.9739 266 104
311-0-1-0.05-50-0 0 2370 4 5 17 10 0.0723 0.0007 351 226
311-0-1-0.05-50-0 0 2370 18 11 13 9 0.2181 0.0504 226 384
311-0-1-0.05-50-0 0 2370 16 30 17 12 0.2228 0.6008 149 266
311-0-1-0.05-50-0 0 2371 18 49 13 13 0.2181 0.1842 226 136
311-0-1-0.05-50-0 0 2371 4 16 16 17 0.0723 0.2228 351 149
311-0-1-0.05-50-0 0 2371 5 11 9 8 0.0007 0.0504 226 384
311-0-1-0.05-50-0 0 2372 18 50 14 7 0.2181 0.2147 226 147
311-0-1-0.05-50-0 0 2372 40 49 9 12 0.9739 0.1842 104 136
311-0-1-0.05-50-0 0 2372 34 50 2 6 0.7448 0.2147 168 147
311-0-1-0.05-50-0 0 2373 15 9 2 9 0.7918 0.6134 149 161
311-0-1-0.05-50-0 0 2373 49 45 11 3 0.1842 0.3816 136 173
311-0-1-0.05-50-0 0 2373 4 33 17 1 0.0723 0.6893 351 191
311-0-1-0.05-50-0 0 2374 5 9 11 8 0.0007 0.6134 226 161
311-0-1-0.05-50-0 0 2374 45 17 2 3 0.3816 0.6398 173 197
311-0-1-0.05-50-0 0 2374 32 16 5 17 0.6514 0.2228 215 149
311-0-1-0.05-50-0 0 2375 16 23 15 5 0.2228 0.1698 149 476
311-0-1-0.05-50-0 0 2375 16 43 15 1 0.2228 0.8316 149 123
311-0-1-0.05-50-0 0 2375 3 30 2 14 0.4813 0.6008 321 266
311-0-1-0.05-50-0 0 2376 4 49 18 13 0.0723 0.1842 351 136
311-0-1-0.05-50-0 0 2376 18 30 11 15 0.2181 0.6008 226 266
311-0-1-0.05-50-0 0 2376 34 4 2 18 0.7448 0.0723 168 351
311-0-1-0.05-50-0 0 2377 23 5 4 11 0.1698 0.0007 476 226
311-0-1-0.05-50-0 0 2377 4 40 17 8 0.0723 0.9739 351 104
311-0-1-0.05-50-0 0 2378 18 30 11 13 0.2181 0.6008 226 266
311-0-1-0.05-50-0 0 2378 5 16 11 16 0.0007 0.2228 226 149
311-0-1-0.05-50-0 0 2378 44 32 3 6 0.7034 0.6514 118 215
311-0-1-0.05-50-0 0 2379 20 11 3 7 0.9922 0.0504 102 384
311-0-1-0.05-50-0 0 2379 40 45 8 2 0.9739 0.3816 104 173
311-0-1-0.05-50-0 0 2379 9 4 8 17 0.6134 0.0723 161 351
311-0-1-0.05-50-0 0 2380 39 9 6 8 0.2187 0.6134 309 161
311-0-1-0.05-50-0 0 2380 18 11 12 5 0.2181 0.0504 226 384
311-0-1-0.05-50-0 0 2380 50 3 6 2 0.2147 0.4813 147 321
311-0-1-0.05-50-0 0 2381 5 39 12 6 0.0007 0.2187 226 309
311-0-1-0.05-50-0 0 2381 16 4 14 15 0.2228 0.0723 149 351
311-0-1-0.05-50-0 0 2381 50 5 6 12 0.2147 0.0007 147 226
311-0-1-0.05-50-0 0 2382 44 30 8 10 0.7034 0.6008 118 266
311-0-1-0.05-50-0 0 2382 39 40 5 7 0.2187 0.9739 309 104
311-0-1-0.05-50-0 0 2382 42 18 2 12 0.7447 0.2181 106 226
311-0-1-0.05-50-0 0 2383 42 4 2 15 0.7447 0.0723 106 351
311-0-1-0.05-50-0 0 2383 1 40 3 5 0.2520 0.9739 409 104
311-0-1-0.05-50-0 0 2383 5 11 10 4 0.0007 0.0504 226 384
311-0-1-0.05-50-0 0 2384 21 38 3 1 0.4184 0.6163 158 270
311-0-1-0.05-50-0 0 2384 9 18 7 11 0.6134 0.2181 161 226
311-0-1-0.05-50-0 0 2385 48 18 3 10 0.1153 0.2181 334 226
311-0-1-0.05-50-0 0 2385 44 4 7 15 0.7034 0.0723 118 351
311-0-1-0.05-50-0 0 2386 30 30 7 7 0.6008 0.6008 266 266
311-0-1-0.05-50-0 0 2386 49 9 13 6 0.1842 0.6134 136 161
311-0-1-0.05-50-0 0 2387 29 18 4 12 0.6728 0.2181 177 226
311-0-1-0.05-50-0 0 2387 4 4 13 13 0.0723 0.0723 351 351
311-0-1-0.05-50-0 0 2388 42 4 2 11 0.7447 0.0723 106 351
311-0-1-0.05-50-0 0 2388 4 48 10 3 0.0723 0.1153 351 334
311-0-1-0.05-50-0 0 2389 49 11 16 3 0.1842 0.0504 136 384
311-0-1-0.05-50-0 0 2389 3 44 3 7 0.4813 0.7034 321 118
311-0-1-0.05-50-0 0 2390 40 30 5 7 0.9739 0.6008 104 266
311-0-1-0.05-50-0 0 2390 29 30 4 6 0.6728 0.6008 177 266
311-0-1-0.05-50-0 0 2390 48 49 2 17 0.1153 0.1842 334 136
311-0-1-0.05-50-0 0 2391 16 16 20 20 0.2228 0.2228 149 149
311-0-1-0.05-50-0 0 2391 21 15 1 8 0.4184 0.7918 158 149
311-0-1-0.05-50-0 0 2391 16 42 19 3 0.2228 0.7447 149 106
311-0-1-0.05-50-0 0 2392 29 40 5 5 0.6728 0.9739 177 104
311-0-1-0.05-50-0 0 2392 11 44 2 7 0.0504 0.7034 384 118
311-0-1-0.05-50-0 0 2392 15 49 7 17 0.7918 0.1842 149 136
311-0-1-0.05-50-0 0 2393 16 5 18 9 0.2228 0.0007 149 226
311-0-1-0.05-50-0 0 2393 4 18 9 15 0.0723 0.2181 351 226
311-0-1-0.05-50-0 0 2393 1 48 3 2 0.2520 0.1153 409 334
311-0-1-0.05-50-0 0 2394 49 30 16 4 0.1842 0.6008 136 266
311-0-1-0.05-50-0 0 2394 44 16 6 19 0.7034 0.2228 118 149
311-0-1-0.05-50-0 0 2394 42 18 2 14 0.7447 0.2181 106 226
311-0-1-0.05-50-0 0 2395 47 16 2 18 0.9293 0.2228 103 149
311-0-1-0.05-50-0 0 2395 29 9 5 7 0.6728 0.6134 177 161
311-0-1-0.05-50-0 0 2395 49 40 16 4 0.1842 0.9739 136 104
311-0-1-0.05-50-0 0 2396 4 18 10 13 0.0723 0.2181 351 226
311-0-1-0.05-50-0 0 2396 16 1 17 3 0.2228 0.2520 149 409
311-0-1-0.05-50-0 0 2396 32 44 5 6 0.6514 0.7034 215 118
311-0-1-0.05-50-0 0 2397 16 5 18 11 0.2228 0.0007 149 226
311-0-1-0.05-50-0 0 2397 25 15 1 7 0.9430 0.7918 125 149
311-0-1-0.05-50-0 0 2397 20 49 2 18 0.9922 0.1842 102 136
311-0-1-0.05-50-0 0 2398 47 4 2 9 0.9293 0.0723 103 351
311-0-1-0.05-50-0 0 2398 16 16 16 16 0.2228 0.2228 149 149
311-0-1-0.05-50-0 0 2399 18 49 10 19 0.2181 0.1842 226 136
311-0-1-0.05-50-0 0 2399 16 5 17 9 0.2228 0.0007 149 226
311-0-1-0.05-50-0 0 2400 18 18 11 11 0.2181 0.2181 226 226
311-0-1-0.05-50-0 0 2400 18 15 10 6 0.2181 0.7918 226 149
311-0-1-0.05-50-0 0 2401 5 16 8 17 0.0007 0.2228 226 149
311-0-1-0.05-50-0 0 2401 4 18 9 11 0.0723 0.2181 351 226
311-0-1-0.05-50-0 0 2402 5 49 9 17 0.0007 0.1842 226 136
311-0-1-0.05-50-0 0 2402 42 16 4 16 0.7447 0.2228 106 149
311-0-1-0.05-50-0 0 2403 2 34 3 6 0.8198 0.7448 167 168
311-0-1-0.05-50-0 0 2403 47 16 3 13 0.9293 0.2228 103 149
311-0-1-0.05-50-0 0 2404 1 41 1 1 0.2520 0.9621 409 105
311-0-1-0.05-50-0 0 2404 39 49 9 15 0.2187 0.1842 309 136
311-0-1-0.05-50-0 0 2405 1 30 1 5 0.2520 0.6008 409 266
311-0-1-0.05-50-0 0 2405 7 15 1 5 0.9267 0.7918 106 149
311-0-1-0.05-50-0 0 2406 5 34 7 5 0.0007 0.7448 226 168
311-0-1-0.05-50-0 0 2406 49 9 12 5 0.1842 0.6134 136 161
311-0-1-0.05-50-0 0 2407 39 40 12 3 0.2187 0.9739 309 104
311-0-1-0.05-50-0 0 2407 9 23 3 12 0.6134 0.1698 161 476
311-0-1-0.05-50-0 0 2408 23 39 10 12 0.1698 0.2187 476 309
311-0-1-0.05-50-0 0 2408 38 49 2 13 0.6163 0.1842 270 136
311-0-1-0.05-50-0 0 2409 27 50 1 7 0.0776 0.2147 149 147
311-0-1-0.05-50-0 0 2409 49 42 11 6 0.1842 0.7447 136 106
311-0-1-0.05-50-0 0 2410 39 4 13 11 0.2187 0.0723 309 351
311-0-1-0.05-50-0 0 2410 9 38 3 2 0.6134 0.6163 161 270
311-0-1-0.05-50-0 0 2411 4 5 9 7 0.0723 0.0007 351 226
311-0-1-0.05-50-0 0 2411 43 9 2 3 0.8316 0.6134 123 161
311-0-1-0.05-50-0 0 2411 5 22 6 2 0.0007 0.0160 226 311
311-0-1-0.05-50-0 0 2412 45 16 1 15 0.3816 0.2228 173 149
311-0-1-0.05-50-0 0 2412 39 18 14 10 0.2187 0.2181 309 226
311-0-1-0.05-50-0 0 2412 16 18 14 9 0.2228 0.2181 149 226
311-0-1-0.05-50-0 0 2413 23 42 11 9 0.1698 0.7447 476 106
311-0-1-0.05-50-0 0 2413 39 50 15 6 0.2187 0.2147 309 147
311-0-1-0.05-50-0 0 2414 23 23 11 11 0.1698 0.1698 476 476
311-0-1-0.05-50-0 0 2414 50 16 5 16 0.2147 0.2228 147 149
311-0-1-0.05-50-0 0 2415 5 49 6 10 0.0007 0.1842 226 136
311-0-1-0.05-50-0 0 2415 39 22 13 1 0.2187 0.0160 309 311
311-0-1-0.05-50-0 0 2416 49 4 10 9 0.1842 0.0723 136 351
311-0-1-0.05-50-0 0 2416 30 39 5 15 0.6008 0.2187 266 309
311-0-1-0.05-50-0 0 2417 20 18 3 8 0.9922 0.2181 102 226
311-0-1-0.05-50-0 0 2417 48 40 3 3 0.1153 0.9739 334 104
311-0-1-0.05-50-0 0 2417 19 3 6 7 0.8072 0.4813 134 321
311-0-1-0.05-50-0 0 2418 20 18 3 9 0.9922 0.2181 102 226
311-0-1-0.05-50-0 0 2418 34 29 3 5 0.7448 0.6728 168 177
311-0-1-0.05-50-0 0 2418 38 18 2 8 0.6163 0.2181 270 226
311-0-1-0.05-50-0 0 2419 30 3 6 5 0.6008 0.4813 266 321
311-0-1-0.05-50-0 0 2419 16 16 17 17 0.2228 0.2228 149 149
311-0-1-0.05-50-0 0 2419 19 15 6 5 0.8072 0.7918 134 149
311-0-1-0.05-50-0 0 2420 49 18 10 7 0.1842 0.2181 136 226
311-0-1-0.05-50-0 0 2420 38 4 2 11 0.6163 0.0723 270 351
311-0-1-0.05-50-0 0 2420 49 16 10 17 0.1842 0.2228 136 149
311-0-1-0.05-50-0 0 2421 49 39 11 13 0.1842 0.2187 136 309
311-0-1-0.05-50-0 0 2421 39 15 12 4 0.2187 0.7918 309 149
311-0-1-0.05-50-0 0 2421 42 18 7 6 0.7447 0.2181 106 226
311-0-1-0.05-50-0 0 2422 4 29 10 5 0.0723 0.6728 351 177
311-0-1-0.05-50-0 0 2422 3 48 4 3 0.4813 0.1153 321 334
311-0-1-0.05-50-0 0 2422 15 29 3 4 0.7918 0.6728 149 177
311-0-1-0.05-50-0 0 2423 50 49 9 13 0.2147 0.1842 147 136
311-0-1-0.05-50-0 0 2423 50 5 9 10 0.2147 0.0007 147 226
311-0-1-0.05-50-0 0 2423 35 16 4 16 0.0354 0.2228 158 149
311-0-1-0.05-50-0 0 2424 38 23 2 12 0.6163 0.1698 270 476
311-0-1-0.05-50-0 0 2424 50 23 10 11 0.2147 0.1698 147 476
311-0-1-0.05-50-0 0 2424 16 3 14 3 0.2228 0.4813 149 321
311-0-1-0.05-50-0 0 2425 9 35 2 4 0.6134 0.0354 161 158
311-0-1-0.05-50-0 0 2425 4 23 10 10 0.0723 0.1698 351 476
311-0-1-0.05-50-0 0 2426 16 35 15 3 0.2228 0.0354 149 158
311-0-1-0.05-50-0 0 2426 30 4 6 10 0.6008 0.0723 266 351
311-0-1-0.05-50-0 0 2426 49 35 12 2 0.1842 0.0354 136 158
311-0-1-0.05-50-0 0 2427 16 49 17 13 0.2228 0.1842 149 136
311-0-1-0.05-50-0 0 2427 39 49 14 12 0.2187 0.1842 309 136
311-0-1-0.05-50-0 0 2427 9 39 3 14 0.6134 0.2187 161 309
311-0-1-0.05-50-0 0 2428 29 16 4 17 0.6728 0.2228 177 149
311-0-1-0.05-50-0 0 2428 4 30 10 6 0.0723 0.6008 351 266
311-0-1-0.05-50-0 0 2428 42 34 7 3 0.7447 0.7448 106 168
311-0-1-0.05-50-0 0 2429 5 5 7 7 0.0007 0.0007 226 226
311-0-1-0.05-50-0 0 2429 29 4 4 10 0.6728 0.0723 177 351
311-0-1-0.05-50-0 0 2429 16 45 17 6 0.2228 0.3816 149 173
311-0-1-0.05-50-0 0 2430 40 42 1 7 0.9739 0.7447 104 106
311-0-1-0.05-50-0 0 2430 37 19 1 6 0.8481 0.8072 127 134
311-0-1-0.05-50-0 0 2430 30 30 4 4 0.6008 0.6008 266 266
311-0-1-0.05-50-0 0 2431 39 19 16 5 0.2187 0.8072 309 134
311-0-1-0.05-50-0 0 2431 42 20 6 3 0.7447 0.9922 106 102
311-0-1-0.05-50-0 0 2432 16 21 16 4 0.2228 0.4184 149 158
311-0-1-0.05-50-0 0 2432 29 18 3 3 0.6728 0.2181 177 226
311-0-1-0.05-50-0 0 2433 50 45 9 6 0.2147 0.3816 147 173
311-0-1-0.05-50-0 0 2433 19 4 5 9 0.8072 0.0723 134 351
311-0-1-0.05-50-0 0 2434 5 49 10 9 0.0007 0.1842 226 136
311-0-1-0.05-50-0 0 2434 39 16 15 14 0.2187 0.2228 309 149
311-0-1-0.05-50-0 0 2435 6 45 1 6 0.4266 0.3816 249 173
311-0-1-0.05-50-0 0 2435 44 49 1 9 0.7034 0.1842 118 136
311-0-1-0.05-50-0 0 2436 4 50 9 9 0.0723 0.2147 351 147
311-0-1-0.05-50-0 0 2436 9 34 3 2 0.6134 0.7448 161 168
311-0-1-0.05-50-0 0 2437 39 1 17 3 0.2187 0.2520 309 409
311-0-1-0.05-50-0 0 2437 45 48 5 3 0.3816 0.1153 173 334
311-0-1-0.05-50-0 0 2438 49 9 7 3 0.1842 0.6134 136 161
311-0-1-0.05-50-0 0 2438 49 19 7 6 0.1842 0.8072 136 134
311-0-1-0.05-50-0 0 2438 40 39 3 19 0.9739 0.2187 104 309
311-0-1-0.05-50-0 0 2439 39 39 19 19 0.2187 0.2187 309 309
311-0-1-0.05-50-0 0 2439 50 39 8 18 0.2147 0.2187 147 309
311-0-1-0.05-50-0 0 2440 39 23 17 9 0.2187 0.1698 309 476
311-0-1-0.05-50-0 0 2440 32 38 3 2 0.6514 0.6163 215 270
311-0-1-0.05-50-0 0 2441 11 45 3 7 0.0504 0.3816 384 173
311-0-1-0.05-50-0 0 2441 30 39 4 15 0.6008 0.2187 266 309
311-0-1-0.05-50-0 0 2442 21 5 2 13 0.4184 0.0007 158 226
311-0-1-0.05-50-0 0 2442 40 49 2 9 0.9739 0.1842 104 136
311-0-1-0.05-50-0 0 2443 21 39 2 14 0.4184 0.2187 158 309
311-0-1-0.05-50-0 0 2443 16 32 12 4 0.2228 0.6514 149 215
311-0-1-0.05-50-0 0 2444 32 5 3 12 0.6514 0.0007 215 226
311-0-1-0.05-50-0 0 2444 21 23 2 10 0.4184 0.1698 158 476
311-0-1-0.05-50-0 0 2444 16 50 14 7 0.2228 0.2147 149 147
311-0-1-0.05-50-0 0 2445 50 5 7 11 0.2147 0.0007 147 226
311-0-1-0.05-50-0 0 2445 39 18 15 4 0.2187 0.2181 309 226
311-0-1-0.05-50-0 0 2445 11 18 2 3 0.0504 0.2181 384 226
311-0-1-0.05-50-0 0 2446 4 23 12 10 0.0723 0.1698 351 476
311-0-1-0.05-50-0 0 2446 43 40 7 5 0.8316 0.9739 123 104
311-0-1-0.05-50-0 0 2446 50 5 8 8 0.2147 0.0007 147 226
311-0-1-0.05-50-0 0 2447 43 23 7 10 0.8316 0.1698 123 476
311-0-1-0.05-50-0 0 2447 25 42 3 9 0.9430 0.7447 125 106
311-0-1-0.05-50-0 0 2447 30 39 4 13 0.6008 0.2187 266 309
311-0-1-0.05-50-0 0 2448 34 39 4 12 0.7448 0.2187 168 309
311-0-1-0.05-50-0 0 2448 16 16 14 14 0.2228 0.2228 149 149
311-0-1-0.05-50-0 0 2448 43 39 7 11 0.8316 0.2187 123 309
311-0-1-0.05-50-0 0 2449 23 9 9 1 0.1698 0.6134 476 161
311-0-1-0.05-50-0 0 2449 49 39 5 11 0.1842 0.2187 136 309
311-0-1-0.05-50-0 0 2449 5 25 10 3 0.0007 0.9430 226 125
311-0-1-0.05-50-0 0 2450 44 5 2 10 0.7034 0.0007 118 226
311-0-1-0.05-50-0 0 2450 23 32 10 5 0.1698 0.6514 476 215
311-0-1-0.05-50-0 0 2450 42 43 8 8 0.7447 0.8316 106 123
311-0-1-0.05-50-0 0 2451 45 49 8 5 0.3816 0.1842 173 136
311-0-1-0.05-50-0 0 2451 16 4 13 18 0.2228 0.0723 149 351
311-0-1-0.05-50-0 0 2451 20 3 3 3 0.9922 0.4813 102 321
311-0-1-0.05-50-0 0 2452 49 43 5 8 0.1842 0.8316 136 123
311-0-1-0.05-50-0 0 2452 43 21 7 9 0.8316 0.4184 123 158
311-0-1-0.05-50-0 0 2452 4 50 16 8 0.0723 0.2147 351 147
311-0-1-0.05-50-0 0 2453 16 4 14 16 0.2228 0.0723 149 351
311-0-1-0.05-50-0 0 2453 4 21 15 6 0.0723 0.4184 351 158
311-0-1-0.05-50-0 0 2453 1 46 2 2 0.2520 0.3451 409 327
311-0-1-0.05-50-0 0 2454 5 40 9 5 0.0007 0.9739 226 104
311-0-1-0.05-50-0 0 2454 42 12 9 2 0.7447 0.1896 106 325
311-0-1-0.05-50-0 0 2454 21 21 5 5 0.4184 0.4184 158 158
311-0-1-0.05-50-0 0 2455 27 5 2 9 0.0776 0.0007 149 226
311-0-1-0.05-50-0 0 2455 5 37 8 1 0.0007 0.8481 226 127
311-0-1-0.05-50-0 0 2455 34 19 3 4 0.7448 0.8072 168 134
311-0-1-0.05-50-0 0 2456 15 23 3 11 0.7918 0.1698 149 476
311-0-1-0.05-50-0 0 2456 11 45 4 7 0.0504 0.3816 384 173
311-0-1-0.05-50-0 0 2456 20 3 4 2 0.9922 0.4813 102 321
311-0-1-0.05-50-0 0 2457 4 11 17 4 0.0723 0.0504 351 384
311-0-1-0.05-50-0 0 2457 40 33 3 1 0.9739 0.6893 104 191
311-0-1-0.05-50-0 0 2458 42 50 8 8 0.7447 0.2147 106 147
311-0-1-0.05-50-0 0 2458 30 45 4 6 0.6008 0.3816 266 173
311-0-1-0.05-50-0 0 2459 15 19 1 5 0.7918 0.8072 149 134
311-0-1-0.05-50-0 0 2459 21 39 5 8 0.4184 0.2187 158 309
311-0-1-0.05-50-0 0 2460 37 23 2 13 0.8481 0.1698 127 476
311-0-1-0.05-50-0 0 2460 12 45 3 4 0.1896 0.3816 325 173
311-0-1-0.05-50-0 0 2461 17 38 2 2 0.6398 0.6163 197 270
311-0-1-0.05-50-0 0 2461 21 45 6 3 0.4184 0.3816 158 173
311-0-1-0.05-50-0 0 2462 17 39 2 7 0.6398 0.2187 197 309
311-0-1-0.05-50-0 0 2462 23 30 12 3 0.1698 0.6008 476 266
311-0-1-0.05-50-0 0 2463 20 4 4 22 0.9922 0.0723 102 351
311-0-1-0.05-50-0 0 2463 4 50 21 10 0.0723 0.2147 351 147
311-0-1-0.05-50-0 0 2464 19 5 4 8 0.8072 0.0007 134 226
311-0-1-0.05-50-0 0 2464 45 39 3 6 0.3816 0.2187 173 309
311-0-1-0.05-50-0 0 2465 13 23 1 16 0.8878 0.1698 151 476
311-0-1-0.05-50-0 0 2465 4 4 21 21 0.0723 0.0723 351 351
311-0-1-0.05-50-0 0 2466 50 17 8 4 0.2147 0.6398 147 197
311-0-1-0.05-50-0 0 2466 23 50 17 8 0.1698 0.2147 476 147
311-0-1-0.05-50-0 0 2467 11 21 3 7 0.0504 0.4184 384 158
311-0-1-0.05-50-0 0 2467 19 39 4 4 0.8072 0.2187 134 309
311-0-1-0.05-50-0 0 2467 16 23 14 19 0.2228 0.1698 149 476
311-0-1-0.05-50-0 0 2468 17 4 4 19 0.6398 0.0723 197 351
311-0-1-0.05-50-0 0 2468 21 14 6 2 0.4184 0.8451 158 105
311-0-1-0.05-50-0 0 2468 23 20 18 3 0.1698 0.9922 476 102
311-0-1-0.05-50-0 0 2469 4 12 19 4 0.0723 0.1896 351 325
311-0-1-0.05-50-0 0 2469 21 16 6 16 0.4184 0.2228 158 149
311-0-1-0.05-50-0 0 2469 16 49 15 6 0.2228 0.1842 149 136
311-0-1-0.05-50-0 0 2470 43 21 3 6 0.8316 0.4184 123 158
311-0-1-0.05-50-0 0 2470 13 45 2 3 0.8878 0.3816 151 173
311-0-1-0.05-50-0 0 2470 17 43 6 3 0.6398 0.8316 197 123
311-0-1-0.05-50-0 0 2471 37 23 3 16 0.8481 0.1698 127 476
311-0-1-0.05-50-0 0 2471 16 44 15 2 0.2228 0.7034 149 118
311-0-1-0.05-50-0 0 2471 11 42 2 10 0.0504 0.7447 384 106
311-0-1-0.05-50-0 0 2472 4 21 18 6 0.0723 0.4184 351 158
311-0-1-0.05-50-0 0 2472 50 32 9 3 0.2147 0.6514 147 215
311-0-1-0.05-50-0 0 2472 17 50 9 9 0.6398 0.2147 197 147
311-0-1-0.05-50-0 0 2473 5 4 10 21 0.0007 0.0723 226 351
311-0-1-0.05-50-0 0 2473 17 1 9 4 0.6398 0.2520 197 409
311-0-1-0.05-50-0 0 2473 4 23 20 16 0.0723 0.1698 351 476
311-0-1-0.05-50-0 0 2474 4 4 20 20 0.0723 0.0723 351 351
311-0-1-0.05-50-0 0 2474 21 1 5 3 0.4184 0.2520 158 409
311-0-1-0.05-50-0 0 2474 3 42 2 9 0.4813 0.7447 321 106
311-0-1-0.05-50-0 0 2475 23 17 15 10 0.1698 0.6398 476 197
311-0-1-0.05-50-0 0 2475 23 4 15 20 0.1698 0.0723 476 351
311-0-1-0.05-50-0 0 2475 50 16 9 18 0.2147 0.2228 147 149
311-0-1-0.05-50-0 0 2476 49 20 4 2 0.1842 0.9922 136 102
311-0-1-0.05-50-0 0 2476 4 23 20 18 0.0723 0.1698 351 476
311-0-1-0.05-50-0 0 2476 42 1 9 3 0.7447 0.2520 106 409
311-0-1-0.05-50-0 0 2477 17 16 9 18 0.6398 0.2228 197 149
311-0-1-0.05-50-0 0 2477 50 38 9 3 0.2147 0.6163 147 270
311-0-1-0.05-50-0 0 2477 50 21 9 5 0.2147 0.4184 147 158
311-0-1-0.05-50-0 0 2478 23 15 16 1 0.1698 0.7918 476 149
311-0-1-0.05-50-0 0 2478 23 16 16 19 0.1698 0.2228 476 149
311-0-1-0.05-50-0 0 2478 16 4 18 21 0.2228 0.0723 149 351
311-0-1-0.05-50-0 0 2479 2 39 5 6 0.8198 0.2187 167 309
311-0-1-0.05-50-0 0 2479 17 11 10 2 0.6398 0.0504 197 384
311-0-1-0.05-50-0 0 2479 4 50 20 11 0.0723 0.2147 351 147
311-0-1-0.05-50-0 0 2480 17 39 9 6 0.6398 0.2187 197 309
311-0-1-0.05-50-0 0 2480 21 5 4 12 0.4184 0.0007 158 226
311-0-1-0.05-50-0 0 2480 42 4 10 19 0.7447 0.0723 106 351
311-0-1-0.05-50-0 0 2481 45 38 2 2 0.3816 0.6163 173 270
311-0-1-0.05-50-0 0 2481 24 19 1 2 0.1940 0.8072 254 134
311-0-1-0.05-50-0 0 2482 32 25 2 3 0.6514 0.9430 215 125
311-0-1-0.05-50-0 0 2482 16 50 21 10 0.2228 0.2147 149 147
311-0-1-0.05-50-0 0 2483 17 16 8 23 0.6398 0.2228 197 149
311-0-1-0.05-50-0 0 2483 5 13 12 2 0.0007 0.8878 226 151
311-0-1-0.05-50-0 0 2484 42 2 9 6 0.7447 0.8198 106 167
311-0-1-0.05-50-0 0 2484 5 25 13 2 0.0007 0.9430 226 125
311-0-1-0.05-50-0 0 2485 16 50 22 10 0.2228 0.2147 149 147
311-0-1-0.05-50-0 0 2485 17 50 9 9 0.6398 0.2147 197 147
311-0-1-0.05-50-0 0 2486 50 18 10 2 0.2147 0.2181 147 226
311-0-1-0.05-50-0 0 2486 5 16 15 27 0.0007 0.2228 226 149
311-0-1-0.05-50-0 0 2486 50 11 10 1 0.2147 0.0504 147 384
311-0-1-0.05-50-0 0 2487 4 39 18 3 0.0723 0.2187 351 309
311-0-1-0.05-50-0 0 2487 4 23 18 15 0.0723 0.1698 351 476
311-0-1-0.05-50-0 0 2488 18 16 1 26 0.2181 0.2228 226 149
311-0-1-0.05-50-0 0 2488 16 30 25 3 0.2228 0.6008 149 266
311-0-1-0.05-50-0 0 2489 23 17 17 8 0.1698 0.6398 476 197
311-0-1-0.05-50-0 0 2489 43 49 1 5 0.8316 0.1842 123 136
311-0-1-0.05-50-0 0 2490 4 5 19 18 0.0723 0.0007 351 226
311-0-1-0.05-50-0 0 2490 23 16 18 26 0.1698 0.2228 476 149
311-0-1-0.05-50-0 0 2491 14 42 1 5 0.8451 0.7447 105 106
311-0-1-0.05-50-0 0 2491 4 16 19 25 0.0723 0.2228 351 149
311-0-1-0.05-50-0 0 2491 5 50 20 9 0.0007 0.2147 226 147
311-0-1-0.05-50-0 0 2492 23 16 19 24 0.1698 0.2228 476 149
311-0-1-0.05-50-0 0 2492 16 5 23 20 0.2228 0.0007 149 226
311-0-1-0.05-50-0 0 2492 4 14 20 2 0.0723 0.8451 351 105
311-0-1-0.05-50-0 0 2493 5 16 20 22 0.0007 0.2228 226 149
311-0-1-0.05-50-0 0 2493 23 17 19 8 0.1698 0.6398 476 197
311-0-1-0.05-50-0 0 2493 5 4 20 21 0.0007 0.0723 226 351
311-0-1-0.05-50-0 0 2494 4 20 21 2 0.0723 0.9922 351 102
311-0-1-0.05-50-0 0 2494 2 45 7 2 0.8198 0.3816 167 173
311-0-1-0.05-50-0 0 2494 17 5 7 20 0.6398 0.0007 197 226
311-0-1-0.05-50-0 0 2495 16 16 19 19 0.2228 0.2228 149 149
311-0-1-0.05-50-0 0 2495 23 4 18 21 0.1698 0.0723 476 351
311-0-1-0.05-50-0 0 2495 21 5 5 18 0.4184 0.0007 158 226
311-0-1-0.05-50-0 0 2496 25 50 1 10 0.9430 0.2147 125 147
311-0-1-0.05-50-0 0 2496 5 17 17 6 0.0007 0.6398 226 197
311-0-1-0.05-50-0 0 2496 16 5 18 17 0.2228 0.0007 149 226
311-0-1-0.05-50-0 0 2497 5 21 16 5 0.0007 0.4184 226 158
311-0-1-0.05-50-0 0 2497 1 1 4 4 0.2520 0.2520 409 409
311-0-1-0.05-50-0 0 2497 19 2 1 7 0.8072 0.8198 134 167
311-0-1-0.05-50-0 0 2498 13 17 2 4 0.8878 0.6398 151 197
311-0-1-0.05-50-0 0 2498 23 49 22 4 0.1698 0.1842 476 136
311-0-1-0.05-50-0 0 2498 49 23 3 22 0.1842 0.1698 136 476
311-0-1-0.05-50-0 0 2499 49 23 3 21 0.1842 0.1698 136 476
311-0-1-0.05-50-0 0 2499 50 3 11 6 0.2147 0.4813 147 321
311-0-1-0.05-50-0 0 2499 4 1 17 4 0.0723 0.2520 351 409
311-0-1-0.05-50-0 0 2500 3 38 5 3 0.4813 0.6163 321 270
311-0-1-0.05-50-0 0 2500 35 44 1 8 0.0354 0.7034 158 118
311-0-1-0.05-50-0 0 2500 44 38 7 2 0.7034 0.6163 118 270
