321-0-1-0.05-50-0 0 2302 48 11 29 17 0.1153 0.0504 334 384
321-0-1-0.05-50-0 0 2302 11 48 16 29 0.0504 0.1153 384 334
321-0-1-0.05-50-0 0 2302 6 48 3 28 0.4266 0.1153 249 334
321-0-1-0.05-50-0 0 2303 48 9 27 6 0.1153 0.6134 334 161
321-0-1-0.05-50-0 0 2303 25 27 3 17 0.9430 0.0776 125 149
321-0-1-0.05-50-0 0 2303 4 46 16 4 0.0723 0.3451 351 327
321-0-1-0.05-50-0 0 2304 4 15 16 1 0.0723 0.7918 351 149
321-0-1-0.05-50-0 0 2304 30 46 5 3 0.6008 0.3451 266 327
321-0-1-0.05-50-0 0 2305 27 48 15 28 0.0776 0.1153 149 334
321-0-1-0.05-50-0 0 2305 40 23 2 5 0.9739 0.1698 104 476
321-0-1-0.05-50-0 0 2306 4 11 17 17 0.0723 0.0504 351 384
321-0-1-0.05-50-0 0 2306 23 27 4 14 0.1698 0.0776 476 149
321-0-1-0.05-50-0 0 2307 6 45 3 2 0.4266 0.3816 249 173
321-0-1-0.05-50-0 0 2307 48 4 26 16 0.1153 0.0723 334 351
321-0-1-0.05-50-0 0 2308 4 4 15 15 0.0723 0.0723 351 351
321-0-1-0.05-50-0 0 2308 14 48 6 24 0.8451 0.1153 105 334
321-0-1-0.05-50-0 0 2309 34 9 9 7 0.7448 0.6134 168 161
321-0-1-0.05-50-0 0 2309 33 11 5 17 0.6893 0.0504 191 384
321-0-1-0.05-50-0 0 2309 25 19 4 3 0.9430 0.8072 125 134
321-0-1-0.05-50-0 0 2310 48 18 23 6 0.1153 0.2181 334 226
321-0-1-0.05-50-0 0 2310 4 48 14 23 0.0723 0.1153 351 334
321-0-1-0.05-50-0 0 2311 6 34 5 8 0.4266 0.7448 249 168
321-0-1-0.05-50-0 0 2311 7 4 1 15 0.9267 0.0723 106 351
321-0-1-0.05-50-0 0 2312 40 48 3 20 0.9739 0.1153 104 334
321-0-1-0.05-50-0 0 2312 27 9 11 7 0.0776 0.6134 149 161
321-0-1-0.05-50-0 0 2313 25 45 4 3 0.9430 0.3816 125 173
321-0-1-0.05-50-0 0 2313 10 18 2 5 0.2533 0.2181 449 226
321-0-1-0.05-50-0 0 2314 9 48 6 24 0.6134 0.1153 161 334
321-0-1-0.05-50-0 0 2314 48 27 23 11 0.1153 0.0776 334 149
321-0-1-0.05-50-0 0 2314 4 6 16 5 0.0723 0.4266 351 249
321-0-1-0.05-50-0 0 2315 23 4 5 15 0.1698 0.0723 476 351
321-0-1-0.05-50-0 0 2315 11 16 15 3 0.0504 0.2228 384 149
321-0-1-0.05-50-0 0 2315 18 4 4 14 0.2181 0.0723 226 351
321-0-1-0.05-50-0 0 2316 10 44 2 1 0.2533 0.7034 449 118
321-0-1-0.05-50-0 0 2316 33 11 9 15 0.6893 0.0504 191 384
321-0-1-0.05-50-0 0 2317 27 27 11 11 0.0776 0.0776 149 149
321-0-1-0.05-50-0 0 2317 11 4 15 16 0.0504 0.0723 384 351
321-0-1-0.05-50-0 0 2317 27 48 10 22 0.0776 0.1153 149 334
321-0-1-0.05-50-0 0 2318 16 4 3 17 0.2228 0.0723 149 351
321-0-1-0.05-50-0 0 2318 23 1 6 5 0.1698 0.2520 476 409
321-0-1-0.05-50-0 0 2318 4 36 16 2 0.0723 0.8162 351 165
321-0-1-0.05-50-0 0 2319 34 29 8 1 0.7448 0.6728 168 177
321-0-1-0.05-50-0 0 2319 4 11 17 16 0.0723 0.0504 351 384
321-0-1-0.05-50-0 0 2319 48 34 20 8 0.1153 0.7448 334 168
321-0-1-0.05-50-0 0 2320 30 6 5 4 0.6008 0.4266 266 249
321-0-1-0.05-50-0 0 2320 11 1 15 4 0.0504 0.2520 384 409
321-0-1-0.05-50-0 0 2320 33 14 8 1 0.6893 0.8451 191 105
321-0-1-0.05-50-0 0 2321 11 48 15 24 0.0504 0.1153 384 334
321-0-1-0.05-50-0 0 2321 23 27 7 11 0.1698 0.0776 476 149
321-0-1-0.05-50-0 0 2321 25 45 5 4 0.9430 0.3816 125 173
321-0-1-0.05-50-0 0 2322 48 4 25 17 0.1153 0.0723 334 351
321-0-1-0.05-50-0 0 2322 19 23 4 7 0.8072 0.1698 134 476
321-0-1-0.05-50-0 0 2322 19 4 4 16 0.8072 0.0723 134 351
321-0-1-0.05-50-0 0 2323 16 7 3 1 0.2228 0.9267 149 106
321-0-1-0.05-50-0 0 2323 11 48 17 26 0.0504 0.1153 384 334
321-0-1-0.05-50-0 0 2323 24 27 2 9 0.1940 0.0776 254 149
321-0-1-0.05-50-0 0 2324 48 33 25 7 0.1153 0.6893 334 191
321-0-1-0.05-50-0 0 2324 11 11 17 17 0.0504 0.0504 384 384
321-0-1-0.05-50-0 0 2324 38 48 2 25 0.6163 0.1153 270 334
321-0-1-0.05-50-0 0 2325 48 11 23 16 0.1153 0.0504 334 384
321-0-1-0.05-50-0 0 2325 4 49 13 2 0.0723 0.1842 351 136
321-0-1-0.05-50-0 0 2325 25 48 4 23 0.9430 0.1153 125 334
321-0-1-0.05-50-0 0 2326 48 19 21 5 0.1153 0.8072 334 134
321-0-1-0.05-50-0 0 2326 29 20 1 2 0.6728 0.9922 177 102
321-0-1-0.05-50-0 0 2326 5 5 7 7 0.0007 0.0007 226 226
321-0-1-0.05-50-0 0 2327 45 4 5 13 0.3816 0.0723 173 351
321-0-1-0.05-50-0 0 2327 34 27 9 10 0.7448 0.0776 168 149
321-0-1-0.05-50-0 0 2328 9 48 5 21 0.6134 0.1153 161 334
321-0-1-0.05-50-0 0 2328 48 27 20 12 0.1153 0.0776 334 149
321-0-1-0.05-50-0 0 2329 9 48 5 20 0.6134 0.1153 161 334
321-0-1-0.05-50-0 0 2329 27 17 12 3 0.0776 0.6398 149 197
321-0-1-0.05-50-0 0 2329 4 48 14 19 0.0723 0.1153 351 334
321-0-1-0.05-50-0 0 2330 4 48 14 17 0.0723 0.1153 351 334
321-0-1-0.05-50-0 0 2330 48 33 16 8 0.1153 0.6893 334 191
321-0-1-0.05-50-0 0 2330 48 25 16 6 0.1153 0.9430 334 125
321-0-1-0.05-50-0 0 2331 6 4 2 14 0.4266 0.0723 249 351
321-0-1-0.05-50-0 0 2331 4 45 13 8 0.0723 0.3816 351 173
321-0-1-0.05-50-0 0 2331 11 37 18 1 0.0504 0.8481 384 127
321-0-1-0.05-50-0 0 2332 48 11 18 18 0.1153 0.0504 334 384
321-0-1-0.05-50-0 0 2332 27 25 11 6 0.0776 0.9430 149 125
321-0-1-0.05-50-0 0 2332 25 27 5 11 0.9430 0.0776 125 149
321-0-1-0.05-50-0 0 2333 30 5 3 5 0.6008 0.0007 266 226
321-0-1-0.05-50-0 0 2333 29 48 2 17 0.6728 0.1153 177 334
321-0-1-0.05-50-0 0 2333 48 25 16 5 0.1153 0.9430 334 125
321-0-1-0.05-50-0 0 2334 11 23 16 9 0.0504 0.1698 384 476
321-0-1-0.05-50-0 0 2334 27 26 10 1 0.0776 0.8171 149 141
321-0-1-0.05-50-0 0 2334 23 34 8 12 0.1698 0.7448 476 168
321-0-1-0.05-50-0 0 2335 27 33 12 7 0.0776 0.6893 149 191
321-0-1-0.05-50-0 0 2335 42 4 2 14 0.7447 0.0723 106 351
321-0-1-0.05-50-0 0 2335 19 4 7 13 0.8072 0.0723 134 351
321-0-1-0.05-50-0 0 2336 27 27 12 12 0.0776 0.0776 149 149
321-0-1-0.05-50-0 0 2336 19 48 7 16 0.8072 0.1153 134 334
321-0-1-0.05-50-0 0 2336 48 30 15 3 0.1153 0.6008 334 266
321-0-1-0.05-50-0 0 2337 48 45 15 9 0.1153 0.3816 334 173
321-0-1-0.05-50-0 0 2337 27 10 11 4 0.0776 0.2533 149 449
321-0-1-0.05-50-0 0 2337 5 16 5 3 0.0007 0.2228 226 149
321-0-1-0.05-50-0 0 2338 11 45 14 8 0.0504 0.3816 384 173
321-0-1-0.05-50-0 0 2338 39 11 5 14 0.2187 0.0504 309 384
321-0-1-0.05-50-0 0 2338 34 48 13 15 0.7448 0.1153 168 334
321-0-1-0.05-50-0 0 2339 48 5 14 7 0.1153 0.0007 334 226
321-0-1-0.05-50-0 0 2339 5 27 6 15 0.0007 0.0776 226 149
321-0-1-0.05-50-0 0 2339 48 23 14 9 0.1153 0.1698 334 476
321-0-1-0.05-50-0 0 2340 27 39 13 5 0.0776 0.2187 149 309
321-0-1-0.05-50-0 0 2340 11 11 12 12 0.0504 0.0504 384 384
321-0-1-0.05-50-0 0 2340 48 23 16 8 0.1153 0.1698 334 476
321-0-1-0.05-50-0 0 2341 34 5 14 7 0.7448 0.0007 168 226
321-0-1-0.05-50-0 0 2341 34 33 14 8 0.7448 0.6893 168 191
321-0-1-0.05-50-0 0 2342 11 4 12 11 0.0504 0.0723 384 351
321-0-1-0.05-50-0 0 2342 45 10 9 3 0.3816 0.2533 173 449
321-0-1-0.05-50-0 0 2343 11 46 11 3 0.0504 0.3451 384 327
321-0-1-0.05-50-0 0 2343 48 24 16 3 0.1153 0.1940 334 254
321-0-1-0.05-50-0 0 2344 33 4 6 12 0.6893 0.0723 191 351
321-0-1-0.05-50-0 0 2344 48 46 16 3 0.1153 0.3451 334 327
321-0-1-0.05-50-0 0 2344 48 27 16 13 0.1153 0.0776 334 149
321-0-1-0.05-50-0 0 2345 23 5 7 8 0.1698 0.0007 476 226
321-0-1-0.05-50-0 0 2345 4 5 12 7 0.0723 0.0007 351 226
321-0-1-0.05-50-0 0 2345 43 3 1 4 0.8316 0.4813 123 321
321-0-1-0.05-50-0 0 2346 9 48 4 18 0.6134 0.1153 161 334
321-0-1-0.05-50-0 0 2346 23 4 8 12 0.1698 0.0723 476 351
321-0-1-0.05-50-0 0 2346 27 32 12 2 0.0776 0.6514 149 215
321-0-1-0.05-50-0 0 2347 25 33 2 6 0.9430 0.6893 125 191
321-0-1-0.05-50-0 0 2347 23 33 8 5 0.1698 0.6893 476 191
321-0-1-0.05-50-0 0 2347 27 26 13 1 0.0776 0.8171 149 141
321-0-1-0.05-50-0 0 2348 48 4 20 11 0.1153 0.0723 334 351
321-0-1-0.05-50-0 0 2348 19 19 6 6 0.8072 0.8072 134 134
321-0-1-0.05-50-0 0 2349 23 42 8 4 0.1698 0.7447 476 106
321-0-1-0.05-50-0 0 2349 33 27 5 15 0.6893 0.0776 191 149
321-0-1-0.05-50-0 0 2350 33 45 4 12 0.6893 0.3816 191 173
321-0-1-0.05-50-0 0 2350 45 40 11 2 0.3816 0.9739 173 104
321-0-1-0.05-50-0 0 2351 27 9 14 3 0.0776 0.6134 149 161
321-0-1-0.05-50-0 0 2351 11 25 6 2 0.0504 0.9430 384 125
321-0-1-0.05-50-0 0 2352 23 48 13 22 0.1698 0.1153 476 334
321-0-1-0.05-50-0 0 2352 48 45 21 10 0.1153 0.3816 334 173
321-0-1-0.05-50-0 0 2353 23 1 15 1 0.1698 0.2520 476 409
321-0-1-0.05-50-0 0 2353 48 23 21 15 0.1153 0.1698 334 476
321-0-1-0.05-50-0 0 2354 48 23 22 11 0.1153 0.1698 334 476
321-0-1-0.05-50-0 0 2354 39 27 9 16 0.2187 0.0776 309 149
321-0-1-0.05-50-0 0 2355 10 19 2 5 0.2533 0.8072 449 134
321-0-1-0.05-50-0 0 2355 10 34 2 7 0.2533 0.7448 449 168
321-0-1-0.05-50-0 0 2356 4 27 9 15 0.0723 0.0776 351 149
321-0-1-0.05-50-0 0 2356 4 27 9 14 0.0723 0.0776 351 149
321-0-1-0.05-50-0 0 2357 28 48 4 22 0.3846 0.1153 311 334
321-0-1-0.05-50-0 0 2357 45 48 9 21 0.3816 0.1153 173 334
321-0-1-0.05-50-0 0 2358 48 27 20 10 0.1153 0.0776 334 149
321-0-1-0.05-50-0 0 2358 27 5 9 3 0.0776 0.0007 149 226
321-0-1-0.05-50-0 0 2359 3 28 5 5 0.4813 0.3846 321 311
321-0-1-0.05-50-0 0 2359 4 23 12 10 0.0723 0.1698 351 476
321-0-1-0.05-50-0 0 2360 28 48 4 21 0.3846 0.1153 311 334
321-0-1-0.05-50-0 0 2360 22 23 2 9 0.0160 0.1698 311 476
321-0-1-0.05-50-0 0 2361 11 4 4 13 0.0504 0.0723 384 351
321-0-1-0.05-50-0 0 2361 16 3 2 5 0.2228 0.4813 149 321
321-0-1-0.05-50-0 0 2362 4 24 13 1 0.0723 0.1940 351 254
321-0-1-0.05-50-0 0 2362 22 48 1 20 0.0160 0.1153 311 334
321-0-1-0.05-50-0 0 2363 28 48 4 18 0.3846 0.1153 311 334
321-0-1-0.05-50-0 0 2363 23 6 10 1 0.1698 0.4266 476 249
321-0-1-0.05-50-0 0 2364 48 48 19 19 0.1153 0.1153 334 334
321-0-1-0.05-50-0 0 2364 48 27 18 8 0.1153 0.0776 334 149
321-0-1-0.05-50-0 0 2365 23 11 11 5 0.1698 0.0504 476 384
321-0-1-0.05-50-0 0 2365 23 45 11 11 0.1698 0.3816 476 173
321-0-1-0.05-50-0 0 2366 28 4 4 12 0.3846 0.0723 311 351
321-0-1-0.05-50-0 0 2366 23 27 11 7 0.1698 0.0776 476 149
321-0-1-0.05-50-0 0 2367 48 4 20 11 0.1153 0.0723 334 351
321-0-1-0.05-50-0 0 2367 42 4 2 10 0.7447 0.0723 106 351
321-0-1-0.05-50-0 0 2368 33 13 8 1 0.6893 0.8878 191 151
321-0-1-0.05-50-0 0 2368 5 33 2 8 0.0007 0.6893 226 191
321-0-1-0.05-50-0 0 2369 27 34 7 7 0.0776 0.7448 149 168
321-0-1-0.05-50-0 0 2369 31 28 4 4 0.5626 0.3846 252 311
321-0-1-0.05-50-0 0 2370 27 23 7 10 0.0776 0.1698 149 476
321-0-1-0.05-50-0 0 2370 27 48 7 21 0.0776 0.1153 149 334
321-0-1-0.05-50-0 0 2371 49 40 2 1 0.1842 0.9739 136 104
321-0-1-0.05-50-0 0 2371 33 10 5 1 0.6893 0.2533 191 449
321-0-1-0.05-50-0 0 2372 45 31 12 5 0.3816 0.5626 173 252
321-0-1-0.05-50-0 0 2372 26 45 3 12 0.8171 0.3816 141 173
321-0-1-0.05-50-0 0 2373 45 31 11 4 0.3816 0.5626 173 252
321-0-1-0.05-50-0 0 2373 3 4 7 11 0.4813 0.0723 321 351
321-0-1-0.05-50-0 0 2374 45 46 11 6 0.3816 0.3451 173 327
321-0-1-0.05-50-0 0 2374 31 23 3 8 0.5626 0.1698 252 476
321-0-1-0.05-50-0 0 2375 45 19 12 3 0.3816 0.8072 173 134
321-0-1-0.05-50-0 0 2375 23 25 8 2 0.1698 0.9430 476 125
321-0-1-0.05-50-0 0 2376 28 48 4 18 0.3846 0.1153 311 334
321-0-1-0.05-50-0 0 2376 48 46 17 6 0.1153 0.3451 334 327
321-0-1-0.05-50-0 0 2377 45 23 13 9 0.3816 0.1698 173 476
321-0-1-0.05-50-0 0 2377 48 28 17 5 0.1153 0.3846 334 311
321-0-1-0.05-50-0 0 2378 47 18 4 1 0.9293 0.2181 103 226
321-0-1-0.05-50-0 0 2378 11 27 8 4 0.0504 0.0776 384 149
321-0-1-0.05-50-0 0 2379 49 45 4 12 0.1842 0.3816 136 173
321-0-1-0.05-50-0 0 2379 25 29 1 1 0.9430 0.6728 125 177
321-0-1-0.05-50-0 0 2380 39 48 5 21 0.2187 0.1153 309 334
321-0-1-0.05-50-0 0 2380 11 5 9 4 0.0504 0.0007 384 226
321-0-1-0.05-50-0 0 2381 45 16 11 3 0.3816 0.2228 173 149
321-0-1-0.05-50-0 0 2381 48 28 20 3 0.1153 0.3846 334 311
321-0-1-0.05-50-0 0 2382 4 45 12 11 0.0723 0.3816 351 173
321-0-1-0.05-50-0 0 2382 31 12 5 2 0.5626 0.1896 252 325
321-0-1-0.05-50-0 0 2383 33 26 5 3 0.6893 0.8171 191 141
321-0-1-0.05-50-0 0 2383 45 48 12 23 0.3816 0.1153 173 334
321-0-1-0.05-50-0 0 2384 22 48 1 21 0.0160 0.1153 311 334
321-0-1-0.05-50-0 0 2384 11 33 10 5 0.0504 0.6893 384 191
321-0-1-0.05-50-0 0 2385 45 43 12 2 0.3816 0.8316 173 123
321-0-1-0.05-50-0 0 2385 45 47 12 6 0.3816 0.9293 173 103
321-0-1-0.05-50-0 0 2386 46 39 9 5 0.3451 0.2187 327 309
321-0-1-0.05-50-0 0 2386 3 46 12 9 0.4813 0.3451 321 327
321-0-1-0.05-50-0 0 2387 3 23 11 11 0.4813 0.1698 321 476
321-0-1-0.05-50-0 0 2387 3 47 11 5 0.4813 0.9293 321 103
321-0-1-0.05-50-0 0 2388 23 4 11 11 0.1698 0.0723 476 351
321-0-1-0.05-50-0 0 2388 48 49 21 5 0.1153 0.1842 334 136
321-0-1-0.05-50-0 0 2388 11 11 10 10 0.0504 0.0504 384 384
321-0-1-0.05-50-0 0 2389 11 50 10 1 0.0504 0.2147 384 147
321-0-1-0.05-50-0 0 2389 27 46 7 10 0.0776 0.3451 149 327
321-0-1-0.05-50-0 0 2389 26 34 2 8 0.8171 0.7448 141 168
321-0-1-0.05-50-0 0 2390 12 48 1 23 0.1896 0.1153 325 334
321-0-1-0.05-50-0 0 2390 23 45 12 15 0.1698 0.3816 476 173
321-0-1-0.05-50-0 0 2390 47 11 4 9 0.9293 0.0504 103 384
321-0-1-0.05-50-0 0 2391 23 27 12 7 0.1698 0.0776 476 149
321-0-1-0.05-50-0 0 2391 34 46 7 12 0.7448 0.3451 168 327
321-0-1-0.05-50-0 0 2391 48 46 22 11 0.1153 0.3451 334 327
321-0-1-0.05-50-0 0 2392 11 28 8 4 0.0504 0.3846 384 311
321-0-1-0.05-50-0 0 2392 5 46 3 12 0.0007 0.3451 226 327
321-0-1-0.05-50-0 0 2392 48 23 22 13 0.1153 0.1698 334 476
321-0-1-0.05-50-0 0 2393 48 27 21 7 0.1153 0.0776 334 149
321-0-1-0.05-50-0 0 2393 31 45 5 12 0.5626 0.3816 252 173
321-0-1-0.05-50-0 0 2393 23 48 14 21 0.1698 0.1153 476 334
321-0-1-0.05-50-0 0 2394 27 46 7 13 0.0776 0.3451 149 327
321-0-1-0.05-50-0 0 2394 23 49 13 4 0.1698 0.1842 476 136
321-0-1-0.05-50-0 0 2394 32 18 5 2 0.6514 0.2181 215 226
321-0-1-0.05-50-0 0 2395 32 48 5 23 0.6514 0.1153 215 334
321-0-1-0.05-50-0 0 2395 23 28 12 3 0.1698 0.3846 476 311
321-0-1-0.05-50-0 0 2395 46 49 12 3 0.3451 0.1842 327 136
321-0-1-0.05-50-0 0 2396 3 46 14 12 0.4813 0.3451 321 327
321-0-1-0.05-50-0 0 2396 18 46 1 11 0.2181 0.3451 226 327
321-0-1-0.05-50-0 0 2396 27 48 8 23 0.0776 0.1153 149 334
321-0-1-0.05-50-0 0 2397 47 32 4 5 0.9293 0.6514 103 215
321-0-1-0.05-50-0 0 2397 45 46 13 11 0.3816 0.3451 173 327
321-0-1-0.05-50-0 0 2397 31 49 5 3 0.5626 0.1842 252 136
321-0-1-0.05-50-0 0 2398 43 26 1 3 0.8316 0.8171 123 141
321-0-1-0.05-50-0 0 2398 45 23 12 10 0.3816 0.1698 173 476
321-0-1-0.05-50-0 0 2398 11 5 13 4 0.0504 0.0007 384 226
321-0-1-0.05-50-0 0 2399 19 23 3 9 0.8072 0.1698 134 476
321-0-1-0.05-50-0 0 2399 32 27 4 10 0.6514 0.0776 215 149
321-0-1-0.05-50-0 0 2399 3 39 14 6 0.4813 0.2187 321 309
321-0-1-0.05-50-0 0 2400 3 4 16 10 0.4813 0.0723 321 351
321-0-1-0.05-50-0 0 2400 22 34 1 6 0.0160 0.7448 311 168
321-0-1-0.05-50-0 0 2400 31 23 5 7 0.5626 0.1698 252 476
321-0-1-0.05-50-0 0 2401 31 23 6 7 0.5626 0.1698 252 476
321-0-1-0.05-50-0 0 2401 48 48 24 24 0.1153 0.1153 334 334
321-0-1-0.05-50-0 0 2401 47 48 6 23 0.9293 0.1153 103 334
321-0-1-0.05-50-0 0 2402 11 3 13 16 0.0504 0.4813 384 321
321-0-1-0.05-50-0 0 2402 22 11 1 13 0.0160 0.0504 311 384
321-0-1-0.05-50-0 0 2402 3 32 15 5 0.4813 0.6514 321 215
321-0-1-0.05-50-0 0 2403 11 28 12 2 0.0504 0.3846 384 311
321-0-1-0.05-50-0 0 2403 45 39 14 5 0.3816 0.2187 173 309
321-0-1-0.05-50-0 0 2403 46 31 9 6 0.3451 0.5626 327 252
321-0-1-0.05-50-0 0 2404 3 31 16 5 0.4813 0.5626 321 252
321-0-1-0.05-50-0 0 2404 18 39 1 4 0.2181 0.2187 226 309
321-0-1-0.05-50-0 0 2405 47 47 7 7 0.9293 0.9293 103 103
321-0-1-0.05-50-0 0 2405 11 47 13 6 0.0504 0.9293 384 103
321-0-1-0.05-50-0 0 2405 23 23 7 7 0.1698 0.1698 476 476
321-0-1-0.05-50-0 0 2406 4 3 5 17 0.0723 0.4813 351 321
321-0-1-0.05-50-0 0 2406 31 48 3 23 0.5626 0.1153 252 334
321-0-1-0.05-50-0 0 2407 34 34 6 6 0.7448 0.7448 168 168
321-0-1-0.05-50-0 0 2407 45 27 13 10 0.3816 0.0776 173 149
321-0-1-0.05-50-0 0 2407 3 27 16 9 0.4813 0.0776 321 149
321-0-1-0.05-50-0 0 2408 46 11 7 15 0.3451 0.0504 327 384
321-0-1-0.05-50-0 0 2408 43 48 3 24 0.8316 0.1153 123 334
321-0-1-0.05-50-0 0 2408 34 48 5 23 0.7448 0.1153 168 334
321-0-1-0.05-50-0 0 2409 48 48 24 24 0.1153 0.1153 334 334
321-0-1-0.05-50-0 0 2409 27 45 9 13 0.0776 0.3816 149 173
321-0-1-0.05-50-0 0 2409 45 23 12 4 0.3816 0.1698 173 476
321-0-1-0.05-50-0 0 2410 11 27 15 10 0.0504 0.0776 384 149
321-0-1-0.05-50-0 0 2410 39 11 4 15 0.2187 0.0504 309 384
321-0-1-0.05-50-0 0 2410 48 48 21 21 0.1153 0.1153 334 334
321-0-1-0.05-50-0 0 2411 11 48 14 19 0.0504 0.1153 384 334
321-0-1-0.05-50-0 0 2411 31 32 5 8 0.5626 0.6514 252 215
321-0-1-0.05-50-0 0 2412 50 4 2 5 0.2147 0.0723 147 351
321-0-1-0.05-50-0 0 2412 23 32 3 7 0.1698 0.6514 476 215
321-0-1-0.05-50-0 0 2413 27 38 12 2 0.0776 0.6163 149 270
321-0-1-0.05-50-0 0 2413 11 15 16 1 0.0504 0.7918 384 149
321-0-1-0.05-50-0 0 2413 31 26 5 3 0.5626 0.8171 252 141
321-0-1-0.05-50-0 0 2414 3 27 16 13 0.4813 0.0776 321 149
321-0-1-0.05-50-0 0 2414 39 47 4 3 0.2187 0.9293 309 103
321-0-1-0.05-50-0 0 2414 27 46 12 8 0.0776 0.3451 149 327
321-0-1-0.05-50-0 0 2415 3 49 17 2 0.4813 0.1842 321 136
321-0-1-0.05-50-0 0 2415 11 46 17 8 0.0504 0.3451 384 327
321-0-1-0.05-50-0 0 2415 48 3 22 17 0.1153 0.4813 334 321
321-0-1-0.05-50-0 0 2416 48 19 21 2 0.1153 0.8072 334 134
321-0-1-0.05-50-0 0 2416 26 11 3 16 0.8171 0.0504 141 384
321-0-1-0.05-50-0 0 2417 22 32 1 6 0.0160 0.6514 311 215
321-0-1-0.05-50-0 0 2417 36 13 2 1 0.8162 0.8878 165 151
321-0-1-0.05-50-0 0 2418 5 43 1 4 0.0007 0.8316 226 123
321-0-1-0.05-50-0 0 2418 48 32 19 5 0.1153 0.6514 334 215
321-0-1-0.05-50-0 0 2419 39 34 4 6 0.2187 0.7448 309 168
321-0-1-0.05-50-0 0 2419 48 32 20 4 0.1153 0.6514 334 215
321-0-1-0.05-50-0 0 2419 48 2 20 1 0.1153 0.8198 334 167
321-0-1-0.05-50-0 0 2420 36 3 2 18 0.8162 0.4813 165 321
321-0-1-0.05-50-0 0 2420 48 26 21 4 0.1153 0.8171 334 141
321-0-1-0.05-50-0 0 2420 48 27 21 13 0.1153 0.0776 334 149
321-0-1-0.05-50-0 0 2421 11 27 17 13 0.0504 0.0776 384 149
321-0-1-0.05-50-0 0 2421 32 23 4 6 0.6514 0.1698 215 476
321-0-1-0.05-50-0 0 2421 45 27 15 12 0.3816 0.0776 173 149
321-0-1-0.05-50-0 0 2422 11 45 18 15 0.0504 0.3816 384 173
321-0-1-0.05-50-0 0 2422 26 11 3 18 0.8171 0.0504 141 384
321-0-1-0.05-50-0 0 2422 50 27 4 11 0.2147 0.0776 147 149
321-0-1-0.05-50-0 0 2423 48 46 22 5 0.1153 0.3451 334 327
321-0-1-0.05-50-0 0 2423 3 46 17 4 0.4813 0.3451 321 327
321-0-1-0.05-50-0 0 2423 27 39 11 4 0.0776 0.2187 149 309
321-0-1-0.05-50-0 0 2424 15 5 1 2 0.7918 0.0007 149 226
321-0-1-0.05-50-0 0 2424 23 48 6 24 0.1698 0.1153 476 334
321-0-1-0.05-50-0 0 2424 31 48 4 23 0.5626 0.1153 252 334
321-0-1-0.05-50-0 0 2425 4 11 3 17 0.0723 0.0504 351 384
321-0-1-0.05-50-0 0 2425 34 28 3 4 0.7448 0.3846 168 311
321-0-1-0.05-50-0 0 2425 46 27 3 13 0.3451 0.0776 327 149
321-0-1-0.05-50-0 0 2426 45 45 13 13 0.3816 0.3816 173 173
321-0-1-0.05-50-0 0 2426 27 3 13 20 0.0776 0.4813 149 321
321-0-1-0.05-50-0 0 2426 11 11 18 18 0.0504 0.0504 384 384
321-0-1-0.05-50-0 0 2427 39 11 3 18 0.2187 0.0504 309 384
321-0-1-0.05-50-0 0 2427 28 1 3 6 0.3846 0.2520 311 409
321-0-1-0.05-50-0 0 2427 35 48 4 24 0.0354 0.1153 158 334
321-0-1-0.05-50-0 0 2428 39 48 3 24 0.2187 0.1153 309 334
321-0-1-0.05-50-0 0 2428 3 46 18 4 0.4813 0.3451 321 327
321-0-1-0.05-50-0 0 2428 11 11 17 17 0.0504 0.0504 384 384
321-0-1-0.05-50-0 0 2429 18 48 2 24 0.2181 0.1153 226 334
321-0-1-0.05-50-0 0 2429 11 3 15 18 0.0504 0.4813 384 321
321-0-1-0.05-50-0 0 2429 3 17 17 6 0.4813 0.6398 321 197
321-0-1-0.05-50-0 0 2430 23 27 6 13 0.1698 0.0776 476 149
321-0-1-0.05-50-0 0 2430 27 43 12 4 0.0776 0.8316 149 123
321-0-1-0.05-50-0 0 2430 3 31 18 3 0.4813 0.5626 321 252
321-0-1-0.05-50-0 0 2431 39 27 3 12 0.2187 0.0776 309 149
321-0-1-0.05-50-0 0 2431 38 21 3 3 0.6163 0.4184 270 158
321-0-1-0.05-50-0 0 2431 3 48 18 22 0.4813 0.1153 321 334
321-0-1-0.05-50-0 0 2432 48 33 23 4 0.1153 0.6893 334 191
321-0-1-0.05-50-0 0 2432 11 48 16 23 0.0504 0.1153 384 334
321-0-1-0.05-50-0 0 2432 17 11 6 16 0.6398 0.0504 197 384
321-0-1-0.05-50-0 0 2433 48 48 23 23 0.1153 0.1153 334 334
321-0-1-0.05-50-0 0 2433 15 49 1 3 0.7918 0.1842 149 136
321-0-1-0.05-50-0 0 2433 48 47 22 2 0.1153 0.9293 334 103
321-0-1-0.05-50-0 0 2434 48 7 23 2 0.1153 0.9267 334 106
321-0-1-0.05-50-0 0 2434 48 48 23 23 0.1153 0.1153 334 334
321-0-1-0.05-50-0 0 2435 17 11 6 14 0.6398 0.0504 197 384
321-0-1-0.05-50-0 0 2435 1 1 8 8 0.2520 0.2520 409 409
321-0-1-0.05-50-0 0 2436 48 48 26 26 0.1153 0.1153 334 334
321-0-1-0.05-50-0 0 2436 17 23 6 4 0.6398 0.1698 197 476
321-0-1-0.05-50-0 0 2437 48 46 25 3 0.1153 0.3451 334 327
321-0-1-0.05-50-0 0 2437 11 11 14 14 0.0504 0.0504 384 384
321-0-1-0.05-50-0 0 2438 44 3 3 14 0.7034 0.4813 118 321
321-0-1-0.05-50-0 0 2438 45 47 11 1 0.3816 0.9293 173 103
321-0-1-0.05-50-0 0 2439 17 45 6 10 0.6398 0.3816 197 173
321-0-1-0.05-50-0 0 2439 27 3 13 13 0.0776 0.4813 149 321
321-0-1-0.05-50-0 0 2440 27 45 14 9 0.0776 0.3816 149 173
321-0-1-0.05-50-0 0 2440 11 27 13 14 0.0504 0.0776 384 149
321-0-1-0.05-50-0 0 2441 21 48 1 24 0.4184 0.1153 158 334
321-0-1-0.05-50-0 0 2441 48 32 23 4 0.1153 0.6514 334 215
321-0-1-0.05-50-0 0 2442 27 42 17 3 0.0776 0.7447 149 106
321-0-1-0.05-50-0 0 2442 50 48 3 25 0.2147 0.1153 147 334
321-0-1-0.05-50-0 0 2442 27 49 17 1 0.0776 0.1842 149 136
321-0-1-0.05-50-0 0 2443 48 42 24 2 0.1153 0.7447 334 106
321-0-1-0.05-50-0 0 2443 48 27 24 18 0.1153 0.0776 334 149
321-0-1-0.05-50-0 0 2444 5 3 1 14 0.0007 0.4813 226 321
321-0-1-0.05-50-0 0 2444 32 48 3 24 0.6514 0.1153 215 334
321-0-1-0.05-50-0 0 2445 27 11 18 11 0.0776 0.0504 149 384
321-0-1-0.05-50-0 0 2445 27 27 18 18 0.0776 0.0776 149 149
321-0-1-0.05-50-0 0 2446 42 48 2 22 0.7447 0.1153 106 334
321-0-1-0.05-50-0 0 2446 3 11 13 9 0.4813 0.0504 321 384
321-0-1-0.05-50-0 0 2447 7 27 1 18 0.9267 0.0776 106 149
321-0-1-0.05-50-0 0 2447 3 48 12 22 0.4813 0.1153 321 334
321-0-1-0.05-50-0 0 2448 27 48 19 21 0.0776 0.1153 149 334
321-0-1-0.05-50-0 0 2448 31 27 3 19 0.5626 0.0776 252 149
321-0-1-0.05-50-0 0 2449 22 3 3 12 0.0160 0.4813 311 321
321-0-1-0.05-50-0 0 2449 28 7 4 1 0.3846 0.9267 311 106
321-0-1-0.05-50-0 0 2450 23 4 5 7 0.1698 0.0723 476 351
321-0-1-0.05-50-0 0 2450 3 1 13 7 0.4813 0.2520 321 409
321-0-1-0.05-50-0 0 2451 27 1 18 5 0.0776 0.2520 149 409
321-0-1-0.05-50-0 0 2451 3 48 13 22 0.4813 0.1153 321 334
321-0-1-0.05-50-0 0 2452 21 48 2 21 0.4184 0.1153 158 334
321-0-1-0.05-50-0 0 2452 3 7 12 1 0.4813 0.9267 321 106
321-0-1-0.05-50-0 0 2453 17 3 6 12 0.6398 0.4813 197 321
321-0-1-0.05-50-0 0 2453 48 50 20 6 0.1153 0.2147 334 147
321-0-1-0.05-50-0 0 2453 34 28 2 5 0.7448 0.3846 168 311
321-0-1-0.05-50-0 0 2454 17 48 7 21 0.6398 0.1153 197 334
321-0-1-0.05-50-0 0 2454 27 27 20 20 0.0776 0.0776 149 149
321-0-1-0.05-50-0 0 2454 45 18 11 3 0.3816 0.2181 173 226
321-0-1-0.05-50-0 0 2455 23 44 6 7 0.1698 0.7034 476 118
321-0-1-0.05-50-0 0 2455 1 1 3 3 0.2520 0.2520 409 409
321-0-1-0.05-50-0 0 2455 26 29 7 2 0.8171 0.6728 141 177
321-0-1-0.05-50-0 0 2456 23 48 6 20 0.1698 0.1153 476 334
321-0-1-0.05-50-0 0 2456 34 27 2 19 0.7448 0.0776 168 149
321-0-1-0.05-50-0 0 2457 27 27 18 18 0.0776 0.0776 149 149
321-0-1-0.05-50-0 0 2457 28 50 5 6 0.3846 0.2147 311 147
321-0-1-0.05-50-0 0 2458 22 11 3 10 0.0160 0.0504 311 384
321-0-1-0.05-50-0 0 2458 46 27 1 17 0.3451 0.0776 327 149
321-0-1-0.05-50-0 0 2459 29 45 1 12 0.6728 0.3816 177 173
321-0-1-0.05-50-0 0 2459 18 48 2 20 0.2181 0.1153 226 334
321-0-1-0.05-50-0 0 2459 26 50 8 5 0.8171 0.2147 141 147
321-0-1-0.05-50-0 0 2460 26 26 8 8 0.8171 0.8171 141 141
321-0-1-0.05-50-0 0 2460 45 44 11 8 0.3816 0.7034 173 118
321-0-1-0.05-50-0 0 2461 3 44 10 7 0.4813 0.7034 321 118
321-0-1-0.05-50-0 0 2461 18 19 2 1 0.2181 0.8072 226 134
321-0-1-0.05-50-0 0 2462 45 48 10 19 0.3816 0.1153 173 334
321-0-1-0.05-50-0 0 2462 48 21 18 3 0.1153 0.4184 334 158
321-0-1-0.05-50-0 0 2463 21 4 3 9 0.4184 0.0723 158 351
321-0-1-0.05-50-0 0 2463 39 27 8 20 0.2187 0.0776 309 149
321-0-1-0.05-50-0 0 2463 44 3 6 10 0.7034 0.4813 118 321
321-0-1-0.05-50-0 0 2464 11 27 8 21 0.0504 0.0776 384 149
321-0-1-0.05-50-0 0 2464 31 4 1 9 0.5626 0.0723 252 351
321-0-1-0.05-50-0 0 2464 23 44 5 6 0.1698 0.7034 476 118
321-0-1-0.05-50-0 0 2465 27 45 20 12 0.0776 0.3816 149 173
321-0-1-0.05-50-0 0 2465 26 27 7 20 0.8171 0.0776 141 149
321-0-1-0.05-50-0 0 2465 27 45 19 11 0.0776 0.3816 149 173
321-0-1-0.05-50-0 0 2466 15 39 1 10 0.7918 0.2187 149 309
321-0-1-0.05-50-0 0 2466 45 17 10 7 0.3816 0.6398 173 197
321-0-1-0.05-50-0 0 2466 3 48 9 14 0.4813 0.1153 321 334
321-0-1-0.05-50-0 0 2467 45 27 11 21 0.3816 0.0776 173 149
321-0-1-0.05-50-0 0 2467 11 50 12 8 0.0504 0.2147 384 147
321-0-1-0.05-50-0 0 2467 11 27 12 20 0.0504 0.0776 384 149
321-0-1-0.05-50-0 0 2468 17 45 5 11 0.6398 0.3816 197 173
321-0-1-0.05-50-0 0 2468 11 32 10 4 0.0504 0.6514 384 215
321-0-1-0.05-50-0 0 2468 4 39 11 8 0.0723 0.2187 351 309
321-0-1-0.05-50-0 0 2469 22 30 5 2 0.0160 0.6008 311 266
321-0-1-0.05-50-0 0 2469 44 48 5 15 0.7034 0.1153 118 334
321-0-1-0.05-50-0 0 2470 1 3 2 9 0.2520 0.4813 409 321
321-0-1-0.05-50-0 0 2470 3 17 8 4 0.4813 0.6398 321 197
321-0-1-0.05-50-0 0 2471 38 44 5 7 0.6163 0.7034 270 118
321-0-1-0.05-50-0 0 2471 45 22 11 4 0.3816 0.0160 173 311
321-0-1-0.05-50-0 0 2471 11 45 9 11 0.0504 0.3816 384 173
321-0-1-0.05-50-0 0 2472 45 50 9 8 0.3816 0.2147 173 147
321-0-1-0.05-50-0 0 2472 50 50 7 7 0.2147 0.2147 147 147
321-0-1-0.05-50-0 0 2472 27 39 21 9 0.0776 0.2187 149 309
321-0-1-0.05-50-0 0 2473 44 28 7 5 0.7034 0.3846 118 311
321-0-1-0.05-50-0 0 2473 4 23 14 5 0.0723 0.1698 351 476
321-0-1-0.05-50-0 0 2473 39 22 7 4 0.2187 0.0160 309 311
321-0-1-0.05-50-0 0 2474 27 38 20 6 0.0776 0.6163 149 270
321-0-1-0.05-50-0 0 2474 4 4 13 13 0.0723 0.0723 351 351
321-0-1-0.05-50-0 0 2475 38 5 5 3 0.6163 0.0007 270 226
321-0-1-0.05-50-0 0 2475 17 26 3 7 0.6398 0.8171 197 141
321-0-1-0.05-50-0 0 2475 38 11 5 10 0.6163 0.0504 270 384
321-0-1-0.05-50-0 0 2476 27 3 20 12 0.0776 0.4813 149 321
321-0-1-0.05-50-0 0 2476 44 11 7 10 0.7034 0.0504 118 384
321-0-1-0.05-50-0 0 2476 3 48 11 16 0.4813 0.1153 321 334
321-0-1-0.05-50-0 0 2477 42 37 1 1 0.7447 0.8481 106 127
321-0-1-0.05-50-0 0 2477 3 27 13 23 0.4813 0.0776 321 149
321-0-1-0.05-50-0 0 2477 38 3 7 13 0.6163 0.4813 270 321
321-0-1-0.05-50-0 0 2478 32 45 3 11 0.6514 0.3816 215 173
321-0-1-0.05-50-0 0 2478 23 34 5 3 0.1698 0.7448 476 168
321-0-1-0.05-50-0 0 2478 48 45 18 10 0.1153 0.3816 334 173
321-0-1-0.05-50-0 0 2479 27 33 24 2 0.0776 0.6893 149 191
321-0-1-0.05-50-0 0 2479 3 3 13 13 0.4813 0.4813 321 321
321-0-1-0.05-50-0 0 2479 39 3 7 12 0.2187 0.4813 309 321
321-0-1-0.05-50-0 0 2480 27 27 28 28 0.0776 0.0776 149 149
321-0-1-0.05-50-0 0 2480 5 27 3 27 0.0007 0.0776 226 149
321-0-1-0.05-50-0 0 2480 21 4 1 11 0.4184 0.0723 158 351
321-0-1-0.05-50-0 0 2481 27 50 27 4 0.0776 0.2147 149 147
321-0-1-0.05-50-0 0 2481 50 4 3 10 0.2147 0.0723 147 351
321-0-1-0.05-50-0 0 2481 1 45 3 11 0.2520 0.3816 409 173
321-0-1-0.05-50-0 0 2482 48 18 18 4 0.1153 0.2181 334 226
321-0-1-0.05-50-0 0 2482 44 38 6 5 0.7034 0.6163 118 270
321-0-1-0.05-50-0 0 2482 11 4 10 9 0.0504 0.0723 384 351
321-0-1-0.05-50-0 0 2483 27 45 28 10 0.0776 0.3816 149 173
321-0-1-0.05-50-0 0 2483 45 3 9 12 0.3816 0.4813 173 321
321-0-1-0.05-50-0 0 2483 45 26 9 6 0.3816 0.8171 173 141
321-0-1-0.05-50-0 0 2484 3 4 11 8 0.4813 0.0723 321 351
321-0-1-0.05-50-0 0 2484 27 39 28 5 0.0776 0.2187 149 309
321-0-1-0.05-50-0 0 2484 30 26 3 4 0.6008 0.8171 266 141
321-0-1-0.05-50-0 0 2485 35 48 3 22 0.0354 0.1153 158 334
321-0-1-0.05-50-0 0 2485 27 45 28 9 0.0776 0.3816 149 173
321-0-1-0.05-50-0 0 2486 27 18 28 4 0.0776 0.2181 149 226
321-0-1-0.05-50-0 0 2486 32 45 3 7 0.6514 0.3816 215 173
321-0-1-0.05-50-0 0 2487 38 30 4 4 0.6163 0.6008 270 266
321-0-1-0.05-50-0 0 2487 4 11 8 9 0.0723 0.0504 351 384
321-0-1-0.05-50-0 0 2488 48 45 20 5 0.1153 0.3816 334 173
321-0-1-0.05-50-0 0 2488 17 40 3 1 0.6398 0.9739 197 104
321-0-1-0.05-50-0 0 2489 14 39 2 5 0.8451 0.2187 105 309
321-0-1-0.05-50-0 0 2489 3 11 11 8 0.4813 0.0504 321 384
321-0-1-0.05-50-0 0 2490 25 3 1 12 0.9430 0.4813 125 321
321-0-1-0.05-50-0 0 2490 5 43 2 3 0.0007 0.8316 226 123
321-0-1-0.05-50-0 0 2491 42 48 1 18 0.7447 0.1153 106 334
321-0-1-0.05-50-0 0 2491 38 30 4 5 0.6163 0.6008 270 266
321-0-1-0.05-50-0 0 2492 11 23 8 5 0.0504 0.1698 384 476
321-0-1-0.05-50-0 0 2492 45 43 5 3 0.3816 0.8316 173 123
321-0-1-0.05-50-0 0 2493 26 48 3 20 0.8171 0.1153 141 334
321-0-1-0.05-50-0 0 2493 48 3 19 9 0.1153 0.4813 334 321
321-0-1-0.05-50-0 0 2494 22 4 1 7 0.0160 0.0723 311 351
321-0-1-0.05-50-0 0 2494 48 50 19 3 0.1153 0.2147 334 147
321-0-1-0.05-50-0 0 2495 17 48 3 21 0.6398 0.1153 197 334
321-0-1-0.05-50-0 0 2495 27 5 23 1 0.0776 0.0007 149 226
321-0-1-0.05-50-0 0 2496 27 45 25 5 0.0776 0.3816 149 173
321-0-1-0.05-50-0 0 2496 48 48 20 20 0.1153 0.1153 334 334
321-0-1-0.05-50-0 0 2497 27 42 25 1 0.0776 0.7447 149 106
321-0-1-0.05-50-0 0 2497 16 27 2 25 0.2228 0.0776 149 149
321-0-1-0.05-50-0 0 2498 38 41 3 2 0.6163 0.9621 270 105
321-0-1-0.05-50-0 0 2498 34 3 2 10 0.7448 0.4813 168 321
321-0-1-0.05-50-0 0 2499 1 44 3 5 0.2520 0.7034 409 118
321-0-1-0.05-50-0 0 2499 48 26 22 3 0.1153 0.8171 334 141
321-0-1-0.05-50-0 0 2500 39 35 5 3 0.2187 0.0354 309 158
321-0-1-0.05-50-0 0 2500 26 8 2 1 0.8171 0.2506 141 303
