323-0-1-0.05-50-0 0 2302 3 26 7 4 0.4813 0.8171 321 141
323-0-1-0.05-50-0 0 2302 31 24 6 7 0.5626 0.1940 252 254
323-0-1-0.05-50-0 0 2303 16 21 15 10 0.2228 0.4184 149 158
323-0-1-0.05-50-0 0 2303 20 21 1 9 0.9922 0.4184 102 158
323-0-1-0.05-50-0 0 2304 24 5 7 11 0.1940 0.0007 254 226
323-0-1-0.05-50-0 0 2304 3 17 6 8 0.4813 0.6398 321 197
323-0-1-0.05-50-0 0 2305 7 40 3 2 0.9267 0.9739 106 104
323-0-1-0.05-50-0 0 2305 39 24 4 7 0.2187 0.1940 309 254
323-0-1-0.05-50-0 0 2306 28 16 8 17 0.3846 0.2228 311 149
323-0-1-0.05-50-0 0 2306 3 30 8 1 0.4813 0.6008 321 266
323-0-1-0.05-50-0 0 2307 16 31 17 8 0.2228 0.5626 149 252
323-0-1-0.05-50-0 0 2307 7 45 3 3 0.9267 0.3816 106 173
323-0-1-0.05-50-0 0 2308 16 48 16 2 0.2228 0.1153 149 334
323-0-1-0.05-50-0 0 2308 11 18 7 4 0.0504 0.2181 384 226
323-0-1-0.05-50-0 0 2309 49 37 1 3 0.1842 0.8481 136 127
323-0-1-0.05-50-0 0 2309 6 18 2 3 0.4266 0.2181 249 226
323-0-1-0.05-50-0 0 2310 7 10 5 5 0.9267 0.2533 106 449
323-0-1-0.05-50-0 0 2310 5 17 10 9 0.0007 0.6398 226 197
323-0-1-0.05-50-0 0 2311 40 38 1 10 0.9739 0.6163 104 270
323-0-1-0.05-50-0 0 2311 5 3 11 7 0.0007 0.4813 226 321
323-0-1-0.05-50-0 0 2312 24 38 5 11 0.1940 0.6163 254 270
323-0-1-0.05-50-0 0 2312 13 10 8 5 0.8878 0.2533 151 449
323-0-1-0.05-50-0 0 2313 16 13 15 8 0.2228 0.8878 149 151
323-0-1-0.05-50-0 0 2313 46 22 1 4 0.3451 0.0160 327 311
323-0-1-0.05-50-0 0 2314 11 26 6 2 0.0504 0.8171 384 141
323-0-1-0.05-50-0 0 2314 13 21 8 9 0.8878 0.4184 151 158
323-0-1-0.05-50-0 0 2314 7 38 4 11 0.9267 0.6163 106 270
323-0-1-0.05-50-0 0 2315 39 13 6 8 0.2187 0.8878 309 151
323-0-1-0.05-50-0 0 2315 34 25 7 5 0.7448 0.9430 168 125
323-0-1-0.05-50-0 0 2315 50 34 2 7 0.2147 0.7448 147 168
323-0-1-0.05-50-0 0 2316 38 14 12 3 0.6163 0.8451 270 105
323-0-1-0.05-50-0 0 2316 34 1 6 1 0.7448 0.2520 168 409
323-0-1-0.05-50-0 0 2316 38 2 12 2 0.6163 0.8198 270 167
323-0-1-0.05-50-0 0 2317 28 24 10 5 0.3846 0.1940 311 254
323-0-1-0.05-50-0 0 2317 3 14 7 2 0.4813 0.8451 321 105
323-0-1-0.05-50-0 0 2317 28 31 10 8 0.3846 0.5626 311 252
323-0-1-0.05-50-0 0 2318 5 21 12 10 0.0007 0.4184 226 158
323-0-1-0.05-50-0 0 2318 10 38 2 12 0.2533 0.6163 449 270
323-0-1-0.05-50-0 0 2318 16 12 14 2 0.2228 0.1896 149 325
323-0-1-0.05-50-0 0 2319 34 3 5 7 0.7448 0.4813 168 321
323-0-1-0.05-50-0 0 2319 13 28 8 11 0.8878 0.3846 151 311
323-0-1-0.05-50-0 0 2319 28 17 10 10 0.3846 0.6398 311 197
323-0-1-0.05-50-0 0 2320 28 28 10 10 0.3846 0.3846 311 311
323-0-1-0.05-50-0 0 2320 10 31 3 7 0.2533 0.5626 449 252
323-0-1-0.05-50-0 0 2320 34 38 5 10 0.7448 0.6163 168 270
323-0-1-0.05-50-0 0 2321 25 3 6 7 0.9430 0.4813 125 321
323-0-1-0.05-50-0 0 2321 34 34 5 5 0.7448 0.7448 168 168
323-0-1-0.05-50-0 0 2321 21 21 12 12 0.4184 0.4184 158 158
323-0-1-0.05-50-0 0 2322 13 21 8 11 0.8878 0.4184 151 158
323-0-1-0.05-50-0 0 2322 5 24 9 4 0.0007 0.1940 226 254
323-0-1-0.05-50-0 0 2322 5 25 9 6 0.0007 0.9430 226 125
323-0-1-0.05-50-0 0 2323 7 34 9 4 0.9267 0.7448 106 168
323-0-1-0.05-50-0 0 2323 50 25 4 5 0.2147 0.9430 147 125
323-0-1-0.05-50-0 0 2324 37 16 2 21 0.8481 0.2228 127 149
323-0-1-0.05-50-0 0 2324 21 12 11 1 0.4184 0.1896 158 325
323-0-1-0.05-50-0 0 2324 22 16 4 20 0.0160 0.2228 311 149
323-0-1-0.05-50-0 0 2325 38 34 9 3 0.6163 0.7448 270 168
323-0-1-0.05-50-0 0 2325 37 36 2 5 0.8481 0.8162 127 165
323-0-1-0.05-50-0 0 2326 5 3 7 7 0.0007 0.4813 226 321
323-0-1-0.05-50-0 0 2326 5 25 7 6 0.0007 0.9430 226 125
323-0-1-0.05-50-0 0 2327 31 17 8 7 0.5626 0.6398 252 197
323-0-1-0.05-50-0 0 2327 22 31 3 8 0.0160 0.5626 311 252
323-0-1-0.05-50-0 0 2328 34 7 2 9 0.7448 0.9267 168 106
323-0-1-0.05-50-0 0 2328 28 29 6 1 0.3846 0.6728 311 177
323-0-1-0.05-50-0 0 2329 17 5 6 7 0.6398 0.0007 197 226
323-0-1-0.05-50-0 0 2329 36 48 5 4 0.8162 0.1153 165 334
323-0-1-0.05-50-0 0 2330 26 24 1 4 0.8171 0.1940 141 254
323-0-1-0.05-50-0 0 2330 3 21 10 12 0.4813 0.4184 321 158
323-0-1-0.05-50-0 0 2331 50 50 7 7 0.2147 0.2147 147 147
323-0-1-0.05-50-0 0 2331 7 38 7 9 0.9267 0.6163 106 270
323-0-1-0.05-50-0 0 2331 11 6 6 4 0.0504 0.4266 384 249
323-0-1-0.05-50-0 0 2332 21 38 10 8 0.4184 0.6163 158 270
323-0-1-0.05-50-0 0 2332 13 13 7 7 0.8878 0.8878 151 151
323-0-1-0.05-50-0 0 2333 21 13 11 6 0.4184 0.8878 158 151
323-0-1-0.05-50-0 0 2333 48 16 3 23 0.1153 0.2228 334 149
323-0-1-0.05-50-0 0 2334 3 3 12 12 0.4813 0.4813 321 321
323-0-1-0.05-50-0 0 2334 39 16 5 22 0.2187 0.2228 309 149
323-0-1-0.05-50-0 0 2334 40 13 4 5 0.9739 0.8878 104 151
323-0-1-0.05-50-0 0 2335 39 5 4 7 0.2187 0.0007 309 226
323-0-1-0.05-50-0 0 2335 36 3 5 11 0.8162 0.4813 165 321
323-0-1-0.05-50-0 0 2335 3 26 10 1 0.4813 0.8171 321 141
323-0-1-0.05-50-0 0 2336 50 39 6 3 0.2147 0.2187 147 309
323-0-1-0.05-50-0 0 2336 38 3 8 10 0.6163 0.4813 270 321
323-0-1-0.05-50-0 0 2337 7 10 7 5 0.9267 0.2533 106 449
323-0-1-0.05-50-0 0 2337 31 38 8 9 0.5626 0.6163 252 270
323-0-1-0.05-50-0 0 2338 44 28 1 8 0.7034 0.3846 118 311
323-0-1-0.05-50-0 0 2338 17 3 8 11 0.6398 0.4813 197 321
323-0-1-0.05-50-0 0 2339 17 46 8 4 0.6398 0.3451 197 327
323-0-1-0.05-50-0 0 2339 5 10 8 3 0.0007 0.2533 226 449
323-0-1-0.05-50-0 0 2340 16 31 21 8 0.2228 0.5626 149 252
323-0-1-0.05-50-0 0 2340 28 25 8 8 0.3846 0.9430 311 125
323-0-1-0.05-50-0 0 2341 16 7 21 6 0.2228 0.9267 149 106
323-0-1-0.05-50-0 0 2341 5 31 8 8 0.0007 0.5626 226 252
323-0-1-0.05-50-0 0 2342 21 31 13 7 0.4184 0.5626 158 252
323-0-1-0.05-50-0 0 2342 38 16 9 22 0.6163 0.2228 270 149
323-0-1-0.05-50-0 0 2343 14 37 3 1 0.8451 0.8481 105 127
323-0-1-0.05-50-0 0 2343 11 7 3 5 0.0504 0.9267 384 106
323-0-1-0.05-50-0 0 2344 25 40 6 6 0.9430 0.9739 125 104
323-0-1-0.05-50-0 0 2344 21 24 15 4 0.4184 0.1940 158 254
323-0-1-0.05-50-0 0 2345 21 21 15 15 0.4184 0.4184 158 158
323-0-1-0.05-50-0 0 2345 3 14 7 4 0.4813 0.8451 321 105
323-0-1-0.05-50-0 0 2346 40 16 4 17 0.9739 0.2228 104 149
323-0-1-0.05-50-0 0 2346 3 2 6 2 0.4813 0.8198 321 167
323-0-1-0.05-50-0 0 2347 7 3 4 6 0.9267 0.4813 106 321
323-0-1-0.05-50-0 0 2347 43 38 2 12 0.8316 0.6163 123 270
323-0-1-0.05-50-0 0 2347 25 24 7 3 0.9430 0.1940 125 254
323-0-1-0.05-50-0 0 2348 13 38 3 11 0.8878 0.6163 151 270
323-0-1-0.05-50-0 0 2348 38 28 10 9 0.6163 0.3846 270 311
323-0-1-0.05-50-0 0 2349 5 16 10 18 0.0007 0.2228 226 149
323-0-1-0.05-50-0 0 2349 21 6 17 1 0.4184 0.4266 158 249
323-0-1-0.05-50-0 0 2350 38 13 11 1 0.6163 0.8878 270 151
323-0-1-0.05-50-0 0 2350 16 46 16 2 0.2228 0.3451 149 327
323-0-1-0.05-50-0 0 2351 48 5 2 8 0.1153 0.0007 334 226
323-0-1-0.05-50-0 0 2351 11 21 4 20 0.0504 0.4184 384 158
323-0-1-0.05-50-0 0 2352 21 28 19 9 0.4184 0.3846 158 311
323-0-1-0.05-50-0 0 2352 25 28 9 8 0.9430 0.3846 125 311
323-0-1-0.05-50-0 0 2353 27 36 2 6 0.0776 0.8162 149 165
323-0-1-0.05-50-0 0 2353 21 21 19 19 0.4184 0.4184 158 158
323-0-1-0.05-50-0 0 2354 20 25 1 10 0.9922 0.9430 102 125
323-0-1-0.05-50-0 0 2354 28 7 9 4 0.3846 0.9267 311 106
323-0-1-0.05-50-0 0 2354 36 38 5 10 0.8162 0.6163 165 270
323-0-1-0.05-50-0 0 2355 42 12 2 2 0.7447 0.1896 106 325
323-0-1-0.05-50-0 0 2355 38 38 9 9 0.6163 0.6163 270 270
323-0-1-0.05-50-0 0 2356 28 16 10 21 0.3846 0.2228 311 149
323-0-1-0.05-50-0 0 2356 38 31 7 9 0.6163 0.5626 270 252
323-0-1-0.05-50-0 0 2357 3 15 5 1 0.4813 0.7918 321 149
323-0-1-0.05-50-0 0 2357 21 28 16 12 0.4184 0.3846 158 311
323-0-1-0.05-50-0 0 2358 14 40 4 2 0.8451 0.9739 105 104
323-0-1-0.05-50-0 0 2358 21 7 16 2 0.4184 0.9267 158 106
323-0-1-0.05-50-0 0 2359 31 24 10 1 0.5626 0.1940 252 254
323-0-1-0.05-50-0 0 2359 25 38 8 9 0.9430 0.6163 125 270
323-0-1-0.05-50-0 0 2360 25 21 8 16 0.9430 0.4184 125 158
323-0-1-0.05-50-0 0 2360 38 16 9 21 0.6163 0.2228 270 149
323-0-1-0.05-50-0 0 2361 16 14 21 2 0.2228 0.8451 149 105
323-0-1-0.05-50-0 0 2361 17 16 14 21 0.6398 0.2228 197 149
323-0-1-0.05-50-0 0 2362 17 38 15 10 0.6398 0.6163 197 270
323-0-1-0.05-50-0 0 2362 16 5 20 8 0.2228 0.0007 149 226
323-0-1-0.05-50-0 0 2363 21 21 15 15 0.4184 0.4184 158 158
323-0-1-0.05-50-0 0 2363 25 3 7 7 0.9430 0.4813 125 321
323-0-1-0.05-50-0 0 2364 25 5 7 8 0.9430 0.0007 125 226
323-0-1-0.05-50-0 0 2364 38 28 11 10 0.6163 0.3846 270 311
323-0-1-0.05-50-0 0 2365 40 22 2 2 0.9739 0.0160 104 311
323-0-1-0.05-50-0 0 2365 38 17 11 15 0.6163 0.6398 270 197
323-0-1-0.05-50-0 0 2365 27 31 3 11 0.0776 0.5626 149 252
323-0-1-0.05-50-0 0 2366 25 44 6 6 0.9430 0.7034 125 118
323-0-1-0.05-50-0 0 2366 27 21 3 15 0.0776 0.4184 149 158
323-0-1-0.05-50-0 0 2366 31 31 11 11 0.5626 0.5626 252 252
323-0-1-0.05-50-0 0 2367 5 2 7 2 0.0007 0.8198 226 167
323-0-1-0.05-50-0 0 2367 36 28 8 13 0.8162 0.3846 165 311
323-0-1-0.05-50-0 0 2367 3 17 8 16 0.4813 0.6398 321 197
323-0-1-0.05-50-0 0 2368 29 44 2 5 0.6728 0.7034 177 118
323-0-1-0.05-50-0 0 2368 27 17 3 15 0.0776 0.6398 149 197
323-0-1-0.05-50-0 0 2368 31 11 9 3 0.5626 0.0504 252 384
323-0-1-0.05-50-0 0 2369 21 38 12 12 0.4184 0.6163 158 270
323-0-1-0.05-50-0 0 2369 29 28 3 12 0.6728 0.3846 177 311
323-0-1-0.05-50-0 0 2369 28 38 11 11 0.3846 0.6163 311 270
323-0-1-0.05-50-0 0 2370 31 25 9 6 0.5626 0.9430 252 125
323-0-1-0.05-50-0 0 2370 28 28 12 12 0.3846 0.3846 311 311
323-0-1-0.05-50-0 0 2370 31 31 9 9 0.5626 0.5626 252 252
323-0-1-0.05-50-0 0 2371 38 3 9 7 0.6163 0.4813 270 321
323-0-1-0.05-50-0 0 2371 34 16 1 25 0.7448 0.2228 168 149
323-0-1-0.05-50-0 0 2372 46 16 2 22 0.3451 0.2228 327 149
323-0-1-0.05-50-0 0 2372 16 43 21 2 0.2228 0.8316 149 123
323-0-1-0.05-50-0 0 2373 21 17 11 14 0.4184 0.6398 158 197
323-0-1-0.05-50-0 0 2373 16 36 20 9 0.2228 0.8162 149 165
323-0-1-0.05-50-0 0 2374 2 5 2 8 0.8198 0.0007 167 226
323-0-1-0.05-50-0 0 2374 36 35 8 2 0.8162 0.0354 165 158
323-0-1-0.05-50-0 0 2375 5 27 7 4 0.0007 0.0776 226 149
323-0-1-0.05-50-0 0 2375 17 17 12 12 0.6398 0.6398 197 197
323-0-1-0.05-50-0 0 2376 16 21 19 9 0.2228 0.4184 149 158
323-0-1-0.05-50-0 0 2376 36 5 8 7 0.8162 0.0007 165 226
323-0-1-0.05-50-0 0 2377 44 25 7 6 0.7034 0.9430 118 125
323-0-1-0.05-50-0 0 2377 16 11 19 3 0.2228 0.0504 149 384
323-0-1-0.05-50-0 0 2378 44 16 7 19 0.7034 0.2228 118 149
323-0-1-0.05-50-0 0 2378 29 7 2 2 0.6728 0.9267 177 106
323-0-1-0.05-50-0 0 2379 17 16 14 19 0.6398 0.2228 197 149
323-0-1-0.05-50-0 0 2379 44 16 8 18 0.7034 0.2228 118 149
323-0-1-0.05-50-0 0 2380 5 31 9 8 0.0007 0.5626 226 252
323-0-1-0.05-50-0 0 2380 38 44 12 8 0.6163 0.7034 270 118
323-0-1-0.05-50-0 0 2381 11 44 2 7 0.0504 0.7034 384 118
323-0-1-0.05-50-0 0 2381 5 28 8 12 0.0007 0.3846 226 311
323-0-1-0.05-50-0 0 2382 31 28 7 11 0.5626 0.3846 252 311
323-0-1-0.05-50-0 0 2382 16 16 18 18 0.2228 0.2228 149 149
323-0-1-0.05-50-0 0 2383 21 25 8 3 0.4184 0.9430 158 125
323-0-1-0.05-50-0 0 2383 28 27 9 2 0.3846 0.0776 311 149
323-0-1-0.05-50-0 0 2384 17 46 15 2 0.6398 0.3451 197 327
323-0-1-0.05-50-0 0 2384 16 16 18 18 0.2228 0.2228 149 149
323-0-1-0.05-50-0 0 2385 16 38 18 12 0.2228 0.6163 149 270
323-0-1-0.05-50-0 0 2385 25 31 2 7 0.9430 0.5626 125 252
323-0-1-0.05-50-0 0 2386 25 40 2 2 0.9430 0.9739 125 104
323-0-1-0.05-50-0 0 2386 17 43 17 3 0.6398 0.8316 197 123
323-0-1-0.05-50-0 0 2387 16 36 18 9 0.2228 0.8162 149 165
323-0-1-0.05-50-0 0 2387 15 43 1 3 0.7918 0.8316 149 123
323-0-1-0.05-50-0 0 2388 28 44 13 7 0.3846 0.7034 311 118
323-0-1-0.05-50-0 0 2388 21 41 6 1 0.4184 0.9621 158 105
323-0-1-0.05-50-0 0 2389 21 17 7 20 0.4184 0.6398 158 197
323-0-1-0.05-50-0 0 2389 16 5 16 10 0.2228 0.0007 149 226
323-0-1-0.05-50-0 0 2390 15 5 2 9 0.7918 0.0007 149 226
323-0-1-0.05-50-0 0 2390 11 5 3 8 0.0504 0.0007 384 226
323-0-1-0.05-50-0 0 2391 16 16 18 18 0.2228 0.2228 149 149
323-0-1-0.05-50-0 0 2391 36 38 6 9 0.8162 0.6163 165 270
323-0-1-0.05-50-0 0 2392 31 1 9 5 0.5626 0.2520 252 409
323-0-1-0.05-50-0 0 2392 38 50 8 3 0.6163 0.2147 270 147
323-0-1-0.05-50-0 0 2393 16 21 18 9 0.2228 0.4184 149 158
323-0-1-0.05-50-0 0 2393 25 11 3 3 0.9430 0.0504 125 384
323-0-1-0.05-50-0 0 2394 17 28 20 17 0.6398 0.3846 197 311
323-0-1-0.05-50-0 0 2394 27 50 3 2 0.0776 0.2147 149 147
323-0-1-0.05-50-0 0 2395 17 5 20 5 0.6398 0.0007 197 226
323-0-1-0.05-50-0 0 2395 48 17 4 20 0.1153 0.6398 334 197
323-0-1-0.05-50-0 0 2396 25 5 3 4 0.9430 0.0007 125 226
323-0-1-0.05-50-0 0 2396 16 46 20 2 0.2228 0.3451 149 327
323-0-1-0.05-50-0 0 2397 17 27 19 4 0.6398 0.0776 197 149
323-0-1-0.05-50-0 0 2397 17 2 19 2 0.6398 0.8198 197 167
323-0-1-0.05-50-0 0 2398 27 16 3 20 0.0776 0.2228 149 149
323-0-1-0.05-50-0 0 2398 7 16 1 19 0.9267 0.2228 106 149
323-0-1-0.05-50-0 0 2399 31 38 8 8 0.5626 0.6163 252 270
323-0-1-0.05-50-0 0 2399 28 44 13 7 0.3846 0.7034 311 118
323-0-1-0.05-50-0 0 2400 17 21 19 7 0.6398 0.4184 197 158
323-0-1-0.05-50-0 0 2400 17 16 19 19 0.6398 0.2228 197 149
323-0-1-0.05-50-0 0 2401 21 31 7 9 0.4184 0.5626 158 252
323-0-1-0.05-50-0 0 2401 16 44 19 6 0.2228 0.7034 149 118
323-0-1-0.05-50-0 0 2402 16 28 19 15 0.2228 0.3846 149 311
323-0-1-0.05-50-0 0 2402 3 31 6 9 0.4813 0.5626 321 252
323-0-1-0.05-50-0 0 2403 17 16 22 19 0.6398 0.2228 197 149
323-0-1-0.05-50-0 0 2403 3 17 6 22 0.4813 0.6398 321 197
323-0-1-0.05-50-0 0 2404 5 31 4 9 0.0007 0.5626 226 252
323-0-1-0.05-50-0 0 2404 16 28 17 14 0.2228 0.3846 149 311
323-0-1-0.05-50-0 0 2405 17 21 23 7 0.6398 0.4184 197 158
323-0-1-0.05-50-0 0 2405 36 3 3 6 0.8162 0.4813 165 321
323-0-1-0.05-50-0 0 2406 25 36 1 3 0.9430 0.8162 125 165
323-0-1-0.05-50-0 0 2406 28 36 14 2 0.3846 0.8162 311 165
323-0-1-0.05-50-0 0 2407 36 16 1 18 0.8162 0.2228 165 149
323-0-1-0.05-50-0 0 2407 12 31 3 8 0.1896 0.5626 325 252
323-0-1-0.05-50-0 0 2408 3 50 4 3 0.4813 0.2147 321 147
323-0-1-0.05-50-0 0 2408 17 17 24 24 0.6398 0.6398 197 197
323-0-1-0.05-50-0 0 2409 17 28 23 14 0.6398 0.3846 197 311
323-0-1-0.05-50-0 0 2409 16 28 19 13 0.2228 0.3846 149 311
323-0-1-0.05-50-0 0 2410 16 16 21 21 0.2228 0.2228 149 149
323-0-1-0.05-50-0 0 2410 17 5 22 6 0.6398 0.0007 197 226
323-0-1-0.05-50-0 0 2411 17 5 22 5 0.6398 0.0007 197 226
323-0-1-0.05-50-0 0 2411 17 28 22 11 0.6398 0.3846 197 311
323-0-1-0.05-50-0 0 2412 31 17 5 21 0.5626 0.6398 252 197
323-0-1-0.05-50-0 0 2412 31 17 5 20 0.5626 0.6398 252 197
323-0-1-0.05-50-0 0 2413 38 17 8 19 0.6163 0.6398 270 197
323-0-1-0.05-50-0 0 2413 17 5 18 3 0.6398 0.0007 197 226
323-0-1-0.05-50-0 0 2414 24 31 2 5 0.1940 0.5626 254 252
323-0-1-0.05-50-0 0 2414 32 17 3 18 0.6514 0.6398 215 197
323-0-1-0.05-50-0 0 2415 21 27 8 8 0.4184 0.0776 158 149
323-0-1-0.05-50-0 0 2415 24 27 2 7 0.1940 0.0776 254 149
323-0-1-0.05-50-0 0 2416 21 1 9 6 0.4184 0.2520 158 409
323-0-1-0.05-50-0 0 2416 16 43 26 2 0.2228 0.8316 149 123
323-0-1-0.05-50-0 0 2417 16 28 28 9 0.2228 0.3846 149 311
323-0-1-0.05-50-0 0 2417 36 16 4 28 0.8162 0.2228 165 149
323-0-1-0.05-50-0 0 2418 9 29 2 1 0.6134 0.6728 161 177
323-0-1-0.05-50-0 0 2418 17 37 21 4 0.6398 0.8481 197 127
323-0-1-0.05-50-0 0 2418 44 45 4 1 0.7034 0.3816 118 173
323-0-1-0.05-50-0 0 2419 1 28 5 10 0.2520 0.3846 409 311
323-0-1-0.05-50-0 0 2419 17 31 22 5 0.6398 0.5626 197 252
323-0-1-0.05-50-0 0 2420 16 40 32 4 0.2228 0.9739 149 104
323-0-1-0.05-50-0 0 2420 16 31 32 4 0.2228 0.5626 149 252
323-0-1-0.05-50-0 0 2421 3 28 4 10 0.4813 0.3846 321 311
323-0-1-0.05-50-0 0 2421 17 46 23 1 0.6398 0.3451 197 327
323-0-1-0.05-50-0 0 2422 31 27 2 9 0.5626 0.0776 252 149
323-0-1-0.05-50-0 0 2422 3 38 4 10 0.4813 0.6163 321 270
323-0-1-0.05-50-0 0 2423 16 16 35 35 0.2228 0.2228 149 149
323-0-1-0.05-50-0 0 2423 27 16 9 34 0.0776 0.2228 149 149
323-0-1-0.05-50-0 0 2424 37 21 2 10 0.8481 0.4184 127 158
323-0-1-0.05-50-0 0 2424 27 16 8 35 0.0776 0.2228 149 149
323-0-1-0.05-50-0 0 2425 27 37 8 3 0.0776 0.8481 149 127
323-0-1-0.05-50-0 0 2425 16 17 35 27 0.2228 0.6398 149 197
323-0-1-0.05-50-0 0 2425 15 12 1 1 0.7918 0.1896 149 325
323-0-1-0.05-50-0 0 2426 38 16 8 37 0.6163 0.2228 270 149
323-0-1-0.05-50-0 0 2426 17 1 26 4 0.6398 0.2520 197 409
323-0-1-0.05-50-0 0 2426 44 21 5 9 0.7034 0.4184 118 158
323-0-1-0.05-50-0 0 2427 3 6 3 3 0.4813 0.4266 321 249
323-0-1-0.05-50-0 0 2427 50 34 5 1 0.2147 0.7448 147 168
323-0-1-0.05-50-0 0 2427 38 16 9 38 0.6163 0.2228 270 149
323-0-1-0.05-50-0 0 2428 38 3 9 3 0.6163 0.4813 270 321
323-0-1-0.05-50-0 0 2428 9 3 3 2 0.6134 0.4813 161 321
323-0-1-0.05-50-0 0 2428 36 16 6 39 0.8162 0.2228 165 149
323-0-1-0.05-50-0 0 2429 16 21 37 11 0.2228 0.4184 149 158
323-0-1-0.05-50-0 0 2429 40 16 3 37 0.9739 0.2228 104 149
323-0-1-0.05-50-0 0 2429 16 16 36 36 0.2228 0.2228 149 149
323-0-1-0.05-50-0 0 2430 16 17 36 28 0.2228 0.6398 149 197
323-0-1-0.05-50-0 0 2430 50 1 5 3 0.2147 0.2520 147 409
323-0-1-0.05-50-0 0 2430 16 17 36 27 0.2228 0.6398 149 197
323-0-1-0.05-50-0 0 2431 27 17 8 27 0.0776 0.6398 149 197
323-0-1-0.05-50-0 0 2431 24 1 1 2 0.1940 0.2520 254 409
323-0-1-0.05-50-0 0 2431 16 16 34 34 0.2228 0.2228 149 149
323-0-1-0.05-50-0 0 2432 6 17 4 27 0.4266 0.6398 249 197
323-0-1-0.05-50-0 0 2432 38 16 12 33 0.6163 0.2228 270 149
323-0-1-0.05-50-0 0 2432 6 28 4 10 0.4266 0.3846 249 311
323-0-1-0.05-50-0 0 2433 21 7 13 3 0.4184 0.9267 158 106
323-0-1-0.05-50-0 0 2433 50 21 7 13 0.2147 0.4184 147 158
323-0-1-0.05-50-0 0 2433 50 16 7 33 0.2147 0.2228 147 149
323-0-1-0.05-50-0 0 2434 40 31 5 3 0.9739 0.5626 104 252
323-0-1-0.05-50-0 0 2434 8 17 4 28 0.2506 0.6398 303 197
323-0-1-0.05-50-0 0 2434 28 9 7 4 0.3846 0.6134 311 161
323-0-1-0.05-50-0 0 2435 16 50 34 9 0.2228 0.2147 149 147
323-0-1-0.05-50-0 0 2435 27 16 11 34 0.0776 0.2228 149 149
323-0-1-0.05-50-0 0 2435 38 36 12 4 0.6163 0.8162 270 165
323-0-1-0.05-50-0 0 2436 28 17 8 25 0.3846 0.6398 311 197
323-0-1-0.05-50-0 0 2436 25 38 2 13 0.9430 0.6163 125 270
323-0-1-0.05-50-0 0 2436 38 42 12 2 0.6163 0.7447 270 106
323-0-1-0.05-50-0 0 2437 16 17 31 26 0.2228 0.6398 149 197
323-0-1-0.05-50-0 0 2437 16 16 31 31 0.2228 0.2228 149 149
323-0-1-0.05-50-0 0 2437 38 5 12 2 0.6163 0.0007 270 226
323-0-1-0.05-50-0 0 2438 27 32 15 7 0.0776 0.6514 149 215
323-0-1-0.05-50-0 0 2438 7 9 3 9 0.9267 0.6134 106 161
323-0-1-0.05-50-0 0 2438 27 46 15 1 0.0776 0.3451 149 327
323-0-1-0.05-50-0 0 2439 16 16 30 30 0.2228 0.2228 149 149
323-0-1-0.05-50-0 0 2439 17 27 27 17 0.6398 0.0776 197 149
323-0-1-0.05-50-0 0 2439 17 20 27 4 0.6398 0.9922 197 102
323-0-1-0.05-50-0 0 2440 9 36 6 3 0.6134 0.8162 161 165
323-0-1-0.05-50-0 0 2440 21 17 10 29 0.4184 0.6398 158 197
323-0-1-0.05-50-0 0 2440 38 17 12 28 0.6163 0.6398 270 197
323-0-1-0.05-50-0 0 2441 37 32 2 8 0.8481 0.6514 127 215
323-0-1-0.05-50-0 0 2441 17 21 26 10 0.6398 0.4184 197 158
323-0-1-0.05-50-0 0 2441 16 1 28 3 0.2228 0.2520 149 409
323-0-1-0.05-50-0 0 2442 37 8 2 6 0.8481 0.2506 127 303
323-0-1-0.05-50-0 0 2442 14 44 2 4 0.8451 0.7034 105 118
323-0-1-0.05-50-0 0 2442 38 16 10 29 0.6163 0.2228 270 149
323-0-1-0.05-50-0 0 2443 16 16 29 29 0.2228 0.2228 149 149
323-0-1-0.05-50-0 0 2443 27 38 17 10 0.0776 0.6163 149 270
323-0-1-0.05-50-0 0 2443 32 1 6 3 0.6514 0.2520 215 409
323-0-1-0.05-50-0 0 2444 16 27 29 17 0.2228 0.0776 149 149
323-0-1-0.05-50-0 0 2444 27 50 16 6 0.0776 0.2147 149 147
323-0-1-0.05-50-0 0 2444 28 28 6 6 0.3846 0.3846 311 311
323-0-1-0.05-50-0 0 2445 16 16 29 29 0.2228 0.2228 149 149
323-0-1-0.05-50-0 0 2445 16 27 28 16 0.2228 0.0776 149 149
323-0-1-0.05-50-0 0 2445 32 32 6 6 0.6514 0.6514 215 215
323-0-1-0.05-50-0 0 2446 16 16 30 30 0.2228 0.2228 149 149
323-0-1-0.05-50-0 0 2446 27 40 14 8 0.0776 0.9739 149 104
323-0-1-0.05-50-0 0 2446 3 50 3 5 0.4813 0.2147 321 147
323-0-1-0.05-50-0 0 2447 37 16 2 30 0.8481 0.2228 127 149
323-0-1-0.05-50-0 0 2447 8 16 6 29 0.2506 0.2228 303 149
323-0-1-0.05-50-0 0 2447 16 38 28 9 0.2228 0.6163 149 270
323-0-1-0.05-50-0 0 2448 22 27 2 16 0.0160 0.0776 311 149
323-0-1-0.05-50-0 0 2448 15 7 1 4 0.7918 0.9267 149 106
323-0-1-0.05-50-0 0 2448 44 27 4 15 0.7034 0.0776 118 149
323-0-1-0.05-50-0 0 2449 38 16 8 31 0.6163 0.2228 270 149
323-0-1-0.05-50-0 0 2449 32 38 5 8 0.6514 0.6163 215 270
323-0-1-0.05-50-0 0 2449 43 9 2 5 0.8316 0.6134 123 161
323-0-1-0.05-50-0 0 2450 21 25 7 2 0.4184 0.9430 158 125
323-0-1-0.05-50-0 0 2450 32 9 4 5 0.6514 0.6134 215 161
323-0-1-0.05-50-0 0 2450 40 17 8 27 0.9739 0.6398 104 197
323-0-1-0.05-50-0 0 2451 17 17 26 26 0.6398 0.6398 197 197
323-0-1-0.05-50-0 0 2451 16 9 29 4 0.2228 0.6134 149 161
323-0-1-0.05-50-0 0 2452 17 6 26 4 0.6398 0.4266 197 249
323-0-1-0.05-50-0 0 2452 16 28 30 5 0.2228 0.3846 149 311
323-0-1-0.05-50-0 0 2452 32 14 4 3 0.6514 0.8451 215 105
323-0-1-0.05-50-0 0 2453 6 16 3 30 0.4266 0.2228 249 149
323-0-1-0.05-50-0 0 2453 17 21 27 5 0.6398 0.4184 197 158
323-0-1-0.05-50-0 0 2453 17 27 27 14 0.6398 0.0776 197 149
323-0-1-0.05-50-0 0 2454 5 17 3 31 0.0007 0.6398 226 197
323-0-1-0.05-50-0 0 2454 50 17 5 30 0.2147 0.6398 147 197
323-0-1-0.05-50-0 0 2454 16 17 27 29 0.2228 0.6398 149 197
323-0-1-0.05-50-0 0 2455 9 16 2 27 0.6134 0.2228 161 149
323-0-1-0.05-50-0 0 2455 40 38 10 5 0.9739 0.6163 104 270
323-0-1-0.05-50-0 0 2456 9 25 2 1 0.6134 0.9430 161 125
323-0-1-0.05-50-0 0 2456 7 40 4 12 0.9267 0.9739 106 104
323-0-1-0.05-50-0 0 2457 44 27 8 14 0.7034 0.0776 118 149
323-0-1-0.05-50-0 0 2457 17 27 33 13 0.6398 0.0776 197 149
323-0-1-0.05-50-0 0 2457 43 29 4 1 0.8316 0.6728 123 177
323-0-1-0.05-50-0 0 2458 17 32 36 3 0.6398 0.6514 197 215
323-0-1-0.05-50-0 0 2458 17 17 36 36 0.6398 0.6398 197 197
323-0-1-0.05-50-0 0 2458 17 27 35 12 0.6398 0.0776 197 149
323-0-1-0.05-50-0 0 2459 16 17 26 36 0.2228 0.6398 149 197
323-0-1-0.05-50-0 0 2459 16 14 26 1 0.2228 0.8451 149 105
323-0-1-0.05-50-0 0 2459 50 32 6 2 0.2147 0.6514 147 215
323-0-1-0.05-50-0 0 2460 17 17 34 34 0.6398 0.6398 197 197
323-0-1-0.05-50-0 0 2460 17 16 33 26 0.6398 0.2228 197 149
323-0-1-0.05-50-0 0 2460 16 3 25 3 0.2228 0.4813 149 321
323-0-1-0.05-50-0 0 2461 17 16 36 25 0.6398 0.2228 197 149
323-0-1-0.05-50-0 0 2461 27 17 11 36 0.0776 0.6398 149 197
323-0-1-0.05-50-0 0 2461 8 27 6 11 0.2506 0.0776 303 149
323-0-1-0.05-50-0 0 2462 17 27 33 10 0.6398 0.0776 197 149
323-0-1-0.05-50-0 0 2462 18 6 2 7 0.2181 0.4266 226 249
323-0-1-0.05-50-0 0 2463 8 17 7 33 0.2506 0.6398 303 197
323-0-1-0.05-50-0 0 2463 6 43 7 7 0.4266 0.8316 249 123
323-0-1-0.05-50-0 0 2464 17 17 31 31 0.6398 0.6398 197 197
323-0-1-0.05-50-0 0 2464 50 20 5 1 0.2147 0.9922 147 102
323-0-1-0.05-50-0 0 2465 27 27 6 6 0.0776 0.0776 149 149
323-0-1-0.05-50-0 0 2465 40 17 8 31 0.9739 0.6398 104 197
323-0-1-0.05-50-0 0 2466 36 17 2 29 0.8162 0.6398 165 197
323-0-1-0.05-50-0 0 2466 17 7 28 7 0.6398 0.9267 197 106
323-0-1-0.05-50-0 0 2467 17 43 30 6 0.6398 0.8316 197 123
323-0-1-0.05-50-0 0 2467 50 34 6 1 0.2147 0.7448 147 168
323-0-1-0.05-50-0 0 2468 7 17 7 31 0.9267 0.6398 106 197
323-0-1-0.05-50-0 0 2468 19 3 2 2 0.8072 0.4813 134 321
323-0-1-0.05-50-0 0 2469 17 16 31 23 0.6398 0.2228 197 149
323-0-1-0.05-50-0 0 2469 3 37 1 3 0.4813 0.8481 321 127
323-0-1-0.05-50-0 0 2470 8 17 10 31 0.2506 0.6398 303 197
323-0-1-0.05-50-0 0 2470 28 36 4 2 0.3846 0.8162 311 165
323-0-1-0.05-50-0 0 2471 1 16 3 24 0.2520 0.2228 409 149
323-0-1-0.05-50-0 0 2471 43 40 7 7 0.8316 0.9739 123 104
323-0-1-0.05-50-0 0 2471 17 8 31 12 0.6398 0.2506 197 303
323-0-1-0.05-50-0 0 2472 7 50 7 7 0.9267 0.2147 106 147
323-0-1-0.05-50-0 0 2472 27 17 9 33 0.0776 0.6398 149 197
323-0-1-0.05-50-0 0 2472 27 17 9 32 0.0776 0.6398 149 197
323-0-1-0.05-50-0 0 2473 17 16 29 24 0.6398 0.2228 197 149
323-0-1-0.05-50-0 0 2473 8 16 12 23 0.2506 0.2228 303 149
323-0-1-0.05-50-0 0 2474 28 3 3 1 0.3846 0.4813 311 321
323-0-1-0.05-50-0 0 2474 27 17 9 29 0.0776 0.6398 149 197
323-0-1-0.05-50-0 0 2475 8 24 12 1 0.2506 0.1940 303 254
323-0-1-0.05-50-0 0 2475 16 16 26 26 0.2228 0.2228 149 149
323-0-1-0.05-50-0 0 2476 6 16 6 26 0.4266 0.2228 249 149
323-0-1-0.05-50-0 0 2476 28 44 3 8 0.3846 0.7034 311 118
323-0-1-0.05-50-0 0 2477 16 17 27 26 0.2228 0.6398 149 197
323-0-1-0.05-50-0 0 2477 17 17 25 25 0.6398 0.6398 197 197
323-0-1-0.05-50-0 0 2478 16 42 29 2 0.2228 0.7447 149 106
323-0-1-0.05-50-0 0 2478 17 7 25 8 0.6398 0.9267 197 106
323-0-1-0.05-50-0 0 2479 40 16 7 29 0.9739 0.2228 104 149
323-0-1-0.05-50-0 0 2479 21 17 2 24 0.4184 0.6398 158 197
323-0-1-0.05-50-0 0 2480 22 43 1 8 0.0160 0.8316 311 123
323-0-1-0.05-50-0 0 2480 40 16 7 25 0.9739 0.2228 104 149
323-0-1-0.05-50-0 0 2481 43 6 7 7 0.8316 0.4266 123 249
323-0-1-0.05-50-0 0 2481 16 17 25 25 0.2228 0.6398 149 197
323-0-1-0.05-50-0 0 2482 40 16 8 25 0.9739 0.2228 104 149
323-0-1-0.05-50-0 0 2482 22 44 1 9 0.0160 0.7034 311 118
323-0-1-0.05-50-0 0 2483 8 16 14 24 0.2506 0.2228 303 149
323-0-1-0.05-50-0 0 2483 40 16 9 23 0.9739 0.2228 104 149
323-0-1-0.05-50-0 0 2484 17 50 26 6 0.6398 0.2147 197 147
323-0-1-0.05-50-0 0 2484 16 8 23 14 0.2228 0.2506 149 303
323-0-1-0.05-50-0 0 2485 38 43 5 7 0.6163 0.8316 270 123
323-0-1-0.05-50-0 0 2485 28 8 5 11 0.3846 0.2506 311 303
323-0-1-0.05-50-0 0 2486 15 16 1 23 0.7918 0.2228 149 149
323-0-1-0.05-50-0 0 2486 50 44 4 9 0.2147 0.7034 147 118
323-0-1-0.05-50-0 0 2487 16 1 20 4 0.2228 0.2520 149 409
323-0-1-0.05-50-0 0 2487 6 9 3 5 0.4266 0.6134 249 161
323-0-1-0.05-50-0 0 2488 7 16 6 20 0.9267 0.2228 106 149
323-0-1-0.05-50-0 0 2488 17 8 26 9 0.6398 0.2506 197 303
323-0-1-0.05-50-0 0 2489 6 16 4 17 0.4266 0.2228 249 149
323-0-1-0.05-50-0 0 2489 16 44 16 7 0.2228 0.7034 149 118
323-0-1-0.05-50-0 0 2490 44 16 6 17 0.7034 0.2228 118 149
323-0-1-0.05-50-0 0 2490 17 27 27 11 0.6398 0.0776 197 149
323-0-1-0.05-50-0 0 2491 2 27 2 10 0.8198 0.0776 167 149
323-0-1-0.05-50-0 0 2491 43 9 4 3 0.8316 0.6134 123 161
323-0-1-0.05-50-0 0 2492 17 17 26 26 0.6398 0.6398 197 197
323-0-1-0.05-50-0 0 2492 17 6 25 5 0.6398 0.4266 197 249
323-0-1-0.05-50-0 0 2493 16 50 20 5 0.2228 0.2147 149 147
323-0-1-0.05-50-0 0 2493 7 50 4 4 0.9267 0.2147 106 147
323-0-1-0.05-50-0 0 2494 6 27 4 10 0.4266 0.0776 249 149
323-0-1-0.05-50-0 0 2494 17 6 23 4 0.6398 0.4266 197 249
323-0-1-0.05-50-0 0 2495 34 8 1 7 0.7448 0.2506 168 303
323-0-1-0.05-50-0 0 2495 38 17 5 26 0.6163 0.6398 270 197
323-0-1-0.05-50-0 0 2496 41 17 1 25 0.9621 0.6398 105 197
323-0-1-0.05-50-0 0 2496 18 2 10 2 0.2181 0.8198 226 167
323-0-1-0.05-50-0 0 2497 2 5 1 2 0.8198 0.0007 167 226
323-0-1-0.05-50-0 0 2497 34 16 1 25 0.7448 0.2228 168 149
323-0-1-0.05-50-0 0 2498 16 43 24 3 0.2228 0.8316 149 123
323-0-1-0.05-50-0 0 2498 38 17 6 23 0.6163 0.6398 270 197
323-0-1-0.05-50-0 0 2499 28 24 2 2 0.3846 0.1940 311 254
323-0-1-0.05-50-0 0 2499 17 38 22 6 0.6398 0.6163 197 270
323-0-1-0.05-50-0 0 2500 18 17 10 23 0.2181 0.6398 226 197
323-0-1-0.05-50-0 0 2500 16 16 25 25 0.2228 0.2228 149 149
