326-0-1-0.05-50-0 0 2302 49 31 9 6 0.1842 0.5626 136 252
326-0-1-0.05-50-0 0 2302 47 34 3 10 0.9293 0.7448 103 168
326-0-1-0.05-50-0 0 2303 1 36 12 3 0.2520 0.8162 409 165
326-0-1-0.05-50-0 0 2303 31 36 5 2 0.5626 0.8162 252 165
326-0-1-0.05-50-0 0 2304 34 49 9 8 0.7448 0.1842 168 136
326-0-1-0.05-50-0 0 2304 44 11 18 2 0.7034 0.0504 118 384
326-0-1-0.05-50-0 0 2305 13 43 2 1 0.8878 0.8316 151 123
326-0-1-0.05-50-0 0 2305 1 1 11 11 0.2520 0.2520 409 409
326-0-1-0.05-50-0 0 2306 50 50 8 8 0.2147 0.2147 147 147
326-0-1-0.05-50-0 0 2306 47 38 3 6 0.9293 0.6163 103 270
326-0-1-0.05-50-0 0 2307 1 31 9 5 0.2520 0.5626 409 252
326-0-1-0.05-50-0 0 2307 34 44 8 18 0.7448 0.7034 168 118
326-0-1-0.05-50-0 0 2308 44 34 18 8 0.7034 0.7448 118 168
326-0-1-0.05-50-0 0 2308 22 22 5 5 0.0160 0.0160 311 311
326-0-1-0.05-50-0 0 2309 20 3 2 4 0.9922 0.4813 102 321
326-0-1-0.05-50-0 0 2310 29 22 6 3 0.6728 0.0160 177 311
326-0-1-0.05-50-0 0 2311 36 38 2 6 0.8162 0.6163 165 270
326-0-1-0.05-50-0 0 2311 34 44 9 18 0.7448 0.7034 168 118
326-0-1-0.05-50-0 0 2312 50 44 7 17 0.2147 0.7034 147 118
326-0-1-0.05-50-0 0 2312 50 1 7 10 0.2147 0.2520 147 409
326-0-1-0.05-50-0 0 2313 44 22 17 3 0.7034 0.0160 118 311
326-0-1-0.05-50-0 0 2313 47 1 3 9 0.9293 0.2520 103 409
326-0-1-0.05-50-0 0 2314 34 44 9 18 0.7448 0.7034 168 118
326-0-1-0.05-50-0 0 2315 39 44 4 17 0.2187 0.7034 309 118
326-0-1-0.05-50-0 0 2315 49 35 7 3 0.1842 0.0354 136 158
326-0-1-0.05-50-0 0 2316 36 38 2 6 0.8162 0.6163 165 270
326-0-1-0.05-50-0 0 2316 13 47 2 5 0.8878 0.9293 151 103
326-0-1-0.05-50-0 0 2317 38 3 6 3 0.6163 0.4813 270 321
326-0-1-0.05-50-0 0 2317 34 34 11 11 0.7448 0.7448 168 168
326-0-1-0.05-50-0 0 2318 44 34 17 9 0.7034 0.7448 118 168
326-0-1-0.05-50-0 0 2318 1 13 11 2 0.2520 0.8878 409 151
326-0-1-0.05-50-0 0 2319 49 35 5 2 0.1842 0.0354 136 158
326-0-1-0.05-50-0 0 2319 1 50 10 9 0.2520 0.2147 409 147
326-0-1-0.05-50-0 0 2320 34 31 8 3 0.7448 0.5626 168 252
326-0-1-0.05-50-0 0 2320 34 40 8 1 0.7448 0.9739 168 104
326-0-1-0.05-50-0 0 2321 3 34 3 9 0.4813 0.7448 321 168
326-0-1-0.05-50-0 0 2321 29 23 7 2 0.6728 0.1698 177 476
326-0-1-0.05-50-0 0 2322 1 1 13 13 0.2520 0.2520 409 409
326-0-1-0.05-50-0 0 2322 1 44 12 19 0.2520 0.7034 409 118
326-0-1-0.05-50-0 0 2323 23 34 1 7 0.1698 0.7448 476 168
326-0-1-0.05-50-0 0 2323 44 22 21 4 0.7034 0.0160 118 311
326-0-1-0.05-50-0 0 2324 1 44 14 24 0.2520 0.7034 409 118
326-0-1-0.05-50-0 0 2324 47 22 2 3 0.9293 0.0160 103 311
326-0-1-0.05-50-0 0 2325 46 39 5 7 0.3451 0.2187 327 309
326-0-1-0.05-50-0 0 2325 49 22 8 2 0.1842 0.0160 136 311
326-0-1-0.05-50-0 0 2326 25 44 1 23 0.9430 0.7034 125 118
326-0-1-0.05-50-0 0 2326 44 44 22 22 0.7034 0.7034 118 118
326-0-1-0.05-50-0 0 2327 29 1 6 12 0.6728 0.2520 177 409
326-0-1-0.05-50-0 0 2327 12 50 1 4 0.1896 0.2147 325 147
326-0-1-0.05-50-0 0 2328 11 44 6 19 0.0504 0.7034 384 118
326-0-1-0.05-50-0 0 2328 38 50 10 4 0.6163 0.2147 270 147
326-0-1-0.05-50-0 0 2329 23 39 3 9 0.1698 0.2187 476 309
326-0-1-0.05-50-0 0 2329 44 36 17 2 0.7034 0.8162 118 165
326-0-1-0.05-50-0 0 2330 49 44 9 20 0.1842 0.7034 136 118
326-0-1-0.05-50-0 0 2330 44 49 19 9 0.7034 0.1842 118 136
326-0-1-0.05-50-0 0 2331 46 36 3 1 0.3451 0.8162 327 165
326-0-1-0.05-50-0 0 2331 49 44 8 19 0.1842 0.7034 136 118
326-0-1-0.05-50-0 0 2332 38 31 9 3 0.6163 0.5626 270 252
326-0-1-0.05-50-0 0 2332 44 49 15 10 0.7034 0.1842 118 136
326-0-1-0.05-50-0 0 2333 31 11 2 9 0.5626 0.0504 252 384
326-0-1-0.05-50-0 0 2333 44 29 15 8 0.7034 0.6728 118 177
326-0-1-0.05-50-0 0 2334 50 21 4 5 0.2147 0.4184 147 158
326-0-1-0.05-50-0 0 2334 44 49 15 9 0.7034 0.1842 118 136
326-0-1-0.05-50-0 0 2335 36 1 1 19 0.8162 0.2520 165 409
326-0-1-0.05-50-0 0 2335 37 29 3 7 0.8481 0.6728 127 177
326-0-1-0.05-50-0 0 2336 11 38 11 8 0.0504 0.6163 384 270
326-0-1-0.05-50-0 0 2336 37 1 3 18 0.8481 0.2520 127 409
326-0-1-0.05-50-0 0 2337 39 44 13 15 0.2187 0.7034 309 118
326-0-1-0.05-50-0 0 2337 36 11 1 10 0.8162 0.0504 165 384
326-0-1-0.05-50-0 0 2338 28 2 1 1 0.3846 0.8198 311 167
326-0-1-0.05-50-0 0 2338 30 44 1 14 0.6008 0.7034 266 118
326-0-1-0.05-50-0 0 2339 49 38 8 8 0.1842 0.6163 136 270
326-0-1-0.05-50-0 0 2339 39 34 13 4 0.2187 0.7448 309 168
326-0-1-0.05-50-0 0 2340 44 37 13 4 0.7034 0.8481 118 127
326-0-1-0.05-50-0 0 2340 11 1 10 18 0.0504 0.2520 384 409
326-0-1-0.05-50-0 0 2341 11 1 10 16 0.0504 0.2520 384 409
326-0-1-0.05-50-0 0 2341 34 33 3 1 0.7448 0.6893 168 191
326-0-1-0.05-50-0 0 2342 38 11 7 12 0.6163 0.0504 270 384
326-0-1-0.05-50-0 0 2342 20 39 4 14 0.9922 0.2187 102 309
326-0-1-0.05-50-0 0 2343 49 39 8 13 0.1842 0.2187 136 309
326-0-1-0.05-50-0 0 2343 46 1 3 20 0.3451 0.2520 327 409
326-0-1-0.05-50-0 0 2344 29 1 5 19 0.6728 0.2520 177 409
326-0-1-0.05-50-0 0 2344 20 1 4 18 0.9922 0.2520 102 409
326-0-1-0.05-50-0 0 2345 23 1 3 18 0.1698 0.2520 476 409
326-0-1-0.05-50-0 0 2345 39 49 12 8 0.2187 0.1842 309 136
326-0-1-0.05-50-0 0 2346 50 49 4 6 0.2147 0.1842 147 136
326-0-1-0.05-50-0 0 2346 11 49 16 5 0.0504 0.1842 384 136
326-0-1-0.05-50-0 0 2347 11 44 16 11 0.0504 0.7034 384 118
326-0-1-0.05-50-0 0 2347 1 34 19 6 0.2520 0.7448 409 168
326-0-1-0.05-50-0 0 2348 21 46 2 5 0.4184 0.3451 158 327
326-0-1-0.05-50-0 0 2348 38 29 10 4 0.6163 0.6728 270 177
326-0-1-0.05-50-0 0 2349 38 36 10 1 0.6163 0.8162 270 165
326-0-1-0.05-50-0 0 2349 23 1 5 18 0.1698 0.2520 476 409
326-0-1-0.05-50-0 0 2350 1 22 18 1 0.2520 0.0160 409 311
326-0-1-0.05-50-0 0 2350 38 8 10 3 0.6163 0.2506 270 303
326-0-1-0.05-50-0 0 2351 1 32 17 1 0.2520 0.6514 409 215
326-0-1-0.05-50-0 0 2351 38 1 9 17 0.6163 0.2520 270 409
326-0-1-0.05-50-0 0 2352 38 38 8 8 0.6163 0.6163 270 270
326-0-1-0.05-50-0 0 2352 37 8 5 2 0.8481 0.2506 127 303
326-0-1-0.05-50-0 0 2353 20 4 6 3 0.9922 0.0723 102 351
326-0-1-0.05-50-0 0 2353 33 1 1 15 0.6893 0.2520 191 409
326-0-1-0.05-50-0 0 2354 38 39 6 11 0.6163 0.2187 270 309
326-0-1-0.05-50-0 0 2354 46 46 6 6 0.3451 0.3451 327 327
326-0-1-0.05-50-0 0 2355 1 25 15 1 0.2520 0.9430 409 125
326-0-1-0.05-50-0 0 2355 31 1 3 15 0.5626 0.2520 252 409
326-0-1-0.05-50-0 0 2356 11 20 20 9 0.0504 0.9922 384 102
326-0-1-0.05-50-0 0 2356 1 46 15 5 0.2520 0.3451 409 327
326-0-1-0.05-50-0 0 2357 1 11 13 20 0.2520 0.0504 409 384
326-0-1-0.05-50-0 0 2357 11 30 19 2 0.0504 0.6008 384 266
326-0-1-0.05-50-0 0 2358 20 30 8 1 0.9922 0.6008 102 266
326-0-1-0.05-50-0 0 2358 44 1 9 14 0.7034 0.2520 118 409
326-0-1-0.05-50-0 0 2359 49 38 2 5 0.1842 0.6163 136 270
326-0-1-0.05-50-0 0 2359 38 39 4 11 0.6163 0.2187 270 309
326-0-1-0.05-50-0 0 2360 37 39 6 9 0.8481 0.2187 127 309
326-0-1-0.05-50-0 0 2360 9 11 2 18 0.6134 0.0504 161 384
326-0-1-0.05-50-0 0 2361 21 46 2 4 0.4184 0.3451 158 327
326-0-1-0.05-50-0 0 2361 29 3 3 5 0.6728 0.4813 177 321
326-0-1-0.05-50-0 0 2362 4 11 3 21 0.0723 0.0504 351 384
326-0-1-0.05-50-0 0 2362 38 1 4 14 0.6163 0.2520 270 409
326-0-1-0.05-50-0 0 2363 44 46 8 3 0.7034 0.3451 118 327
326-0-1-0.05-50-0 0 2363 1 48 12 3 0.2520 0.1153 409 334
326-0-1-0.05-50-0 0 2364 44 37 8 7 0.7034 0.8481 118 127
326-0-1-0.05-50-0 0 2364 38 20 5 8 0.6163 0.9922 270 102
326-0-1-0.05-50-0 0 2365 11 11 23 23 0.0504 0.0504 384 384
326-0-1-0.05-50-0 0 2365 1 23 13 4 0.2520 0.1698 409 476
326-0-1-0.05-50-0 0 2366 39 49 9 4 0.2187 0.1842 309 136
326-0-1-0.05-50-0 0 2366 37 39 3 9 0.8481 0.2187 127 309
326-0-1-0.05-50-0 0 2367 29 11 4 22 0.6728 0.0504 177 384
326-0-1-0.05-50-0 0 2367 44 11 8 21 0.7034 0.0504 118 384
326-0-1-0.05-50-0 0 2368 29 1 4 16 0.6728 0.2520 177 409
326-0-1-0.05-50-0 0 2368 1 11 15 19 0.2520 0.0504 409 384
326-0-1-0.05-50-0 0 2369 23 34 4 3 0.1698 0.7448 476 168
326-0-1-0.05-50-0 0 2369 13 29 2 4 0.8878 0.6728 151 177
326-0-1-0.05-50-0 0 2370 39 37 6 3 0.2187 0.8481 309 127
326-0-1-0.05-50-0 0 2370 44 28 8 1 0.7034 0.3846 118 311
326-0-1-0.05-50-0 0 2371 21 29 1 3 0.4184 0.6728 158 177
326-0-1-0.05-50-0 0 2371 44 38 8 8 0.7034 0.6163 118 270
326-0-1-0.05-50-0 0 2372 44 1 8 18 0.7034 0.2520 118 409
326-0-1-0.05-50-0 0 2372 38 1 7 17 0.6163 0.2520 270 409
326-0-1-0.05-50-0 0 2373 5 1 3 17 0.0007 0.2520 226 409
326-0-1-0.05-50-0 0 2373 11 39 18 6 0.0504 0.2187 384 309
326-0-1-0.05-50-0 0 2374 44 39 8 5 0.7034 0.2187 118 309
326-0-1-0.05-50-0 0 2374 44 11 8 19 0.7034 0.0504 118 384
326-0-1-0.05-50-0 0 2375 11 23 18 4 0.0504 0.1698 384 476
326-0-1-0.05-50-0 0 2375 33 23 1 3 0.6893 0.1698 191 476
326-0-1-0.05-50-0 0 2376 11 23 18 2 0.0504 0.1698 384 476
326-0-1-0.05-50-0 0 2376 39 48 4 1 0.2187 0.1153 309 334
326-0-1-0.05-50-0 0 2377 1 1 15 15 0.2520 0.2520 409 409
326-0-1-0.05-50-0 0 2377 11 46 20 3 0.0504 0.3451 384 327
326-0-1-0.05-50-0 0 2378 8 11 1 20 0.2506 0.0504 303 384
326-0-1-0.05-50-0 0 2378 49 3 4 9 0.1842 0.4813 136 321
326-0-1-0.05-50-0 0 2379 11 11 21 21 0.0504 0.0504 384 384
326-0-1-0.05-50-0 0 2379 11 20 20 7 0.0504 0.9922 384 102
326-0-1-0.05-50-0 0 2380 20 11 6 20 0.9922 0.0504 102 384
326-0-1-0.05-50-0 0 2380 11 33 19 1 0.0504 0.6893 384 191
326-0-1-0.05-50-0 0 2381 3 9 6 1 0.4813 0.6134 321 161
326-0-1-0.05-50-0 0 2381 44 20 8 6 0.7034 0.9922 118 102
326-0-1-0.05-50-0 0 2382 11 31 21 3 0.0504 0.5626 384 252
326-0-1-0.05-50-0 0 2382 4 50 5 5 0.0723 0.2147 351 147
326-0-1-0.05-50-0 0 2383 10 1 3 16 0.2533 0.2520 449 409
326-0-1-0.05-50-0 0 2383 39 11 5 21 0.2187 0.0504 309 384
326-0-1-0.05-50-0 0 2384 50 10 4 3 0.2147 0.2533 147 449
326-0-1-0.05-50-0 0 2384 2 20 1 5 0.8198 0.9922 167 102
326-0-1-0.05-50-0 0 2385 10 44 2 11 0.2533 0.7034 449 118
326-0-1-0.05-50-0 0 2385 5 44 8 10 0.0007 0.7034 226 118
326-0-1-0.05-50-0 0 2386 38 3 3 6 0.6163 0.4813 270 321
326-0-1-0.05-50-0 0 2386 22 3 1 5 0.0160 0.4813 311 321
326-0-1-0.05-50-0 0 2387 1 39 17 8 0.2520 0.2187 409 309
326-0-1-0.05-50-0 0 2387 4 11 7 18 0.0723 0.0504 351 384
326-0-1-0.05-50-0 0 2388 1 1 16 16 0.2520 0.2520 409 409
326-0-1-0.05-50-0 0 2388 44 1 9 15 0.7034 0.2520 118 409
326-0-1-0.05-50-0 0 2389 3 13 6 1 0.4813 0.8878 321 151
326-0-1-0.05-50-0 0 2389 44 34 10 2 0.7034 0.7448 118 168
326-0-1-0.05-50-0 0 2390 38 5 4 7 0.6163 0.0007 270 226
326-0-1-0.05-50-0 0 2390 11 11 16 16 0.0504 0.0504 384 384
326-0-1-0.05-50-0 0 2391 12 11 1 15 0.1896 0.0504 325 384
326-0-1-0.05-50-0 0 2391 20 11 3 14 0.9922 0.0504 102 384
326-0-1-0.05-50-0 0 2392 21 11 4 14 0.4184 0.0504 158 384
326-0-1-0.05-50-0 0 2392 5 4 7 8 0.0007 0.0723 226 351
326-0-1-0.05-50-0 0 2393 50 21 2 4 0.2147 0.4184 147 158
326-0-1-0.05-50-0 0 2393 49 1 4 15 0.1842 0.2520 136 409
326-0-1-0.05-50-0 0 2394 23 31 1 2 0.1698 0.5626 476 252
326-0-1-0.05-50-0 0 2394 3 3 4 4 0.4813 0.4813 321 321
326-0-1-0.05-50-0 0 2395 4 11 6 14 0.0723 0.0504 351 384
326-0-1-0.05-50-0 0 2395 44 46 12 5 0.7034 0.3451 118 327
326-0-1-0.05-50-0 0 2396 1 11 14 13 0.2520 0.0504 409 384
326-0-1-0.05-50-0 0 2396 3 50 3 3 0.4813 0.2147 321 147
326-0-1-0.05-50-0 0 2397 20 5 4 8 0.9922 0.0007 102 226
326-0-1-0.05-50-0 0 2397 46 39 3 4 0.3451 0.2187 327 309
326-0-1-0.05-50-0 0 2398 5 3 7 3 0.0007 0.4813 226 321
326-0-1-0.05-50-0 0 2399 1 11 14 13 0.2520 0.0504 409 384
326-0-1-0.05-50-0 0 2400 23 1 2 15 0.1698 0.2520 476 409
326-0-1-0.05-50-0 0 2401 11 20 12 3 0.0504 0.9922 384 102
326-0-1-0.05-50-0 0 2402 49 1 4 12 0.1842 0.2520 136 409
326-0-1-0.05-50-0 0 2403 19 1 5 11 0.8072 0.2520 134 409
326-0-1-0.05-50-0 0 2404 50 38 3 4 0.2147 0.6163 147 270
326-0-1-0.05-50-0 0 2405 46 4 2 7 0.3451 0.0723 327 351
326-0-1-0.05-50-0 0 2405 11 5 13 5 0.0504 0.0007 384 226
326-0-1-0.05-50-0 0 2406 38 50 3 3 0.6163 0.2147 270 147
326-0-1-0.05-50-0 0 2407 49 9 5 1 0.1842 0.6134 136 161
326-0-1-0.05-50-0 0 2408 23 11 4 14 0.1698 0.0504 476 384
326-0-1-0.05-50-0 0 2409 38 36 3 3 0.6163 0.8162 270 165
326-0-1-0.05-50-0 0 2410 43 14 1 1 0.8316 0.8451 123 105
326-0-1-0.05-50-0 0 2411 19 44 5 10 0.8072 0.7034 134 118
326-0-1-0.05-50-0 0 2412 49 19 6 5 0.1842 0.8072 136 134
326-0-1-0.05-50-0 0 2413 1 21 6 2 0.2520 0.4184 409 158
326-0-1-0.05-50-0 0 2414 39 1 4 6 0.2187 0.2520 309 409
326-0-1-0.05-50-0 0 2415 38 44 4 11 0.6163 0.7034 270 118
326-0-1-0.05-50-0 0 2416 36 39 1 4 0.8162 0.2187 165 309
326-0-1-0.05-50-0 0 2417 36 7 2 2 0.8162 0.9267 165 106
326-0-1-0.05-50-0 0 2418 47 23 2 5 0.9293 0.1698 103 476
326-0-1-0.05-50-0 0 2419 8 35 4 3 0.2506 0.0354 303 158
326-0-1-0.05-50-0 0 2420 5 44 5 9 0.0007 0.7034 226 118
326-0-1-0.05-50-0 0 2421 20 11 2 17 0.9922 0.0504 102 384
326-0-1-0.05-50-0 0 2422 28 26 1 2 0.3846 0.8171 311 141
326-0-1-0.05-50-0 0 2423 23 36 3 2 0.1698 0.8162 476 165
326-0-1-0.05-50-0 0 2424 11 44 18 9 0.0504 0.7034 384 118
326-0-1-0.05-50-0 0 2425 41 39 3 3 0.9621 0.2187 105 309
326-0-1-0.05-50-0 0 2426 41 1 3 6 0.9621 0.2520 105 409
326-0-1-0.05-50-0 0 2426 49 4 7 8 0.1842 0.0723 136 351
326-0-1-0.05-50-0 0 2427 11 11 20 20 0.0504 0.0504 384 384
326-0-1-0.05-50-0 0 2428 11 11 19 19 0.0504 0.0504 384 384
326-0-1-0.05-50-0 0 2429 11 11 19 19 0.0504 0.0504 384 384
326-0-1-0.05-50-0 0 2430 38 8 5 4 0.6163 0.2506 270 303
326-0-1-0.05-50-0 0 2430 49 46 6 3 0.1842 0.3451 136 327
326-0-1-0.05-50-0 0 2431 4 26 11 2 0.0723 0.8171 351 141
326-0-1-0.05-50-0 0 2431 10 11 4 19 0.2533 0.0504 449 384
326-0-1-0.05-50-0 0 2432 44 38 5 5 0.7034 0.6163 118 270
326-0-1-0.05-50-0 0 2432 11 49 18 5 0.0504 0.1842 384 136
326-0-1-0.05-50-0 0 2433 11 4 19 13 0.0504 0.0723 384 351
326-0-1-0.05-50-0 0 2433 41 4 5 12 0.9621 0.0723 105 351
326-0-1-0.05-50-0 0 2434 49 47 6 1 0.1842 0.9293 136 103
326-0-1-0.05-50-0 0 2434 11 11 19 19 0.0504 0.0504 384 384
326-0-1-0.05-50-0 0 2435 11 19 19 3 0.0504 0.8072 384 134
326-0-1-0.05-50-0 0 2435 11 49 19 6 0.0504 0.1842 384 136
326-0-1-0.05-50-0 0 2436 21 23 1 6 0.4184 0.1698 158 476
326-0-1-0.05-50-0 0 2436 5 4 6 16 0.0007 0.0723 226 351
326-0-1-0.05-50-0 0 2437 8 41 4 5 0.2506 0.9621 303 105
326-0-1-0.05-50-0 0 2437 39 16 3 9 0.2187 0.2228 309 149
326-0-1-0.05-50-0 0 2438 45 21 4 1 0.3816 0.4184 173 158
326-0-1-0.05-50-0 0 2438 49 2 4 3 0.1842 0.8198 136 167
326-0-1-0.05-50-0 0 2439 11 10 21 5 0.0504 0.2533 384 449
326-0-1-0.05-50-0 0 2439 4 41 16 3 0.0723 0.9621 351 105
326-0-1-0.05-50-0 0 2440 11 4 21 15 0.0504 0.0723 384 351
326-0-1-0.05-50-0 0 2440 11 19 21 2 0.0504 0.8072 384 134
326-0-1-0.05-50-0 0 2441 4 29 13 4 0.0723 0.6728 351 177
326-0-1-0.05-50-0 0 2441 5 11 8 21 0.0007 0.0504 226 384
326-0-1-0.05-50-0 0 2442 11 2 20 3 0.0504 0.8198 384 167
326-0-1-0.05-50-0 0 2442 4 26 16 3 0.0723 0.8171 351 141
326-0-1-0.05-50-0 0 2443 4 39 15 4 0.0723 0.2187 351 309
326-0-1-0.05-50-0 0 2443 4 4 15 15 0.0723 0.0723 351 351
326-0-1-0.05-50-0 0 2444 10 11 6 20 0.2533 0.0504 449 384
326-0-1-0.05-50-0 0 2444 45 11 5 19 0.3816 0.0504 173 384
326-0-1-0.05-50-0 0 2445 5 18 10 3 0.0007 0.2181 226 226
326-0-1-0.05-50-0 0 2445 32 23 1 6 0.6514 0.1698 215 476
326-0-1-0.05-50-0 0 2446 11 11 21 21 0.0504 0.0504 384 384
326-0-1-0.05-50-0 0 2446 11 5 20 10 0.0504 0.0007 384 226
326-0-1-0.05-50-0 0 2447 37 1 3 8 0.8481 0.2520 127 409
326-0-1-0.05-50-0 0 2447 11 38 20 6 0.0504 0.6163 384 270
326-0-1-0.05-50-0 0 2448 23 1 6 8 0.1698 0.2520 476 409
326-0-1-0.05-50-0 0 2448 22 44 1 5 0.0160 0.7034 311 118
326-0-1-0.05-50-0 0 2449 49 5 8 9 0.1842 0.0007 136 226
326-0-1-0.05-50-0 0 2449 11 11 19 19 0.0504 0.0504 384 384
326-0-1-0.05-50-0 0 2450 4 2 13 2 0.0723 0.8198 351 167
326-0-1-0.05-50-0 0 2450 11 8 19 5 0.0504 0.2506 384 303
326-0-1-0.05-50-0 0 2451 1 4 7 14 0.2520 0.0723 409 351
326-0-1-0.05-50-0 0 2451 1 4 7 13 0.2520 0.0723 409 351
326-0-1-0.05-50-0 0 2452 49 44 7 4 0.1842 0.7034 136 118
326-0-1-0.05-50-0 0 2452 11 4 20 11 0.0504 0.0723 384 351
326-0-1-0.05-50-0 0 2453 16 25 13 2 0.2228 0.9430 149 125
326-0-1-0.05-50-0 0 2453 16 5 13 9 0.2228 0.0007 149 226
326-0-1-0.05-50-0 0 2454 38 1 5 6 0.6163 0.2520 270 409
326-0-1-0.05-50-0 0 2454 49 16 6 14 0.1842 0.2228 136 149
326-0-1-0.05-50-0 0 2455 5 44 9 3 0.0007 0.7034 226 118
326-0-1-0.05-50-0 0 2455 44 29 2 3 0.7034 0.6728 118 177
326-0-1-0.05-50-0 0 2456 49 37 6 3 0.1842 0.8481 136 127
326-0-1-0.05-50-0 0 2456 11 46 23 3 0.0504 0.3451 384 327
326-0-1-0.05-50-0 0 2457 11 4 25 14 0.0504 0.0723 384 351
326-0-1-0.05-50-0 0 2457 45 11 7 25 0.3816 0.0504 173 384
326-0-1-0.05-50-0 0 2458 23 49 11 6 0.1698 0.1842 476 136
326-0-1-0.05-50-0 0 2458 45 46 7 2 0.3816 0.3451 173 327
326-0-1-0.05-50-0 0 2459 11 4 27 11 0.0504 0.0723 384 351
326-0-1-0.05-50-0 0 2459 37 26 3 7 0.8481 0.8171 127 141
326-0-1-0.05-50-0 0 2460 37 11 4 31 0.8481 0.0504 127 384
326-0-1-0.05-50-0 0 2460 38 5 4 10 0.6163 0.0007 270 226
326-0-1-0.05-50-0 0 2461 49 49 5 5 0.1842 0.1842 136 136
326-0-1-0.05-50-0 0 2461 11 11 30 30 0.0504 0.0504 384 384
326-0-1-0.05-50-0 0 2462 1 4 5 13 0.2520 0.0723 409 351
326-0-1-0.05-50-0 0 2462 29 23 1 11 0.6728 0.1698 177 476
326-0-1-0.05-50-0 0 2463 45 23 10 9 0.3816 0.1698 173 476
326-0-1-0.05-50-0 0 2463 38 16 5 14 0.6163 0.2228 270 149
326-0-1-0.05-50-0 0 2464 20 11 5 28 0.9922 0.0504 102 384
326-0-1-0.05-50-0 0 2464 5 11 10 27 0.0007 0.0504 226 384
326-0-1-0.05-50-0 0 2465 1 16 7 13 0.2520 0.2228 409 149
326-0-1-0.05-50-0 0 2465 45 11 11 25 0.3816 0.0504 173 384
326-0-1-0.05-50-0 0 2466 8 44 6 1 0.2506 0.7034 303 118
326-0-1-0.05-50-0 0 2466 29 8 2 6 0.6728 0.2506 177 303
326-0-1-0.05-50-0 0 2466 16 23 13 8 0.2228 0.1698 149 476
326-0-1-0.05-50-0 0 2467 49 11 6 24 0.1842 0.0504 136 384
326-0-1-0.05-50-0 0 2467 38 45 6 13 0.6163 0.3816 270 173
326-0-1-0.05-50-0 0 2468 29 11 2 24 0.6728 0.0504 177 384
326-0-1-0.05-50-0 0 2468 11 2 23 1 0.0504 0.8198 384 167
326-0-1-0.05-50-0 0 2469 1 18 7 4 0.2520 0.2181 409 226
326-0-1-0.05-50-0 0 2469 4 49 9 5 0.0723 0.1842 351 136
326-0-1-0.05-50-0 0 2470 4 11 9 21 0.0723 0.0504 351 384
326-0-1-0.05-50-0 0 2470 16 45 18 11 0.2228 0.3816 149 173
326-0-1-0.05-50-0 0 2471 16 16 21 21 0.2228 0.2228 149 149
326-0-1-0.05-50-0 0 2471 16 1 20 7 0.2228 0.2520 149 409
326-0-1-0.05-50-0 0 2472 16 37 20 3 0.2228 0.8481 149 127
326-0-1-0.05-50-0 0 2472 23 1 10 6 0.1698 0.2520 476 409
326-0-1-0.05-50-0 0 2473 16 1 20 5 0.2228 0.2520 149 409
326-0-1-0.05-50-0 0 2473 4 16 10 20 0.0723 0.2228 351 149
326-0-1-0.05-50-0 0 2474 17 5 3 11 0.6398 0.0007 197 226
326-0-1-0.05-50-0 0 2474 16 16 19 19 0.2228 0.2228 149 149
326-0-1-0.05-50-0 0 2475 45 45 8 8 0.3816 0.3816 173 173
326-0-1-0.05-50-0 0 2475 26 11 6 21 0.8171 0.0504 141 384
326-0-1-0.05-50-0 0 2476 5 5 12 12 0.0007 0.0007 226 226
326-0-1-0.05-50-0 0 2476 5 4 11 9 0.0007 0.0723 226 351
326-0-1-0.05-50-0 0 2477 10 5 8 11 0.2533 0.0007 449 226
326-0-1-0.05-50-0 0 2477 50 11 1 22 0.2147 0.0504 147 384
326-0-1-0.05-50-0 0 2478 5 26 10 8 0.0007 0.8171 226 141
326-0-1-0.05-50-0 0 2478 4 11 8 21 0.0723 0.0504 351 384
326-0-1-0.05-50-0 0 2479 18 45 4 5 0.2181 0.3816 226 173
326-0-1-0.05-50-0 0 2479 20 31 9 1 0.9922 0.5626 102 252
326-0-1-0.05-50-0 0 2480 10 8 8 7 0.2533 0.2506 449 303
326-0-1-0.05-50-0 0 2480 5 11 9 23 0.0007 0.0504 226 384
326-0-1-0.05-50-0 0 2481 8 16 9 18 0.2506 0.2228 303 149
326-0-1-0.05-50-0 0 2481 26 23 7 13 0.8171 0.1698 141 476
326-0-1-0.05-50-0 0 2482 29 11 1 24 0.6728 0.0504 177 384
326-0-1-0.05-50-0 0 2482 16 23 17 14 0.2228 0.1698 149 476
326-0-1-0.05-50-0 0 2482 17 21 2 2 0.6398 0.4184 197 158
326-0-1-0.05-50-0 0 2483 26 8 6 8 0.8171 0.2506 141 303
326-0-1-0.05-50-0 0 2483 49 5 5 10 0.1842 0.0007 136 226
326-0-1-0.05-50-0 0 2484 1 5 3 8 0.2520 0.0007 409 226
326-0-1-0.05-50-0 0 2484 20 1 12 3 0.9922 0.2520 102 409
326-0-1-0.05-50-0 0 2485 50 40 1 2 0.2147 0.9739 147 104
326-0-1-0.05-50-0 0 2485 37 10 2 7 0.8481 0.2533 127 449
326-0-1-0.05-50-0 0 2486 5 40 6 1 0.0007 0.9739 226 104
326-0-1-0.05-50-0 0 2486 26 41 5 2 0.8171 0.9621 141 105
326-0-1-0.05-50-0 0 2487 17 10 3 6 0.6398 0.2533 197 449
326-0-1-0.05-50-0 0 2487 20 11 12 25 0.9922 0.0504 102 384
326-0-1-0.05-50-0 0 2488 38 20 5 11 0.6163 0.9922 270 102
326-0-1-0.05-50-0 0 2488 11 37 26 2 0.0504 0.8481 384 127
326-0-1-0.05-50-0 0 2489 16 16 17 17 0.2228 0.2228 149 149
326-0-1-0.05-50-0 0 2489 5 16 7 16 0.0007 0.2228 226 149
326-0-1-0.05-50-0 0 2490 8 17 5 2 0.2506 0.6398 303 197
326-0-1-0.05-50-0 0 2490 45 16 5 15 0.3816 0.2228 173 149
326-0-1-0.05-50-0 0 2491 18 47 4 1 0.2181 0.9293 226 103
326-0-1-0.05-50-0 0 2491 11 5 28 8 0.0504 0.0007 384 226
326-0-1-0.05-50-0 0 2492 5 38 9 4 0.0007 0.6163 226 270
326-0-1-0.05-50-0 0 2492 11 23 29 15 0.0504 0.1698 384 476
326-0-1-0.05-50-0 0 2493 20 20 10 10 0.9922 0.9922 102 102
326-0-1-0.05-50-0 0 2493 4 23 9 14 0.0723 0.1698 351 476
326-0-1-0.05-50-0 0 2494 26 23 6 13 0.8171 0.1698 141 476
326-0-1-0.05-50-0 0 2494 16 38 13 3 0.2228 0.6163 149 270
326-0-1-0.05-50-0 0 2494 11 23 30 12 0.0504 0.1698 384 476
326-0-1-0.05-50-0 0 2495 23 4 11 10 0.1698 0.0723 476 351
326-0-1-0.05-50-0 0 2495 11 12 28 3 0.0504 0.1896 384 325
326-0-1-0.05-50-0 0 2496 48 20 2 9 0.1153 0.9922 334 102
326-0-1-0.05-50-0 0 2496 18 11 3 27 0.2181 0.0504 226 384
326-0-1-0.05-50-0 0 2497 4 23 10 9 0.0723 0.1698 351 476
326-0-1-0.05-50-0 0 2497 5 23 9 8 0.0007 0.1698 226 476
326-0-1-0.05-50-0 0 2498 26 45 7 7 0.8171 0.3816 141 173
326-0-1-0.05-50-0 0 2498 20 11 8 25 0.9922 0.0504 102 384
326-0-1-0.05-50-0 0 2499 50 26 1 6 0.2147 0.8171 147 141
326-0-1-0.05-50-0 0 2499 16 4 13 12 0.2228 0.0723 149 351
326-0-1-0.05-50-0 0 2500 26 12 5 2 0.8171 0.1896 141 325
326-0-1-0.05-50-0 0 2500 23 16 7 11 0.1698 0.2228 476 149
