328-1-1-0.05-50-0 1 2302 36 2 65 27 0.8162 0.8198 165 167
328-1-1-0.05-50-0 1 2303 1 1 114 114 0.2520 0.2520 409 409
328-1-1-0.05-50-0 1 2303 40 34 69 2 0.9739 0.7448 104 168
328-1-1-0.05-50-0 1 2303 10 27 20 145 0.2533 0.0776 449 149
328-1-1-0.05-50-0 1 2303 36 37 66 83 0.8162 0.8481 165 127
328-1-1-0.05-50-0 1 2303 1 8 113 245 0.2520 0.2506 409 303
328-1-1-0.05-50-0 1 2304 1 8 111 247 0.2520 0.2506 409 303
328-1-1-0.05-50-0 1 2304 10 27 20 147 0.2533 0.0776 449 149
328-1-1-0.05-50-0 1 2304 1 8 111 246 0.2520 0.2506 409 303
328-1-1-0.05-50-0 1 2304 36 36 67 67 0.8162 0.8162 165 165
328-1-1-0.05-50-0 1 2305 1 1 119 119 0.2520 0.2520 409 409
328-1-1-0.05-50-0 1 2305 41 5 57 1 0.9621 0.0007 105 226
328-1-1-0.05-50-0 1 2305 14 13 6 145 0.8451 0.8878 105 151
328-1-1-0.05-50-0 1 2305 25 11 121 1 0.9430 0.0504 125 384
328-1-1-0.05-50-0 1 2306 20 30 101 1 0.9922 0.6008 102 266
328-1-1-0.05-50-0 1 2306 14 13 7 142 0.8451 0.8878 105 151
328-1-1-0.05-50-0 1 2306 1 8 122 254 0.2520 0.2506 409 303
328-1-1-0.05-50-0 1 2306 1 1 122 122 0.2520 0.2520 409 409
328-1-1-0.05-50-0 1 2306 1 8 121 253 0.2520 0.2506 409 303
328-1-1-0.05-50-0 1 2306 40 34 65 1 0.9739 0.7448 104 168
328-1-1-0.05-50-0 1 2306 10 27 19 149 0.2533 0.0776 449 149
328-1-1-0.05-50-0 1 2306 36 43 69 61 0.8162 0.8316 165 123
328-1-1-0.05-50-0 1 2306 36 43 69 60 0.8162 0.8316 165 123
328-1-1-0.05-50-0 1 2307 1 8 124 257 0.2520 0.2506 409 303
328-1-1-0.05-50-0 1 2307 36 37 70 82 0.8162 0.8481 165 127
328-1-1-0.05-50-0 1 2307 1 8 124 256 0.2520 0.2506 409 303
328-1-1-0.05-50-0 1 2307 1 8 124 255 0.2520 0.2506 409 303
328-1-1-0.05-50-0 1 2308 36 43 72 63 0.8162 0.8316 165 123
328-1-1-0.05-50-0 1 2308 40 15 68 1 0.9739 0.7918 104 149
328-1-1-0.05-50-0 1 2308 40 42 68 1 0.9739 0.7447 104 106
328-1-1-0.05-50-0 1 2309 10 27 19 145 0.2533 0.0776 449 149
328-1-1-0.05-50-0 1 2309 36 2 76 27 0.8162 0.8198 165 167
328-1-1-0.05-50-0 1 2309 36 2 76 26 0.8162 0.8198 165 167
328-1-1-0.05-50-0 1 2309 1 8 121 253 0.2520 0.2506 409 303
328-1-1-0.05-50-0 1 2309 1 8 121 252 0.2520 0.2506 409 303
328-1-1-0.05-50-0 1 2310 1 8 121 260 0.2520 0.2506 409 303
328-1-1-0.05-50-0 1 2310 36 37 78 87 0.8162 0.8481 165 127
328-1-1-0.05-50-0 1 2310 10 27 20 145 0.2533 0.0776 449 149
328-1-1-0.05-50-0 1 2310 36 36 78 78 0.8162 0.8162 165 165
328-1-1-0.05-50-0 1 2310 1 10 121 20 0.2520 0.2533 409 449
328-1-1-0.05-50-0 1 2310 23 23 3 3 0.1698 0.1698 476 476
328-1-1-0.05-50-0 1 2311 1 1 122 122 0.2520 0.2520 409 409
328-1-1-0.05-50-0 1 2311 1 8 121 265 0.2520 0.2506 409 303
328-1-1-0.05-50-0 1 2311 1 1 121 121 0.2520 0.2520 409 409
328-1-1-0.05-50-0 1 2311 1 8 120 264 0.2520 0.2506 409 303
328-1-1-0.05-50-0 1 2311 1 8 120 263 0.2520 0.2506 409 303
328-1-1-0.05-50-0 1 2311 36 36 78 78 0.8162 0.8162 165 165
328-1-1-0.05-50-0 1 2312 1 1 122 122 0.2520 0.2520 409 409
328-1-1-0.05-50-0 1 2312 36 43 83 64 0.8162 0.8316 165 123
328-1-1-0.05-50-0 1 2312 19 19 13 13 0.8072 0.8072 134 134
328-1-1-0.05-50-0 1 2312 37 23 86 3 0.8481 0.1698 127 476
328-1-1-0.05-50-0 1 2312 1 8 121 267 0.2520 0.2506 409 303
328-1-1-0.05-50-0 1 2312 1 8 121 266 0.2520 0.2506 409 303
328-1-1-0.05-50-0 1 2312 36 2 83 25 0.8162 0.8198 165 167
328-1-1-0.05-50-0 1 2312 1 8 121 265 0.2520 0.2506 409 303
328-1-1-0.05-50-0 1 2312 36 43 83 63 0.8162 0.8316 165 123
328-1-1-0.05-50-0 1 2313 41 22 65 2 0.9621 0.0160 105 311
328-1-1-0.05-50-0 1 2313 25 22 125 1 0.9430 0.0160 125 311
328-1-1-0.05-50-0 1 2313 36 36 82 82 0.8162 0.8162 165 165
328-1-1-0.05-50-0 1 2313 19 19 12 12 0.8072 0.8072 134 134
328-1-1-0.05-50-0 1 2313 19 19 11 11 0.8072 0.8072 134 134
328-1-1-0.05-50-0 1 2314 1 8 124 272 0.2520 0.2506 409 303
328-1-1-0.05-50-0 1 2314 1 8 124 271 0.2520 0.2506 409 303
328-1-1-0.05-50-0 1 2314 20 31 91 1 0.9922 0.5626 102 252
328-1-1-0.05-50-0 1 2314 36 36 83 83 0.8162 0.8162 165 165
328-1-1-0.05-50-0 1 2314 10 27 19 149 0.2533 0.0776 449 149
328-1-1-0.05-50-0 1 2314 10 27 19 148 0.2533 0.0776 449 149
328-1-1-0.05-50-0 1 2315 36 36 79 79 0.8162 0.8162 165 165
328-1-1-0.05-50-0 1 2315 20 17 93 2 0.9922 0.6398 102 197
328-1-1-0.05-50-0 1 2315 36 43 78 61 0.8162 0.8316 165 123
328-1-1-0.05-50-0 1 2315 1 1 130 130 0.2520 0.2520 409 409
328-1-1-0.05-50-0 1 2315 36 36 78 78 0.8162 0.8162 165 165
328-1-1-0.05-50-0 1 2316 36 2 77 25 0.8162 0.8198 165 167
328-1-1-0.05-50-0 1 2316 1 8 129 289 0.2520 0.2506 409 303
328-1-1-0.05-50-0 1 2316 37 18 89 1 0.8481 0.2181 127 226
328-1-1-0.05-50-0 1 2316 1 8 129 288 0.2520 0.2506 409 303
328-1-1-0.05-50-0 1 2316 1 8 129 287 0.2520 0.2506 409 303
328-1-1-0.05-50-0 1 2316 1 8 129 286 0.2520 0.2506 409 303
328-1-1-0.05-50-0 1 2317 1 8 131 286 0.2520 0.2506 409 303
328-1-1-0.05-50-0 1 2317 1 1 131 131 0.2520 0.2520 409 409
328-1-1-0.05-50-0 1 2317 1 8 130 285 0.2520 0.2506 409 303
328-1-1-0.05-50-0 1 2317 36 19 84 7 0.8162 0.8072 165 134
328-1-1-0.05-50-0 1 2317 1 8 130 284 0.2520 0.2506 409 303
328-1-1-0.05-50-0 1 2317 36 2 84 26 0.8162 0.8198 165 167
328-1-1-0.05-50-0 1 2317 36 37 84 89 0.8162 0.8481 165 127
328-1-1-0.05-50-0 1 2317 36 36 84 84 0.8162 0.8162 165 165
328-1-1-0.05-50-0 1 2317 1 8 130 283 0.2520 0.2506 409 303
328-1-1-0.05-50-0 1 2318 36 14 83 8 0.8162 0.8451 165 105
328-1-1-0.05-50-0 1 2318 1 8 133 288 0.2520 0.2506 409 303
328-1-1-0.05-50-0 1 2318 1 8 133 287 0.2520 0.2506 409 303
328-1-1-0.05-50-0 1 2318 19 19 6 6 0.8072 0.8072 134 134
328-1-1-0.05-50-0 1 2318 10 27 19 149 0.2533 0.0776 449 149
328-1-1-0.05-50-0 1 2318 36 2 83 26 0.8162 0.8198 165 167
328-1-1-0.05-50-0 1 2319 40 33 66 1 0.9739 0.6893 104 191
328-1-1-0.05-50-0 1 2319 40 17 66 1 0.9739 0.6398 104 197
328-1-1-0.05-50-0 1 2319 1 8 135 285 0.2520 0.2506 409 303
328-1-1-0.05-50-0 1 2319 1 8 135 284 0.2520 0.2506 409 303
328-1-1-0.05-50-0 1 2319 36 37 81 87 0.8162 0.8481 165 127
328-1-1-0.05-50-0 1 2319 1 1 135 135 0.2520 0.2520 409 409
328-1-1-0.05-50-0 1 2319 1 8 134 283 0.2520 0.2506 409 303
328-1-1-0.05-50-0 1 2319 36 2 81 24 0.8162 0.8198 165 167
328-1-1-0.05-50-0 1 2319 36 2 81 23 0.8162 0.8198 165 167
328-1-1-0.05-50-0 1 2320 36 43 80 61 0.8162 0.8316 165 123
328-1-1-0.05-50-0 1 2320 1 8 135 287 0.2520 0.2506 409 303
328-1-1-0.05-50-0 1 2320 1 8 135 286 0.2520 0.2506 409 303
328-1-1-0.05-50-0 1 2320 36 36 80 80 0.8162 0.8162 165 165
328-1-1-0.05-50-0 1 2320 1 1 135 135 0.2520 0.2520 409 409
328-1-1-0.05-50-0 1 2320 1 8 134 285 0.2520 0.2506 409 303
328-1-1-0.05-50-0 1 2320 36 37 79 87 0.8162 0.8481 165 127
328-1-1-0.05-50-0 1 2320 37 50 86 1 0.8481 0.2147 127 147
328-1-1-0.05-50-0 1 2320 10 27 19 149 0.2533 0.0776 449 149
328-1-1-0.05-50-0 1 2321 1 10 135 20 0.2520 0.2533 409 449
328-1-1-0.05-50-0 1 2321 36 36 82 82 0.8162 0.8162 165 165
328-1-1-0.05-50-0 1 2321 10 27 19 149 0.2533 0.0776 449 149
328-1-1-0.05-50-0 1 2321 10 27 19 148 0.2533 0.0776 449 149
328-1-1-0.05-50-0 1 2321 36 43 81 60 0.8162 0.8316 165 123
328-1-1-0.05-50-0 1 2321 14 37 8 84 0.8451 0.8481 105 127
328-1-1-0.05-50-0 1 2322 10 27 20 145 0.2533 0.0776 449 149
328-1-1-0.05-50-0 1 2322 1 8 134 271 0.2520 0.2506 409 303
328-1-1-0.05-50-0 1 2322 36 36 82 82 0.8162 0.8162 165 165
328-1-1-0.05-50-0 1 2322 1 1 134 134 0.2520 0.2520 409 409
328-1-1-0.05-50-0 1 2322 1 8 133 270 0.2520 0.2506 409 303
328-1-1-0.05-50-0 1 2322 36 43 81 59 0.8162 0.8316 165 123
328-1-1-0.05-50-0 1 2323 36 14 83 7 0.8162 0.8451 165 105
328-1-1-0.05-50-0 1 2323 40 15 78 1 0.9739 0.7918 104 149
328-1-1-0.05-50-0 1 2323 40 3 78 1 0.9739 0.4813 104 321
328-1-1-0.05-50-0 1 2323 1 8 136 272 0.2520 0.2506 409 303
328-1-1-0.05-50-0 1 2323 1 8 136 271 0.2520 0.2506 409 303
328-1-1-0.05-50-0 1 2324 1 8 134 276 0.2520 0.2506 409 303
328-1-1-0.05-50-0 1 2324 36 43 82 54 0.8162 0.8316 165 123
328-1-1-0.05-50-0 1 2324 36 43 82 53 0.8162 0.8316 165 123
328-1-1-0.05-50-0 1 2324 36 43 82 52 0.8162 0.8316 165 123
328-1-1-0.05-50-0 1 2324 1 8 134 275 0.2520 0.2506 409 303
328-1-1-0.05-50-0 1 2324 1 8 134 274 0.2520 0.2506 409 303
328-1-1-0.05-50-0 1 2325 1 8 136 268 0.2520 0.2506 409 303
328-1-1-0.05-50-0 1 2325 37 50 85 1 0.8481 0.2147 127 147
328-1-1-0.05-50-0 1 2325 10 27 20 144 0.2533 0.0776 449 149
328-1-1-0.05-50-0 1 2326 36 37 82 87 0.8162 0.8481 165 127
328-1-1-0.05-50-0 1 2326 1 8 138 267 0.2520 0.2506 409 303
328-1-1-0.05-50-0 1 2326 36 37 82 86 0.8162 0.8481 165 127
328-1-1-0.05-50-0 1 2326 36 37 82 85 0.8162 0.8481 165 127
328-1-1-0.05-50-0 1 2326 36 37 82 84 0.8162 0.8481 165 127
328-1-1-0.05-50-0 1 2326 1 8 138 266 0.2520 0.2506 409 303
328-1-1-0.05-50-0 1 2327 36 37 85 82 0.8162 0.8481 165 127
328-1-1-0.05-50-0 1 2327 36 36 85 85 0.8162 0.8162 165 165
328-1-1-0.05-50-0 1 2327 1 8 139 271 0.2520 0.2506 409 303
328-1-1-0.05-50-0 1 2327 37 50 81 1 0.8481 0.2147 127 147
328-1-1-0.05-50-0 1 2327 1 1 139 139 0.2520 0.2520 409 409
328-1-1-0.05-50-0 1 2328 37 18 81 2 0.8481 0.2181 127 226
328-1-1-0.05-50-0 1 2328 1 8 136 270 0.2520 0.2506 409 303
328-1-1-0.05-50-0 1 2328 1 10 136 23 0.2520 0.2533 409 449
328-1-1-0.05-50-0 1 2328 1 8 136 269 0.2520 0.2506 409 303
328-1-1-0.05-50-0 1 2328 1 1 136 136 0.2520 0.2520 409 409
328-1-1-0.05-50-0 1 2328 36 2 80 27 0.8162 0.8198 165 167
328-1-1-0.05-50-0 1 2328 1 1 135 135 0.2520 0.2520 409 409
328-1-1-0.05-50-0 1 2329 1 8 143 272 0.2520 0.2506 409 303
328-1-1-0.05-50-0 1 2329 36 36 82 82 0.8162 0.8162 165 165
328-1-1-0.05-50-0 1 2329 1 1 143 143 0.2520 0.2520 409 409
328-1-1-0.05-50-0 1 2329 40 15 73 1 0.9739 0.7918 104 149
328-1-1-0.05-50-0 1 2329 1 1 142 142 0.2520 0.2520 409 409
328-1-1-0.05-50-0 1 2329 36 43 81 52 0.8162 0.8316 165 123
328-1-1-0.05-50-0 1 2330 10 27 25 139 0.2533 0.0776 449 149
328-1-1-0.05-50-0 1 2330 37 18 80 1 0.8481 0.2181 127 226
328-1-1-0.05-50-0 1 2330 1 8 141 272 0.2520 0.2506 409 303
328-1-1-0.05-50-0 1 2330 36 14 81 5 0.8162 0.8451 165 105
328-1-1-0.05-50-0 1 2330 1 1 141 141 0.2520 0.2520 409 409
328-1-1-0.05-50-0 1 2330 36 36 81 81 0.8162 0.8162 165 165
328-1-1-0.05-50-0 1 2330 1 1 140 140 0.2520 0.2520 409 409
328-1-1-0.05-50-0 1 2331 36 43 80 54 0.8162 0.8316 165 123
328-1-1-0.05-50-0 1 2331 1 1 147 147 0.2520 0.2520 409 409
328-1-1-0.05-50-0 1 2331 1 1 146 146 0.2520 0.2520 409 409
328-1-1-0.05-50-0 1 2331 40 34 73 1 0.9739 0.7448 104 168
328-1-1-0.05-50-0 1 2331 36 36 80 80 0.8162 0.8162 165 165
328-1-1-0.05-50-0 1 2331 36 14 79 4 0.8162 0.8451 165 105
328-1-1-0.05-50-0 1 2331 36 37 79 83 0.8162 0.8481 165 127
328-1-1-0.05-50-0 1 2332 1 1 148 148 0.2520 0.2520 409 409
328-1-1-0.05-50-0 1 2332 10 27 24 147 0.2533 0.0776 449 149
328-1-1-0.05-50-0 1 2332 20 32 86 2 0.9922 0.6514 102 215
328-1-1-0.05-50-0 1 2332 41 5 88 1 0.9621 0.0007 105 226
328-1-1-0.05-50-0 1 2332 1 1 147 147 0.2520 0.2520 409 409
328-1-1-0.05-50-0 1 2332 1 1 146 146 0.2520 0.2520 409 409
328-1-1-0.05-50-0 1 2333 1 1 145 145 0.2520 0.2520 409 409
328-1-1-0.05-50-0 1 2333 20 32 86 1 0.9922 0.6514 102 215
328-1-1-0.05-50-0 1 2333 1 8 144 280 0.2520 0.2506 409 303
328-1-1-0.05-50-0 1 2333 1 8 144 279 0.2520 0.2506 409 303
328-1-1-0.05-50-0 1 2333 36 37 76 81 0.8162 0.8481 165 127
328-1-1-0.05-50-0 1 2334 36 43 74 48 0.8162 0.8316 165 123
328-1-1-0.05-50-0 1 2334 1 8 144 287 0.2520 0.2506 409 303
328-1-1-0.05-50-0 1 2334 36 36 74 74 0.8162 0.8162 165 165
328-1-1-0.05-50-0 1 2334 36 36 73 73 0.8162 0.8162 165 165
328-1-1-0.05-50-0 1 2334 36 2 72 22 0.8162 0.8198 165 167
328-1-1-0.05-50-0 1 2335 1 8 147 288 0.2520 0.2506 409 303
328-1-1-0.05-50-0 1 2335 36 37 73 77 0.8162 0.8481 165 127
328-1-1-0.05-50-0 1 2335 1 8 147 287 0.2520 0.2506 409 303
328-1-1-0.05-50-0 1 2335 36 37 73 76 0.8162 0.8481 165 127
328-1-1-0.05-50-0 1 2335 10 27 25 149 0.2533 0.0776 449 149
328-1-1-0.05-50-0 1 2336 36 36 70 70 0.8162 0.8162 165 165
328-1-1-0.05-50-0 1 2336 36 36 69 69 0.8162 0.8162 165 165
328-1-1-0.05-50-0 1 2336 1 8 156 286 0.2520 0.2506 409 303
328-1-1-0.05-50-0 1 2336 37 23 77 2 0.8481 0.1698 127 476
328-1-1-0.05-50-0 1 2336 10 27 25 149 0.2533 0.0776 449 149
328-1-1-0.05-50-0 1 2337 1 10 156 26 0.2520 0.2533 409 449
328-1-1-0.05-50-0 1 2337 1 1 156 156 0.2520 0.2520 409 409
328-1-1-0.05-50-0 1 2337 36 37 69 80 0.8162 0.8481 165 127
328-1-1-0.05-50-0 1 2337 40 28 76 2 0.9739 0.3846 104 311
328-1-1-0.05-50-0 1 2337 36 2 69 24 0.8162 0.8198 165 167
328-1-1-0.05-50-0 1 2337 20 28 93 1 0.9922 0.3846 102 311
328-1-1-0.05-50-0 1 2337 1 1 155 155 0.2520 0.2520 409 409
328-1-1-0.05-50-0 1 2337 1 8 154 284 0.2520 0.2506 409 303
328-1-1-0.05-50-0 1 2338 1 1 153 153 0.2520 0.2520 409 409
328-1-1-0.05-50-0 1 2338 1 8 152 279 0.2520 0.2506 409 303
328-1-1-0.05-50-0 1 2338 36 37 65 82 0.8162 0.8481 165 127
328-1-1-0.05-50-0 1 2338 1 1 152 152 0.2520 0.2520 409 409
328-1-1-0.05-50-0 1 2339 1 1 148 148 0.2520 0.2520 409 409
328-1-1-0.05-50-0 1 2339 25 11 123 1 0.9430 0.0504 125 384
328-1-1-0.05-50-0 1 2339 10 27 22 141 0.2533 0.0776 449 149
328-1-1-0.05-50-0 1 2339 1 1 147 147 0.2520 0.2520 409 409
328-1-1-0.05-50-0 1 2339 10 27 22 140 0.2533 0.0776 449 149
328-1-1-0.05-50-0 1 2340 1 8 152 276 0.2520 0.2506 409 303
328-1-1-0.05-50-0 1 2340 10 27 21 136 0.2533 0.0776 449 149
328-1-1-0.05-50-0 1 2340 1 8 152 275 0.2520 0.2506 409 303
328-1-1-0.05-50-0 1 2340 40 45 70 1 0.9739 0.3816 104 173
328-1-1-0.05-50-0 1 2340 1 8 152 274 0.2520 0.2506 409 303
328-1-1-0.05-50-0 1 2341 1 1 154 154 0.2520 0.2520 409 409
328-1-1-0.05-50-0 1 2341 36 36 68 68 0.8162 0.8162 165 165
328-1-1-0.05-50-0 1 2341 1 8 153 280 0.2520 0.2506 409 303
328-1-1-0.05-50-0 1 2341 1 8 153 279 0.2520 0.2506 409 303
328-1-1-0.05-50-0 1 2341 37 23 80 1 0.8481 0.1698 127 476
328-1-1-0.05-50-0 1 2341 1 8 153 278 0.2520 0.2506 409 303
328-1-1-0.05-50-0 1 2341 1 39 153 3 0.2520 0.2187 409 309
328-1-1-0.05-50-0 1 2342 36 37 67 82 0.8162 0.8481 165 127
328-1-1-0.05-50-0 1 2342 36 43 67 55 0.8162 0.8316 165 123
328-1-1-0.05-50-0 1 2342 1 1 154 154 0.2520 0.2520 409 409
328-1-1-0.05-50-0 1 2342 40 30 70 1 0.9739 0.6008 104 266
328-1-1-0.05-50-0 1 2342 1 1 153 153 0.2520 0.2520 409 409
328-1-1-0.05-50-0 1 2342 36 2 67 22 0.8162 0.8198 165 167
328-1-1-0.05-50-0 1 2342 1 8 152 284 0.2520 0.2506 409 303
328-1-1-0.05-50-0 1 2342 1 1 152 152 0.2520 0.2520 409 409
328-1-1-0.05-50-0 1 2342 1 8 151 283 0.2520 0.2506 409 303
328-1-1-0.05-50-0 1 2343 1 1 156 156 0.2520 0.2520 409 409
328-1-1-0.05-50-0 1 2343 10 27 22 138 0.2533 0.0776 449 149
328-1-1-0.05-50-0 1 2344 1 10 159 22 0.2520 0.2533 409 449
328-1-1-0.05-50-0 1 2344 1 8 159 284 0.2520 0.2506 409 303
328-1-1-0.05-50-0 1 2344 1 1 159 159 0.2520 0.2520 409 409
328-1-1-0.05-50-0 1 2345 1 8 161 281 0.2520 0.2506 409 303
328-1-1-0.05-50-0 1 2345 10 27 24 137 0.2533 0.0776 449 149
328-1-1-0.05-50-0 1 2345 36 36 66 66 0.8162 0.8162 165 165
328-1-1-0.05-50-0 1 2345 36 36 65 65 0.8162 0.8162 165 165
328-1-1-0.05-50-0 1 2346 1 8 162 279 0.2520 0.2506 409 303
328-1-1-0.05-50-0 1 2346 1 8 162 278 0.2520 0.2506 409 303
328-1-1-0.05-50-0 1 2346 36 37 67 81 0.8162 0.8481 165 127
328-1-1-0.05-50-0 1 2346 1 8 162 277 0.2520 0.2506 409 303
328-1-1-0.05-50-0 1 2346 1 8 162 276 0.2520 0.2506 409 303
328-1-1-0.05-50-0 1 2346 1 1 162 162 0.2520 0.2520 409 409
328-1-1-0.05-50-0 1 2346 1 1 161 161 0.2520 0.2520 409 409
328-1-1-0.05-50-0 1 2347 36 37 66 79 0.8162 0.8481 165 127
328-1-1-0.05-50-0 1 2347 37 24 78 1 0.8481 0.1940 127 254
328-1-1-0.05-50-0 1 2347 10 27 23 140 0.2533 0.0776 449 149
328-1-1-0.05-50-0 1 2348 1 8 154 263 0.2520 0.2506 409 303
328-1-1-0.05-50-0 1 2348 1 1 154 154 0.2520 0.2520 409 409
328-1-1-0.05-50-0 1 2348 1 8 153 262 0.2520 0.2506 409 303
328-1-1-0.05-50-0 1 2348 36 37 66 80 0.8162 0.8481 165 127
328-1-1-0.05-50-0 1 2348 1 8 153 261 0.2520 0.2506 409 303
328-1-1-0.05-50-0 1 2348 36 26 66 2 0.8162 0.8171 165 141
328-1-1-0.05-50-0 1 2348 10 27 23 141 0.2533 0.0776 449 149
328-1-1-0.05-50-0 1 2349 10 27 23 140 0.2533 0.0776 449 149
328-1-1-0.05-50-0 1 2349 1 8 156 264 0.2520 0.2506 409 303
328-1-1-0.05-50-0 1 2349 10 27 23 139 0.2533 0.0776 449 149
328-1-1-0.05-50-0 1 2349 40 17 70 1 0.9739 0.6398 104 197
328-1-1-0.05-50-0 1 2349 1 1 156 156 0.2520 0.2520 409 409
328-1-1-0.05-50-0 1 2349 1 1 155 155 0.2520 0.2520 409 409
328-1-1-0.05-50-0 1 2349 1 8 154 263 0.2520 0.2506 409 303
328-1-1-0.05-50-0 1 2349 1 1 154 154 0.2520 0.2520 409 409
328-1-1-0.05-50-0 1 2349 1 8 153 262 0.2520 0.2506 409 303
328-1-1-0.05-50-0 1 2349 1 8 153 261 0.2520 0.2506 409 303
328-1-1-0.05-50-0 1 2350 36 36 64 64 0.8162 0.8162 165 165
328-1-1-0.05-50-0 1 2350 1 1 154 154 0.2520 0.2520 409 409
328-1-1-0.05-50-0 1 2350 1 8 153 266 0.2520 0.2506 409 303
328-1-1-0.05-50-0 1 2350 1 1 153 153 0.2520 0.2520 409 409
328-1-1-0.05-50-0 1 2350 1 8 152 265 0.2520 0.2506 409 303
328-1-1-0.05-50-0 1 2350 1 1 152 152 0.2520 0.2520 409 409
328-1-1-0.05-50-0 1 2350 1 1 151 151 0.2520 0.2520 409 409
328-1-1-0.05-50-0 1 2351 1 8 151 267 0.2520 0.2506 409 303
328-1-1-0.05-50-0 1 2351 36 36 63 63 0.8162 0.8162 165 165
328-1-1-0.05-50-0 1 2351 37 39 84 2 0.8481 0.2187 127 309
328-1-1-0.05-50-0 1 2351 10 27 25 142 0.2533 0.0776 449 149
328-1-1-0.05-50-0 1 2351 1 8 151 266 0.2520 0.2506 409 303
328-1-1-0.05-50-0 1 2351 1 8 151 265 0.2520 0.2506 409 303
328-1-1-0.05-50-0 1 2351 1 8 151 264 0.2520 0.2506 409 303
328-1-1-0.05-50-0 1 2351 1 8 151 263 0.2520 0.2506 409 303
328-1-1-0.05-50-0 1 2352 1 1 157 157 0.2520 0.2520 409 409
328-1-1-0.05-50-0 1 2352 1 1 156 156 0.2520 0.2520 409 409
328-1-1-0.05-50-0 1 2352 36 37 65 89 0.8162 0.8481 165 127
328-1-1-0.05-50-0 1 2352 2 17 16 1 0.8198 0.6398 167 197
328-1-1-0.05-50-0 1 2352 1 8 155 261 0.2520 0.2506 409 303
328-1-1-0.05-50-0 1 2353 1 8 157 264 0.2520 0.2506 409 303
328-1-1-0.05-50-0 1 2353 1 8 157 263 0.2520 0.2506 409 303
328-1-1-0.05-50-0 1 2353 37 39 89 1 0.8481 0.2187 127 309
328-1-1-0.05-50-0 1 2353 1 1 157 157 0.2520 0.2520 409 409
328-1-1-0.05-50-0 1 2353 1 8 156 262 0.2520 0.2506 409 303
328-1-1-0.05-50-0 1 2353 10 27 26 143 0.2533 0.0776 449 149
328-1-1-0.05-50-0 1 2353 1 1 156 156 0.2520 0.2520 409 409
328-1-1-0.05-50-0 1 2354 1 8 152 266 0.2520 0.2506 409 303
328-1-1-0.05-50-0 1 2354 1 8 152 265 0.2520 0.2506 409 303
328-1-1-0.05-50-0 1 2354 1 8 152 264 0.2520 0.2506 409 303
328-1-1-0.05-50-0 1 2355 36 43 67 58 0.8162 0.8316 165 123
328-1-1-0.05-50-0 1 2355 1 8 146 266 0.2520 0.2506 409 303
328-1-1-0.05-50-0 1 2355 1 8 146 265 0.2520 0.2506 409 303
328-1-1-0.05-50-0 1 2356 36 43 66 60 0.8162 0.8316 165 123
328-1-1-0.05-50-0 1 2356 10 27 31 141 0.2533 0.0776 449 149
328-1-1-0.05-50-0 1 2356 10 27 31 140 0.2533 0.0776 449 149
328-1-1-0.05-50-0 1 2356 10 27 31 139 0.2533 0.0776 449 149
328-1-1-0.05-50-0 1 2356 1 8 150 267 0.2520 0.2506 409 303
328-1-1-0.05-50-0 1 2356 1 8 150 266 0.2520 0.2506 409 303
328-1-1-0.05-50-0 1 2357 36 37 69 84 0.8162 0.8481 165 127
328-1-1-0.05-50-0 1 2357 10 27 30 147 0.2533 0.0776 449 149
328-1-1-0.05-50-0 1 2357 1 8 153 274 0.2520 0.2506 409 303
328-1-1-0.05-50-0 1 2357 36 37 69 83 0.8162 0.8481 165 127
328-1-1-0.05-50-0 1 2357 1 1 153 153 0.2520 0.2520 409 409
328-1-1-0.05-50-0 1 2357 1 8 152 273 0.2520 0.2506 409 303
328-1-1-0.05-50-0 1 2358 36 36 71 71 0.8162 0.8162 165 165
328-1-1-0.05-50-0 1 2358 1 8 150 273 0.2520 0.2506 409 303
328-1-1-0.05-50-0 1 2359 1 8 149 276 0.2520 0.2506 409 303
328-1-1-0.05-50-0 1 2359 1 8 149 275 0.2520 0.2506 409 303
328-1-1-0.05-50-0 1 2360 37 23 85 2 0.8481 0.1698 127 476
328-1-1-0.05-50-0 1 2360 37 16 85 2 0.8481 0.2228 127 149
328-1-1-0.05-50-0 1 2360 37 16 85 1 0.8481 0.2228 127 149
328-1-1-0.05-50-0 1 2360 37 18 85 2 0.8481 0.2181 127 226
328-1-1-0.05-50-0 1 2360 20 38 95 1 0.9922 0.6163 102 270
328-1-1-0.05-50-0 1 2360 1 8 151 277 0.2520 0.2506 409 303
328-1-1-0.05-50-0 1 2360 1 8 151 276 0.2520 0.2506 409 303
328-1-1-0.05-50-0 1 2360 1 8 151 275 0.2520 0.2506 409 303
328-1-1-0.05-50-0 1 2360 19 15 9 1 0.8072 0.7918 134 149
328-1-1-0.05-50-0 1 2361 1 10 151 33 0.2520 0.2533 409 449
328-1-1-0.05-50-0 1 2361 1 8 151 276 0.2520 0.2506 409 303
328-1-1-0.05-50-0 1 2361 1 1 151 151 0.2520 0.2520 409 409
328-1-1-0.05-50-0 1 2361 41 4 100 1 0.9621 0.0723 105 351
328-1-1-0.05-50-0 1 2361 36 43 69 58 0.8162 0.8316 165 123
328-1-1-0.05-50-0 1 2361 1 1 150 150 0.2520 0.2520 409 409
328-1-1-0.05-50-0 1 2361 37 23 90 1 0.8481 0.1698 127 476
328-1-1-0.05-50-0 1 2362 1 1 159 159 0.2520 0.2520 409 409
328-1-1-0.05-50-0 1 2362 36 36 69 69 0.8162 0.8162 165 165
328-1-1-0.05-50-0 1 2362 1 8 158 288 0.2520 0.2506 409 303
328-1-1-0.05-50-0 1 2362 36 37 68 94 0.8162 0.8481 165 127
328-1-1-0.05-50-0 1 2362 36 37 68 93 0.8162 0.8481 165 127
328-1-1-0.05-50-0 1 2363 1 8 158 291 0.2520 0.2506 409 303
328-1-1-0.05-50-0 1 2363 1 1 158 158 0.2520 0.2520 409 409
328-1-1-0.05-50-0 1 2363 19 19 14 14 0.8072 0.8072 134 134
328-1-1-0.05-50-0 1 2363 1 1 157 157 0.2520 0.2520 409 409
328-1-1-0.05-50-0 1 2364 37 23 98 1 0.8481 0.1698 127 476
328-1-1-0.05-50-0 1 2364 1 8 160 293 0.2520 0.2506 409 303
328-1-1-0.05-50-0 1 2364 1 1 160 160 0.2520 0.2520 409 409
328-1-1-0.05-50-0 1 2364 1 1 159 159 0.2520 0.2520 409 409
328-1-1-0.05-50-0 1 2364 1 8 158 292 0.2520 0.2506 409 303
328-1-1-0.05-50-0 1 2364 1 8 158 291 0.2520 0.2506 409 303
328-1-1-0.05-50-0 1 2364 10 27 30 149 0.2533 0.0776 449 149
328-1-1-0.05-50-0 1 2364 1 1 158 158 0.2520 0.2520 409 409
328-1-1-0.05-50-0 1 2364 1 8 157 290 0.2520 0.2506 409 303
328-1-1-0.05-50-0 1 2364 1 8 157 289 0.2520 0.2506 409 303
328-1-1-0.05-50-0 1 2365 1 8 163 292 0.2520 0.2506 409 303
328-1-1-0.05-50-0 1 2365 1 8 163 291 0.2520 0.2506 409 303
328-1-1-0.05-50-0 1 2366 20 29 97 1 0.9922 0.6728 102 177
328-1-1-0.05-50-0 1 2366 1 1 167 167 0.2520 0.2520 409 409
328-1-1-0.05-50-0 1 2366 1 1 166 166 0.2520 0.2520 409 409
328-1-1-0.05-50-0 1 2366 36 36 64 64 0.8162 0.8162 165 165
328-1-1-0.05-50-0 1 2366 1 8 165 293 0.2520 0.2506 409 303
328-1-1-0.05-50-0 1 2366 1 8 165 292 0.2520 0.2506 409 303
328-1-1-0.05-50-0 1 2366 1 1 165 165 0.2520 0.2520 409 409
328-1-1-0.05-50-0 1 2366 1 8 164 291 0.2520 0.2506 409 303
328-1-1-0.05-50-0 1 2366 1 10 164 34 0.2520 0.2533 409 449
328-1-1-0.05-50-0 1 2367 1 8 164 294 0.2520 0.2506 409 303
328-1-1-0.05-50-0 1 2367 10 27 33 148 0.2533 0.0776 449 149
328-1-1-0.05-50-0 1 2367 1 8 164 293 0.2520 0.2506 409 303
328-1-1-0.05-50-0 1 2367 1 8 164 292 0.2520 0.2506 409 303
328-1-1-0.05-50-0 1 2367 1 8 164 291 0.2520 0.2506 409 303
328-1-1-0.05-50-0 1 2367 10 27 33 147 0.2533 0.0776 449 149
328-1-1-0.05-50-0 1 2368 1 1 169 169 0.2520 0.2520 409 409
328-1-1-0.05-50-0 1 2368 1 8 168 296 0.2520 0.2506 409 303
328-1-1-0.05-50-0 1 2368 1 1 168 168 0.2520 0.2520 409 409
328-1-1-0.05-50-0 1 2368 36 36 63 63 0.8162 0.8162 165 165
328-1-1-0.05-50-0 1 2368 20 3 93 1 0.9922 0.4813 102 321
328-1-1-0.05-50-0 1 2368 1 10 167 33 0.2520 0.2533 409 449
328-1-1-0.05-50-0 1 2368 36 37 62 89 0.8162 0.8481 165 127
328-1-1-0.05-50-0 1 2369 36 37 65 87 0.8162 0.8481 165 127
328-1-1-0.05-50-0 1 2369 1 1 163 163 0.2520 0.2520 409 409
328-1-1-0.05-50-0 1 2369 1 8 162 298 0.2520 0.2506 409 303
328-1-1-0.05-50-0 1 2369 36 2 65 18 0.8162 0.8198 165 167
328-1-1-0.05-50-0 1 2369 1 8 162 297 0.2520 0.2506 409 303
328-1-1-0.05-50-0 1 2370 10 27 33 149 0.2533 0.0776 449 149
328-1-1-0.05-50-0 1 2370 1 8 158 301 0.2520 0.2506 409 303
328-1-1-0.05-50-0 1 2371 1 8 160 303 0.2520 0.2506 409 303
328-1-1-0.05-50-0 1 2371 36 37 62 91 0.8162 0.8481 165 127
328-1-1-0.05-50-0 1 2371 1 1 160 160 0.2520 0.2520 409 409
328-1-1-0.05-50-0 1 2371 1 1 159 159 0.2520 0.2520 409 409
328-1-1-0.05-50-0 1 2372 1 1 162 162 0.2520 0.2520 409 409
328-1-1-0.05-50-0 1 2372 36 36 62 62 0.8162 0.8162 165 165
328-1-1-0.05-50-0 1 2372 36 37 61 91 0.8162 0.8481 165 127
328-1-1-0.05-50-0 1 2372 1 1 161 161 0.2520 0.2520 409 409
328-1-1-0.05-50-0 1 2372 36 36 61 61 0.8162 0.8162 165 165
328-1-1-0.05-50-0 1 2373 36 43 60 62 0.8162 0.8316 165 123
328-1-1-0.05-50-0 1 2373 1 8 163 297 0.2520 0.2506 409 303
328-1-1-0.05-50-0 1 2373 40 9 72 2 0.9739 0.6134 104 161
328-1-1-0.05-50-0 1 2373 10 27 31 149 0.2533 0.0776 449 149
328-1-1-0.05-50-0 1 2374 1 8 164 297 0.2520 0.2506 409 303
328-1-1-0.05-50-0 1 2374 1 8 164 296 0.2520 0.2506 409 303
328-1-1-0.05-50-0 1 2374 1 8 164 295 0.2520 0.2506 409 303
328-1-1-0.05-50-0 1 2374 1 1 164 164 0.2520 0.2520 409 409
328-1-1-0.05-50-0 1 2374 10 27 33 146 0.2533 0.0776 449 149
328-1-1-0.05-50-0 1 2374 1 1 163 163 0.2520 0.2520 409 409
328-1-1-0.05-50-0 1 2374 36 37 59 95 0.8162 0.8481 165 127
328-1-1-0.05-50-0 1 2375 20 30 101 2 0.9922 0.6008 102 266
328-1-1-0.05-50-0 1 2375 1 8 163 291 0.2520 0.2506 409 303
328-1-1-0.05-50-0 1 2375 1 1 163 163 0.2520 0.2520 409 409
328-1-1-0.05-50-0 1 2375 1 1 162 162 0.2520 0.2520 409 409
328-1-1-0.05-50-0 1 2376 36 36 58 58 0.8162 0.8162 165 165
328-1-1-0.05-50-0 1 2376 1 1 164 164 0.2520 0.2520 409 409
328-1-1-0.05-50-0 1 2376 1 8 163 295 0.2520 0.2506 409 303
328-1-1-0.05-50-0 1 2376 1 8 163 294 0.2520 0.2506 409 303
328-1-1-0.05-50-0 1 2376 36 43 57 63 0.8162 0.8316 165 123
328-1-1-0.05-50-0 1 2376 10 27 32 143 0.2533 0.0776 449 149
328-1-1-0.05-50-0 1 2376 37 18 93 1 0.8481 0.2181 127 226
328-1-1-0.05-50-0 1 2376 1 8 163 293 0.2520 0.2506 409 303
328-1-1-0.05-50-0 1 2377 1 8 163 293 0.2520 0.2506 409 303
328-1-1-0.05-50-0 1 2377 1 8 163 292 0.2520 0.2506 409 303
328-1-1-0.05-50-0 1 2377 1 8 163 291 0.2520 0.2506 409 303
328-1-1-0.05-50-0 1 2377 40 30 68 2 0.9739 0.6008 104 266
328-1-1-0.05-50-0 1 2377 1 10 163 35 0.2520 0.2533 409 449
328-1-1-0.05-50-0 1 2377 1 1 163 163 0.2520 0.2520 409 409
328-1-1-0.05-50-0 1 2378 1 1 168 168 0.2520 0.2520 409 409
328-1-1-0.05-50-0 1 2378 1 1 167 167 0.2520 0.2520 409 409
328-1-1-0.05-50-0 1 2378 36 37 57 93 0.8162 0.8481 165 127
328-1-1-0.05-50-0 1 2378 10 27 34 143 0.2533 0.0776 449 149
328-1-1-0.05-50-0 1 2379 36 37 57 92 0.8162 0.8481 165 127
328-1-1-0.05-50-0 1 2379 1 8 168 303 0.2520 0.2506 409 303
328-1-1-0.05-50-0 1 2379 1 8 168 302 0.2520 0.2506 409 303
328-1-1-0.05-50-0 1 2379 10 27 35 137 0.2533 0.0776 449 149
328-1-1-0.05-50-0 1 2379 36 43 57 61 0.8162 0.8316 165 123
328-1-1-0.05-50-0 1 2380 19 19 9 9 0.8072 0.8072 134 134
328-1-1-0.05-50-0 1 2380 1 8 175 303 0.2520 0.2506 409 303
328-1-1-0.05-50-0 1 2380 1 8 175 302 0.2520 0.2506 409 303
328-1-1-0.05-50-0 1 2380 2 9 22 1 0.8198 0.6134 167 161
328-1-1-0.05-50-0 1 2380 1 8 175 301 0.2520 0.2506 409 303
328-1-1-0.05-50-0 1 2380 1 8 175 300 0.2520 0.2506 409 303
328-1-1-0.05-50-0 1 2381 1 8 175 303 0.2520 0.2506 409 303
328-1-1-0.05-50-0 1 2381 1 1 175 175 0.2520 0.2520 409 409
328-1-1-0.05-50-0 1 2381 1 8 174 302 0.2520 0.2506 409 303
328-1-1-0.05-50-0 1 2381 10 27 36 141 0.2533 0.0776 449 149
328-1-1-0.05-50-0 1 2381 1 8 174 301 0.2520 0.2506 409 303
328-1-1-0.05-50-0 1 2381 1 8 174 300 0.2520 0.2506 409 303
328-1-1-0.05-50-0 1 2381 19 19 9 9 0.8072 0.8072 134 134
328-1-1-0.05-50-0 1 2382 1 1 179 179 0.2520 0.2520 409 409
328-1-1-0.05-50-0 1 2382 2 30 25 2 0.8198 0.6008 167 266
328-1-1-0.05-50-0 1 2382 1 1 178 178 0.2520 0.2520 409 409
328-1-1-0.05-50-0 1 2382 1 8 177 299 0.2520 0.2506 409 303
328-1-1-0.05-50-0 1 2382 1 1 177 177 0.2520 0.2520 409 409
328-1-1-0.05-50-0 1 2382 1 8 176 298 0.2520 0.2506 409 303
328-1-1-0.05-50-0 1 2383 36 2 56 25 0.8162 0.8198 165 167
328-1-1-0.05-50-0 1 2383 1 1 175 175 0.2520 0.2520 409 409
328-1-1-0.05-50-0 1 2383 36 2 56 24 0.8162 0.8198 165 167
328-1-1-0.05-50-0 1 2383 36 37 56 97 0.8162 0.8481 165 127
328-1-1-0.05-50-0 1 2383 20 45 100 1 0.9922 0.3816 102 173
328-1-1-0.05-50-0 1 2383 1 8 174 295 0.2520 0.2506 409 303
328-1-1-0.05-50-0 1 2383 1 8 174 294 0.2520 0.2506 409 303
328-1-1-0.05-50-0 1 2384 1 8 179 293 0.2520 0.2506 409 303
328-1-1-0.05-50-0 1 2384 1 1 179 179 0.2520 0.2520 409 409
328-1-1-0.05-50-0 1 2384 1 8 178 292 0.2520 0.2506 409 303
328-1-1-0.05-50-0 1 2384 36 2 55 23 0.8162 0.8198 165 167
328-1-1-0.05-50-0 1 2384 36 2 55 22 0.8162 0.8198 165 167
328-1-1-0.05-50-0 1 2385 1 1 174 174 0.2520 0.2520 409 409
328-1-1-0.05-50-0 1 2385 10 27 30 147 0.2533 0.0776 449 149
328-1-1-0.05-50-0 1 2386 1 1 174 174 0.2520 0.2520 409 409
328-1-1-0.05-50-0 1 2386 1 1 173 173 0.2520 0.2520 409 409
328-1-1-0.05-50-0 1 2386 36 36 53 53 0.8162 0.8162 165 165
328-1-1-0.05-50-0 1 2386 1 8 172 293 0.2520 0.2506 409 303
328-1-1-0.05-50-0 1 2386 10 27 31 149 0.2533 0.0776 449 149
328-1-1-0.05-50-0 1 2386 1 8 172 292 0.2520 0.2506 409 303
328-1-1-0.05-50-0 1 2387 40 30 56 2 0.9739 0.6008 104 266
328-1-1-0.05-50-0 1 2387 10 27 33 149 0.2533 0.0776 449 149
328-1-1-0.05-50-0 1 2387 1 8 174 302 0.2520 0.2506 409 303
328-1-1-0.05-50-0 1 2387 1 8 174 301 0.2520 0.2506 409 303
328-1-1-0.05-50-0 1 2387 1 8 174 300 0.2520 0.2506 409 303
328-1-1-0.05-50-0 1 2388 10 27 33 143 0.2533 0.0776 449 149
328-1-1-0.05-50-0 1 2388 1 10 172 33 0.2520 0.2533 409 449
328-1-1-0.05-50-0 1 2389 1 8 170 295 0.2520 0.2506 409 303
328-1-1-0.05-50-0 1 2389 1 10 170 27 0.2520 0.2533 409 449
328-1-1-0.05-50-0 1 2389 1 8 170 294 0.2520 0.2506 409 303
328-1-1-0.05-50-0 1 2389 20 28 102 3 0.9922 0.3846 102 311
328-1-1-0.05-50-0 1 2389 20 30 102 1 0.9922 0.6008 102 266
328-1-1-0.05-50-0 1 2389 36 37 55 93 0.8162 0.8481 165 127
328-1-1-0.05-50-0 1 2389 1 8 170 293 0.2520 0.2506 409 303
328-1-1-0.05-50-0 1 2389 1 1 170 170 0.2520 0.2520 409 409
328-1-1-0.05-50-0 1 2389 1 8 169 292 0.2520 0.2506 409 303
328-1-1-0.05-50-0 1 2389 36 2 55 20 0.8162 0.8198 165 167
328-1-1-0.05-50-0 1 2389 41 4 105 1 0.9621 0.0723 105 351
328-1-1-0.05-50-0 1 2390 1 8 174 295 0.2520 0.2506 409 303
328-1-1-0.05-50-0 1 2390 1 8 174 294 0.2520 0.2506 409 303
328-1-1-0.05-50-0 1 2390 41 5 101 1 0.9621 0.0007 105 226
328-1-1-0.05-50-0 1 2390 1 1 174 174 0.2520 0.2520 409 409
328-1-1-0.05-50-0 1 2390 36 36 59 59 0.8162 0.8162 165 165
328-1-1-0.05-50-0 1 2390 1 10 173 26 0.2520 0.2533 409 449
328-1-1-0.05-50-0 1 2390 36 37 58 97 0.8162 0.8481 165 127
328-1-1-0.05-50-0 1 2391 1 8 178 295 0.2520 0.2506 409 303
328-1-1-0.05-50-0 1 2391 1 49 178 1 0.2520 0.1842 409 136
328-1-1-0.05-50-0 1 2391 36 2 59 20 0.8162 0.8198 165 167
328-1-1-0.05-50-0 1 2391 36 37 59 93 0.8162 0.8481 165 127
328-1-1-0.05-50-0 1 2391 36 43 59 59 0.8162 0.8316 165 123
328-1-1-0.05-50-0 1 2391 1 8 178 294 0.2520 0.2506 409 303
328-1-1-0.05-50-0 1 2392 36 2 61 20 0.8162 0.8198 165 167
328-1-1-0.05-50-0 1 2392 1 8 181 298 0.2520 0.2506 409 303
328-1-1-0.05-50-0 1 2392 1 1 181 181 0.2520 0.2520 409 409
328-1-1-0.05-50-0 1 2392 1 1 180 180 0.2520 0.2520 409 409
328-1-1-0.05-50-0 1 2392 1 8 179 297 0.2520 0.2506 409 303
328-1-1-0.05-50-0 1 2392 36 36 61 61 0.8162 0.8162 165 165
328-1-1-0.05-50-0 1 2392 36 37 60 91 0.8162 0.8481 165 127
328-1-1-0.05-50-0 1 2392 1 8 179 296 0.2520 0.2506 409 303
328-1-1-0.05-50-0 1 2392 1 1 179 179 0.2520 0.2520 409 409
328-1-1-0.05-50-0 1 2392 10 27 25 149 0.2533 0.0776 449 149
328-1-1-0.05-50-0 1 2392 1 8 178 295 0.2520 0.2506 409 303
328-1-1-0.05-50-0 1 2392 1 8 178 294 0.2520 0.2506 409 303
328-1-1-0.05-50-0 1 2393 10 27 24 149 0.2533 0.0776 449 149
328-1-1-0.05-50-0 1 2393 36 37 63 93 0.8162 0.8481 165 127
328-1-1-0.05-50-0 1 2393 36 36 63 63 0.8162 0.8162 165 165
328-1-1-0.05-50-0 1 2393 1 1 184 184 0.2520 0.2520 409 409
328-1-1-0.05-50-0 1 2393 19 19 9 9 0.8072 0.8072 134 134
328-1-1-0.05-50-0 1 2393 10 27 24 148 0.2533 0.0776 449 149
328-1-1-0.05-50-0 1 2393 1 1 183 183 0.2520 0.2520 409 409
328-1-1-0.05-50-0 1 2394 1 1 182 182 0.2520 0.2520 409 409
328-1-1-0.05-50-0 1 2394 20 6 95 1 0.9922 0.4266 102 249
328-1-1-0.05-50-0 1 2395 1 8 188 303 0.2520 0.2506 409 303
328-1-1-0.05-50-0 1 2395 1 8 188 302 0.2520 0.2506 409 303
328-1-1-0.05-50-0 1 2395 1 8 188 301 0.2520 0.2506 409 303
328-1-1-0.05-50-0 1 2395 1 1 188 188 0.2520 0.2520 409 409
328-1-1-0.05-50-0 1 2395 36 26 61 6 0.8162 0.8171 165 141
328-1-1-0.05-50-0 1 2395 1 8 187 300 0.2520 0.2506 409 303
328-1-1-0.05-50-0 1 2395 1 1 187 187 0.2520 0.2520 409 409
328-1-1-0.05-50-0 1 2396 37 18 88 2 0.8481 0.2181 127 226
328-1-1-0.05-50-0 1 2396 36 36 59 59 0.8162 0.8162 165 165
328-1-1-0.05-50-0 1 2396 1 8 185 300 0.2520 0.2506 409 303
328-1-1-0.05-50-0 1 2396 1 1 185 185 0.2520 0.2520 409 409
328-1-1-0.05-50-0 1 2397 1 1 183 183 0.2520 0.2520 409 409
328-1-1-0.05-50-0 1 2397 1 1 182 182 0.2520 0.2520 409 409
328-1-1-0.05-50-0 1 2397 20 28 95 1 0.9922 0.3846 102 311
328-1-1-0.05-50-0 1 2397 37 24 90 5 0.8481 0.1940 127 254
328-1-1-0.05-50-0 1 2398 1 1 186 186 0.2520 0.2520 409 409
328-1-1-0.05-50-0 1 2398 36 36 62 62 0.8162 0.8162 165 165
328-1-1-0.05-50-0 1 2398 36 43 61 57 0.8162 0.8316 165 123
328-1-1-0.05-50-0 1 2398 10 27 25 144 0.2533 0.0776 449 149
328-1-1-0.05-50-0 1 2398 1 1 185 185 0.2520 0.2520 409 409
328-1-1-0.05-50-0 1 2398 1 1 184 184 0.2520 0.2520 409 409
328-1-1-0.05-50-0 1 2398 37 24 91 4 0.8481 0.1940 127 254
328-1-1-0.05-50-0 1 2398 20 3 92 1 0.9922 0.4813 102 321
328-1-1-0.05-50-0 1 2399 37 24 90 3 0.8481 0.1940 127 254
328-1-1-0.05-50-0 1 2399 36 19 60 11 0.8162 0.8072 165 134
328-1-1-0.05-50-0 1 2399 1 8 186 303 0.2520 0.2506 409 303
328-1-1-0.05-50-0 1 2399 36 36 60 60 0.8162 0.8162 165 165
328-1-1-0.05-50-0 1 2399 1 8 186 302 0.2520 0.2506 409 303
328-1-1-0.05-50-0 1 2399 1 8 186 301 0.2520 0.2506 409 303
328-1-1-0.05-50-0 1 2399 1 1 186 186 0.2520 0.2520 409 409
328-1-1-0.05-50-0 1 2400 1 1 186 186 0.2520 0.2520 409 409
328-1-1-0.05-50-0 1 2400 1 8 185 303 0.2520 0.2506 409 303
328-1-1-0.05-50-0 1 2400 1 1 185 185 0.2520 0.2520 409 409
328-1-1-0.05-50-0 1 2400 1 8 184 302 0.2520 0.2506 409 303
328-1-1-0.05-50-0 1 2400 1 1 184 184 0.2520 0.2520 409 409
328-1-1-0.05-50-0 1 2401 1 8 181 303 0.2520 0.2506 409 303
328-1-1-0.05-50-0 1 2401 36 19 57 10 0.8162 0.8072 165 134
328-1-1-0.05-50-0 1 2401 10 27 23 149 0.2533 0.0776 449 149
328-1-1-0.05-50-0 1 2401 1 1 181 181 0.2520 0.2520 409 409
328-1-1-0.05-50-0 1 2401 1 8 180 302 0.2520 0.2506 409 303
328-1-1-0.05-50-0 1 2401 1 8 180 301 0.2520 0.2506 409 303
328-1-1-0.05-50-0 1 2402 1 1 186 186 0.2520 0.2520 409 409
328-1-1-0.05-50-0 1 2402 1 8 185 303 0.2520 0.2506 409 303
328-1-1-0.05-50-0 1 2402 1 1 185 185 0.2520 0.2520 409 409
328-1-1-0.05-50-0 1 2402 1 8 184 302 0.2520 0.2506 409 303
328-1-1-0.05-50-0 1 2402 1 10 184 22 0.2520 0.2533 409 449
328-1-1-0.05-50-0 1 2402 1 8 184 301 0.2520 0.2506 409 303
328-1-1-0.05-50-0 1 2402 40 45 73 1 0.9739 0.3816 104 173
328-1-1-0.05-50-0 1 2402 37 24 95 2 0.8481 0.1940 127 254
328-1-1-0.05-50-0 1 2402 1 8 184 300 0.2520 0.2506 409 303
328-1-1-0.05-50-0 1 2403 1 1 182 182 0.2520 0.2520 409 409
328-1-1-0.05-50-0 1 2403 36 19 60 9 0.8162 0.8072 165 134
328-1-1-0.05-50-0 1 2404 20 46 91 2 0.9922 0.3451 102 327
328-1-1-0.05-50-0 1 2404 1 8 182 303 0.2520 0.2506 409 303
328-1-1-0.05-50-0 1 2404 1 1 182 182 0.2520 0.2520 409 409
328-1-1-0.05-50-0 1 2404 1 8 181 302 0.2520 0.2506 409 303
328-1-1-0.05-50-0 1 2405 1 8 177 303 0.2520 0.2506 409 303
328-1-1-0.05-50-0 1 2405 36 37 63 96 0.8162 0.8481 165 127
328-1-1-0.05-50-0 1 2405 1 8 177 302 0.2520 0.2506 409 303
328-1-1-0.05-50-0 1 2405 1 8 177 301 0.2520 0.2506 409 303
328-1-1-0.05-50-0 1 2405 41 5 102 1 0.9621 0.0007 105 226
328-1-1-0.05-50-0 1 2405 1 1 177 177 0.2520 0.2520 409 409
328-1-1-0.05-50-0 1 2405 36 2 63 24 0.8162 0.8198 165 167
328-1-1-0.05-50-0 1 2405 1 8 176 300 0.2520 0.2506 409 303
328-1-1-0.05-50-0 1 2405 1 1 176 176 0.2520 0.2520 409 409
328-1-1-0.05-50-0 1 2405 1 8 175 299 0.2520 0.2506 409 303
328-1-1-0.05-50-0 1 2406 1 8 174 302 0.2520 0.2506 409 303
328-1-1-0.05-50-0 1 2406 43 24 57 2 0.8316 0.1940 123 254
328-1-1-0.05-50-0 1 2406 36 37 63 98 0.8162 0.8481 165 127
328-1-1-0.05-50-0 1 2406 40 46 72 1 0.9739 0.3451 104 327
328-1-1-0.05-50-0 1 2406 36 37 63 97 0.8162 0.8481 165 127
328-1-1-0.05-50-0 1 2406 1 1 174 174 0.2520 0.2520 409 409
328-1-1-0.05-50-0 1 2407 1 8 174 302 0.2520 0.2506 409 303
328-1-1-0.05-50-0 1 2407 40 32 72 2 0.9739 0.6514 104 215
328-1-1-0.05-50-0 1 2407 1 8 174 301 0.2520 0.2506 409 303
328-1-1-0.05-50-0 1 2407 10 27 22 149 0.2533 0.0776 449 149
328-1-1-0.05-50-0 1 2407 1 8 174 300 0.2520 0.2506 409 303
328-1-1-0.05-50-0 1 2408 1 1 174 174 0.2520 0.2520 409 409
328-1-1-0.05-50-0 1 2408 36 37 66 97 0.8162 0.8481 165 127
328-1-1-0.05-50-0 1 2408 1 8 173 299 0.2520 0.2506 409 303
328-1-1-0.05-50-0 1 2408 40 15 77 1 0.9739 0.7918 104 149
328-1-1-0.05-50-0 1 2408 37 24 96 1 0.8481 0.1940 127 254
328-1-1-0.05-50-0 1 2408 1 1 173 173 0.2520 0.2520 409 409
328-1-1-0.05-50-0 1 2408 14 20 3 90 0.8451 0.9922 105 102
328-1-1-0.05-50-0 1 2409 1 8 169 295 0.2520 0.2506 409 303
328-1-1-0.05-50-0 1 2409 36 2 63 21 0.8162 0.8198 165 167
328-1-1-0.05-50-0 1 2409 10 27 21 145 0.2533 0.0776 449 149
328-1-1-0.05-50-0 1 2409 1 8 169 294 0.2520 0.2506 409 303
328-1-1-0.05-50-0 1 2410 10 27 23 146 0.2533 0.0776 449 149
328-1-1-0.05-50-0 1 2410 10 27 23 145 0.2533 0.0776 449 149
328-1-1-0.05-50-0 1 2410 36 36 63 63 0.8162 0.8162 165 165
328-1-1-0.05-50-0 1 2411 1 8 168 303 0.2520 0.2506 409 303
328-1-1-0.05-50-0 1 2412 10 27 27 149 0.2533 0.0776 449 149
328-1-1-0.05-50-0 1 2412 36 37 63 91 0.8162 0.8481 165 127
328-1-1-0.05-50-0 1 2412 1 1 172 172 0.2520 0.2520 409 409
328-1-1-0.05-50-0 1 2413 10 27 25 149 0.2533 0.0776 449 149
328-1-1-0.05-50-0 1 2413 1 8 174 303 0.2520 0.2506 409 303
328-1-1-0.05-50-0 1 2413 36 2 64 23 0.8162 0.8198 165 167
328-1-1-0.05-50-0 1 2413 1 1 174 174 0.2520 0.2520 409 409
328-1-1-0.05-50-0 1 2413 1 8 173 302 0.2520 0.2506 409 303
328-1-1-0.05-50-0 1 2414 19 19 10 10 0.8072 0.8072 134 134
328-1-1-0.05-50-0 1 2414 37 23 95 1 0.8481 0.1698 127 476
328-1-1-0.05-50-0 1 2414 20 29 83 3 0.9922 0.6728 102 177
328-1-1-0.05-50-0 1 2415 10 27 26 149 0.2533 0.0776 449 149
328-1-1-0.05-50-0 1 2415 1 1 170 170 0.2520 0.2520 409 409
328-1-1-0.05-50-0 1 2415 40 29 82 2 0.9739 0.6728 104 177
328-1-1-0.05-50-0 1 2415 37 50 92 1 0.8481 0.2147 127 147
328-1-1-0.05-50-0 1 2415 10 27 26 148 0.2533 0.0776 449 149
328-1-1-0.05-50-0 1 2416 36 43 67 60 0.8162 0.8316 165 123
328-1-1-0.05-50-0 1 2416 20 46 80 1 0.9922 0.3451 102 327
328-1-1-0.05-50-0 1 2416 36 43 67 59 0.8162 0.8316 165 123
328-1-1-0.05-50-0 1 2416 1 8 164 303 0.2520 0.2506 409 303
328-1-1-0.05-50-0 1 2416 1 8 164 302 0.2520 0.2506 409 303
328-1-1-0.05-50-0 1 2417 20 32 79 1 0.9922 0.6514 102 215
328-1-1-0.05-50-0 1 2417 1 1 169 169 0.2520 0.2520 409 409
328-1-1-0.05-50-0 1 2417 1 8 168 303 0.2520 0.2506 409 303
328-1-1-0.05-50-0 1 2417 1 8 168 302 0.2520 0.2506 409 303
328-1-1-0.05-50-0 1 2417 1 8 168 301 0.2520 0.2506 409 303
328-1-1-0.05-50-0 1 2417 36 37 69 94 0.8162 0.8481 165 127
328-1-1-0.05-50-0 1 2417 36 36 69 69 0.8162 0.8162 165 165
328-1-1-0.05-50-0 1 2418 1 10 166 26 0.2520 0.2533 409 449
328-1-1-0.05-50-0 1 2418 10 27 25 147 0.2533 0.0776 449 149
328-1-1-0.05-50-0 1 2418 1 10 166 25 0.2520 0.2533 409 449
328-1-1-0.05-50-0 1 2418 1 8 166 301 0.2520 0.2506 409 303
328-1-1-0.05-50-0 1 2418 1 8 166 300 0.2520 0.2506 409 303
328-1-1-0.05-50-0 1 2418 19 19 10 10 0.8072 0.8072 134 134
328-1-1-0.05-50-0 1 2418 36 37 70 93 0.8162 0.8481 165 127
328-1-1-0.05-50-0 1 2418 1 8 166 299 0.2520 0.2506 409 303
328-1-1-0.05-50-0 1 2418 1 8 166 298 0.2520 0.2506 409 303
328-1-1-0.05-50-0 1 2419 1 1 169 169 0.2520 0.2520 409 409
328-1-1-0.05-50-0 1 2419 1 1 168 168 0.2520 0.2520 409 409
328-1-1-0.05-50-0 1 2420 1 8 166 303 0.2520 0.2506 409 303
328-1-1-0.05-50-0 1 2420 40 29 90 2 0.9739 0.6728 104 177
328-1-1-0.05-50-0 1 2420 40 34 90 1 0.9739 0.7448 104 168
328-1-1-0.05-50-0 1 2420 36 37 67 93 0.8162 0.8481 165 127
328-1-1-0.05-50-0 1 2420 1 8 166 302 0.2520 0.2506 409 303
328-1-1-0.05-50-0 1 2420 41 11 105 1 0.9621 0.0504 105 384
328-1-1-0.05-50-0 1 2420 1 8 166 301 0.2520 0.2506 409 303
328-1-1-0.05-50-0 1 2421 1 1 164 164 0.2520 0.2520 409 409
328-1-1-0.05-50-0 1 2421 36 37 67 95 0.8162 0.8481 165 127
328-1-1-0.05-50-0 1 2421 1 1 163 163 0.2520 0.2520 409 409
328-1-1-0.05-50-0 1 2421 1 8 162 298 0.2520 0.2506 409 303
328-1-1-0.05-50-0 1 2421 1 8 162 297 0.2520 0.2506 409 303
328-1-1-0.05-50-0 1 2421 1 8 162 296 0.2520 0.2506 409 303
328-1-1-0.05-50-0 1 2422 1 8 166 301 0.2520 0.2506 409 303
328-1-1-0.05-50-0 1 2422 1 1 166 166 0.2520 0.2520 409 409
328-1-1-0.05-50-0 1 2422 10 27 26 148 0.2533 0.0776 449 149
328-1-1-0.05-50-0 1 2422 1 8 165 300 0.2520 0.2506 409 303
328-1-1-0.05-50-0 1 2422 1 8 165 299 0.2520 0.2506 409 303
328-1-1-0.05-50-0 1 2422 1 8 165 298 0.2520 0.2506 409 303
328-1-1-0.05-50-0 1 2423 17 8 1 297 0.6398 0.2506 197 303
328-1-1-0.05-50-0 1 2423 36 37 69 91 0.8162 0.8481 165 127
328-1-1-0.05-50-0 1 2423 10 27 28 149 0.2533 0.0776 449 149
328-1-1-0.05-50-0 1 2423 1 8 168 296 0.2520 0.2506 409 303
328-1-1-0.05-50-0 1 2423 1 10 168 28 0.2520 0.2533 409 449
328-1-1-0.05-50-0 1 2424 1 8 170 292 0.2520 0.2506 409 303
328-1-1-0.05-50-0 1 2424 10 27 28 149 0.2533 0.0776 449 149
328-1-1-0.05-50-0 1 2424 40 29 82 1 0.9739 0.6728 104 177
328-1-1-0.05-50-0 1 2424 1 8 170 291 0.2520 0.2506 409 303
328-1-1-0.05-50-0 1 2424 1 8 170 290 0.2520 0.2506 409 303
328-1-1-0.05-50-0 1 2424 36 43 69 60 0.8162 0.8316 165 123
328-1-1-0.05-50-0 1 2424 1 8 170 289 0.2520 0.2506 409 303
328-1-1-0.05-50-0 1 2424 10 27 28 148 0.2533 0.0776 449 149
328-1-1-0.05-50-0 1 2424 36 37 69 92 0.8162 0.8481 165 127
328-1-1-0.05-50-0 1 2424 1 8 170 288 0.2520 0.2506 409 303
328-1-1-0.05-50-0 1 2425 1 1 178 178 0.2520 0.2520 409 409
328-1-1-0.05-50-0 1 2425 36 43 71 60 0.8162 0.8316 165 123
328-1-1-0.05-50-0 1 2425 1 8 177 286 0.2520 0.2506 409 303
328-1-1-0.05-50-0 1 2425 1 8 177 285 0.2520 0.2506 409 303
328-1-1-0.05-50-0 1 2425 1 1 177 177 0.2520 0.2520 409 409
328-1-1-0.05-50-0 1 2425 1 8 176 284 0.2520 0.2506 409 303
328-1-1-0.05-50-0 1 2425 36 2 71 21 0.8162 0.8198 165 167
328-1-1-0.05-50-0 1 2425 1 1 176 176 0.2520 0.2520 409 409
328-1-1-0.05-50-0 1 2426 36 36 71 71 0.8162 0.8162 165 165
328-1-1-0.05-50-0 1 2426 1 8 180 286 0.2520 0.2506 409 303
328-1-1-0.05-50-0 1 2426 2 17 18 1 0.8198 0.6398 167 197
328-1-1-0.05-50-0 1 2426 36 36 70 70 0.8162 0.8162 165 165
328-1-1-0.05-50-0 1 2426 1 8 180 285 0.2520 0.2506 409 303
328-1-1-0.05-50-0 1 2426 1 8 180 284 0.2520 0.2506 409 303
328-1-1-0.05-50-0 1 2426 1 1 180 180 0.2520 0.2520 409 409
328-1-1-0.05-50-0 1 2427 48 27 1 149 0.1153 0.0776 334 149
328-1-1-0.05-50-0 1 2427 1 1 182 182 0.2520 0.2520 409 409
328-1-1-0.05-50-0 1 2427 1 8 181 283 0.2520 0.2506 409 303
328-1-1-0.05-50-0 1 2427 1 1 181 181 0.2520 0.2520 409 409
328-1-1-0.05-50-0 1 2427 1 8 180 282 0.2520 0.2506 409 303
328-1-1-0.05-50-0 1 2428 40 46 85 1 0.9739 0.3451 104 327
328-1-1-0.05-50-0 1 2428 1 8 186 286 0.2520 0.2506 409 303
328-1-1-0.05-50-0 1 2428 36 19 73 6 0.8162 0.8072 165 134
328-1-1-0.05-50-0 1 2428 10 27 36 149 0.2533 0.0776 449 149
328-1-1-0.05-50-0 1 2428 1 1 186 186 0.2520 0.2520 409 409
328-1-1-0.05-50-0 1 2428 1 1 185 185 0.2520 0.2520 409 409
328-1-1-0.05-50-0 1 2428 1 1 184 184 0.2520 0.2520 409 409
328-1-1-0.05-50-0 1 2429 1 10 182 38 0.2520 0.2533 409 449
328-1-1-0.05-50-0 1 2429 1 1 182 182 0.2520 0.2520 409 409
328-1-1-0.05-50-0 1 2429 1 1 181 181 0.2520 0.2520 409 409
328-1-1-0.05-50-0 1 2429 1 1 180 180 0.2520 0.2520 409 409
328-1-1-0.05-50-0 1 2429 10 27 37 146 0.2533 0.0776 449 149
328-1-1-0.05-50-0 1 2429 1 8 179 288 0.2520 0.2506 409 303
328-1-1-0.05-50-0 1 2429 1 8 179 287 0.2520 0.2506 409 303
328-1-1-0.05-50-0 1 2429 1 8 179 286 0.2520 0.2506 409 303
328-1-1-0.05-50-0 1 2430 1 1 186 186 0.2520 0.2520 409 409
328-1-1-0.05-50-0 1 2430 1 8 185 283 0.2520 0.2506 409 303
328-1-1-0.05-50-0 1 2430 1 1 185 185 0.2520 0.2520 409 409
328-1-1-0.05-50-0 1 2430 1 1 184 184 0.2520 0.2520 409 409
328-1-1-0.05-50-0 1 2430 1 8 183 282 0.2520 0.2506 409 303
328-1-1-0.05-50-0 1 2430 36 43 69 59 0.8162 0.8316 165 123
328-1-1-0.05-50-0 1 2430 36 36 69 69 0.8162 0.8162 165 165
328-1-1-0.05-50-0 1 2431 36 37 67 101 0.8162 0.8481 165 127
328-1-1-0.05-50-0 1 2431 1 8 188 282 0.2520 0.2506 409 303
328-1-1-0.05-50-0 1 2431 37 48 100 1 0.8481 0.1153 127 334
328-1-1-0.05-50-0 1 2431 40 46 80 1 0.9739 0.3451 104 327
328-1-1-0.05-50-0 1 2431 36 43 67 58 0.8162 0.8316 165 123
328-1-1-0.05-50-0 1 2431 10 27 43 149 0.2533 0.0776 449 149
328-1-1-0.05-50-0 1 2431 1 1 188 188 0.2520 0.2520 409 409
328-1-1-0.05-50-0 1 2431 10 27 43 148 0.2533 0.0776 449 149
328-1-1-0.05-50-0 1 2431 36 43 67 57 0.8162 0.8316 165 123
328-1-1-0.05-50-0 1 2432 1 1 187 187 0.2520 0.2520 409 409
328-1-1-0.05-50-0 1 2432 1 10 186 45 0.2520 0.2533 409 449
328-1-1-0.05-50-0 1 2432 36 36 64 64 0.8162 0.8162 165 165
328-1-1-0.05-50-0 1 2432 1 8 186 286 0.2520 0.2506 409 303
328-1-1-0.05-50-0 1 2432 14 47 2 86 0.8451 0.9293 105 103
328-1-1-0.05-50-0 1 2432 10 27 44 147 0.2533 0.0776 449 149
328-1-1-0.05-50-0 1 2432 36 2 63 26 0.8162 0.8198 165 167
328-1-1-0.05-50-0 1 2433 1 1 190 190 0.2520 0.2520 409 409
328-1-1-0.05-50-0 1 2433 1 1 189 189 0.2520 0.2520 409 409
328-1-1-0.05-50-0 1 2433 40 15 80 1 0.9739 0.7918 104 149
328-1-1-0.05-50-0 1 2433 1 8 188 280 0.2520 0.2506 409 303
328-1-1-0.05-50-0 1 2433 36 2 70 22 0.8162 0.8198 165 167
328-1-1-0.05-50-0 1 2434 36 37 72 99 0.8162 0.8481 165 127
328-1-1-0.05-50-0 1 2434 37 50 98 1 0.8481 0.2147 127 147
328-1-1-0.05-50-0 1 2434 10 27 49 149 0.2533 0.0776 449 149
328-1-1-0.05-50-0 1 2434 1 1 190 190 0.2520 0.2520 409 409
328-1-1-0.05-50-0 1 2435 1 8 190 287 0.2520 0.2506 409 303
328-1-1-0.05-50-0 1 2435 36 43 71 53 0.8162 0.8316 165 123
328-1-1-0.05-50-0 1 2435 10 27 49 149 0.2533 0.0776 449 149
328-1-1-0.05-50-0 1 2435 1 8 190 286 0.2520 0.2506 409 303
328-1-1-0.05-50-0 1 2435 36 14 71 2 0.8162 0.8451 165 105
328-1-1-0.05-50-0 1 2436 10 27 49 149 0.2533 0.0776 449 149
328-1-1-0.05-50-0 1 2436 36 37 70 98 0.8162 0.8481 165 127
328-1-1-0.05-50-0 1 2436 40 6 80 1 0.9739 0.4266 104 249
328-1-1-0.05-50-0 1 2436 36 37 70 97 0.8162 0.8481 165 127
328-1-1-0.05-50-0 1 2436 36 37 70 96 0.8162 0.8481 165 127
328-1-1-0.05-50-0 1 2436 1 8 193 290 0.2520 0.2506 409 303
328-1-1-0.05-50-0 1 2436 1 8 193 289 0.2520 0.2506 409 303
328-1-1-0.05-50-0 1 2437 1 8 199 295 0.2520 0.2506 409 303
328-1-1-0.05-50-0 1 2437 1 8 199 294 0.2520 0.2506 409 303
328-1-1-0.05-50-0 1 2437 1 1 199 199 0.2520 0.2520 409 409
328-1-1-0.05-50-0 1 2437 1 10 198 52 0.2520 0.2533 409 449
328-1-1-0.05-50-0 1 2437 1 8 198 293 0.2520 0.2506 409 303
328-1-1-0.05-50-0 1 2437 1 1 198 198 0.2520 0.2520 409 409
328-1-1-0.05-50-0 1 2437 1 1 197 197 0.2520 0.2520 409 409
328-1-1-0.05-50-0 1 2438 14 2 1 21 0.8451 0.8198 105 167
328-1-1-0.05-50-0 1 2438 1 8 200 289 0.2520 0.2506 409 303
328-1-1-0.05-50-0 1 2438 1 8 200 288 0.2520 0.2506 409 303
328-1-1-0.05-50-0 1 2438 1 1 200 200 0.2520 0.2520 409 409
328-1-1-0.05-50-0 1 2438 1 8 199 287 0.2520 0.2506 409 303
328-1-1-0.05-50-0 1 2439 36 43 74 54 0.8162 0.8316 165 123
328-1-1-0.05-50-0 1 2439 10 27 55 148 0.2533 0.0776 449 149
328-1-1-0.05-50-0 1 2439 36 37 74 93 0.8162 0.8481 165 127
328-1-1-0.05-50-0 1 2439 36 43 74 53 0.8162 0.8316 165 123
328-1-1-0.05-50-0 1 2439 1 8 200 285 0.2520 0.2506 409 303
328-1-1-0.05-50-0 1 2439 1 8 200 284 0.2520 0.2506 409 303
328-1-1-0.05-50-0 1 2439 36 37 74 92 0.8162 0.8481 165 127
328-1-1-0.05-50-0 1 2439 1 8 200 283 0.2520 0.2506 409 303
328-1-1-0.05-50-0 1 2440 10 27 55 145 0.2533 0.0776 449 149
328-1-1-0.05-50-0 1 2440 36 37 71 89 0.8162 0.8481 165 127
328-1-1-0.05-50-0 1 2440 36 2 71 24 0.8162 0.8198 165 167
328-1-1-0.05-50-0 1 2440 1 8 197 283 0.2520 0.2506 409 303
328-1-1-0.05-50-0 1 2440 10 27 55 144 0.2533 0.0776 449 149
328-1-1-0.05-50-0 1 2440 10 27 55 143 0.2533 0.0776 449 149
328-1-1-0.05-50-0 1 2440 1 8 197 282 0.2520 0.2506 409 303
328-1-1-0.05-50-0 1 2440 1 1 197 197 0.2520 0.2520 409 409
328-1-1-0.05-50-0 1 2440 1 8 196 281 0.2520 0.2506 409 303
328-1-1-0.05-50-0 1 2440 36 37 71 88 0.8162 0.8481 165 127
328-1-1-0.05-50-0 1 2440 1 1 196 196 0.2520 0.2520 409 409
328-1-1-0.05-50-0 1 2440 10 27 55 142 0.2533 0.0776 449 149
328-1-1-0.05-50-0 1 2440 36 36 71 71 0.8162 0.8162 165 165
328-1-1-0.05-50-0 1 2440 36 36 70 70 0.8162 0.8162 165 165
328-1-1-0.05-50-0 1 2441 36 32 69 1 0.8162 0.6514 165 215
328-1-1-0.05-50-0 1 2441 36 37 69 88 0.8162 0.8481 165 127
328-1-1-0.05-50-0 1 2441 1 1 195 195 0.2520 0.2520 409 409
328-1-1-0.05-50-0 1 2441 1 10 194 55 0.2520 0.2533 409 449
328-1-1-0.05-50-0 1 2441 1 8 194 285 0.2520 0.2506 409 303
328-1-1-0.05-50-0 1 2441 10 27 54 143 0.2533 0.0776 449 149
328-1-1-0.05-50-0 1 2441 1 10 194 54 0.2520 0.2533 409 449
328-1-1-0.05-50-0 1 2442 1 1 201 201 0.2520 0.2520 409 409
328-1-1-0.05-50-0 1 2442 1 1 200 200 0.2520 0.2520 409 409
328-1-1-0.05-50-0 1 2442 1 1 199 199 0.2520 0.2520 409 409
328-1-1-0.05-50-0 1 2442 36 37 70 81 0.8162 0.8481 165 127
328-1-1-0.05-50-0 1 2442 20 46 87 1 0.9922 0.3451 102 327
328-1-1-0.05-50-0 1 2442 1 1 198 198 0.2520 0.2520 409 409
328-1-1-0.05-50-0 1 2442 1 1 197 197 0.2520 0.2520 409 409
328-1-1-0.05-50-0 1 2442 10 27 53 148 0.2533 0.0776 449 149
328-1-1-0.05-50-0 1 2443 1 8 188 290 0.2520 0.2506 409 303
328-1-1-0.05-50-0 1 2443 1 10 188 54 0.2520 0.2533 409 449
328-1-1-0.05-50-0 1 2443 1 1 188 188 0.2520 0.2520 409 409
328-1-1-0.05-50-0 1 2443 1 8 187 289 0.2520 0.2506 409 303
328-1-1-0.05-50-0 1 2443 1 8 187 288 0.2520 0.2506 409 303
328-1-1-0.05-50-0 1 2444 1 8 189 292 0.2520 0.2506 409 303
328-1-1-0.05-50-0 1 2444 10 27 52 143 0.2533 0.0776 449 149
328-1-1-0.05-50-0 1 2444 37 16 77 1 0.8481 0.2228 127 149
328-1-1-0.05-50-0 1 2444 10 27 52 142 0.2533 0.0776 449 149
328-1-1-0.05-50-0 1 2444 1 8 189 291 0.2520 0.2506 409 303
328-1-1-0.05-50-0 1 2444 36 37 75 77 0.8162 0.8481 165 127
328-1-1-0.05-50-0 1 2444 1 8 189 290 0.2520 0.2506 409 303
328-1-1-0.05-50-0 1 2444 1 10 189 52 0.2520 0.2533 409 449
328-1-1-0.05-50-0 1 2444 1 8 189 289 0.2520 0.2506 409 303
328-1-1-0.05-50-0 1 2444 36 43 75 55 0.8162 0.8316 165 123
328-1-1-0.05-50-0 1 2444 36 37 75 76 0.8162 0.8481 165 127
328-1-1-0.05-50-0 1 2445 36 37 77 71 0.8162 0.8481 165 127
328-1-1-0.05-50-0 1 2445 10 27 50 145 0.2533 0.0776 449 149
328-1-1-0.05-50-0 1 2446 10 27 52 146 0.2533 0.0776 449 149
328-1-1-0.05-50-0 1 2446 1 8 186 292 0.2520 0.2506 409 303
328-1-1-0.05-50-0 1 2446 1 8 186 291 0.2520 0.2506 409 303
328-1-1-0.05-50-0 1 2446 1 8 186 290 0.2520 0.2506 409 303
328-1-1-0.05-50-0 1 2446 10 27 52 145 0.2533 0.0776 449 149
328-1-1-0.05-50-0 1 2446 1 1 186 186 0.2520 0.2520 409 409
328-1-1-0.05-50-0 1 2446 1 8 185 289 0.2520 0.2506 409 303
328-1-1-0.05-50-0 1 2446 10 27 52 144 0.2533 0.0776 449 149
328-1-1-0.05-50-0 1 2446 36 37 77 72 0.8162 0.8481 165 127
328-1-1-0.05-50-0 1 2447 10 27 50 149 0.2533 0.0776 449 149
328-1-1-0.05-50-0 1 2447 2 44 22 2 0.8198 0.7034 167 118
328-1-1-0.05-50-0 1 2447 1 8 188 287 0.2520 0.2506 409 303
328-1-1-0.05-50-0 1 2447 1 1 188 188 0.2520 0.2520 409 409
328-1-1-0.05-50-0 1 2447 1 1 187 187 0.2520 0.2520 409 409
328-1-1-0.05-50-0 1 2447 1 8 186 286 0.2520 0.2506 409 303
328-1-1-0.05-50-0 1 2447 10 27 50 148 0.2533 0.0776 449 149
328-1-1-0.05-50-0 1 2448 10 27 46 147 0.2533 0.0776 449 149
328-1-1-0.05-50-0 1 2448 1 8 190 280 0.2520 0.2506 409 303
328-1-1-0.05-50-0 1 2448 1 8 190 279 0.2520 0.2506 409 303
328-1-1-0.05-50-0 1 2448 10 27 46 146 0.2533 0.0776 449 149
328-1-1-0.05-50-0 1 2449 20 6 82 1 0.9922 0.4266 102 249
328-1-1-0.05-50-0 1 2449 1 1 194 194 0.2520 0.2520 409 409
328-1-1-0.05-50-0 1 2449 1 1 193 193 0.2520 0.2520 409 409
328-1-1-0.05-50-0 1 2449 36 37 79 76 0.8162 0.8481 165 127
328-1-1-0.05-50-0 1 2449 10 27 46 143 0.2533 0.0776 449 149
328-1-1-0.05-50-0 1 2449 1 1 192 192 0.2520 0.2520 409 409
328-1-1-0.05-50-0 1 2450 36 2 81 24 0.8162 0.8198 165 167
328-1-1-0.05-50-0 1 2450 10 27 47 149 0.2533 0.0776 449 149
328-1-1-0.05-50-0 1 2450 10 27 47 148 0.2533 0.0776 449 149
328-1-1-0.05-50-0 1 2450 1 8 190 284 0.2520 0.2506 409 303
328-1-1-0.05-50-0 1 2450 1 8 190 283 0.2520 0.2506 409 303
328-1-1-0.05-50-0 1 2450 1 1 190 190 0.2520 0.2520 409 409
328-1-1-0.05-50-0 1 2450 1 1 189 189 0.2520 0.2520 409 409
328-1-1-0.05-50-0 1 2451 10 27 46 149 0.2533 0.0776 449 149
328-1-1-0.05-50-0 1 2451 1 1 187 187 0.2520 0.2520 409 409
328-1-1-0.05-50-0 1 2451 1 1 186 186 0.2520 0.2520 409 409
328-1-1-0.05-50-0 1 2451 1 8 185 287 0.2520 0.2506 409 303
328-1-1-0.05-50-0 1 2451 1 8 185 286 0.2520 0.2506 409 303
328-1-1-0.05-50-0 1 2451 1 8 185 285 0.2520 0.2506 409 303
328-1-1-0.05-50-0 1 2452 36 37 82 76 0.8162 0.8481 165 127
328-1-1-0.05-50-0 1 2452 10 27 44 149 0.2533 0.0776 449 149
328-1-1-0.05-50-0 1 2452 10 27 44 148 0.2533 0.0776 449 149
328-1-1-0.05-50-0 1 2452 36 2 82 25 0.8162 0.8198 165 167
328-1-1-0.05-50-0 1 2452 1 8 178 283 0.2520 0.2506 409 303
328-1-1-0.05-50-0 1 2453 1 1 179 179 0.2520 0.2520 409 409
328-1-1-0.05-50-0 1 2453 1 8 178 280 0.2520 0.2506 409 303
328-1-1-0.05-50-0 1 2453 37 23 76 1 0.8481 0.1698 127 476
328-1-1-0.05-50-0 1 2453 36 36 83 83 0.8162 0.8162 165 165
328-1-1-0.05-50-0 1 2453 36 37 82 76 0.8162 0.8481 165 127
328-1-1-0.05-50-0 1 2453 37 12 75 2 0.8481 0.1896 127 325
328-1-1-0.05-50-0 1 2453 15 8 1 279 0.7918 0.2506 149 303
328-1-1-0.05-50-0 1 2454 1 8 178 277 0.2520 0.2506 409 303
328-1-1-0.05-50-0 1 2454 1 1 178 178 0.2520 0.2520 409 409
328-1-1-0.05-50-0 1 2454 1 8 177 276 0.2520 0.2506 409 303
328-1-1-0.05-50-0 1 2454 36 43 85 57 0.8162 0.8316 165 123
328-1-1-0.05-50-0 1 2454 1 8 177 275 0.2520 0.2506 409 303
328-1-1-0.05-50-0 1 2454 20 3 79 2 0.9922 0.4813 102 321
328-1-1-0.05-50-0 1 2454 10 27 45 149 0.2533 0.0776 449 149
328-1-1-0.05-50-0 1 2455 36 36 84 84 0.8162 0.8162 165 165
328-1-1-0.05-50-0 1 2455 36 37 83 76 0.8162 0.8481 165 127
328-1-1-0.05-50-0 1 2455 15 1 1 184 0.7918 0.2520 149 409
328-1-1-0.05-50-0 1 2455 1 8 183 280 0.2520 0.2506 409 303
328-1-1-0.05-50-0 1 2455 1 8 183 279 0.2520 0.2506 409 303
328-1-1-0.05-50-0 1 2455 40 28 79 1 0.9739 0.3846 104 311
328-1-1-0.05-50-0 1 2455 36 37 83 75 0.8162 0.8481 165 127
328-1-1-0.05-50-0 1 2455 1 1 183 183 0.2520 0.2520 409 409
328-1-1-0.05-50-0 1 2456 1 1 184 184 0.2520 0.2520 409 409
328-1-1-0.05-50-0 1 2456 36 37 81 75 0.8162 0.8481 165 127
328-1-1-0.05-50-0 1 2456 36 36 81 81 0.8162 0.8162 165 165
328-1-1-0.05-50-0 1 2456 1 8 183 277 0.2520 0.2506 409 303
328-1-1-0.05-50-0 1 2456 10 27 48 147 0.2533 0.0776 449 149
328-1-1-0.05-50-0 1 2456 1 1 183 183 0.2520 0.2520 409 409
328-1-1-0.05-50-0 1 2456 36 37 80 74 0.8162 0.8481 165 127
328-1-1-0.05-50-0 1 2456 1 1 182 182 0.2520 0.2520 409 409
328-1-1-0.05-50-0 1 2456 40 15 76 1 0.9739 0.7918 104 149
328-1-1-0.05-50-0 1 2456 1 8 181 276 0.2520 0.2506 409 303
328-1-1-0.05-50-0 1 2456 1 10 181 48 0.2520 0.2533 409 449
328-1-1-0.05-50-0 1 2457 1 1 184 184 0.2520 0.2520 409 409
328-1-1-0.05-50-0 1 2457 36 37 82 75 0.8162 0.8481 165 127
328-1-1-0.05-50-0 1 2457 36 36 82 82 0.8162 0.8162 165 165
328-1-1-0.05-50-0 1 2457 43 12 53 2 0.8316 0.1896 123 325
328-1-1-0.05-50-0 1 2457 20 45 77 1 0.9922 0.3816 102 173
328-1-1-0.05-50-0 1 2457 1 10 183 46 0.2520 0.2533 409 449
328-1-1-0.05-50-0 1 2457 1 8 183 284 0.2520 0.2506 409 303
328-1-1-0.05-50-0 1 2457 40 30 77 1 0.9739 0.6008 104 266
328-1-1-0.05-50-0 1 2457 36 36 81 81 0.8162 0.8162 165 165
328-1-1-0.05-50-0 1 2458 1 8 187 280 0.2520 0.2506 409 303
328-1-1-0.05-50-0 1 2458 1 1 187 187 0.2520 0.2520 409 409
328-1-1-0.05-50-0 1 2458 1 1 186 186 0.2520 0.2520 409 409
328-1-1-0.05-50-0 1 2458 36 36 77 77 0.8162 0.8162 165 165
328-1-1-0.05-50-0 1 2458 37 23 73 1 0.8481 0.1698 127 476
328-1-1-0.05-50-0 1 2458 40 3 74 1 0.9739 0.4813 104 321
328-1-1-0.05-50-0 1 2458 1 8 185 279 0.2520 0.2506 409 303
328-1-1-0.05-50-0 1 2458 1 8 185 278 0.2520 0.2506 409 303
328-1-1-0.05-50-0 1 2458 10 27 46 149 0.2533 0.0776 449 149
328-1-1-0.05-50-0 1 2458 36 43 76 52 0.8162 0.8316 165 123
328-1-1-0.05-50-0 1 2459 36 2 77 24 0.8162 0.8198 165 167
328-1-1-0.05-50-0 1 2459 36 36 77 77 0.8162 0.8162 165 165
328-1-1-0.05-50-0 1 2459 36 9 76 1 0.8162 0.6134 165 161
328-1-1-0.05-50-0 1 2459 1 1 192 192 0.2520 0.2520 409 409
328-1-1-0.05-50-0 1 2459 1 8 191 278 0.2520 0.2506 409 303
328-1-1-0.05-50-0 1 2459 1 8 191 277 0.2520 0.2506 409 303
328-1-1-0.05-50-0 1 2459 1 1 191 191 0.2520 0.2520 409 409
328-1-1-0.05-50-0 1 2460 36 43 78 49 0.8162 0.8316 165 123
328-1-1-0.05-50-0 1 2460 36 37 78 72 0.8162 0.8481 165 127
328-1-1-0.05-50-0 1 2460 1 8 194 273 0.2520 0.2506 409 303
328-1-1-0.05-50-0 1 2460 36 37 78 71 0.8162 0.8481 165 127
328-1-1-0.05-50-0 1 2460 1 8 194 272 0.2520 0.2506 409 303
328-1-1-0.05-50-0 1 2460 36 2 78 24 0.8162 0.8198 165 167
328-1-1-0.05-50-0 1 2460 7 3 88 1 0.9267 0.4813 106 321
328-1-1-0.05-50-0 1 2460 1 8 194 271 0.2520 0.2506 409 303
328-1-1-0.05-50-0 1 2461 1 8 196 273 0.2520 0.2506 409 303
328-1-1-0.05-50-0 1 2461 1 8 196 272 0.2520 0.2506 409 303
328-1-1-0.05-50-0 1 2461 37 12 69 1 0.8481 0.1896 127 325
328-1-1-0.05-50-0 1 2461 1 8 196 271 0.2520 0.2506 409 303
328-1-1-0.05-50-0 1 2461 10 27 48 148 0.2533 0.0776 449 149
328-1-1-0.05-50-0 1 2461 36 2 81 23 0.8162 0.8198 165 167
328-1-1-0.05-50-0 1 2461 1 8 196 270 0.2520 0.2506 409 303
328-1-1-0.05-50-0 1 2462 36 36 80 80 0.8162 0.8162 165 165
328-1-1-0.05-50-0 1 2462 36 36 79 79 0.8162 0.8162 165 165
328-1-1-0.05-50-0 1 2462 36 37 78 70 0.8162 0.8481 165 127
328-1-1-0.05-50-0 1 2462 1 8 197 271 0.2520 0.2506 409 303
328-1-1-0.05-50-0 1 2462 1 1 197 197 0.2520 0.2520 409 409
328-1-1-0.05-50-0 1 2462 1 8 196 270 0.2520 0.2506 409 303
328-1-1-0.05-50-0 1 2463 1 1 191 191 0.2520 0.2520 409 409
328-1-1-0.05-50-0 1 2463 1 8 190 272 0.2520 0.2506 409 303
328-1-1-0.05-50-0 1 2463 1 8 190 271 0.2520 0.2506 409 303
328-1-1-0.05-50-0 1 2463 1 1 190 190 0.2520 0.2520 409 409
328-1-1-0.05-50-0 1 2463 36 43 79 48 0.8162 0.8316 165 123
328-1-1-0.05-50-0 1 2463 36 36 79 79 0.8162 0.8162 165 165
328-1-1-0.05-50-0 1 2464 36 37 79 73 0.8162 0.8481 165 127
328-1-1-0.05-50-0 1 2464 1 1 189 189 0.2520 0.2520 409 409
328-1-1-0.05-50-0 1 2464 1 1 188 188 0.2520 0.2520 409 409
328-1-1-0.05-50-0 1 2464 1 1 187 187 0.2520 0.2520 409 409
328-1-1-0.05-50-0 1 2464 1 1 186 186 0.2520 0.2520 409 409
328-1-1-0.05-50-0 1 2464 1 8 185 269 0.2520 0.2506 409 303
328-1-1-0.05-50-0 1 2464 20 28 70 1 0.9922 0.3846 102 311
328-1-1-0.05-50-0 1 2464 1 1 185 185 0.2520 0.2520 409 409
328-1-1-0.05-50-0 1 2465 1 1 185 185 0.2520 0.2520 409 409
328-1-1-0.05-50-0 1 2465 1 1 184 184 0.2520 0.2520 409 409
328-1-1-0.05-50-0 1 2465 10 27 52 149 0.2533 0.0776 449 149
328-1-1-0.05-50-0 1 2465 10 27 52 148 0.2533 0.0776 449 149
328-1-1-0.05-50-0 1 2465 1 1 183 183 0.2520 0.2520 409 409
328-1-1-0.05-50-0 1 2465 10 27 52 147 0.2533 0.0776 449 149
328-1-1-0.05-50-0 1 2466 36 2 77 23 0.8162 0.8198 165 167
328-1-1-0.05-50-0 1 2466 1 8 183 265 0.2520 0.2506 409 303
328-1-1-0.05-50-0 1 2466 1 8 183 264 0.2520 0.2506 409 303
328-1-1-0.05-50-0 1 2466 36 37 77 76 0.8162 0.8481 165 127
328-1-1-0.05-50-0 1 2466 36 37 77 75 0.8162 0.8481 165 127
328-1-1-0.05-50-0 1 2466 1 8 183 263 0.2520 0.2506 409 303
328-1-1-0.05-50-0 1 2467 1 8 182 265 0.2520 0.2506 409 303
328-1-1-0.05-50-0 1 2467 36 37 77 76 0.8162 0.8481 165 127
328-1-1-0.05-50-0 1 2467 1 8 182 264 0.2520 0.2506 409 303
328-1-1-0.05-50-0 1 2467 1 10 182 56 0.2520 0.2533 409 449
328-1-1-0.05-50-0 1 2467 10 27 55 143 0.2533 0.0776 449 149
328-1-1-0.05-50-0 1 2467 1 8 182 263 0.2520 0.2506 409 303
328-1-1-0.05-50-0 1 2467 36 37 77 75 0.8162 0.8481 165 127
328-1-1-0.05-50-0 1 2467 10 27 55 142 0.2533 0.0776 449 149
328-1-1-0.05-50-0 1 2468 10 27 52 142 0.2533 0.0776 449 149
328-1-1-0.05-50-0 1 2468 1 1 193 193 0.2520 0.2520 409 409
328-1-1-0.05-50-0 1 2468 1 1 192 192 0.2520 0.2520 409 409
328-1-1-0.05-50-0 1 2469 1 1 192 192 0.2520 0.2520 409 409
328-1-1-0.05-50-0 1 2469 1 8 191 264 0.2520 0.2506 409 303
328-1-1-0.05-50-0 1 2469 36 2 76 24 0.8162 0.8198 165 167
328-1-1-0.05-50-0 1 2469 20 30 68 1 0.9922 0.6008 102 266
328-1-1-0.05-50-0 1 2469 1 1 191 191 0.2520 0.2520 409 409
328-1-1-0.05-50-0 1 2469 1 8 190 263 0.2520 0.2506 409 303
328-1-1-0.05-50-0 1 2469 20 46 68 1 0.9922 0.3451 102 327
328-1-1-0.05-50-0 1 2469 1 8 190 262 0.2520 0.2506 409 303
328-1-1-0.05-50-0 1 2469 1 10 190 50 0.2520 0.2533 409 449
328-1-1-0.05-50-0 1 2470 1 1 193 193 0.2520 0.2520 409 409
328-1-1-0.05-50-0 1 2470 10 27 51 141 0.2533 0.0776 449 149
328-1-1-0.05-50-0 1 2470 36 37 75 73 0.8162 0.8481 165 127
328-1-1-0.05-50-0 1 2470 1 8 192 265 0.2520 0.2506 409 303
328-1-1-0.05-50-0 1 2471 36 2 75 24 0.8162 0.8198 165 167
328-1-1-0.05-50-0 1 2471 1 1 193 193 0.2520 0.2520 409 409
328-1-1-0.05-50-0 1 2471 1 1 192 192 0.2520 0.2520 409 409
328-1-1-0.05-50-0 1 2471 36 36 75 75 0.8162 0.8162 165 165
328-1-1-0.05-50-0 1 2471 1 1 191 191 0.2520 0.2520 409 409
328-1-1-0.05-50-0 1 2471 1 1 190 190 0.2520 0.2520 409 409
328-1-1-0.05-50-0 1 2471 1 1 189 189 0.2520 0.2520 409 409
328-1-1-0.05-50-0 1 2472 1 1 189 189 0.2520 0.2520 409 409
328-1-1-0.05-50-0 1 2472 10 27 47 141 0.2533 0.0776 449 149
328-1-1-0.05-50-0 1 2472 10 27 47 140 0.2533 0.0776 449 149
328-1-1-0.05-50-0 1 2472 40 17 79 1 0.9739 0.6398 104 197
328-1-1-0.05-50-0 1 2472 1 8 188 268 0.2520 0.2506 409 303
328-1-1-0.05-50-0 1 2473 1 8 193 273 0.2520 0.2506 409 303
328-1-1-0.05-50-0 1 2473 10 27 47 139 0.2533 0.0776 449 149
328-1-1-0.05-50-0 1 2473 1 1 193 193 0.2520 0.2520 409 409
328-1-1-0.05-50-0 1 2473 1 49 192 1 0.2520 0.1842 409 136
328-1-1-0.05-50-0 1 2473 36 14 80 4 0.8162 0.8451 165 105
328-1-1-0.05-50-0 1 2473 1 1 192 192 0.2520 0.2520 409 409
328-1-1-0.05-50-0 1 2474 1 10 196 50 0.2520 0.2533 409 449
328-1-1-0.05-50-0 1 2474 36 37 80 69 0.8162 0.8481 165 127
328-1-1-0.05-50-0 1 2474 10 27 49 136 0.2533 0.0776 449 149
328-1-1-0.05-50-0 1 2474 36 43 80 54 0.8162 0.8316 165 123
328-1-1-0.05-50-0 1 2474 1 8 196 275 0.2520 0.2506 409 303
328-1-1-0.05-50-0 1 2474 1 8 196 274 0.2520 0.2506 409 303
328-1-1-0.05-50-0 1 2475 1 8 201 272 0.2520 0.2506 409 303
328-1-1-0.05-50-0 1 2475 20 31 68 1 0.9922 0.5626 102 252
328-1-1-0.05-50-0 1 2475 1 1 201 201 0.2520 0.2520 409 409
328-1-1-0.05-50-0 1 2475 1 10 200 51 0.2520 0.2533 409 449
328-1-1-0.05-50-0 1 2475 1 1 200 200 0.2520 0.2520 409 409
328-1-1-0.05-50-0 1 2475 1 8 199 271 0.2520 0.2506 409 303
328-1-1-0.05-50-0 1 2475 36 43 80 54 0.8162 0.8316 165 123
328-1-1-0.05-50-0 1 2475 10 27 50 140 0.2533 0.0776 449 149
328-1-1-0.05-50-0 1 2475 36 37 80 68 0.8162 0.8481 165 127
328-1-1-0.05-50-0 1 2476 36 43 79 51 0.8162 0.8316 165 123
328-1-1-0.05-50-0 1 2476 1 8 201 274 0.2520 0.2506 409 303
328-1-1-0.05-50-0 1 2476 10 27 50 139 0.2533 0.0776 449 149
328-1-1-0.05-50-0 1 2476 1 1 201 201 0.2520 0.2520 409 409
328-1-1-0.05-50-0 1 2476 1 1 200 200 0.2520 0.2520 409 409
328-1-1-0.05-50-0 1 2476 1 10 199 50 0.2520 0.2533 409 449
328-1-1-0.05-50-0 1 2477 1 1 199 199 0.2520 0.2520 409 409
328-1-1-0.05-50-0 1 2477 36 36 84 84 0.8162 0.8162 165 165
328-1-1-0.05-50-0 1 2477 1 8 198 280 0.2520 0.2506 409 303
328-1-1-0.05-50-0 1 2477 1 8 198 279 0.2520 0.2506 409 303
328-1-1-0.05-50-0 1 2478 1 8 194 280 0.2520 0.2506 409 303
328-1-1-0.05-50-0 1 2478 1 8 194 279 0.2520 0.2506 409 303
328-1-1-0.05-50-0 1 2478 1 1 194 194 0.2520 0.2520 409 409
328-1-1-0.05-50-0 1 2478 10 27 50 135 0.2533 0.0776 449 149
328-1-1-0.05-50-0 1 2478 1 8 193 278 0.2520 0.2506 409 303
328-1-1-0.05-50-0 1 2478 1 8 193 277 0.2520 0.2506 409 303
328-1-1-0.05-50-0 1 2479 1 1 189 189 0.2520 0.2520 409 409
328-1-1-0.05-50-0 1 2479 1 8 188 288 0.2520 0.2506 409 303
328-1-1-0.05-50-0 1 2479 1 1 188 188 0.2520 0.2520 409 409
328-1-1-0.05-50-0 1 2479 36 36 85 85 0.8162 0.8162 165 165
328-1-1-0.05-50-0 1 2479 1 10 187 49 0.2520 0.2533 409 449
328-1-1-0.05-50-0 1 2479 10 27 48 136 0.2533 0.0776 449 149
328-1-1-0.05-50-0 1 2479 1 8 187 287 0.2520 0.2506 409 303
328-1-1-0.05-50-0 1 2479 1 8 187 286 0.2520 0.2506 409 303
328-1-1-0.05-50-0 1 2479 1 8 187 285 0.2520 0.2506 409 303
328-1-1-0.05-50-0 1 2479 36 36 84 84 0.8162 0.8162 165 165
328-1-1-0.05-50-0 1 2480 1 10 189 50 0.2520 0.2533 409 449
328-1-1-0.05-50-0 1 2480 1 1 189 189 0.2520 0.2520 409 409
328-1-1-0.05-50-0 1 2480 1 8 188 282 0.2520 0.2506 409 303
328-1-1-0.05-50-0 1 2480 36 37 85 65 0.8162 0.8481 165 127
328-1-1-0.05-50-0 1 2480 1 8 188 281 0.2520 0.2506 409 303
328-1-1-0.05-50-0 1 2480 1 8 188 280 0.2520 0.2506 409 303
328-1-1-0.05-50-0 1 2480 1 8 188 279 0.2520 0.2506 409 303
328-1-1-0.05-50-0 1 2480 1 1 188 188 0.2520 0.2520 409 409
328-1-1-0.05-50-0 1 2480 1 8 187 278 0.2520 0.2506 409 303
328-1-1-0.05-50-0 1 2480 1 8 187 277 0.2520 0.2506 409 303
328-1-1-0.05-50-0 1 2481 1 8 188 277 0.2520 0.2506 409 303
328-1-1-0.05-50-0 1 2481 1 8 188 276 0.2520 0.2506 409 303
328-1-1-0.05-50-0 1 2481 10 27 49 141 0.2533 0.0776 449 149
328-1-1-0.05-50-0 1 2481 1 1 188 188 0.2520 0.2520 409 409
328-1-1-0.05-50-0 1 2481 10 27 49 140 0.2533 0.0776 449 149
328-1-1-0.05-50-0 1 2481 1 1 187 187 0.2520 0.2520 409 409
328-1-1-0.05-50-0 1 2481 10 27 49 139 0.2533 0.0776 449 149
328-1-1-0.05-50-0 1 2481 1 8 186 275 0.2520 0.2506 409 303
328-1-1-0.05-50-0 1 2482 1 1 190 190 0.2520 0.2520 409 409
328-1-1-0.05-50-0 1 2482 36 2 85 25 0.8162 0.8198 165 167
328-1-1-0.05-50-0 1 2482 1 8 189 277 0.2520 0.2506 409 303
328-1-1-0.05-50-0 1 2482 10 27 50 143 0.2533 0.0776 449 149
328-1-1-0.05-50-0 1 2482 1 8 189 276 0.2520 0.2506 409 303
328-1-1-0.05-50-0 1 2482 1 8 189 275 0.2520 0.2506 409 303
328-1-1-0.05-50-0 1 2483 1 8 190 275 0.2520 0.2506 409 303
328-1-1-0.05-50-0 1 2483 10 27 50 136 0.2533 0.0776 449 149
328-1-1-0.05-50-0 1 2483 1 1 190 190 0.2520 0.2520 409 409
328-1-1-0.05-50-0 1 2483 36 36 82 82 0.8162 0.8162 165 165
328-1-1-0.05-50-0 1 2483 10 27 50 135 0.2533 0.0776 449 149
328-1-1-0.05-50-0 1 2483 1 1 189 189 0.2520 0.2520 409 409
328-1-1-0.05-50-0 1 2483 25 11 119 3 0.9430 0.0504 125 384
328-1-1-0.05-50-0 1 2483 36 37 81 69 0.8162 0.8481 165 127
328-1-1-0.05-50-0 1 2483 1 10 188 50 0.2520 0.2533 409 449
328-1-1-0.05-50-0 1 2483 1 1 188 188 0.2520 0.2520 409 409
328-1-1-0.05-50-0 1 2483 1 8 187 274 0.2520 0.2506 409 303
328-1-1-0.05-50-0 1 2484 1 8 187 275 0.2520 0.2506 409 303
328-1-1-0.05-50-0 1 2484 1 8 187 274 0.2520 0.2506 409 303
328-1-1-0.05-50-0 1 2484 1 1 187 187 0.2520 0.2520 409 409
328-1-1-0.05-50-0 1 2484 36 36 84 84 0.8162 0.8162 165 165
328-1-1-0.05-50-0 1 2484 1 8 186 273 0.2520 0.2506 409 303
328-1-1-0.05-50-0 1 2484 1 1 186 186 0.2520 0.2520 409 409
328-1-1-0.05-50-0 1 2484 10 27 48 136 0.2533 0.0776 449 149
328-1-1-0.05-50-0 1 2484 37 16 65 1 0.8481 0.2228 127 149
328-1-1-0.05-50-0 1 2484 1 1 185 185 0.2520 0.2520 409 409
328-1-1-0.05-50-0 1 2484 10 27 48 135 0.2533 0.0776 449 149
328-1-1-0.05-50-0 1 2484 1 8 184 272 0.2520 0.2506 409 303
328-1-1-0.05-50-0 1 2485 36 2 85 24 0.8162 0.8198 165 167
328-1-1-0.05-50-0 1 2485 36 37 85 64 0.8162 0.8481 165 127
328-1-1-0.05-50-0 1 2485 1 1 184 184 0.2520 0.2520 409 409
328-1-1-0.05-50-0 1 2485 36 37 85 63 0.8162 0.8481 165 127
328-1-1-0.05-50-0 1 2485 36 43 85 51 0.8162 0.8316 165 123
328-1-1-0.05-50-0 1 2486 10 27 47 134 0.2533 0.0776 449 149
328-1-1-0.05-50-0 1 2486 1 8 186 267 0.2520 0.2506 409 303
328-1-1-0.05-50-0 1 2486 1 1 186 186 0.2520 0.2520 409 409
328-1-1-0.05-50-0 1 2486 1 8 185 266 0.2520 0.2506 409 303
328-1-1-0.05-50-0 1 2486 10 27 47 133 0.2533 0.0776 449 149
328-1-1-0.05-50-0 1 2486 1 1 185 185 0.2520 0.2520 409 409
328-1-1-0.05-50-0 1 2487 1 8 192 267 0.2520 0.2506 409 303
328-1-1-0.05-50-0 1 2487 36 36 83 83 0.8162 0.8162 165 165
328-1-1-0.05-50-0 1 2487 1 8 192 266 0.2520 0.2506 409 303
328-1-1-0.05-50-0 1 2487 1 1 192 192 0.2520 0.2520 409 409
328-1-1-0.05-50-0 1 2487 1 8 191 265 0.2520 0.2506 409 303
328-1-1-0.05-50-0 1 2487 14 36 2 82 0.8451 0.8162 105 165
328-1-1-0.05-50-0 1 2487 1 8 191 264 0.2520 0.2506 409 303
328-1-1-0.05-50-0 1 2487 25 11 118 2 0.9430 0.0504 125 384
328-1-1-0.05-50-0 1 2487 10 27 46 131 0.2533 0.0776 449 149
328-1-1-0.05-50-0 1 2488 1 1 194 194 0.2520 0.2520 409 409
328-1-1-0.05-50-0 1 2488 1 8 193 269 0.2520 0.2506 409 303
328-1-1-0.05-50-0 1 2488 1 1 193 193 0.2520 0.2520 409 409
328-1-1-0.05-50-0 1 2488 36 36 85 85 0.8162 0.8162 165 165
328-1-1-0.05-50-0 1 2488 1 1 192 192 0.2520 0.2520 409 409
328-1-1-0.05-50-0 1 2488 10 27 48 127 0.2533 0.0776 449 149
328-1-1-0.05-50-0 1 2488 25 35 116 2 0.9430 0.0354 125 158
328-1-1-0.05-50-0 1 2488 1 1 191 191 0.2520 0.2520 409 409
328-1-1-0.05-50-0 1 2489 25 11 108 1 0.9430 0.0504 125 384
328-1-1-0.05-50-0 1 2489 1 8 191 268 0.2520 0.2506 409 303
328-1-1-0.05-50-0 1 2489 36 36 82 82 0.8162 0.8162 165 165
328-1-1-0.05-50-0 1 2489 1 8 191 267 0.2520 0.2506 409 303
328-1-1-0.05-50-0 1 2489 1 8 191 266 0.2520 0.2506 409 303
328-1-1-0.05-50-0 1 2489 10 27 53 126 0.2533 0.0776 449 149
328-1-1-0.05-50-0 1 2489 1 8 191 265 0.2520 0.2506 409 303
328-1-1-0.05-50-0 1 2489 1 1 191 191 0.2520 0.2520 409 409
328-1-1-0.05-50-0 1 2489 36 37 81 55 0.8162 0.8481 165 127
328-1-1-0.05-50-0 1 2489 36 36 81 81 0.8162 0.8162 165 165
328-1-1-0.05-50-0 1 2490 36 37 81 53 0.8162 0.8481 165 127
328-1-1-0.05-50-0 1 2490 1 10 196 52 0.2520 0.2533 409 449
328-1-1-0.05-50-0 1 2490 1 8 196 262 0.2520 0.2506 409 303
328-1-1-0.05-50-0 1 2490 10 27 51 122 0.2533 0.0776 449 149
328-1-1-0.05-50-0 1 2490 36 37 81 52 0.8162 0.8481 165 127
328-1-1-0.05-50-0 1 2490 10 27 51 121 0.2533 0.0776 449 149
328-1-1-0.05-50-0 1 2490 10 27 51 120 0.2533 0.0776 449 149
328-1-1-0.05-50-0 1 2490 10 27 51 119 0.2533 0.0776 449 149
328-1-1-0.05-50-0 1 2491 10 27 54 116 0.2533 0.0776 449 149
328-1-1-0.05-50-0 1 2491 1 8 206 269 0.2520 0.2506 409 303
328-1-1-0.05-50-0 1 2491 1 8 206 268 0.2520 0.2506 409 303
328-1-1-0.05-50-0 1 2491 1 8 206 267 0.2520 0.2506 409 303
328-1-1-0.05-50-0 1 2491 37 23 49 3 0.8481 0.1698 127 476
328-1-1-0.05-50-0 1 2491 1 1 206 206 0.2520 0.2520 409 409
328-1-1-0.05-50-0 1 2491 20 45 72 1 0.9922 0.3816 102 173
328-1-1-0.05-50-0 1 2491 1 1 205 205 0.2520 0.2520 409 409
328-1-1-0.05-50-0 1 2491 1 1 204 204 0.2520 0.2520 409 409
328-1-1-0.05-50-0 1 2491 14 25 3 109 0.8451 0.9430 105 125
328-1-1-0.05-50-0 1 2491 37 23 49 2 0.8481 0.1698 127 476
328-1-1-0.05-50-0 1 2491 1 1 203 203 0.2520 0.2520 409 409
328-1-1-0.05-50-0 1 2491 1 8 202 266 0.2520 0.2506 409 303
328-1-1-0.05-50-0 1 2492 1 8 203 278 0.2520 0.2506 409 303
328-1-1-0.05-50-0 1 2492 1 8 203 277 0.2520 0.2506 409 303
328-1-1-0.05-50-0 1 2492 1 8 203 276 0.2520 0.2506 409 303
328-1-1-0.05-50-0 1 2492 1 1 203 203 0.2520 0.2520 409 409
328-1-1-0.05-50-0 1 2493 1 8 210 274 0.2520 0.2506 409 303
328-1-1-0.05-50-0 1 2493 36 37 81 53 0.8162 0.8481 165 127
328-1-1-0.05-50-0 1 2493 36 43 81 52 0.8162 0.8316 165 123
328-1-1-0.05-50-0 1 2493 36 43 81 51 0.8162 0.8316 165 123
328-1-1-0.05-50-0 1 2494 25 35 99 1 0.9430 0.0354 125 158
328-1-1-0.05-50-0 1 2494 10 27 55 117 0.2533 0.0776 449 149
328-1-1-0.05-50-0 1 2494 1 1 211 211 0.2520 0.2520 409 409
328-1-1-0.05-50-0 1 2494 36 2 81 17 0.8162 0.8198 165 167
328-1-1-0.05-50-0 1 2494 10 27 55 116 0.2533 0.0776 449 149
328-1-1-0.05-50-0 1 2494 1 1 210 210 0.2520 0.2520 409 409
328-1-1-0.05-50-0 1 2494 10 27 55 115 0.2533 0.0776 449 149
328-1-1-0.05-50-0 1 2494 36 43 81 50 0.8162 0.8316 165 123
328-1-1-0.05-50-0 1 2495 1 8 206 280 0.2520 0.2506 409 303
328-1-1-0.05-50-0 1 2495 36 37 78 47 0.8162 0.8481 165 127
328-1-1-0.05-50-0 1 2495 36 36 78 78 0.8162 0.8162 165 165
328-1-1-0.05-50-0 1 2495 1 1 206 206 0.2520 0.2520 409 409
328-1-1-0.05-50-0 1 2495 1 1 205 205 0.2520 0.2520 409 409
328-1-1-0.05-50-0 1 2495 1 1 204 204 0.2520 0.2520 409 409
328-1-1-0.05-50-0 1 2495 36 36 77 77 0.8162 0.8162 165 165
328-1-1-0.05-50-0 1 2496 1 1 211 211 0.2520 0.2520 409 409
328-1-1-0.05-50-0 1 2496 1 1 210 210 0.2520 0.2520 409 409
328-1-1-0.05-50-0 1 2496 36 37 74 47 0.8162 0.8481 165 127
328-1-1-0.05-50-0 1 2496 1 1 209 209 0.2520 0.2520 409 409
328-1-1-0.05-50-0 1 2496 1 8 208 282 0.2520 0.2506 409 303
328-1-1-0.05-50-0 1 2496 1 8 208 281 0.2520 0.2506 409 303
328-1-1-0.05-50-0 1 2496 20 46 76 2 0.9922 0.3451 102 327
328-1-1-0.05-50-0 1 2496 10 27 53 113 0.2533 0.0776 449 149
328-1-1-0.05-50-0 1 2497 1 8 210 290 0.2520 0.2506 409 303
328-1-1-0.05-50-0 1 2497 10 27 56 112 0.2533 0.0776 449 149
328-1-1-0.05-50-0 1 2497 1 8 210 289 0.2520 0.2506 409 303
328-1-1-0.05-50-0 1 2497 37 39 47 1 0.8481 0.2187 127 309
328-1-1-0.05-50-0 1 2497 1 8 210 288 0.2520 0.2506 409 303
328-1-1-0.05-50-0 1 2497 25 22 106 1 0.9430 0.0160 125 311
328-1-1-0.05-50-0 1 2497 10 27 56 111 0.2533 0.0776 449 149
328-1-1-0.05-50-0 1 2498 1 1 214 214 0.2520 0.2520 409 409
328-1-1-0.05-50-0 1 2498 36 43 74 60 0.8162 0.8316 165 123
328-1-1-0.05-50-0 1 2498 20 46 76 1 0.9922 0.3451 102 327
328-1-1-0.05-50-0 1 2498 1 8 213 295 0.2520 0.2506 409 303
328-1-1-0.05-50-0 1 2498 10 27 57 112 0.2533 0.0776 449 149
328-1-1-0.05-50-0 1 2498 36 36 74 74 0.8162 0.8162 165 165
328-1-1-0.05-50-0 1 2498 1 1 213 213 0.2520 0.2520 409 409
328-1-1-0.05-50-0 1 2498 10 27 57 111 0.2533 0.0776 449 149
328-1-1-0.05-50-0 1 2499 36 2 71 20 0.8162 0.8198 165 167
328-1-1-0.05-50-0 1 2499 1 1 215 215 0.2520 0.2520 409 409
328-1-1-0.05-50-0 1 2499 36 2 71 19 0.8162 0.8198 165 167
328-1-1-0.05-50-0 1 2499 1 8 214 297 0.2520 0.2506 409 303
328-1-1-0.05-50-0 1 2499 10 27 56 108 0.2533 0.0776 449 149
328-1-1-0.05-50-0 1 2500 10 27 57 106 0.2533 0.0776 449 149
328-1-1-0.05-50-0 1 2500 1 1 223 223 0.2520 0.2520 409 409
328-1-1-0.05-50-0 1 2500 10 27 57 105 0.2533 0.0776 449 149
328-1-1-0.05-50-0 1 2500 36 37 69 51 0.8162 0.8481 165 127
328-1-1-0.05-50-0 1 2500 1 1 222 222 0.2520 0.2520 409 409
328-1-1-0.05-50-0 1 2500 37 18 50 1 0.8481 0.2181 127 226
328-1-1-0.05-50-0 1 2500 1 8 221 301 0.2520 0.2506 409 303
