33-0-1-0.05-50-0 0 2302 24 36 24 1 0.1940 0.8162 254 165
33-0-1-0.05-50-0 0 2302 46 27 15 2 0.3451 0.0776 327 149
33-0-1-0.05-50-0 0 2302 24 6 24 5 0.1940 0.4266 254 249
33-0-1-0.05-50-0 0 2303 23 7 10 7 0.1698 0.9267 476 106
33-0-1-0.05-50-0 0 2303 11 7 3 6 0.0504 0.9267 384 106
33-0-1-0.05-50-0 0 2303 24 23 24 10 0.1940 0.1698 254 476
33-0-1-0.05-50-0 0 2304 6 17 4 2 0.4266 0.6398 249 197
33-0-1-0.05-50-0 0 2304 46 45 14 21 0.3451 0.3816 327 173
33-0-1-0.05-50-0 0 2304 45 30 20 2 0.3816 0.6008 173 266
33-0-1-0.05-50-0 0 2305 46 7 12 6 0.3451 0.9267 327 106
33-0-1-0.05-50-0 0 2305 45 18 20 6 0.3816 0.2181 173 226
33-0-1-0.05-50-0 0 2305 6 38 4 2 0.4266 0.6163 249 270
33-0-1-0.05-50-0 0 2306 15 22 3 3 0.7918 0.0160 149 311
33-0-1-0.05-50-0 0 2306 7 46 6 14 0.9267 0.3451 106 327
33-0-1-0.05-50-0 0 2306 33 45 4 22 0.6893 0.3816 191 173
33-0-1-0.05-50-0 0 2307 10 47 8 3 0.2533 0.9293 449 103
33-0-1-0.05-50-0 0 2307 46 6 13 4 0.3451 0.4266 327 249
33-0-1-0.05-50-0 0 2307 33 3 4 9 0.6893 0.4813 191 321
33-0-1-0.05-50-0 0 2308 26 3 2 8 0.8171 0.4813 141 321
33-0-1-0.05-50-0 0 2308 3 41 7 6 0.4813 0.9621 321 105
33-0-1-0.05-50-0 0 2308 27 45 1 22 0.0776 0.3816 149 173
33-0-1-0.05-50-0 0 2309 7 45 6 22 0.9267 0.3816 106 173
33-0-1-0.05-50-0 0 2309 45 11 21 4 0.3816 0.0504 173 384
33-0-1-0.05-50-0 0 2309 10 46 9 12 0.2533 0.3451 449 327
33-0-1-0.05-50-0 0 2310 26 24 2 28 0.8171 0.1940 141 254
33-0-1-0.05-50-0 0 2310 12 18 8 5 0.1896 0.2181 325 226
33-0-1-0.05-50-0 0 2310 33 45 4 19 0.6893 0.3816 191 173
33-0-1-0.05-50-0 0 2311 5 2 3 2 0.0007 0.8198 226 167
33-0-1-0.05-50-0 0 2311 24 23 27 9 0.1940 0.1698 254 476
33-0-1-0.05-50-0 0 2311 46 26 10 2 0.3451 0.8171 327 141
33-0-1-0.05-50-0 0 2312 45 24 18 27 0.3816 0.1940 173 254
33-0-1-0.05-50-0 0 2312 47 21 3 5 0.9293 0.4184 103 158
33-0-1-0.05-50-0 0 2312 10 45 8 18 0.2533 0.3816 449 173
33-0-1-0.05-50-0 0 2313 1 34 7 1 0.2520 0.7448 409 168
33-0-1-0.05-50-0 0 2313 24 32 26 2 0.1940 0.6514 254 215
33-0-1-0.05-50-0 0 2313 46 10 9 8 0.3451 0.2533 327 449
33-0-1-0.05-50-0 0 2314 45 46 17 8 0.3816 0.3451 173 327
33-0-1-0.05-50-0 0 2314 45 45 17 17 0.3816 0.3816 173 173
33-0-1-0.05-50-0 0 2314 23 21 9 4 0.1698 0.4184 476 158
33-0-1-0.05-50-0 0 2315 37 46 5 7 0.8481 0.3451 127 327
33-0-1-0.05-50-0 0 2315 23 24 9 27 0.1698 0.1940 476 254
33-0-1-0.05-50-0 0 2315 15 40 4 1 0.7918 0.9739 149 104
33-0-1-0.05-50-0 0 2316 45 47 17 4 0.3816 0.9293 173 103
33-0-1-0.05-50-0 0 2316 1 1 8 8 0.2520 0.2520 409 409
33-0-1-0.05-50-0 0 2316 23 35 9 1 0.1698 0.0354 476 158
33-0-1-0.05-50-0 0 2317 23 46 9 8 0.1698 0.3451 476 327
33-0-1-0.05-50-0 0 2317 41 1 7 7 0.9621 0.2520 105 409
33-0-1-0.05-50-0 0 2317 21 1 3 6 0.4184 0.2520 158 409
33-0-1-0.05-50-0 0 2318 24 32 28 1 0.1940 0.6514 254 215
33-0-1-0.05-50-0 0 2318 10 46 9 7 0.2533 0.3451 449 327
33-0-1-0.05-50-0 0 2318 3 10 11 9 0.4813 0.2533 321 449
33-0-1-0.05-50-0 0 2319 46 45 6 16 0.3451 0.3816 327 173
33-0-1-0.05-50-0 0 2319 22 37 2 6 0.0160 0.8481 311 127
33-0-1-0.05-50-0 0 2319 43 45 5 15 0.8316 0.3816 123 173
33-0-1-0.05-50-0 0 2320 24 45 26 14 0.1940 0.3816 254 173
33-0-1-0.05-50-0 0 2320 1 30 5 2 0.2520 0.6008 409 266
33-0-1-0.05-50-0 0 2320 12 31 9 2 0.1896 0.5626 325 252
33-0-1-0.05-50-0 0 2321 44 46 2 6 0.7034 0.3451 118 327
33-0-1-0.05-50-0 0 2321 12 47 9 3 0.1896 0.9293 325 103
33-0-1-0.05-50-0 0 2321 23 24 10 26 0.1698 0.1940 476 254
33-0-1-0.05-50-0 0 2322 47 5 2 2 0.9293 0.0007 103 226
33-0-1-0.05-50-0 0 2322 12 1 10 4 0.1896 0.2520 325 409
33-0-1-0.05-50-0 0 2322 43 47 7 2 0.8316 0.9293 123 103
33-0-1-0.05-50-0 0 2323 40 6 1 6 0.9739 0.4266 104 249
33-0-1-0.05-50-0 0 2323 24 24 22 22 0.1940 0.1940 254 254
33-0-1-0.05-50-0 0 2324 45 3 15 12 0.3816 0.4813 173 321
33-0-1-0.05-50-0 0 2324 41 1 7 3 0.9621 0.2520 105 409
33-0-1-0.05-50-0 0 2325 12 10 11 10 0.1896 0.2533 325 449
33-0-1-0.05-50-0 0 2325 18 45 3 16 0.2181 0.3816 226 173
33-0-1-0.05-50-0 0 2326 44 24 3 23 0.7034 0.1940 118 254
33-0-1-0.05-50-0 0 2326 41 7 7 6 0.9621 0.9267 105 106
33-0-1-0.05-50-0 0 2327 31 24 1 21 0.5626 0.1940 252 254
33-0-1-0.05-50-0 0 2327 46 11 6 2 0.3451 0.0504 327 384
33-0-1-0.05-50-0 0 2328 46 23 6 11 0.3451 0.1698 327 476
33-0-1-0.05-50-0 0 2328 18 45 3 15 0.2181 0.3816 226 173
33-0-1-0.05-50-0 0 2329 24 10 20 10 0.1940 0.2533 254 449
33-0-1-0.05-50-0 0 2329 37 46 3 6 0.8481 0.3451 127 327
33-0-1-0.05-50-0 0 2330 31 24 1 20 0.5626 0.1940 252 254
33-0-1-0.05-50-0 0 2330 23 3 10 10 0.1698 0.4813 476 321
33-0-1-0.05-50-0 0 2331 46 45 4 15 0.3451 0.3816 327 173
33-0-1-0.05-50-0 0 2331 15 21 3 2 0.7918 0.4184 149 158
33-0-1-0.05-50-0 0 2332 45 15 14 3 0.3816 0.7918 173 149
33-0-1-0.05-50-0 0 2332 24 33 20 3 0.1940 0.6893 254 191
33-0-1-0.05-50-0 0 2333 10 25 10 1 0.2533 0.9430 449 125
33-0-1-0.05-50-0 0 2333 12 45 16 14 0.1896 0.3816 325 173
33-0-1-0.05-50-0 0 2334 12 41 15 7 0.1896 0.9621 325 105
33-0-1-0.05-50-0 0 2334 45 37 15 3 0.3816 0.8481 173 127
33-0-1-0.05-50-0 0 2335 12 45 16 15 0.1896 0.3816 325 173
33-0-1-0.05-50-0 0 2335 41 31 6 1 0.9621 0.5626 105 252
33-0-1-0.05-50-0 0 2336 33 3 3 8 0.6893 0.4813 191 321
33-0-1-0.05-50-0 0 2336 43 6 10 5 0.8316 0.4266 123 249
33-0-1-0.05-50-0 0 2337 42 21 2 2 0.7447 0.4184 106 158
33-0-1-0.05-50-0 0 2337 42 24 2 26 0.7447 0.1940 106 254
33-0-1-0.05-50-0 0 2338 24 40 23 1 0.1940 0.9739 254 104
33-0-1-0.05-50-0 0 2338 3 45 5 14 0.4813 0.3816 321 173
33-0-1-0.05-50-0 0 2339 45 12 13 15 0.3816 0.1896 173 325
33-0-1-0.05-50-0 0 2339 37 10 2 13 0.8481 0.2533 127 449
33-0-1-0.05-50-0 0 2340 23 12 14 14 0.1698 0.1896 476 325
33-0-1-0.05-50-0 0 2340 18 38 2 3 0.2181 0.6163 226 270
33-0-1-0.05-50-0 0 2341 44 24 4 24 0.7034 0.1940 118 254
33-0-1-0.05-50-0 0 2341 41 45 6 13 0.9621 0.3816 105 173
33-0-1-0.05-50-0 0 2342 15 45 3 12 0.7918 0.3816 149 173
33-0-1-0.05-50-0 0 2342 41 44 5 5 0.9621 0.7034 105 118
33-0-1-0.05-50-0 0 2343 45 12 11 13 0.3816 0.1896 173 325
33-0-1-0.05-50-0 0 2343 37 15 2 3 0.8481 0.7918 127 149
33-0-1-0.05-50-0 0 2344 23 1 15 3 0.1698 0.2520 476 409
33-0-1-0.05-50-0 0 2344 24 37 22 2 0.1940 0.8481 254 127
33-0-1-0.05-50-0 0 2345 9 24 1 22 0.6134 0.1940 161 254
33-0-1-0.05-50-0 0 2345 23 21 15 1 0.1698 0.4184 476 158
33-0-1-0.05-50-0 0 2346 23 12 16 14 0.1698 0.1896 476 325
33-0-1-0.05-50-0 0 2346 43 45 10 11 0.8316 0.3816 123 173
33-0-1-0.05-50-0 0 2347 46 24 4 25 0.3451 0.1940 327 254
33-0-1-0.05-50-0 0 2347 24 41 24 5 0.1940 0.9621 254 105
33-0-1-0.05-50-0 0 2348 24 45 25 12 0.1940 0.3816 254 173
33-0-1-0.05-50-0 0 2348 28 23 1 16 0.3846 0.1698 311 476
33-0-1-0.05-50-0 0 2349 36 23 3 16 0.8162 0.1698 165 476
33-0-1-0.05-50-0 0 2349 7 18 4 2 0.9267 0.2181 106 226
33-0-1-0.05-50-0 0 2350 12 33 14 2 0.1896 0.6893 325 191
33-0-1-0.05-50-0 0 2350 46 43 7 9 0.3451 0.8316 327 123
33-0-1-0.05-50-0 0 2351 43 46 8 7 0.8316 0.3451 123 327
33-0-1-0.05-50-0 0 2351 45 12 11 16 0.3816 0.1896 173 325
33-0-1-0.05-50-0 0 2352 43 10 8 13 0.8316 0.2533 123 449
33-0-1-0.05-50-0 0 2352 12 45 15 11 0.1896 0.3816 325 173
33-0-1-0.05-50-0 0 2353 44 37 5 1 0.7034 0.8481 118 127
33-0-1-0.05-50-0 0 2353 43 15 8 2 0.8316 0.7918 123 149
33-0-1-0.05-50-0 0 2354 2 12 3 14 0.8198 0.1896 167 325
33-0-1-0.05-50-0 0 2354 41 44 6 5 0.9621 0.7034 105 118
33-0-1-0.05-50-0 0 2355 30 12 1 13 0.6008 0.1896 266 325
33-0-1-0.05-50-0 0 2355 12 10 12 10 0.1896 0.2533 325 449
33-0-1-0.05-50-0 0 2356 43 45 10 9 0.8316 0.3816 123 173
33-0-1-0.05-50-0 0 2356 22 38 2 3 0.0160 0.6163 311 270
33-0-1-0.05-50-0 0 2357 28 41 1 6 0.3846 0.9621 311 105
33-0-1-0.05-50-0 0 2357 24 38 23 3 0.1940 0.6163 254 270
33-0-1-0.05-50-0 0 2358 30 46 1 8 0.6008 0.3451 266 327
33-0-1-0.05-50-0 0 2358 18 42 1 5 0.2181 0.7447 226 106
33-0-1-0.05-50-0 0 2359 47 7 1 6 0.9293 0.9267 103 106
33-0-1-0.05-50-0 0 2359 12 22 13 3 0.1896 0.0160 325 311
33-0-1-0.05-50-0 0 2360 46 43 8 11 0.3451 0.8316 327 123
33-0-1-0.05-50-0 0 2360 7 24 5 23 0.9267 0.1940 106 254
33-0-1-0.05-50-0 0 2361 16 46 2 7 0.2228 0.3451 149 327
33-0-1-0.05-50-0 0 2361 42 6 4 3 0.7447 0.4266 106 249
33-0-1-0.05-50-0 0 2361 12 10 15 8 0.1896 0.2533 325 449
33-0-1-0.05-50-0 0 2362 16 7 2 7 0.2228 0.9267 149 106
33-0-1-0.05-50-0 0 2362 7 43 6 8 0.9267 0.8316 106 123
33-0-1-0.05-50-0 0 2362 46 28 6 2 0.3451 0.3846 327 311
33-0-1-0.05-50-0 0 2363 30 44 2 5 0.6008 0.7034 266 118
33-0-1-0.05-50-0 0 2363 10 41 9 7 0.2533 0.9621 449 105
33-0-1-0.05-50-0 0 2364 8 6 1 4 0.2506 0.4266 303 249
33-0-1-0.05-50-0 0 2364 24 12 22 15 0.1940 0.1896 254 325
33-0-1-0.05-50-0 0 2365 42 43 4 7 0.7447 0.8316 106 123
33-0-1-0.05-50-0 0 2365 7 23 4 15 0.9267 0.1698 106 476
33-0-1-0.05-50-0 0 2366 23 49 13 2 0.1698 0.1842 476 136
33-0-1-0.05-50-0 0 2366 12 24 13 21 0.1896 0.1940 325 254
33-0-1-0.05-50-0 0 2367 30 23 2 15 0.6008 0.1698 266 476
33-0-1-0.05-50-0 0 2367 44 23 5 14 0.7034 0.1698 118 476
33-0-1-0.05-50-0 0 2368 24 42 20 5 0.1940 0.7447 254 106
33-0-1-0.05-50-0 0 2368 45 23 10 14 0.3816 0.1698 173 476
33-0-1-0.05-50-0 0 2369 44 49 5 1 0.7034 0.1842 118 136
33-0-1-0.05-50-0 0 2369 24 44 19 5 0.1940 0.7034 254 118
33-0-1-0.05-50-0 0 2370 1 45 4 11 0.2520 0.3816 409 173
33-0-1-0.05-50-0 0 2370 46 45 6 10 0.3451 0.3816 327 173
33-0-1-0.05-50-0 0 2371 24 23 16 14 0.1940 0.1698 254 476
33-0-1-0.05-50-0 0 2371 36 43 6 12 0.8162 0.8316 165 123
33-0-1-0.05-50-0 0 2372 8 3 1 3 0.2506 0.4813 303 321
33-0-1-0.05-50-0 0 2372 47 10 3 13 0.9293 0.2533 103 449
33-0-1-0.05-50-0 0 2372 12 10 16 12 0.1896 0.2533 325 449
33-0-1-0.05-50-0 0 2373 45 12 9 15 0.3816 0.1896 173 325
33-0-1-0.05-50-0 0 2373 12 42 14 6 0.1896 0.7447 325 106
33-0-1-0.05-50-0 0 2373 24 2 18 4 0.1940 0.8198 254 167
33-0-1-0.05-50-0 0 2374 24 23 19 15 0.1940 0.1698 254 476
33-0-1-0.05-50-0 0 2374 41 3 5 2 0.9621 0.4813 105 321
33-0-1-0.05-50-0 0 2374 44 12 5 15 0.7034 0.1896 118 325
33-0-1-0.05-50-0 0 2375 43 24 15 18 0.8316 0.1940 123 254
33-0-1-0.05-50-0 0 2375 42 16 6 3 0.7447 0.2228 106 149
33-0-1-0.05-50-0 0 2376 23 24 17 17 0.1698 0.1940 476 254
33-0-1-0.05-50-0 0 2376 50 10 1 9 0.2147 0.2533 147 449
33-0-1-0.05-50-0 0 2377 24 10 17 9 0.1940 0.2533 254 449
33-0-1-0.05-50-0 0 2377 7 45 5 9 0.9267 0.3816 106 173
33-0-1-0.05-50-0 0 2377 48 41 1 6 0.1153 0.9621 334 105
33-0-1-0.05-50-0 0 2378 12 15 13 2 0.1896 0.7918 325 149
33-0-1-0.05-50-0 0 2378 23 45 16 9 0.1698 0.3816 476 173
33-0-1-0.05-50-0 0 2378 2 12 3 13 0.8198 0.1896 167 325
33-0-1-0.05-50-0 0 2379 12 10 12 8 0.1896 0.2533 325 449
33-0-1-0.05-50-0 0 2379 24 10 15 7 0.1940 0.2533 254 449
33-0-1-0.05-50-0 0 2379 42 10 8 6 0.7447 0.2533 106 449
33-0-1-0.05-50-0 0 2380 43 12 17 12 0.8316 0.1896 123 325
33-0-1-0.05-50-0 0 2380 23 23 17 17 0.1698 0.1698 476 476
33-0-1-0.05-50-0 0 2381 23 36 16 7 0.1698 0.8162 476 165
33-0-1-0.05-50-0 0 2381 47 3 3 1 0.9293 0.4813 103 321
33-0-1-0.05-50-0 0 2381 12 24 12 15 0.1896 0.1940 325 254
33-0-1-0.05-50-0 0 2382 12 26 12 2 0.1896 0.8171 325 141
33-0-1-0.05-50-0 0 2382 38 50 3 1 0.6163 0.2147 270 147
33-0-1-0.05-50-0 0 2382 24 10 17 4 0.1940 0.2533 254 449
33-0-1-0.05-50-0 0 2383 42 43 8 20 0.7447 0.8316 106 123
33-0-1-0.05-50-0 0 2383 43 22 19 7 0.8316 0.0160 123 311
33-0-1-0.05-50-0 0 2383 42 34 8 5 0.7447 0.7448 106 168
33-0-1-0.05-50-0 0 2384 10 1 3 2 0.2533 0.2520 449 409
33-0-1-0.05-50-0 0 2384 22 24 6 17 0.0160 0.1940 311 254
33-0-1-0.05-50-0 0 2384 12 23 14 17 0.1896 0.1698 325 476
33-0-1-0.05-50-0 0 2385 1 24 1 16 0.2520 0.1940 409 254
33-0-1-0.05-50-0 0 2385 44 26 10 1 0.7034 0.8171 118 141
33-0-1-0.05-50-0 0 2385 31 23 2 15 0.5626 0.1698 252 476
33-0-1-0.05-50-0 0 2386 43 47 17 2 0.8316 0.9293 123 103
33-0-1-0.05-50-0 0 2386 38 43 3 17 0.6163 0.8316 270 123
33-0-1-0.05-50-0 0 2387 41 46 2 10 0.9621 0.3451 105 327
33-0-1-0.05-50-0 0 2387 12 43 14 17 0.1896 0.8316 325 123
33-0-1-0.05-50-0 0 2388 22 45 7 9 0.0160 0.3816 311 173
33-0-1-0.05-50-0 0 2388 42 31 10 3 0.7447 0.5626 106 252
33-0-1-0.05-50-0 0 2389 15 23 2 13 0.7918 0.1698 149 476
33-0-1-0.05-50-0 0 2389 43 45 16 8 0.8316 0.3816 123 173
33-0-1-0.05-50-0 0 2389 20 42 1 10 0.9922 0.7447 102 106
33-0-1-0.05-50-0 0 2390 8 42 1 10 0.2506 0.7447 303 106
33-0-1-0.05-50-0 0 2390 24 43 15 18 0.1940 0.8316 254 123
33-0-1-0.05-50-0 0 2390 24 12 15 14 0.1940 0.1896 254 325
33-0-1-0.05-50-0 0 2391 48 22 1 8 0.1153 0.0160 334 311
33-0-1-0.05-50-0 0 2391 43 36 15 9 0.8316 0.8162 123 165
33-0-1-0.05-50-0 0 2392 30 7 4 5 0.6008 0.9267 266 106
33-0-1-0.05-50-0 0 2392 46 22 7 5 0.3451 0.0160 327 311
33-0-1-0.05-50-0 0 2393 36 23 9 12 0.8162 0.1698 165 476
33-0-1-0.05-50-0 0 2393 44 7 11 4 0.7034 0.9267 118 106
33-0-1-0.05-50-0 0 2394 12 44 16 11 0.1896 0.7034 325 118
33-0-1-0.05-50-0 0 2394 23 22 9 4 0.1698 0.0160 476 311
33-0-1-0.05-50-0 0 2395 24 48 14 2 0.1940 0.1153 254 334
33-0-1-0.05-50-0 0 2395 19 48 2 1 0.8072 0.1153 134 334
33-0-1-0.05-50-0 0 2396 36 24 11 14 0.8162 0.1940 165 254
33-0-1-0.05-50-0 0 2396 12 43 18 18 0.1896 0.8316 325 123
33-0-1-0.05-50-0 0 2396 30 23 4 10 0.6008 0.1698 266 476
33-0-1-0.05-50-0 0 2397 12 10 19 6 0.1896 0.2533 325 449
33-0-1-0.05-50-0 0 2397 12 12 19 19 0.1896 0.1896 325 325
33-0-1-0.05-50-0 0 2398 46 30 7 4 0.3451 0.6008 327 266
33-0-1-0.05-50-0 0 2398 22 30 3 3 0.0160 0.6008 311 266
33-0-1-0.05-50-0 0 2399 47 44 5 9 0.9293 0.7034 103 118
33-0-1-0.05-50-0 0 2399 23 23 10 10 0.1698 0.1698 476 476
33-0-1-0.05-50-0 0 2400 43 23 17 9 0.8316 0.1698 123 476
33-0-1-0.05-50-0 0 2400 38 1 3 1 0.6163 0.2520 270 409
33-0-1-0.05-50-0 0 2401 36 46 9 8 0.8162 0.3451 165 327
33-0-1-0.05-50-0 0 2401 41 43 1 18 0.9621 0.8316 105 123
33-0-1-0.05-50-0 0 2402 24 6 14 4 0.1940 0.4266 254 249
33-0-1-0.05-50-0 0 2402 30 24 2 14 0.6008 0.1940 266 254
33-0-1-0.05-50-0 0 2403 6 6 3 3 0.4266 0.4266 249 249
33-0-1-0.05-50-0 0 2403 2 24 1 13 0.8198 0.1940 167 254
33-0-1-0.05-50-0 0 2404 42 36 5 10 0.7447 0.8162 106 165
33-0-1-0.05-50-0 0 2404 43 12 20 21 0.8316 0.1896 123 325
33-0-1-0.05-50-0 0 2405 1 38 2 3 0.2520 0.6163 409 270
33-0-1-0.05-50-0 0 2405 44 12 6 19 0.7034 0.1896 118 325
33-0-1-0.05-50-0 0 2406 28 24 2 14 0.3846 0.1940 311 254
33-0-1-0.05-50-0 0 2406 1 22 2 3 0.2520 0.0160 409 311
33-0-1-0.05-50-0 0 2407 48 26 2 2 0.1153 0.8171 334 141
33-0-1-0.05-50-0 0 2407 36 24 10 13 0.8162 0.1940 165 254
33-0-1-0.05-50-0 0 2408 46 46 7 7 0.3451 0.3451 327 327
33-0-1-0.05-50-0 0 2408 10 47 4 2 0.2533 0.9293 449 103
33-0-1-0.05-50-0 0 2409 24 7 13 7 0.1940 0.9267 254 106
33-0-1-0.05-50-0 0 2409 12 43 17 22 0.1896 0.8316 325 123
33-0-1-0.05-50-0 0 2410 6 23 2 10 0.4266 0.1698 249 476
33-0-1-0.05-50-0 0 2410 24 22 12 3 0.1940 0.0160 254 311
33-0-1-0.05-50-0 0 2411 34 36 4 13 0.7448 0.8162 168 165
33-0-1-0.05-50-0 0 2411 46 18 7 1 0.3451 0.2181 327 226
33-0-1-0.05-50-0 0 2412 24 22 15 2 0.1940 0.0160 254 311
33-0-1-0.05-50-0 0 2412 36 24 12 15 0.8162 0.1940 165 254
33-0-1-0.05-50-0 0 2413 46 33 7 4 0.3451 0.6893 327 191
33-0-1-0.05-50-0 0 2413 48 47 3 1 0.1153 0.9293 334 103
33-0-1-0.05-50-0 0 2414 30 43 4 21 0.6008 0.8316 266 123
33-0-1-0.05-50-0 0 2414 46 43 7 20 0.3451 0.8316 327 123
33-0-1-0.05-50-0 0 2415 41 43 1 19 0.9621 0.8316 105 123
33-0-1-0.05-50-0 0 2415 36 43 11 18 0.8162 0.8316 165 123
33-0-1-0.05-50-0 0 2416 28 36 2 12 0.3846 0.8162 311 165
33-0-1-0.05-50-0 0 2416 6 12 2 17 0.4266 0.1896 249 325
33-0-1-0.05-50-0 0 2417 36 8 11 1 0.8162 0.2506 165 303
33-0-1-0.05-50-0 0 2417 43 36 18 11 0.8316 0.8162 123 165
33-0-1-0.05-50-0 0 2418 36 34 9 6 0.8162 0.7448 165 168
33-0-1-0.05-50-0 0 2418 46 42 9 5 0.3451 0.7447 327 106
33-0-1-0.05-50-0 0 2419 16 29 1 1 0.2228 0.6728 149 177
33-0-1-0.05-50-0 0 2419 43 45 19 1 0.8316 0.3816 123 173
33-0-1-0.05-50-0 0 2420 46 43 10 18 0.3451 0.8316 327 123
33-0-1-0.05-50-0 0 2420 24 16 22 1 0.1940 0.2228 254 149
33-0-1-0.05-50-0 0 2421 43 24 18 22 0.8316 0.1940 123 254
33-0-1-0.05-50-0 0 2421 46 24 11 21 0.3451 0.1940 327 254
33-0-1-0.05-50-0 0 2422 12 46 14 11 0.1896 0.3451 325 327
33-0-1-0.05-50-0 0 2422 24 42 19 3 0.1940 0.7447 254 106
33-0-1-0.05-50-0 0 2423 30 6 4 2 0.6008 0.4266 266 249
33-0-1-0.05-50-0 0 2423 28 24 2 20 0.3846 0.1940 311 254
33-0-1-0.05-50-0 0 2424 43 12 22 16 0.8316 0.1896 123 325
33-0-1-0.05-50-0 0 2424 28 19 2 2 0.3846 0.8072 311 134
33-0-1-0.05-50-0 0 2425 12 43 14 23 0.1896 0.8316 325 123
33-0-1-0.05-50-0 0 2425 33 24 4 20 0.6893 0.1940 191 254
33-0-1-0.05-50-0 0 2426 44 24 4 20 0.7034 0.1940 118 254
33-0-1-0.05-50-0 0 2426 10 30 9 4 0.2533 0.6008 449 266
33-0-1-0.05-50-0 0 2427 48 10 4 9 0.1153 0.2533 334 449
33-0-1-0.05-50-0 0 2427 36 23 7 7 0.8162 0.1698 165 476
33-0-1-0.05-50-0 0 2428 43 46 23 11 0.8316 0.3451 123 327
33-0-1-0.05-50-0 0 2428 43 33 23 4 0.8316 0.6893 123 191
33-0-1-0.05-50-0 0 2429 43 23 24 6 0.8316 0.1698 123 476
33-0-1-0.05-50-0 0 2429 7 46 12 10 0.9267 0.3451 106 327
33-0-1-0.05-50-0 0 2430 36 34 7 2 0.8162 0.7448 165 168
33-0-1-0.05-50-0 0 2430 19 46 1 9 0.8072 0.3451 134 327
33-0-1-0.05-50-0 0 2431 46 24 7 15 0.3451 0.1940 327 254
33-0-1-0.05-50-0 0 2431 7 12 12 14 0.9267 0.1896 106 325
33-0-1-0.05-50-0 0 2432 10 10 10 10 0.2533 0.2533 449 449
33-0-1-0.05-50-0 0 2432 12 7 14 13 0.1896 0.9267 325 106
33-0-1-0.05-50-0 0 2433 32 12 1 14 0.6514 0.1896 215 325
33-0-1-0.05-50-0 0 2433 43 12 26 13 0.8316 0.1896 123 325
33-0-1-0.05-50-0 0 2434 21 36 1 8 0.4184 0.8162 158 165
33-0-1-0.05-50-0 0 2434 1 12 3 13 0.2520 0.1896 409 325
33-0-1-0.05-50-0 0 2435 12 23 12 5 0.1896 0.1698 325 476
33-0-1-0.05-50-0 0 2435 19 12 4 12 0.8072 0.1896 134 325
33-0-1-0.05-50-0 0 2436 24 46 16 4 0.1940 0.3451 254 327
33-0-1-0.05-50-0 0 2436 6 12 2 11 0.4266 0.1896 249 325
33-0-1-0.05-50-0 0 2437 44 26 5 3 0.7034 0.8171 118 141
33-0-1-0.05-50-0 0 2437 7 7 10 10 0.9267 0.9267 106 106
33-0-1-0.05-50-0 0 2438 32 43 2 26 0.6514 0.8316 215 123
33-0-1-0.05-50-0 0 2438 42 33 2 4 0.7447 0.6893 106 191
33-0-1-0.05-50-0 0 2439 43 10 25 9 0.8316 0.2533 123 449
33-0-1-0.05-50-0 0 2439 17 43 2 25 0.6398 0.8316 197 123
33-0-1-0.05-50-0 0 2440 12 24 12 20 0.1896 0.1940 325 254
33-0-1-0.05-50-0 0 2440 43 12 23 12 0.8316 0.1896 123 325
33-0-1-0.05-50-0 0 2441 2 43 2 22 0.8198 0.8316 167 123
33-0-1-0.05-50-0 0 2441 17 43 2 21 0.6398 0.8316 197 123
33-0-1-0.05-50-0 0 2442 24 24 18 18 0.1940 0.1940 254 254
33-0-1-0.05-50-0 0 2442 28 24 5 17 0.3846 0.1940 311 254
33-0-1-0.05-50-0 0 2443 43 12 20 12 0.8316 0.1896 123 325
33-0-1-0.05-50-0 0 2443 46 12 4 11 0.3451 0.1896 327 325
33-0-1-0.05-50-0 0 2444 25 7 2 11 0.9430 0.9267 125 106
33-0-1-0.05-50-0 0 2444 18 1 1 4 0.2181 0.2520 226 409
33-0-1-0.05-50-0 0 2445 7 19 10 5 0.9267 0.8072 106 134
33-0-1-0.05-50-0 0 2445 12 7 10 10 0.1896 0.9267 325 106
33-0-1-0.05-50-0 0 2446 46 28 5 5 0.3451 0.3846 327 311
33-0-1-0.05-50-0 0 2446 43 24 21 15 0.8316 0.1940 123 254
33-0-1-0.05-50-0 0 2447 12 7 11 10 0.1896 0.9267 325 106
33-0-1-0.05-50-0 0 2447 36 24 6 14 0.8162 0.1940 165 254
33-0-1-0.05-50-0 0 2448 43 12 23 12 0.8316 0.1896 123 325
33-0-1-0.05-50-0 0 2448 36 43 5 23 0.8162 0.8316 165 123
33-0-1-0.05-50-0 0 2449 24 24 11 11 0.1940 0.1940 254 254
33-0-1-0.05-50-0 0 2449 24 19 10 5 0.1940 0.8072 254 134
33-0-1-0.05-50-0 0 2450 19 26 4 3 0.8072 0.8171 134 141
33-0-1-0.05-50-0 0 2450 34 25 1 2 0.7448 0.9430 168 125
33-0-1-0.05-50-0 0 2451 23 33 3 3 0.1698 0.6893 476 191
33-0-1-0.05-50-0 0 2451 7 46 7 5 0.9267 0.3451 106 327
33-0-1-0.05-50-0 0 2452 15 18 1 3 0.7918 0.2181 149 226
33-0-1-0.05-50-0 0 2452 46 7 4 7 0.3451 0.9267 327 106
33-0-1-0.05-50-0 0 2453 40 30 1 5 0.9739 0.6008 104 266
33-0-1-0.05-50-0 0 2453 28 19 4 5 0.3846 0.8072 311 134
33-0-1-0.05-50-0 0 2454 43 36 17 5 0.8316 0.8162 123 165
33-0-1-0.05-50-0 0 2454 28 12 4 11 0.3846 0.1896 311 325
33-0-1-0.05-50-0 0 2455 47 19 3 5 0.9293 0.8072 103 134
33-0-1-0.05-50-0 0 2455 43 9 16 4 0.8316 0.6134 123 161
33-0-1-0.05-50-0 0 2456 46 19 4 4 0.3451 0.8072 327 134
33-0-1-0.05-50-0 0 2456 42 12 2 9 0.7447 0.1896 106 325
33-0-1-0.05-50-0 0 2457 43 10 19 9 0.8316 0.2533 123 449
33-0-1-0.05-50-0 0 2457 19 47 3 3 0.8072 0.9293 134 103
33-0-1-0.05-50-0 0 2458 30 28 6 5 0.6008 0.3846 266 311
33-0-1-0.05-50-0 0 2458 44 4 5 3 0.7034 0.0723 118 351
33-0-1-0.05-50-0 0 2459 23 43 7 20 0.1698 0.8316 476 123
33-0-1-0.05-50-0 0 2459 24 7 12 7 0.1940 0.9267 254 106
33-0-1-0.05-50-0 0 2460 21 7 3 6 0.4184 0.9267 158 106
33-0-1-0.05-50-0 0 2460 10 24 8 12 0.2533 0.1940 449 254
33-0-1-0.05-50-0 0 2461 10 21 8 2 0.2533 0.4184 449 158
33-0-1-0.05-50-0 0 2461 24 26 11 2 0.1940 0.8171 254 141
33-0-1-0.05-50-0 0 2462 10 30 9 5 0.2533 0.6008 449 266
33-0-1-0.05-50-0 0 2462 7 10 6 9 0.9267 0.2533 106 449
33-0-1-0.05-50-0 0 2463 42 23 1 6 0.7447 0.1698 106 476
33-0-1-0.05-50-0 0 2463 7 7 6 6 0.9267 0.9267 106 106
33-0-1-0.05-50-0 0 2464 10 2 9 4 0.2533 0.8198 449 167
33-0-1-0.05-50-0 0 2464 45 47 3 2 0.3816 0.9293 173 103
33-0-1-0.05-50-0 0 2465 40 10 1 9 0.9739 0.2533 104 449
33-0-1-0.05-50-0 0 2465 10 1 8 2 0.2533 0.2520 449 409
33-0-1-0.05-50-0 0 2466 24 19 11 2 0.1940 0.8072 254 134
33-0-1-0.05-50-0 0 2466 7 24 5 11 0.9267 0.1940 106 254
33-0-1-0.05-50-0 0 2467 29 43 1 15 0.6728 0.8316 177 123
33-0-1-0.05-50-0 0 2467 2 14 3 2 0.8198 0.8451 167 105
33-0-1-0.05-50-0 0 2468 21 43 3 14 0.4184 0.8316 158 123
33-0-1-0.05-50-0 0 2468 43 7 13 7 0.8316 0.9267 123 106
33-0-1-0.05-50-0 0 2469 41 7 2 6 0.9621 0.9267 105 106
33-0-1-0.05-50-0 0 2469 43 43 13 13 0.8316 0.8316 123 123
33-0-1-0.05-50-0 0 2470 18 10 1 7 0.2181 0.2533 226 449
33-0-1-0.05-50-0 0 2470 9 30 3 5 0.6134 0.6008 161 266
33-0-1-0.05-50-0 0 2471 37 21 1 3 0.8481 0.4184 127 158
33-0-1-0.05-50-0 0 2471 49 34 1 2 0.1842 0.7448 136 168
33-0-1-0.05-50-0 0 2472 24 2 14 6 0.1940 0.8198 254 167
33-0-1-0.05-50-0 0 2472 35 42 1 1 0.0354 0.7447 158 106
33-0-1-0.05-50-0 0 2473 32 12 4 6 0.6514 0.1896 215 325
33-0-1-0.05-50-0 0 2473 43 12 11 5 0.8316 0.1896 123 325
33-0-1-0.05-50-0 0 2474 44 2 1 5 0.7034 0.8198 118 167
33-0-1-0.05-50-0 0 2474 4 21 3 1 0.0723 0.4184 351 158
33-0-1-0.05-50-0 0 2475 5 32 4 5 0.0007 0.6514 226 215
33-0-1-0.05-50-0 0 2475 28 43 5 11 0.3846 0.8316 311 123
33-0-1-0.05-50-0 0 2476 24 15 12 1 0.1940 0.7918 254 149
33-0-1-0.05-50-0 0 2476 24 18 12 2 0.1940 0.2181 254 226
33-0-1-0.05-50-0 0 2477 43 14 11 1 0.8316 0.8451 123 105
33-0-1-0.05-50-0 0 2477 45 19 3 2 0.3816 0.8072 173 134
33-0-1-0.05-50-0 0 2478 7 43 2 11 0.9267 0.8316 106 123
33-0-1-0.05-50-0 0 2478 22 33 1 2 0.0160 0.6893 311 191
33-0-1-0.05-50-0 0 2479 36 43 2 9 0.8162 0.8316 165 123
33-0-1-0.05-50-0 0 2479 50 32 1 7 0.2147 0.6514 147 215
33-0-1-0.05-50-0 0 2480 43 30 7 5 0.8316 0.6008 123 266
33-0-1-0.05-50-0 0 2480 2 24 3 12 0.8198 0.1940 167 254
33-0-1-0.05-50-0 0 2481 47 48 2 5 0.9293 0.1153 103 334
33-0-1-0.05-50-0 0 2481 10 48 9 4 0.2533 0.1153 449 334
33-0-1-0.05-50-0 0 2482 32 32 8 8 0.6514 0.6514 215 215
33-0-1-0.05-50-0 0 2482 10 43 8 7 0.2533 0.8316 449 123
33-0-1-0.05-50-0 0 2483 32 17 8 4 0.6514 0.6398 215 197
33-0-1-0.05-50-0 0 2483 24 30 12 5 0.1940 0.6008 254 266
33-0-1-0.05-50-0 0 2484 4 28 2 7 0.0723 0.3846 351 311
33-0-1-0.05-50-0 0 2484 32 43 9 7 0.6514 0.8316 215 123
33-0-1-0.05-50-0 0 2485 28 5 7 7 0.3846 0.0007 311 226
33-0-1-0.05-50-0 0 2485 5 43 6 6 0.0007 0.8316 226 123
33-0-1-0.05-50-0 0 2486 10 12 10 4 0.2533 0.1896 449 325
33-0-1-0.05-50-0 0 2486 24 19 11 2 0.1940 0.8072 254 134
33-0-1-0.05-50-0 0 2487 48 44 2 1 0.1153 0.7034 334 118
33-0-1-0.05-50-0 0 2487 10 24 10 11 0.2533 0.1940 449 254
33-0-1-0.05-50-0 0 2488 45 5 2 8 0.3816 0.0007 173 226
33-0-1-0.05-50-0 0 2488 31 19 1 1 0.5626 0.8072 252 134
33-0-1-0.05-50-0 0 2489 17 10 5 9 0.6398 0.2533 197 449
33-0-1-0.05-50-0 0 2489 32 12 9 3 0.6514 0.1896 215 325
33-0-1-0.05-50-0 0 2490 23 28 6 8 0.1698 0.3846 476 311
33-0-1-0.05-50-0 0 2490 9 17 3 5 0.6134 0.6398 161 197
33-0-1-0.05-50-0 0 2491 40 37 3 5 0.9739 0.8481 104 127
33-0-1-0.05-50-0 0 2491 5 50 7 2 0.0007 0.2147 226 147
33-0-1-0.05-50-0 0 2492 24 36 12 4 0.1940 0.8162 254 165
33-0-1-0.05-50-0 0 2492 47 24 2 12 0.9293 0.1940 103 254
33-0-1-0.05-50-0 0 2493 23 32 6 7 0.1698 0.6514 476 215
33-0-1-0.05-50-0 0 2493 48 22 2 3 0.1153 0.0160 334 311
33-0-1-0.05-50-0 0 2494 10 9 8 4 0.2533 0.6134 449 161
33-0-1-0.05-50-0 0 2494 1 24 6 10 0.2520 0.1940 409 254
33-0-1-0.05-50-0 0 2495 10 7 8 3 0.2533 0.9267 449 106
33-0-1-0.05-50-0 0 2495 24 43 10 4 0.1940 0.8316 254 123
33-0-1-0.05-50-0 0 2496 28 23 8 6 0.3846 0.1698 311 476
33-0-1-0.05-50-0 0 2496 43 23 2 5 0.8316 0.1698 123 476
33-0-1-0.05-50-0 0 2497 40 29 3 5 0.9739 0.6728 104 177
33-0-1-0.05-50-0 0 2497 29 29 4 4 0.6728 0.6728 177 177
33-0-1-0.05-50-0 0 2498 36 28 4 9 0.8162 0.3846 165 311
33-0-1-0.05-50-0 0 2498 5 24 8 8 0.0007 0.1940 226 254
33-0-1-0.05-50-0 0 2499 1 19 6 3 0.2520 0.8072 409 134
33-0-1-0.05-50-0 0 2499 17 36 3 5 0.6398 0.8162 197 165
33-0-1-0.05-50-0 0 2500 44 28 1 9 0.7034 0.3846 118 311
33-0-1-0.05-50-0 0 2500 32 5 7 8 0.6514 0.0007 215 226
