330-0-1-0.05-50-0 0 2302 22 42 7 7 0.0160 0.7447 311 106
330-0-1-0.05-50-0 0 2302 29 45 1 2 0.6728 0.3816 177 173
330-0-1-0.05-50-0 0 2303 11 15 7 4 0.0504 0.7918 384 149
330-0-1-0.05-50-0 0 2303 21 11 4 7 0.4184 0.0504 158 384
330-0-1-0.05-50-0 0 2304 46 44 9 3 0.3451 0.7034 327 118
330-0-1-0.05-50-0 0 2304 11 21 7 4 0.0504 0.4184 384 158
330-0-1-0.05-50-0 0 2305 49 14 1 9 0.1842 0.8451 136 105
330-0-1-0.05-50-0 0 2305 36 22 3 7 0.8162 0.0160 165 311
330-0-1-0.05-50-0 0 2306 46 8 10 1 0.3451 0.2506 327 303
330-0-1-0.05-50-0 0 2306 38 13 4 4 0.6163 0.8878 270 151
330-0-1-0.05-50-0 0 2307 10 14 4 9 0.2533 0.8451 449 105
330-0-1-0.05-50-0 0 2307 44 14 3 8 0.7034 0.8451 118 105
330-0-1-0.05-50-0 0 2308 46 15 11 2 0.3451 0.7918 327 149
330-0-1-0.05-50-0 0 2308 12 46 3 11 0.1896 0.3451 325 327
330-0-1-0.05-50-0 0 2309 38 44 5 4 0.6163 0.7034 270 118
330-0-1-0.05-50-0 0 2309 42 14 8 8 0.7447 0.8451 106 105
330-0-1-0.05-50-0 0 2310 9 11 2 6 0.6134 0.0504 161 384
330-0-1-0.05-50-0 0 2310 50 49 6 2 0.2147 0.1842 147 136
330-0-1-0.05-50-0 0 2311 38 2 6 17 0.6163 0.8198 270 167
330-0-1-0.05-50-0 0 2311 9 10 1 4 0.6134 0.2533 161 449
330-0-1-0.05-50-0 0 2312 9 25 1 1 0.6134 0.9430 161 125
330-0-1-0.05-50-0 0 2312 38 50 6 7 0.6163 0.2147 270 147
330-0-1-0.05-50-0 0 2313 38 22 6 4 0.6163 0.0160 270 311
330-0-1-0.05-50-0 0 2313 21 11 3 6 0.4184 0.0504 158 384
330-0-1-0.05-50-0 0 2314 38 46 7 11 0.6163 0.3451 270 327
330-0-1-0.05-50-0 0 2314 2 13 14 3 0.8198 0.8878 167 151
330-0-1-0.05-50-0 0 2315 47 2 2 14 0.9293 0.8198 103 167
330-0-1-0.05-50-0 0 2316 46 46 12 12 0.3451 0.3451 327 327
330-0-1-0.05-50-0 0 2316 37 10 1 4 0.8481 0.2533 127 449
330-0-1-0.05-50-0 0 2317 42 10 5 3 0.7447 0.2533 106 449
330-0-1-0.05-50-0 0 2317 34 38 2 7 0.7448 0.6163 168 270
330-0-1-0.05-50-0 0 2318 2 44 13 4 0.8198 0.7034 167 118
330-0-1-0.05-50-0 0 2318 12 46 6 12 0.1896 0.3451 325 327
330-0-1-0.05-50-0 0 2319 12 14 7 10 0.1896 0.8451 325 105
330-0-1-0.05-50-0 0 2319 9 11 1 6 0.6134 0.0504 161 384
330-0-1-0.05-50-0 0 2320 50 36 2 3 0.2147 0.8162 147 165
330-0-1-0.05-50-0 0 2320 5 2 4 14 0.0007 0.8198 226 167
330-0-1-0.05-50-0 0 2321 2 29 14 1 0.8198 0.6728 167 177
330-0-1-0.05-50-0 0 2321 42 12 5 7 0.7447 0.1896 106 325
330-0-1-0.05-50-0 0 2322 11 15 5 2 0.0504 0.7918 384 149
330-0-1-0.05-50-0 0 2323 21 2 3 15 0.4184 0.8198 158 167
330-0-1-0.05-50-0 0 2323 2 46 14 12 0.8198 0.3451 167 327
330-0-1-0.05-50-0 0 2324 14 18 11 1 0.8451 0.2181 105 226
330-0-1-0.05-50-0 0 2325 2 46 15 12 0.8198 0.3451 167 327
330-0-1-0.05-50-0 0 2325 12 42 6 6 0.1896 0.7447 325 106
330-0-1-0.05-50-0 0 2326 22 36 3 3 0.0160 0.8162 311 165
330-0-1-0.05-50-0 0 2326 46 47 10 2 0.3451 0.9293 327 103
330-0-1-0.05-50-0 0 2327 39 4 1 1 0.2187 0.0723 309 351
330-0-1-0.05-50-0 0 2327 2 5 18 6 0.8198 0.0007 167 226
330-0-1-0.05-50-0 0 2328 12 46 5 8 0.1896 0.3451 325 327
330-0-1-0.05-50-0 0 2328 2 39 17 1 0.8198 0.2187 167 309
330-0-1-0.05-50-0 0 2329 15 22 1 5 0.7918 0.0160 149 311
330-0-1-0.05-50-0 0 2329 34 46 2 6 0.7448 0.3451 168 327
330-0-1-0.05-50-0 0 2330 49 36 1 2 0.1842 0.8162 136 165
330-0-1-0.05-50-0 0 2331 13 35 5 4 0.8878 0.0354 151 158
330-0-1-0.05-50-0 0 2332 5 33 6 4 0.0007 0.6893 226 191
330-0-1-0.05-50-0 0 2333 5 35 6 5 0.0007 0.0354 226 158
330-0-1-0.05-50-0 0 2334 14 46 9 6 0.8451 0.3451 105 327
330-0-1-0.05-50-0 0 2335 47 2 1 18 0.9293 0.8198 103 167
330-0-1-0.05-50-0 0 2336 2 22 18 5 0.8198 0.0160 167 311
330-0-1-0.05-50-0 0 2336 28 35 4 6 0.3846 0.0354 311 158
330-0-1-0.05-50-0 0 2337 46 2 6 20 0.3451 0.8198 327 167
330-0-1-0.05-50-0 0 2337 35 22 5 4 0.0354 0.0160 158 311
330-0-1-0.05-50-0 0 2338 44 9 1 2 0.7034 0.6134 118 161
330-0-1-0.05-50-0 0 2338 14 1 9 1 0.8451 0.2520 105 409
330-0-1-0.05-50-0 0 2339 5 2 6 17 0.0007 0.8198 226 167
330-0-1-0.05-50-0 0 2340 41 3 1 3 0.9621 0.4813 105 321
330-0-1-0.05-50-0 0 2341 12 33 7 4 0.1896 0.6893 325 191
330-0-1-0.05-50-0 0 2341 23 5 2 6 0.1698 0.0007 476 226
330-0-1-0.05-50-0 0 2342 38 14 5 8 0.6163 0.8451 270 105
330-0-1-0.05-50-0 0 2342 21 42 5 4 0.4184 0.7447 158 106
330-0-1-0.05-50-0 0 2343 5 2 5 19 0.0007 0.8198 226 167
330-0-1-0.05-50-0 0 2343 36 21 3 6 0.8162 0.4184 165 158
330-0-1-0.05-50-0 0 2344 2 2 18 18 0.8198 0.8198 167 167
330-0-1-0.05-50-0 0 2344 2 9 17 4 0.8198 0.6134 167 161
330-0-1-0.05-50-0 0 2345 14 22 8 5 0.8451 0.0160 105 311
330-0-1-0.05-50-0 0 2345 21 38 5 5 0.4184 0.6163 158 270
330-0-1-0.05-50-0 0 2346 38 12 4 8 0.6163 0.1896 270 325
330-0-1-0.05-50-0 0 2347 38 42 4 4 0.6163 0.7447 270 106
330-0-1-0.05-50-0 0 2348 12 44 7 3 0.1896 0.7034 325 118
330-0-1-0.05-50-0 0 2349 25 41 1 1 0.9430 0.9621 125 105
330-0-1-0.05-50-0 0 2350 22 14 5 7 0.0160 0.8451 311 105
330-0-1-0.05-50-0 0 2351 22 36 5 9 0.0160 0.8162 311 165
330-0-1-0.05-50-0 0 2351 2 13 15 7 0.8198 0.8878 167 151
330-0-1-0.05-50-0 0 2352 21 3 5 6 0.4184 0.4813 158 321
330-0-1-0.05-50-0 0 2352 36 12 8 9 0.8162 0.1896 165 325
330-0-1-0.05-50-0 0 2353 22 2 4 18 0.0160 0.8198 311 167
330-0-1-0.05-50-0 0 2353 49 46 1 6 0.1842 0.3451 136 327
330-0-1-0.05-50-0 0 2354 42 17 4 2 0.7447 0.6398 106 197
330-0-1-0.05-50-0 0 2354 2 38 17 5 0.8198 0.6163 167 270
330-0-1-0.05-50-0 0 2355 25 33 2 3 0.9430 0.6893 125 191
330-0-1-0.05-50-0 0 2356 46 22 6 4 0.3451 0.0160 327 311
330-0-1-0.05-50-0 0 2356 12 2 8 15 0.1896 0.8198 325 167
330-0-1-0.05-50-0 0 2357 2 12 15 9 0.8198 0.1896 167 325
330-0-1-0.05-50-0 0 2357 3 12 6 8 0.4813 0.1896 321 325
330-0-1-0.05-50-0 0 2358 28 38 1 4 0.3846 0.6163 311 270
330-0-1-0.05-50-0 0 2358 14 46 7 8 0.8451 0.3451 105 327
330-0-1-0.05-50-0 0 2359 46 38 6 3 0.3451 0.6163 327 270
330-0-1-0.05-50-0 0 2359 2 3 15 6 0.8198 0.4813 167 321
330-0-1-0.05-50-0 0 2360 2 36 15 13 0.8198 0.8162 167 165
330-0-1-0.05-50-0 0 2360 21 12 5 5 0.4184 0.1896 158 325
330-0-1-0.05-50-0 0 2361 46 14 6 5 0.3451 0.8451 327 105
330-0-1-0.05-50-0 0 2361 2 45 16 2 0.8198 0.3816 167 173
330-0-1-0.05-50-0 0 2362 42 38 4 2 0.7447 0.6163 106 270
330-0-1-0.05-50-0 0 2362 17 25 6 2 0.6398 0.9430 197 125
330-0-1-0.05-50-0 0 2363 13 2 3 15 0.8878 0.8198 151 167
330-0-1-0.05-50-0 0 2363 9 5 3 4 0.6134 0.0007 161 226
330-0-1-0.05-50-0 0 2364 17 28 6 1 0.6398 0.3846 197 311
330-0-1-0.05-50-0 0 2364 17 12 6 6 0.6398 0.1896 197 325
330-0-1-0.05-50-0 0 2365 36 10 13 1 0.8162 0.2533 165 449
330-0-1-0.05-50-0 0 2365 5 9 3 4 0.0007 0.6134 226 161
330-0-1-0.05-50-0 0 2366 2 17 13 8 0.8198 0.6398 167 197
330-0-1-0.05-50-0 0 2366 2 12 13 5 0.8198 0.1896 167 325
330-0-1-0.05-50-0 0 2367 35 45 8 1 0.0354 0.3816 158 173
330-0-1-0.05-50-0 0 2367 36 22 15 5 0.8162 0.0160 165 311
330-0-1-0.05-50-0 0 2368 2 36 14 14 0.8198 0.8162 167 165
330-0-1-0.05-50-0 0 2368 36 46 13 8 0.8162 0.3451 165 327
330-0-1-0.05-50-0 0 2369 38 35 2 8 0.6163 0.0354 270 158
330-0-1-0.05-50-0 0 2369 36 14 14 4 0.8162 0.8451 165 105
330-0-1-0.05-50-0 0 2370 12 23 3 2 0.1896 0.1698 325 476
330-0-1-0.05-50-0 0 2370 35 2 6 16 0.0354 0.8198 158 167
330-0-1-0.05-50-0 0 2371 21 36 8 15 0.4184 0.8162 158 165
330-0-1-0.05-50-0 0 2371 2 5 15 4 0.8198 0.0007 167 226
330-0-1-0.05-50-0 0 2372 34 36 5 15 0.7448 0.8162 168 165
330-0-1-0.05-50-0 0 2372 34 2 5 15 0.7448 0.8198 168 167
330-0-1-0.05-50-0 0 2373 2 2 15 15 0.8198 0.8198 167 167
330-0-1-0.05-50-0 0 2373 16 36 1 16 0.2228 0.8162 149 165
330-0-1-0.05-50-0 0 2374 3 2 4 13 0.4813 0.8198 321 167
330-0-1-0.05-50-0 0 2374 36 14 16 3 0.8162 0.8451 165 105
330-0-1-0.05-50-0 0 2375 2 38 11 3 0.8198 0.6163 167 270
330-0-1-0.05-50-0 0 2375 2 6 11 2 0.8198 0.4266 167 249
330-0-1-0.05-50-0 0 2376 17 3 11 4 0.6398 0.4813 197 321
330-0-1-0.05-50-0 0 2376 21 2 10 10 0.4184 0.8198 158 167
330-0-1-0.05-50-0 0 2377 33 36 3 18 0.6893 0.8162 191 165
330-0-1-0.05-50-0 0 2377 2 36 10 17 0.8198 0.8162 167 165
330-0-1-0.05-50-0 0 2378 2 5 9 3 0.8198 0.0007 167 226
330-0-1-0.05-50-0 0 2378 17 13 13 5 0.6398 0.8878 197 151
330-0-1-0.05-50-0 0 2379 2 35 9 5 0.8198 0.0354 167 158
330-0-1-0.05-50-0 0 2379 33 41 3 4 0.6893 0.9621 191 105
330-0-1-0.05-50-0 0 2380 21 36 7 15 0.4184 0.8162 158 165
330-0-1-0.05-50-0 0 2380 22 8 3 2 0.0160 0.2506 311 303
330-0-1-0.05-50-0 0 2381 36 42 16 5 0.8162 0.7447 165 106
330-0-1-0.05-50-0 0 2381 34 9 5 7 0.7448 0.6134 168 161
330-0-1-0.05-50-0 0 2382 34 3 5 3 0.7448 0.4813 168 321
330-0-1-0.05-50-0 0 2382 9 36 6 15 0.6134 0.8162 161 165
330-0-1-0.05-50-0 0 2383 36 36 13 13 0.8162 0.8162 165 165
330-0-1-0.05-50-0 0 2383 34 33 5 3 0.7448 0.6893 168 191
330-0-1-0.05-50-0 0 2384 36 29 12 2 0.8162 0.6728 165 177
330-0-1-0.05-50-0 0 2384 2 9 12 6 0.8198 0.6134 167 161
330-0-1-0.05-50-0 0 2385 36 36 13 13 0.8162 0.8162 165 165
330-0-1-0.05-50-0 0 2385 16 22 1 2 0.2228 0.0160 149 311
330-0-1-0.05-50-0 0 2386 21 39 5 2 0.4184 0.2187 158 309
330-0-1-0.05-50-0 0 2386 22 35 1 8 0.0160 0.0354 311 158
330-0-1-0.05-50-0 0 2387 34 17 6 14 0.7448 0.6398 168 197
330-0-1-0.05-50-0 0 2387 3 16 2 1 0.4813 0.2228 321 149
330-0-1-0.05-50-0 0 2388 8 13 3 6 0.2506 0.8878 303 151
330-0-1-0.05-50-0 0 2388 36 36 11 11 0.8162 0.8162 165 165
330-0-1-0.05-50-0 0 2389 42 38 3 1 0.7447 0.6163 106 270
330-0-1-0.05-50-0 0 2389 9 9 8 8 0.6134 0.6134 161 161
330-0-1-0.05-50-0 0 2390 17 17 15 15 0.6398 0.6398 197 197
330-0-1-0.05-50-0 0 2390 36 35 10 8 0.8162 0.0354 165 158
330-0-1-0.05-50-0 0 2391 17 21 14 5 0.6398 0.4184 197 158
330-0-1-0.05-50-0 0 2391 35 35 7 7 0.0354 0.0354 158 158
330-0-1-0.05-50-0 0 2392 2 2 9 9 0.8198 0.8198 167 167
330-0-1-0.05-50-0 0 2392 4 17 4 14 0.0723 0.6398 351 197
330-0-1-0.05-50-0 0 2393 4 9 5 10 0.0723 0.6134 351 161
330-0-1-0.05-50-0 0 2393 25 17 1 12 0.9430 0.6398 125 197
330-0-1-0.05-50-0 0 2394 13 17 8 11 0.8878 0.6398 151 197
330-0-1-0.05-50-0 0 2394 17 35 10 6 0.6398 0.0354 197 158
330-0-1-0.05-50-0 0 2395 17 2 10 7 0.6398 0.8198 197 167
330-0-1-0.05-50-0 0 2395 46 36 5 8 0.3451 0.8162 327 165
330-0-1-0.05-50-0 0 2396 2 42 4 4 0.8198 0.7447 167 106
330-0-1-0.05-50-0 0 2397 17 18 11 1 0.6398 0.2181 197 226
330-0-1-0.05-50-0 0 2397 8 13 3 9 0.2506 0.8878 303 151
330-0-1-0.05-50-0 0 2398 8 34 2 6 0.2506 0.7448 303 168
330-0-1-0.05-50-0 0 2399 6 6 10 10 0.4266 0.4266 249 249
330-0-1-0.05-50-0 0 2399 36 34 9 5 0.8162 0.7448 165 168
330-0-1-0.05-50-0 0 2400 13 8 10 3 0.8878 0.2506 151 303
330-0-1-0.05-50-0 0 2400 23 9 4 7 0.1698 0.6134 476 161
330-0-1-0.05-50-0 0 2401 4 6 5 8 0.0723 0.4266 351 249
330-0-1-0.05-50-0 0 2401 36 6 10 7 0.8162 0.4266 165 249
330-0-1-0.05-50-0 0 2402 10 10 2 2 0.2533 0.2533 449 449
330-0-1-0.05-50-0 0 2402 13 9 11 6 0.8878 0.6134 151 161
330-0-1-0.05-50-0 0 2403 36 3 11 2 0.8162 0.4813 165 321
330-0-1-0.05-50-0 0 2403 43 12 2 2 0.8316 0.1896 123 325
330-0-1-0.05-50-0 0 2404 13 10 10 1 0.8878 0.2533 151 449
330-0-1-0.05-50-0 0 2404 8 9 2 6 0.2506 0.6134 303 161
330-0-1-0.05-50-0 0 2405 6 34 7 6 0.4266 0.7448 249 168
330-0-1-0.05-50-0 0 2405 21 34 2 5 0.4184 0.7448 158 168
330-0-1-0.05-50-0 0 2406 36 36 15 15 0.8162 0.8162 165 165
330-0-1-0.05-50-0 0 2406 13 17 9 8 0.8878 0.6398 151 197
330-0-1-0.05-50-0 0 2407 25 6 1 6 0.9430 0.4266 125 249
330-0-1-0.05-50-0 0 2408 35 36 5 12 0.0354 0.8162 158 165
330-0-1-0.05-50-0 0 2409 36 6 11 5 0.8162 0.4266 165 249
330-0-1-0.05-50-0 0 2410 22 17 3 11 0.0160 0.6398 311 197
330-0-1-0.05-50-0 0 2410 36 2 11 6 0.8162 0.8198 165 167
330-0-1-0.05-50-0 0 2411 24 20 6 1 0.1940 0.9922 254 102
330-0-1-0.05-50-0 0 2411 2 23 6 6 0.8198 0.1698 167 476
330-0-1-0.05-50-0 0 2412 9 46 6 5 0.6134 0.3451 161 327
330-0-1-0.05-50-0 0 2412 35 12 5 1 0.0354 0.1896 158 325
330-0-1-0.05-50-0 0 2413 13 4 11 8 0.8878 0.0723 151 351
330-0-1-0.05-50-0 0 2413 36 10 11 1 0.8162 0.2533 165 449
330-0-1-0.05-50-0 0 2414 24 36 6 9 0.1940 0.8162 254 165
330-0-1-0.05-50-0 0 2414 35 17 6 12 0.0354 0.6398 158 197
330-0-1-0.05-50-0 0 2415 39 22 3 5 0.2187 0.0160 309 311
330-0-1-0.05-50-0 0 2415 34 36 6 9 0.7448 0.8162 168 165
330-0-1-0.05-50-0 0 2416 23 24 3 5 0.1698 0.1940 476 254
330-0-1-0.05-50-0 0 2416 4 35 5 7 0.0723 0.0354 351 158
330-0-1-0.05-50-0 0 2417 46 13 3 11 0.3451 0.8878 327 151
330-0-1-0.05-50-0 0 2418 17 36 15 6 0.6398 0.8162 197 165
330-0-1-0.05-50-0 0 2419 42 24 4 5 0.7447 0.1940 106 254
330-0-1-0.05-50-0 0 2420 23 24 4 4 0.1698 0.1940 476 254
330-0-1-0.05-50-0 0 2421 35 35 11 11 0.0354 0.0354 158 158
330-0-1-0.05-50-0 0 2422 46 23 4 4 0.3451 0.1698 327 476
330-0-1-0.05-50-0 0 2423 23 13 3 7 0.1698 0.8878 476 151
330-0-1-0.05-50-0 0 2424 35 36 11 7 0.0354 0.8162 158 165
330-0-1-0.05-50-0 0 2425 17 35 12 12 0.6398 0.0354 197 158
330-0-1-0.05-50-0 0 2426 23 46 3 5 0.1698 0.3451 476 327
330-0-1-0.05-50-0 0 2427 36 35 6 12 0.8162 0.0354 165 158
330-0-1-0.05-50-0 0 2428 4 46 6 4 0.0723 0.3451 351 327
330-0-1-0.05-50-0 0 2429 9 17 5 17 0.6134 0.6398 161 197
330-0-1-0.05-50-0 0 2430 39 39 2 2 0.2187 0.2187 309 309
330-0-1-0.05-50-0 0 2431 6 13 3 6 0.4266 0.8878 249 151
330-0-1-0.05-50-0 0 2432 42 34 7 12 0.7447 0.7448 106 168
330-0-1-0.05-50-0 0 2432 4 9 6 5 0.0723 0.6134 351 161
330-0-1-0.05-50-0 0 2433 4 6 6 3 0.0723 0.4266 351 249
330-0-1-0.05-50-0 0 2433 17 17 21 21 0.6398 0.6398 197 197
330-0-1-0.05-50-0 0 2434 4 39 6 1 0.0723 0.2187 351 309
330-0-1-0.05-50-0 0 2435 34 48 10 1 0.7448 0.1153 168 334
330-0-1-0.05-50-0 0 2436 35 29 12 1 0.0354 0.6728 158 177
330-0-1-0.05-50-0 0 2436 42 23 8 4 0.7447 0.1698 106 476
330-0-1-0.05-50-0 0 2437 42 30 9 2 0.7447 0.6008 106 266
330-0-1-0.05-50-0 0 2437 7 9 1 4 0.9267 0.6134 106 161
330-0-1-0.05-50-0 0 2438 4 17 8 21 0.0723 0.6398 351 197
330-0-1-0.05-50-0 0 2438 13 23 7 4 0.8878 0.1698 151 476
330-0-1-0.05-50-0 0 2439 14 7 2 1 0.8451 0.9267 105 106
330-0-1-0.05-50-0 0 2439 17 17 19 19 0.6398 0.6398 197 197
330-0-1-0.05-50-0 0 2440 2 13 4 8 0.8198 0.8878 167 151
330-0-1-0.05-50-0 0 2440 35 10 13 1 0.0354 0.2533 158 449
330-0-1-0.05-50-0 0 2441 34 23 9 3 0.7448 0.1698 168 476
330-0-1-0.05-50-0 0 2441 6 2 3 5 0.4266 0.8198 249 167
330-0-1-0.05-50-0 0 2442 24 34 2 10 0.1940 0.7448 254 168
330-0-1-0.05-50-0 0 2442 35 13 10 8 0.0354 0.8878 158 151
330-0-1-0.05-50-0 0 2443 13 30 7 1 0.8878 0.6008 151 266
330-0-1-0.05-50-0 0 2443 36 17 9 17 0.8162 0.6398 165 197
330-0-1-0.05-50-0 0 2444 35 9 9 5 0.0354 0.6134 158 161
330-0-1-0.05-50-0 0 2444 36 35 9 9 0.8162 0.0354 165 158
330-0-1-0.05-50-0 0 2445 4 17 9 15 0.0723 0.6398 351 197
330-0-1-0.05-50-0 0 2445 4 17 9 14 0.0723 0.6398 351 197
330-0-1-0.05-50-0 0 2446 12 42 6 6 0.1896 0.7447 325 106
330-0-1-0.05-50-0 0 2446 24 36 5 10 0.1940 0.8162 254 165
330-0-1-0.05-50-0 0 2447 46 4 5 10 0.3451 0.0723 327 351
330-0-1-0.05-50-0 0 2447 21 41 1 1 0.4184 0.9621 158 105
330-0-1-0.05-50-0 0 2448 34 4 8 9 0.7448 0.0723 168 351
330-0-1-0.05-50-0 0 2448 6 12 4 7 0.4266 0.1896 249 325
330-0-1-0.05-50-0 0 2449 25 38 2 3 0.9430 0.6163 125 270
330-0-1-0.05-50-0 0 2449 35 35 10 10 0.0354 0.0354 158 158
330-0-1-0.05-50-0 0 2450 37 17 1 13 0.8481 0.6398 127 197
330-0-1-0.05-50-0 0 2450 24 4 5 10 0.1940 0.0723 254 351
330-0-1-0.05-50-0 0 2451 20 17 2 12 0.9922 0.6398 102 197
330-0-1-0.05-50-0 0 2451 14 12 3 8 0.8451 0.1896 105 325
330-0-1-0.05-50-0 0 2452 35 43 7 4 0.0354 0.8316 158 123
330-0-1-0.05-50-0 0 2452 17 13 11 11 0.6398 0.8878 197 151
330-0-1-0.05-50-0 0 2453 43 42 2 5 0.8316 0.7447 123 106
330-0-1-0.05-50-0 0 2453 49 36 2 10 0.1842 0.8162 136 165
330-0-1-0.05-50-0 0 2454 13 35 10 7 0.8878 0.0354 151 158
330-0-1-0.05-50-0 0 2454 35 36 6 9 0.0354 0.8162 158 165
330-0-1-0.05-50-0 0 2455 13 36 10 9 0.8878 0.8162 151 165
330-0-1-0.05-50-0 0 2455 36 12 8 8 0.8162 0.1896 165 325
330-0-1-0.05-50-0 0 2456 2 6 5 5 0.8198 0.4266 167 249
330-0-1-0.05-50-0 0 2456 34 6 8 4 0.7448 0.4266 168 249
330-0-1-0.05-50-0 0 2457 45 42 4 5 0.3816 0.7447 173 106
330-0-1-0.05-50-0 0 2457 35 2 6 5 0.0354 0.8198 158 167
330-0-1-0.05-50-0 0 2458 21 24 2 6 0.4184 0.1940 158 254
330-0-1-0.05-50-0 0 2458 34 25 11 5 0.7448 0.9430 168 125
330-0-1-0.05-50-0 0 2459 4 43 13 2 0.0723 0.8316 351 123
330-0-1-0.05-50-0 0 2459 45 24 4 5 0.3816 0.1940 173 254
330-0-1-0.05-50-0 0 2460 36 43 11 1 0.8162 0.8316 165 123
330-0-1-0.05-50-0 0 2460 13 45 8 4 0.8878 0.3816 151 173
330-0-1-0.05-50-0 0 2461 34 46 11 7 0.7448 0.3451 168 327
330-0-1-0.05-50-0 0 2461 13 36 9 11 0.8878 0.8162 151 165
330-0-1-0.05-50-0 0 2462 13 46 9 6 0.8878 0.3451 151 327
330-0-1-0.05-50-0 0 2462 17 2 14 4 0.6398 0.8198 197 167
330-0-1-0.05-50-0 0 2463 46 4 6 13 0.3451 0.0723 327 351
330-0-1-0.05-50-0 0 2463 35 24 7 7 0.0354 0.1940 158 254
330-0-1-0.05-50-0 0 2464 13 4 12 12 0.8878 0.0723 151 351
330-0-1-0.05-50-0 0 2464 26 36 1 9 0.8171 0.8162 141 165
330-0-1-0.05-50-0 0 2465 14 13 5 10 0.8451 0.8878 105 151
330-0-1-0.05-50-0 0 2465 19 14 3 5 0.8072 0.8451 134 105
330-0-1-0.05-50-0 0 2466 13 36 8 9 0.8878 0.8162 151 165
330-0-1-0.05-50-0 0 2466 6 34 5 12 0.4266 0.7448 249 168
330-0-1-0.05-50-0 0 2467 20 35 4 7 0.9922 0.0354 102 158
330-0-1-0.05-50-0 0 2467 2 25 4 4 0.8198 0.9430 167 125
330-0-1-0.05-50-0 0 2468 21 12 2 9 0.4184 0.1896 158 325
330-0-1-0.05-50-0 0 2468 13 4 6 9 0.8878 0.0723 151 351
330-0-1-0.05-50-0 0 2469 24 2 8 5 0.1940 0.8198 254 167
330-0-1-0.05-50-0 0 2469 36 38 8 3 0.8162 0.6163 165 270
330-0-1-0.05-50-0 0 2470 17 34 14 10 0.6398 0.7448 197 168
330-0-1-0.05-50-0 0 2470 46 36 3 7 0.3451 0.8162 327 165
330-0-1-0.05-50-0 0 2471 45 47 2 1 0.3816 0.9293 173 103
330-0-1-0.05-50-0 0 2471 4 34 8 10 0.0723 0.7448 351 168
330-0-1-0.05-50-0 0 2472 46 13 3 6 0.3451 0.8878 327 151
330-0-1-0.05-50-0 0 2472 24 36 10 6 0.1940 0.8162 254 165
330-0-1-0.05-50-0 0 2473 17 19 13 2 0.6398 0.8072 197 134
330-0-1-0.05-50-0 0 2473 42 34 4 8 0.7447 0.7448 106 168
330-0-1-0.05-50-0 0 2474 24 12 9 10 0.1940 0.1896 254 325
330-0-1-0.05-50-0 0 2474 36 19 6 1 0.8162 0.8072 165 134
330-0-1-0.05-50-0 0 2475 34 17 6 17 0.7448 0.6398 168 197
330-0-1-0.05-50-0 0 2475 6 17 3 16 0.4266 0.6398 249 197
330-0-1-0.05-50-0 0 2476 20 20 3 3 0.9922 0.9922 102 102
330-0-1-0.05-50-0 0 2476 12 36 9 6 0.1896 0.8162 325 165
330-0-1-0.05-50-0 0 2477 42 35 5 10 0.7447 0.0354 106 158
330-0-1-0.05-50-0 0 2477 36 6 6 2 0.8162 0.4266 165 249
330-0-1-0.05-50-0 0 2478 35 14 9 8 0.0354 0.8451 158 105
330-0-1-0.05-50-0 0 2478 17 49 15 6 0.6398 0.1842 197 136
330-0-1-0.05-50-0 0 2479 20 17 2 15 0.9922 0.6398 102 197
330-0-1-0.05-50-0 0 2479 35 38 9 2 0.0354 0.6163 158 270
330-0-1-0.05-50-0 0 2480 24 49 10 5 0.1940 0.1842 254 136
330-0-1-0.05-50-0 0 2480 34 17 6 14 0.7448 0.6398 168 197
330-0-1-0.05-50-0 0 2481 24 2 11 5 0.1940 0.8198 254 167
330-0-1-0.05-50-0 0 2481 2 24 4 11 0.8198 0.1940 167 254
330-0-1-0.05-50-0 0 2482 36 36 8 8 0.8162 0.8162 165 165
330-0-1-0.05-50-0 0 2482 17 34 13 7 0.6398 0.7448 197 168
330-0-1-0.05-50-0 0 2483 14 21 11 4 0.8451 0.4184 105 158
330-0-1-0.05-50-0 0 2483 45 12 5 7 0.3816 0.1896 173 325
330-0-1-0.05-50-0 0 2484 34 12 5 7 0.7448 0.1896 168 325
330-0-1-0.05-50-0 0 2484 17 24 15 9 0.6398 0.1940 197 254
330-0-1-0.05-50-0 0 2485 24 17 8 14 0.1940 0.6398 254 197
330-0-1-0.05-50-0 0 2485 24 17 8 13 0.1940 0.6398 254 197
330-0-1-0.05-50-0 0 2486 24 17 9 12 0.1940 0.6398 254 197
330-0-1-0.05-50-0 0 2486 4 25 8 8 0.0723 0.9430 351 125
330-0-1-0.05-50-0 0 2487 24 35 10 8 0.1940 0.0354 254 158
330-0-1-0.05-50-0 0 2487 34 17 5 11 0.7448 0.6398 168 197
330-0-1-0.05-50-0 0 2488 34 12 6 5 0.7448 0.1896 168 325
330-0-1-0.05-50-0 0 2488 24 9 10 1 0.1940 0.6134 254 161
330-0-1-0.05-50-0 0 2489 13 49 2 3 0.8878 0.1842 151 136
330-0-1-0.05-50-0 0 2489 44 21 3 2 0.7034 0.4184 118 158
330-0-1-0.05-50-0 0 2490 45 34 6 5 0.3816 0.7448 173 168
330-0-1-0.05-50-0 0 2490 13 4 2 8 0.8878 0.0723 151 351
330-0-1-0.05-50-0 0 2491 34 4 4 7 0.7448 0.0723 168 351
330-0-1-0.05-50-0 0 2491 36 45 6 7 0.8162 0.3816 165 173
330-0-1-0.05-50-0 0 2492 34 12 4 5 0.7448 0.1896 168 325
330-0-1-0.05-50-0 0 2492 19 25 1 10 0.8072 0.9430 134 125
330-0-1-0.05-50-0 0 2493 50 23 1 7 0.2147 0.1698 147 476
330-0-1-0.05-50-0 0 2493 46 49 13 2 0.3451 0.1842 327 136
330-0-1-0.05-50-0 0 2494 26 12 2 3 0.8171 0.1896 141 325
330-0-1-0.05-50-0 0 2494 18 35 2 5 0.2181 0.0354 226 158
330-0-1-0.05-50-0 0 2495 4 17 6 10 0.0723 0.6398 351 197
330-0-1-0.05-50-0 0 2495 17 2 9 9 0.6398 0.8198 197 167
330-0-1-0.05-50-0 0 2496 24 45 9 6 0.1940 0.3816 254 173
330-0-1-0.05-50-0 0 2496 26 17 2 11 0.8171 0.6398 141 197
330-0-1-0.05-50-0 0 2497 45 17 5 11 0.3816 0.6398 173 197
330-0-1-0.05-50-0 0 2497 2 4 8 6 0.8198 0.0723 167 351
330-0-1-0.05-50-0 0 2498 2 46 8 16 0.8198 0.3451 167 327
330-0-1-0.05-50-0 0 2498 46 24 15 9 0.3451 0.1940 327 254
330-0-1-0.05-50-0 0 2499 44 49 3 2 0.7034 0.1842 118 136
330-0-1-0.05-50-0 0 2499 24 25 8 9 0.1940 0.9430 254 125
330-0-1-0.05-50-0 0 2500 23 25 4 9 0.1698 0.9430 476 125
330-0-1-0.05-50-0 0 2500 28 17 2 9 0.3846 0.6398 311 197
