332-0-1-0.05-50-0 0 2302 1 22 5 2 0.2520 0.0160 409 311
332-0-1-0.05-50-0 0 2302 26 23 1 10 0.8171 0.1698 141 476
332-0-1-0.05-50-0 0 2303 49 3 4 5 0.1842 0.4813 136 321
332-0-1-0.05-50-0 0 2303 3 32 4 11 0.4813 0.6514 321 215
332-0-1-0.05-50-0 0 2304 32 11 11 8 0.6514 0.0504 215 384
332-0-1-0.05-50-0 0 2304 11 32 7 11 0.0504 0.6514 384 215
332-0-1-0.05-50-0 0 2305 15 13 3 3 0.7918 0.8878 149 151
332-0-1-0.05-50-0 0 2305 23 1 9 6 0.1698 0.2520 476 409
332-0-1-0.05-50-0 0 2306 30 24 6 10 0.6008 0.1940 266 254
332-0-1-0.05-50-0 0 2306 6 11 18 7 0.4266 0.0504 249 384
332-0-1-0.05-50-0 0 2307 32 21 9 5 0.6514 0.4184 215 158
332-0-1-0.05-50-0 0 2307 32 23 9 10 0.6514 0.1698 215 476
332-0-1-0.05-50-0 0 2308 30 23 6 11 0.6008 0.1698 266 476
332-0-1-0.05-50-0 0 2308 24 25 10 1 0.1940 0.9430 254 125
332-0-1-0.05-50-0 0 2309 15 3 3 4 0.7918 0.4813 149 321
332-0-1-0.05-50-0 0 2309 48 48 9 9 0.1153 0.1153 334 334
332-0-1-0.05-50-0 0 2310 23 32 11 10 0.1698 0.6514 476 215
332-0-1-0.05-50-0 0 2310 35 30 1 7 0.0354 0.6008 158 266
332-0-1-0.05-50-0 0 2311 6 34 24 3 0.4266 0.7448 249 168
332-0-1-0.05-50-0 0 2311 13 6 1 24 0.8878 0.4266 151 249
332-0-1-0.05-50-0 0 2312 32 18 10 3 0.6514 0.2181 215 226
332-0-1-0.05-50-0 0 2312 28 11 2 4 0.3846 0.0504 311 384
332-0-1-0.05-50-0 0 2313 32 23 10 13 0.6514 0.1698 215 476
332-0-1-0.05-50-0 0 2313 48 1 12 6 0.1153 0.2520 334 409
332-0-1-0.05-50-0 0 2314 24 48 11 12 0.1940 0.1153 254 334
332-0-1-0.05-50-0 0 2314 24 48 11 11 0.1940 0.1153 254 334
332-0-1-0.05-50-0 0 2315 32 48 10 10 0.6514 0.1153 215 334
332-0-1-0.05-50-0 0 2315 6 24 22 9 0.4266 0.1940 249 254
332-0-1-0.05-50-0 0 2316 6 50 23 4 0.4266 0.2147 249 147
332-0-1-0.05-50-0 0 2316 32 48 10 9 0.6514 0.1153 215 334
332-0-1-0.05-50-0 0 2317 24 6 9 25 0.1940 0.4266 254 249
332-0-1-0.05-50-0 0 2317 6 6 24 24 0.4266 0.4266 249 249
332-0-1-0.05-50-0 0 2318 43 23 1 13 0.8316 0.1698 123 476
332-0-1-0.05-50-0 0 2318 30 15 8 3 0.6008 0.7918 266 149
332-0-1-0.05-50-0 0 2319 24 43 10 1 0.1940 0.8316 254 123
332-0-1-0.05-50-0 0 2319 11 23 1 11 0.0504 0.1698 384 476
332-0-1-0.05-50-0 0 2320 39 9 2 3 0.2187 0.6134 309 161
332-0-1-0.05-50-0 0 2320 6 23 23 11 0.4266 0.1698 249 476
332-0-1-0.05-50-0 0 2321 6 42 25 3 0.4266 0.7447 249 106
332-0-1-0.05-50-0 0 2321 26 6 2 25 0.8171 0.4266 141 249
332-0-1-0.05-50-0 0 2322 8 50 2 3 0.2506 0.2147 303 147
332-0-1-0.05-50-0 0 2322 8 30 2 11 0.2506 0.6008 303 266
332-0-1-0.05-50-0 0 2323 10 24 1 12 0.2533 0.1940 449 254
332-0-1-0.05-50-0 0 2323 32 28 11 5 0.6514 0.3846 215 311
332-0-1-0.05-50-0 0 2324 6 6 26 26 0.4266 0.4266 249 249
332-0-1-0.05-50-0 0 2324 1 24 9 11 0.2520 0.1940 409 254
332-0-1-0.05-50-0 0 2325 48 8 11 3 0.1153 0.2506 334 303
332-0-1-0.05-50-0 0 2325 30 23 8 13 0.6008 0.1698 266 476
332-0-1-0.05-50-0 0 2326 1 30 11 8 0.2520 0.6008 409 266
332-0-1-0.05-50-0 0 2326 32 30 11 7 0.6514 0.6008 215 266
332-0-1-0.05-50-0 0 2327 32 3 10 4 0.6514 0.4813 215 321
332-0-1-0.05-50-0 0 2327 23 6 10 21 0.1698 0.4266 476 249
332-0-1-0.05-50-0 0 2328 48 6 10 20 0.1153 0.4266 334 249
332-0-1-0.05-50-0 0 2328 21 9 2 3 0.4184 0.6134 158 161
332-0-1-0.05-50-0 0 2329 48 23 10 11 0.1153 0.1698 334 476
332-0-1-0.05-50-0 0 2329 1 26 12 4 0.2520 0.8171 409 141
332-0-1-0.05-50-0 0 2330 1 24 12 10 0.2520 0.1940 409 254
332-0-1-0.05-50-0 0 2330 23 46 9 3 0.1698 0.3451 476 327
332-0-1-0.05-50-0 0 2331 30 32 8 10 0.6008 0.6514 266 215
332-0-1-0.05-50-0 0 2331 48 48 9 9 0.1153 0.1153 334 334
332-0-1-0.05-50-0 0 2332 48 23 7 9 0.1153 0.1698 334 476
332-0-1-0.05-50-0 0 2332 48 42 7 1 0.1153 0.7447 334 106
332-0-1-0.05-50-0 0 2333 48 39 7 4 0.1153 0.2187 334 309
332-0-1-0.05-50-0 0 2333 24 18 11 1 0.1940 0.2181 254 226
332-0-1-0.05-50-0 0 2334 32 48 9 7 0.6514 0.1153 215 334
332-0-1-0.05-50-0 0 2334 6 6 21 21 0.4266 0.4266 249 249
332-0-1-0.05-50-0 0 2335 3 28 5 4 0.4813 0.3846 321 311
332-0-1-0.05-50-0 0 2335 32 1 9 15 0.6514 0.2520 215 409
332-0-1-0.05-50-0 0 2336 23 32 9 7 0.1698 0.6514 476 215
332-0-1-0.05-50-0 0 2336 24 28 14 3 0.1940 0.3846 254 311
332-0-1-0.05-50-0 0 2337 23 6 9 20 0.1698 0.4266 476 249
332-0-1-0.05-50-0 0 2337 21 50 2 4 0.4184 0.2147 158 147
332-0-1-0.05-50-0 0 2338 6 40 20 3 0.4266 0.9739 249 104
332-0-1-0.05-50-0 0 2338 1 6 13 20 0.2520 0.4266 409 249
332-0-1-0.05-50-0 0 2339 37 8 1 3 0.8481 0.2506 127 303
332-0-1-0.05-50-0 0 2339 13 30 2 19 0.8878 0.6008 151 266
332-0-1-0.05-50-0 0 2340 1 38 15 1 0.2520 0.6163 409 270
332-0-1-0.05-50-0 0 2340 1 39 15 4 0.2520 0.2187 409 309
332-0-1-0.05-50-0 0 2341 40 12 2 5 0.9739 0.1896 104 325
332-0-1-0.05-50-0 0 2341 12 3 4 6 0.1896 0.4813 325 321
332-0-1-0.05-50-0 0 2342 30 24 14 17 0.6008 0.1940 266 254
332-0-1-0.05-50-0 0 2342 40 6 2 18 0.9739 0.4266 104 249
332-0-1-0.05-50-0 0 2343 32 15 9 3 0.6514 0.7918 215 149
332-0-1-0.05-50-0 0 2343 23 24 9 15 0.1698 0.1940 476 254
332-0-1-0.05-50-0 0 2344 16 30 1 13 0.2228 0.6008 149 266
332-0-1-0.05-50-0 0 2344 12 1 4 17 0.1896 0.2520 325 409
332-0-1-0.05-50-0 0 2345 1 6 17 16 0.2520 0.4266 409 249
332-0-1-0.05-50-0 0 2345 32 15 8 1 0.6514 0.7918 215 149
332-0-1-0.05-50-0 0 2346 12 24 4 16 0.1896 0.1940 325 254
332-0-1-0.05-50-0 0 2346 3 24 6 15 0.4813 0.1940 321 254
332-0-1-0.05-50-0 0 2347 23 24 10 14 0.1698 0.1940 476 254
332-0-1-0.05-50-0 0 2347 28 40 3 2 0.3846 0.9739 311 104
332-0-1-0.05-50-0 0 2348 23 1 11 20 0.1698 0.2520 476 409
332-0-1-0.05-50-0 0 2348 24 23 14 11 0.1940 0.1698 254 476
332-0-1-0.05-50-0 0 2349 24 30 12 11 0.1940 0.6008 254 266
332-0-1-0.05-50-0 0 2349 28 6 4 13 0.3846 0.4266 311 249
332-0-1-0.05-50-0 0 2350 24 6 12 12 0.1940 0.4266 254 249
332-0-1-0.05-50-0 0 2350 6 24 11 12 0.4266 0.1940 249 254
332-0-1-0.05-50-0 0 2351 37 24 3 12 0.8481 0.1940 127 254
332-0-1-0.05-50-0 0 2351 1 6 22 10 0.2520 0.4266 409 249
332-0-1-0.05-50-0 0 2352 3 24 7 10 0.4813 0.1940 321 254
332-0-1-0.05-50-0 0 2352 1 1 23 23 0.2520 0.2520 409 409
332-0-1-0.05-50-0 0 2353 30 3 11 7 0.6008 0.4813 266 321
332-0-1-0.05-50-0 0 2353 21 11 4 2 0.4184 0.0504 158 384
332-0-1-0.05-50-0 0 2354 16 26 2 6 0.2228 0.8171 149 141
332-0-1-0.05-50-0 0 2354 21 23 4 12 0.4184 0.1698 158 476
332-0-1-0.05-50-0 0 2355 5 35 5 5 0.0007 0.0354 226 158
332-0-1-0.05-50-0 0 2355 30 12 13 8 0.6008 0.1896 266 325
332-0-1-0.05-50-0 0 2356 50 30 2 11 0.2147 0.6008 147 266
332-0-1-0.05-50-0 0 2356 39 32 1 6 0.2187 0.6514 309 215
332-0-1-0.05-50-0 0 2357 16 1 3 19 0.2228 0.2520 149 409
332-0-1-0.05-50-0 0 2357 3 48 5 4 0.4813 0.1153 321 334
332-0-1-0.05-50-0 0 2358 23 32 14 4 0.1698 0.6514 476 215
332-0-1-0.05-50-0 0 2358 24 5 10 5 0.1940 0.0007 254 226
332-0-1-0.05-50-0 0 2359 24 24 10 10 0.1940 0.1940 254 254
332-0-1-0.05-50-0 0 2359 47 6 2 11 0.9293 0.4266 103 249
332-0-1-0.05-50-0 0 2360 28 30 4 12 0.3846 0.6008 311 266
332-0-1-0.05-50-0 0 2360 3 15 5 1 0.4813 0.7918 321 149
332-0-1-0.05-50-0 0 2361 1 23 18 16 0.2520 0.1698 409 476
332-0-1-0.05-50-0 0 2361 35 6 6 11 0.0354 0.4266 158 249
332-0-1-0.05-50-0 0 2362 28 48 4 4 0.3846 0.1153 311 334
332-0-1-0.05-50-0 0 2362 1 21 17 7 0.2520 0.4184 409 158
332-0-1-0.05-50-0 0 2363 16 5 4 4 0.2228 0.0007 149 226
332-0-1-0.05-50-0 0 2363 12 37 10 6 0.1896 0.8481 325 127
332-0-1-0.05-50-0 0 2364 47 11 2 2 0.9293 0.0504 103 384
332-0-1-0.05-50-0 0 2364 13 13 5 5 0.8878 0.8878 151 151
332-0-1-0.05-50-0 0 2365 12 23 9 19 0.1896 0.1698 325 476
332-0-1-0.05-50-0 0 2365 23 22 18 2 0.1698 0.0160 476 311
332-0-1-0.05-50-0 0 2366 23 48 19 2 0.1698 0.1153 476 334
332-0-1-0.05-50-0 0 2366 1 40 20 1 0.2520 0.9739 409 104
332-0-1-0.05-50-0 0 2367 43 28 1 4 0.8316 0.3846 123 311
332-0-1-0.05-50-0 0 2367 50 1 1 21 0.2147 0.2520 147 409
332-0-1-0.05-50-0 0 2368 1 5 20 3 0.2520 0.0007 409 226
332-0-1-0.05-50-0 0 2368 10 10 4 4 0.2533 0.2533 449 449
332-0-1-0.05-50-0 0 2369 6 3 5 4 0.4266 0.4813 249 321
332-0-1-0.05-50-0 0 2369 32 16 5 6 0.6514 0.2228 215 149
332-0-1-0.05-50-0 0 2370 21 23 5 20 0.4184 0.1698 158 476
332-0-1-0.05-50-0 0 2370 48 23 1 19 0.1153 0.1698 334 476
332-0-1-0.05-50-0 0 2371 1 26 20 4 0.2520 0.8171 409 141
332-0-1-0.05-50-0 0 2371 13 1 5 20 0.8878 0.2520 151 409
332-0-1-0.05-50-0 0 2372 23 1 18 19 0.1698 0.2520 476 409
332-0-1-0.05-50-0 0 2372 1 13 18 5 0.2520 0.8878 409 151
332-0-1-0.05-50-0 0 2373 38 47 3 3 0.6163 0.9293 270 103
332-0-1-0.05-50-0 0 2373 50 24 1 10 0.2147 0.1940 147 254
332-0-1-0.05-50-0 0 2374 48 37 1 7 0.1153 0.8481 334 127
332-0-1-0.05-50-0 0 2374 6 3 4 4 0.4266 0.4813 249 321
332-0-1-0.05-50-0 0 2375 43 39 3 1 0.8316 0.2187 123 309
332-0-1-0.05-50-0 0 2375 30 35 15 5 0.6008 0.0354 266 158
332-0-1-0.05-50-0 0 2376 16 12 7 8 0.2228 0.1896 149 325
332-0-1-0.05-50-0 0 2376 38 1 5 17 0.6163 0.2520 270 409
332-0-1-0.05-50-0 0 2377 35 30 3 15 0.0354 0.6008 158 266
332-0-1-0.05-50-0 0 2377 30 49 14 1 0.6008 0.1842 266 136
332-0-1-0.05-50-0 0 2378 23 6 21 5 0.1698 0.4266 476 249
332-0-1-0.05-50-0 0 2378 32 28 4 2 0.6514 0.3846 215 311
332-0-1-0.05-50-0 0 2379 12 21 9 4 0.1896 0.4184 325 158
332-0-1-0.05-50-0 0 2379 23 13 22 5 0.1698 0.8878 476 151
332-0-1-0.05-50-0 0 2380 43 24 2 11 0.8316 0.1940 123 254
332-0-1-0.05-50-0 0 2380 1 23 16 24 0.2520 0.1698 409 476
332-0-1-0.05-50-0 0 2381 23 24 22 9 0.1698 0.1940 476 254
332-0-1-0.05-50-0 0 2381 1 3 16 3 0.2520 0.4813 409 321
332-0-1-0.05-50-0 0 2382 1 16 17 6 0.2520 0.2228 409 149
332-0-1-0.05-50-0 0 2382 26 35 4 5 0.8171 0.0354 141 158
332-0-1-0.05-50-0 0 2383 23 32 20 3 0.1698 0.6514 476 215
332-0-1-0.05-50-0 0 2383 38 38 4 4 0.6163 0.6163 270 270
332-0-1-0.05-50-0 0 2384 35 23 4 18 0.0354 0.1698 158 476
332-0-1-0.05-50-0 0 2384 24 12 8 8 0.1940 0.1896 254 325
332-0-1-0.05-50-0 0 2385 10 26 8 4 0.2533 0.8171 449 141
332-0-1-0.05-50-0 0 2385 45 24 4 8 0.3816 0.1940 173 254
332-0-1-0.05-50-0 0 2386 16 24 7 7 0.2228 0.1940 149 254
332-0-1-0.05-50-0 0 2386 30 16 9 7 0.6008 0.2228 266 149
332-0-1-0.05-50-0 0 2387 23 10 16 8 0.1698 0.2533 476 449
332-0-1-0.05-50-0 0 2387 1 13 17 3 0.2520 0.8878 409 151
332-0-1-0.05-50-0 0 2388 30 1 9 15 0.6008 0.2520 266 409
332-0-1-0.05-50-0 0 2388 44 1 2 14 0.7034 0.2520 118 409
332-0-1-0.05-50-0 0 2389 12 23 8 17 0.1896 0.1698 325 476
332-0-1-0.05-50-0 0 2389 30 23 9 16 0.6008 0.1698 266 476
332-0-1-0.05-50-0 0 2390 1 8 14 1 0.2520 0.2506 409 303
332-0-1-0.05-50-0 0 2390 13 4 3 2 0.8878 0.0723 151 351
332-0-1-0.05-50-0 0 2391 1 1 14 14 0.2520 0.2520 409 409
332-0-1-0.05-50-0 0 2391 38 45 3 3 0.6163 0.3816 270 173
332-0-1-0.05-50-0 0 2392 30 10 8 4 0.6008 0.2533 266 449
332-0-1-0.05-50-0 0 2392 16 24 5 6 0.2228 0.1940 149 254
332-0-1-0.05-50-0 0 2393 13 47 3 5 0.8878 0.9293 151 103
332-0-1-0.05-50-0 0 2393 6 50 6 4 0.4266 0.2147 249 147
332-0-1-0.05-50-0 0 2394 6 30 6 8 0.4266 0.6008 249 266
332-0-1-0.05-50-0 0 2394 35 12 2 9 0.0354 0.1896 158 325
332-0-1-0.05-50-0 0 2395 38 12 3 7 0.6163 0.1896 270 325
332-0-1-0.05-50-0 0 2395 30 42 7 1 0.6008 0.7447 266 106
332-0-1-0.05-50-0 0 2396 10 23 3 13 0.2533 0.1698 449 476
332-0-1-0.05-50-0 0 2396 38 13 3 3 0.6163 0.8878 270 151
332-0-1-0.05-50-0 0 2397 47 16 4 4 0.9293 0.2228 103 149
332-0-1-0.05-50-0 0 2397 10 45 3 5 0.2533 0.3816 449 173
332-0-1-0.05-50-0 0 2398 30 45 7 3 0.6008 0.3816 266 173
332-0-1-0.05-50-0 0 2398 1 6 14 5 0.2520 0.4266 409 249
332-0-1-0.05-50-0 0 2399 23 26 11 2 0.1698 0.8171 476 141
332-0-1-0.05-50-0 0 2399 43 12 1 6 0.8316 0.1896 123 325
332-0-1-0.05-50-0 0 2400 23 47 12 5 0.1698 0.9293 476 103
332-0-1-0.05-50-0 0 2401 6 23 4 12 0.4266 0.1698 249 476
332-0-1-0.05-50-0 0 2401 48 28 7 1 0.1153 0.3846 334 311
332-0-1-0.05-50-0 0 2402 11 30 6 5 0.0504 0.6008 384 266
332-0-1-0.05-50-0 0 2402 1 23 14 14 0.2520 0.1698 409 476
332-0-1-0.05-50-0 0 2403 38 11 6 6 0.6163 0.0504 270 384
332-0-1-0.05-50-0 0 2403 24 23 4 14 0.1940 0.1698 254 476
332-0-1-0.05-50-0 0 2404 23 41 13 2 0.1698 0.9621 476 105
332-0-1-0.05-50-0 0 2404 47 47 6 6 0.9293 0.9293 103 103
332-0-1-0.05-50-0 0 2405 41 23 1 13 0.9621 0.1698 105 476
332-0-1-0.05-50-0 0 2405 38 16 6 7 0.6163 0.2228 270 149
332-0-1-0.05-50-0 0 2406 47 23 4 13 0.9293 0.1698 103 476
332-0-1-0.05-50-0 0 2406 50 1 2 17 0.2147 0.2520 147 409
332-0-1-0.05-50-0 0 2407 1 30 16 5 0.2520 0.6008 409 266
332-0-1-0.05-50-0 0 2407 1 43 16 2 0.2520 0.8316 409 123
332-0-1-0.05-50-0 0 2408 12 1 4 16 0.1896 0.2520 325 409
332-0-1-0.05-50-0 0 2408 11 6 3 6 0.0504 0.4266 384 249
332-0-1-0.05-50-0 0 2409 16 1 8 17 0.2228 0.2520 149 409
332-0-1-0.05-50-0 0 2409 6 16 5 8 0.4266 0.2228 249 149
332-0-1-0.05-50-0 0 2410 13 46 2 2 0.8878 0.3451 151 327
332-0-1-0.05-50-0 0 2410 1 1 16 16 0.2520 0.2520 409 409
332-0-1-0.05-50-0 0 2411 38 23 4 12 0.6163 0.1698 270 476
332-0-1-0.05-50-0 0 2411 48 26 8 1 0.1153 0.8171 334 141
332-0-1-0.05-50-0 0 2412 47 23 6 11 0.9293 0.1698 103 476
332-0-1-0.05-50-0 0 2412 6 35 5 2 0.4266 0.0354 249 158
332-0-1-0.05-50-0 0 2413 16 44 7 1 0.2228 0.7034 149 118
332-0-1-0.05-50-0 0 2413 1 10 15 3 0.2520 0.2533 409 449
332-0-1-0.05-50-0 0 2414 47 1 8 15 0.9293 0.2520 103 409
332-0-1-0.05-50-0 0 2414 12 16 7 7 0.1896 0.2228 325 149
332-0-1-0.05-50-0 0 2415 47 48 8 8 0.9293 0.1153 103 334
332-0-1-0.05-50-0 0 2415 30 1 6 12 0.6008 0.2520 266 409
332-0-1-0.05-50-0 0 2416 6 37 6 5 0.4266 0.8481 249 127
332-0-1-0.05-50-0 0 2416 48 1 6 9 0.1153 0.2520 334 409
332-0-1-0.05-50-0 0 2417 41 45 3 2 0.9621 0.3816 105 173
332-0-1-0.05-50-0 0 2417 48 48 6 6 0.1153 0.1153 334 334
332-0-1-0.05-50-0 0 2418 30 48 6 5 0.6008 0.1153 266 334
332-0-1-0.05-50-0 0 2418 23 24 8 10 0.1698 0.1940 476 254
332-0-1-0.05-50-0 0 2419 11 24 5 10 0.0504 0.1940 384 254
332-0-1-0.05-50-0 0 2419 1 12 8 7 0.2520 0.1896 409 325
332-0-1-0.05-50-0 0 2420 23 38 8 8 0.1698 0.6163 476 270
332-0-1-0.05-50-0 0 2420 30 48 6 6 0.6008 0.1153 266 334
332-0-1-0.05-50-0 0 2421 1 6 8 7 0.2520 0.4266 409 249
332-0-1-0.05-50-0 0 2421 36 24 1 8 0.8162 0.1940 165 254
332-0-1-0.05-50-0 0 2422 6 12 8 5 0.4266 0.1896 249 325
332-0-1-0.05-50-0 0 2422 11 6 7 8 0.0504 0.4266 384 249
332-0-1-0.05-50-0 0 2423 23 30 8 5 0.1698 0.6008 476 266
332-0-1-0.05-50-0 0 2423 21 38 4 7 0.4184 0.6163 158 270
332-0-1-0.05-50-0 0 2424 37 8 4 3 0.8481 0.2506 127 303
332-0-1-0.05-50-0 0 2424 6 30 7 4 0.4266 0.6008 249 266
332-0-1-0.05-50-0 0 2425 12 12 4 4 0.1896 0.1896 325 325
332-0-1-0.05-50-0 0 2425 41 30 3 3 0.9621 0.6008 105 266
332-0-1-0.05-50-0 0 2426 6 37 7 5 0.4266 0.8481 249 127
332-0-1-0.05-50-0 0 2426 38 1 6 10 0.6163 0.2520 270 409
332-0-1-0.05-50-0 0 2427 42 13 2 2 0.7447 0.8878 106 151
332-0-1-0.05-50-0 0 2427 41 42 3 2 0.9621 0.7447 105 106
332-0-1-0.05-50-0 0 2428 16 6 5 8 0.2228 0.4266 149 249
332-0-1-0.05-50-0 0 2428 30 34 2 1 0.6008 0.7448 266 168
332-0-1-0.05-50-0 0 2429 47 1 5 9 0.9293 0.2520 103 409
332-0-1-0.05-50-0 0 2429 21 23 7 8 0.4184 0.1698 158 476
332-0-1-0.05-50-0 0 2430 24 6 8 8 0.1940 0.4266 254 249
332-0-1-0.05-50-0 0 2430 13 41 2 3 0.8878 0.9621 151 105
332-0-1-0.05-50-0 0 2431 38 1 6 6 0.6163 0.2520 270 409
332-0-1-0.05-50-0 0 2431 10 4 4 4 0.2533 0.0723 449 351
332-0-1-0.05-50-0 0 2432 37 23 5 8 0.8481 0.1698 127 476
332-0-1-0.05-50-0 0 2432 24 29 10 1 0.1940 0.6728 254 177
332-0-1-0.05-50-0 0 2433 30 48 2 4 0.6008 0.1153 266 334
332-0-1-0.05-50-0 0 2433 13 23 2 8 0.8878 0.1698 151 476
332-0-1-0.05-50-0 0 2434 23 11 8 8 0.1698 0.0504 476 384
332-0-1-0.05-50-0 0 2434 24 10 9 4 0.1940 0.2533 254 449
332-0-1-0.05-50-0 0 2435 8 1 3 5 0.2506 0.2520 303 409
332-0-1-0.05-50-0 0 2435 24 44 10 2 0.1940 0.7034 254 118
332-0-1-0.05-50-0 0 2436 11 5 8 4 0.0504 0.0007 384 226
332-0-1-0.05-50-0 0 2436 44 45 1 1 0.7034 0.3816 118 173
332-0-1-0.05-50-0 0 2437 47 24 6 10 0.9293 0.1940 103 254
332-0-1-0.05-50-0 0 2437 21 16 7 4 0.4184 0.2228 158 149
332-0-1-0.05-50-0 0 2438 12 48 6 7 0.1896 0.1153 325 334
332-0-1-0.05-50-0 0 2438 6 38 6 6 0.4266 0.6163 249 270
332-0-1-0.05-50-0 0 2439 24 37 10 6 0.1940 0.8481 254 127
332-0-1-0.05-50-0 0 2439 36 14 2 2 0.8162 0.8451 165 105
332-0-1-0.05-50-0 0 2440 24 48 10 6 0.1940 0.1153 254 334
332-0-1-0.05-50-0 0 2440 37 21 5 8 0.8481 0.4184 127 158
332-0-1-0.05-50-0 0 2441 13 4 1 4 0.8878 0.0723 151 351
332-0-1-0.05-50-0 0 2441 1 11 3 13 0.2520 0.0504 409 384
332-0-1-0.05-50-0 0 2442 48 35 5 3 0.1153 0.0354 334 158
332-0-1-0.05-50-0 0 2442 24 48 9 5 0.1940 0.1153 254 334
332-0-1-0.05-50-0 0 2443 11 4 13 2 0.0504 0.0723 384 351
332-0-1-0.05-50-0 0 2443 5 11 5 13 0.0007 0.0504 226 384
332-0-1-0.05-50-0 0 2444 47 21 4 9 0.9293 0.4184 103 158
332-0-1-0.05-50-0 0 2444 10 23 3 5 0.2533 0.1698 449 476
332-0-1-0.05-50-0 0 2445 36 12 2 7 0.8162 0.1896 165 325
332-0-1-0.05-50-0 0 2446 1 35 3 2 0.2520 0.0354 409 158
332-0-1-0.05-50-0 0 2447 24 11 6 10 0.1940 0.0504 254 384
332-0-1-0.05-50-0 0 2448 11 5 9 4 0.0504 0.0007 384 226
332-0-1-0.05-50-0 0 2449 24 4 6 2 0.1940 0.0723 254 351
332-0-1-0.05-50-0 0 2450 47 30 4 3 0.9293 0.6008 103 266
332-0-1-0.05-50-0 0 2451 12 24 10 6 0.1896 0.1940 325 254
332-0-1-0.05-50-0 0 2452 23 1 4 5 0.1698 0.2520 476 409
332-0-1-0.05-50-0 0 2453 24 35 6 1 0.1940 0.0354 254 158
332-0-1-0.05-50-0 0 2453 41 49 3 1 0.9621 0.1842 105 136
332-0-1-0.05-50-0 0 2454 12 16 14 5 0.1896 0.2228 325 149
332-0-1-0.05-50-0 0 2454 47 10 2 4 0.9293 0.2533 103 449
332-0-1-0.05-50-0 0 2455 6 37 6 5 0.4266 0.8481 249 127
332-0-1-0.05-50-0 0 2455 16 24 4 8 0.2228 0.1940 149 254
332-0-1-0.05-50-0 0 2456 12 6 13 7 0.1896 0.4266 325 249
332-0-1-0.05-50-0 0 2456 3 12 1 13 0.4813 0.1896 321 325
332-0-1-0.05-50-0 0 2457 21 12 7 11 0.4184 0.1896 158 325
332-0-1-0.05-50-0 0 2458 1 45 5 2 0.2520 0.3816 409 173
332-0-1-0.05-50-0 0 2459 12 21 10 6 0.1896 0.4184 325 158
332-0-1-0.05-50-0 0 2459 38 21 7 5 0.6163 0.4184 270 158
332-0-1-0.05-50-0 0 2460 6 6 8 8 0.4266 0.4266 249 249
332-0-1-0.05-50-0 0 2460 11 48 10 3 0.0504 0.1153 384 334
332-0-1-0.05-50-0 0 2461 16 12 3 11 0.2228 0.1896 149 325
332-0-1-0.05-50-0 0 2462 38 37 7 1 0.6163 0.8481 270 127
332-0-1-0.05-50-0 0 2463 6 16 8 4 0.4266 0.2228 249 149
332-0-1-0.05-50-0 0 2463 30 36 2 4 0.6008 0.8162 266 165
332-0-1-0.05-50-0 0 2464 23 11 10 9 0.1698 0.0504 476 384
332-0-1-0.05-50-0 0 2464 44 23 2 10 0.7034 0.1698 118 476
332-0-1-0.05-50-0 0 2465 30 11 2 8 0.6008 0.0504 266 384
332-0-1-0.05-50-0 0 2466 40 47 2 2 0.9739 0.9293 104 103
332-0-1-0.05-50-0 0 2466 44 23 2 8 0.7034 0.1698 118 476
332-0-1-0.05-50-0 0 2467 24 25 6 2 0.1940 0.9430 254 125
332-0-1-0.05-50-0 0 2467 41 11 4 8 0.9621 0.0504 105 384
332-0-1-0.05-50-0 0 2468 27 40 1 2 0.0776 0.9739 149 104
332-0-1-0.05-50-0 0 2468 38 12 9 15 0.6163 0.1896 270 325
332-0-1-0.05-50-0 0 2469 24 12 5 13 0.1940 0.1896 254 325
332-0-1-0.05-50-0 0 2470 1 16 7 2 0.2520 0.2228 409 149
332-0-1-0.05-50-0 0 2471 23 33 6 3 0.1698 0.6893 476 191
332-0-1-0.05-50-0 0 2472 23 44 6 2 0.1698 0.7034 476 118
332-0-1-0.05-50-0 0 2473 21 12 9 14 0.4184 0.1896 158 325
332-0-1-0.05-50-0 0 2474 38 12 9 14 0.6163 0.1896 270 325
332-0-1-0.05-50-0 0 2474 23 1 6 9 0.1698 0.2520 476 409
332-0-1-0.05-50-0 0 2475 21 13 10 2 0.4184 0.8878 158 151
332-0-1-0.05-50-0 0 2476 34 10 5 2 0.7448 0.2533 168 449
332-0-1-0.05-50-0 0 2477 29 11 3 7 0.6728 0.0504 177 384
332-0-1-0.05-50-0 0 2478 38 38 8 8 0.6163 0.6163 270 270
332-0-1-0.05-50-0 0 2479 47 21 3 10 0.9293 0.4184 103 158
332-0-1-0.05-50-0 0 2480 35 21 1 9 0.0354 0.4184 158 158
332-0-1-0.05-50-0 0 2481 24 23 4 5 0.1940 0.1698 254 476
332-0-1-0.05-50-0 0 2481 41 34 4 8 0.9621 0.7448 105 168
332-0-1-0.05-50-0 0 2482 41 11 4 6 0.9621 0.0504 105 384
332-0-1-0.05-50-0 0 2482 23 1 5 8 0.1698 0.2520 476 409
332-0-1-0.05-50-0 0 2483 12 6 13 7 0.1896 0.4266 325 249
332-0-1-0.05-50-0 0 2483 23 34 5 9 0.1698 0.7448 476 168
332-0-1-0.05-50-0 0 2484 12 34 13 7 0.1896 0.7448 325 168
332-0-1-0.05-50-0 0 2484 11 12 4 13 0.0504 0.1896 384 325
332-0-1-0.05-50-0 0 2485 38 23 10 3 0.6163 0.1698 270 476
332-0-1-0.05-50-0 0 2485 1 28 6 1 0.2520 0.3846 409 311
332-0-1-0.05-50-0 0 2486 11 36 4 1 0.0504 0.8162 384 165
332-0-1-0.05-50-0 0 2486 9 42 1 2 0.6134 0.7447 161 106
332-0-1-0.05-50-0 0 2487 12 21 16 11 0.1896 0.4184 325 158
332-0-1-0.05-50-0 0 2487 21 6 10 5 0.4184 0.4266 158 249
332-0-1-0.05-50-0 0 2488 4 4 2 2 0.0723 0.0723 351 351
332-0-1-0.05-50-0 0 2488 41 42 5 1 0.9621 0.7447 105 106
332-0-1-0.05-50-0 0 2489 21 1 10 5 0.4184 0.2520 158 409
332-0-1-0.05-50-0 0 2489 46 47 3 5 0.3451 0.9293 327 103
332-0-1-0.05-50-0 0 2490 3 45 5 3 0.4813 0.3816 321 173
332-0-1-0.05-50-0 0 2491 7 38 2 10 0.9267 0.6163 106 270
332-0-1-0.05-50-0 0 2491 41 3 6 5 0.9621 0.4813 105 321
332-0-1-0.05-50-0 0 2492 29 21 3 13 0.6728 0.4184 177 158
332-0-1-0.05-50-0 0 2493 45 12 2 13 0.3816 0.1896 173 325
332-0-1-0.05-50-0 0 2494 21 34 10 6 0.4184 0.7448 158 168
332-0-1-0.05-50-0 0 2495 11 12 5 13 0.0504 0.1896 384 325
332-0-1-0.05-50-0 0 2496 34 3 8 4 0.7448 0.4813 168 321
332-0-1-0.05-50-0 0 2497 12 38 13 10 0.1896 0.6163 325 270
332-0-1-0.05-50-0 0 2497 9 6 1 4 0.6134 0.4266 161 249
332-0-1-0.05-50-0 0 2498 41 12 7 14 0.9621 0.1896 105 325
332-0-1-0.05-50-0 0 2499 14 30 5 6 0.8451 0.6008 105 266
332-0-1-0.05-50-0 0 2500 38 4 10 3 0.6163 0.0723 270 351
332-0-1-0.05-50-0 0 2500 41 34 7 7 0.9621 0.7448 105 168
