334-0-1-0.05-50-0 0 2302 42 46 12 14 0.7447 0.3451 106 327
334-0-1-0.05-50-0 0 2302 8 29 21 2 0.2506 0.6728 303 177
334-0-1-0.05-50-0 0 2302 46 27 13 7 0.3451 0.0776 327 149
334-0-1-0.05-50-0 0 2302 22 46 26 13 0.0160 0.3451 311 327
334-0-1-0.05-50-0 0 2303 43 1 19 27 0.8316 0.2520 123 409
334-0-1-0.05-50-0 0 2303 47 1 2 26 0.9293 0.2520 103 409
334-0-1-0.05-50-0 0 2303 22 43 25 19 0.0160 0.8316 311 123
334-0-1-0.05-50-0 0 2304 8 17 19 3 0.2506 0.6398 303 197
334-0-1-0.05-50-0 0 2304 22 46 26 14 0.0160 0.3451 311 327
334-0-1-0.05-50-0 0 2304 46 27 13 5 0.3451 0.0776 327 149
334-0-1-0.05-50-0 0 2305 8 22 19 27 0.2506 0.0160 303 311
334-0-1-0.05-50-0 0 2305 8 28 19 10 0.2506 0.3846 303 311
334-0-1-0.05-50-0 0 2305 22 28 26 9 0.0160 0.3846 311 311
334-0-1-0.05-50-0 0 2306 20 43 1 18 0.9922 0.8316 102 123
334-0-1-0.05-50-0 0 2306 25 22 1 26 0.9430 0.0160 125 311
334-0-1-0.05-50-0 0 2306 28 8 8 18 0.3846 0.2506 311 303
334-0-1-0.05-50-0 0 2307 28 43 11 18 0.3846 0.8316 311 123
334-0-1-0.05-50-0 0 2307 46 26 15 4 0.3451 0.8171 327 141
334-0-1-0.05-50-0 0 2307 1 39 25 9 0.2520 0.2187 409 309
334-0-1-0.05-50-0 0 2307 28 43 11 17 0.3846 0.8316 311 123
334-0-1-0.05-50-0 0 2308 22 32 28 12 0.0160 0.6514 311 215
334-0-1-0.05-50-0 0 2308 18 39 1 8 0.2181 0.2187 226 309
334-0-1-0.05-50-0 0 2308 24 42 7 9 0.1940 0.7447 254 106
334-0-1-0.05-50-0 0 2308 44 24 3 7 0.7034 0.1940 118 254
334-0-1-0.05-50-0 0 2309 8 32 17 12 0.2506 0.6514 303 215
334-0-1-0.05-50-0 0 2309 1 14 26 2 0.2520 0.8451 409 105
334-0-1-0.05-50-0 0 2309 1 44 26 3 0.2520 0.7034 409 118
334-0-1-0.05-50-0 0 2309 49 29 4 2 0.1842 0.6728 136 177
334-0-1-0.05-50-0 0 2310 28 22 10 28 0.3846 0.0160 311 311
334-0-1-0.05-50-0 0 2310 1 46 27 14 0.2520 0.3451 409 327
334-0-1-0.05-50-0 0 2310 48 35 3 9 0.1153 0.0354 334 158
334-0-1-0.05-50-0 0 2311 4 17 2 2 0.0723 0.6398 351 197
334-0-1-0.05-50-0 0 2311 8 22 18 26 0.2506 0.0160 303 311
334-0-1-0.05-50-0 0 2311 22 22 25 25 0.0160 0.0160 311 311
334-0-1-0.05-50-0 0 2312 22 32 24 11 0.0160 0.6514 311 215
334-0-1-0.05-50-0 0 2312 8 37 19 2 0.2506 0.8481 303 127
334-0-1-0.05-50-0 0 2312 46 43 13 18 0.3451 0.8316 327 123
334-0-1-0.05-50-0 0 2312 28 1 10 27 0.3846 0.2520 311 409
334-0-1-0.05-50-0 0 2313 4 42 4 9 0.0723 0.7447 351 106
334-0-1-0.05-50-0 0 2313 38 6 3 2 0.6163 0.4266 270 249
334-0-1-0.05-50-0 0 2313 43 1 17 28 0.8316 0.2520 123 409
334-0-1-0.05-50-0 0 2313 1 8 27 20 0.2520 0.2506 409 303
334-0-1-0.05-50-0 0 2314 22 39 23 8 0.0160 0.2187 311 309
334-0-1-0.05-50-0 0 2314 1 46 27 14 0.2520 0.3451 409 327
334-0-1-0.05-50-0 0 2314 21 8 1 19 0.4184 0.2506 158 303
334-0-1-0.05-50-0 0 2315 22 30 26 3 0.0160 0.6008 311 266
334-0-1-0.05-50-0 0 2315 43 27 14 4 0.8316 0.0776 123 149
334-0-1-0.05-50-0 0 2315 32 46 10 15 0.6514 0.3451 215 327
334-0-1-0.05-50-0 0 2315 1 30 28 2 0.2520 0.6008 409 266
334-0-1-0.05-50-0 0 2316 22 32 25 11 0.0160 0.6514 311 215
334-0-1-0.05-50-0 0 2316 22 1 25 27 0.0160 0.2520 311 409
334-0-1-0.05-50-0 0 2316 8 28 21 10 0.2506 0.3846 303 311
334-0-1-0.05-50-0 0 2317 28 24 9 8 0.3846 0.1940 311 254
334-0-1-0.05-50-0 0 2317 32 39 10 8 0.6514 0.2187 215 309
334-0-1-0.05-50-0 0 2317 39 38 7 5 0.2187 0.6163 309 270
334-0-1-0.05-50-0 0 2318 1 46 25 13 0.2520 0.3451 409 327
334-0-1-0.05-50-0 0 2318 22 47 25 3 0.0160 0.9293 311 103
334-0-1-0.05-50-0 0 2318 8 22 21 25 0.2506 0.0160 303 311
334-0-1-0.05-50-0 0 2319 1 22 28 23 0.2520 0.0160 409 311
334-0-1-0.05-50-0 0 2319 43 14 13 8 0.8316 0.8451 123 105
334-0-1-0.05-50-0 0 2319 48 37 4 1 0.1153 0.8481 334 127
334-0-1-0.05-50-0 0 2319 35 8 7 23 0.0354 0.2506 158 303
334-0-1-0.05-50-0 0 2320 1 46 26 11 0.2520 0.3451 409 327
334-0-1-0.05-50-0 0 2320 44 1 1 26 0.7034 0.2520 118 409
334-0-1-0.05-50-0 0 2320 42 32 7 15 0.7447 0.6514 106 215
334-0-1-0.05-50-0 0 2321 46 43 10 16 0.3451 0.8316 327 123
334-0-1-0.05-50-0 0 2321 22 43 24 15 0.0160 0.8316 311 123
334-0-1-0.05-50-0 0 2321 28 8 9 20 0.3846 0.2506 311 303
334-0-1-0.05-50-0 0 2322 8 22 20 24 0.2506 0.0160 303 311
334-0-1-0.05-50-0 0 2322 28 22 8 23 0.3846 0.0160 311 311
334-0-1-0.05-50-0 0 2322 43 1 13 25 0.8316 0.2520 123 409
334-0-1-0.05-50-0 0 2323 28 8 8 21 0.3846 0.2506 311 303
334-0-1-0.05-50-0 0 2323 1 8 23 20 0.2520 0.2506 409 303
334-0-1-0.05-50-0 0 2323 43 1 13 23 0.8316 0.2520 123 409
334-0-1-0.05-50-0 0 2324 48 1 4 24 0.1153 0.2520 334 409
334-0-1-0.05-50-0 0 2324 16 1 1 23 0.2228 0.2520 149 409
334-0-1-0.05-50-0 0 2324 43 1 13 22 0.8316 0.2520 123 409
334-0-1-0.05-50-0 0 2325 1 8 22 20 0.2520 0.2506 409 303
334-0-1-0.05-50-0 0 2325 8 1 19 22 0.2506 0.2520 303 409
334-0-1-0.05-50-0 0 2325 22 32 22 15 0.0160 0.6514 311 215
334-0-1-0.05-50-0 0 2326 39 43 9 13 0.2187 0.8316 309 123
334-0-1-0.05-50-0 0 2326 32 14 14 6 0.6514 0.8451 215 105
334-0-1-0.05-50-0 0 2326 32 39 14 9 0.6514 0.2187 215 309
334-0-1-0.05-50-0 0 2327 22 16 24 1 0.0160 0.2228 311 149
334-0-1-0.05-50-0 0 2327 22 39 24 9 0.0160 0.2187 311 309
334-0-1-0.05-50-0 0 2327 33 1 2 22 0.6893 0.2520 191 409
334-0-1-0.05-50-0 0 2328 32 38 12 7 0.6514 0.6163 215 270
334-0-1-0.05-50-0 0 2328 25 1 2 22 0.9430 0.2520 125 409
334-0-1-0.05-50-0 0 2328 5 4 4 9 0.0007 0.0723 226 351
334-0-1-0.05-50-0 0 2329 3 8 1 23 0.4813 0.2506 321 303
334-0-1-0.05-50-0 0 2329 39 46 7 11 0.2187 0.3451 309 327
334-0-1-0.05-50-0 0 2329 5 8 4 22 0.0007 0.2506 226 303
334-0-1-0.05-50-0 0 2329 40 25 1 2 0.9739 0.9430 104 125
334-0-1-0.05-50-0 0 2330 43 49 13 3 0.8316 0.1842 123 136
334-0-1-0.05-50-0 0 2330 42 21 8 1 0.7447 0.4184 106 158
334-0-1-0.05-50-0 0 2330 28 25 11 1 0.3846 0.9430 311 125
334-0-1-0.05-50-0 0 2330 8 28 19 11 0.2506 0.3846 303 311
334-0-1-0.05-50-0 0 2331 8 22 20 26 0.2506 0.0160 303 311
334-0-1-0.05-50-0 0 2331 1 1 20 20 0.2520 0.2520 409 409
334-0-1-0.05-50-0 0 2331 38 42 6 9 0.6163 0.7447 270 106
334-0-1-0.05-50-0 0 2332 43 5 13 4 0.8316 0.0007 123 226
334-0-1-0.05-50-0 0 2332 28 4 10 9 0.3846 0.0723 311 351
334-0-1-0.05-50-0 0 2332 28 28 10 10 0.3846 0.3846 311 311
334-0-1-0.05-50-0 0 2333 1 12 19 2 0.2520 0.1896 409 325
334-0-1-0.05-50-0 0 2333 28 48 7 4 0.3846 0.1153 311 334
334-0-1-0.05-50-0 0 2333 22 8 27 21 0.0160 0.2506 311 303
334-0-1-0.05-50-0 0 2334 42 48 6 3 0.7447 0.1153 106 334
334-0-1-0.05-50-0 0 2334 28 43 7 14 0.3846 0.8316 311 123
334-0-1-0.05-50-0 0 2334 43 46 13 9 0.8316 0.3451 123 327
334-0-1-0.05-50-0 0 2335 46 32 8 13 0.3451 0.6514 327 215
334-0-1-0.05-50-0 0 2335 24 22 6 25 0.1940 0.0160 254 311
334-0-1-0.05-50-0 0 2335 46 28 8 7 0.3451 0.3846 327 311
334-0-1-0.05-50-0 0 2336 35 38 5 7 0.0354 0.6163 158 270
334-0-1-0.05-50-0 0 2336 3 28 1 7 0.4813 0.3846 321 311
334-0-1-0.05-50-0 0 2336 42 48 6 2 0.7447 0.1153 106 334
334-0-1-0.05-50-0 0 2337 32 28 13 6 0.6514 0.3846 215 311
334-0-1-0.05-50-0 0 2337 4 22 11 23 0.0723 0.0160 351 311
334-0-1-0.05-50-0 0 2337 46 38 9 6 0.3451 0.6163 327 270
334-0-1-0.05-50-0 0 2338 46 1 12 24 0.3451 0.2520 327 409
334-0-1-0.05-50-0 0 2338 6 29 1 5 0.4266 0.6728 249 177
334-0-1-0.05-50-0 0 2338 43 4 11 10 0.8316 0.0723 123 351
334-0-1-0.05-50-0 0 2339 22 4 20 10 0.0160 0.0723 311 351
334-0-1-0.05-50-0 0 2339 8 8 21 21 0.2506 0.2506 303 303
334-0-1-0.05-50-0 0 2339 39 43 12 11 0.2187 0.8316 309 123
334-0-1-0.05-50-0 0 2340 14 29 2 4 0.8451 0.6728 105 177
334-0-1-0.05-50-0 0 2340 29 32 3 13 0.6728 0.6514 177 215
334-0-1-0.05-50-0 0 2340 8 39 20 12 0.2506 0.2187 303 309
334-0-1-0.05-50-0 0 2341 4 8 11 19 0.0723 0.2506 351 303
334-0-1-0.05-50-0 0 2341 43 26 11 4 0.8316 0.8171 123 141
334-0-1-0.05-50-0 0 2341 28 32 4 13 0.3846 0.6514 311 215
334-0-1-0.05-50-0 0 2342 22 43 23 11 0.0160 0.8316 311 123
334-0-1-0.05-50-0 0 2342 39 8 13 18 0.2187 0.2506 309 303
334-0-1-0.05-50-0 0 2342 24 22 6 23 0.1940 0.0160 254 311
334-0-1-0.05-50-0 0 2343 28 39 5 13 0.3846 0.2187 311 309
334-0-1-0.05-50-0 0 2343 1 43 25 9 0.2520 0.8316 409 123
334-0-1-0.05-50-0 0 2343 4 4 15 15 0.0723 0.0723 351 351
334-0-1-0.05-50-0 0 2344 22 32 19 12 0.0160 0.6514 311 215
334-0-1-0.05-50-0 0 2344 5 1 4 24 0.0007 0.2520 226 409
334-0-1-0.05-50-0 0 2344 1 32 23 11 0.2520 0.6514 409 215
334-0-1-0.05-50-0 0 2345 46 43 14 6 0.3451 0.8316 327 123
334-0-1-0.05-50-0 0 2345 1 29 22 5 0.2520 0.6728 409 177
334-0-1-0.05-50-0 0 2345 8 28 16 5 0.2506 0.3846 303 311
334-0-1-0.05-50-0 0 2346 18 24 2 7 0.2181 0.1940 226 254
334-0-1-0.05-50-0 0 2346 28 39 4 11 0.3846 0.2187 311 309
334-0-1-0.05-50-0 0 2346 46 8 14 18 0.3451 0.2506 327 303
334-0-1-0.05-50-0 0 2347 22 24 18 6 0.0160 0.1940 311 254
334-0-1-0.05-50-0 0 2347 22 27 18 1 0.0160 0.0776 311 149
334-0-1-0.05-50-0 0 2347 32 1 11 23 0.6514 0.2520 215 409
334-0-1-0.05-50-0 0 2348 33 8 2 18 0.6893 0.2506 191 303
334-0-1-0.05-50-0 0 2348 22 1 18 23 0.0160 0.2520 311 409
334-0-1-0.05-50-0 0 2348 1 1 22 22 0.2520 0.2520 409 409
334-0-1-0.05-50-0 0 2349 22 25 20 1 0.0160 0.9430 311 125
334-0-1-0.05-50-0 0 2349 20 18 2 3 0.9922 0.2181 102 226
334-0-1-0.05-50-0 0 2349 1 46 22 14 0.2520 0.3451 409 327
334-0-1-0.05-50-0 0 2350 46 32 13 12 0.3451 0.6514 327 215
334-0-1-0.05-50-0 0 2350 1 8 23 14 0.2520 0.2506 409 303
334-0-1-0.05-50-0 0 2350 24 17 7 1 0.1940 0.6398 254 197
334-0-1-0.05-50-0 0 2351 46 1 14 23 0.3451 0.2520 327 409
334-0-1-0.05-50-0 0 2351 22 29 23 6 0.0160 0.6728 311 177
334-0-1-0.05-50-0 0 2351 32 1 10 22 0.6514 0.2520 215 409
334-0-1-0.05-50-0 0 2352 22 32 22 10 0.0160 0.6514 311 215
334-0-1-0.05-50-0 0 2352 6 1 2 19 0.4266 0.2520 249 409
334-0-1-0.05-50-0 0 2352 39 22 9 22 0.2187 0.0160 309 311
334-0-1-0.05-50-0 0 2353 32 1 9 18 0.6514 0.2520 215 409
334-0-1-0.05-50-0 0 2353 22 29 22 5 0.0160 0.6728 311 177
334-0-1-0.05-50-0 0 2353 40 8 2 17 0.9739 0.2506 104 303
334-0-1-0.05-50-0 0 2354 8 4 17 15 0.2506 0.0723 303 351
334-0-1-0.05-50-0 0 2354 49 43 5 9 0.1842 0.8316 136 123
334-0-1-0.05-50-0 0 2354 31 49 5 5 0.5626 0.1842 252 136
334-0-1-0.05-50-0 0 2355 8 29 17 4 0.2506 0.6728 303 177
334-0-1-0.05-50-0 0 2355 32 5 10 6 0.6514 0.0007 215 226
334-0-1-0.05-50-0 0 2355 19 18 1 3 0.8072 0.2181 134 226
334-0-1-0.05-50-0 0 2356 31 22 4 21 0.5626 0.0160 252 311
334-0-1-0.05-50-0 0 2356 1 22 17 20 0.2520 0.0160 409 311
334-0-1-0.05-50-0 0 2356 46 22 13 19 0.3451 0.0160 327 311
334-0-1-0.05-50-0 0 2357 42 22 3 19 0.7447 0.0160 106 311
334-0-1-0.05-50-0 0 2357 31 32 4 11 0.5626 0.6514 252 215
334-0-1-0.05-50-0 0 2357 18 20 3 2 0.2181 0.9922 226 102
334-0-1-0.05-50-0 0 2358 22 1 18 16 0.0160 0.2520 311 409
334-0-1-0.05-50-0 0 2358 28 29 6 3 0.3846 0.6728 311 177
334-0-1-0.05-50-0 0 2358 22 43 18 9 0.0160 0.8316 311 123
334-0-1-0.05-50-0 0 2359 24 3 7 2 0.1940 0.4813 254 321
334-0-1-0.05-50-0 0 2359 22 1 20 15 0.0160 0.2520 311 409
334-0-1-0.05-50-0 0 2359 23 1 4 14 0.1698 0.2520 476 409
334-0-1-0.05-50-0 0 2360 1 5 13 4 0.2520 0.0007 409 226
334-0-1-0.05-50-0 0 2360 26 4 3 14 0.8171 0.0723 141 351
334-0-1-0.05-50-0 0 2360 22 39 17 17 0.0160 0.2187 311 309
334-0-1-0.05-50-0 0 2361 39 23 17 5 0.2187 0.1698 309 476
334-0-1-0.05-50-0 0 2361 23 42 4 4 0.1698 0.7447 476 106
334-0-1-0.05-50-0 0 2361 1 1 15 15 0.2520 0.2520 409 409
334-0-1-0.05-50-0 0 2362 1 8 15 17 0.2520 0.2506 409 303
334-0-1-0.05-50-0 0 2362 1 39 15 18 0.2520 0.2187 409 309
334-0-1-0.05-50-0 0 2362 49 26 5 3 0.1842 0.8171 136 141
334-0-1-0.05-50-0 0 2363 42 8 3 16 0.7447 0.2506 106 303
334-0-1-0.05-50-0 0 2363 22 4 18 15 0.0160 0.0723 311 351
334-0-1-0.05-50-0 0 2363 32 43 8 11 0.6514 0.8316 215 123
334-0-1-0.05-50-0 0 2364 4 44 14 4 0.0723 0.7034 351 118
334-0-1-0.05-50-0 0 2364 28 9 7 1 0.3846 0.6134 311 161
334-0-1-0.05-50-0 0 2364 32 42 7 2 0.6514 0.7447 215 106
334-0-1-0.05-50-0 0 2365 31 43 5 12 0.5626 0.8316 252 123
334-0-1-0.05-50-0 0 2365 46 22 11 19 0.3451 0.0160 327 311
334-0-1-0.05-50-0 0 2365 31 4 5 14 0.5626 0.0723 252 351
334-0-1-0.05-50-0 0 2366 35 28 2 7 0.0354 0.3846 158 311
334-0-1-0.05-50-0 0 2366 39 1 20 17 0.2187 0.2520 309 409
334-0-1-0.05-50-0 0 2366 24 31 9 6 0.1940 0.5626 254 252
334-0-1-0.05-50-0 0 2367 43 1 11 15 0.8316 0.2520 123 409
334-0-1-0.05-50-0 0 2367 46 46 12 12 0.3451 0.3451 327 327
334-0-1-0.05-50-0 0 2367 39 39 19 19 0.2187 0.2187 309 309
334-0-1-0.05-50-0 0 2368 12 46 1 11 0.1896 0.3451 325 327
334-0-1-0.05-50-0 0 2368 46 39 10 17 0.3451 0.2187 327 309
334-0-1-0.05-50-0 0 2368 8 1 18 15 0.2506 0.2520 303 409
334-0-1-0.05-50-0 0 2369 43 43 13 13 0.8316 0.8316 123 123
334-0-1-0.05-50-0 0 2369 22 8 19 18 0.0160 0.2506 311 303
334-0-1-0.05-50-0 0 2369 32 46 7 12 0.6514 0.3451 215 327
334-0-1-0.05-50-0 0 2370 8 43 19 12 0.2506 0.8316 303 123
334-0-1-0.05-50-0 0 2370 24 22 9 19 0.1940 0.0160 254 311
334-0-1-0.05-50-0 0 2370 1 22 15 18 0.2520 0.0160 409 311
334-0-1-0.05-50-0 0 2371 14 8 5 18 0.8451 0.2506 105 303
334-0-1-0.05-50-0 0 2371 24 31 10 5 0.1940 0.5626 254 252
334-0-1-0.05-50-0 0 2371 39 22 18 16 0.2187 0.0160 309 311
334-0-1-0.05-50-0 0 2372 8 1 18 20 0.2506 0.2520 303 409
334-0-1-0.05-50-0 0 2372 34 22 1 15 0.7448 0.0160 168 311
334-0-1-0.05-50-0 0 2372 32 14 7 5 0.6514 0.8451 215 105
334-0-1-0.05-50-0 0 2373 39 22 17 15 0.2187 0.0160 309 311
334-0-1-0.05-50-0 0 2373 4 22 13 14 0.0723 0.0160 351 311
334-0-1-0.05-50-0 0 2373 32 38 7 2 0.6514 0.6163 215 270
334-0-1-0.05-50-0 0 2374 4 39 14 16 0.0723 0.2187 351 309
334-0-1-0.05-50-0 0 2374 33 24 3 11 0.6893 0.1940 191 254
334-0-1-0.05-50-0 0 2374 8 1 19 17 0.2506 0.2520 303 409
334-0-1-0.05-50-0 0 2375 24 39 9 15 0.1940 0.2187 254 309
334-0-1-0.05-50-0 0 2375 28 32 4 9 0.3846 0.6514 311 215
334-0-1-0.05-50-0 0 2375 22 39 14 14 0.0160 0.2187 311 309
334-0-1-0.05-50-0 0 2376 43 1 10 16 0.8316 0.2520 123 409
334-0-1-0.05-50-0 0 2376 22 1 15 15 0.0160 0.2520 311 409
334-0-1-0.05-50-0 0 2376 23 1 6 14 0.1698 0.2520 476 409
334-0-1-0.05-50-0 0 2377 4 31 16 9 0.0723 0.5626 351 252
334-0-1-0.05-50-0 0 2377 1 43 11 9 0.2520 0.8316 409 123
334-0-1-0.05-50-0 0 2377 31 46 8 10 0.5626 0.3451 252 327
334-0-1-0.05-50-0 0 2378 26 31 3 9 0.8171 0.5626 141 252
334-0-1-0.05-50-0 0 2378 2 39 1 13 0.8198 0.2187 167 309
334-0-1-0.05-50-0 0 2378 26 1 3 11 0.8171 0.2520 141 409
334-0-1-0.05-50-0 0 2379 32 44 8 4 0.6514 0.7034 215 118
334-0-1-0.05-50-0 0 2379 39 49 12 14 0.2187 0.1842 309 136
334-0-1-0.05-50-0 0 2379 39 4 12 16 0.2187 0.0723 309 351
334-0-1-0.05-50-0 0 2380 4 27 15 1 0.0723 0.0776 351 149
334-0-1-0.05-50-0 0 2380 38 33 1 6 0.6163 0.6893 270 191
334-0-1-0.05-50-0 0 2380 46 30 9 4 0.3451 0.6008 327 266
334-0-1-0.05-50-0 0 2381 29 49 1 11 0.6728 0.1842 177 136
334-0-1-0.05-50-0 0 2381 8 28 15 9 0.2506 0.3846 303 311
334-0-1-0.05-50-0 0 2381 22 21 15 2 0.0160 0.4184 311 158
334-0-1-0.05-50-0 0 2382 4 49 15 9 0.0723 0.1842 351 136
334-0-1-0.05-50-0 0 2382 22 39 16 14 0.0160 0.2187 311 309
334-0-1-0.05-50-0 0 2382 43 4 9 15 0.8316 0.0723 123 351
334-0-1-0.05-50-0 0 2383 22 24 15 9 0.0160 0.1940 311 254
334-0-1-0.05-50-0 0 2383 39 19 13 1 0.2187 0.8072 309 134
334-0-1-0.05-50-0 0 2383 32 23 10 4 0.6514 0.1698 215 476
334-0-1-0.05-50-0 0 2384 43 46 10 11 0.8316 0.3451 123 327
334-0-1-0.05-50-0 0 2384 14 26 5 3 0.8451 0.8171 105 141
334-0-1-0.05-50-0 0 2384 30 1 3 8 0.6008 0.2520 266 409
334-0-1-0.05-50-0 0 2385 4 49 14 9 0.0723 0.1842 351 136
334-0-1-0.05-50-0 0 2385 1 8 8 13 0.2520 0.2506 409 303
334-0-1-0.05-50-0 0 2385 33 8 4 12 0.6893 0.2506 191 303
334-0-1-0.05-50-0 0 2386 23 24 3 9 0.1698 0.1940 476 254
334-0-1-0.05-50-0 0 2386 5 30 2 4 0.0007 0.6008 226 266
334-0-1-0.05-50-0 0 2386 4 39 13 12 0.0723 0.2187 351 309
334-0-1-0.05-50-0 0 2387 48 14 1 4 0.1153 0.8451 334 105
334-0-1-0.05-50-0 0 2387 24 26 9 1 0.1940 0.8171 254 141
334-0-1-0.05-50-0 0 2387 25 39 1 11 0.9430 0.2187 125 309
334-0-1-0.05-50-0 0 2388 24 33 9 4 0.1940 0.6893 254 191
334-0-1-0.05-50-0 0 2388 4 24 12 9 0.0723 0.1940 351 254
334-0-1-0.05-50-0 0 2388 28 22 7 15 0.3846 0.0160 311 311
334-0-1-0.05-50-0 0 2389 23 28 4 7 0.1698 0.3846 476 311
334-0-1-0.05-50-0 0 2389 22 31 13 12 0.0160 0.5626 311 252
334-0-1-0.05-50-0 0 2389 31 8 11 11 0.5626 0.2506 252 303
334-0-1-0.05-50-0 0 2390 39 49 11 11 0.2187 0.1842 309 136
334-0-1-0.05-50-0 0 2390 4 39 11 11 0.0723 0.2187 351 309
334-0-1-0.05-50-0 0 2390 22 43 12 11 0.0160 0.8316 311 123
334-0-1-0.05-50-0 0 2391 4 8 11 11 0.0723 0.2506 351 303
334-0-1-0.05-50-0 0 2391 43 32 10 10 0.8316 0.6514 123 215
334-0-1-0.05-50-0 0 2391 1 24 13 8 0.2520 0.1940 409 254
334-0-1-0.05-50-0 0 2392 46 32 13 11 0.3451 0.6514 327 215
334-0-1-0.05-50-0 0 2392 20 43 2 10 0.9922 0.8316 102 123
334-0-1-0.05-50-0 0 2392 1 1 14 14 0.2520 0.2520 409 409
334-0-1-0.05-50-0 0 2393 43 38 8 3 0.8316 0.6163 123 270
334-0-1-0.05-50-0 0 2393 22 6 14 8 0.0160 0.4266 311 249
334-0-1-0.05-50-0 0 2393 32 10 10 2 0.6514 0.2533 215 449
334-0-1-0.05-50-0 0 2394 14 23 5 4 0.8451 0.1698 105 476
334-0-1-0.05-50-0 0 2394 8 46 10 13 0.2506 0.3451 303 327
334-0-1-0.05-50-0 0 2394 22 39 15 13 0.0160 0.2187 311 309
334-0-1-0.05-50-0 0 2395 31 20 10 2 0.5626 0.9922 252 102
334-0-1-0.05-50-0 0 2395 22 43 15 6 0.0160 0.8316 311 123
334-0-1-0.05-50-0 0 2395 46 22 11 15 0.3451 0.0160 327 311
334-0-1-0.05-50-0 0 2396 8 4 11 13 0.2506 0.0723 303 351
334-0-1-0.05-50-0 0 2396 24 49 7 9 0.1940 0.1842 254 136
334-0-1-0.05-50-0 0 2396 28 31 6 10 0.3846 0.5626 311 252
334-0-1-0.05-50-0 0 2397 24 30 7 4 0.1940 0.6008 254 266
334-0-1-0.05-50-0 0 2397 46 28 9 6 0.3451 0.3846 327 311
334-0-1-0.05-50-0 0 2397 32 14 10 5 0.6514 0.8451 215 105
334-0-1-0.05-50-0 0 2398 28 4 5 13 0.3846 0.0723 311 351
334-0-1-0.05-50-0 0 2398 32 23 10 2 0.6514 0.1698 215 476
334-0-1-0.05-50-0 0 2398 46 46 9 9 0.3451 0.3451 327 327
334-0-1-0.05-50-0 0 2399 31 24 9 8 0.5626 0.1940 252 254
334-0-1-0.05-50-0 0 2399 4 22 12 13 0.0723 0.0160 351 311
334-0-1-0.05-50-0 0 2399 29 4 1 12 0.6728 0.0723 177 351
334-0-1-0.05-50-0 0 2400 8 8 11 11 0.2506 0.2506 303 303
334-0-1-0.05-50-0 0 2400 32 39 12 14 0.6514 0.2187 215 309
334-0-1-0.05-50-0 0 2400 31 22 8 12 0.5626 0.0160 252 311
334-0-1-0.05-50-0 0 2401 6 37 10 1 0.4266 0.8481 249 127
334-0-1-0.05-50-0 0 2401 39 22 13 11 0.2187 0.0160 309 311
334-0-1-0.05-50-0 0 2401 41 44 5 2 0.9621 0.7034 105 118
334-0-1-0.05-50-0 0 2402 1 8 11 9 0.2520 0.2506 409 303
334-0-1-0.05-50-0 0 2402 32 46 12 7 0.6514 0.3451 215 327
334-0-1-0.05-50-0 0 2402 4 41 13 4 0.0723 0.9621 351 105
334-0-1-0.05-50-0 0 2403 49 24 9 9 0.1842 0.1940 136 254
334-0-1-0.05-50-0 0 2403 32 30 12 3 0.6514 0.6008 215 266
334-0-1-0.05-50-0 0 2403 2 5 1 4 0.8198 0.0007 167 226
334-0-1-0.05-50-0 0 2404 46 16 7 1 0.3451 0.2228 327 149
334-0-1-0.05-50-0 0 2404 6 39 10 15 0.4266 0.2187 249 309
334-0-1-0.05-50-0 0 2404 43 44 3 1 0.8316 0.7034 123 118
334-0-1-0.05-50-0 0 2405 22 49 14 8 0.0160 0.1842 311 136
334-0-1-0.05-50-0 0 2405 24 6 8 10 0.1940 0.4266 254 249
334-0-1-0.05-50-0 0 2405 49 25 7 5 0.1842 0.9430 136 125
334-0-1-0.05-50-0 0 2406 48 32 6 14 0.1153 0.6514 334 215
334-0-1-0.05-50-0 0 2406 30 46 4 8 0.6008 0.3451 266 327
334-0-1-0.05-50-0 0 2406 48 39 6 16 0.1153 0.2187 334 309
334-0-1-0.05-50-0 0 2407 39 46 17 6 0.2187 0.3451 309 327
334-0-1-0.05-50-0 0 2407 39 6 17 9 0.2187 0.4266 309 249
334-0-1-0.05-50-0 0 2407 31 49 7 6 0.5626 0.1842 252 136
334-0-1-0.05-50-0 0 2408 22 22 14 14 0.0160 0.0160 311 311
334-0-1-0.05-50-0 0 2408 1 4 8 17 0.2520 0.0723 409 351
334-0-1-0.05-50-0 0 2408 22 32 13 12 0.0160 0.6514 311 215
334-0-1-0.05-50-0 0 2409 4 5 16 4 0.0723 0.0007 351 226
334-0-1-0.05-50-0 0 2409 43 6 4 7 0.8316 0.4266 123 249
334-0-1-0.05-50-0 0 2409 38 34 4 1 0.6163 0.7448 270 168
334-0-1-0.05-50-0 0 2410 24 32 6 10 0.1940 0.6514 254 215
334-0-1-0.05-50-0 0 2410 1 35 9 13 0.2520 0.0354 409 158
334-0-1-0.05-50-0 0 2410 4 22 16 12 0.0723 0.0160 351 311
334-0-1-0.05-50-0 0 2411 48 25 5 2 0.1153 0.9430 334 125
334-0-1-0.05-50-0 0 2411 35 22 12 12 0.0354 0.0160 158 311
334-0-1-0.05-50-0 0 2411 39 10 20 2 0.2187 0.2533 309 449
334-0-1-0.05-50-0 0 2412 6 49 6 5 0.4266 0.1842 249 136
334-0-1-0.05-50-0 0 2412 38 4 4 17 0.6163 0.0723 270 351
334-0-1-0.05-50-0 0 2412 24 31 6 8 0.1940 0.5626 254 252
334-0-1-0.05-50-0 0 2413 22 43 10 3 0.0160 0.8316 311 123
334-0-1-0.05-50-0 0 2413 4 28 16 2 0.0723 0.3846 351 311
334-0-1-0.05-50-0 0 2413 22 31 10 7 0.0160 0.5626 311 252
334-0-1-0.05-50-0 0 2414 6 22 6 11 0.4266 0.0160 249 311
334-0-1-0.05-50-0 0 2414 39 35 20 11 0.2187 0.0354 309 158
334-0-1-0.05-50-0 0 2414 8 29 15 3 0.2506 0.6728 303 177
334-0-1-0.05-50-0 0 2415 32 6 9 6 0.6514 0.4266 215 249
334-0-1-0.05-50-0 0 2415 39 4 22 16 0.2187 0.0723 309 351
334-0-1-0.05-50-0 0 2415 35 37 11 1 0.0354 0.8481 158 127
334-0-1-0.05-50-0 0 2416 39 5 22 4 0.2187 0.0007 309 226
334-0-1-0.05-50-0 0 2416 24 35 6 10 0.1940 0.0354 254 158
334-0-1-0.05-50-0 0 2416 1 26 8 1 0.2520 0.8171 409 141
334-0-1-0.05-50-0 0 2417 4 4 16 16 0.0723 0.0723 351 351
334-0-1-0.05-50-0 0 2417 33 14 2 2 0.6893 0.8451 191 105
334-0-1-0.05-50-0 0 2417 39 31 24 5 0.2187 0.5626 309 252
334-0-1-0.05-50-0 0 2418 46 5 4 3 0.3451 0.0007 327 226
334-0-1-0.05-50-0 0 2418 2 18 2 1 0.8198 0.2181 167 226
334-0-1-0.05-50-0 0 2418 30 39 4 24 0.6008 0.2187 266 309
334-0-1-0.05-50-0 0 2419 8 8 14 14 0.2506 0.2506 303 303
334-0-1-0.05-50-0 0 2419 4 39 17 25 0.0723 0.2187 351 309
334-0-1-0.05-50-0 0 2419 4 4 17 17 0.0723 0.0723 351 351
334-0-1-0.05-50-0 0 2420 4 39 17 27 0.0723 0.2187 351 309
334-0-1-0.05-50-0 0 2420 8 6 14 6 0.2506 0.4266 303 249
334-0-1-0.05-50-0 0 2420 22 1 10 9 0.0160 0.2520 311 409
334-0-1-0.05-50-0 0 2421 30 24 4 7 0.6008 0.1940 266 254
334-0-1-0.05-50-0 0 2421 35 39 12 27 0.0354 0.2187 158 309
334-0-1-0.05-50-0 0 2421 1 39 9 26 0.2520 0.2187 409 309
334-0-1-0.05-50-0 0 2422 32 5 8 2 0.6514 0.0007 215 226
334-0-1-0.05-50-0 0 2422 39 2 26 2 0.2187 0.8198 309 167
334-0-1-0.05-50-0 0 2422 39 38 26 5 0.2187 0.6163 309 270
334-0-1-0.05-50-0 0 2423 25 22 1 11 0.9430 0.0160 125 311
334-0-1-0.05-50-0 0 2423 39 6 27 7 0.2187 0.4266 309 249
334-0-1-0.05-50-0 0 2423 6 23 6 3 0.4266 0.1698 249 476
334-0-1-0.05-50-0 0 2424 8 49 15 6 0.2506 0.1842 303 136
334-0-1-0.05-50-0 0 2424 22 2 10 2 0.0160 0.8198 311 167
334-0-1-0.05-50-0 0 2424 24 38 4 4 0.1940 0.6163 254 270
334-0-1-0.05-50-0 0 2425 30 33 5 2 0.6008 0.6893 266 191
334-0-1-0.05-50-0 0 2425 1 46 8 5 0.2520 0.3451 409 327
334-0-1-0.05-50-0 0 2425 39 4 29 17 0.2187 0.0723 309 351
334-0-1-0.05-50-0 0 2426 38 24 3 5 0.6163 0.1940 270 254
334-0-1-0.05-50-0 0 2426 4 1 18 9 0.0723 0.2520 351 409
334-0-1-0.05-50-0 0 2426 2 12 1 2 0.8198 0.1896 167 325
334-0-1-0.05-50-0 0 2427 23 8 2 15 0.1698 0.2506 476 303
334-0-1-0.05-50-0 0 2427 8 8 14 14 0.2506 0.2506 303 303
334-0-1-0.05-50-0 0 2427 4 1 16 7 0.0723 0.2520 351 409
334-0-1-0.05-50-0 0 2428 4 6 17 5 0.0723 0.4266 351 249
334-0-1-0.05-50-0 0 2428 35 38 18 4 0.0354 0.6163 158 270
334-0-1-0.05-50-0 0 2428 1 39 6 28 0.2520 0.2187 409 309
334-0-1-0.05-50-0 0 2429 1 30 6 6 0.2520 0.6008 409 266
334-0-1-0.05-50-0 0 2429 8 22 12 11 0.2506 0.0160 303 311
334-0-1-0.05-50-0 0 2429 31 39 1 26 0.5626 0.2187 252 309
334-0-1-0.05-50-0 0 2430 35 39 19 26 0.0354 0.2187 158 309
334-0-1-0.05-50-0 0 2430 28 35 5 19 0.3846 0.0354 311 158
334-0-1-0.05-50-0 0 2430 38 38 3 3 0.6163 0.6163 270 270
334-0-1-0.05-50-0 0 2431 32 25 7 1 0.6514 0.9430 215 125
334-0-1-0.05-50-0 0 2431 48 39 2 24 0.1153 0.2187 334 309
334-0-1-0.05-50-0 0 2431 28 35 6 18 0.3846 0.0354 311 158
334-0-1-0.05-50-0 0 2432 36 8 2 10 0.8162 0.2506 165 303
334-0-1-0.05-50-0 0 2432 35 32 19 7 0.0354 0.6514 158 215
334-0-1-0.05-50-0 0 2432 4 28 21 6 0.0723 0.3846 351 311
334-0-1-0.05-50-0 0 2433 35 35 19 19 0.0354 0.0354 158 158
334-0-1-0.05-50-0 0 2433 4 46 22 4 0.0723 0.3451 351 327
334-0-1-0.05-50-0 0 2433 35 39 18 23 0.0354 0.2187 158 309
334-0-1-0.05-50-0 0 2434 4 36 24 4 0.0723 0.8162 351 165
334-0-1-0.05-50-0 0 2434 32 30 6 7 0.6514 0.6008 215 266
334-0-1-0.05-50-0 0 2434 4 39 24 22 0.0723 0.2187 351 309
334-0-1-0.05-50-0 0 2435 32 3 6 1 0.6514 0.4813 215 321
334-0-1-0.05-50-0 0 2435 32 39 6 21 0.6514 0.2187 215 309
334-0-1-0.05-50-0 0 2435 39 22 20 12 0.2187 0.0160 309 311
334-0-1-0.05-50-0 0 2436 35 35 18 18 0.0354 0.0354 158 158
334-0-1-0.05-50-0 0 2436 49 39 3 20 0.1842 0.2187 136 309
334-0-1-0.05-50-0 0 2436 32 39 6 19 0.6514 0.2187 215 309
334-0-1-0.05-50-0 0 2437 4 4 21 21 0.0723 0.0723 351 351
334-0-1-0.05-50-0 0 2437 39 32 18 6 0.2187 0.6514 309 215
334-0-1-0.05-50-0 0 2437 4 41 20 2 0.0723 0.9621 351 105
334-0-1-0.05-50-0 0 2438 49 8 4 12 0.1842 0.2506 136 303
334-0-1-0.05-50-0 0 2438 35 39 17 19 0.0354 0.2187 158 309
334-0-1-0.05-50-0 0 2439 4 39 22 18 0.0723 0.2187 351 309
334-0-1-0.05-50-0 0 2439 21 4 6 22 0.4184 0.0723 158 351
334-0-1-0.05-50-0 0 2439 10 35 1 18 0.2533 0.0354 449 158
334-0-1-0.05-50-0 0 2440 4 1 21 6 0.0723 0.2520 351 409
334-0-1-0.05-50-0 0 2440 30 8 9 11 0.6008 0.2506 266 303
334-0-1-0.05-50-0 0 2440 4 39 21 16 0.0723 0.2187 351 309
334-0-1-0.05-50-0 0 2441 12 39 4 14 0.1896 0.2187 325 309
334-0-1-0.05-50-0 0 2441 1 4 5 22 0.2520 0.0723 409 351
334-0-1-0.05-50-0 0 2442 28 39 3 14 0.3846 0.2187 311 309
334-0-1-0.05-50-0 0 2442 36 36 5 5 0.8162 0.8162 165 165
334-0-1-0.05-50-0 0 2442 8 22 11 11 0.2506 0.0160 303 311
334-0-1-0.05-50-0 0 2443 22 38 10 3 0.0160 0.6163 311 270
334-0-1-0.05-50-0 0 2443 22 39 10 15 0.0160 0.2187 311 309
334-0-1-0.05-50-0 0 2443 8 43 10 3 0.2506 0.8316 303 123
334-0-1-0.05-50-0 0 2444 4 36 21 5 0.0723 0.8162 351 165
334-0-1-0.05-50-0 0 2444 31 4 2 21 0.5626 0.0723 252 351
334-0-1-0.05-50-0 0 2444 32 4 6 20 0.6514 0.0723 215 351
334-0-1-0.05-50-0 0 2445 20 4 2 19 0.9922 0.0723 102 351
334-0-1-0.05-50-0 0 2445 30 28 11 3 0.6008 0.3846 266 311
334-0-1-0.05-50-0 0 2446 4 35 17 15 0.0723 0.0354 351 158
334-0-1-0.05-50-0 0 2446 24 15 1 2 0.1940 0.7918 254 149
334-0-1-0.05-50-0 0 2447 4 22 18 10 0.0723 0.0160 351 311
334-0-1-0.05-50-0 0 2447 4 22 18 9 0.0723 0.0160 351 311
334-0-1-0.05-50-0 0 2447 30 30 12 12 0.6008 0.6008 266 266
334-0-1-0.05-50-0 0 2448 30 4 13 18 0.6008 0.0723 266 351
334-0-1-0.05-50-0 0 2448 10 1 2 4 0.2533 0.2520 449 409
334-0-1-0.05-50-0 0 2448 36 35 5 12 0.8162 0.0354 165 158
334-0-1-0.05-50-0 0 2449 22 30 8 12 0.0160 0.6008 311 266
334-0-1-0.05-50-0 0 2449 12 32 8 7 0.1896 0.6514 325 215
334-0-1-0.05-50-0 0 2449 4 49 16 5 0.0723 0.1842 351 136
334-0-1-0.05-50-0 0 2450 30 4 11 16 0.6008 0.0723 266 351
334-0-1-0.05-50-0 0 2450 24 17 1 4 0.1940 0.6398 254 197
334-0-1-0.05-50-0 0 2451 39 28 16 4 0.2187 0.3846 309 311
334-0-1-0.05-50-0 0 2451 21 49 5 4 0.4184 0.1842 158 136
334-0-1-0.05-50-0 0 2452 36 1 4 4 0.8162 0.2520 165 409
334-0-1-0.05-50-0 0 2452 20 4 2 15 0.9922 0.0723 102 351
334-0-1-0.05-50-0 0 2452 39 29 17 2 0.2187 0.6728 309 177
334-0-1-0.05-50-0 0 2453 31 39 4 16 0.5626 0.2187 252 309
334-0-1-0.05-50-0 0 2453 32 29 7 1 0.6514 0.6728 215 177
334-0-1-0.05-50-0 0 2453 39 39 15 15 0.2187 0.2187 309 309
334-0-1-0.05-50-0 0 2454 42 30 1 13 0.7447 0.6008 106 266
334-0-1-0.05-50-0 0 2454 15 17 2 4 0.7918 0.6398 149 197
334-0-1-0.05-50-0 0 2454 8 4 10 17 0.2506 0.0723 303 351
334-0-1-0.05-50-0 0 2455 38 10 3 4 0.6163 0.2533 270 449
334-0-1-0.05-50-0 0 2455 28 42 5 1 0.3846 0.7447 311 106
334-0-1-0.05-50-0 0 2455 36 36 3 3 0.8162 0.8162 165 165
334-0-1-0.05-50-0 0 2456 6 8 4 8 0.4266 0.2506 249 303
334-0-1-0.05-50-0 0 2456 30 39 14 14 0.6008 0.2187 266 309
334-0-1-0.05-50-0 0 2456 4 28 16 5 0.0723 0.3846 351 311
334-0-1-0.05-50-0 0 2457 49 39 6 12 0.1842 0.2187 136 309
334-0-1-0.05-50-0 0 2457 38 21 3 6 0.6163 0.4184 270 158
334-0-1-0.05-50-0 0 2457 10 27 3 4 0.2533 0.0776 449 149
334-0-1-0.05-50-0 0 2458 4 27 17 4 0.0723 0.0776 351 149
334-0-1-0.05-50-0 0 2458 38 44 3 1 0.6163 0.7034 270 118
334-0-1-0.05-50-0 0 2458 21 4 5 17 0.4184 0.0723 158 351
334-0-1-0.05-50-0 0 2459 30 46 14 3 0.6008 0.3451 266 327
334-0-1-0.05-50-0 0 2459 30 21 14 4 0.6008 0.4184 266 158
334-0-1-0.05-50-0 0 2459 28 31 5 5 0.3846 0.5626 311 252
334-0-1-0.05-50-0 0 2460 4 22 17 8 0.0723 0.0160 351 311
334-0-1-0.05-50-0 0 2460 35 24 13 2 0.0354 0.1940 158 254
334-0-1-0.05-50-0 0 2460 4 30 17 14 0.0723 0.6008 351 266
334-0-1-0.05-50-0 0 2461 27 39 3 14 0.0776 0.2187 149 309
334-0-1-0.05-50-0 0 2461 11 8 2 7 0.0504 0.2506 384 303
334-0-1-0.05-50-0 0 2461 21 22 4 6 0.4184 0.0160 158 311
334-0-1-0.05-50-0 0 2462 28 22 5 7 0.3846 0.0160 311 311
334-0-1-0.05-50-0 0 2462 22 22 6 6 0.0160 0.0160 311 311
334-0-1-0.05-50-0 0 2462 21 8 4 7 0.4184 0.2506 158 303
334-0-1-0.05-50-0 0 2463 8 39 6 12 0.2506 0.2187 303 309
334-0-1-0.05-50-0 0 2463 22 12 6 13 0.0160 0.1896 311 325
334-0-1-0.05-50-0 0 2463 12 11 12 3 0.1896 0.0504 325 384
334-0-1-0.05-50-0 0 2464 1 23 4 5 0.2520 0.1698 409 476
334-0-1-0.05-50-0 0 2464 12 23 11 4 0.1896 0.1698 325 476
334-0-1-0.05-50-0 0 2464 41 45 2 3 0.9621 0.3816 105 173
334-0-1-0.05-50-0 0 2465 45 5 3 3 0.3816 0.0007 173 226
334-0-1-0.05-50-0 0 2465 17 36 2 2 0.6398 0.8162 197 165
334-0-1-0.05-50-0 0 2465 27 23 4 3 0.0776 0.1698 149 476
334-0-1-0.05-50-0 0 2466 39 11 10 3 0.2187 0.0504 309 384
334-0-1-0.05-50-0 0 2466 8 12 8 11 0.2506 0.1896 303 325
334-0-1-0.05-50-0 0 2466 49 46 7 3 0.1842 0.3451 136 327
334-0-1-0.05-50-0 0 2467 39 32 11 7 0.2187 0.6514 309 215
334-0-1-0.05-50-0 0 2467 28 15 7 6 0.3846 0.7918 311 149
334-0-1-0.05-50-0 0 2467 22 27 8 4 0.0160 0.0776 311 149
334-0-1-0.05-50-0 0 2468 38 12 3 11 0.6163 0.1896 270 325
334-0-1-0.05-50-0 0 2468 4 39 14 11 0.0723 0.2187 351 309
334-0-1-0.05-50-0 0 2468 39 8 10 7 0.2187 0.2506 309 303
334-0-1-0.05-50-0 0 2469 39 28 9 8 0.2187 0.3846 309 311
334-0-1-0.05-50-0 0 2469 30 39 13 9 0.6008 0.2187 266 309
334-0-1-0.05-50-0 0 2469 24 46 4 3 0.1940 0.3451 254 327
334-0-1-0.05-50-0 0 2470 4 49 14 5 0.0723 0.1842 351 136
334-0-1-0.05-50-0 0 2470 32 22 3 8 0.6514 0.0160 215 311
334-0-1-0.05-50-0 0 2470 39 4 9 14 0.2187 0.0723 309 351
334-0-1-0.05-50-0 0 2471 28 1 8 4 0.3846 0.2520 311 409
334-0-1-0.05-50-0 0 2471 35 4 18 14 0.0354 0.0723 158 351
334-0-1-0.05-50-0 0 2471 12 8 9 6 0.1896 0.2506 325 303
334-0-1-0.05-50-0 0 2472 28 12 8 9 0.3846 0.1896 311 325
334-0-1-0.05-50-0 0 2472 35 21 18 7 0.0354 0.4184 158 158
334-0-1-0.05-50-0 0 2472 32 22 5 7 0.6514 0.0160 215 311
334-0-1-0.05-50-0 0 2473 28 6 8 11 0.3846 0.4266 311 249
334-0-1-0.05-50-0 0 2473 32 49 5 4 0.6514 0.1842 215 136
334-0-1-0.05-50-0 0 2473 21 27 6 3 0.4184 0.0776 158 149
334-0-1-0.05-50-0 0 2474 30 28 14 9 0.6008 0.3846 266 311
334-0-1-0.05-50-0 0 2474 30 35 14 18 0.6008 0.0354 266 158
334-0-1-0.05-50-0 0 2474 35 6 17 11 0.0354 0.4266 158 249
334-0-1-0.05-50-0 0 2475 39 36 10 2 0.2187 0.8162 309 165
334-0-1-0.05-50-0 0 2475 21 4 7 12 0.4184 0.0723 158 351
334-0-1-0.05-50-0 0 2475 21 30 7 15 0.4184 0.6008 158 266
334-0-1-0.05-50-0 0 2476 8 49 7 2 0.2506 0.1842 303 136
334-0-1-0.05-50-0 0 2476 47 23 2 1 0.9293 0.1698 103 476
334-0-1-0.05-50-0 0 2476 1 15 4 2 0.2520 0.7918 409 149
334-0-1-0.05-50-0 0 2477 12 21 8 8 0.1896 0.4184 325 158
334-0-1-0.05-50-0 0 2477 21 21 7 7 0.4184 0.4184 158 158
334-0-1-0.05-50-0 0 2477 30 31 17 2 0.6008 0.5626 266 252
334-0-1-0.05-50-0 0 2478 8 6 7 12 0.2506 0.4266 303 249
334-0-1-0.05-50-0 0 2478 29 39 2 12 0.6728 0.2187 177 309
334-0-1-0.05-50-0 0 2478 22 30 7 17 0.0160 0.6008 311 266
334-0-1-0.05-50-0 0 2479 45 39 3 12 0.3816 0.2187 173 309
334-0-1-0.05-50-0 0 2479 11 2 4 2 0.0504 0.8198 384 167
334-0-1-0.05-50-0 0 2479 4 32 12 6 0.0723 0.6514 351 215
334-0-1-0.05-50-0 0 2480 22 35 7 17 0.0160 0.0354 311 158
334-0-1-0.05-50-0 0 2480 30 30 17 17 0.6008 0.6008 266 266
334-0-1-0.05-50-0 0 2480 28 39 8 11 0.3846 0.2187 311 309
334-0-1-0.05-50-0 0 2481 32 28 5 8 0.6514 0.3846 215 311
334-0-1-0.05-50-0 0 2481 4 41 10 4 0.0723 0.9621 351 105
334-0-1-0.05-50-0 0 2481 30 8 16 8 0.6008 0.2506 266 303
334-0-1-0.05-50-0 0 2482 9 39 1 9 0.6134 0.2187 161 309
334-0-1-0.05-50-0 0 2482 8 8 6 6 0.2506 0.2506 303 303
334-0-1-0.05-50-0 0 2482 47 10 3 10 0.9293 0.2533 103 449
334-0-1-0.05-50-0 0 2483 35 6 20 10 0.0354 0.4266 158 249
334-0-1-0.05-50-0 0 2483 2 49 1 2 0.8198 0.1842 167 136
334-0-1-0.05-50-0 0 2483 17 28 2 8 0.6398 0.3846 197 311
334-0-1-0.05-50-0 0 2484 30 6 17 9 0.6008 0.4266 266 249
334-0-1-0.05-50-0 0 2484 8 10 5 10 0.2506 0.2533 303 449
334-0-1-0.05-50-0 0 2484 19 27 1 4 0.8072 0.0776 134 149
334-0-1-0.05-50-0 0 2485 36 45 1 3 0.8162 0.3816 165 173
334-0-1-0.05-50-0 0 2485 38 21 1 8 0.6163 0.4184 270 158
334-0-1-0.05-50-0 0 2485 19 4 1 11 0.8072 0.0723 134 351
334-0-1-0.05-50-0 0 2486 35 21 21 7 0.0354 0.4184 158 158
334-0-1-0.05-50-0 0 2486 4 30 10 17 0.0723 0.6008 351 266
334-0-1-0.05-50-0 0 2486 35 10 21 9 0.0354 0.2533 158 449
334-0-1-0.05-50-0 0 2487 19 22 3 7 0.8072 0.0160 134 311
334-0-1-0.05-50-0 0 2487 35 28 19 9 0.0354 0.3846 158 311
334-0-1-0.05-50-0 0 2487 28 21 8 6 0.3846 0.4184 311 158
334-0-1-0.05-50-0 0 2488 41 35 8 20 0.9621 0.0354 105 158
334-0-1-0.05-50-0 0 2488 19 30 3 17 0.8072 0.6008 134 266
334-0-1-0.05-50-0 0 2488 35 6 19 9 0.0354 0.4266 158 249
334-0-1-0.05-50-0 0 2489 35 30 19 16 0.0354 0.6008 158 266
334-0-1-0.05-50-0 0 2489 17 41 2 7 0.6398 0.9621 197 105
334-0-1-0.05-50-0 0 2490 41 32 6 5 0.9621 0.6514 105 215
334-0-1-0.05-50-0 0 2490 39 45 8 1 0.2187 0.3816 309 173
334-0-1-0.05-50-0 0 2491 39 32 8 4 0.2187 0.6514 309 215
334-0-1-0.05-50-0 0 2491 1 30 3 14 0.2520 0.6008 409 266
334-0-1-0.05-50-0 0 2491 28 21 7 5 0.3846 0.4184 311 158
334-0-1-0.05-50-0 0 2492 21 8 4 7 0.4184 0.2506 158 303
334-0-1-0.05-50-0 0 2492 35 19 19 4 0.0354 0.8072 158 134
334-0-1-0.05-50-0 0 2492 12 12 6 6 0.1896 0.1896 325 325
334-0-1-0.05-50-0 0 2493 22 12 8 5 0.0160 0.1896 311 325
334-0-1-0.05-50-0 0 2493 28 8 7 7 0.3846 0.2506 311 303
334-0-1-0.05-50-0 0 2493 30 35 11 21 0.6008 0.0354 266 158
334-0-1-0.05-50-0 0 2494 41 8 8 6 0.9621 0.2506 105 303
334-0-1-0.05-50-0 0 2494 41 35 8 20 0.9621 0.0354 105 158
334-0-1-0.05-50-0 0 2494 27 4 4 10 0.0776 0.0723 149 351
334-0-1-0.05-50-0 0 2495 4 21 8 4 0.0723 0.4184 351 158
334-0-1-0.05-50-0 0 2495 10 30 10 13 0.2533 0.6008 449 266
334-0-1-0.05-50-0 0 2495 28 30 7 12 0.3846 0.6008 311 266
334-0-1-0.05-50-0 0 2496 39 28 9 6 0.2187 0.3846 309 311
334-0-1-0.05-50-0 0 2496 22 39 10 9 0.0160 0.2187 311 309
334-0-1-0.05-50-0 0 2496 1 41 3 10 0.2520 0.9621 409 105
334-0-1-0.05-50-0 0 2497 35 32 21 3 0.0354 0.6514 158 215
334-0-1-0.05-50-0 0 2497 4 6 8 10 0.0723 0.4266 351 249
334-0-1-0.05-50-0 0 2498 4 4 8 8 0.0723 0.0723 351 351
334-0-1-0.05-50-0 0 2498 10 10 10 10 0.2533 0.2533 449 449
334-0-1-0.05-50-0 0 2499 1 35 3 19 0.2520 0.0354 409 158
334-0-1-0.05-50-0 0 2499 14 37 1 1 0.8451 0.8481 105 127
334-0-1-0.05-50-0 0 2500 4 35 8 20 0.0723 0.0354 351 158
334-0-1-0.05-50-0 0 2500 6 27 10 4 0.4266 0.0776 249 149
