341-0-1-0.05-50-0 0 2302 45 6 1 1 0.3816 0.4266 173 249
341-0-1-0.05-50-0 0 2302 24 12 5 6 0.1940 0.1896 254 325
341-0-1-0.05-50-0 0 2303 28 14 1 10 0.3846 0.8451 311 105
341-0-1-0.05-50-0 0 2303 30 3 4 8 0.6008 0.4813 266 321
341-0-1-0.05-50-0 0 2304 21 23 4 1 0.4184 0.1698 158 476
341-0-1-0.05-50-0 0 2304 46 14 8 8 0.3451 0.8451 327 105
341-0-1-0.05-50-0 0 2305 32 3 2 8 0.6514 0.4813 215 321
341-0-1-0.05-50-0 0 2305 38 38 7 7 0.6163 0.6163 270 270
341-0-1-0.05-50-0 0 2306 37 20 4 3 0.8481 0.9922 127 102
341-0-1-0.05-50-0 0 2306 31 12 3 7 0.5626 0.1896 252 325
341-0-1-0.05-50-0 0 2307 19 30 4 4 0.8072 0.6008 134 266
341-0-1-0.05-50-0 0 2307 29 50 3 12 0.6728 0.2147 177 147
341-0-1-0.05-50-0 0 2308 12 28 6 1 0.1896 0.3846 325 311
341-0-1-0.05-50-0 0 2308 14 40 4 2 0.8451 0.9739 105 104
341-0-1-0.05-50-0 0 2309 50 49 10 5 0.2147 0.1842 147 136
341-0-1-0.05-50-0 0 2309 26 3 4 7 0.8171 0.4813 141 321
341-0-1-0.05-50-0 0 2310 29 32 4 2 0.6728 0.6514 177 215
341-0-1-0.05-50-0 0 2310 12 49 7 4 0.1896 0.1842 325 136
341-0-1-0.05-50-0 0 2311 10 12 4 8 0.2533 0.1896 449 325
341-0-1-0.05-50-0 0 2311 30 29 3 4 0.6008 0.6728 266 177
341-0-1-0.05-50-0 0 2312 37 46 6 12 0.8481 0.3451 127 327
341-0-1-0.05-50-0 0 2312 46 35 11 1 0.3451 0.0354 327 158
341-0-1-0.05-50-0 0 2313 2 13 1 2 0.8198 0.8878 167 151
341-0-1-0.05-50-0 0 2313 49 26 3 6 0.1842 0.8171 136 141
341-0-1-0.05-50-0 0 2314 24 43 3 2 0.1940 0.8316 254 123
341-0-1-0.05-50-0 0 2314 15 14 4 3 0.7918 0.8451 149 105
341-0-1-0.05-50-0 0 2315 10 32 4 1 0.2533 0.6514 449 215
341-0-1-0.05-50-0 0 2315 40 44 1 1 0.9739 0.7034 104 118
341-0-1-0.05-50-0 0 2316 46 12 11 8 0.3451 0.1896 327 325
341-0-1-0.05-50-0 0 2316 15 50 5 12 0.7918 0.2147 149 147
341-0-1-0.05-50-0 0 2317 21 50 7 11 0.4184 0.2147 158 147
341-0-1-0.05-50-0 0 2317 37 31 5 6 0.8481 0.5626 127 252
341-0-1-0.05-50-0 0 2318 15 4 6 3 0.7918 0.0723 149 351
341-0-1-0.05-50-0 0 2318 50 10 10 4 0.2147 0.2533 147 449
341-0-1-0.05-50-0 0 2319 24 3 4 5 0.1940 0.4813 254 321
341-0-1-0.05-50-0 0 2319 2 37 2 5 0.8198 0.8481 167 127
341-0-1-0.05-50-0 0 2320 21 9 9 4 0.4184 0.6134 158 161
341-0-1-0.05-50-0 0 2320 19 26 4 4 0.8072 0.8171 134 141
341-0-1-0.05-50-0 0 2321 19 36 4 1 0.8072 0.8162 134 165
341-0-1-0.05-50-0 0 2321 49 3 5 5 0.1842 0.4813 136 321
341-0-1-0.05-50-0 0 2322 38 49 9 5 0.6163 0.1842 270 136
341-0-1-0.05-50-0 0 2322 37 50 3 11 0.8481 0.2147 127 147
341-0-1-0.05-50-0 0 2323 21 4 6 4 0.4184 0.0723 158 351
341-0-1-0.05-50-0 0 2323 21 37 6 3 0.4184 0.8481 158 127
341-0-1-0.05-50-0 0 2324 24 38 4 9 0.1940 0.6163 254 270
341-0-1-0.05-50-0 0 2324 30 46 3 9 0.6008 0.3451 266 327
341-0-1-0.05-50-0 0 2325 21 4 5 4 0.4184 0.0723 158 351
341-0-1-0.05-50-0 0 2325 12 9 7 6 0.1896 0.6134 325 161
341-0-1-0.05-50-0 0 2326 31 4 9 3 0.5626 0.0723 252 351
341-0-1-0.05-50-0 0 2326 27 9 2 5 0.0776 0.6134 149 161
341-0-1-0.05-50-0 0 2327 15 40 6 3 0.7918 0.9739 149 104
341-0-1-0.05-50-0 0 2327 40 50 2 11 0.9739 0.2147 104 147
341-0-1-0.05-50-0 0 2328 31 46 8 8 0.5626 0.3451 252 327
341-0-1-0.05-50-0 0 2328 3 31 4 8 0.4813 0.5626 321 252
341-0-1-0.05-50-0 0 2329 11 39 1 2 0.0504 0.2187 384 309
341-0-1-0.05-50-0 0 2329 40 12 3 7 0.9739 0.1896 104 325
341-0-1-0.05-50-0 0 2330 47 24 1 7 0.9293 0.1940 103 254
341-0-1-0.05-50-0 0 2330 25 12 2 6 0.9430 0.1896 125 325
341-0-1-0.05-50-0 0 2331 40 29 2 3 0.9739 0.6728 104 177
341-0-1-0.05-50-0 0 2331 31 37 9 2 0.5626 0.8481 252 127
341-0-1-0.05-50-0 0 2332 3 50 5 10 0.4813 0.2147 321 147
341-0-1-0.05-50-0 0 2332 30 21 4 6 0.6008 0.4184 266 158
341-0-1-0.05-50-0 0 2333 49 30 5 4 0.1842 0.6008 136 266
341-0-1-0.05-50-0 0 2333 38 50 13 11 0.6163 0.2147 270 147
341-0-1-0.05-50-0 0 2334 23 46 1 8 0.1698 0.3451 476 327
341-0-1-0.05-50-0 0 2334 21 3 6 5 0.4184 0.4813 158 321
341-0-1-0.05-50-0 0 2335 38 49 14 4 0.6163 0.1842 270 136
341-0-1-0.05-50-0 0 2335 24 1 8 2 0.1940 0.2520 254 409
341-0-1-0.05-50-0 0 2336 10 21 3 7 0.2533 0.4184 449 158
341-0-1-0.05-50-0 0 2336 26 50 6 7 0.8171 0.2147 141 147
341-0-1-0.05-50-0 0 2337 9 14 4 2 0.6134 0.8451 161 105
341-0-1-0.05-50-0 0 2337 31 50 9 5 0.5626 0.2147 252 147
341-0-1-0.05-50-0 0 2338 38 33 15 2 0.6163 0.6893 270 191
341-0-1-0.05-50-0 0 2338 37 50 1 4 0.8481 0.2147 127 147
341-0-1-0.05-50-0 0 2339 47 12 1 6 0.9293 0.1896 103 325
341-0-1-0.05-50-0 0 2339 24 3 7 3 0.1940 0.4813 254 321
341-0-1-0.05-50-0 0 2340 33 26 1 7 0.6893 0.8171 191 141
341-0-1-0.05-50-0 0 2340 10 48 4 2 0.2533 0.1153 449 334
341-0-1-0.05-50-0 0 2341 43 43 6 6 0.8316 0.8316 123 123
341-0-1-0.05-50-0 0 2341 19 48 5 1 0.8072 0.1153 134 334
341-0-1-0.05-50-0 0 2342 19 31 6 10 0.8072 0.5626 134 252
341-0-1-0.05-50-0 0 2342 38 33 21 1 0.6163 0.6893 270 191
341-0-1-0.05-50-0 0 2343 28 3 1 1 0.3846 0.4813 311 321
341-0-1-0.05-50-0 0 2343 38 26 20 4 0.6163 0.8171 270 141
341-0-1-0.05-50-0 0 2344 30 10 2 3 0.6008 0.2533 266 449
341-0-1-0.05-50-0 0 2344 28 26 1 3 0.3846 0.8171 311 141
341-0-1-0.05-50-0 0 2345 43 19 5 5 0.8316 0.8072 123 134
341-0-1-0.05-50-0 0 2345 38 49 22 2 0.6163 0.1842 270 136
341-0-1-0.05-50-0 0 2346 29 50 2 3 0.6728 0.2147 177 147
341-0-1-0.05-50-0 0 2346 30 9 2 3 0.6008 0.6134 266 161
341-0-1-0.05-50-0 0 2347 12 19 4 4 0.1896 0.8072 325 134
341-0-1-0.05-50-0 0 2347 21 38 6 22 0.4184 0.6163 158 270
341-0-1-0.05-50-0 0 2348 24 38 7 22 0.1940 0.6163 254 270
341-0-1-0.05-50-0 0 2348 12 21 4 6 0.1896 0.4184 325 158
341-0-1-0.05-50-0 0 2349 4 4 8 8 0.0723 0.0723 351 351
341-0-1-0.05-50-0 0 2349 38 29 21 2 0.6163 0.6728 270 177
341-0-1-0.05-50-0 0 2350 38 38 22 22 0.6163 0.6163 270 270
341-0-1-0.05-50-0 0 2350 13 38 4 21 0.8878 0.6163 151 270
341-0-1-0.05-50-0 0 2351 31 21 8 5 0.5626 0.4184 252 158
341-0-1-0.05-50-0 0 2351 12 19 5 4 0.1896 0.8072 325 134
341-0-1-0.05-50-0 0 2352 13 17 3 1 0.8878 0.6398 151 197
341-0-1-0.05-50-0 0 2352 21 40 5 3 0.4184 0.9739 158 104
341-0-1-0.05-50-0 0 2353 38 38 21 21 0.6163 0.6163 270 270
341-0-1-0.05-50-0 0 2353 10 50 1 3 0.2533 0.2147 449 147
341-0-1-0.05-50-0 0 2354 47 4 1 10 0.9293 0.0723 103 351
341-0-1-0.05-50-0 0 2354 15 12 4 6 0.7918 0.1896 149 325
341-0-1-0.05-50-0 0 2355 39 2 2 2 0.2187 0.8198 309 167
341-0-1-0.05-50-0 0 2355 38 21 20 5 0.6163 0.4184 270 158
341-0-1-0.05-50-0 0 2356 15 12 4 6 0.7918 0.1896 149 325
341-0-1-0.05-50-0 0 2356 43 38 10 20 0.8316 0.6163 123 270
341-0-1-0.05-50-0 0 2357 9 19 4 3 0.6134 0.8072 161 134
341-0-1-0.05-50-0 0 2357 26 24 4 5 0.8171 0.1940 141 254
341-0-1-0.05-50-0 0 2358 20 28 2 2 0.9922 0.3846 102 311
341-0-1-0.05-50-0 0 2358 12 39 5 2 0.1896 0.2187 325 309
341-0-1-0.05-50-0 0 2359 50 31 2 13 0.2147 0.5626 147 252
341-0-1-0.05-50-0 0 2359 31 4 12 11 0.5626 0.0723 252 351
341-0-1-0.05-50-0 0 2360 38 38 20 20 0.6163 0.6163 270 270
341-0-1-0.05-50-0 0 2360 13 24 5 3 0.8878 0.1940 151 254
341-0-1-0.05-50-0 0 2361 38 43 19 14 0.6163 0.8316 270 123
341-0-1-0.05-50-0 0 2361 4 43 10 13 0.0723 0.8316 351 123
341-0-1-0.05-50-0 0 2362 38 31 19 12 0.6163 0.5626 270 252
341-0-1-0.05-50-0 0 2362 4 17 9 1 0.0723 0.6398 351 197
341-0-1-0.05-50-0 0 2363 2 41 1 6 0.8198 0.9621 167 105
341-0-1-0.05-50-0 0 2363 16 18 1 1 0.2228 0.2181 149 226
341-0-1-0.05-50-0 0 2364 13 9 5 6 0.8878 0.6134 151 161
341-0-1-0.05-50-0 0 2364 38 21 19 4 0.6163 0.4184 270 158
341-0-1-0.05-50-0 0 2365 38 9 20 5 0.6163 0.6134 270 161
341-0-1-0.05-50-0 0 2365 24 43 4 13 0.1940 0.8316 254 123
341-0-1-0.05-50-0 0 2366 38 50 21 2 0.6163 0.2147 270 147
341-0-1-0.05-50-0 0 2366 38 43 21 12 0.6163 0.8316 270 123
341-0-1-0.05-50-0 0 2367 24 14 4 3 0.1940 0.8451 254 105
341-0-1-0.05-50-0 0 2367 38 46 19 6 0.6163 0.3451 270 327
341-0-1-0.05-50-0 0 2368 38 31 19 14 0.6163 0.5626 270 252
341-0-1-0.05-50-0 0 2368 31 31 13 13 0.5626 0.5626 252 252
341-0-1-0.05-50-0 0 2369 31 20 12 1 0.5626 0.9922 252 102
341-0-1-0.05-50-0 0 2369 32 24 1 6 0.6514 0.1940 215 254
341-0-1-0.05-50-0 0 2370 21 46 1 5 0.4184 0.3451 158 327
341-0-1-0.05-50-0 0 2370 4 38 12 20 0.0723 0.6163 351 270
341-0-1-0.05-50-0 0 2371 31 31 13 13 0.5626 0.5626 252 252
341-0-1-0.05-50-0 0 2371 38 38 19 19 0.6163 0.6163 270 270
341-0-1-0.05-50-0 0 2372 43 12 10 5 0.8316 0.1896 123 325
341-0-1-0.05-50-0 0 2372 41 4 5 12 0.9621 0.0723 105 351
341-0-1-0.05-50-0 0 2373 38 1 17 3 0.6163 0.2520 270 409
341-0-1-0.05-50-0 0 2373 38 24 17 3 0.6163 0.1940 270 254
341-0-1-0.05-50-0 0 2374 40 38 1 17 0.9739 0.6163 104 270
341-0-1-0.05-50-0 0 2374 22 38 3 16 0.0160 0.6163 311 270
341-0-1-0.05-50-0 0 2375 38 49 15 1 0.6163 0.1842 270 136
341-0-1-0.05-50-0 0 2375 31 14 11 5 0.5626 0.8451 252 105
341-0-1-0.05-50-0 0 2376 40 21 2 1 0.9739 0.4184 104 158
341-0-1-0.05-50-0 0 2376 38 19 16 1 0.6163 0.8072 270 134
341-0-1-0.05-50-0 0 2377 30 38 1 15 0.6008 0.6163 266 270
341-0-1-0.05-50-0 0 2377 43 31 11 10 0.8316 0.5626 123 252
341-0-1-0.05-50-0 0 2378 12 14 5 4 0.1896 0.8451 325 105
341-0-1-0.05-50-0 0 2378 43 14 12 3 0.8316 0.8451 123 105
341-0-1-0.05-50-0 0 2379 38 22 15 7 0.6163 0.0160 270 311
341-0-1-0.05-50-0 0 2379 31 43 11 12 0.5626 0.8316 252 123
341-0-1-0.05-50-0 0 2380 2 40 3 2 0.8198 0.9739 167 104
341-0-1-0.05-50-0 0 2380 26 13 5 7 0.8171 0.8878 141 151
341-0-1-0.05-50-0 0 2381 28 43 2 11 0.3846 0.8316 311 123
341-0-1-0.05-50-0 0 2381 14 15 2 4 0.8451 0.7918 105 149
341-0-1-0.05-50-0 0 2382 14 38 2 14 0.8451 0.6163 105 270
341-0-1-0.05-50-0 0 2382 15 40 3 4 0.7918 0.9739 149 104
341-0-1-0.05-50-0 0 2383 40 43 3 11 0.9739 0.8316 104 123
341-0-1-0.05-50-0 0 2383 26 6 5 2 0.8171 0.4266 141 249
341-0-1-0.05-50-0 0 2384 26 22 6 9 0.8171 0.0160 141 311
341-0-1-0.05-50-0 0 2384 13 13 7 7 0.8878 0.8878 151 151
341-0-1-0.05-50-0 0 2385 43 13 10 7 0.8316 0.8878 123 151
341-0-1-0.05-50-0 0 2385 26 41 4 6 0.8171 0.9621 141 105
341-0-1-0.05-50-0 0 2386 43 38 9 15 0.8316 0.6163 123 270
341-0-1-0.05-50-0 0 2386 43 31 9 11 0.8316 0.5626 123 252
341-0-1-0.05-50-0 0 2387 4 13 12 7 0.0723 0.8878 351 151
341-0-1-0.05-50-0 0 2387 43 9 8 1 0.8316 0.6134 123 161
341-0-1-0.05-50-0 0 2388 13 31 6 11 0.8878 0.5626 151 252
341-0-1-0.05-50-0 0 2388 31 41 10 4 0.5626 0.9621 252 105
341-0-1-0.05-50-0 0 2389 38 43 18 8 0.6163 0.8316 270 123
341-0-1-0.05-50-0 0 2389 21 2 1 2 0.4184 0.8198 158 167
341-0-1-0.05-50-0 0 2390 38 13 18 7 0.6163 0.8878 270 151
341-0-1-0.05-50-0 0 2390 31 38 10 18 0.5626 0.6163 252 270
341-0-1-0.05-50-0 0 2391 49 13 1 6 0.1842 0.8878 136 151
341-0-1-0.05-50-0 0 2391 38 26 17 4 0.6163 0.8171 270 141
341-0-1-0.05-50-0 0 2392 49 4 1 14 0.1842 0.0723 136 351
341-0-1-0.05-50-0 0 2392 45 6 2 2 0.3816 0.4266 173 249
341-0-1-0.05-50-0 0 2393 14 27 4 4 0.8451 0.0776 105 149
341-0-1-0.05-50-0 0 2393 30 11 2 2 0.6008 0.0504 266 384
341-0-1-0.05-50-0 0 2394 27 4 4 13 0.0776 0.0723 149 351
341-0-1-0.05-50-0 0 2394 43 38 9 20 0.8316 0.6163 123 270
341-0-1-0.05-50-0 0 2395 43 4 9 12 0.8316 0.0723 123 351
341-0-1-0.05-50-0 0 2395 41 38 4 19 0.9621 0.6163 105 270
341-0-1-0.05-50-0 0 2396 43 38 8 20 0.8316 0.6163 123 270
341-0-1-0.05-50-0 0 2396 14 12 3 4 0.8451 0.1896 105 325
341-0-1-0.05-50-0 0 2397 14 21 2 2 0.8451 0.4184 105 158
341-0-1-0.05-50-0 0 2397 38 2 20 2 0.6163 0.8198 270 167
341-0-1-0.05-50-0 0 2398 16 31 2 15 0.2228 0.5626 149 252
341-0-1-0.05-50-0 0 2398 31 23 14 3 0.5626 0.1698 252 476
341-0-1-0.05-50-0 0 2399 31 24 14 3 0.5626 0.1940 252 254
341-0-1-0.05-50-0 0 2399 22 19 14 3 0.0160 0.8072 311 134
341-0-1-0.05-50-0 0 2400 38 19 19 2 0.6163 0.8072 270 134
341-0-1-0.05-50-0 0 2400 4 15 15 4 0.0723 0.7918 351 149
341-0-1-0.05-50-0 0 2401 47 19 1 1 0.9293 0.8072 103 134
341-0-1-0.05-50-0 0 2401 43 38 8 18 0.8316 0.6163 123 270
341-0-1-0.05-50-0 0 2402 38 40 16 2 0.6163 0.9739 270 104
341-0-1-0.05-50-0 0 2402 38 4 16 15 0.6163 0.0723 270 351
341-0-1-0.05-50-0 0 2403 22 12 16 7 0.0160 0.1896 311 325
341-0-1-0.05-50-0 0 2403 31 43 15 8 0.5626 0.8316 252 123
341-0-1-0.05-50-0 0 2404 27 12 4 6 0.0776 0.1896 149 325
341-0-1-0.05-50-0 0 2404 22 9 15 3 0.0160 0.6134 311 161
341-0-1-0.05-50-0 0 2405 9 43 2 6 0.6134 0.8316 161 123
341-0-1-0.05-50-0 0 2405 15 18 3 3 0.7918 0.2181 149 226
341-0-1-0.05-50-0 0 2406 31 15 18 3 0.5626 0.7918 252 149
341-0-1-0.05-50-0 0 2406 4 27 18 4 0.0723 0.0776 351 149
341-0-1-0.05-50-0 0 2407 14 11 2 4 0.8451 0.0504 105 384
341-0-1-0.05-50-0 0 2407 43 16 5 2 0.8316 0.2228 123 149
341-0-1-0.05-50-0 0 2408 43 31 5 20 0.8316 0.5626 123 252
341-0-1-0.05-50-0 0 2408 28 2 3 2 0.3846 0.8198 311 167
341-0-1-0.05-50-0 0 2409 24 31 4 21 0.1940 0.5626 254 252
341-0-1-0.05-50-0 0 2409 45 31 4 20 0.3816 0.5626 173 252
341-0-1-0.05-50-0 0 2410 14 28 2 3 0.8451 0.3846 105 311
341-0-1-0.05-50-0 0 2410 9 43 2 7 0.6134 0.8316 161 123
341-0-1-0.05-50-0 0 2411 11 43 3 6 0.0504 0.8316 384 123
341-0-1-0.05-50-0 0 2411 3 22 1 17 0.4813 0.0160 321 311
341-0-1-0.05-50-0 0 2412 31 31 23 23 0.5626 0.5626 252 252
341-0-1-0.05-50-0 0 2412 4 31 24 22 0.0723 0.5626 351 252
341-0-1-0.05-50-0 0 2413 12 4 5 24 0.1896 0.0723 325 351
341-0-1-0.05-50-0 0 2413 38 4 15 23 0.6163 0.0723 270 351
341-0-1-0.05-50-0 0 2414 22 4 18 22 0.0160 0.0723 311 351
341-0-1-0.05-50-0 0 2414 22 31 18 20 0.0160 0.5626 311 252
341-0-1-0.05-50-0 0 2415 4 12 20 6 0.0723 0.1896 351 325
341-0-1-0.05-50-0 0 2415 30 28 1 2 0.6008 0.3846 266 311
341-0-1-0.05-50-0 0 2416 18 2 3 1 0.2181 0.8198 226 167
341-0-1-0.05-50-0 0 2416 11 31 3 19 0.0504 0.5626 384 252
341-0-1-0.05-50-0 0 2417 43 31 4 18 0.8316 0.5626 123 252
341-0-1-0.05-50-0 0 2417 38 8 15 1 0.6163 0.2506 270 303
341-0-1-0.05-50-0 0 2418 6 31 1 16 0.4266 0.5626 249 252
341-0-1-0.05-50-0 0 2418 4 11 22 4 0.0723 0.0504 351 384
341-0-1-0.05-50-0 0 2419 31 4 15 24 0.5626 0.0723 252 351
341-0-1-0.05-50-0 0 2419 26 4 6 23 0.8171 0.0723 141 351
341-0-1-0.05-50-0 0 2420 38 31 16 14 0.6163 0.5626 270 252
341-0-1-0.05-50-0 0 2420 31 12 13 5 0.5626 0.1896 252 325
341-0-1-0.05-50-0 0 2421 22 38 20 16 0.0160 0.6163 311 270
341-0-1-0.05-50-0 0 2421 4 24 23 2 0.0723 0.1940 351 254
341-0-1-0.05-50-0 0 2422 31 6 14 1 0.5626 0.4266 252 249
341-0-1-0.05-50-0 0 2422 38 22 14 20 0.6163 0.0160 270 311
341-0-1-0.05-50-0 0 2423 26 4 7 22 0.8171 0.0723 141 351
341-0-1-0.05-50-0 0 2423 38 27 15 1 0.6163 0.0776 270 149
341-0-1-0.05-50-0 0 2424 28 31 1 14 0.3846 0.5626 311 252
341-0-1-0.05-50-0 0 2424 38 22 16 20 0.6163 0.0160 270 311
341-0-1-0.05-50-0 0 2425 22 38 20 15 0.0160 0.6163 311 270
341-0-1-0.05-50-0 0 2425 32 15 3 4 0.6514 0.7918 215 149
341-0-1-0.05-50-0 0 2426 43 18 6 3 0.8316 0.2181 123 226
341-0-1-0.05-50-0 0 2426 10 4 2 22 0.2533 0.0723 449 351
341-0-1-0.05-50-0 0 2427 31 4 15 18 0.5626 0.0723 252 351
341-0-1-0.05-50-0 0 2427 38 31 16 15 0.6163 0.5626 270 252
341-0-1-0.05-50-0 0 2428 22 26 19 7 0.0160 0.8171 311 141
341-0-1-0.05-50-0 0 2428 31 48 14 1 0.5626 0.1153 252 334
341-0-1-0.05-50-0 0 2429 45 4 3 18 0.3816 0.0723 173 351
341-0-1-0.05-50-0 0 2429 38 41 16 1 0.6163 0.9621 270 105
341-0-1-0.05-50-0 0 2430 38 31 17 16 0.6163 0.5626 270 252
341-0-1-0.05-50-0 0 2430 31 4 15 19 0.5626 0.0723 252 351
341-0-1-0.05-50-0 0 2431 38 43 18 5 0.6163 0.8316 270 123
341-0-1-0.05-50-0 0 2431 10 22 3 19 0.2533 0.0160 449 311
341-0-1-0.05-50-0 0 2432 31 4 16 20 0.5626 0.0723 252 351
341-0-1-0.05-50-0 0 2432 22 32 19 3 0.0160 0.6514 311 215
341-0-1-0.05-50-0 0 2433 32 27 3 1 0.6514 0.0776 215 149
341-0-1-0.05-50-0 0 2433 26 4 6 18 0.8171 0.0723 141 351
341-0-1-0.05-50-0 0 2434 38 22 21 20 0.6163 0.0160 270 311
341-0-1-0.05-50-0 0 2434 23 19 4 3 0.1698 0.8072 476 134
341-0-1-0.05-50-0 0 2435 22 45 17 3 0.0160 0.3816 311 173
341-0-1-0.05-50-0 0 2435 10 25 3 1 0.2533 0.9430 449 125
341-0-1-0.05-50-0 0 2436 17 4 1 18 0.6398 0.0723 197 351
341-0-1-0.05-50-0 0 2436 22 31 18 18 0.0160 0.5626 311 252
341-0-1-0.05-50-0 0 2437 36 38 1 23 0.8162 0.6163 165 270
341-0-1-0.05-50-0 0 2437 46 14 1 4 0.3451 0.8451 327 105
341-0-1-0.05-50-0 0 2438 22 38 20 23 0.0160 0.6163 311 270
341-0-1-0.05-50-0 0 2438 4 31 17 16 0.0723 0.5626 351 252
341-0-1-0.05-50-0 0 2439 22 31 20 16 0.0160 0.5626 311 252
341-0-1-0.05-50-0 0 2439 4 22 19 20 0.0723 0.0160 351 311
341-0-1-0.05-50-0 0 2440 4 31 20 15 0.0723 0.5626 351 252
341-0-1-0.05-50-0 0 2440 38 4 23 20 0.6163 0.0723 270 351
341-0-1-0.05-50-0 0 2441 38 22 23 22 0.6163 0.0160 270 311
341-0-1-0.05-50-0 0 2441 43 31 3 13 0.8316 0.5626 123 252
341-0-1-0.05-50-0 0 2442 22 38 19 23 0.0160 0.6163 311 270
341-0-1-0.05-50-0 0 2442 4 38 19 22 0.0723 0.6163 351 270
341-0-1-0.05-50-0 0 2443 22 38 19 23 0.0160 0.6163 311 270
341-0-1-0.05-50-0 0 2443 31 12 11 4 0.5626 0.1896 252 325
341-0-1-0.05-50-0 0 2444 4 22 23 22 0.0723 0.0160 351 311
341-0-1-0.05-50-0 0 2444 12 17 3 2 0.1896 0.6398 325 197
341-0-1-0.05-50-0 0 2445 15 31 4 12 0.7918 0.5626 149 252
341-0-1-0.05-50-0 0 2445 4 44 22 2 0.0723 0.7034 351 118
341-0-1-0.05-50-0 0 2446 4 21 24 1 0.0723 0.4184 351 158
341-0-1-0.05-50-0 0 2446 31 38 13 22 0.5626 0.6163 252 270
341-0-1-0.05-50-0 0 2447 38 10 19 5 0.6163 0.2533 270 449
341-0-1-0.05-50-0 0 2447 22 45 21 3 0.0160 0.3816 311 173
341-0-1-0.05-50-0 0 2448 22 28 22 9 0.0160 0.3846 311 311
341-0-1-0.05-50-0 0 2448 12 4 3 23 0.1896 0.0723 325 351
341-0-1-0.05-50-0 0 2449 32 46 3 1 0.6514 0.3451 215 327
341-0-1-0.05-50-0 0 2449 15 23 4 5 0.7918 0.1698 149 476
341-0-1-0.05-50-0 0 2450 31 9 10 2 0.5626 0.6134 252 161
341-0-1-0.05-50-0 0 2450 45 38 2 15 0.3816 0.6163 173 270
341-0-1-0.05-50-0 0 2451 38 26 16 3 0.6163 0.8171 270 141
341-0-1-0.05-50-0 0 2451 45 28 2 8 0.3816 0.3846 173 311
341-0-1-0.05-50-0 0 2452 22 22 24 24 0.0160 0.0160 311 311
341-0-1-0.05-50-0 0 2452 38 37 18 2 0.6163 0.8481 270 127
341-0-1-0.05-50-0 0 2453 31 4 12 22 0.5626 0.0723 252 351
341-0-1-0.05-50-0 0 2453 10 14 4 5 0.2533 0.8451 449 105
341-0-1-0.05-50-0 0 2454 23 38 4 18 0.1698 0.6163 476 270
341-0-1-0.05-50-0 0 2454 18 36 1 2 0.2181 0.8162 226 165
341-0-1-0.05-50-0 0 2455 28 4 7 21 0.3846 0.0723 311 351
341-0-1-0.05-50-0 0 2455 22 31 22 11 0.0160 0.5626 311 252
341-0-1-0.05-50-0 0 2456 38 4 17 20 0.6163 0.0723 270 351
341-0-1-0.05-50-0 0 2456 45 22 2 22 0.3816 0.0160 173 311
341-0-1-0.05-50-0 0 2457 38 10 17 5 0.6163 0.2533 270 449
341-0-1-0.05-50-0 0 2457 9 38 2 17 0.6134 0.6163 161 270
341-0-1-0.05-50-0 0 2458 4 4 19 19 0.0723 0.0723 351 351
341-0-1-0.05-50-0 0 2458 11 15 5 3 0.0504 0.7918 384 149
341-0-1-0.05-50-0 0 2459 38 37 17 3 0.6163 0.8481 270 127
341-0-1-0.05-50-0 0 2459 17 38 1 17 0.6398 0.6163 197 270
341-0-1-0.05-50-0 0 2460 14 23 7 4 0.8451 0.1698 105 476
341-0-1-0.05-50-0 0 2460 11 12 4 3 0.0504 0.1896 384 325
341-0-1-0.05-50-0 0 2461 38 22 16 20 0.6163 0.0160 270 311
341-0-1-0.05-50-0 0 2461 38 30 16 1 0.6163 0.6008 270 266
341-0-1-0.05-50-0 0 2462 4 38 20 16 0.0723 0.6163 351 270
341-0-1-0.05-50-0 0 2462 17 38 2 15 0.6398 0.6163 197 270
341-0-1-0.05-50-0 0 2463 4 32 20 4 0.0723 0.6514 351 215
341-0-1-0.05-50-0 0 2463 19 38 3 14 0.8072 0.6163 134 270
341-0-1-0.05-50-0 0 2464 14 38 9 13 0.8451 0.6163 105 270
341-0-1-0.05-50-0 0 2464 22 28 21 9 0.0160 0.3846 311 311
341-0-1-0.05-50-0 0 2465 38 9 10 4 0.6163 0.6134 270 161
341-0-1-0.05-50-0 0 2465 12 4 2 19 0.1896 0.0723 325 351
341-0-1-0.05-50-0 0 2466 38 15 9 3 0.6163 0.7918 270 149
341-0-1-0.05-50-0 0 2466 10 38 3 9 0.2533 0.6163 449 270
341-0-1-0.05-50-0 0 2467 22 4 26 20 0.0160 0.0723 311 351
341-0-1-0.05-50-0 0 2467 31 11 11 4 0.5626 0.0504 252 384
341-0-1-0.05-50-0 0 2468 38 4 7 18 0.6163 0.0723 270 351
341-0-1-0.05-50-0 0 2468 22 12 26 2 0.0160 0.1896 311 325
341-0-1-0.05-50-0 0 2469 9 31 2 11 0.6134 0.5626 161 252
341-0-1-0.05-50-0 0 2469 14 28 12 11 0.8451 0.3846 105 311
341-0-1-0.05-50-0 0 2470 15 28 2 10 0.7918 0.3846 149 311
341-0-1-0.05-50-0 0 2470 31 28 9 9 0.5626 0.3846 252 311
341-0-1-0.05-50-0 0 2471 43 14 8 11 0.8316 0.8451 123 105
341-0-1-0.05-50-0 0 2471 22 38 26 7 0.0160 0.6163 311 270
341-0-1-0.05-50-0 0 2472 23 31 1 8 0.1698 0.5626 476 252
341-0-1-0.05-50-0 0 2472 22 12 26 1 0.0160 0.1896 311 325
341-0-1-0.05-50-0 0 2473 4 22 21 26 0.0723 0.0160 351 311
341-0-1-0.05-50-0 0 2473 31 22 7 25 0.5626 0.0160 252 311
341-0-1-0.05-50-0 0 2474 17 31 2 7 0.6398 0.5626 197 252
341-0-1-0.05-50-0 0 2474 11 43 4 6 0.0504 0.8316 384 123
341-0-1-0.05-50-0 0 2475 43 31 5 7 0.8316 0.5626 123 252
341-0-1-0.05-50-0 0 2475 19 31 2 6 0.8072 0.5626 134 252
341-0-1-0.05-50-0 0 2476 14 22 11 26 0.8451 0.0160 105 311
341-0-1-0.05-50-0 0 2476 4 22 21 25 0.0723 0.0160 351 311
341-0-1-0.05-50-0 0 2477 4 45 22 3 0.0723 0.3816 351 173
341-0-1-0.05-50-0 0 2477 22 22 25 25 0.0160 0.0160 311 311
341-0-1-0.05-50-0 0 2478 31 10 6 1 0.5626 0.2533 252 449
341-0-1-0.05-50-0 0 2478 22 38 26 6 0.0160 0.6163 311 270
341-0-1-0.05-50-0 0 2479 4 14 24 12 0.0723 0.8451 351 105
341-0-1-0.05-50-0 0 2479 14 44 11 3 0.8451 0.7034 105 118
341-0-1-0.05-50-0 0 2480 38 4 4 24 0.6163 0.0723 270 351
341-0-1-0.05-50-0 0 2480 4 4 23 23 0.0723 0.0723 351 351
341-0-1-0.05-50-0 0 2481 31 33 9 1 0.5626 0.6893 252 191
341-0-1-0.05-50-0 0 2481 4 28 19 7 0.0723 0.3846 351 311
341-0-1-0.05-50-0 0 2482 22 9 26 3 0.0160 0.6134 311 161
341-0-1-0.05-50-0 0 2482 32 4 7 19 0.6514 0.0723 215 351
341-0-1-0.05-50-0 0 2483 20 22 3 28 0.9922 0.0160 102 311
341-0-1-0.05-50-0 0 2483 22 38 27 6 0.0160 0.6163 311 270
341-0-1-0.05-50-0 0 2484 11 4 5 19 0.0504 0.0723 384 351
341-0-1-0.05-50-0 0 2484 22 22 25 25 0.0160 0.0160 311 311
341-0-1-0.05-50-0 0 2485 22 14 23 12 0.0160 0.8451 311 105
341-0-1-0.05-50-0 0 2485 22 4 23 20 0.0160 0.0723 311 351
341-0-1-0.05-50-0 0 2486 49 31 2 10 0.1842 0.5626 136 252
341-0-1-0.05-50-0 0 2486 22 43 24 7 0.0160 0.8316 311 123
341-0-1-0.05-50-0 0 2487 4 4 21 21 0.0723 0.0723 351 351
341-0-1-0.05-50-0 0 2487 38 11 7 6 0.6163 0.0504 270 384
341-0-1-0.05-50-0 0 2488 38 22 7 24 0.6163 0.0160 270 311
341-0-1-0.05-50-0 0 2488 32 20 11 5 0.6514 0.9922 215 102
341-0-1-0.05-50-0 0 2489 14 4 9 21 0.8451 0.0723 105 351
341-0-1-0.05-50-0 0 2489 32 31 11 9 0.6514 0.5626 215 252
341-0-1-0.05-50-0 0 2490 4 38 19 7 0.0723 0.6163 351 270
341-0-1-0.05-50-0 0 2490 32 31 11 8 0.6514 0.5626 215 252
341-0-1-0.05-50-0 0 2491 20 28 5 8 0.9922 0.3846 102 311
341-0-1-0.05-50-0 0 2491 35 22 1 28 0.0354 0.0160 158 311
341-0-1-0.05-50-0 0 2492 14 44 9 2 0.8451 0.7034 105 118
341-0-1-0.05-50-0 0 2492 14 28 9 6 0.8451 0.3846 105 311
341-0-1-0.05-50-0 0 2493 22 11 28 6 0.0160 0.0504 311 384
341-0-1-0.05-50-0 0 2493 22 17 28 6 0.0160 0.6398 311 197
341-0-1-0.05-50-0 0 2494 43 13 11 4 0.8316 0.8878 123 151
341-0-1-0.05-50-0 0 2494 19 14 2 10 0.8072 0.8451 134 105
341-0-1-0.05-50-0 0 2495 21 11 2 5 0.4184 0.0504 158 384
341-0-1-0.05-50-0 0 2495 22 22 29 29 0.0160 0.0160 311 311
341-0-1-0.05-50-0 0 2495 4 49 17 4 0.0723 0.1842 351 136
341-0-1-0.05-50-0 0 2496 14 4 8 18 0.8451 0.0723 105 351
341-0-1-0.05-50-0 0 2496 4 9 17 4 0.0723 0.6134 351 161
341-0-1-0.05-50-0 0 2497 49 22 3 27 0.1842 0.0160 136 311
341-0-1-0.05-50-0 0 2497 32 14 13 8 0.6514 0.8451 215 105
341-0-1-0.05-50-0 0 2498 38 9 10 3 0.6163 0.6134 270 161
341-0-1-0.05-50-0 0 2498 38 43 10 9 0.6163 0.8316 270 123
341-0-1-0.05-50-0 0 2499 9 4 2 15 0.6134 0.0723 161 351
341-0-1-0.05-50-0 0 2499 31 32 8 11 0.5626 0.6514 252 215
341-0-1-0.05-50-0 0 2500 44 43 1 7 0.7034 0.8316 118 123
341-0-1-0.05-50-0 0 2500 32 31 9 8 0.6514 0.5626 215 252
