347-0-1-0.05-50-0 0 2302 29 44 2 6 0.6728 0.7034 177 118
347-0-1-0.05-50-0 0 2302 48 4 8 3 0.1153 0.0723 334 351
347-0-1-0.05-50-0 0 2303 48 16 8 15 0.1153 0.2228 334 149
347-0-1-0.05-50-0 0 2303 35 35 7 7 0.0354 0.0354 158 158
347-0-1-0.05-50-0 0 2304 48 16 9 13 0.1153 0.2228 334 149
347-0-1-0.05-50-0 0 2304 35 44 7 5 0.0354 0.7034 158 118
347-0-1-0.05-50-0 0 2305 35 13 7 4 0.0354 0.8878 158 151
347-0-1-0.05-50-0 0 2305 35 25 7 7 0.0354 0.9430 158 125
347-0-1-0.05-50-0 0 2306 28 24 3 13 0.3846 0.1940 311 254
347-0-1-0.05-50-0 0 2306 46 41 3 1 0.3451 0.9621 327 105
347-0-1-0.05-50-0 0 2307 27 35 4 7 0.0776 0.0354 149 158
347-0-1-0.05-50-0 0 2307 27 24 4 10 0.0776 0.1940 149 254
347-0-1-0.05-50-0 0 2308 25 21 5 3 0.9430 0.4184 125 158
347-0-1-0.05-50-0 0 2308 29 28 2 3 0.6728 0.3846 177 311
347-0-1-0.05-50-0 0 2309 25 7 5 5 0.9430 0.9267 125 106
347-0-1-0.05-50-0 0 2309 21 24 2 10 0.4184 0.1940 158 254
347-0-1-0.05-50-0 0 2310 43 39 2 10 0.8316 0.2187 123 309
347-0-1-0.05-50-0 0 2310 24 27 10 5 0.1940 0.0776 254 149
347-0-1-0.05-50-0 0 2311 22 35 2 7 0.0160 0.0354 311 158
347-0-1-0.05-50-0 0 2311 17 39 6 9 0.6398 0.2187 197 309
347-0-1-0.05-50-0 0 2312 46 48 6 8 0.3451 0.1153 327 334
347-0-1-0.05-50-0 0 2312 35 35 6 6 0.0354 0.0354 158 158
347-0-1-0.05-50-0 0 2313 7 29 4 3 0.9267 0.6728 106 177
347-0-1-0.05-50-0 0 2313 48 24 7 12 0.1153 0.1940 334 254
347-0-1-0.05-50-0 0 2314 1 5 1 3 0.2520 0.0007 409 226
347-0-1-0.05-50-0 0 2314 42 27 6 5 0.7447 0.0776 106 149
347-0-1-0.05-50-0 0 2315 17 13 9 5 0.6398 0.8878 197 151
347-0-1-0.05-50-0 0 2315 28 42 2 5 0.3846 0.7447 311 106
347-0-1-0.05-50-0 0 2316 28 13 2 4 0.3846 0.8878 311 151
347-0-1-0.05-50-0 0 2317 35 23 6 2 0.0354 0.1698 158 476
347-0-1-0.05-50-0 0 2317 23 17 1 8 0.1698 0.6398 476 197
347-0-1-0.05-50-0 0 2318 24 17 12 6 0.1940 0.6398 254 197
347-0-1-0.05-50-0 0 2319 31 35 1 7 0.5626 0.0354 252 158
347-0-1-0.05-50-0 0 2320 24 35 13 7 0.1940 0.0354 254 158
347-0-1-0.05-50-0 0 2320 46 35 7 6 0.3451 0.0354 327 158
347-0-1-0.05-50-0 0 2321 16 27 12 5 0.2228 0.0776 149 149
347-0-1-0.05-50-0 0 2321 16 42 12 5 0.2228 0.7447 149 106
347-0-1-0.05-50-0 0 2322 16 29 12 7 0.2228 0.6728 149 177
347-0-1-0.05-50-0 0 2322 35 7 6 3 0.0354 0.9267 158 106
347-0-1-0.05-50-0 0 2323 46 46 6 6 0.3451 0.3451 327 327
347-0-1-0.05-50-0 0 2323 28 39 3 7 0.3846 0.2187 311 309
347-0-1-0.05-50-0 0 2324 35 24 7 17 0.0354 0.1940 158 254
347-0-1-0.05-50-0 0 2324 16 24 12 16 0.2228 0.1940 149 254
347-0-1-0.05-50-0 0 2325 8 16 2 12 0.2506 0.2228 303 149
347-0-1-0.05-50-0 0 2325 42 17 5 7 0.7447 0.6398 106 197
347-0-1-0.05-50-0 0 2326 39 39 5 5 0.2187 0.2187 309 309
347-0-1-0.05-50-0 0 2326 49 24 1 15 0.1842 0.1940 136 254
347-0-1-0.05-50-0 0 2327 24 7 15 3 0.1940 0.9267 254 106
347-0-1-0.05-50-0 0 2327 24 44 15 5 0.1940 0.7034 254 118
347-0-1-0.05-50-0 0 2328 24 17 15 5 0.1940 0.6398 254 197
347-0-1-0.05-50-0 0 2328 16 44 11 4 0.2228 0.7034 149 118
347-0-1-0.05-50-0 0 2329 35 12 7 1 0.0354 0.1896 158 325
347-0-1-0.05-50-0 0 2329 24 24 15 15 0.1940 0.1940 254 254
347-0-1-0.05-50-0 0 2330 39 46 5 4 0.2187 0.3451 309 327
347-0-1-0.05-50-0 0 2330 44 6 3 2 0.7034 0.4266 118 249
347-0-1-0.05-50-0 0 2331 5 24 2 16 0.0007 0.1940 226 254
347-0-1-0.05-50-0 0 2331 19 46 5 3 0.8072 0.3451 134 327
347-0-1-0.05-50-0 0 2332 5 44 3 4 0.0007 0.7034 226 118
347-0-1-0.05-50-0 0 2332 29 35 6 9 0.6728 0.0354 177 158
347-0-1-0.05-50-0 0 2333 7 46 3 2 0.9267 0.3451 106 327
347-0-1-0.05-50-0 0 2333 8 24 2 14 0.2506 0.1940 303 254
347-0-1-0.05-50-0 0 2334 42 35 6 9 0.7447 0.0354 106 158
347-0-1-0.05-50-0 0 2334 17 24 5 13 0.6398 0.1940 197 254
347-0-1-0.05-50-0 0 2335 48 42 9 6 0.1153 0.7447 334 106
347-0-1-0.05-50-0 0 2335 16 48 17 9 0.2228 0.1153 149 334
347-0-1-0.05-50-0 0 2336 35 17 10 4 0.0354 0.6398 158 197
347-0-1-0.05-50-0 0 2336 16 39 18 5 0.2228 0.2187 149 309
347-0-1-0.05-50-0 0 2337 35 24 9 13 0.0354 0.1940 158 254
347-0-1-0.05-50-0 0 2337 29 13 7 6 0.6728 0.8878 177 151
347-0-1-0.05-50-0 0 2338 42 16 4 19 0.7447 0.2228 106 149
347-0-1-0.05-50-0 0 2338 4 35 5 9 0.0723 0.0354 351 158
347-0-1-0.05-50-0 0 2339 29 24 7 12 0.6728 0.1940 177 254
347-0-1-0.05-50-0 0 2339 20 16 3 18 0.9922 0.2228 102 149
347-0-1-0.05-50-0 0 2340 48 35 9 9 0.1153 0.0354 334 158
347-0-1-0.05-50-0 0 2340 4 16 7 18 0.0723 0.2228 351 149
347-0-1-0.05-50-0 0 2341 4 20 7 3 0.0723 0.9922 351 102
347-0-1-0.05-50-0 0 2341 4 25 7 2 0.0723 0.9430 351 125
347-0-1-0.05-50-0 0 2342 8 48 1 9 0.2506 0.1153 303 334
347-0-1-0.05-50-0 0 2342 7 24 1 10 0.9267 0.1940 106 254
347-0-1-0.05-50-0 0 2343 42 44 4 1 0.7447 0.7034 106 118
347-0-1-0.05-50-0 0 2343 23 35 3 10 0.1698 0.0354 476 158
347-0-1-0.05-50-0 0 2344 49 48 3 8 0.1842 0.1153 136 334
347-0-1-0.05-50-0 0 2344 24 35 11 9 0.1940 0.0354 254 158
347-0-1-0.05-50-0 0 2345 19 4 7 7 0.8072 0.0723 134 351
347-0-1-0.05-50-0 0 2345 13 35 7 8 0.8878 0.0354 151 158
347-0-1-0.05-50-0 0 2346 16 4 17 6 0.2228 0.0723 149 351
347-0-1-0.05-50-0 0 2346 23 19 3 7 0.1698 0.8072 476 134
347-0-1-0.05-50-0 0 2347 24 50 11 2 0.1940 0.2147 254 147
347-0-1-0.05-50-0 0 2347 23 43 3 2 0.1698 0.8316 476 123
347-0-1-0.05-50-0 0 2348 49 16 3 18 0.1842 0.2228 136 149
347-0-1-0.05-50-0 0 2348 16 20 17 2 0.2228 0.9922 149 102
347-0-1-0.05-50-0 0 2349 13 16 8 18 0.8878 0.2228 151 149
347-0-1-0.05-50-0 0 2349 22 19 1 6 0.0160 0.8072 311 134
347-0-1-0.05-50-0 0 2350 39 1 6 1 0.2187 0.2520 309 409
347-0-1-0.05-50-0 0 2350 32 16 3 20 0.6514 0.2228 215 149
347-0-1-0.05-50-0 0 2351 17 32 5 3 0.6398 0.6514 197 215
347-0-1-0.05-50-0 0 2351 42 29 1 7 0.7447 0.6728 106 177
347-0-1-0.05-50-0 0 2352 35 48 11 4 0.0354 0.1153 158 334
347-0-1-0.05-50-0 0 2352 15 35 2 11 0.7918 0.0354 149 158
347-0-1-0.05-50-0 0 2353 24 17 15 6 0.1940 0.6398 254 197
347-0-1-0.05-50-0 0 2353 24 4 15 6 0.1940 0.0723 254 351
347-0-1-0.05-50-0 0 2354 17 13 6 8 0.6398 0.8878 197 151
347-0-1-0.05-50-0 0 2354 48 5 5 6 0.1153 0.0007 334 226
347-0-1-0.05-50-0 0 2355 35 17 11 6 0.0354 0.6398 158 197
347-0-1-0.05-50-0 0 2355 49 42 6 1 0.1842 0.7447 136 106
347-0-1-0.05-50-0 0 2356 28 4 3 7 0.3846 0.0723 311 351
347-0-1-0.05-50-0 0 2356 43 7 2 2 0.8316 0.9267 123 106
347-0-1-0.05-50-0 0 2357 3 16 2 22 0.4813 0.2228 321 149
347-0-1-0.05-50-0 0 2357 24 4 12 6 0.1940 0.0723 254 351
347-0-1-0.05-50-0 0 2358 4 50 5 1 0.0723 0.2147 351 147
347-0-1-0.05-50-0 0 2358 24 7 12 2 0.1940 0.9267 254 106
347-0-1-0.05-50-0 0 2359 39 16 6 21 0.2187 0.2228 309 149
347-0-1-0.05-50-0 0 2359 35 17 10 5 0.0354 0.6398 158 197
347-0-1-0.05-50-0 0 2360 35 13 11 9 0.0354 0.8878 158 151
347-0-1-0.05-50-0 0 2360 24 35 11 11 0.1940 0.0354 254 158
347-0-1-0.05-50-0 0 2361 13 16 8 19 0.8878 0.2228 151 149
347-0-1-0.05-50-0 0 2361 17 13 4 8 0.6398 0.8878 197 151
347-0-1-0.05-50-0 0 2362 16 16 17 17 0.2228 0.2228 149 149
347-0-1-0.05-50-0 0 2362 24 16 10 16 0.1940 0.2228 254 149
347-0-1-0.05-50-0 0 2363 35 16 11 15 0.0354 0.2228 158 149
347-0-1-0.05-50-0 0 2363 16 23 14 7 0.2228 0.1698 149 476
347-0-1-0.05-50-0 0 2364 3 5 3 6 0.4813 0.0007 321 226
347-0-1-0.05-50-0 0 2364 13 13 7 7 0.8878 0.8878 151 151
347-0-1-0.05-50-0 0 2365 23 24 7 12 0.1698 0.1940 476 254
347-0-1-0.05-50-0 0 2365 16 5 18 6 0.2228 0.0007 149 226
347-0-1-0.05-50-0 0 2366 19 16 10 19 0.8072 0.2228 134 149
347-0-1-0.05-50-0 0 2366 19 3 10 4 0.8072 0.4813 134 321
347-0-1-0.05-50-0 0 2367 19 38 10 1 0.8072 0.6163 134 270
347-0-1-0.05-50-0 0 2367 3 16 3 19 0.4813 0.2228 321 149
347-0-1-0.05-50-0 0 2368 23 24 7 9 0.1698 0.1940 476 254
347-0-1-0.05-50-0 0 2368 24 16 8 20 0.1940 0.2228 254 149
347-0-1-0.05-50-0 0 2369 24 49 8 9 0.1940 0.1842 254 136
347-0-1-0.05-50-0 0 2369 35 23 14 7 0.0354 0.1698 158 476
347-0-1-0.05-50-0 0 2370 16 19 16 10 0.2228 0.8072 149 134
347-0-1-0.05-50-0 0 2370 39 49 6 8 0.2187 0.1842 309 136
347-0-1-0.05-50-0 0 2371 48 16 5 18 0.1153 0.2228 334 149
347-0-1-0.05-50-0 0 2371 16 40 17 2 0.2228 0.9739 149 104
347-0-1-0.05-50-0 0 2372 16 5 17 5 0.2228 0.0007 149 226
347-0-1-0.05-50-0 0 2372 19 35 11 15 0.8072 0.0354 134 158
347-0-1-0.05-50-0 0 2373 48 28 7 3 0.1153 0.3846 334 311
347-0-1-0.05-50-0 0 2373 43 28 4 2 0.8316 0.3846 123 311
347-0-1-0.05-50-0 0 2374 46 4 3 9 0.3451 0.0723 327 351
347-0-1-0.05-50-0 0 2374 13 5 8 4 0.8878 0.0007 151 226
347-0-1-0.05-50-0 0 2375 16 39 17 7 0.2228 0.2187 149 309
347-0-1-0.05-50-0 0 2375 46 49 3 6 0.3451 0.1842 327 136
347-0-1-0.05-50-0 0 2376 19 16 12 17 0.8072 0.2228 134 149
347-0-1-0.05-50-0 0 2376 16 43 16 5 0.2228 0.8316 149 123
347-0-1-0.05-50-0 0 2377 35 19 18 12 0.0354 0.8072 158 134
347-0-1-0.05-50-0 0 2377 16 16 15 15 0.2228 0.2228 149 149
347-0-1-0.05-50-0 0 2378 5 35 4 17 0.0007 0.0354 226 158
347-0-1-0.05-50-0 0 2378 3 19 2 10 0.4813 0.8072 321 134
347-0-1-0.05-50-0 0 2379 16 13 13 10 0.2228 0.8878 149 151
347-0-1-0.05-50-0 0 2379 13 48 9 12 0.8878 0.1153 151 334
347-0-1-0.05-50-0 0 2380 48 16 10 14 0.1153 0.2228 334 149
347-0-1-0.05-50-0 0 2380 35 15 18 3 0.0354 0.7918 158 149
347-0-1-0.05-50-0 0 2381 4 16 9 13 0.0723 0.2228 351 149
347-0-1-0.05-50-0 0 2381 16 35 12 19 0.2228 0.0354 149 158
347-0-1-0.05-50-0 0 2382 35 24 18 12 0.0354 0.1940 158 254
347-0-1-0.05-50-0 0 2382 4 35 10 18 0.0723 0.0354 351 158
347-0-1-0.05-50-0 0 2383 17 35 2 17 0.6398 0.0354 197 158
347-0-1-0.05-50-0 0 2383 19 6 9 1 0.8072 0.4266 134 249
347-0-1-0.05-50-0 0 2384 23 29 5 4 0.1698 0.6728 476 177
347-0-1-0.05-50-0 0 2384 35 48 15 10 0.0354 0.1153 158 334
347-0-1-0.05-50-0 0 2385 43 29 4 2 0.8316 0.6728 123 177
347-0-1-0.05-50-0 0 2385 35 35 16 16 0.0354 0.0354 158 158
347-0-1-0.05-50-0 0 2386 16 16 15 15 0.2228 0.2228 149 149
347-0-1-0.05-50-0 0 2386 24 48 14 11 0.1940 0.1153 254 334
347-0-1-0.05-50-0 0 2387 32 35 1 15 0.6514 0.0354 215 158
347-0-1-0.05-50-0 0 2387 35 15 14 2 0.0354 0.7918 158 149
347-0-1-0.05-50-0 0 2388 16 19 15 9 0.2228 0.8072 149 134
347-0-1-0.05-50-0 0 2388 13 35 9 14 0.8878 0.0354 151 158
347-0-1-0.05-50-0 0 2389 24 19 14 8 0.1940 0.8072 254 134
347-0-1-0.05-50-0 0 2389 28 45 2 5 0.3846 0.3816 311 173
347-0-1-0.05-50-0 0 2390 13 19 8 7 0.8878 0.8072 151 134
347-0-1-0.05-50-0 0 2390 4 12 10 3 0.0723 0.1896 351 325
347-0-1-0.05-50-0 0 2391 39 50 7 5 0.2187 0.2147 309 147
347-0-1-0.05-50-0 0 2391 24 48 13 10 0.1940 0.1153 254 334
347-0-1-0.05-50-0 0 2392 10 5 1 5 0.2533 0.0007 449 226
347-0-1-0.05-50-0 0 2392 48 45 8 2 0.1153 0.3816 334 173
347-0-1-0.05-50-0 0 2393 34 35 2 14 0.7448 0.0354 168 158
347-0-1-0.05-50-0 0 2393 16 16 15 15 0.2228 0.2228 149 149
347-0-1-0.05-50-0 0 2394 49 13 6 7 0.1842 0.8878 136 151
347-0-1-0.05-50-0 0 2394 23 16 7 14 0.1698 0.2228 476 149
347-0-1-0.05-50-0 0 2395 35 16 12 13 0.0354 0.2228 158 149
347-0-1-0.05-50-0 0 2395 23 46 7 8 0.1698 0.3451 476 327
347-0-1-0.05-50-0 0 2396 35 50 13 6 0.0354 0.2147 158 147
347-0-1-0.05-50-0 0 2396 19 17 6 3 0.8072 0.6398 134 197
347-0-1-0.05-50-0 0 2397 46 46 7 7 0.3451 0.3451 327 327
347-0-1-0.05-50-0 0 2397 24 48 16 8 0.1940 0.1153 254 334
347-0-1-0.05-50-0 0 2398 17 49 2 9 0.6398 0.1842 197 136
347-0-1-0.05-50-0 0 2398 12 24 2 16 0.1896 0.1940 325 254
347-0-1-0.05-50-0 0 2399 23 50 11 4 0.1698 0.2147 476 147
347-0-1-0.05-50-0 0 2399 50 30 3 2 0.2147 0.6008 147 266
347-0-1-0.05-50-0 0 2400 46 24 6 17 0.3451 0.1940 327 254
347-0-1-0.05-50-0 0 2400 39 23 7 11 0.2187 0.1698 309 476
347-0-1-0.05-50-0 0 2401 5 35 5 15 0.0007 0.0354 226 158
347-0-1-0.05-50-0 0 2401 35 24 14 15 0.0354 0.1940 158 254
347-0-1-0.05-50-0 0 2402 48 35 8 15 0.1153 0.0354 334 158
347-0-1-0.05-50-0 0 2402 13 23 10 11 0.8878 0.1698 151 476
347-0-1-0.05-50-0 0 2403 13 39 11 8 0.8878 0.2187 151 309
347-0-1-0.05-50-0 0 2403 35 19 16 6 0.0354 0.8072 158 134
347-0-1-0.05-50-0 0 2404 29 16 5 11 0.6728 0.2228 177 149
347-0-1-0.05-50-0 0 2404 19 5 5 4 0.8072 0.0007 134 226
347-0-1-0.05-50-0 0 2405 24 24 16 16 0.1940 0.1940 254 254
347-0-1-0.05-50-0 0 2405 15 48 1 9 0.7918 0.1153 149 334
347-0-1-0.05-50-0 0 2406 23 49 14 13 0.1698 0.1842 476 136
347-0-1-0.05-50-0 0 2406 35 43 14 2 0.0354 0.8316 158 123
347-0-1-0.05-50-0 0 2407 13 23 9 15 0.8878 0.1698 151 476
347-0-1-0.05-50-0 0 2407 39 39 8 8 0.2187 0.2187 309 309
347-0-1-0.05-50-0 0 2408 49 19 12 7 0.1842 0.8072 136 134
347-0-1-0.05-50-0 0 2408 49 48 12 8 0.1842 0.1153 136 334
347-0-1-0.05-50-0 0 2409 35 19 14 7 0.0354 0.8072 158 134
347-0-1-0.05-50-0 0 2409 24 15 19 2 0.1940 0.7918 254 149
347-0-1-0.05-50-0 0 2410 17 35 3 14 0.6398 0.0354 197 158
347-0-1-0.05-50-0 0 2410 23 18 14 4 0.1698 0.2181 476 226
347-0-1-0.05-50-0 0 2411 23 23 14 14 0.1698 0.1698 476 476
347-0-1-0.05-50-0 0 2411 46 24 7 20 0.3451 0.1940 327 254
347-0-1-0.05-50-0 0 2412 17 49 4 18 0.6398 0.1842 197 136
347-0-1-0.05-50-0 0 2412 45 4 1 6 0.3816 0.0723 173 351
347-0-1-0.05-50-0 0 2413 13 24 8 20 0.8878 0.1940 151 254
347-0-1-0.05-50-0 0 2413 46 13 8 8 0.3451 0.8878 327 151
347-0-1-0.05-50-0 0 2414 6 23 3 12 0.4266 0.1698 249 476
347-0-1-0.05-50-0 0 2414 23 16 11 6 0.1698 0.2228 476 149
347-0-1-0.05-50-0 0 2415 49 13 15 8 0.1842 0.8878 136 151
347-0-1-0.05-50-0 0 2415 4 23 6 11 0.0723 0.1698 351 476
347-0-1-0.05-50-0 0 2416 19 4 5 7 0.8072 0.0723 134 351
347-0-1-0.05-50-0 0 2416 17 6 5 2 0.6398 0.4266 197 249
347-0-1-0.05-50-0 0 2417 24 35 21 12 0.1940 0.0354 254 158
347-0-1-0.05-50-0 0 2417 28 16 5 6 0.3846 0.2228 311 149
347-0-1-0.05-50-0 0 2418 48 39 4 9 0.1153 0.2187 334 309
347-0-1-0.05-50-0 0 2418 16 16 5 5 0.2228 0.2228 149 149
347-0-1-0.05-50-0 0 2419 29 24 4 20 0.6728 0.1940 177 254
347-0-1-0.05-50-0 0 2419 48 23 4 8 0.1153 0.1698 334 476
347-0-1-0.05-50-0 0 2420 35 48 14 4 0.0354 0.1153 158 334
347-0-1-0.05-50-0 0 2420 17 35 6 14 0.6398 0.0354 197 158
347-0-1-0.05-50-0 0 2421 35 4 13 6 0.0354 0.0723 158 351
347-0-1-0.05-50-0 0 2421 24 24 25 25 0.1940 0.1940 254 254
347-0-1-0.05-50-0 0 2422 43 49 2 13 0.8316 0.1842 123 136
347-0-1-0.05-50-0 0 2422 16 24 6 25 0.2228 0.1940 149 254
347-0-1-0.05-50-0 0 2423 17 18 8 3 0.6398 0.2181 197 226
347-0-1-0.05-50-0 0 2423 23 15 7 2 0.1698 0.7918 476 149
347-0-1-0.05-50-0 0 2424 24 4 29 6 0.1940 0.0723 254 351
347-0-1-0.05-50-0 0 2424 24 13 29 7 0.1940 0.8878 254 151
347-0-1-0.05-50-0 0 2425 19 26 4 1 0.8072 0.8171 134 141
347-0-1-0.05-50-0 0 2425 5 16 4 6 0.0007 0.2228 226 149
347-0-1-0.05-50-0 0 2426 39 13 8 5 0.2187 0.8878 309 151
347-0-1-0.05-50-0 0 2426 39 19 8 4 0.2187 0.8072 309 134
347-0-1-0.05-50-0 0 2427 24 5 29 4 0.1940 0.0007 254 226
347-0-1-0.05-50-0 0 2427 16 9 6 1 0.2228 0.6134 149 161
347-0-1-0.05-50-0 0 2428 5 24 4 29 0.0007 0.1940 226 254
347-0-1-0.05-50-0 0 2428 32 28 4 5 0.6514 0.3846 215 311
347-0-1-0.05-50-0 0 2429 24 24 30 30 0.1940 0.1940 254 254
347-0-1-0.05-50-0 0 2429 11 23 2 8 0.0504 0.1698 384 476
347-0-1-0.05-50-0 0 2430 24 23 31 7 0.1940 0.1698 254 476
347-0-1-0.05-50-0 0 2430 39 49 9 11 0.2187 0.1842 309 136
347-0-1-0.05-50-0 0 2430 39 49 9 10 0.2187 0.1842 309 136
347-0-1-0.05-50-0 0 2431 35 49 9 9 0.0354 0.1842 158 136
347-0-1-0.05-50-0 0 2431 32 43 4 3 0.6514 0.8316 215 123
347-0-1-0.05-50-0 0 2431 17 24 7 30 0.6398 0.1940 197 254
347-0-1-0.05-50-0 0 2432 30 24 4 28 0.6008 0.1940 266 254
347-0-1-0.05-50-0 0 2432 5 11 5 2 0.0007 0.0504 226 384
347-0-1-0.05-50-0 0 2433 24 24 28 28 0.1940 0.1940 254 254
347-0-1-0.05-50-0 0 2433 4 22 6 2 0.0723 0.0160 351 311
347-0-1-0.05-50-0 0 2434 4 28 6 6 0.0723 0.3846 351 311
347-0-1-0.05-50-0 0 2434 25 35 1 10 0.9430 0.0354 125 158
347-0-1-0.05-50-0 0 2435 35 23 11 5 0.0354 0.1698 158 476
347-0-1-0.05-50-0 0 2435 46 23 10 4 0.3451 0.1698 327 476
347-0-1-0.05-50-0 0 2436 6 29 7 5 0.4266 0.6728 249 177
347-0-1-0.05-50-0 0 2436 5 17 6 6 0.0007 0.6398 226 197
347-0-1-0.05-50-0 0 2437 29 35 4 10 0.6728 0.0354 177 158
347-0-1-0.05-50-0 0 2437 24 48 27 7 0.1940 0.1153 254 334
347-0-1-0.05-50-0 0 2438 4 5 6 6 0.0723 0.0007 351 226
347-0-1-0.05-50-0 0 2438 24 49 27 10 0.1940 0.1842 254 136
347-0-1-0.05-50-0 0 2439 24 16 29 7 0.1940 0.2228 254 149
347-0-1-0.05-50-0 0 2439 39 18 7 2 0.2187 0.2181 309 226
347-0-1-0.05-50-0 0 2440 15 24 1 28 0.7918 0.1940 149 254
347-0-1-0.05-50-0 0 2440 12 49 3 11 0.1896 0.1842 325 136
347-0-1-0.05-50-0 0 2441 49 28 10 6 0.1842 0.3846 136 311
347-0-1-0.05-50-0 0 2441 5 4 5 7 0.0007 0.0723 226 351
347-0-1-0.05-50-0 0 2442 30 46 5 10 0.6008 0.3451 266 327
347-0-1-0.05-50-0 0 2442 30 29 5 5 0.6008 0.6728 266 177
347-0-1-0.05-50-0 0 2443 35 16 9 4 0.0354 0.2228 158 149
347-0-1-0.05-50-0 0 2443 49 28 11 4 0.1842 0.3846 136 311
347-0-1-0.05-50-0 0 2444 25 11 2 3 0.9430 0.0504 125 384
347-0-1-0.05-50-0 0 2444 46 28 10 3 0.3451 0.3846 327 311
347-0-1-0.05-50-0 0 2445 35 35 9 9 0.0354 0.0354 158 158
347-0-1-0.05-50-0 0 2445 4 39 6 4 0.0723 0.2187 351 309
347-0-1-0.05-50-0 0 2446 32 41 5 2 0.6514 0.9621 215 105
347-0-1-0.05-50-0 0 2446 24 30 31 5 0.1940 0.6008 254 266
347-0-1-0.05-50-0 0 2447 23 13 6 3 0.1698 0.8878 476 151
347-0-1-0.05-50-0 0 2447 6 24 10 31 0.4266 0.1940 249 254
347-0-1-0.05-50-0 0 2448 35 24 9 31 0.0354 0.1940 158 254
347-0-1-0.05-50-0 0 2448 24 24 30 30 0.1940 0.1940 254 254
347-0-1-0.05-50-0 0 2449 6 30 11 3 0.4266 0.6008 249 266
347-0-1-0.05-50-0 0 2449 6 13 11 2 0.4266 0.8878 249 151
347-0-1-0.05-50-0 0 2450 45 4 1 8 0.3816 0.0723 173 351
347-0-1-0.05-50-0 0 2450 23 4 5 7 0.1698 0.0723 476 351
347-0-1-0.05-50-0 0 2451 49 46 6 12 0.1842 0.3451 136 327
347-0-1-0.05-50-0 0 2451 25 6 2 10 0.9430 0.4266 125 249
347-0-1-0.05-50-0 0 2452 39 23 4 7 0.2187 0.1698 309 476
347-0-1-0.05-50-0 0 2452 24 16 30 3 0.1940 0.2228 254 149
347-0-1-0.05-50-0 0 2453 12 46 5 11 0.1896 0.3451 325 327
347-0-1-0.05-50-0 0 2453 39 6 4 8 0.2187 0.4266 309 249
347-0-1-0.05-50-0 0 2454 39 6 4 6 0.2187 0.4266 309 249
347-0-1-0.05-50-0 0 2454 19 35 3 6 0.8072 0.0354 134 158
347-0-1-0.05-50-0 0 2455 32 48 8 4 0.6514 0.1153 215 334
347-0-1-0.05-50-0 0 2455 32 25 8 4 0.6514 0.9430 215 125
347-0-1-0.05-50-0 0 2456 5 5 9 9 0.0007 0.0007 226 226
347-0-1-0.05-50-0 0 2456 24 5 27 8 0.1940 0.0007 254 226
347-0-1-0.05-50-0 0 2457 24 5 27 7 0.1940 0.0007 254 226
347-0-1-0.05-50-0 0 2457 24 4 27 7 0.1940 0.0723 254 351
347-0-1-0.05-50-0 0 2458 15 43 2 2 0.7918 0.8316 149 123
347-0-1-0.05-50-0 0 2458 47 46 2 11 0.9293 0.3451 103 327
347-0-1-0.05-50-0 0 2459 29 25 6 2 0.6728 0.9430 177 125
347-0-1-0.05-50-0 0 2459 30 18 4 1 0.6008 0.2181 266 226
347-0-1-0.05-50-0 0 2460 45 32 1 6 0.3816 0.6514 173 215
347-0-1-0.05-50-0 0 2460 24 13 30 3 0.1940 0.8878 254 151
347-0-1-0.05-50-0 0 2461 46 24 10 30 0.3451 0.1940 327 254
347-0-1-0.05-50-0 0 2461 30 19 5 3 0.6008 0.8072 266 134
347-0-1-0.05-50-0 0 2462 7 49 1 6 0.9267 0.1842 106 136
347-0-1-0.05-50-0 0 2462 28 24 3 29 0.3846 0.1940 311 254
347-0-1-0.05-50-0 0 2463 28 23 3 3 0.3846 0.1698 311 476
347-0-1-0.05-50-0 0 2463 35 29 6 7 0.0354 0.6728 158 177
347-0-1-0.05-50-0 0 2464 32 29 6 6 0.6514 0.6728 215 177
347-0-1-0.05-50-0 0 2464 39 4 5 6 0.2187 0.0723 309 351
347-0-1-0.05-50-0 0 2465 24 30 32 4 0.1940 0.6008 254 266
347-0-1-0.05-50-0 0 2465 24 49 32 4 0.1940 0.1842 254 136
347-0-1-0.05-50-0 0 2466 7 6 1 7 0.9267 0.4266 106 249
347-0-1-0.05-50-0 0 2466 46 5 12 11 0.3451 0.0007 327 226
347-0-1-0.05-50-0 0 2467 28 32 5 5 0.3846 0.6514 311 215
347-0-1-0.05-50-0 0 2467 35 24 6 30 0.0354 0.1940 158 254
347-0-1-0.05-50-0 0 2468 24 39 29 5 0.1940 0.2187 254 309
347-0-1-0.05-50-0 0 2468 24 24 29 29 0.1940 0.1940 254 254
347-0-1-0.05-50-0 0 2469 35 46 6 13 0.0354 0.3451 158 327
347-0-1-0.05-50-0 0 2469 5 47 10 3 0.0007 0.9293 226 103
347-0-1-0.05-50-0 0 2470 29 35 4 6 0.6728 0.0354 177 158
347-0-1-0.05-50-0 0 2470 4 50 3 2 0.0723 0.2147 351 147
347-0-1-0.05-50-0 0 2471 12 5 5 9 0.1896 0.0007 325 226
347-0-1-0.05-50-0 0 2471 39 2 4 2 0.2187 0.8198 309 167
347-0-1-0.05-50-0 0 2472 30 28 6 7 0.6008 0.3846 266 311
347-0-1-0.05-50-0 0 2472 24 24 32 32 0.1940 0.1940 254 254
347-0-1-0.05-50-0 0 2473 15 11 1 7 0.7918 0.0504 149 384
347-0-1-0.05-50-0 0 2473 35 22 5 3 0.0354 0.0160 158 311
347-0-1-0.05-50-0 0 2474 45 46 1 14 0.3816 0.3451 173 327
347-0-1-0.05-50-0 0 2474 35 5 6 9 0.0354 0.0007 158 226
347-0-1-0.05-50-0 0 2475 24 31 31 5 0.1940 0.5626 254 252
347-0-1-0.05-50-0 0 2475 46 32 13 5 0.3451 0.6514 327 215
347-0-1-0.05-50-0 0 2476 11 29 7 10 0.0504 0.6728 384 177
347-0-1-0.05-50-0 0 2476 30 39 5 4 0.6008 0.2187 266 309
347-0-1-0.05-50-0 0 2477 5 8 10 4 0.0007 0.2506 226 303
347-0-1-0.05-50-0 0 2477 32 30 4 5 0.6514 0.6008 215 266
347-0-1-0.05-50-0 0 2478 24 32 28 4 0.1940 0.6514 254 215
347-0-1-0.05-50-0 0 2478 8 50 3 1 0.2506 0.2147 303 147
347-0-1-0.05-50-0 0 2479 39 24 2 28 0.2187 0.1940 309 254
347-0-1-0.05-50-0 0 2479 46 5 12 10 0.3451 0.0007 327 226
347-0-1-0.05-50-0 0 2480 24 24 26 26 0.1940 0.1940 254 254
347-0-1-0.05-50-0 0 2480 46 24 13 25 0.3451 0.1940 327 254
347-0-1-0.05-50-0 0 2481 5 46 9 13 0.0007 0.3451 226 327
347-0-1-0.05-50-0 0 2481 39 29 2 8 0.2187 0.6728 309 177
347-0-1-0.05-50-0 0 2482 46 46 12 12 0.3451 0.3451 327 327
347-0-1-0.05-50-0 0 2482 23 2 6 2 0.1698 0.8198 476 167
347-0-1-0.05-50-0 0 2483 39 35 2 11 0.2187 0.0354 309 158
347-0-1-0.05-50-0 0 2483 24 24 22 22 0.1940 0.1940 254 254
347-0-1-0.05-50-0 0 2484 48 6 3 3 0.1153 0.4266 334 249
347-0-1-0.05-50-0 0 2484 12 46 5 11 0.1896 0.3451 325 327
347-0-1-0.05-50-0 0 2485 30 12 7 5 0.6008 0.1896 266 325
347-0-1-0.05-50-0 0 2485 22 17 2 2 0.0160 0.6398 311 197
347-0-1-0.05-50-0 0 2486 5 39 11 1 0.0007 0.2187 226 309
347-0-1-0.05-50-0 0 2486 24 29 22 6 0.1940 0.6728 254 177
347-0-1-0.05-50-0 0 2487 5 24 11 23 0.0007 0.1940 226 254
347-0-1-0.05-50-0 0 2487 6 24 1 22 0.4266 0.1940 249 254
347-0-1-0.05-50-0 0 2488 11 5 13 12 0.0504 0.0007 384 226
347-0-1-0.05-50-0 0 2488 47 32 2 3 0.9293 0.6514 103 215
347-0-1-0.05-50-0 0 2489 5 35 12 8 0.0007 0.0354 226 158
347-0-1-0.05-50-0 0 2489 24 19 20 5 0.1940 0.8072 254 134
347-0-1-0.05-50-0 0 2490 23 29 7 5 0.1698 0.6728 476 177
347-0-1-0.05-50-0 0 2490 8 7 4 3 0.2506 0.9267 303 106
347-0-1-0.05-50-0 0 2491 29 28 4 10 0.6728 0.3846 177 311
347-0-1-0.05-50-0 0 2491 11 22 13 4 0.0504 0.0160 384 311
347-0-1-0.05-50-0 0 2492 30 50 9 1 0.6008 0.2147 266 147
347-0-1-0.05-50-0 0 2492 5 46 11 13 0.0007 0.3451 226 327
347-0-1-0.05-50-0 0 2493 46 31 13 5 0.3451 0.5626 327 252
347-0-1-0.05-50-0 0 2493 12 5 7 12 0.1896 0.0007 325 226
347-0-1-0.05-50-0 0 2493 24 6 23 4 0.1940 0.4266 254 249
347-0-1-0.05-50-0 0 2494 13 35 3 8 0.8878 0.0354 151 158
347-0-1-0.05-50-0 0 2494 5 12 13 7 0.0007 0.1896 226 325
347-0-1-0.05-50-0 0 2494 8 29 4 5 0.2506 0.6728 303 177
347-0-1-0.05-50-0 0 2495 35 5 7 14 0.0354 0.0007 158 226
347-0-1-0.05-50-0 0 2495 36 19 1 4 0.8162 0.8072 165 134
347-0-1-0.05-50-0 0 2496 16 30 2 6 0.2228 0.6008 149 266
347-0-1-0.05-50-0 0 2496 24 46 24 12 0.1940 0.3451 254 327
347-0-1-0.05-50-0 0 2497 45 24 2 25 0.3816 0.1940 173 254
347-0-1-0.05-50-0 0 2497 11 28 13 5 0.0504 0.3846 384 311
347-0-1-0.05-50-0 0 2498 4 46 2 10 0.0723 0.3451 351 327
347-0-1-0.05-50-0 0 2498 17 49 3 6 0.6398 0.1842 197 136
347-0-1-0.05-50-0 0 2499 11 45 15 2 0.0504 0.3816 384 173
347-0-1-0.05-50-0 0 2499 24 16 29 1 0.1940 0.2228 254 149
347-0-1-0.05-50-0 0 2499 30 36 5 1 0.6008 0.8162 266 165
347-0-1-0.05-50-0 0 2500 24 17 28 4 0.1940 0.6398 254 197
347-0-1-0.05-50-0 0 2500 8 30 3 5 0.2506 0.6008 303 266
