348-0-1-0.05-50-0 0 2302 7 1 3 6 0.9267 0.2520 106 409
348-0-1-0.05-50-0 0 2302 8 43 5 2 0.2506 0.8316 303 123
348-0-1-0.05-50-0 0 2303 24 29 15 4 0.1940 0.6728 254 177
348-0-1-0.05-50-0 0 2303 1 47 5 9 0.2520 0.9293 409 103
348-0-1-0.05-50-0 0 2304 46 23 1 7 0.3451 0.1698 327 476
348-0-1-0.05-50-0 0 2304 7 13 3 4 0.9267 0.8878 106 151
348-0-1-0.05-50-0 0 2305 3 11 7 2 0.4813 0.0504 321 384
348-0-1-0.05-50-0 0 2305 8 47 5 7 0.2506 0.9293 303 103
348-0-1-0.05-50-0 0 2306 23 47 7 6 0.1698 0.9293 476 103
348-0-1-0.05-50-0 0 2306 44 24 3 16 0.7034 0.1940 118 254
348-0-1-0.05-50-0 0 2307 22 1 3 6 0.0160 0.2520 311 409
348-0-1-0.05-50-0 0 2307 2 7 1 4 0.8198 0.9267 167 106
348-0-1-0.05-50-0 0 2308 3 24 6 16 0.4813 0.1940 321 254
348-0-1-0.05-50-0 0 2308 50 23 11 7 0.2147 0.1698 147 476
348-0-1-0.05-50-0 0 2309 18 10 3 3 0.2181 0.2533 226 449
348-0-1-0.05-50-0 0 2309 29 24 4 16 0.6728 0.1940 177 254
348-0-1-0.05-50-0 0 2310 10 14 2 6 0.2533 0.8451 449 105
348-0-1-0.05-50-0 0 2310 14 2 5 1 0.8451 0.8198 105 167
348-0-1-0.05-50-0 0 2311 33 24 1 16 0.6893 0.1940 191 254
348-0-1-0.05-50-0 0 2311 24 19 15 1 0.1940 0.8072 254 134
348-0-1-0.05-50-0 0 2312 24 49 14 4 0.1940 0.1842 254 136
348-0-1-0.05-50-0 0 2312 1 5 6 4 0.2520 0.0007 409 226
348-0-1-0.05-50-0 0 2313 31 7 2 5 0.5626 0.9267 252 106
348-0-1-0.05-50-0 0 2313 23 29 7 4 0.1698 0.6728 476 177
348-0-1-0.05-50-0 0 2314 7 50 5 14 0.9267 0.2147 106 147
348-0-1-0.05-50-0 0 2314 24 24 15 15 0.1940 0.1940 254 254
348-0-1-0.05-50-0 0 2315 15 10 4 1 0.7918 0.2533 149 449
348-0-1-0.05-50-0 0 2315 8 24 2 16 0.2506 0.1940 303 254
348-0-1-0.05-50-0 0 2316 23 24 6 17 0.1698 0.1940 476 254
348-0-1-0.05-50-0 0 2316 3 24 7 16 0.4813 0.1940 321 254
348-0-1-0.05-50-0 0 2317 24 5 16 2 0.1940 0.0007 254 226
348-0-1-0.05-50-0 0 2317 7 47 6 4 0.9267 0.9293 106 103
348-0-1-0.05-50-0 0 2318 14 7 5 6 0.8451 0.9267 105 106
348-0-1-0.05-50-0 0 2318 6 3 4 9 0.4266 0.4813 249 321
348-0-1-0.05-50-0 0 2319 6 50 5 12 0.4266 0.2147 249 147
348-0-1-0.05-50-0 0 2319 49 1 3 13 0.1842 0.2520 136 409
348-0-1-0.05-50-0 0 2320 31 29 2 3 0.5626 0.6728 252 177
348-0-1-0.05-50-0 0 2320 11 36 2 2 0.0504 0.8162 384 165
348-0-1-0.05-50-0 0 2321 49 1 3 13 0.1842 0.2520 136 409
348-0-1-0.05-50-0 0 2321 20 14 2 5 0.9922 0.8451 102 105
348-0-1-0.05-50-0 0 2322 14 1 5 14 0.8451 0.2520 105 409
348-0-1-0.05-50-0 0 2322 15 9 3 1 0.7918 0.6134 149 161
348-0-1-0.05-50-0 0 2323 50 24 13 15 0.2147 0.1940 147 254
348-0-1-0.05-50-0 0 2323 1 24 14 14 0.2520 0.1940 409 254
348-0-1-0.05-50-0 0 2324 7 50 6 15 0.9267 0.2147 106 147
348-0-1-0.05-50-0 0 2324 50 1 14 15 0.2147 0.2520 147 409
348-0-1-0.05-50-0 0 2325 24 44 13 4 0.1940 0.7034 254 118
348-0-1-0.05-50-0 0 2325 50 8 16 1 0.2147 0.2506 147 303
348-0-1-0.05-50-0 0 2326 33 11 1 2 0.6893 0.0504 191 384
348-0-1-0.05-50-0 0 2326 3 34 9 1 0.4813 0.7448 321 168
348-0-1-0.05-50-0 0 2327 3 28 9 2 0.4813 0.3846 321 311
348-0-1-0.05-50-0 0 2327 15 3 1 9 0.7918 0.4813 149 321
348-0-1-0.05-50-0 0 2328 6 13 5 4 0.4266 0.8878 249 151
348-0-1-0.05-50-0 0 2328 18 1 1 16 0.2181 0.2520 226 409
348-0-1-0.05-50-0 0 2329 24 3 15 7 0.1940 0.4813 254 321
348-0-1-0.05-50-0 0 2329 24 13 15 4 0.1940 0.8878 254 151
348-0-1-0.05-50-0 0 2330 30 50 1 16 0.6008 0.2147 266 147
348-0-1-0.05-50-0 0 2330 24 1 14 14 0.1940 0.2520 254 409
348-0-1-0.05-50-0 0 2331 31 1 2 13 0.5626 0.2520 252 409
348-0-1-0.05-50-0 0 2331 50 50 16 16 0.2147 0.2147 147 147
348-0-1-0.05-50-0 0 2332 44 44 5 5 0.7034 0.7034 118 118
348-0-1-0.05-50-0 0 2332 50 37 15 6 0.2147 0.8481 147 127
348-0-1-0.05-50-0 0 2333 24 1 13 12 0.1940 0.2520 254 409
348-0-1-0.05-50-0 0 2333 37 44 4 4 0.8481 0.7034 127 118
348-0-1-0.05-50-0 0 2334 29 1 4 11 0.6728 0.2520 177 409
348-0-1-0.05-50-0 0 2334 24 1 13 10 0.1940 0.2520 254 409
348-0-1-0.05-50-0 0 2335 20 24 4 12 0.9922 0.1940 102 254
348-0-1-0.05-50-0 0 2335 47 15 3 1 0.9293 0.7918 103 149
348-0-1-0.05-50-0 0 2336 14 50 4 15 0.8451 0.2147 105 147
348-0-1-0.05-50-0 0 2336 37 47 4 3 0.8481 0.9293 127 103
348-0-1-0.05-50-0 0 2337 7 7 5 5 0.9267 0.9267 106 106
348-0-1-0.05-50-0 0 2337 50 1 15 10 0.2147 0.2520 147 409
348-0-1-0.05-50-0 0 2338 24 3 11 4 0.1940 0.4813 254 321
348-0-1-0.05-50-0 0 2338 49 1 3 9 0.1842 0.2520 136 409
348-0-1-0.05-50-0 0 2339 50 25 17 1 0.2147 0.9430 147 125
348-0-1-0.05-50-0 0 2339 14 23 4 1 0.8451 0.1698 105 476
348-0-1-0.05-50-0 0 2340 1 19 9 2 0.2520 0.8072 409 134
348-0-1-0.05-50-0 0 2340 18 50 1 17 0.2181 0.2147 226 147
348-0-1-0.05-50-0 0 2341 1 37 9 5 0.2520 0.8481 409 127
348-0-1-0.05-50-0 0 2341 49 50 4 16 0.1842 0.2147 136 147
348-0-1-0.05-50-0 0 2342 50 20 16 4 0.2147 0.9922 147 102
348-0-1-0.05-50-0 0 2342 24 29 12 7 0.1940 0.6728 254 177
348-0-1-0.05-50-0 0 2343 50 1 17 10 0.2147 0.2520 147 409
348-0-1-0.05-50-0 0 2343 7 29 3 7 0.9267 0.6728 106 177
348-0-1-0.05-50-0 0 2344 29 37 5 4 0.6728 0.8481 177 127
348-0-1-0.05-50-0 0 2344 33 50 1 17 0.6893 0.2147 191 147
348-0-1-0.05-50-0 0 2345 50 5 17 4 0.2147 0.0007 147 226
348-0-1-0.05-50-0 0 2345 24 1 14 10 0.1940 0.2520 254 409
348-0-1-0.05-50-0 0 2346 5 50 4 16 0.0007 0.2147 226 147
348-0-1-0.05-50-0 0 2347 15 7 2 3 0.7918 0.9267 149 106
348-0-1-0.05-50-0 0 2347 24 37 14 4 0.1940 0.8481 254 127
348-0-1-0.05-50-0 0 2348 50 19 15 1 0.2147 0.8072 147 134
348-0-1-0.05-50-0 0 2349 50 1 15 9 0.2147 0.2520 147 409
348-0-1-0.05-50-0 0 2350 29 16 5 3 0.6728 0.2228 177 149
348-0-1-0.05-50-0 0 2351 24 30 14 1 0.1940 0.6008 254 266
348-0-1-0.05-50-0 0 2352 3 50 1 15 0.4813 0.2147 321 147
348-0-1-0.05-50-0 0 2353 6 50 2 14 0.4266 0.2147 249 147
348-0-1-0.05-50-0 0 2354 1 50 8 15 0.2520 0.2147 409 147
348-0-1-0.05-50-0 0 2355 16 24 2 14 0.2228 0.1940 149 254
348-0-1-0.05-50-0 0 2356 20 49 5 4 0.9922 0.1842 102 136
348-0-1-0.05-50-0 0 2357 26 37 2 2 0.8171 0.8481 141 127
348-0-1-0.05-50-0 0 2358 50 24 16 14 0.2147 0.1940 147 254
348-0-1-0.05-50-0 0 2359 13 18 3 3 0.8878 0.2181 151 226
348-0-1-0.05-50-0 0 2360 6 49 2 4 0.4266 0.1842 249 136
348-0-1-0.05-50-0 0 2361 5 1 8 8 0.0007 0.2520 226 409
348-0-1-0.05-50-0 0 2361 50 13 16 3 0.2147 0.8878 147 151
348-0-1-0.05-50-0 0 2362 24 50 12 16 0.1940 0.2147 254 147
348-0-1-0.05-50-0 0 2362 12 24 1 12 0.1896 0.1940 325 254
348-0-1-0.05-50-0 0 2363 29 29 7 7 0.6728 0.6728 177 177
348-0-1-0.05-50-0 0 2364 5 5 8 8 0.0007 0.0007 226 226
348-0-1-0.05-50-0 0 2364 44 50 5 14 0.7034 0.2147 118 147
348-0-1-0.05-50-0 0 2365 42 29 1 5 0.7447 0.6728 106 177
348-0-1-0.05-50-0 0 2365 44 29 7 4 0.7034 0.6728 118 177
348-0-1-0.05-50-0 0 2366 50 5 15 6 0.2147 0.0007 147 226
348-0-1-0.05-50-0 0 2366 44 34 7 1 0.7034 0.7448 118 168
348-0-1-0.05-50-0 0 2367 24 29 11 2 0.1940 0.6728 254 177
348-0-1-0.05-50-0 0 2367 8 24 1 11 0.2506 0.1940 303 254
348-0-1-0.05-50-0 0 2368 1 37 8 4 0.2520 0.8481 409 127
348-0-1-0.05-50-0 0 2369 33 10 1 3 0.6893 0.2533 191 449
348-0-1-0.05-50-0 0 2370 10 7 2 3 0.2533 0.9267 449 106
348-0-1-0.05-50-0 0 2370 13 7 1 2 0.8878 0.9267 151 106
348-0-1-0.05-50-0 0 2371 22 16 2 1 0.0160 0.2228 311 149
348-0-1-0.05-50-0 0 2372 20 1 2 9 0.9922 0.2520 102 409
348-0-1-0.05-50-0 0 2372 37 18 5 2 0.8481 0.2181 127 226
348-0-1-0.05-50-0 0 2373 50 31 14 6 0.2147 0.5626 147 252
348-0-1-0.05-50-0 0 2373 50 10 14 2 0.2147 0.2533 147 449
348-0-1-0.05-50-0 0 2374 17 1 4 7 0.6398 0.2520 197 409
348-0-1-0.05-50-0 0 2374 44 46 10 3 0.7034 0.3451 118 327
348-0-1-0.05-50-0 0 2375 44 24 10 12 0.7034 0.1940 118 254
348-0-1-0.05-50-0 0 2375 28 5 2 6 0.3846 0.0007 311 226
348-0-1-0.05-50-0 0 2376 5 39 5 3 0.0007 0.2187 226 309
348-0-1-0.05-50-0 0 2376 31 24 6 11 0.5626 0.1940 252 254
348-0-1-0.05-50-0 0 2377 5 15 6 10 0.0007 0.7918 226 149
348-0-1-0.05-50-0 0 2377 1 24 7 9 0.2520 0.1940 409 254
348-0-1-0.05-50-0 0 2378 44 22 11 2 0.7034 0.0160 118 311
348-0-1-0.05-50-0 0 2378 13 24 1 9 0.8878 0.1940 151 254
348-0-1-0.05-50-0 0 2379 46 12 3 2 0.3451 0.1896 327 325
348-0-1-0.05-50-0 0 2379 5 49 6 3 0.0007 0.1842 226 136
348-0-1-0.05-50-0 0 2380 37 31 9 5 0.8481 0.5626 127 252
348-0-1-0.05-50-0 0 2380 49 1 2 8 0.1842 0.2520 136 409
348-0-1-0.05-50-0 0 2381 15 15 9 9 0.7918 0.7918 149 149
348-0-1-0.05-50-0 0 2381 46 24 4 12 0.3451 0.1940 327 254
348-0-1-0.05-50-0 0 2382 31 15 4 8 0.5626 0.7918 252 149
348-0-1-0.05-50-0 0 2382 49 31 2 4 0.1842 0.5626 136 252
348-0-1-0.05-50-0 0 2383 31 6 3 2 0.5626 0.4266 252 249
348-0-1-0.05-50-0 0 2383 46 50 3 11 0.3451 0.2147 327 147
348-0-1-0.05-50-0 0 2384 24 1 13 8 0.1940 0.2520 254 409
348-0-1-0.05-50-0 0 2384 44 46 10 3 0.7034 0.3451 118 327
348-0-1-0.05-50-0 0 2385 50 24 9 13 0.2147 0.1940 147 254
348-0-1-0.05-50-0 0 2385 37 7 8 3 0.8481 0.9267 127 106
348-0-1-0.05-50-0 0 2386 46 33 3 5 0.3451 0.6893 327 191
348-0-1-0.05-50-0 0 2386 50 33 9 4 0.2147 0.6893 147 191
348-0-1-0.05-50-0 0 2387 47 6 1 2 0.9293 0.4266 103 249
348-0-1-0.05-50-0 0 2387 24 15 13 7 0.1940 0.7918 254 149
348-0-1-0.05-50-0 0 2388 3 26 1 4 0.4813 0.8171 321 141
348-0-1-0.05-50-0 0 2388 7 46 2 3 0.9267 0.3451 106 327
348-0-1-0.05-50-0 0 2389 40 19 1 2 0.9739 0.8072 104 134
348-0-1-0.05-50-0 0 2389 35 24 1 14 0.0354 0.1940 158 254
348-0-1-0.05-50-0 0 2390 28 24 2 13 0.3846 0.1940 311 254
348-0-1-0.05-50-0 0 2390 50 24 9 12 0.2147 0.1940 147 254
348-0-1-0.05-50-0 0 2391 49 44 1 10 0.1842 0.7034 136 118
348-0-1-0.05-50-0 0 2391 44 37 9 10 0.7034 0.8481 118 127
348-0-1-0.05-50-0 0 2392 44 15 9 6 0.7034 0.7918 118 149
348-0-1-0.05-50-0 0 2392 10 7 3 2 0.2533 0.9267 449 106
348-0-1-0.05-50-0 0 2393 50 15 8 5 0.2147 0.7918 147 149
348-0-1-0.05-50-0 0 2393 5 50 9 8 0.0007 0.2147 226 147
348-0-1-0.05-50-0 0 2394 45 22 3 1 0.3816 0.0160 173 311
348-0-1-0.05-50-0 0 2394 31 37 4 7 0.5626 0.8481 252 127
348-0-1-0.05-50-0 0 2395 50 1 7 8 0.2147 0.2520 147 409
348-0-1-0.05-50-0 0 2395 28 5 2 8 0.3846 0.0007 311 226
348-0-1-0.05-50-0 0 2396 15 13 5 2 0.7918 0.8878 149 151
348-0-1-0.05-50-0 0 2397 31 5 4 8 0.5626 0.0007 252 226
348-0-1-0.05-50-0 0 2398 20 5 5 7 0.9922 0.0007 102 226
348-0-1-0.05-50-0 0 2399 1 24 9 7 0.2520 0.1940 409 254
348-0-1-0.05-50-0 0 2399 1 46 9 3 0.2520 0.3451 409 327
348-0-1-0.05-50-0 0 2400 25 46 2 2 0.9430 0.3451 125 327
348-0-1-0.05-50-0 0 2401 24 28 7 2 0.1940 0.3846 254 311
348-0-1-0.05-50-0 0 2401 24 37 7 8 0.1940 0.8481 254 127
348-0-1-0.05-50-0 0 2402 50 34 9 1 0.2147 0.7448 147 168
348-0-1-0.05-50-0 0 2403 1 50 9 10 0.2520 0.2147 409 147
348-0-1-0.05-50-0 0 2403 50 24 9 7 0.2147 0.1940 147 254
348-0-1-0.05-50-0 0 2404 45 17 4 2 0.3816 0.6398 173 197
348-0-1-0.05-50-0 0 2404 1 26 9 2 0.2520 0.8171 409 141
348-0-1-0.05-50-0 0 2405 15 15 4 4 0.7918 0.7918 149 149
348-0-1-0.05-50-0 0 2405 8 5 3 5 0.2506 0.0007 303 226
348-0-1-0.05-50-0 0 2406 45 45 4 4 0.3816 0.3816 173 173
348-0-1-0.05-50-0 0 2406 44 37 14 8 0.7034 0.8481 118 127
348-0-1-0.05-50-0 0 2407 25 24 2 6 0.9430 0.1940 125 254
348-0-1-0.05-50-0 0 2407 44 44 15 15 0.7034 0.7034 118 118
348-0-1-0.05-50-0 0 2408 20 45 5 3 0.9922 0.3816 102 173
348-0-1-0.05-50-0 0 2408 37 31 6 7 0.8481 0.5626 127 252
348-0-1-0.05-50-0 0 2409 7 37 1 6 0.9267 0.8481 106 127
348-0-1-0.05-50-0 0 2409 3 15 2 3 0.4813 0.7918 321 149
348-0-1-0.05-50-0 0 2410 44 18 16 2 0.7034 0.2181 118 226
348-0-1-0.05-50-0 0 2410 49 12 2 4 0.1842 0.1896 136 325
348-0-1-0.05-50-0 0 2411 33 5 2 4 0.6893 0.0007 191 226
348-0-1-0.05-50-0 0 2412 26 31 1 6 0.8171 0.5626 141 252
348-0-1-0.05-50-0 0 2413 31 5 4 4 0.5626 0.0007 252 226
348-0-1-0.05-50-0 0 2414 7 44 2 15 0.9267 0.7034 106 118
348-0-1-0.05-50-0 0 2415 46 7 2 2 0.3451 0.9267 327 106
348-0-1-0.05-50-0 0 2416 3 11 2 1 0.4813 0.0504 321 384
348-0-1-0.05-50-0 0 2417 29 29 6 6 0.6728 0.6728 177 177
348-0-1-0.05-50-0 0 2418 5 44 5 11 0.0007 0.7034 226 118
348-0-1-0.05-50-0 0 2419 37 44 5 10 0.8481 0.7034 127 118
348-0-1-0.05-50-0 0 2420 42 29 3 5 0.7447 0.6728 106 177
348-0-1-0.05-50-0 0 2421 25 10 3 6 0.9430 0.2533 125 449
348-0-1-0.05-50-0 0 2422 44 29 9 4 0.7034 0.6728 118 177
348-0-1-0.05-50-0 0 2423 20 45 3 4 0.9922 0.3816 102 173
348-0-1-0.05-50-0 0 2423 46 5 2 6 0.3451 0.0007 327 226
348-0-1-0.05-50-0 0 2424 5 39 5 5 0.0007 0.2187 226 309
348-0-1-0.05-50-0 0 2424 44 44 10 10 0.7034 0.7034 118 118
348-0-1-0.05-50-0 0 2425 37 20 6 3 0.8481 0.9922 127 102
348-0-1-0.05-50-0 0 2425 8 39 7 4 0.2506 0.2187 303 309
348-0-1-0.05-50-0 0 2426 42 7 2 1 0.7447 0.9267 106 106
348-0-1-0.05-50-0 0 2427 12 46 2 4 0.1896 0.3451 325 327
348-0-1-0.05-50-0 0 2428 10 17 4 1 0.2533 0.6398 449 197
348-0-1-0.05-50-0 0 2429 8 1 8 7 0.2506 0.2520 303 409
348-0-1-0.05-50-0 0 2429 39 49 3 2 0.2187 0.1842 309 136
348-0-1-0.05-50-0 0 2430 45 49 6 2 0.3816 0.1842 173 136
348-0-1-0.05-50-0 0 2430 50 46 11 4 0.2147 0.3451 147 327
348-0-1-0.05-50-0 0 2431 24 50 2 11 0.1940 0.2147 254 147
348-0-1-0.05-50-0 0 2432 46 50 3 10 0.3451 0.2147 327 147
348-0-1-0.05-50-0 0 2432 50 1 9 6 0.2147 0.2520 147 409
348-0-1-0.05-50-0 0 2433 5 25 4 3 0.0007 0.9430 226 125
348-0-1-0.05-50-0 0 2433 8 28 7 1 0.2506 0.3846 303 311
348-0-1-0.05-50-0 0 2434 10 8 4 6 0.2533 0.2506 449 303
348-0-1-0.05-50-0 0 2434 45 50 5 12 0.3816 0.2147 173 147
348-0-1-0.05-50-0 0 2435 46 18 2 2 0.3451 0.2181 327 226
348-0-1-0.05-50-0 0 2435 49 19 1 1 0.1842 0.8072 136 134
348-0-1-0.05-50-0 0 2436 12 49 3 1 0.1896 0.1842 325 136
348-0-1-0.05-50-0 0 2436 44 25 14 2 0.7034 0.9430 118 125
348-0-1-0.05-50-0 0 2437 30 37 2 5 0.6008 0.8481 266 127
348-0-1-0.05-50-0 0 2437 20 40 2 2 0.9922 0.9739 102 104
348-0-1-0.05-50-0 0 2438 44 24 12 2 0.7034 0.1940 118 254
348-0-1-0.05-50-0 0 2438 5 1 5 3 0.0007 0.2520 226 409
348-0-1-0.05-50-0 0 2439 4 37 2 4 0.0723 0.8481 351 127
348-0-1-0.05-50-0 0 2440 44 31 12 11 0.7034 0.5626 118 252
348-0-1-0.05-50-0 0 2441 8 50 7 11 0.2506 0.2147 303 147
348-0-1-0.05-50-0 0 2442 45 44 6 15 0.3816 0.7034 173 118
348-0-1-0.05-50-0 0 2442 21 10 2 9 0.4184 0.2533 158 449
348-0-1-0.05-50-0 0 2443 50 5 10 5 0.2147 0.0007 147 226
348-0-1-0.05-50-0 0 2443 33 10 2 8 0.6893 0.2533 191 449
348-0-1-0.05-50-0 0 2444 45 45 6 6 0.3816 0.3816 173 173
348-0-1-0.05-50-0 0 2444 25 45 1 5 0.9430 0.3816 125 173
348-0-1-0.05-50-0 0 2445 45 31 4 11 0.3816 0.5626 173 252
348-0-1-0.05-50-0 0 2446 30 38 1 1 0.6008 0.6163 266 270
348-0-1-0.05-50-0 0 2447 21 37 2 3 0.4184 0.8481 158 127
348-0-1-0.05-50-0 0 2448 50 10 15 6 0.2147 0.2533 147 449
348-0-1-0.05-50-0 0 2449 39 37 3 2 0.2187 0.8481 309 127
348-0-1-0.05-50-0 0 2450 8 5 7 3 0.2506 0.0007 303 226
348-0-1-0.05-50-0 0 2451 44 4 11 5 0.7034 0.0723 118 351
348-0-1-0.05-50-0 0 2452 42 50 4 17 0.7447 0.2147 106 147
348-0-1-0.05-50-0 0 2453 44 39 12 5 0.7034 0.2187 118 309
348-0-1-0.05-50-0 0 2454 31 21 11 6 0.5626 0.4184 252 158
348-0-1-0.05-50-0 0 2455 13 31 2 11 0.8878 0.5626 151 252
348-0-1-0.05-50-0 0 2456 39 50 4 17 0.2187 0.2147 309 147
348-0-1-0.05-50-0 0 2457 50 50 16 16 0.2147 0.2147 147 147
348-0-1-0.05-50-0 0 2458 29 39 2 4 0.6728 0.2187 177 309
348-0-1-0.05-50-0 0 2459 44 10 13 5 0.7034 0.2533 118 449
348-0-1-0.05-50-0 0 2459 13 50 4 13 0.8878 0.2147 151 147
348-0-1-0.05-50-0 0 2460 37 4 1 4 0.8481 0.0723 127 351
348-0-1-0.05-50-0 0 2461 44 31 12 9 0.7034 0.5626 118 252
348-0-1-0.05-50-0 0 2462 30 21 2 3 0.6008 0.4184 266 158
348-0-1-0.05-50-0 0 2463 10 8 5 7 0.2533 0.2506 449 303
348-0-1-0.05-50-0 0 2464 30 39 3 3 0.6008 0.2187 266 309
348-0-1-0.05-50-0 0 2465 29 44 4 10 0.6728 0.7034 177 118
348-0-1-0.05-50-0 0 2465 44 29 9 4 0.7034 0.6728 118 177
348-0-1-0.05-50-0 0 2466 29 31 3 9 0.6728 0.5626 177 252
348-0-1-0.05-50-0 0 2466 12 8 3 7 0.1896 0.2506 325 303
348-0-1-0.05-50-0 0 2467 42 50 6 14 0.7447 0.2147 106 147
348-0-1-0.05-50-0 0 2467 13 44 4 7 0.8878 0.7034 151 118
348-0-1-0.05-50-0 0 2468 49 5 3 3 0.1842 0.0007 136 226
348-0-1-0.05-50-0 0 2468 12 50 3 13 0.1896 0.2147 325 147
348-0-1-0.05-50-0 0 2469 49 9 4 4 0.1842 0.6134 136 161
348-0-1-0.05-50-0 0 2469 47 23 3 2 0.9293 0.1698 103 476
348-0-1-0.05-50-0 0 2470 25 18 2 4 0.9430 0.2181 125 226
348-0-1-0.05-50-0 0 2470 45 13 3 3 0.3816 0.8878 173 151
348-0-1-0.05-50-0 0 2471 13 44 3 6 0.8878 0.7034 151 118
348-0-1-0.05-50-0 0 2471 5 31 2 7 0.0007 0.5626 226 252
348-0-1-0.05-50-0 0 2472 42 35 4 1 0.7447 0.0354 106 158
348-0-1-0.05-50-0 0 2472 24 50 3 14 0.1940 0.2147 254 147
348-0-1-0.05-50-0 0 2473 8 5 9 2 0.2506 0.0007 303 226
348-0-1-0.05-50-0 0 2473 44 39 5 6 0.7034 0.2187 118 309
348-0-1-0.05-50-0 0 2474 44 29 5 6 0.7034 0.6728 118 177
348-0-1-0.05-50-0 0 2474 31 8 5 9 0.5626 0.2506 252 303
348-0-1-0.05-50-0 0 2475 21 30 4 2 0.4184 0.6008 158 266
348-0-1-0.05-50-0 0 2475 13 18 3 4 0.8878 0.2181 151 226
348-0-1-0.05-50-0 0 2476 29 9 6 5 0.6728 0.6134 177 161
348-0-1-0.05-50-0 0 2476 47 47 3 3 0.9293 0.9293 103 103
348-0-1-0.05-50-0 0 2477 10 29 5 6 0.2533 0.6728 449 177
348-0-1-0.05-50-0 0 2477 39 47 5 2 0.2187 0.9293 309 103
348-0-1-0.05-50-0 0 2478 9 45 5 4 0.6134 0.3816 161 173
348-0-1-0.05-50-0 0 2478 50 44 13 6 0.2147 0.7034 147 118
348-0-1-0.05-50-0 0 2479 46 23 6 1 0.3451 0.1698 327 476
348-0-1-0.05-50-0 0 2479 45 49 4 4 0.3816 0.1842 173 136
348-0-1-0.05-50-0 0 2480 31 5 5 1 0.5626 0.0007 252 226
348-0-1-0.05-50-0 0 2480 12 18 5 3 0.1896 0.2181 325 226
348-0-1-0.05-50-0 0 2481 50 45 13 3 0.2147 0.3816 147 173
348-0-1-0.05-50-0 0 2481 29 50 5 13 0.6728 0.2147 177 147
348-0-1-0.05-50-0 0 2482 44 8 6 7 0.7034 0.2506 118 303
348-0-1-0.05-50-0 0 2482 24 12 4 5 0.1940 0.1896 254 325
348-0-1-0.05-50-0 0 2483 43 31 3 5 0.8316 0.5626 123 252
348-0-1-0.05-50-0 0 2483 50 46 12 5 0.2147 0.3451 147 327
348-0-1-0.05-50-0 0 2484 8 25 6 3 0.2506 0.9430 303 125
348-0-1-0.05-50-0 0 2484 50 50 11 11 0.2147 0.2147 147 147
348-0-1-0.05-50-0 0 2485 10 18 9 4 0.2533 0.2181 449 226
348-0-1-0.05-50-0 0 2485 26 10 3 9 0.8171 0.2533 141 449
348-0-1-0.05-50-0 0 2486 31 50 4 10 0.5626 0.2147 252 147
348-0-1-0.05-50-0 0 2486 34 18 2 3 0.7448 0.2181 168 226
348-0-1-0.05-50-0 0 2487 41 34 2 2 0.9621 0.7448 105 168
348-0-1-0.05-50-0 0 2488 19 39 1 4 0.8072 0.2187 134 309
348-0-1-0.05-50-0 0 2488 21 44 4 4 0.4184 0.7034 158 118
348-0-1-0.05-50-0 0 2489 50 29 10 3 0.2147 0.6728 147 177
348-0-1-0.05-50-0 0 2490 13 9 1 8 0.8878 0.6134 151 161
348-0-1-0.05-50-0 0 2490 14 24 1 4 0.8451 0.1940 105 254
348-0-1-0.05-50-0 0 2491 22 9 2 7 0.0160 0.6134 311 161
348-0-1-0.05-50-0 0 2492 49 42 4 4 0.1842 0.7447 136 106
348-0-1-0.05-50-0 0 2492 31 50 4 12 0.5626 0.2147 252 147
348-0-1-0.05-50-0 0 2493 21 10 3 10 0.4184 0.2533 158 449
348-0-1-0.05-50-0 0 2494 4 22 3 2 0.0723 0.0160 351 311
348-0-1-0.05-50-0 0 2495 31 12 6 2 0.5626 0.1896 252 325
348-0-1-0.05-50-0 0 2496 50 26 10 3 0.2147 0.8171 147 141
348-0-1-0.05-50-0 0 2497 10 44 9 6 0.2533 0.7034 449 118
348-0-1-0.05-50-0 0 2498 40 10 5 9 0.9739 0.2533 104 449
348-0-1-0.05-50-0 0 2499 10 50 9 10 0.2533 0.2147 449 147
348-0-1-0.05-50-0 0 2500 50 44 9 6 0.2147 0.7034 147 118
348-0-1-0.05-50-0 0 2500 10 47 9 2 0.2533 0.9293 449 103
