35-0-1-0.05-50-0 0 2302 5 49 11 14 0.0007 0.1842 226 136
35-0-1-0.05-50-0 0 2302 44 11 2 10 0.7034 0.0504 118 384
35-0-1-0.05-50-0 0 2303 43 26 1 10 0.8316 0.8171 123 141
35-0-1-0.05-50-0 0 2303 7 26 2 9 0.9267 0.8171 106 141
35-0-1-0.05-50-0 0 2304 6 5 1 11 0.4266 0.0007 249 226
35-0-1-0.05-50-0 0 2304 44 50 2 5 0.7034 0.2147 118 147
35-0-1-0.05-50-0 0 2305 10 10 20 20 0.2533 0.2533 449 449
35-0-1-0.05-50-0 0 2305 49 11 16 11 0.1842 0.0504 136 384
35-0-1-0.05-50-0 0 2306 16 49 2 16 0.2228 0.1842 149 136
35-0-1-0.05-50-0 0 2306 5 16 12 2 0.0007 0.2228 226 149
35-0-1-0.05-50-0 0 2307 33 49 3 16 0.6893 0.1842 191 136
35-0-1-0.05-50-0 0 2307 26 46 10 4 0.8171 0.3451 141 327
35-0-1-0.05-50-0 0 2308 11 40 10 1 0.0504 0.9739 384 104
35-0-1-0.05-50-0 0 2308 3 5 7 12 0.4813 0.0007 321 226
35-0-1-0.05-50-0 0 2309 10 49 17 14 0.2533 0.1842 449 136
35-0-1-0.05-50-0 0 2309 14 8 5 3 0.8451 0.2506 105 303
35-0-1-0.05-50-0 0 2310 12 11 9 11 0.1896 0.0504 325 384
35-0-1-0.05-50-0 0 2310 36 5 3 12 0.8162 0.0007 165 226
35-0-1-0.05-50-0 0 2311 10 5 17 11 0.2533 0.0007 449 226
35-0-1-0.05-50-0 0 2311 26 3 10 6 0.8171 0.4813 141 321
35-0-1-0.05-50-0 0 2312 50 26 5 10 0.2147 0.8171 147 141
35-0-1-0.05-50-0 0 2312 50 20 5 3 0.2147 0.9922 147 102
35-0-1-0.05-50-0 0 2313 20 10 2 18 0.9922 0.2533 102 449
35-0-1-0.05-50-0 0 2313 11 49 12 13 0.0504 0.1842 384 136
35-0-1-0.05-50-0 0 2314 7 26 3 10 0.9267 0.8171 106 141
35-0-1-0.05-50-0 0 2314 14 12 4 10 0.8451 0.1896 105 325
35-0-1-0.05-50-0 0 2315 11 6 13 1 0.0504 0.4266 384 249
35-0-1-0.05-50-0 0 2315 3 12 8 10 0.4813 0.1896 321 325
35-0-1-0.05-50-0 0 2316 10 12 19 9 0.2533 0.1896 449 325
35-0-1-0.05-50-0 0 2316 50 11 7 13 0.2147 0.0504 147 384
35-0-1-0.05-50-0 0 2317 13 33 6 4 0.8878 0.6893 151 191
35-0-1-0.05-50-0 0 2317 47 5 2 10 0.9293 0.0007 103 226
35-0-1-0.05-50-0 0 2318 3 10 8 21 0.4813 0.2533 321 449
35-0-1-0.05-50-0 0 2318 33 9 3 2 0.6893 0.6134 191 161
35-0-1-0.05-50-0 0 2319 49 3 17 7 0.1842 0.4813 136 321
35-0-1-0.05-50-0 0 2319 12 33 10 4 0.1896 0.6893 325 191
35-0-1-0.05-50-0 0 2320 36 35 2 2 0.8162 0.0354 165 158
35-0-1-0.05-50-0 0 2320 49 49 19 19 0.1842 0.1842 136 136
35-0-1-0.05-50-0 0 2321 49 7 18 3 0.1842 0.9267 136 106
35-0-1-0.05-50-0 0 2321 12 13 12 5 0.1896 0.8878 325 151
35-0-1-0.05-50-0 0 2322 10 49 22 18 0.2533 0.1842 449 136
35-0-1-0.05-50-0 0 2322 11 8 13 3 0.0504 0.2506 384 303
35-0-1-0.05-50-0 0 2323 5 5 7 7 0.0007 0.0007 226 226
35-0-1-0.05-50-0 0 2323 11 49 14 16 0.0504 0.1842 384 136
35-0-1-0.05-50-0 0 2324 50 47 6 2 0.2147 0.9293 147 103
35-0-1-0.05-50-0 0 2324 13 10 4 20 0.8878 0.2533 151 449
35-0-1-0.05-50-0 0 2325 7 26 2 10 0.9267 0.8171 106 141
35-0-1-0.05-50-0 0 2325 11 50 15 5 0.0504 0.2147 384 147
35-0-1-0.05-50-0 0 2326 10 26 20 9 0.2533 0.8171 449 141
35-0-1-0.05-50-0 0 2326 14 26 6 8 0.8451 0.8171 105 141
35-0-1-0.05-50-0 0 2327 11 11 15 15 0.0504 0.0504 384 384
35-0-1-0.05-50-0 0 2327 32 12 1 11 0.6514 0.1896 215 325
35-0-1-0.05-50-0 0 2328 11 20 13 3 0.0504 0.9922 384 102
35-0-1-0.05-50-0 0 2328 10 50 20 4 0.2533 0.2147 449 147
35-0-1-0.05-50-0 0 2329 49 4 16 2 0.1842 0.0723 136 351
35-0-1-0.05-50-0 0 2329 12 42 10 1 0.1896 0.7447 325 106
35-0-1-0.05-50-0 0 2330 10 44 25 1 0.2533 0.7034 449 118
35-0-1-0.05-50-0 0 2330 9 10 4 25 0.6134 0.2533 161 449
35-0-1-0.05-50-0 0 2331 50 5 4 4 0.2147 0.0007 147 226
35-0-1-0.05-50-0 0 2331 33 14 5 6 0.6893 0.8451 191 105
35-0-1-0.05-50-0 0 2332 11 14 16 5 0.0504 0.8451 384 105
35-0-1-0.05-50-0 0 2332 26 24 6 2 0.8171 0.1940 141 254
35-0-1-0.05-50-0 0 2333 10 12 29 10 0.2533 0.1896 449 325
35-0-1-0.05-50-0 0 2333 14 2 5 1 0.8451 0.8198 105 167
35-0-1-0.05-50-0 0 2333 10 8 29 2 0.2533 0.2506 449 303
35-0-1-0.05-50-0 0 2334 3 50 5 7 0.4813 0.2147 321 147
35-0-1-0.05-50-0 0 2334 11 33 19 4 0.0504 0.6893 384 191
35-0-1-0.05-50-0 0 2334 12 10 9 31 0.1896 0.2533 325 449
35-0-1-0.05-50-0 0 2335 14 46 5 9 0.8451 0.3451 105 327
35-0-1-0.05-50-0 0 2335 46 11 8 17 0.3451 0.0504 327 384
35-0-1-0.05-50-0 0 2335 10 9 31 4 0.2533 0.6134 449 161
35-0-1-0.05-50-0 0 2336 49 10 17 32 0.1842 0.2533 136 449
35-0-1-0.05-50-0 0 2336 3 11 5 16 0.4813 0.0504 321 384
35-0-1-0.05-50-0 0 2336 13 27 7 1 0.8878 0.0776 151 149
35-0-1-0.05-50-0 0 2337 49 28 16 5 0.1842 0.3846 136 311
35-0-1-0.05-50-0 0 2337 49 11 16 18 0.1842 0.0504 136 384
35-0-1-0.05-50-0 0 2337 46 33 7 3 0.3451 0.6893 327 191
35-0-1-0.05-50-0 0 2338 10 46 32 8 0.2533 0.3451 449 327
35-0-1-0.05-50-0 0 2338 10 10 32 32 0.2533 0.2533 449 449
35-0-1-0.05-50-0 0 2338 46 3 7 5 0.3451 0.4813 327 321
35-0-1-0.05-50-0 0 2339 14 36 5 6 0.8451 0.8162 105 165
35-0-1-0.05-50-0 0 2339 14 9 5 2 0.8451 0.6134 105 161
35-0-1-0.05-50-0 0 2340 11 49 17 16 0.0504 0.1842 384 136
35-0-1-0.05-50-0 0 2340 11 10 17 31 0.0504 0.2533 384 449
35-0-1-0.05-50-0 0 2341 12 46 8 6 0.1896 0.3451 325 327
35-0-1-0.05-50-0 0 2341 50 32 7 1 0.2147 0.6514 147 215
35-0-1-0.05-50-0 0 2342 3 10 4 30 0.4813 0.2533 321 449
35-0-1-0.05-50-0 0 2342 43 47 1 2 0.8316 0.9293 123 103
35-0-1-0.05-50-0 0 2343 13 13 8 8 0.8878 0.8878 151 151
35-0-1-0.05-50-0 0 2343 9 10 2 30 0.6134 0.2533 161 449
35-0-1-0.05-50-0 0 2344 12 49 7 17 0.1896 0.1842 325 136
35-0-1-0.05-50-0 0 2344 11 26 20 1 0.0504 0.8171 384 141
35-0-1-0.05-50-0 0 2345 12 13 8 7 0.1896 0.8878 325 151
35-0-1-0.05-50-0 0 2345 11 35 22 2 0.0504 0.0354 384 158
35-0-1-0.05-50-0 0 2346 10 9 27 2 0.2533 0.6134 449 161
35-0-1-0.05-50-0 0 2346 46 49 8 13 0.3451 0.1842 327 136
35-0-1-0.05-50-0 0 2347 10 49 27 13 0.2533 0.1842 449 136
35-0-1-0.05-50-0 0 2347 4 46 3 8 0.0723 0.3451 351 327
35-0-1-0.05-50-0 0 2347 49 20 12 2 0.1842 0.9922 136 102
35-0-1-0.05-50-0 0 2348 10 45 28 4 0.2533 0.3816 449 173
35-0-1-0.05-50-0 0 2348 50 30 13 2 0.2147 0.6008 147 266
35-0-1-0.05-50-0 0 2348 49 30 14 1 0.1842 0.6008 136 266
35-0-1-0.05-50-0 0 2349 11 16 19 4 0.0504 0.2228 384 149
35-0-1-0.05-50-0 0 2349 10 45 28 2 0.2533 0.3816 449 173
35-0-1-0.05-50-0 0 2349 46 11 7 19 0.3451 0.0504 327 384
35-0-1-0.05-50-0 0 2350 10 4 28 4 0.2533 0.0723 449 351
35-0-1-0.05-50-0 0 2350 49 10 11 28 0.1842 0.2533 136 449
35-0-1-0.05-50-0 0 2350 14 13 8 8 0.8451 0.8878 105 151
35-0-1-0.05-50-0 0 2351 13 36 9 14 0.8878 0.8162 151 165
35-0-1-0.05-50-0 0 2351 49 50 9 12 0.1842 0.2147 136 147
35-0-1-0.05-50-0 0 2351 49 12 9 9 0.1842 0.1896 136 325
35-0-1-0.05-50-0 0 2352 36 36 13 13 0.8162 0.8162 165 165
35-0-1-0.05-50-0 0 2352 7 7 5 5 0.9267 0.9267 106 106
35-0-1-0.05-50-0 0 2352 11 3 16 3 0.0504 0.4813 384 321
35-0-1-0.05-50-0 0 2353 43 28 3 2 0.8316 0.3846 123 311
35-0-1-0.05-50-0 0 2353 36 50 12 11 0.8162 0.2147 165 147
35-0-1-0.05-50-0 0 2353 7 47 3 1 0.9267 0.9293 106 103
35-0-1-0.05-50-0 0 2354 49 12 10 8 0.1842 0.1896 136 325
35-0-1-0.05-50-0 0 2354 10 49 27 10 0.2533 0.1842 449 136
35-0-1-0.05-50-0 0 2354 12 36 7 13 0.1896 0.8162 325 165
35-0-1-0.05-50-0 0 2355 16 14 3 11 0.2228 0.8451 149 105
35-0-1-0.05-50-0 0 2355 10 10 25 25 0.2533 0.2533 449 449
35-0-1-0.05-50-0 0 2355 49 12 9 7 0.1842 0.1896 136 325
35-0-1-0.05-50-0 0 2356 13 5 9 3 0.8878 0.0007 151 226
35-0-1-0.05-50-0 0 2356 10 33 25 4 0.2533 0.6893 449 191
35-0-1-0.05-50-0 0 2356 7 10 4 25 0.9267 0.2533 106 449
35-0-1-0.05-50-0 0 2357 18 43 3 3 0.2181 0.8316 226 123
35-0-1-0.05-50-0 0 2357 12 16 8 3 0.1896 0.2228 325 149
35-0-1-0.05-50-0 0 2357 11 8 22 1 0.0504 0.2506 384 303
35-0-1-0.05-50-0 0 2358 31 50 7 13 0.5626 0.2147 252 147
35-0-1-0.05-50-0 0 2358 50 46 12 12 0.2147 0.3451 147 327
35-0-1-0.05-50-0 0 2358 11 49 22 10 0.0504 0.1842 384 136
35-0-1-0.05-50-0 0 2359 11 33 21 3 0.0504 0.6893 384 191
35-0-1-0.05-50-0 0 2359 10 50 24 11 0.2533 0.2147 449 147
35-0-1-0.05-50-0 0 2359 14 11 10 21 0.8451 0.0504 105 384
35-0-1-0.05-50-0 0 2360 10 50 25 10 0.2533 0.2147 449 147
35-0-1-0.05-50-0 0 2360 41 4 1 5 0.9621 0.0723 105 351
35-0-1-0.05-50-0 0 2360 10 12 25 6 0.2533 0.1896 449 325
35-0-1-0.05-50-0 0 2361 10 49 27 10 0.2533 0.1842 449 136
35-0-1-0.05-50-0 0 2361 10 46 27 14 0.2533 0.3451 449 327
35-0-1-0.05-50-0 0 2361 13 11 7 19 0.8878 0.0504 151 384
35-0-1-0.05-50-0 0 2362 11 36 19 10 0.0504 0.8162 384 165
35-0-1-0.05-50-0 0 2362 11 31 19 9 0.0504 0.5626 384 252
35-0-1-0.05-50-0 0 2362 46 13 13 8 0.3451 0.8878 327 151
35-0-1-0.05-50-0 0 2363 4 18 5 2 0.0723 0.2181 351 226
35-0-1-0.05-50-0 0 2363 46 31 13 8 0.3451 0.5626 327 252
35-0-1-0.05-50-0 0 2363 46 3 13 1 0.3451 0.4813 327 321
35-0-1-0.05-50-0 0 2364 49 7 8 4 0.1842 0.9267 136 106
35-0-1-0.05-50-0 0 2364 10 46 27 13 0.2533 0.3451 449 327
35-0-1-0.05-50-0 0 2364 46 11 12 22 0.3451 0.0504 327 384
35-0-1-0.05-50-0 0 2365 19 14 10 16 0.8072 0.8451 134 105
35-0-1-0.05-50-0 0 2365 10 19 27 10 0.2533 0.8072 449 134
35-0-1-0.05-50-0 0 2365 49 36 8 8 0.1842 0.8162 136 165
35-0-1-0.05-50-0 0 2366 12 7 7 3 0.1896 0.9267 325 106
35-0-1-0.05-50-0 0 2366 7 50 2 7 0.9267 0.2147 106 147
35-0-1-0.05-50-0 0 2366 13 28 6 1 0.8878 0.3846 151 311
35-0-1-0.05-50-0 0 2367 13 19 6 9 0.8878 0.8072 151 134
35-0-1-0.05-50-0 0 2367 27 10 1 26 0.0776 0.2533 149 449
35-0-1-0.05-50-0 0 2367 11 43 21 3 0.0504 0.8316 384 123
35-0-1-0.05-50-0 0 2368 14 10 17 25 0.8451 0.2533 105 449
35-0-1-0.05-50-0 0 2368 46 31 14 7 0.3451 0.5626 327 252
35-0-1-0.05-50-0 0 2368 46 11 14 21 0.3451 0.0504 327 384
35-0-1-0.05-50-0 0 2369 5 14 2 17 0.0007 0.8451 226 105
35-0-1-0.05-50-0 0 2369 11 11 21 21 0.0504 0.0504 384 384
35-0-1-0.05-50-0 0 2369 36 10 11 25 0.8162 0.2533 165 449
35-0-1-0.05-50-0 0 2370 50 11 7 22 0.2147 0.0504 147 384
35-0-1-0.05-50-0 0 2370 50 14 7 16 0.2147 0.8451 147 105
35-0-1-0.05-50-0 0 2370 11 11 21 21 0.0504 0.0504 384 384
35-0-1-0.05-50-0 0 2371 18 46 1 15 0.2181 0.3451 226 327
35-0-1-0.05-50-0 0 2371 11 10 21 23 0.0504 0.2533 384 449
35-0-1-0.05-50-0 0 2371 12 13 6 5 0.1896 0.8878 325 151
35-0-1-0.05-50-0 0 2372 31 36 7 13 0.5626 0.8162 252 165
35-0-1-0.05-50-0 0 2372 36 11 12 22 0.8162 0.0504 165 384
35-0-1-0.05-50-0 0 2372 46 31 14 7 0.3451 0.5626 327 252
35-0-1-0.05-50-0 0 2373 10 10 21 21 0.2533 0.2533 449 449
35-0-1-0.05-50-0 0 2373 43 50 2 6 0.8316 0.2147 123 147
35-0-1-0.05-50-0 0 2374 10 36 22 11 0.2533 0.8162 449 165
35-0-1-0.05-50-0 0 2374 46 12 13 7 0.3451 0.1896 327 325
35-0-1-0.05-50-0 0 2374 11 31 21 6 0.0504 0.5626 384 252
35-0-1-0.05-50-0 0 2375 11 14 19 15 0.0504 0.8451 384 105
35-0-1-0.05-50-0 0 2375 36 46 10 13 0.8162 0.3451 165 327
35-0-1-0.05-50-0 0 2376 32 13 1 4 0.6514 0.8878 215 151
35-0-1-0.05-50-0 0 2376 23 12 4 6 0.1698 0.1896 476 325
35-0-1-0.05-50-0 0 2377 14 46 15 12 0.8451 0.3451 105 327
35-0-1-0.05-50-0 0 2377 14 23 15 4 0.8451 0.1698 105 476
35-0-1-0.05-50-0 0 2378 10 11 25 21 0.2533 0.0504 449 384
35-0-1-0.05-50-0 0 2378 50 10 12 25 0.2147 0.2533 147 449
35-0-1-0.05-50-0 0 2379 19 10 9 26 0.8072 0.2533 134 449
35-0-1-0.05-50-0 0 2379 50 10 11 25 0.2147 0.2533 147 449
35-0-1-0.05-50-0 0 2379 11 41 19 3 0.0504 0.9621 384 105
35-0-1-0.05-50-0 0 2380 1 19 2 9 0.2520 0.8072 409 134
35-0-1-0.05-50-0 0 2380 14 14 13 13 0.8451 0.8451 105 105
35-0-1-0.05-50-0 0 2380 49 27 5 1 0.1842 0.0776 136 149
35-0-1-0.05-50-0 0 2381 23 11 5 18 0.1698 0.0504 476 384
35-0-1-0.05-50-0 0 2381 11 50 17 14 0.0504 0.2147 384 147
35-0-1-0.05-50-0 0 2381 14 1 12 2 0.8451 0.2520 105 409
35-0-1-0.05-50-0 0 2382 50 46 14 12 0.2147 0.3451 147 327
35-0-1-0.05-50-0 0 2382 31 19 6 9 0.5626 0.8072 252 134
35-0-1-0.05-50-0 0 2382 10 4 26 7 0.2533 0.0723 449 351
35-0-1-0.05-50-0 0 2383 14 11 12 16 0.8451 0.0504 105 384
35-0-1-0.05-50-0 0 2383 10 46 28 11 0.2533 0.3451 449 327
35-0-1-0.05-50-0 0 2383 14 46 12 10 0.8451 0.3451 105 327
35-0-1-0.05-50-0 0 2384 11 47 15 1 0.0504 0.9293 384 103
35-0-1-0.05-50-0 0 2384 14 32 13 3 0.8451 0.6514 105 215
35-0-1-0.05-50-0 0 2384 50 46 13 9 0.2147 0.3451 147 327
35-0-1-0.05-50-0 0 2385 4 49 6 6 0.0723 0.1842 351 136
35-0-1-0.05-50-0 0 2385 36 36 10 10 0.8162 0.8162 165 165
35-0-1-0.05-50-0 0 2385 10 11 32 16 0.2533 0.0504 449 384
35-0-1-0.05-50-0 0 2386 10 10 32 32 0.2533 0.2533 449 449
35-0-1-0.05-50-0 0 2386 10 36 31 9 0.2533 0.8162 449 165
35-0-1-0.05-50-0 0 2387 19 14 9 9 0.8072 0.8451 134 105
35-0-1-0.05-50-0 0 2387 31 11 6 17 0.5626 0.0504 252 384
35-0-1-0.05-50-0 0 2388 13 10 3 33 0.8878 0.2533 151 449
35-0-1-0.05-50-0 0 2388 36 31 8 6 0.8162 0.5626 165 252
35-0-1-0.05-50-0 0 2388 46 10 7 32 0.3451 0.2533 327 449
35-0-1-0.05-50-0 0 2389 10 14 28 10 0.2533 0.8451 449 105
35-0-1-0.05-50-0 0 2389 14 4 9 5 0.8451 0.0723 105 351
35-0-1-0.05-50-0 0 2390 36 11 5 15 0.8162 0.0504 165 384
35-0-1-0.05-50-0 0 2390 4 29 5 1 0.0723 0.6728 351 177
35-0-1-0.05-50-0 0 2391 11 10 14 33 0.0504 0.2533 384 449
35-0-1-0.05-50-0 0 2391 4 43 5 7 0.0723 0.8316 351 123
35-0-1-0.05-50-0 0 2392 10 11 32 16 0.2533 0.0504 449 384
35-0-1-0.05-50-0 0 2392 14 14 9 9 0.8451 0.8451 105 105
35-0-1-0.05-50-0 0 2392 37 10 2 32 0.8481 0.2533 127 449
35-0-1-0.05-50-0 0 2393 14 50 8 9 0.8451 0.2147 105 147
35-0-1-0.05-50-0 0 2393 37 10 2 29 0.8481 0.2533 127 449
35-0-1-0.05-50-0 0 2394 10 13 28 4 0.2533 0.8878 449 151
35-0-1-0.05-50-0 0 2394 11 10 17 28 0.0504 0.2533 384 449
35-0-1-0.05-50-0 0 2395 36 12 6 4 0.8162 0.1896 165 325
35-0-1-0.05-50-0 0 2395 14 31 8 7 0.8451 0.5626 105 252
35-0-1-0.05-50-0 0 2396 46 20 9 1 0.3451 0.9922 327 102
35-0-1-0.05-50-0 0 2396 11 19 18 10 0.0504 0.8072 384 134
35-0-1-0.05-50-0 0 2396 10 43 27 8 0.2533 0.8316 449 123
35-0-1-0.05-50-0 0 2397 19 11 9 16 0.8072 0.0504 134 384
35-0-1-0.05-50-0 0 2397 12 11 4 15 0.1896 0.0504 325 384
35-0-1-0.05-50-0 0 2398 10 23 31 6 0.2533 0.1698 449 476
35-0-1-0.05-50-0 0 2398 14 50 9 9 0.8451 0.2147 105 147
35-0-1-0.05-50-0 0 2398 23 23 5 5 0.1698 0.1698 476 476
35-0-1-0.05-50-0 0 2399 23 33 5 3 0.1698 0.6893 476 191
35-0-1-0.05-50-0 0 2399 14 24 9 3 0.8451 0.1940 105 254
35-0-1-0.05-50-0 0 2400 19 31 10 7 0.8072 0.5626 134 252
35-0-1-0.05-50-0 0 2400 11 23 13 5 0.0504 0.1698 384 476
35-0-1-0.05-50-0 0 2401 11 10 13 34 0.0504 0.2533 384 449
35-0-1-0.05-50-0 0 2401 35 10 1 33 0.0354 0.2533 158 449
35-0-1-0.05-50-0 0 2401 10 11 32 13 0.2533 0.0504 449 384
35-0-1-0.05-50-0 0 2402 50 11 11 11 0.2147 0.0504 147 384
35-0-1-0.05-50-0 0 2402 4 19 3 10 0.0723 0.8072 351 134
35-0-1-0.05-50-0 0 2403 11 46 10 10 0.0504 0.3451 384 327
35-0-1-0.05-50-0 0 2403 14 10 8 34 0.8451 0.2533 105 449
35-0-1-0.05-50-0 0 2404 12 10 8 31 0.1896 0.2533 325 449
35-0-1-0.05-50-0 0 2404 49 10 9 30 0.1842 0.2533 136 449
35-0-1-0.05-50-0 0 2405 10 14 29 11 0.2533 0.8451 449 105
35-0-1-0.05-50-0 0 2405 10 10 29 29 0.2533 0.2533 449 449
35-0-1-0.05-50-0 0 2406 10 6 28 1 0.2533 0.4266 449 249
35-0-1-0.05-50-0 0 2406 31 11 8 9 0.5626 0.0504 252 384
35-0-1-0.05-50-0 0 2407 38 10 4 29 0.6163 0.2533 270 449
35-0-1-0.05-50-0 0 2407 10 10 28 28 0.2533 0.2533 449 449
35-0-1-0.05-50-0 0 2408 12 31 7 9 0.1896 0.5626 325 252
35-0-1-0.05-50-0 0 2408 46 31 8 8 0.3451 0.5626 327 252
35-0-1-0.05-50-0 0 2409 36 11 2 8 0.8162 0.0504 165 384
35-0-1-0.05-50-0 0 2409 10 50 28 15 0.2533 0.2147 449 147
35-0-1-0.05-50-0 0 2410 50 47 15 1 0.2147 0.9293 147 103
35-0-1-0.05-50-0 0 2410 19 14 8 9 0.8072 0.8451 134 105
35-0-1-0.05-50-0 0 2411 10 24 29 5 0.2533 0.1940 449 254
35-0-1-0.05-50-0 0 2411 10 49 29 11 0.2533 0.1842 449 136
35-0-1-0.05-50-0 0 2412 10 46 28 9 0.2533 0.3451 449 327
35-0-1-0.05-50-0 0 2412 43 31 10 9 0.8316 0.5626 123 252
35-0-1-0.05-50-0 0 2413 10 10 29 29 0.2533 0.2533 449 449
35-0-1-0.05-50-0 0 2413 11 46 7 8 0.0504 0.3451 384 327
35-0-1-0.05-50-0 0 2414 10 49 30 11 0.2533 0.1842 449 136
35-0-1-0.05-50-0 0 2414 23 23 4 4 0.1698 0.1698 476 476
35-0-1-0.05-50-0 0 2415 49 43 11 9 0.1842 0.8316 136 123
35-0-1-0.05-50-0 0 2415 10 14 32 12 0.2533 0.8451 449 105
35-0-1-0.05-50-0 0 2416 14 12 11 6 0.8451 0.1896 105 325
35-0-1-0.05-50-0 0 2416 43 10 9 32 0.8316 0.2533 123 449
35-0-1-0.05-50-0 0 2417 46 14 6 10 0.3451 0.8451 327 105
35-0-1-0.05-50-0 0 2417 31 4 7 4 0.5626 0.0723 252 351
35-0-1-0.05-50-0 0 2418 31 10 7 32 0.5626 0.2533 252 449
35-0-1-0.05-50-0 0 2418 38 10 5 31 0.6163 0.2533 270 449
35-0-1-0.05-50-0 0 2419 38 38 5 5 0.6163 0.6163 270 270
35-0-1-0.05-50-0 0 2419 31 10 8 31 0.5626 0.2533 252 449
35-0-1-0.05-50-0 0 2420 4 31 3 9 0.0723 0.5626 351 252
35-0-1-0.05-50-0 0 2420 50 17 17 1 0.2147 0.6398 147 197
35-0-1-0.05-50-0 0 2421 14 48 9 1 0.8451 0.1153 105 334
35-0-1-0.05-50-0 0 2421 10 34 32 6 0.2533 0.7448 449 168
35-0-1-0.05-50-0 0 2422 18 31 7 8 0.2181 0.5626 226 252
35-0-1-0.05-50-0 0 2422 12 50 4 17 0.1896 0.2147 325 147
35-0-1-0.05-50-0 0 2422 23 10 4 34 0.1698 0.2533 476 449
35-0-1-0.05-50-0 0 2423 10 35 34 1 0.2533 0.0354 449 158
35-0-1-0.05-50-0 0 2423 20 50 1 15 0.9922 0.2147 102 147
35-0-1-0.05-50-0 0 2424 10 46 35 5 0.2533 0.3451 449 327
35-0-1-0.05-50-0 0 2424 43 18 7 7 0.8316 0.2181 123 226
35-0-1-0.05-50-0 0 2425 10 10 32 32 0.2533 0.2533 449 449
35-0-1-0.05-50-0 0 2425 43 12 8 4 0.8316 0.1896 123 325
35-0-1-0.05-50-0 0 2426 14 31 8 7 0.8451 0.5626 105 252
35-0-1-0.05-50-0 0 2426 10 18 33 5 0.2533 0.2181 449 226
35-0-1-0.05-50-0 0 2427 49 10 11 32 0.1842 0.2533 136 449
35-0-1-0.05-50-0 0 2427 34 19 5 5 0.7448 0.8072 168 134
35-0-1-0.05-50-0 0 2428 41 12 4 3 0.9621 0.1896 105 325
35-0-1-0.05-50-0 0 2428 24 22 4 2 0.1940 0.0160 254 311
35-0-1-0.05-50-0 0 2429 34 38 4 6 0.7448 0.6163 168 270
35-0-1-0.05-50-0 0 2429 31 23 6 5 0.5626 0.1698 252 476
35-0-1-0.05-50-0 0 2430 24 50 4 15 0.1940 0.2147 254 147
35-0-1-0.05-50-0 0 2430 50 11 14 6 0.2147 0.0504 147 384
35-0-1-0.05-50-0 0 2431 34 20 5 1 0.7448 0.9922 168 102
35-0-1-0.05-50-0 0 2431 10 23 28 4 0.2533 0.1698 449 476
35-0-1-0.05-50-0 0 2432 7 10 5 31 0.9267 0.2533 106 449
35-0-1-0.05-50-0 0 2432 2 10 2 30 0.8198 0.2533 167 449
35-0-1-0.05-50-0 0 2433 10 14 27 10 0.2533 0.8451 449 105
35-0-1-0.05-50-0 0 2433 10 10 27 27 0.2533 0.2533 449 449
35-0-1-0.05-50-0 0 2434 10 22 25 1 0.2533 0.0160 449 311
35-0-1-0.05-50-0 0 2434 50 50 13 13 0.2147 0.2147 147 147
35-0-1-0.05-50-0 0 2435 24 10 5 28 0.1940 0.2533 254 449
35-0-1-0.05-50-0 0 2435 7 50 6 12 0.9267 0.2147 106 147
35-0-1-0.05-50-0 0 2436 11 7 6 6 0.0504 0.9267 384 106
35-0-1-0.05-50-0 0 2436 34 31 6 8 0.7448 0.5626 168 252
35-0-1-0.05-50-0 0 2437 14 10 9 30 0.8451 0.2533 105 449
35-0-1-0.05-50-0 0 2437 49 41 11 5 0.1842 0.9621 136 105
35-0-1-0.05-50-0 0 2438 10 23 31 4 0.2533 0.1698 449 476
35-0-1-0.05-50-0 0 2438 34 33 8 2 0.7448 0.6893 168 191
35-0-1-0.05-50-0 0 2439 50 19 12 4 0.2147 0.8072 147 134
35-0-1-0.05-50-0 0 2439 10 50 31 12 0.2533 0.2147 449 147
35-0-1-0.05-50-0 0 2440 43 49 13 14 0.8316 0.1842 123 136
35-0-1-0.05-50-0 0 2440 10 50 32 11 0.2533 0.2147 449 147
35-0-1-0.05-50-0 0 2441 43 33 14 1 0.8316 0.6893 123 191
35-0-1-0.05-50-0 0 2441 24 32 3 3 0.1940 0.6514 254 215
35-0-1-0.05-50-0 0 2442 2 49 4 13 0.8198 0.1842 167 136
35-0-1-0.05-50-0 0 2442 10 41 35 5 0.2533 0.9621 449 105
35-0-1-0.05-50-0 0 2443 10 49 36 12 0.2533 0.1842 449 136
35-0-1-0.05-50-0 0 2443 34 7 9 4 0.7448 0.9267 168 106
35-0-1-0.05-50-0 0 2443 10 14 36 12 0.2533 0.8451 449 105
35-0-1-0.05-50-0 0 2444 34 41 8 4 0.7448 0.9621 168 105
35-0-1-0.05-50-0 0 2444 29 50 1 13 0.6728 0.2147 177 147
35-0-1-0.05-50-0 0 2445 24 10 3 33 0.1940 0.2533 254 449
35-0-1-0.05-50-0 0 2445 10 43 32 9 0.2533 0.8316 449 123
35-0-1-0.05-50-0 0 2446 14 50 11 12 0.8451 0.2147 105 147
35-0-1-0.05-50-0 0 2446 10 49 30 11 0.2533 0.1842 449 136
35-0-1-0.05-50-0 0 2447 24 10 3 30 0.1940 0.2533 254 449
35-0-1-0.05-50-0 0 2447 50 14 10 10 0.2147 0.8451 147 105
35-0-1-0.05-50-0 0 2448 36 41 3 3 0.8162 0.9621 165 105
35-0-1-0.05-50-0 0 2448 50 27 12 2 0.2147 0.0776 147 149
35-0-1-0.05-50-0 0 2449 7 31 4 5 0.9267 0.5626 106 252
35-0-1-0.05-50-0 0 2449 18 10 3 28 0.2181 0.2533 226 449
35-0-1-0.05-50-0 0 2450 50 11 14 5 0.2147 0.0504 147 384
35-0-1-0.05-50-0 0 2450 10 10 27 27 0.2533 0.2533 449 449
35-0-1-0.05-50-0 0 2451 50 43 15 10 0.2147 0.8316 147 123
35-0-1-0.05-50-0 0 2451 43 23 9 7 0.8316 0.1698 123 476
35-0-1-0.05-50-0 0 2452 10 46 25 5 0.2533 0.3451 449 327
35-0-1-0.05-50-0 0 2452 34 34 10 10 0.7448 0.7448 168 168
35-0-1-0.05-50-0 0 2453 46 24 4 5 0.3451 0.1940 327 254
35-0-1-0.05-50-0 0 2453 50 34 16 10 0.2147 0.7448 147 168
35-0-1-0.05-50-0 0 2454 10 50 25 16 0.2533 0.2147 449 147
35-0-1-0.05-50-0 0 2454 10 10 25 25 0.2533 0.2533 449 449
35-0-1-0.05-50-0 0 2455 43 31 9 4 0.8316 0.5626 123 252
35-0-1-0.05-50-0 0 2455 41 50 2 16 0.9621 0.2147 105 147
35-0-1-0.05-50-0 0 2456 7 38 8 6 0.9267 0.6163 106 270
35-0-1-0.05-50-0 0 2456 34 14 7 10 0.7448 0.8451 168 105
35-0-1-0.05-50-0 0 2457 50 2 18 8 0.2147 0.8198 147 167
35-0-1-0.05-50-0 0 2457 2 24 7 3 0.8198 0.1940 167 254
35-0-1-0.05-50-0 0 2458 31 19 3 6 0.5626 0.8072 252 134
35-0-1-0.05-50-0 0 2458 10 50 25 19 0.2533 0.2147 449 147
35-0-1-0.05-50-0 0 2459 29 10 1 25 0.6728 0.2533 177 449
35-0-1-0.05-50-0 0 2459 2 34 7 5 0.8198 0.7448 167 168
35-0-1-0.05-50-0 0 2460 44 38 1 6 0.7034 0.6163 118 270
35-0-1-0.05-50-0 0 2460 14 50 9 17 0.8451 0.2147 105 147
35-0-1-0.05-50-0 0 2461 36 10 2 25 0.8162 0.2533 165 449
35-0-1-0.05-50-0 0 2461 23 7 5 8 0.1698 0.9267 476 106
35-0-1-0.05-50-0 0 2462 2 9 8 1 0.8198 0.6134 167 161
35-0-1-0.05-50-0 0 2462 20 23 1 5 0.9922 0.1698 102 476
35-0-1-0.05-50-0 0 2463 2 7 8 6 0.8198 0.9267 167 106
35-0-1-0.05-50-0 0 2463 2 37 8 3 0.8198 0.8481 167 127
35-0-1-0.05-50-0 0 2464 29 4 1 3 0.6728 0.0723 177 351
35-0-1-0.05-50-0 0 2464 50 10 17 28 0.2147 0.2533 147 449
35-0-1-0.05-50-0 0 2465 11 49 10 8 0.0504 0.1842 384 136
35-0-1-0.05-50-0 0 2465 36 2 2 8 0.8162 0.8198 165 167
35-0-1-0.05-50-0 0 2466 49 43 7 10 0.1842 0.8316 136 123
35-0-1-0.05-50-0 0 2466 24 50 3 18 0.1940 0.2147 254 147
35-0-1-0.05-50-0 0 2466 13 43 1 9 0.8878 0.8316 151 123
35-0-1-0.05-50-0 0 2467 2 38 8 4 0.8198 0.6163 167 270
35-0-1-0.05-50-0 0 2467 46 38 3 3 0.3451 0.6163 327 270
35-0-1-0.05-50-0 0 2467 32 34 2 6 0.6514 0.7448 215 168
35-0-1-0.05-50-0 0 2468 11 26 11 1 0.0504 0.8171 384 141
35-0-1-0.05-50-0 0 2468 10 49 27 8 0.2533 0.1842 449 136
35-0-1-0.05-50-0 0 2468 49 10 7 27 0.1842 0.2533 136 449
35-0-1-0.05-50-0 0 2469 2 50 8 18 0.8198 0.2147 167 147
35-0-1-0.05-50-0 0 2469 34 14 5 9 0.7448 0.8451 168 105
35-0-1-0.05-50-0 0 2470 24 49 4 7 0.1940 0.1842 254 136
35-0-1-0.05-50-0 0 2470 10 18 26 4 0.2533 0.2181 449 226
35-0-1-0.05-50-0 0 2471 10 49 26 6 0.2533 0.1842 449 136
35-0-1-0.05-50-0 0 2471 10 34 26 8 0.2533 0.7448 449 168
35-0-1-0.05-50-0 0 2471 47 34 3 7 0.9293 0.7448 103 168
35-0-1-0.05-50-0 0 2472 37 50 5 20 0.8481 0.2147 127 147
35-0-1-0.05-50-0 0 2472 14 34 9 6 0.8451 0.7448 105 168
35-0-1-0.05-50-0 0 2472 11 50 10 19 0.0504 0.2147 384 147
35-0-1-0.05-50-0 0 2473 13 10 1 26 0.8878 0.2533 151 449
35-0-1-0.05-50-0 0 2473 14 10 9 25 0.8451 0.2533 105 449
35-0-1-0.05-50-0 0 2474 7 4 6 2 0.9267 0.0723 106 351
35-0-1-0.05-50-0 0 2474 19 18 4 2 0.8072 0.2181 134 226
35-0-1-0.05-50-0 0 2475 11 11 13 13 0.0504 0.0504 384 384
35-0-1-0.05-50-0 0 2475 50 37 15 4 0.2147 0.8481 147 127
35-0-1-0.05-50-0 0 2476 10 29 28 3 0.2533 0.6728 449 177
35-0-1-0.05-50-0 0 2476 10 11 28 13 0.2533 0.0504 449 384
35-0-1-0.05-50-0 0 2477 10 45 28 2 0.2533 0.3816 449 173
35-0-1-0.05-50-0 0 2477 29 14 2 9 0.6728 0.8451 177 105
35-0-1-0.05-50-0 0 2477 50 10 14 28 0.2147 0.2533 147 449
35-0-1-0.05-50-0 0 2478 34 49 4 8 0.7448 0.1842 168 136
35-0-1-0.05-50-0 0 2478 43 31 10 7 0.8316 0.5626 123 252
35-0-1-0.05-50-0 0 2478 31 50 6 14 0.5626 0.2147 252 147
35-0-1-0.05-50-0 0 2479 11 49 14 7 0.0504 0.1842 384 136
35-0-1-0.05-50-0 0 2479 43 11 10 14 0.8316 0.0504 123 384
35-0-1-0.05-50-0 0 2479 7 47 5 2 0.9267 0.9293 106 103
35-0-1-0.05-50-0 0 2480 10 49 28 6 0.2533 0.1842 449 136
35-0-1-0.05-50-0 0 2480 34 23 4 2 0.7448 0.1698 168 476
35-0-1-0.05-50-0 0 2480 14 31 9 6 0.8451 0.5626 105 252
35-0-1-0.05-50-0 0 2481 24 2 4 4 0.1940 0.8198 254 167
35-0-1-0.05-50-0 0 2481 2 49 3 6 0.8198 0.1842 167 136
35-0-1-0.05-50-0 0 2481 41 21 4 1 0.9621 0.4184 105 158
35-0-1-0.05-50-0 0 2482 10 48 28 3 0.2533 0.1153 449 334
35-0-1-0.05-50-0 0 2482 10 11 28 13 0.2533 0.0504 449 384
35-0-1-0.05-50-0 0 2483 10 14 27 7 0.2533 0.8451 449 105
35-0-1-0.05-50-0 0 2483 11 36 13 3 0.0504 0.8162 384 165
35-0-1-0.05-50-0 0 2484 46 43 4 9 0.3451 0.8316 327 123
35-0-1-0.05-50-0 0 2484 5 10 1 27 0.0007 0.2533 226 449
35-0-1-0.05-50-0 0 2485 14 41 7 4 0.8451 0.9621 105 105
35-0-1-0.05-50-0 0 2485 43 32 8 4 0.8316 0.6514 123 215
35-0-1-0.05-50-0 0 2486 34 50 5 15 0.7448 0.2147 168 147
35-0-1-0.05-50-0 0 2486 10 10 27 27 0.2533 0.2533 449 449
35-0-1-0.05-50-0 0 2487 50 10 14 28 0.2147 0.2533 147 449
35-0-1-0.05-50-0 0 2487 46 10 4 27 0.3451 0.2533 327 449
35-0-1-0.05-50-0 0 2488 41 45 3 2 0.9621 0.3816 105 173
35-0-1-0.05-50-0 0 2488 19 36 1 3 0.8072 0.8162 134 165
35-0-1-0.05-50-0 0 2489 42 50 1 17 0.7447 0.2147 106 147
35-0-1-0.05-50-0 0 2489 10 50 27 16 0.2533 0.2147 449 147
35-0-1-0.05-50-0 0 2490 50 34 15 4 0.2147 0.7448 147 168
35-0-1-0.05-50-0 0 2490 24 11 6 14 0.1940 0.0504 254 384
35-0-1-0.05-50-0 0 2491 11 18 11 3 0.0504 0.2181 384 226
35-0-1-0.05-50-0 0 2491 31 35 4 8 0.5626 0.0354 252 158
35-0-1-0.05-50-0 0 2492 49 10 5 27 0.1842 0.2533 136 449
35-0-1-0.05-50-0 0 2492 7 24 6 7 0.9267 0.1940 106 254
35-0-1-0.05-50-0 0 2493 10 11 27 12 0.2533 0.0504 449 384
35-0-1-0.05-50-0 0 2493 46 14 5 9 0.3451 0.8451 327 105
35-0-1-0.05-50-0 0 2494 14 34 8 3 0.8451 0.7448 105 168
35-0-1-0.05-50-0 0 2494 43 46 8 5 0.8316 0.3451 123 327
35-0-1-0.05-50-0 0 2495 50 10 15 28 0.2147 0.2533 147 449
35-0-1-0.05-50-0 0 2495 2 11 5 11 0.8198 0.0504 167 384
35-0-1-0.05-50-0 0 2496 47 31 1 4 0.9293 0.5626 103 252
35-0-1-0.05-50-0 0 2496 40 10 2 27 0.9739 0.2533 104 449
35-0-1-0.05-50-0 0 2497 50 10 14 28 0.2147 0.2533 147 449
35-0-1-0.05-50-0 0 2497 43 10 10 27 0.8316 0.2533 123 449
35-0-1-0.05-50-0 0 2498 50 49 14 4 0.2147 0.1842 147 136
35-0-1-0.05-50-0 0 2498 10 10 30 30 0.2533 0.2533 449 449
35-0-1-0.05-50-0 0 2498 18 43 3 10 0.2181 0.8316 226 123
35-0-1-0.05-50-0 0 2499 43 12 12 3 0.8316 0.1896 123 325
35-0-1-0.05-50-0 0 2499 2 4 5 2 0.8198 0.0723 167 351
35-0-1-0.05-50-0 0 2499 14 44 8 1 0.8451 0.7034 105 118
35-0-1-0.05-50-0 0 2500 11 43 12 13 0.0504 0.8316 384 123
35-0-1-0.05-50-0 0 2500 50 24 14 8 0.2147 0.1940 147 254
35-0-1-0.05-50-0 0 2500 2 14 5 8 0.8198 0.8451 167 105
