353-0-1-0.05-50-0 0 2302 34 34 10 10 0.7448 0.7448 168 168
353-0-1-0.05-50-0 0 2302 19 50 8 1 0.8072 0.2147 134 147
353-0-1-0.05-50-0 0 2303 19 28 8 11 0.8072 0.3846 134 311
353-0-1-0.05-50-0 0 2303 7 8 7 17 0.9267 0.2506 106 303
353-0-1-0.05-50-0 0 2304 35 46 13 10 0.0354 0.3451 158 327
353-0-1-0.05-50-0 0 2304 19 21 7 2 0.8072 0.4184 134 158
353-0-1-0.05-50-0 0 2305 23 29 2 3 0.1698 0.6728 476 177
353-0-1-0.05-50-0 0 2305 3 9 7 8 0.4813 0.6134 321 161
353-0-1-0.05-50-0 0 2306 40 28 6 11 0.9739 0.3846 104 311
353-0-1-0.05-50-0 0 2306 7 3 6 7 0.9267 0.4813 106 321
353-0-1-0.05-50-0 0 2307 8 35 22 12 0.2506 0.0354 303 158
353-0-1-0.05-50-0 0 2307 46 19 9 8 0.3451 0.8072 327 134
353-0-1-0.05-50-0 0 2308 35 8 11 23 0.0354 0.2506 158 303
353-0-1-0.05-50-0 0 2308 7 8 7 22 0.9267 0.2506 106 303
353-0-1-0.05-50-0 0 2309 46 8 7 20 0.3451 0.2506 327 303
353-0-1-0.05-50-0 0 2309 34 34 8 8 0.7448 0.7448 168 168
353-0-1-0.05-50-0 0 2310 46 36 7 13 0.3451 0.8162 327 165
353-0-1-0.05-50-0 0 2310 19 42 6 4 0.8072 0.7447 134 106
353-0-1-0.05-50-0 0 2311 28 8 9 15 0.3846 0.2506 311 303
353-0-1-0.05-50-0 0 2311 26 36 1 13 0.8171 0.8162 141 165
353-0-1-0.05-50-0 0 2312 28 28 9 9 0.3846 0.3846 311 311
353-0-1-0.05-50-0 0 2312 29 34 4 8 0.6728 0.7448 177 168
353-0-1-0.05-50-0 0 2313 28 28 9 9 0.3846 0.3846 311 311
353-0-1-0.05-50-0 0 2313 34 9 7 6 0.7448 0.6134 168 161
353-0-1-0.05-50-0 0 2314 30 8 7 14 0.6008 0.2506 266 303
353-0-1-0.05-50-0 0 2314 9 7 5 6 0.6134 0.9267 161 106
353-0-1-0.05-50-0 0 2315 7 7 5 5 0.9267 0.9267 106 106
353-0-1-0.05-50-0 0 2315 23 40 2 9 0.1698 0.9739 476 104
353-0-1-0.05-50-0 0 2316 19 9 6 6 0.8072 0.6134 134 161
353-0-1-0.05-50-0 0 2316 19 32 6 6 0.8072 0.6514 134 215
353-0-1-0.05-50-0 0 2317 35 34 11 7 0.0354 0.7448 158 168
353-0-1-0.05-50-0 0 2317 9 28 5 8 0.6134 0.3846 161 311
353-0-1-0.05-50-0 0 2318 32 40 5 7 0.6514 0.9739 215 104
353-0-1-0.05-50-0 0 2318 28 40 7 6 0.3846 0.9739 311 104
353-0-1-0.05-50-0 0 2319 38 19 5 5 0.6163 0.8072 270 134
353-0-1-0.05-50-0 0 2319 8 9 15 6 0.2506 0.6134 303 161
353-0-1-0.05-50-0 0 2320 8 9 16 5 0.2506 0.6134 303 161
353-0-1-0.05-50-0 0 2320 46 28 10 7 0.3451 0.3846 327 311
353-0-1-0.05-50-0 0 2321 30 36 7 10 0.6008 0.8162 266 165
353-0-1-0.05-50-0 0 2321 36 38 9 5 0.8162 0.6163 165 270
353-0-1-0.05-50-0 0 2322 7 7 5 5 0.9267 0.9267 106 106
353-0-1-0.05-50-0 0 2322 8 33 14 1 0.2506 0.6893 303 191
353-0-1-0.05-50-0 0 2323 7 3 4 4 0.9267 0.4813 106 321
353-0-1-0.05-50-0 0 2323 30 35 6 11 0.6008 0.0354 266 158
353-0-1-0.05-50-0 0 2324 35 34 12 6 0.0354 0.7448 158 168
353-0-1-0.05-50-0 0 2324 3 36 3 10 0.4813 0.8162 321 165
353-0-1-0.05-50-0 0 2325 8 46 15 13 0.2506 0.3451 303 327
353-0-1-0.05-50-0 0 2325 30 19 6 5 0.6008 0.8072 266 134
353-0-1-0.05-50-0 0 2326 29 22 4 1 0.6728 0.0160 177 311
353-0-1-0.05-50-0 0 2326 46 39 13 4 0.3451 0.2187 327 309
353-0-1-0.05-50-0 0 2327 40 8 7 16 0.9739 0.2506 104 303
353-0-1-0.05-50-0 0 2327 32 36 8 10 0.6514 0.8162 215 165
353-0-1-0.05-50-0 0 2328 3 31 3 2 0.4813 0.5626 321 252
353-0-1-0.05-50-0 0 2328 46 35 12 10 0.3451 0.0354 327 158
353-0-1-0.05-50-0 0 2329 39 40 2 7 0.2187 0.9739 309 104
353-0-1-0.05-50-0 0 2329 35 46 8 12 0.0354 0.3451 158 327
353-0-1-0.05-50-0 0 2330 46 34 11 9 0.3451 0.7448 327 168
353-0-1-0.05-50-0 0 2330 7 30 3 6 0.9267 0.6008 106 266
353-0-1-0.05-50-0 0 2331 7 34 3 8 0.9267 0.7448 106 168
353-0-1-0.05-50-0 0 2331 34 35 7 9 0.7448 0.0354 168 158
353-0-1-0.05-50-0 0 2332 23 30 2 6 0.1698 0.6008 476 266
353-0-1-0.05-50-0 0 2332 45 9 1 7 0.3816 0.6134 173 161
353-0-1-0.05-50-0 0 2333 50 40 2 5 0.2147 0.9739 147 104
353-0-1-0.05-50-0 0 2333 19 40 3 4 0.8072 0.9739 134 104
353-0-1-0.05-50-0 0 2334 8 46 13 16 0.2506 0.3451 303 327
353-0-1-0.05-50-0 0 2334 36 4 8 1 0.8162 0.0723 165 351
353-0-1-0.05-50-0 0 2335 11 46 1 17 0.0504 0.3451 384 327
353-0-1-0.05-50-0 0 2335 46 31 16 1 0.3451 0.5626 327 252
353-0-1-0.05-50-0 0 2336 8 46 13 16 0.2506 0.3451 303 327
353-0-1-0.05-50-0 0 2336 36 44 8 3 0.8162 0.7034 165 118
353-0-1-0.05-50-0 0 2337 36 32 8 11 0.8162 0.6514 165 215
353-0-1-0.05-50-0 0 2337 43 36 4 8 0.8316 0.8162 123 165
353-0-1-0.05-50-0 0 2338 28 28 7 7 0.3846 0.3846 311 311
353-0-1-0.05-50-0 0 2338 8 9 13 7 0.2506 0.6134 303 161
353-0-1-0.05-50-0 0 2339 50 17 2 3 0.2147 0.6398 147 197
353-0-1-0.05-50-0 0 2339 35 7 10 1 0.0354 0.9267 158 106
353-0-1-0.05-50-0 0 2340 38 50 7 3 0.6163 0.2147 270 147
353-0-1-0.05-50-0 0 2340 42 30 4 3 0.7447 0.6008 106 266
353-0-1-0.05-50-0 0 2341 40 49 3 2 0.9739 0.1842 104 136
353-0-1-0.05-50-0 0 2341 32 50 11 2 0.6514 0.2147 215 147
353-0-1-0.05-50-0 0 2342 40 46 3 13 0.9739 0.3451 104 327
353-0-1-0.05-50-0 0 2342 39 46 3 12 0.2187 0.3451 309 327
353-0-1-0.05-50-0 0 2343 8 9 14 4 0.2506 0.6134 303 161
353-0-1-0.05-50-0 0 2343 3 28 7 6 0.4813 0.3846 321 311
353-0-1-0.05-50-0 0 2344 42 44 4 2 0.7447 0.7034 106 118
353-0-1-0.05-50-0 0 2344 19 34 4 6 0.8072 0.7448 134 168
353-0-1-0.05-50-0 0 2345 19 42 4 4 0.8072 0.7447 134 106
353-0-1-0.05-50-0 0 2345 46 8 13 16 0.3451 0.2506 327 303
353-0-1-0.05-50-0 0 2346 26 43 1 4 0.8171 0.8316 141 123
353-0-1-0.05-50-0 0 2346 8 32 17 10 0.2506 0.6514 303 215
353-0-1-0.05-50-0 0 2347 8 32 19 10 0.2506 0.6514 303 215
353-0-1-0.05-50-0 0 2347 29 8 4 19 0.6728 0.2506 177 303
353-0-1-0.05-50-0 0 2348 8 32 19 9 0.2506 0.6514 303 215
353-0-1-0.05-50-0 0 2348 34 30 4 3 0.7448 0.6008 168 266
353-0-1-0.05-50-0 0 2349 8 46 19 14 0.2506 0.3451 303 327
353-0-1-0.05-50-0 0 2349 8 32 19 9 0.2506 0.6514 303 215
353-0-1-0.05-50-0 0 2350 8 22 21 5 0.2506 0.0160 303 311
353-0-1-0.05-50-0 0 2350 27 19 2 6 0.0776 0.8072 149 134
353-0-1-0.05-50-0 0 2351 13 43 5 5 0.8878 0.8316 151 123
353-0-1-0.05-50-0 0 2351 13 24 5 1 0.8878 0.1940 151 254
353-0-1-0.05-50-0 0 2352 32 30 9 2 0.6514 0.6008 215 266
353-0-1-0.05-50-0 0 2352 49 44 3 1 0.1842 0.7034 136 118
353-0-1-0.05-50-0 0 2353 29 45 5 3 0.6728 0.3816 177 173
353-0-1-0.05-50-0 0 2353 49 36 3 3 0.1842 0.8162 136 165
353-0-1-0.05-50-0 0 2354 38 28 8 4 0.6163 0.3846 270 311
353-0-1-0.05-50-0 0 2354 19 6 7 1 0.8072 0.4266 134 249
353-0-1-0.05-50-0 0 2354 46 8 15 20 0.3451 0.2506 327 303
353-0-1-0.05-50-0 0 2355 35 16 19 4 0.0354 0.2228 158 149
353-0-1-0.05-50-0 0 2355 13 40 5 4 0.8878 0.9739 151 104
353-0-1-0.05-50-0 0 2355 8 39 19 7 0.2506 0.2187 303 309
353-0-1-0.05-50-0 0 2356 30 32 1 9 0.6008 0.6514 266 215
353-0-1-0.05-50-0 0 2356 49 46 3 15 0.1842 0.3451 136 327
353-0-1-0.05-50-0 0 2356 34 28 5 3 0.7448 0.3846 168 311
353-0-1-0.05-50-0 0 2357 35 49 21 4 0.0354 0.1842 158 136
353-0-1-0.05-50-0 0 2357 32 39 9 5 0.6514 0.2187 215 309
353-0-1-0.05-50-0 0 2357 49 13 3 4 0.1842 0.8878 136 151
353-0-1-0.05-50-0 0 2358 26 8 2 22 0.8171 0.2506 141 303
353-0-1-0.05-50-0 0 2358 46 43 15 4 0.3451 0.8316 327 123
353-0-1-0.05-50-0 0 2358 46 46 15 15 0.3451 0.3451 327 327
353-0-1-0.05-50-0 0 2359 39 28 5 3 0.2187 0.3846 309 311
353-0-1-0.05-50-0 0 2359 29 3 5 9 0.6728 0.4813 177 321
353-0-1-0.05-50-0 0 2359 39 13 5 3 0.2187 0.8878 309 151
353-0-1-0.05-50-0 0 2360 8 19 24 9 0.2506 0.8072 303 134
353-0-1-0.05-50-0 0 2360 5 17 2 2 0.0007 0.6398 226 197
353-0-1-0.05-50-0 0 2360 8 32 24 9 0.2506 0.6514 303 215
353-0-1-0.05-50-0 0 2361 45 8 2 26 0.3816 0.2506 173 303
353-0-1-0.05-50-0 0 2361 35 46 22 17 0.0354 0.3451 158 327
353-0-1-0.05-50-0 0 2361 35 32 22 7 0.0354 0.6514 158 215
353-0-1-0.05-50-0 0 2362 8 38 27 6 0.2506 0.6163 303 270
353-0-1-0.05-50-0 0 2362 40 8 2 27 0.9739 0.2506 104 303
353-0-1-0.05-50-0 0 2362 35 3 25 7 0.0354 0.4813 158 321
353-0-1-0.05-50-0 0 2363 38 46 5 16 0.6163 0.3451 270 327
353-0-1-0.05-50-0 0 2363 46 38 15 5 0.3451 0.6163 327 270
353-0-1-0.05-50-0 0 2363 42 32 2 6 0.7447 0.6514 106 215
353-0-1-0.05-50-0 0 2364 14 28 2 2 0.8451 0.3846 105 311
353-0-1-0.05-50-0 0 2364 38 46 4 15 0.6163 0.3451 270 327
353-0-1-0.05-50-0 0 2364 7 35 4 23 0.9267 0.0354 106 158
353-0-1-0.05-50-0 0 2365 16 32 6 6 0.2228 0.6514 149 215
353-0-1-0.05-50-0 0 2365 35 8 23 27 0.0354 0.2506 158 303
353-0-1-0.05-50-0 0 2365 8 42 26 2 0.2506 0.7447 303 106
353-0-1-0.05-50-0 0 2366 34 42 5 1 0.7448 0.7447 168 106
353-0-1-0.05-50-0 0 2366 38 17 4 1 0.6163 0.6398 270 197
353-0-1-0.05-50-0 0 2366 7 29 5 5 0.9267 0.6728 106 177
353-0-1-0.05-50-0 0 2367 8 8 27 27 0.2506 0.2506 303 303
353-0-1-0.05-50-0 0 2367 35 39 19 4 0.0354 0.2187 158 309
353-0-1-0.05-50-0 0 2367 19 7 9 5 0.8072 0.9267 134 106
353-0-1-0.05-50-0 0 2368 45 21 4 1 0.3816 0.4184 173 158
353-0-1-0.05-50-0 0 2368 19 16 9 8 0.8072 0.2228 134 149
353-0-1-0.05-50-0 0 2368 35 46 19 15 0.0354 0.3451 158 327
353-0-1-0.05-50-0 0 2369 8 46 30 16 0.2506 0.3451 303 327
353-0-1-0.05-50-0 0 2369 7 8 3 30 0.9267 0.2506 106 303
353-0-1-0.05-50-0 0 2369 46 34 15 7 0.3451 0.7448 327 168
353-0-1-0.05-50-0 0 2370 7 3 4 11 0.9267 0.4813 106 321
353-0-1-0.05-50-0 0 2370 46 8 15 30 0.3451 0.2506 327 303
353-0-1-0.05-50-0 0 2370 34 3 7 10 0.7448 0.4813 168 321
353-0-1-0.05-50-0 0 2371 26 8 2 30 0.8171 0.2506 141 303
353-0-1-0.05-50-0 0 2371 19 19 11 11 0.8072 0.8072 134 134
353-0-1-0.05-50-0 0 2371 3 35 9 21 0.4813 0.0354 321 158
353-0-1-0.05-50-0 0 2372 40 46 2 15 0.9739 0.3451 104 327
353-0-1-0.05-50-0 0 2372 32 46 5 14 0.6514 0.3451 215 327
353-0-1-0.05-50-0 0 2372 8 46 30 13 0.2506 0.3451 303 327
353-0-1-0.05-50-0 0 2373 35 3 21 9 0.0354 0.4813 158 321
353-0-1-0.05-50-0 0 2373 49 35 2 21 0.1842 0.0354 136 158
353-0-1-0.05-50-0 0 2373 2 3 2 8 0.8198 0.4813 167 321
353-0-1-0.05-50-0 0 2374 8 5 29 7 0.2506 0.0007 303 226
353-0-1-0.05-50-0 0 2374 35 16 21 7 0.0354 0.2228 158 149
353-0-1-0.05-50-0 0 2374 8 8 29 29 0.2506 0.2506 303 303
353-0-1-0.05-50-0 0 2375 46 8 12 29 0.3451 0.2506 327 303
353-0-1-0.05-50-0 0 2375 32 8 6 28 0.6514 0.2506 215 303
353-0-1-0.05-50-0 0 2375 16 35 6 22 0.2228 0.0354 149 158
353-0-1-0.05-50-0 0 2376 19 8 9 27 0.8072 0.2506 134 303
353-0-1-0.05-50-0 0 2376 3 18 7 1 0.4813 0.2181 321 226
353-0-1-0.05-50-0 0 2376 35 2 21 3 0.0354 0.8198 158 167
353-0-1-0.05-50-0 0 2377 7 7 6 6 0.9267 0.9267 106 106
353-0-1-0.05-50-0 0 2377 46 13 14 2 0.3451 0.8878 327 151
353-0-1-0.05-50-0 0 2377 8 8 27 27 0.2506 0.2506 303 303
353-0-1-0.05-50-0 0 2378 8 40 26 2 0.2506 0.9739 303 104
353-0-1-0.05-50-0 0 2378 38 8 5 26 0.6163 0.2506 270 303
353-0-1-0.05-50-0 0 2378 16 8 9 25 0.2228 0.2506 149 303
353-0-1-0.05-50-0 0 2379 43 34 2 10 0.8316 0.7448 123 168
353-0-1-0.05-50-0 0 2379 5 6 10 2 0.0007 0.4266 226 249
353-0-1-0.05-50-0 0 2379 35 39 19 2 0.0354 0.2187 158 309
353-0-1-0.05-50-0 0 2380 8 49 26 3 0.2506 0.1842 303 136
353-0-1-0.05-50-0 0 2380 34 8 9 26 0.7448 0.2506 168 303
353-0-1-0.05-50-0 0 2380 19 16 12 9 0.8072 0.2228 134 149
353-0-1-0.05-50-0 0 2381 1 19 1 13 0.2520 0.8072 409 134
353-0-1-0.05-50-0 0 2381 9 35 3 19 0.6134 0.0354 161 158
353-0-1-0.05-50-0 0 2381 19 46 12 16 0.8072 0.3451 134 327
353-0-1-0.05-50-0 0 2382 46 34 15 9 0.3451 0.7448 327 168
353-0-1-0.05-50-0 0 2382 8 8 22 22 0.2506 0.2506 303 303
353-0-1-0.05-50-0 0 2382 5 32 12 5 0.0007 0.6514 226 215
353-0-1-0.05-50-0 0 2383 43 13 2 2 0.8316 0.8878 123 151
353-0-1-0.05-50-0 0 2383 3 1 6 1 0.4813 0.2520 321 409
353-0-1-0.05-50-0 0 2383 8 35 23 19 0.2506 0.0354 303 158
353-0-1-0.05-50-0 0 2384 11 46 1 14 0.0504 0.3451 384 327
353-0-1-0.05-50-0 0 2384 8 34 25 8 0.2506 0.7448 303 168
353-0-1-0.05-50-0 0 2384 5 19 12 13 0.0007 0.8072 226 134
353-0-1-0.05-50-0 0 2385 3 46 8 12 0.4813 0.3451 321 327
353-0-1-0.05-50-0 0 2385 14 19 3 11 0.8451 0.8072 105 134
353-0-1-0.05-50-0 0 2385 5 35 14 19 0.0007 0.0354 226 158
353-0-1-0.05-50-0 0 2386 29 34 2 6 0.6728 0.7448 177 168
353-0-1-0.05-50-0 0 2386 16 8 8 25 0.2228 0.2506 149 303
353-0-1-0.05-50-0 0 2386 6 32 1 3 0.4266 0.6514 249 215
353-0-1-0.05-50-0 0 2387 36 35 1 17 0.8162 0.0354 165 158
353-0-1-0.05-50-0 0 2387 46 5 11 15 0.3451 0.0007 327 226
353-0-1-0.05-50-0 0 2387 16 8 8 24 0.2228 0.2506 149 303
353-0-1-0.05-50-0 0 2388 5 19 19 11 0.0007 0.8072 226 134
353-0-1-0.05-50-0 0 2388 43 46 3 11 0.8316 0.3451 123 327
353-0-1-0.05-50-0 0 2388 46 11 10 1 0.3451 0.0504 327 384
353-0-1-0.05-50-0 0 2389 3 5 8 20 0.4813 0.0007 321 226
353-0-1-0.05-50-0 0 2389 16 35 7 20 0.2228 0.0354 149 158
353-0-1-0.05-50-0 0 2389 2 5 2 19 0.8198 0.0007 167 226
353-0-1-0.05-50-0 0 2390 20 8 1 25 0.9922 0.2506 102 303
353-0-1-0.05-50-0 0 2390 8 19 24 12 0.2506 0.8072 303 134
353-0-1-0.05-50-0 0 2390 45 34 5 5 0.3816 0.7448 173 168
353-0-1-0.05-50-0 0 2391 4 46 1 9 0.0723 0.3451 351 327
353-0-1-0.05-50-0 0 2391 35 31 21 1 0.0354 0.5626 158 252
353-0-1-0.05-50-0 0 2391 29 19 2 11 0.6728 0.8072 177 134
353-0-1-0.05-50-0 0 2392 8 16 22 8 0.2506 0.2228 303 149
353-0-1-0.05-50-0 0 2392 35 8 20 22 0.0354 0.2506 158 303
353-0-1-0.05-50-0 0 2392 35 35 20 20 0.0354 0.0354 158 158
353-0-1-0.05-50-0 0 2393 45 20 7 2 0.3816 0.9922 173 102
353-0-1-0.05-50-0 0 2393 20 8 1 22 0.9922 0.2506 102 303
353-0-1-0.05-50-0 0 2393 26 35 3 19 0.8171 0.0354 141 158
353-0-1-0.05-50-0 0 2394 29 19 2 9 0.6728 0.8072 177 134
353-0-1-0.05-50-0 0 2394 8 8 23 23 0.2506 0.2506 303 303
353-0-1-0.05-50-0 0 2394 35 10 18 2 0.0354 0.2533 158 449
353-0-1-0.05-50-0 0 2395 5 46 26 11 0.0007 0.3451 226 327
353-0-1-0.05-50-0 0 2395 40 8 3 22 0.9739 0.2506 104 303
353-0-1-0.05-50-0 0 2395 23 7 3 5 0.1698 0.9267 476 106
353-0-1-0.05-50-0 0 2396 43 35 5 19 0.8316 0.0354 123 158
353-0-1-0.05-50-0 0 2396 5 38 26 6 0.0007 0.6163 226 270
353-0-1-0.05-50-0 0 2396 12 8 6 21 0.1896 0.2506 325 303
353-0-1-0.05-50-0 0 2397 8 12 21 6 0.2506 0.1896 303 325
353-0-1-0.05-50-0 0 2397 35 45 18 9 0.0354 0.3816 158 173
353-0-1-0.05-50-0 0 2397 3 12 8 5 0.4813 0.1896 321 325
353-0-1-0.05-50-0 0 2398 2 5 3 26 0.8198 0.0007 167 226
353-0-1-0.05-50-0 0 2398 3 32 11 1 0.4813 0.6514 321 215
353-0-1-0.05-50-0 0 2398 35 36 18 1 0.0354 0.8162 158 165
353-0-1-0.05-50-0 0 2399 9 8 3 22 0.6134 0.2506 161 303
353-0-1-0.05-50-0 0 2399 35 5 19 23 0.0354 0.0007 158 226
353-0-1-0.05-50-0 0 2399 34 46 7 14 0.7448 0.3451 168 327
353-0-1-0.05-50-0 0 2400 16 45 10 11 0.2228 0.3816 149 173
353-0-1-0.05-50-0 0 2400 5 6 23 4 0.0007 0.4266 226 249
353-0-1-0.05-50-0 0 2400 45 7 10 3 0.3816 0.9267 173 106
353-0-1-0.05-50-0 0 2401 8 8 20 20 0.2506 0.2506 303 303
353-0-1-0.05-50-0 0 2401 45 40 9 3 0.3816 0.9739 173 104
353-0-1-0.05-50-0 0 2401 3 35 10 20 0.4813 0.0354 321 158
353-0-1-0.05-50-0 0 2402 39 5 4 22 0.2187 0.0007 309 226
353-0-1-0.05-50-0 0 2402 8 43 22 4 0.2506 0.8316 303 123
353-0-1-0.05-50-0 0 2402 39 45 4 9 0.2187 0.3816 309 173
353-0-1-0.05-50-0 0 2403 46 26 10 3 0.3451 0.8171 327 141
353-0-1-0.05-50-0 0 2403 5 45 22 8 0.0007 0.3816 226 173
353-0-1-0.05-50-0 0 2403 22 2 9 4 0.0160 0.8198 311 167
353-0-1-0.05-50-0 0 2404 8 20 18 1 0.2506 0.9922 303 102
353-0-1-0.05-50-0 0 2404 3 7 12 3 0.4813 0.9267 321 106
353-0-1-0.05-50-0 0 2404 3 4 12 2 0.4813 0.0723 321 351
353-0-1-0.05-50-0 0 2405 3 43 15 4 0.4813 0.8316 321 123
353-0-1-0.05-50-0 0 2405 7 3 2 15 0.9267 0.4813 106 321
353-0-1-0.05-50-0 0 2405 46 38 11 4 0.3451 0.6163 327 270
353-0-1-0.05-50-0 0 2406 5 34 22 5 0.0007 0.7448 226 168
353-0-1-0.05-50-0 0 2406 22 8 9 18 0.0160 0.2506 311 303
353-0-1-0.05-50-0 0 2406 29 3 4 14 0.6728 0.4813 177 321
353-0-1-0.05-50-0 0 2407 16 35 13 17 0.2228 0.0354 149 158
353-0-1-0.05-50-0 0 2407 22 38 9 3 0.0160 0.6163 311 270
353-0-1-0.05-50-0 0 2407 5 3 22 13 0.0007 0.4813 226 321
353-0-1-0.05-50-0 0 2408 5 8 22 17 0.0007 0.2506 226 303
353-0-1-0.05-50-0 0 2408 16 39 14 5 0.2228 0.2187 149 309
353-0-1-0.05-50-0 0 2408 40 2 2 4 0.9739 0.8198 104 167
353-0-1-0.05-50-0 0 2409 8 35 18 15 0.2506 0.0354 303 158
353-0-1-0.05-50-0 0 2409 5 5 24 24 0.0007 0.0007 226 226
353-0-1-0.05-50-0 0 2409 29 22 3 9 0.6728 0.0160 177 311
353-0-1-0.05-50-0 0 2410 26 5 4 24 0.8171 0.0007 141 226
353-0-1-0.05-50-0 0 2410 17 3 3 11 0.6398 0.4813 197 321
353-0-1-0.05-50-0 0 2410 9 46 3 9 0.6134 0.3451 161 327
353-0-1-0.05-50-0 0 2411 39 6 7 2 0.2187 0.4266 309 249
353-0-1-0.05-50-0 0 2411 22 3 9 10 0.0160 0.4813 311 321
353-0-1-0.05-50-0 0 2411 16 2 14 2 0.2228 0.8198 149 167
353-0-1-0.05-50-0 0 2412 29 9 3 4 0.6728 0.6134 177 161
353-0-1-0.05-50-0 0 2412 43 19 2 11 0.8316 0.8072 123 134
353-0-1-0.05-50-0 0 2412 5 19 24 10 0.0007 0.8072 226 134
353-0-1-0.05-50-0 0 2413 38 8 2 18 0.6163 0.2506 270 303
353-0-1-0.05-50-0 0 2413 22 5 9 24 0.0160 0.0007 311 226
353-0-1-0.05-50-0 0 2413 9 16 3 15 0.6134 0.2228 161 149
353-0-1-0.05-50-0 0 2414 35 35 12 12 0.0354 0.0354 158 158
353-0-1-0.05-50-0 0 2414 7 26 3 6 0.9267 0.8171 106 141
353-0-1-0.05-50-0 0 2414 19 16 10 14 0.8072 0.2228 134 149
353-0-1-0.05-50-0 0 2415 3 43 10 3 0.4813 0.8316 321 123
353-0-1-0.05-50-0 0 2415 35 29 11 3 0.0354 0.6728 158 177
353-0-1-0.05-50-0 0 2415 20 16 1 13 0.9922 0.2228 102 149
353-0-1-0.05-50-0 0 2416 29 35 3 12 0.6728 0.0354 177 158
353-0-1-0.05-50-0 0 2416 49 19 2 8 0.1842 0.8072 136 134
353-0-1-0.05-50-0 0 2416 5 26 22 5 0.0007 0.8171 226 141
353-0-1-0.05-50-0 0 2417 3 3 9 9 0.4813 0.4813 321 321
353-0-1-0.05-50-0 0 2417 8 35 18 13 0.2506 0.0354 303 158
353-0-1-0.05-50-0 0 2417 22 19 10 8 0.0160 0.8072 311 134
353-0-1-0.05-50-0 0 2418 16 9 12 3 0.2228 0.6134 149 161
353-0-1-0.05-50-0 0 2418 35 3 13 7 0.0354 0.4813 158 321
353-0-1-0.05-50-0 0 2418 8 39 19 10 0.2506 0.2187 303 309
353-0-1-0.05-50-0 0 2419 37 9 1 2 0.8481 0.6134 127 161
353-0-1-0.05-50-0 0 2419 5 16 22 11 0.0007 0.2228 226 149
353-0-1-0.05-50-0 0 2419 19 3 9 6 0.8072 0.4813 134 321
353-0-1-0.05-50-0 0 2420 19 35 9 13 0.8072 0.0354 134 158
353-0-1-0.05-50-0 0 2420 5 50 23 4 0.0007 0.2147 226 147
353-0-1-0.05-50-0 0 2420 23 3 4 4 0.1698 0.4813 476 321
353-0-1-0.05-50-0 0 2421 22 45 9 5 0.0160 0.3816 311 173
353-0-1-0.05-50-0 0 2421 24 5 3 24 0.1940 0.0007 254 226
353-0-1-0.05-50-0 0 2421 12 12 8 8 0.1896 0.1896 325 325
353-0-1-0.05-50-0 0 2422 38 8 4 15 0.6163 0.2506 270 303
353-0-1-0.05-50-0 0 2422 24 38 4 4 0.1940 0.6163 254 270
353-0-1-0.05-50-0 0 2422 3 5 4 24 0.4813 0.0007 321 226
353-0-1-0.05-50-0 0 2423 34 5 7 22 0.7448 0.0007 168 226
353-0-1-0.05-50-0 0 2423 26 10 2 1 0.8171 0.2533 141 449
353-0-1-0.05-50-0 0 2423 46 40 8 3 0.3451 0.9739 327 104
353-0-1-0.05-50-0 0 2424 39 46 10 8 0.2187 0.3451 309 327
353-0-1-0.05-50-0 0 2424 39 5 10 22 0.2187 0.0007 309 226
353-0-1-0.05-50-0 0 2424 10 50 1 3 0.2533 0.2147 449 147
353-0-1-0.05-50-0 0 2425 50 19 3 8 0.2147 0.8072 147 134
353-0-1-0.05-50-0 0 2425 3 5 5 22 0.4813 0.0007 321 226
353-0-1-0.05-50-0 0 2425 43 17 2 3 0.8316 0.6398 123 197
353-0-1-0.05-50-0 0 2426 49 5 2 22 0.1842 0.0007 136 226
353-0-1-0.05-50-0 0 2426 3 50 5 2 0.4813 0.2147 321 147
353-0-1-0.05-50-0 0 2426 46 24 7 5 0.3451 0.1940 327 254
353-0-1-0.05-50-0 0 2427 45 46 6 7 0.3816 0.3451 173 327
353-0-1-0.05-50-0 0 2427 8 19 17 5 0.2506 0.8072 303 134
353-0-1-0.05-50-0 0 2427 34 16 6 14 0.7448 0.2228 168 149
353-0-1-0.05-50-0 0 2428 38 39 2 13 0.6163 0.2187 270 309
353-0-1-0.05-50-0 0 2428 24 35 4 13 0.1940 0.0354 254 158
353-0-1-0.05-50-0 0 2428 34 3 6 7 0.7448 0.4813 168 321
353-0-1-0.05-50-0 0 2429 12 8 9 17 0.1896 0.2506 325 303
353-0-1-0.05-50-0 0 2429 8 35 16 12 0.2506 0.0354 303 158
353-0-1-0.05-50-0 0 2429 23 8 3 16 0.1698 0.2506 476 303
353-0-1-0.05-50-0 0 2430 22 8 9 15 0.0160 0.2506 311 303
353-0-1-0.05-50-0 0 2430 23 7 3 2 0.1698 0.9267 476 106
353-0-1-0.05-50-0 0 2430 16 8 16 14 0.2228 0.2506 149 303
353-0-1-0.05-50-0 0 2431 16 45 16 6 0.2228 0.3816 149 173
353-0-1-0.05-50-0 0 2431 46 16 5 16 0.3451 0.2228 327 149
353-0-1-0.05-50-0 0 2431 22 5 10 23 0.0160 0.0007 311 226
353-0-1-0.05-50-0 0 2432 3 39 4 11 0.4813 0.2187 321 309
353-0-1-0.05-50-0 0 2432 16 16 16 16 0.2228 0.2228 149 149
353-0-1-0.05-50-0 0 2432 34 5 9 23 0.7448 0.0007 168 226
353-0-1-0.05-50-0 0 2433 5 12 23 9 0.0007 0.1896 226 325
353-0-1-0.05-50-0 0 2433 34 8 9 10 0.7448 0.2506 168 303
353-0-1-0.05-50-0 0 2433 18 22 1 14 0.2181 0.0160 226 311
353-0-1-0.05-50-0 0 2434 12 22 8 12 0.1896 0.0160 325 311
353-0-1-0.05-50-0 0 2434 34 34 9 9 0.7448 0.7448 168 168
353-0-1-0.05-50-0 0 2434 22 16 11 16 0.0160 0.2228 311 149
353-0-1-0.05-50-0 0 2435 46 39 4 8 0.3451 0.2187 327 309
353-0-1-0.05-50-0 0 2435 8 22 8 11 0.2506 0.0160 303 311
353-0-1-0.05-50-0 0 2435 8 5 8 23 0.2506 0.0007 303 226
353-0-1-0.05-50-0 0 2436 49 24 4 4 0.1842 0.1940 136 254
353-0-1-0.05-50-0 0 2436 50 16 2 17 0.2147 0.2228 147 149
353-0-1-0.05-50-0 0 2436 8 45 8 5 0.2506 0.3816 303 173
353-0-1-0.05-50-0 0 2437 45 38 4 2 0.3816 0.6163 173 270
353-0-1-0.05-50-0 0 2437 5 12 23 9 0.0007 0.1896 226 325
353-0-1-0.05-50-0 0 2437 35 10 11 1 0.0354 0.2533 158 449
353-0-1-0.05-50-0 0 2438 32 26 2 1 0.6514 0.8171 215 141
353-0-1-0.05-50-0 0 2438 5 45 24 4 0.0007 0.3816 226 173
353-0-1-0.05-50-0 0 2438 17 3 2 6 0.6398 0.4813 197 321
353-0-1-0.05-50-0 0 2439 35 5 12 24 0.0354 0.0007 158 226
353-0-1-0.05-50-0 0 2439 23 29 4 3 0.1698 0.6728 476 177
353-0-1-0.05-50-0 0 2439 9 23 2 4 0.6134 0.1698 161 476
353-0-1-0.05-50-0 0 2440 22 5 10 23 0.0160 0.0007 311 226
353-0-1-0.05-50-0 0 2440 50 12 3 9 0.2147 0.1896 147 325
353-0-1-0.05-50-0 0 2440 5 5 22 22 0.0007 0.0007 226 226
353-0-1-0.05-50-0 0 2441 35 34 14 7 0.0354 0.7448 158 168
353-0-1-0.05-50-0 0 2441 16 35 20 14 0.2228 0.0354 149 158
353-0-1-0.05-50-0 0 2441 34 22 6 10 0.7448 0.0160 168 311
353-0-1-0.05-50-0 0 2442 22 22 10 10 0.0160 0.0160 311 311
353-0-1-0.05-50-0 0 2442 40 35 2 12 0.9739 0.0354 104 158
353-0-1-0.05-50-0 0 2442 16 22 21 9 0.2228 0.0160 149 311
353-0-1-0.05-50-0 0 2443 37 29 3 2 0.8481 0.6728 127 177
353-0-1-0.05-50-0 0 2443 16 12 21 10 0.2228 0.1896 149 325
353-0-1-0.05-50-0 0 2443 9 46 1 6 0.6134 0.3451 161 327
353-0-1-0.05-50-0 0 2444 16 35 21 13 0.2228 0.0354 149 158
353-0-1-0.05-50-0 0 2444 7 19 5 3 0.9267 0.8072 106 134
353-0-1-0.05-50-0 0 2444 50 8 4 11 0.2147 0.2506 147 303
353-0-1-0.05-50-0 0 2445 39 14 8 7 0.2187 0.8451 309 105
353-0-1-0.05-50-0 0 2445 49 35 2 12 0.1842 0.0354 136 158
353-0-1-0.05-50-0 0 2445 45 45 4 4 0.3816 0.3816 173 173
353-0-1-0.05-50-0 0 2446 39 39 8 8 0.2187 0.2187 309 309
353-0-1-0.05-50-0 0 2446 7 8 5 11 0.9267 0.2506 106 303
353-0-1-0.05-50-0 0 2446 16 35 21 11 0.2228 0.0354 149 158
353-0-1-0.05-50-0 0 2447 22 23 8 6 0.0160 0.1698 311 476
353-0-1-0.05-50-0 0 2447 49 37 2 4 0.1842 0.8481 136 127
353-0-1-0.05-50-0 0 2448 34 16 4 20 0.7448 0.2228 168 149
353-0-1-0.05-50-0 0 2448 16 5 19 17 0.2228 0.0007 149 226
353-0-1-0.05-50-0 0 2449 22 16 9 17 0.0160 0.2228 311 149
353-0-1-0.05-50-0 0 2449 39 14 8 5 0.2187 0.8451 309 105
353-0-1-0.05-50-0 0 2450 49 34 2 4 0.1842 0.7448 136 168
353-0-1-0.05-50-0 0 2450 39 49 8 2 0.2187 0.1842 309 136
353-0-1-0.05-50-0 0 2451 7 39 4 7 0.9267 0.2187 106 309
353-0-1-0.05-50-0 0 2451 12 29 9 1 0.1896 0.6728 325 177
353-0-1-0.05-50-0 0 2452 40 37 1 2 0.9739 0.8481 104 127
353-0-1-0.05-50-0 0 2452 22 5 10 17 0.0160 0.0007 311 226
353-0-1-0.05-50-0 0 2453 3 5 9 19 0.4813 0.0007 321 226
353-0-1-0.05-50-0 0 2453 43 45 4 2 0.8316 0.3816 123 173
353-0-1-0.05-50-0 0 2454 7 46 4 4 0.9267 0.3451 106 327
353-0-1-0.05-50-0 0 2454 35 5 18 18 0.0354 0.0007 158 226
353-0-1-0.05-50-0 0 2455 35 5 17 18 0.0354 0.0007 158 226
353-0-1-0.05-50-0 0 2455 5 24 17 4 0.0007 0.1940 226 254
353-0-1-0.05-50-0 0 2456 16 24 13 3 0.2228 0.1940 149 254
353-0-1-0.05-50-0 0 2456 12 7 9 4 0.1896 0.9267 325 106
353-0-1-0.05-50-0 0 2457 37 34 1 3 0.8481 0.7448 127 168
353-0-1-0.05-50-0 0 2457 3 8 8 15 0.4813 0.2506 321 303
353-0-1-0.05-50-0 0 2458 5 16 17 13 0.0007 0.2228 226 149
353-0-1-0.05-50-0 0 2458 50 5 4 17 0.2147 0.0007 147 226
353-0-1-0.05-50-0 0 2459 12 22 9 12 0.1896 0.0160 325 311
353-0-1-0.05-50-0 0 2459 8 5 14 16 0.2506 0.0007 303 226
353-0-1-0.05-50-0 0 2459 8 1 14 1 0.2506 0.2520 303 409
353-0-1-0.05-50-0 0 2460 8 8 14 14 0.2506 0.2506 303 303
353-0-1-0.05-50-0 0 2460 50 43 4 4 0.2147 0.8316 147 123
353-0-1-0.05-50-0 0 2461 12 8 9 12 0.1896 0.2506 325 303
353-0-1-0.05-50-0 0 2461 16 12 15 9 0.2228 0.1896 149 325
353-0-1-0.05-50-0 0 2462 43 47 3 4 0.8316 0.9293 123 103
353-0-1-0.05-50-0 0 2462 5 16 14 14 0.0007 0.2228 226 149
353-0-1-0.05-50-0 0 2462 45 16 3 13 0.3816 0.2228 173 149
353-0-1-0.05-50-0 0 2463 48 46 4 5 0.1153 0.3451 334 327
353-0-1-0.05-50-0 0 2463 6 35 4 15 0.4266 0.0354 249 158
353-0-1-0.05-50-0 0 2463 5 12 15 9 0.0007 0.1896 226 325
353-0-1-0.05-50-0 0 2464 5 35 17 14 0.0007 0.0354 226 158
353-0-1-0.05-50-0 0 2464 35 16 13 11 0.0354 0.2228 158 149
353-0-1-0.05-50-0 0 2464 24 22 3 13 0.1940 0.0160 254 311
353-0-1-0.05-50-0 0 2465 22 23 12 2 0.0160 0.1698 311 476
353-0-1-0.05-50-0 0 2465 19 16 5 10 0.8072 0.2228 134 149
353-0-1-0.05-50-0 0 2465 1 19 2 5 0.2520 0.8072 409 134
353-0-1-0.05-50-0 0 2466 45 8 3 16 0.3816 0.2506 173 303
353-0-1-0.05-50-0 0 2466 5 19 15 4 0.0007 0.8072 226 134
353-0-1-0.05-50-0 0 2466 39 8 8 15 0.2187 0.2506 309 303
353-0-1-0.05-50-0 0 2467 46 35 3 11 0.3451 0.0354 327 158
353-0-1-0.05-50-0 0 2467 8 45 15 3 0.2506 0.3816 303 173
353-0-1-0.05-50-0 0 2467 8 5 15 16 0.2506 0.0007 303 226
353-0-1-0.05-50-0 0 2468 35 44 11 5 0.0354 0.7034 158 118
353-0-1-0.05-50-0 0 2468 22 14 11 2 0.0160 0.8451 311 105
353-0-1-0.05-50-0 0 2468 50 5 3 15 0.2147 0.0007 147 226
353-0-1-0.05-50-0 0 2469 5 39 14 12 0.0007 0.2187 226 309
353-0-1-0.05-50-0 0 2469 3 46 9 4 0.4813 0.3451 321 327
353-0-1-0.05-50-0 0 2469 48 3 4 9 0.1153 0.4813 334 321
353-0-1-0.05-50-0 0 2470 8 43 17 4 0.2506 0.8316 303 123
353-0-1-0.05-50-0 0 2470 3 8 9 17 0.4813 0.2506 321 303
353-0-1-0.05-50-0 0 2471 44 5 4 15 0.7034 0.0007 118 226
353-0-1-0.05-50-0 0 2471 3 37 8 3 0.4813 0.8481 321 127
353-0-1-0.05-50-0 0 2471 35 49 10 4 0.0354 0.1842 158 136
353-0-1-0.05-50-0 0 2472 8 39 17 13 0.2506 0.2187 303 309
353-0-1-0.05-50-0 0 2472 46 8 3 17 0.3451 0.2506 327 303
353-0-1-0.05-50-0 0 2473 35 32 8 2 0.0354 0.6514 158 215
353-0-1-0.05-50-0 0 2473 5 3 16 6 0.0007 0.4813 226 321
353-0-1-0.05-50-0 0 2474 8 49 16 4 0.2506 0.1842 303 136
353-0-1-0.05-50-0 0 2474 35 35 8 8 0.0354 0.0354 158 158
353-0-1-0.05-50-0 0 2475 39 16 12 7 0.2187 0.2228 309 149
353-0-1-0.05-50-0 0 2475 44 37 3 2 0.7034 0.8481 118 127
353-0-1-0.05-50-0 0 2476 5 39 16 12 0.0007 0.2187 226 309
353-0-1-0.05-50-0 0 2476 43 39 1 11 0.8316 0.2187 123 309
353-0-1-0.05-50-0 0 2477 12 18 6 2 0.1896 0.2181 325 226
353-0-1-0.05-50-0 0 2477 22 16 15 6 0.0160 0.2228 311 149
353-0-1-0.05-50-0 0 2478 8 12 14 5 0.2506 0.1896 303 325
353-0-1-0.05-50-0 0 2478 39 5 10 16 0.2187 0.0007 309 226
353-0-1-0.05-50-0 0 2479 39 5 11 16 0.2187 0.0007 309 226
353-0-1-0.05-50-0 0 2479 11 5 1 15 0.0504 0.0007 384 226
353-0-1-0.05-50-0 0 2480 8 39 15 11 0.2506 0.2187 303 309
353-0-1-0.05-50-0 0 2480 2 1 1 2 0.8198 0.2520 167 409
353-0-1-0.05-50-0 0 2481 44 22 2 16 0.7034 0.0160 118 311
353-0-1-0.05-50-0 0 2481 22 22 15 15 0.0160 0.0160 311 311
353-0-1-0.05-50-0 0 2482 5 8 15 14 0.0007 0.2506 226 303
353-0-1-0.05-50-0 0 2482 40 48 3 5 0.9739 0.1153 104 334
353-0-1-0.05-50-0 0 2483 5 7 15 3 0.0007 0.9267 226 106
353-0-1-0.05-50-0 0 2483 48 8 5 13 0.1153 0.2506 334 303
353-0-1-0.05-50-0 0 2484 40 50 3 2 0.9739 0.2147 104 147
353-0-1-0.05-50-0 0 2484 5 8 16 11 0.0007 0.2506 226 303
353-0-1-0.05-50-0 0 2485 50 8 1 10 0.2147 0.2506 147 303
353-0-1-0.05-50-0 0 2485 2 5 1 14 0.8198 0.0007 167 226
353-0-1-0.05-50-0 0 2486 40 22 4 16 0.9739 0.0160 104 311
353-0-1-0.05-50-0 0 2486 16 2 6 1 0.2228 0.8198 149 167
353-0-1-0.05-50-0 0 2487 39 27 8 3 0.2187 0.0776 309 149
353-0-1-0.05-50-0 0 2487 16 48 6 3 0.2228 0.1153 149 334
353-0-1-0.05-50-0 0 2488 49 39 3 8 0.1842 0.2187 136 309
353-0-1-0.05-50-0 0 2488 3 49 4 3 0.4813 0.1842 321 136
353-0-1-0.05-50-0 0 2489 3 39 4 8 0.4813 0.2187 321 309
353-0-1-0.05-50-0 0 2489 35 5 5 12 0.0354 0.0007 158 226
353-0-1-0.05-50-0 0 2490 5 35 11 6 0.0007 0.0354 226 158
353-0-1-0.05-50-0 0 2490 8 5 12 11 0.2506 0.0007 303 226
353-0-1-0.05-50-0 0 2491 12 5 6 11 0.1896 0.0007 325 226
353-0-1-0.05-50-0 0 2491 22 8 15 12 0.0160 0.2506 311 303
353-0-1-0.05-50-0 0 2492 19 22 7 16 0.8072 0.0160 134 311
353-0-1-0.05-50-0 0 2492 16 40 8 7 0.2228 0.9739 149 104
353-0-1-0.05-50-0 0 2493 8 21 10 1 0.2506 0.4184 303 158
353-0-1-0.05-50-0 0 2493 38 5 3 10 0.6163 0.0007 270 226
353-0-1-0.05-50-0 0 2494 19 16 7 10 0.8072 0.2228 134 149
353-0-1-0.05-50-0 0 2494 44 49 4 3 0.7034 0.1842 118 136
353-0-1-0.05-50-0 0 2495 19 22 8 19 0.8072 0.0160 134 311
353-0-1-0.05-50-0 0 2495 22 48 18 2 0.0160 0.1153 311 334
353-0-1-0.05-50-0 0 2496 12 16 5 9 0.1896 0.2228 325 149
353-0-1-0.05-50-0 0 2496 22 40 18 7 0.0160 0.9739 311 104
353-0-1-0.05-50-0 0 2497 27 39 5 11 0.0776 0.2187 149 309
353-0-1-0.05-50-0 0 2497 39 39 10 10 0.2187 0.2187 309 309
353-0-1-0.05-50-0 0 2498 5 19 9 8 0.0007 0.8072 226 134
353-0-1-0.05-50-0 0 2498 36 22 1 19 0.8162 0.0160 165 311
353-0-1-0.05-50-0 0 2499 6 39 3 10 0.4266 0.2187 249 309
353-0-1-0.05-50-0 0 2499 29 22 3 18 0.6728 0.0160 177 311
353-0-1-0.05-50-0 0 2500 5 22 10 18 0.0007 0.0160 226 311
353-0-1-0.05-50-0 0 2500 27 19 4 6 0.0776 0.8072 149 134
