355-1-1-0.05-50-0 1 2302 14 37 64 90 0.8451 0.8481 105 127
355-1-1-0.05-50-0 1 2302 19 19 5 5 0.8072 0.8072 134 134
355-1-1-0.05-50-0 1 2303 36 26 121 95 0.8162 0.8171 165 141
355-1-1-0.05-50-0 1 2303 36 14 121 58 0.8162 0.8451 165 105
355-1-1-0.05-50-0 1 2303 36 2 121 139 0.8162 0.8198 165 167
355-1-1-0.05-50-0 1 2303 36 37 121 88 0.8162 0.8481 165 127
355-1-1-0.05-50-0 1 2303 10 27 15 148 0.2533 0.0776 449 149
355-1-1-0.05-50-0 1 2303 14 7 57 88 0.8451 0.9267 105 106
355-1-1-0.05-50-0 1 2303 14 13 57 148 0.8451 0.8878 105 151
355-1-1-0.05-50-0 1 2303 36 26 121 94 0.8162 0.8171 165 141
355-1-1-0.05-50-0 1 2303 10 27 15 147 0.2533 0.0776 449 149
355-1-1-0.05-50-0 1 2304 36 14 118 57 0.8162 0.8451 165 105
355-1-1-0.05-50-0 1 2304 10 27 18 149 0.2533 0.0776 449 149
355-1-1-0.05-50-0 1 2304 1 10 19 18 0.2520 0.2533 409 449
355-1-1-0.05-50-0 1 2304 36 26 118 94 0.8162 0.8171 165 141
355-1-1-0.05-50-0 1 2305 1 10 16 16 0.2520 0.2533 409 449
355-1-1-0.05-50-0 1 2305 14 26 57 93 0.8451 0.8171 105 141
355-1-1-0.05-50-0 1 2305 10 27 15 149 0.2533 0.0776 449 149
355-1-1-0.05-50-0 1 2305 14 37 57 87 0.8451 0.8481 105 127
355-1-1-0.05-50-0 1 2305 36 37 123 86 0.8162 0.8481 165 127
355-1-1-0.05-50-0 1 2305 36 36 123 123 0.8162 0.8162 165 165
355-1-1-0.05-50-0 1 2305 40 21 86 1 0.9739 0.4184 104 158
355-1-1-0.05-50-0 1 2305 36 2 122 145 0.8162 0.8198 165 167
355-1-1-0.05-50-0 1 2306 36 26 122 90 0.8162 0.8171 165 141
355-1-1-0.05-50-0 1 2306 36 26 122 89 0.8162 0.8171 165 141
355-1-1-0.05-50-0 1 2306 36 2 122 145 0.8162 0.8198 165 167
355-1-1-0.05-50-0 1 2306 10 27 17 145 0.2533 0.0776 449 149
355-1-1-0.05-50-0 1 2306 1 10 17 17 0.2520 0.2533 409 449
355-1-1-0.05-50-0 1 2306 40 46 90 1 0.9739 0.3451 104 327
355-1-1-0.05-50-0 1 2306 41 11 22 1 0.9621 0.0504 105 384
355-1-1-0.05-50-0 1 2307 36 36 123 123 0.8162 0.8162 165 165
355-1-1-0.05-50-0 1 2307 36 2 122 149 0.8162 0.8198 165 167
355-1-1-0.05-50-0 1 2307 14 36 57 122 0.8451 0.8162 105 165
355-1-1-0.05-50-0 1 2307 36 19 121 4 0.8162 0.8072 165 134
355-1-1-0.05-50-0 1 2307 37 16 85 1 0.8481 0.2228 127 149
355-1-1-0.05-50-0 1 2307 1 10 16 15 0.2520 0.2533 409 449
355-1-1-0.05-50-0 1 2308 14 25 57 124 0.8451 0.9430 105 125
355-1-1-0.05-50-0 1 2308 37 50 83 2 0.8481 0.2147 127 147
355-1-1-0.05-50-0 1 2308 41 22 20 1 0.9621 0.0160 105 311
355-1-1-0.05-50-0 1 2308 36 36 123 123 0.8162 0.8162 165 165
355-1-1-0.05-50-0 1 2308 14 20 57 32 0.8451 0.9922 105 102
355-1-1-0.05-50-0 1 2308 36 26 122 85 0.8162 0.8171 165 141
355-1-1-0.05-50-0 1 2308 36 2 122 152 0.8162 0.8198 165 167
355-1-1-0.05-50-0 1 2309 36 26 121 82 0.8162 0.8171 165 141
355-1-1-0.05-50-0 1 2309 14 25 59 125 0.8451 0.9430 105 125
355-1-1-0.05-50-0 1 2310 36 37 120 85 0.8162 0.8481 165 127
355-1-1-0.05-50-0 1 2310 36 2 120 149 0.8162 0.8198 165 167
355-1-1-0.05-50-0 1 2310 36 37 120 84 0.8162 0.8481 165 127
355-1-1-0.05-50-0 1 2310 14 36 57 120 0.8451 0.8162 105 165
355-1-1-0.05-50-0 1 2310 14 14 57 57 0.8451 0.8451 105 105
355-1-1-0.05-50-0 1 2310 7 31 93 1 0.9267 0.5626 106 252
355-1-1-0.05-50-0 1 2310 14 20 56 31 0.8451 0.9922 105 102
355-1-1-0.05-50-0 1 2311 14 25 59 123 0.8451 0.9430 105 125
355-1-1-0.05-50-0 1 2311 1 10 15 13 0.2520 0.2533 409 449
355-1-1-0.05-50-0 1 2311 36 36 123 123 0.8162 0.8162 165 165
355-1-1-0.05-50-0 1 2311 1 10 15 12 0.2520 0.2533 409 449
355-1-1-0.05-50-0 1 2311 1 1 15 15 0.2520 0.2520 409 409
355-1-1-0.05-50-0 1 2311 36 26 122 79 0.8162 0.8171 165 141
355-1-1-0.05-50-0 1 2312 36 36 124 124 0.8162 0.8162 165 165
355-1-1-0.05-50-0 1 2312 14 36 59 123 0.8451 0.8162 105 165
355-1-1-0.05-50-0 1 2312 14 47 59 60 0.8451 0.9293 105 103
355-1-1-0.05-50-0 1 2313 36 26 123 77 0.8162 0.8171 165 141
355-1-1-0.05-50-0 1 2313 36 2 123 155 0.8162 0.8198 165 167
355-1-1-0.05-50-0 1 2313 36 14 123 58 0.8162 0.8451 165 105
355-1-1-0.05-50-0 1 2313 36 36 123 123 0.8162 0.8162 165 165
355-1-1-0.05-50-0 1 2313 36 2 122 154 0.8162 0.8198 165 167
355-1-1-0.05-50-0 1 2313 36 26 122 76 0.8162 0.8171 165 141
355-1-1-0.05-50-0 1 2314 36 2 124 159 0.8162 0.8198 165 167
355-1-1-0.05-50-0 1 2314 1 12 16 1 0.2520 0.1896 409 325
355-1-1-0.05-50-0 1 2314 14 36 58 124 0.8451 0.8162 105 165
355-1-1-0.05-50-0 1 2314 40 42 98 2 0.9739 0.7447 104 106
355-1-1-0.05-50-0 1 2314 36 37 123 78 0.8162 0.8481 165 127
355-1-1-0.05-50-0 1 2314 14 40 58 98 0.8451 0.9739 105 104
355-1-1-0.05-50-0 1 2314 36 36 123 123 0.8162 0.8162 165 165
355-1-1-0.05-50-0 1 2315 1 1 18 18 0.2520 0.2520 409 409
355-1-1-0.05-50-0 1 2315 36 37 122 77 0.8162 0.8481 165 127
355-1-1-0.05-50-0 1 2315 36 37 122 76 0.8162 0.8481 165 127
355-1-1-0.05-50-0 1 2315 36 26 122 78 0.8162 0.8171 165 141
355-1-1-0.05-50-0 1 2315 14 36 60 122 0.8451 0.8162 105 165
355-1-1-0.05-50-0 1 2315 36 36 121 121 0.8162 0.8162 165 165
355-1-1-0.05-50-0 1 2316 36 36 125 125 0.8162 0.8162 165 165
355-1-1-0.05-50-0 1 2316 19 19 6 6 0.8072 0.8072 134 134
355-1-1-0.05-50-0 1 2316 26 28 76 1 0.8171 0.3846 141 311
355-1-1-0.05-50-0 1 2317 14 20 59 30 0.8451 0.9922 105 102
355-1-1-0.05-50-0 1 2317 36 2 123 146 0.8162 0.8198 165 167
355-1-1-0.05-50-0 1 2317 36 14 123 59 0.8162 0.8451 165 105
355-1-1-0.05-50-0 1 2317 37 50 80 1 0.8481 0.2147 127 147
355-1-1-0.05-50-0 1 2317 1 8 16 4 0.2520 0.2506 409 303
355-1-1-0.05-50-0 1 2318 36 14 124 58 0.8162 0.8451 165 105
355-1-1-0.05-50-0 1 2318 36 2 124 148 0.8162 0.8198 165 167
355-1-1-0.05-50-0 1 2319 36 2 126 148 0.8162 0.8198 165 167
355-1-1-0.05-50-0 1 2319 26 45 81 1 0.8171 0.3816 141 173
355-1-1-0.05-50-0 1 2319 36 36 126 126 0.8162 0.8162 165 165
355-1-1-0.05-50-0 1 2319 40 34 93 1 0.9739 0.7448 104 168
355-1-1-0.05-50-0 1 2319 36 2 125 147 0.8162 0.8198 165 167
355-1-1-0.05-50-0 1 2320 36 36 130 130 0.8162 0.8162 165 165
355-1-1-0.05-50-0 1 2320 36 37 129 86 0.8162 0.8481 165 127
355-1-1-0.05-50-0 1 2320 36 14 129 57 0.8162 0.8451 165 105
355-1-1-0.05-50-0 1 2320 14 13 56 130 0.8451 0.8878 105 151
355-1-1-0.05-50-0 1 2320 14 40 56 95 0.8451 0.9739 105 104
355-1-1-0.05-50-0 1 2321 37 49 80 2 0.8481 0.1842 127 136
355-1-1-0.05-50-0 1 2321 1 1 19 19 0.2520 0.2520 409 409
355-1-1-0.05-50-0 1 2321 36 2 130 158 0.8162 0.8198 165 167
355-1-1-0.05-50-0 1 2321 14 2 57 157 0.8451 0.8198 105 167
355-1-1-0.05-50-0 1 2321 36 37 130 80 0.8162 0.8481 165 127
355-1-1-0.05-50-0 1 2321 14 13 57 132 0.8451 0.8878 105 151
355-1-1-0.05-50-0 1 2322 37 49 81 2 0.8481 0.1842 127 136
355-1-1-0.05-50-0 1 2322 14 41 56 26 0.8451 0.9621 105 105
355-1-1-0.05-50-0 1 2322 36 26 132 76 0.8162 0.8171 165 141
355-1-1-0.05-50-0 1 2322 36 14 132 56 0.8162 0.8451 165 105
355-1-1-0.05-50-0 1 2322 36 37 132 81 0.8162 0.8481 165 127
355-1-1-0.05-50-0 1 2322 36 26 132 75 0.8162 0.8171 165 141
355-1-1-0.05-50-0 1 2322 1 10 16 11 0.2520 0.2533 409 449
355-1-1-0.05-50-0 1 2322 14 36 55 132 0.8451 0.8162 105 165
355-1-1-0.05-50-0 1 2323 14 2 53 157 0.8451 0.8198 105 167
355-1-1-0.05-50-0 1 2323 1 1 17 17 0.2520 0.2520 409 409
355-1-1-0.05-50-0 1 2323 36 37 129 79 0.8162 0.8481 165 127
355-1-1-0.05-50-0 1 2323 1 10 16 10 0.2520 0.2533 409 449
355-1-1-0.05-50-0 1 2323 14 13 53 138 0.8451 0.8878 105 151
355-1-1-0.05-50-0 1 2323 37 49 78 1 0.8481 0.1842 127 136
355-1-1-0.05-50-0 1 2324 36 26 132 75 0.8162 0.8171 165 141
355-1-1-0.05-50-0 1 2324 36 36 132 132 0.8162 0.8162 165 165
355-1-1-0.05-50-0 1 2324 36 2 131 159 0.8162 0.8198 165 167
355-1-1-0.05-50-0 1 2324 36 36 131 131 0.8162 0.8162 165 165
355-1-1-0.05-50-0 1 2325 36 2 133 161 0.8162 0.8198 165 167
355-1-1-0.05-50-0 1 2325 36 36 133 133 0.8162 0.8162 165 165
355-1-1-0.05-50-0 1 2325 14 13 51 147 0.8451 0.8878 105 151
355-1-1-0.05-50-0 1 2325 36 2 132 160 0.8162 0.8198 165 167
355-1-1-0.05-50-0 1 2325 41 11 24 2 0.9621 0.0504 105 384
355-1-1-0.05-50-0 1 2325 36 36 132 132 0.8162 0.8162 165 165
355-1-1-0.05-50-0 1 2325 1 39 15 1 0.2520 0.2187 409 309
355-1-1-0.05-50-0 1 2326 36 37 131 81 0.8162 0.8481 165 127
355-1-1-0.05-50-0 1 2326 36 14 131 50 0.8162 0.8451 165 105
355-1-1-0.05-50-0 1 2326 36 26 131 72 0.8162 0.8171 165 141
355-1-1-0.05-50-0 1 2326 36 2 131 153 0.8162 0.8198 165 167
355-1-1-0.05-50-0 1 2326 36 2 131 152 0.8162 0.8198 165 167
355-1-1-0.05-50-0 1 2327 36 2 136 147 0.8162 0.8198 165 167
355-1-1-0.05-50-0 1 2327 10 27 11 147 0.2533 0.0776 449 149
355-1-1-0.05-50-0 1 2327 36 36 136 136 0.8162 0.8162 165 165
355-1-1-0.05-50-0 1 2327 14 36 49 135 0.8451 0.8162 105 165
355-1-1-0.05-50-0 1 2328 14 36 51 132 0.8451 0.8162 105 165
355-1-1-0.05-50-0 1 2328 36 37 131 81 0.8162 0.8481 165 127
355-1-1-0.05-50-0 1 2328 14 7 51 104 0.8451 0.9267 105 106
355-1-1-0.05-50-0 1 2328 40 45 91 2 0.9739 0.3816 104 173
355-1-1-0.05-50-0 1 2328 40 29 91 1 0.9739 0.6728 104 177
355-1-1-0.05-50-0 1 2328 14 25 51 123 0.8451 0.9430 105 125
355-1-1-0.05-50-0 1 2329 14 7 52 106 0.8451 0.9267 105 106
355-1-1-0.05-50-0 1 2329 40 42 93 1 0.9739 0.7447 104 106
355-1-1-0.05-50-0 1 2329 36 37 132 75 0.8162 0.8481 165 127
355-1-1-0.05-50-0 1 2329 36 2 132 154 0.8162 0.8198 165 167
355-1-1-0.05-50-0 1 2330 41 35 19 1 0.9621 0.0354 105 158
355-1-1-0.05-50-0 1 2330 10 27 13 149 0.2533 0.0776 449 149
355-1-1-0.05-50-0 1 2330 36 36 135 135 0.8162 0.8162 165 165
355-1-1-0.05-50-0 1 2330 14 14 53 53 0.8451 0.8451 105 105
355-1-1-0.05-50-0 1 2330 36 2 134 147 0.8162 0.8198 165 167
355-1-1-0.05-50-0 1 2331 14 47 50 45 0.8451 0.9293 105 103
355-1-1-0.05-50-0 1 2331 1 1 21 21 0.2520 0.2520 409 409
355-1-1-0.05-50-0 1 2331 36 36 134 134 0.8162 0.8162 165 165
355-1-1-0.05-50-0 1 2331 25 11 125 2 0.9430 0.0504 125 384
355-1-1-0.05-50-0 1 2331 36 36 133 133 0.8162 0.8162 165 165
355-1-1-0.05-50-0 1 2331 36 14 132 50 0.8162 0.8451 165 105
355-1-1-0.05-50-0 1 2332 25 11 125 1 0.9430 0.0504 125 384
355-1-1-0.05-50-0 1 2332 14 47 49 46 0.8451 0.9293 105 103
355-1-1-0.05-50-0 1 2332 36 2 136 144 0.8162 0.8198 165 167
355-1-1-0.05-50-0 1 2332 36 36 136 136 0.8162 0.8162 165 165
355-1-1-0.05-50-0 1 2332 36 2 135 143 0.8162 0.8198 165 167
355-1-1-0.05-50-0 1 2332 14 2 49 142 0.8451 0.8198 105 167
355-1-1-0.05-50-0 1 2333 19 19 7 7 0.8072 0.8072 134 134
355-1-1-0.05-50-0 1 2333 36 26 139 79 0.8162 0.8171 165 141
355-1-1-0.05-50-0 1 2333 36 2 139 141 0.8162 0.8198 165 167
355-1-1-0.05-50-0 1 2333 14 25 48 125 0.8451 0.9430 105 125
355-1-1-0.05-50-0 1 2333 36 37 139 72 0.8162 0.8481 165 127
355-1-1-0.05-50-0 1 2333 36 2 139 140 0.8162 0.8198 165 167
355-1-1-0.05-50-0 1 2333 14 25 48 124 0.8451 0.9430 105 125
355-1-1-0.05-50-0 1 2333 14 40 48 98 0.8451 0.9739 105 104
355-1-1-0.05-50-0 1 2334 36 37 142 69 0.8162 0.8481 165 127
355-1-1-0.05-50-0 1 2334 36 26 142 79 0.8162 0.8171 165 141
355-1-1-0.05-50-0 1 2334 36 26 142 78 0.8162 0.8171 165 141
355-1-1-0.05-50-0 1 2334 7 3 96 1 0.9267 0.4813 106 321
355-1-1-0.05-50-0 1 2334 14 20 48 25 0.8451 0.9922 105 102
355-1-1-0.05-50-0 1 2334 36 36 142 142 0.8162 0.8162 165 165
355-1-1-0.05-50-0 1 2334 36 36 141 141 0.8162 0.8162 165 165
355-1-1-0.05-50-0 1 2335 14 13 50 151 0.8451 0.8878 105 151
355-1-1-0.05-50-0 1 2335 14 13 50 150 0.8451 0.8878 105 151
355-1-1-0.05-50-0 1 2335 1 1 19 19 0.2520 0.2520 409 409
355-1-1-0.05-50-0 1 2335 36 36 147 147 0.8162 0.8162 165 165
355-1-1-0.05-50-0 1 2335 36 2 146 142 0.8162 0.8198 165 167
355-1-1-0.05-50-0 1 2335 2 33 141 1 0.8198 0.6893 167 191
355-1-1-0.05-50-0 1 2335 36 37 146 71 0.8162 0.8481 165 127
355-1-1-0.05-50-0 1 2336 36 26 145 83 0.8162 0.8171 165 141
355-1-1-0.05-50-0 1 2336 36 14 145 52 0.8162 0.8451 165 105
355-1-1-0.05-50-0 1 2336 36 36 145 145 0.8162 0.8162 165 165
355-1-1-0.05-50-0 1 2336 1 1 17 17 0.2520 0.2520 409 409
355-1-1-0.05-50-0 1 2336 36 2 144 144 0.8162 0.8198 165 167
355-1-1-0.05-50-0 1 2337 14 25 51 125 0.8451 0.9430 105 125
355-1-1-0.05-50-0 1 2337 14 26 51 84 0.8451 0.8171 105 141
355-1-1-0.05-50-0 1 2337 36 37 137 71 0.8162 0.8481 165 127
355-1-1-0.05-50-0 1 2337 36 2 137 142 0.8162 0.8198 165 167
355-1-1-0.05-50-0 1 2337 36 36 137 137 0.8162 0.8162 165 165
355-1-1-0.05-50-0 1 2337 14 7 51 100 0.8451 0.9267 105 106
355-1-1-0.05-50-0 1 2337 36 37 136 70 0.8162 0.8481 165 127
355-1-1-0.05-50-0 1 2338 41 5 22 1 0.9621 0.0007 105 226
355-1-1-0.05-50-0 1 2338 36 2 140 140 0.8162 0.8198 165 167
355-1-1-0.05-50-0 1 2338 37 18 70 2 0.8481 0.2181 127 226
355-1-1-0.05-50-0 1 2338 36 36 140 140 0.8162 0.8162 165 165
355-1-1-0.05-50-0 1 2338 25 11 122 1 0.9430 0.0504 125 384
355-1-1-0.05-50-0 1 2338 40 46 100 1 0.9739 0.3451 104 327
355-1-1-0.05-50-0 1 2338 14 37 52 70 0.8451 0.8481 105 127
355-1-1-0.05-50-0 1 2339 1 1 16 16 0.2520 0.2520 409 409
355-1-1-0.05-50-0 1 2339 36 2 133 140 0.8162 0.8198 165 167
355-1-1-0.05-50-0 1 2339 1 10 15 14 0.2520 0.2533 409 449
355-1-1-0.05-50-0 1 2339 36 2 133 139 0.8162 0.8198 165 167
355-1-1-0.05-50-0 1 2339 36 36 133 133 0.8162 0.8162 165 165
355-1-1-0.05-50-0 1 2339 10 27 13 149 0.2533 0.0776 449 149
355-1-1-0.05-50-0 1 2340 36 26 131 86 0.8162 0.8171 165 141
355-1-1-0.05-50-0 1 2340 37 18 67 1 0.8481 0.2181 127 226
355-1-1-0.05-50-0 1 2340 36 2 131 140 0.8162 0.8198 165 167
355-1-1-0.05-50-0 1 2340 36 37 131 67 0.8162 0.8481 165 127
355-1-1-0.05-50-0 1 2340 36 37 131 66 0.8162 0.8481 165 127
355-1-1-0.05-50-0 1 2340 14 36 55 131 0.8451 0.8162 105 165
355-1-1-0.05-50-0 1 2340 36 26 130 85 0.8162 0.8171 165 141
355-1-1-0.05-50-0 1 2340 36 37 130 65 0.8162 0.8481 165 127
355-1-1-0.05-50-0 1 2340 1 10 14 13 0.2520 0.2533 409 449
355-1-1-0.05-50-0 1 2341 40 9 104 1 0.9739 0.6134 104 161
355-1-1-0.05-50-0 1 2341 10 27 12 149 0.2533 0.0776 449 149
355-1-1-0.05-50-0 1 2341 36 37 130 65 0.8162 0.8481 165 127
355-1-1-0.05-50-0 1 2342 36 37 130 65 0.8162 0.8481 165 127
355-1-1-0.05-50-0 1 2342 14 13 61 151 0.8451 0.8878 105 151
355-1-1-0.05-50-0 1 2342 36 36 130 130 0.8162 0.8162 165 165
355-1-1-0.05-50-0 1 2342 36 26 129 78 0.8162 0.8171 165 141
355-1-1-0.05-50-0 1 2343 36 2 131 148 0.8162 0.8198 165 167
355-1-1-0.05-50-0 1 2343 36 2 131 147 0.8162 0.8198 165 167
355-1-1-0.05-50-0 1 2344 36 14 130 58 0.8162 0.8451 165 105
355-1-1-0.05-50-0 1 2344 36 36 130 130 0.8162 0.8162 165 165
355-1-1-0.05-50-0 1 2344 36 37 129 64 0.8162 0.8481 165 127
355-1-1-0.05-50-0 1 2344 1 8 13 12 0.2520 0.2506 409 303
355-1-1-0.05-50-0 1 2344 36 36 129 129 0.8162 0.8162 165 165
355-1-1-0.05-50-0 1 2344 36 36 128 128 0.8162 0.8162 165 165
355-1-1-0.05-50-0 1 2344 36 37 127 63 0.8162 0.8481 165 127
355-1-1-0.05-50-0 1 2345 36 36 131 131 0.8162 0.8162 165 165
355-1-1-0.05-50-0 1 2345 36 36 130 130 0.8162 0.8162 165 165
355-1-1-0.05-50-0 1 2346 36 36 131 131 0.8162 0.8162 165 165
355-1-1-0.05-50-0 1 2346 36 14 130 59 0.8162 0.8451 165 105
355-1-1-0.05-50-0 1 2346 36 36 130 130 0.8162 0.8162 165 165
355-1-1-0.05-50-0 1 2346 36 2 129 148 0.8162 0.8198 165 167
355-1-1-0.05-50-0 1 2346 1 10 14 12 0.2520 0.2533 409 449
355-1-1-0.05-50-0 1 2347 19 19 9 9 0.8072 0.8072 134 134
355-1-1-0.05-50-0 1 2347 14 26 57 79 0.8451 0.8171 105 141
355-1-1-0.05-50-0 1 2347 36 36 135 135 0.8162 0.8162 165 165
355-1-1-0.05-50-0 1 2347 14 13 57 151 0.8451 0.8878 105 151
355-1-1-0.05-50-0 1 2347 36 2 134 142 0.8162 0.8198 165 167
355-1-1-0.05-50-0 1 2348 36 26 140 81 0.8162 0.8171 165 141
355-1-1-0.05-50-0 1 2348 36 14 140 55 0.8162 0.8451 165 105
355-1-1-0.05-50-0 1 2348 36 36 140 140 0.8162 0.8162 165 165
355-1-1-0.05-50-0 1 2348 36 2 139 137 0.8162 0.8198 165 167
355-1-1-0.05-50-0 1 2348 36 14 139 54 0.8162 0.8451 165 105
355-1-1-0.05-50-0 1 2349 36 37 138 66 0.8162 0.8481 165 127
355-1-1-0.05-50-0 1 2349 36 2 138 135 0.8162 0.8198 165 167
355-1-1-0.05-50-0 1 2349 36 19 138 6 0.8162 0.8072 165 134
355-1-1-0.05-50-0 1 2349 36 14 138 53 0.8162 0.8451 165 105
355-1-1-0.05-50-0 1 2349 36 2 138 134 0.8162 0.8198 165 167
355-1-1-0.05-50-0 1 2349 14 26 52 82 0.8451 0.8171 105 141
355-1-1-0.05-50-0 1 2350 14 37 53 65 0.8451 0.8481 105 127
355-1-1-0.05-50-0 1 2351 36 36 135 135 0.8162 0.8162 165 165
355-1-1-0.05-50-0 1 2351 14 2 53 141 0.8451 0.8198 105 167
355-1-1-0.05-50-0 1 2351 14 13 53 147 0.8451 0.8878 105 151
355-1-1-0.05-50-0 1 2351 36 37 134 63 0.8162 0.8481 165 127
355-1-1-0.05-50-0 1 2351 36 37 134 62 0.8162 0.8481 165 127
355-1-1-0.05-50-0 1 2351 14 13 53 146 0.8451 0.8878 105 151
355-1-1-0.05-50-0 1 2351 37 39 61 2 0.8481 0.2187 127 309
355-1-1-0.05-50-0 1 2352 40 34 101 2 0.9739 0.7448 104 168
355-1-1-0.05-50-0 1 2352 14 36 51 138 0.8451 0.8162 105 165
355-1-1-0.05-50-0 1 2352 36 36 137 137 0.8162 0.8162 165 165
355-1-1-0.05-50-0 1 2352 14 7 51 105 0.8451 0.9267 105 106
355-1-1-0.05-50-0 1 2352 36 2 136 139 0.8162 0.8198 165 167
355-1-1-0.05-50-0 1 2353 40 34 104 1 0.9739 0.7448 104 168
355-1-1-0.05-50-0 1 2354 36 36 134 134 0.8162 0.8162 165 165
355-1-1-0.05-50-0 1 2354 37 49 67 2 0.8481 0.1842 127 136
355-1-1-0.05-50-0 1 2354 36 14 133 51 0.8162 0.8451 165 105
355-1-1-0.05-50-0 1 2354 36 37 133 67 0.8162 0.8481 165 127
355-1-1-0.05-50-0 1 2354 36 14 133 50 0.8162 0.8451 165 105
355-1-1-0.05-50-0 1 2355 36 37 133 67 0.8162 0.8481 165 127
355-1-1-0.05-50-0 1 2355 36 2 133 145 0.8162 0.8198 165 167
355-1-1-0.05-50-0 1 2355 36 36 133 133 0.8162 0.8162 165 165
355-1-1-0.05-50-0 1 2355 14 26 48 86 0.8451 0.8171 105 141
355-1-1-0.05-50-0 1 2355 36 36 132 132 0.8162 0.8162 165 165
355-1-1-0.05-50-0 1 2355 1 10 18 16 0.2520 0.2533 409 449
355-1-1-0.05-50-0 1 2356 10 27 17 149 0.2533 0.0776 449 149
355-1-1-0.05-50-0 1 2356 36 37 128 67 0.8162 0.8481 165 127
355-1-1-0.05-50-0 1 2356 14 7 50 99 0.8451 0.9267 105 106
355-1-1-0.05-50-0 1 2356 1 18 18 1 0.2520 0.2181 409 226
355-1-1-0.05-50-0 1 2356 36 26 128 83 0.8162 0.8171 165 141
355-1-1-0.05-50-0 1 2356 36 36 128 128 0.8162 0.8162 165 165
355-1-1-0.05-50-0 1 2357 36 14 128 52 0.8162 0.8451 165 105
355-1-1-0.05-50-0 1 2357 40 32 103 2 0.9739 0.6514 104 215
355-1-1-0.05-50-0 1 2357 10 27 18 148 0.2533 0.0776 449 149
355-1-1-0.05-50-0 1 2357 2 9 142 1 0.8198 0.6134 167 161
355-1-1-0.05-50-0 1 2357 1 1 18 18 0.2520 0.2520 409 409
355-1-1-0.05-50-0 1 2358 36 14 132 52 0.8162 0.8451 165 105
355-1-1-0.05-50-0 1 2358 14 41 51 22 0.8451 0.9621 105 105
355-1-1-0.05-50-0 1 2358 36 36 132 132 0.8162 0.8162 165 165
355-1-1-0.05-50-0 1 2358 36 36 131 131 0.8162 0.8162 165 165
355-1-1-0.05-50-0 1 2358 36 37 130 66 0.8162 0.8481 165 127
355-1-1-0.05-50-0 1 2358 36 36 130 130 0.8162 0.8162 165 165
355-1-1-0.05-50-0 1 2359 10 27 19 149 0.2533 0.0776 449 149
355-1-1-0.05-50-0 1 2359 36 26 127 79 0.8162 0.8171 165 141
355-1-1-0.05-50-0 1 2359 36 2 127 138 0.8162 0.8198 165 167
355-1-1-0.05-50-0 1 2359 36 37 127 64 0.8162 0.8481 165 127
355-1-1-0.05-50-0 1 2359 36 36 127 127 0.8162 0.8162 165 165
355-1-1-0.05-50-0 1 2360 36 14 128 50 0.8162 0.8451 165 105
355-1-1-0.05-50-0 1 2360 36 2 128 140 0.8162 0.8198 165 167
355-1-1-0.05-50-0 1 2360 36 26 128 74 0.8162 0.8171 165 141
355-1-1-0.05-50-0 1 2360 1 10 16 19 0.2520 0.2533 409 449
355-1-1-0.05-50-0 1 2361 1 1 19 19 0.2520 0.2520 409 409
355-1-1-0.05-50-0 1 2361 36 36 129 129 0.8162 0.8162 165 165
355-1-1-0.05-50-0 1 2361 36 2 128 138 0.8162 0.8198 165 167
355-1-1-0.05-50-0 1 2361 14 47 47 43 0.8451 0.9293 105 103
355-1-1-0.05-50-0 1 2361 36 2 128 137 0.8162 0.8198 165 167
355-1-1-0.05-50-0 1 2362 36 14 127 46 0.8162 0.8451 165 105
355-1-1-0.05-50-0 1 2362 36 37 127 59 0.8162 0.8481 165 127
355-1-1-0.05-50-0 1 2362 10 27 17 149 0.2533 0.0776 449 149
355-1-1-0.05-50-0 1 2362 36 36 127 127 0.8162 0.8162 165 165
355-1-1-0.05-50-0 1 2362 10 27 17 148 0.2533 0.0776 449 149
355-1-1-0.05-50-0 1 2363 40 42 104 1 0.9739 0.7447 104 106
355-1-1-0.05-50-0 1 2363 14 36 46 126 0.8451 0.8162 105 165
355-1-1-0.05-50-0 1 2363 40 45 104 2 0.9739 0.3816 104 173
355-1-1-0.05-50-0 1 2363 36 36 125 125 0.8162 0.8162 165 165
355-1-1-0.05-50-0 1 2363 36 2 124 142 0.8162 0.8198 165 167
355-1-1-0.05-50-0 1 2363 36 36 124 124 0.8162 0.8162 165 165
355-1-1-0.05-50-0 1 2363 14 25 46 125 0.8451 0.9430 105 125
355-1-1-0.05-50-0 1 2363 36 36 123 123 0.8162 0.8162 165 165
355-1-1-0.05-50-0 1 2364 1 10 16 17 0.2520 0.2533 409 449
355-1-1-0.05-50-0 1 2364 14 36 47 124 0.8451 0.8162 105 165
355-1-1-0.05-50-0 1 2364 36 14 123 47 0.8162 0.8451 165 105
355-1-1-0.05-50-0 1 2364 37 49 59 3 0.8481 0.1842 127 136
355-1-1-0.05-50-0 1 2364 36 2 123 143 0.8162 0.8198 165 167
355-1-1-0.05-50-0 1 2364 40 45 104 1 0.9739 0.3816 104 173
355-1-1-0.05-50-0 1 2365 36 36 128 128 0.8162 0.8162 165 165
355-1-1-0.05-50-0 1 2365 1 10 17 18 0.2520 0.2533 409 449
355-1-1-0.05-50-0 1 2365 36 26 127 78 0.8162 0.8171 165 141
355-1-1-0.05-50-0 1 2365 14 40 49 104 0.8451 0.9739 105 104
355-1-1-0.05-50-0 1 2365 37 39 55 2 0.8481 0.2187 127 309
355-1-1-0.05-50-0 1 2365 36 36 127 127 0.8162 0.8162 165 165
355-1-1-0.05-50-0 1 2365 26 46 77 1 0.8171 0.3451 141 327
355-1-1-0.05-50-0 1 2366 36 14 127 48 0.8162 0.8451 165 105
355-1-1-0.05-50-0 1 2366 36 14 127 47 0.8162 0.8451 165 105
355-1-1-0.05-50-0 1 2366 10 27 16 149 0.2533 0.0776 449 149
355-1-1-0.05-50-0 1 2366 36 2 127 144 0.8162 0.8198 165 167
355-1-1-0.05-50-0 1 2366 36 14 127 46 0.8162 0.8451 165 105
355-1-1-0.05-50-0 1 2367 36 26 128 78 0.8162 0.8171 165 141
355-1-1-0.05-50-0 1 2367 14 36 48 128 0.8451 0.8162 105 165
355-1-1-0.05-50-0 1 2367 14 13 48 144 0.8451 0.8878 105 151
355-1-1-0.05-50-0 1 2367 36 2 127 146 0.8162 0.8198 165 167
355-1-1-0.05-50-0 1 2367 36 14 127 48 0.8162 0.8451 165 105
355-1-1-0.05-50-0 1 2367 37 39 61 1 0.8481 0.2187 127 309
355-1-1-0.05-50-0 1 2368 36 2 133 148 0.8162 0.8198 165 167
355-1-1-0.05-50-0 1 2368 14 47 47 42 0.8451 0.9293 105 103
355-1-1-0.05-50-0 1 2368 1 1 18 18 0.2520 0.2520 409 409
355-1-1-0.05-50-0 1 2368 1 10 17 15 0.2520 0.2533 409 449
355-1-1-0.05-50-0 1 2368 37 49 59 3 0.8481 0.1842 127 136
355-1-1-0.05-50-0 1 2369 36 26 134 71 0.8162 0.8171 165 141
355-1-1-0.05-50-0 1 2369 10 27 15 149 0.2533 0.0776 449 149
355-1-1-0.05-50-0 1 2369 36 2 134 143 0.8162 0.8198 165 167
355-1-1-0.05-50-0 1 2369 36 36 134 134 0.8162 0.8162 165 165
355-1-1-0.05-50-0 1 2369 14 13 48 138 0.8451 0.8878 105 151
355-1-1-0.05-50-0 1 2369 36 2 133 142 0.8162 0.8198 165 167
355-1-1-0.05-50-0 1 2369 36 14 133 48 0.8162 0.8451 165 105
355-1-1-0.05-50-0 1 2369 36 2 133 141 0.8162 0.8198 165 167
355-1-1-0.05-50-0 1 2369 14 2 47 140 0.8451 0.8198 105 167
355-1-1-0.05-50-0 1 2369 36 2 133 139 0.8162 0.8198 165 167
355-1-1-0.05-50-0 1 2369 36 37 133 54 0.8162 0.8481 165 127
355-1-1-0.05-50-0 1 2370 1 8 18 11 0.2520 0.2506 409 303
355-1-1-0.05-50-0 1 2370 36 2 133 141 0.8162 0.8198 165 167
355-1-1-0.05-50-0 1 2370 14 25 47 125 0.8451 0.9430 105 125
355-1-1-0.05-50-0 1 2370 36 26 133 73 0.8162 0.8171 165 141
355-1-1-0.05-50-0 1 2370 36 36 133 133 0.8162 0.8162 165 165
355-1-1-0.05-50-0 1 2370 10 27 17 149 0.2533 0.0776 449 149
355-1-1-0.05-50-0 1 2370 2 32 140 2 0.8198 0.6514 167 215
355-1-1-0.05-50-0 1 2371 36 2 132 138 0.8162 0.8198 165 167
355-1-1-0.05-50-0 1 2371 36 2 132 137 0.8162 0.8198 165 167
355-1-1-0.05-50-0 1 2371 36 36 132 132 0.8162 0.8162 165 165
355-1-1-0.05-50-0 1 2371 14 13 48 141 0.8451 0.8878 105 151
355-1-1-0.05-50-0 1 2371 36 2 131 136 0.8162 0.8198 165 167
355-1-1-0.05-50-0 1 2371 36 26 131 72 0.8162 0.8171 165 141
355-1-1-0.05-50-0 1 2371 14 14 48 48 0.8451 0.8451 105 105
355-1-1-0.05-50-0 1 2372 36 2 133 138 0.8162 0.8198 165 167
355-1-1-0.05-50-0 1 2372 40 32 104 1 0.9739 0.6514 104 215
355-1-1-0.05-50-0 1 2372 10 27 18 149 0.2533 0.0776 449 149
355-1-1-0.05-50-0 1 2373 1 1 18 18 0.2520 0.2520 409 409
355-1-1-0.05-50-0 1 2373 14 25 43 125 0.8451 0.9430 105 125
355-1-1-0.05-50-0 1 2373 10 27 17 141 0.2533 0.0776 449 149
355-1-1-0.05-50-0 1 2373 36 26 133 65 0.8162 0.8171 165 141
355-1-1-0.05-50-0 1 2373 25 11 124 2 0.9430 0.0504 125 384
355-1-1-0.05-50-0 1 2373 25 11 124 1 0.9430 0.0504 125 384
355-1-1-0.05-50-0 1 2373 36 37 133 51 0.8162 0.8481 165 127
355-1-1-0.05-50-0 1 2374 36 26 137 65 0.8162 0.8171 165 141
355-1-1-0.05-50-0 1 2375 36 37 139 52 0.8162 0.8481 165 127
355-1-1-0.05-50-0 1 2375 14 2 38 142 0.8451 0.8198 105 167
355-1-1-0.05-50-0 1 2375 14 20 38 17 0.8451 0.9922 105 102
355-1-1-0.05-50-0 1 2375 36 14 139 38 0.8162 0.8451 165 105
355-1-1-0.05-50-0 1 2375 36 37 139 51 0.8162 0.8481 165 127
355-1-1-0.05-50-0 1 2376 36 36 136 136 0.8162 0.8162 165 165
355-1-1-0.05-50-0 1 2376 36 36 135 135 0.8162 0.8162 165 165
355-1-1-0.05-50-0 1 2376 2 21 142 1 0.8198 0.4184 167 158
355-1-1-0.05-50-0 1 2377 7 31 100 1 0.9267 0.5626 106 252
355-1-1-0.05-50-0 1 2377 37 49 51 3 0.8481 0.1842 127 136
355-1-1-0.05-50-0 1 2377 36 36 141 141 0.8162 0.8162 165 165
355-1-1-0.05-50-0 1 2377 14 26 36 71 0.8451 0.8171 105 141
355-1-1-0.05-50-0 1 2377 36 14 140 36 0.8162 0.8451 165 105
355-1-1-0.05-50-0 1 2377 14 7 35 100 0.8451 0.9267 105 106
355-1-1-0.05-50-0 1 2377 37 49 51 2 0.8481 0.1842 127 136
355-1-1-0.05-50-0 1 2377 36 2 140 141 0.8162 0.8198 165 167
355-1-1-0.05-50-0 1 2377 10 27 14 139 0.2533 0.0776 449 149
355-1-1-0.05-50-0 1 2377 14 41 35 19 0.8451 0.9621 105 105
355-1-1-0.05-50-0 1 2378 10 27 15 141 0.2533 0.0776 449 149
355-1-1-0.05-50-0 1 2378 36 36 147 147 0.8162 0.8162 165 165
355-1-1-0.05-50-0 1 2378 10 27 15 140 0.2533 0.0776 449 149
355-1-1-0.05-50-0 1 2379 36 2 149 149 0.8162 0.8198 165 167
355-1-1-0.05-50-0 1 2379 36 2 149 148 0.8162 0.8198 165 167
355-1-1-0.05-50-0 1 2380 14 7 36 106 0.8451 0.9267 105 106
355-1-1-0.05-50-0 1 2380 25 35 121 1 0.9430 0.0354 125 158
355-1-1-0.05-50-0 1 2380 36 36 152 152 0.8162 0.8162 165 165
355-1-1-0.05-50-0 1 2380 36 2 151 153 0.8162 0.8198 165 167
355-1-1-0.05-50-0 1 2380 36 37 151 51 0.8162 0.8481 165 127
355-1-1-0.05-50-0 1 2380 14 47 36 46 0.8451 0.9293 105 103
355-1-1-0.05-50-0 1 2380 36 2 151 152 0.8162 0.8198 165 167
355-1-1-0.05-50-0 1 2381 36 26 149 70 0.8162 0.8171 165 141
355-1-1-0.05-50-0 1 2381 36 14 149 37 0.8162 0.8451 165 105
355-1-1-0.05-50-0 1 2381 36 43 149 7 0.8162 0.8316 165 123
355-1-1-0.05-50-0 1 2381 14 2 36 149 0.8451 0.8198 105 167
355-1-1-0.05-50-0 1 2382 36 2 149 151 0.8162 0.8198 165 167
355-1-1-0.05-50-0 1 2382 36 2 149 150 0.8162 0.8198 165 167
355-1-1-0.05-50-0 1 2382 36 2 149 149 0.8162 0.8198 165 167
355-1-1-0.05-50-0 1 2383 36 37 151 54 0.8162 0.8481 165 127
355-1-1-0.05-50-0 1 2383 1 49 27 1 0.2520 0.1842 409 136
355-1-1-0.05-50-0 1 2383 36 2 151 152 0.8162 0.8198 165 167
355-1-1-0.05-50-0 1 2384 36 14 150 38 0.8162 0.8451 165 105
355-1-1-0.05-50-0 1 2384 1 1 28 28 0.2520 0.2520 409 409
355-1-1-0.05-50-0 1 2384 14 7 37 106 0.8451 0.9267 105 106
355-1-1-0.05-50-0 1 2385 41 4 19 1 0.9621 0.0723 105 351
355-1-1-0.05-50-0 1 2385 36 36 144 144 0.8162 0.8162 165 165
355-1-1-0.05-50-0 1 2385 1 1 28 28 0.2520 0.2520 409 409
355-1-1-0.05-50-0 1 2385 36 14 143 39 0.8162 0.8451 165 105
355-1-1-0.05-50-0 1 2386 36 2 143 151 0.8162 0.8198 165 167
355-1-1-0.05-50-0 1 2386 37 16 58 1 0.8481 0.2228 127 149
355-1-1-0.05-50-0 1 2386 36 2 143 150 0.8162 0.8198 165 167
355-1-1-0.05-50-0 1 2386 36 14 143 38 0.8162 0.8451 165 105
355-1-1-0.05-50-0 1 2386 40 44 90 1 0.9739 0.7034 104 118
355-1-1-0.05-50-0 1 2386 36 26 143 70 0.8162 0.8171 165 141
355-1-1-0.05-50-0 1 2387 36 2 137 149 0.8162 0.8198 165 167
355-1-1-0.05-50-0 1 2387 36 2 137 148 0.8162 0.8198 165 167
355-1-1-0.05-50-0 1 2387 14 26 38 68 0.8451 0.8171 105 141
355-1-1-0.05-50-0 1 2387 36 26 137 67 0.8162 0.8171 165 141
355-1-1-0.05-50-0 1 2388 37 18 58 1 0.8481 0.2181 127 226
355-1-1-0.05-50-0 1 2388 36 36 141 141 0.8162 0.8162 165 165
355-1-1-0.05-50-0 1 2388 25 11 122 1 0.9430 0.0504 125 384
355-1-1-0.05-50-0 1 2388 14 7 38 106 0.8451 0.9267 105 106
355-1-1-0.05-50-0 1 2389 40 3 89 1 0.9739 0.4813 104 321
355-1-1-0.05-50-0 1 2389 36 37 137 58 0.8162 0.8481 165 127
355-1-1-0.05-50-0 1 2389 10 27 20 149 0.2533 0.0776 449 149
355-1-1-0.05-50-0 1 2389 1 1 30 30 0.2520 0.2520 409 409
355-1-1-0.05-50-0 1 2389 10 27 20 148 0.2533 0.0776 449 149
355-1-1-0.05-50-0 1 2389 36 36 137 137 0.8162 0.8162 165 165
355-1-1-0.05-50-0 1 2390 36 37 139 58 0.8162 0.8481 165 127
355-1-1-0.05-50-0 1 2390 1 1 31 31 0.2520 0.2520 409 409
355-1-1-0.05-50-0 1 2390 36 26 139 72 0.8162 0.8171 165 141
355-1-1-0.05-50-0 1 2390 36 26 139 71 0.8162 0.8171 165 141
355-1-1-0.05-50-0 1 2390 36 26 139 70 0.8162 0.8171 165 141
355-1-1-0.05-50-0 1 2391 10 27 15 149 0.2533 0.0776 449 149
355-1-1-0.05-50-0 1 2391 1 10 30 15 0.2520 0.2533 409 449
355-1-1-0.05-50-0 1 2391 1 1 30 30 0.2520 0.2520 409 409
355-1-1-0.05-50-0 1 2391 10 27 14 148 0.2533 0.0776 449 149
355-1-1-0.05-50-0 1 2392 40 42 85 1 0.9739 0.7447 104 106
355-1-1-0.05-50-0 1 2392 1 10 28 13 0.2520 0.2533 409 449
355-1-1-0.05-50-0 1 2392 14 2 34 144 0.8451 0.8198 105 167
355-1-1-0.05-50-0 1 2392 36 36 133 133 0.8162 0.8162 165 165
355-1-1-0.05-50-0 1 2392 36 14 132 34 0.8162 0.8451 165 105
355-1-1-0.05-50-0 1 2392 14 36 33 132 0.8451 0.8162 105 165
355-1-1-0.05-50-0 1 2393 14 13 33 148 0.8451 0.8878 105 151
355-1-1-0.05-50-0 1 2393 2 6 143 2 0.8198 0.4266 167 249
355-1-1-0.05-50-0 1 2393 36 26 134 66 0.8162 0.8171 165 141
355-1-1-0.05-50-0 1 2394 36 36 132 132 0.8162 0.8162 165 165
355-1-1-0.05-50-0 1 2394 36 26 131 64 0.8162 0.8171 165 141
355-1-1-0.05-50-0 1 2394 36 36 131 131 0.8162 0.8162 165 165
355-1-1-0.05-50-0 1 2394 37 16 57 1 0.8481 0.2228 127 149
355-1-1-0.05-50-0 1 2394 36 36 130 130 0.8162 0.8162 165 165
355-1-1-0.05-50-0 1 2394 40 6 83 1 0.9739 0.4266 104 249
355-1-1-0.05-50-0 1 2395 36 26 128 64 0.8162 0.8171 165 141
355-1-1-0.05-50-0 1 2395 14 36 33 128 0.8451 0.8162 105 165
355-1-1-0.05-50-0 1 2395 36 2 127 149 0.8162 0.8198 165 167
355-1-1-0.05-50-0 1 2396 36 36 136 136 0.8162 0.8162 165 165
355-1-1-0.05-50-0 1 2396 36 2 135 147 0.8162 0.8198 165 167
355-1-1-0.05-50-0 1 2397 36 37 134 59 0.8162 0.8481 165 127
355-1-1-0.05-50-0 1 2397 14 13 33 151 0.8451 0.8878 105 151
355-1-1-0.05-50-0 1 2397 36 36 134 134 0.8162 0.8162 165 165
355-1-1-0.05-50-0 1 2397 36 14 133 33 0.8162 0.8451 165 105
355-1-1-0.05-50-0 1 2397 1 10 30 13 0.2520 0.2533 409 449
355-1-1-0.05-50-0 1 2398 14 36 31 131 0.8451 0.8162 105 165
355-1-1-0.05-50-0 1 2398 36 37 130 57 0.8162 0.8481 165 127
355-1-1-0.05-50-0 1 2398 14 36 31 130 0.8451 0.8162 105 165
355-1-1-0.05-50-0 1 2398 10 27 11 148 0.2533 0.0776 449 149
355-1-1-0.05-50-0 1 2399 1 10 31 10 0.2520 0.2533 409 449
355-1-1-0.05-50-0 1 2399 36 36 129 129 0.8162 0.8162 165 165
355-1-1-0.05-50-0 1 2399 36 2 128 151 0.8162 0.8198 165 167
355-1-1-0.05-50-0 1 2400 36 2 129 149 0.8162 0.8198 165 167
355-1-1-0.05-50-0 1 2400 36 2 129 148 0.8162 0.8198 165 167
355-1-1-0.05-50-0 1 2400 1 10 31 10 0.2520 0.2533 409 449
355-1-1-0.05-50-0 1 2401 36 36 131 131 0.8162 0.8162 165 165
355-1-1-0.05-50-0 1 2401 36 2 130 150 0.8162 0.8198 165 167
355-1-1-0.05-50-0 1 2401 14 7 33 94 0.8451 0.9267 105 106
355-1-1-0.05-50-0 1 2401 36 2 130 149 0.8162 0.8198 165 167
355-1-1-0.05-50-0 1 2401 36 26 130 65 0.8162 0.8171 165 141
355-1-1-0.05-50-0 1 2402 2 32 148 1 0.8198 0.6514 167 215
355-1-1-0.05-50-0 1 2402 1 1 34 34 0.2520 0.2520 409 409
355-1-1-0.05-50-0 1 2402 1 1 33 33 0.2520 0.2520 409 409
355-1-1-0.05-50-0 1 2402 36 14 130 32 0.8162 0.8451 165 105
355-1-1-0.05-50-0 1 2402 36 2 130 148 0.8162 0.8198 165 167
355-1-1-0.05-50-0 1 2403 10 27 7 148 0.2533 0.0776 449 149
355-1-1-0.05-50-0 1 2403 14 37 31 61 0.8451 0.8481 105 127
355-1-1-0.05-50-0 1 2403 36 2 125 144 0.8162 0.8198 165 167
355-1-1-0.05-50-0 1 2403 36 2 125 143 0.8162 0.8198 165 167
355-1-1-0.05-50-0 1 2403 1 8 32 7 0.2520 0.2506 409 303
355-1-1-0.05-50-0 1 2403 36 26 125 66 0.8162 0.8171 165 141
355-1-1-0.05-50-0 1 2403 36 36 125 125 0.8162 0.8162 165 165
355-1-1-0.05-50-0 1 2404 36 36 125 125 0.8162 0.8162 165 165
355-1-1-0.05-50-0 1 2404 36 2 124 141 0.8162 0.8198 165 167
355-1-1-0.05-50-0 1 2404 1 1 33 33 0.2520 0.2520 409 409
355-1-1-0.05-50-0 1 2404 41 5 17 2 0.9621 0.0007 105 226
355-1-1-0.05-50-0 1 2404 1 1 32 32 0.2520 0.2520 409 409
355-1-1-0.05-50-0 1 2404 36 14 124 33 0.8162 0.8451 165 105
355-1-1-0.05-50-0 1 2405 36 2 125 141 0.8162 0.8198 165 167
355-1-1-0.05-50-0 1 2405 36 2 125 140 0.8162 0.8198 165 167
355-1-1-0.05-50-0 1 2406 36 36 129 129 0.8162 0.8162 165 165
355-1-1-0.05-50-0 1 2406 2 33 137 1 0.8198 0.6893 167 191
355-1-1-0.05-50-0 1 2406 1 1 34 34 0.2520 0.2520 409 409
355-1-1-0.05-50-0 1 2406 1 1 33 33 0.2520 0.2520 409 409
355-1-1-0.05-50-0 1 2406 40 34 80 1 0.9739 0.7448 104 168
355-1-1-0.05-50-0 1 2407 36 2 126 140 0.8162 0.8198 165 167
355-1-1-0.05-50-0 1 2407 36 26 126 63 0.8162 0.8171 165 141
355-1-1-0.05-50-0 1 2407 37 50 65 2 0.8481 0.2147 127 147
355-1-1-0.05-50-0 1 2407 36 26 126 62 0.8162 0.8171 165 141
355-1-1-0.05-50-0 1 2408 36 14 124 33 0.8162 0.8451 165 105
355-1-1-0.05-50-0 1 2408 36 2 124 143 0.8162 0.8198 165 167
355-1-1-0.05-50-0 1 2408 1 1 35 35 0.2520 0.2520 409 409
355-1-1-0.05-50-0 1 2408 36 26 124 61 0.8162 0.8171 165 141
355-1-1-0.05-50-0 1 2408 36 26 124 60 0.8162 0.8171 165 141
355-1-1-0.05-50-0 1 2409 36 2 129 144 0.8162 0.8198 165 167
355-1-1-0.05-50-0 1 2409 37 12 73 1 0.8481 0.1896 127 325
355-1-1-0.05-50-0 1 2409 36 2 129 143 0.8162 0.8198 165 167
355-1-1-0.05-50-0 1 2409 1 1 36 36 0.2520 0.2520 409 409
355-1-1-0.05-50-0 1 2410 37 16 72 1 0.8481 0.2228 127 149
355-1-1-0.05-50-0 1 2410 36 2 123 143 0.8162 0.8198 165 167
355-1-1-0.05-50-0 1 2410 36 2 123 142 0.8162 0.8198 165 167
355-1-1-0.05-50-0 1 2410 36 14 123 33 0.8162 0.8451 165 105
355-1-1-0.05-50-0 1 2410 36 2 123 141 0.8162 0.8198 165 167
355-1-1-0.05-50-0 1 2411 36 36 125 125 0.8162 0.8162 165 165
355-1-1-0.05-50-0 1 2411 1 23 36 2 0.2520 0.1698 409 476
355-1-1-0.05-50-0 1 2412 26 28 62 1 0.8171 0.3846 141 311
355-1-1-0.05-50-0 1 2412 37 39 73 1 0.8481 0.2187 127 309
355-1-1-0.05-50-0 1 2412 36 14 120 31 0.8162 0.8451 165 105
355-1-1-0.05-50-0 1 2412 36 36 120 120 0.8162 0.8162 165 165
355-1-1-0.05-50-0 1 2413 36 36 120 120 0.8162 0.8162 165 165
355-1-1-0.05-50-0 1 2413 36 37 119 70 0.8162 0.8481 165 127
355-1-1-0.05-50-0 1 2413 41 35 21 1 0.9621 0.0354 105 158
355-1-1-0.05-50-0 1 2413 36 2 119 148 0.8162 0.8198 165 167
355-1-1-0.05-50-0 1 2413 36 37 119 69 0.8162 0.8481 165 127
355-1-1-0.05-50-0 1 2413 36 26 119 63 0.8162 0.8171 165 141
355-1-1-0.05-50-0 1 2413 36 37 119 68 0.8162 0.8481 165 127
355-1-1-0.05-50-0 1 2414 36 36 119 119 0.8162 0.8162 165 165
355-1-1-0.05-50-0 1 2414 36 2 118 148 0.8162 0.8198 165 167
355-1-1-0.05-50-0 1 2414 10 27 5 149 0.2533 0.0776 449 149
355-1-1-0.05-50-0 1 2415 36 2 125 152 0.8162 0.8198 165 167
355-1-1-0.05-50-0 1 2415 36 37 125 70 0.8162 0.8481 165 127
355-1-1-0.05-50-0 1 2415 1 8 37 5 0.2520 0.2506 409 303
355-1-1-0.05-50-0 1 2415 25 22 118 2 0.9430 0.0160 125 311
355-1-1-0.05-50-0 1 2415 36 26 125 63 0.8162 0.8171 165 141
355-1-1-0.05-50-0 1 2416 14 2 33 151 0.8451 0.8198 105 167
355-1-1-0.05-50-0 1 2416 36 37 129 68 0.8162 0.8481 165 127
355-1-1-0.05-50-0 1 2416 14 13 33 149 0.8451 0.8878 105 151
355-1-1-0.05-50-0 1 2417 36 26 134 59 0.8162 0.8171 165 141
355-1-1-0.05-50-0 1 2417 25 22 124 1 0.9430 0.0160 125 311
355-1-1-0.05-50-0 1 2417 36 2 134 162 0.8162 0.8198 165 167
355-1-1-0.05-50-0 1 2417 1 1 39 39 0.2520 0.2520 409 409
355-1-1-0.05-50-0 1 2417 36 14 134 33 0.8162 0.8451 165 105
355-1-1-0.05-50-0 1 2417 36 2 134 161 0.8162 0.8198 165 167
355-1-1-0.05-50-0 1 2417 1 10 38 6 0.2520 0.2533 409 449
355-1-1-0.05-50-0 1 2418 14 13 32 151 0.8451 0.8878 105 151
355-1-1-0.05-50-0 1 2418 36 2 133 161 0.8162 0.8198 165 167
355-1-1-0.05-50-0 1 2418 37 23 64 2 0.8481 0.1698 127 476
355-1-1-0.05-50-0 1 2418 1 1 40 40 0.2520 0.2520 409 409
355-1-1-0.05-50-0 1 2418 2 3 160 1 0.8198 0.4813 167 321
355-1-1-0.05-50-0 1 2418 14 26 32 59 0.8451 0.8171 105 141
355-1-1-0.05-50-0 1 2418 1 1 39 39 0.2520 0.2520 409 409
355-1-1-0.05-50-0 1 2418 36 14 133 32 0.8162 0.8451 165 105
355-1-1-0.05-50-0 1 2419 36 26 129 62 0.8162 0.8171 165 141
355-1-1-0.05-50-0 1 2419 36 37 129 65 0.8162 0.8481 165 127
355-1-1-0.05-50-0 1 2419 1 1 38 38 0.2520 0.2520 409 409
355-1-1-0.05-50-0 1 2419 36 37 129 64 0.8162 0.8481 165 127
355-1-1-0.05-50-0 1 2421 14 7 29 84 0.8451 0.9267 105 106
355-1-1-0.05-50-0 1 2421 36 37 137 63 0.8162 0.8481 165 127
355-1-1-0.05-50-0 1 2421 10 27 7 148 0.2533 0.0776 449 149
355-1-1-0.05-50-0 1 2422 14 40 30 85 0.8451 0.9739 105 104
355-1-1-0.05-50-0 1 2422 36 36 142 142 0.8162 0.8162 165 165
355-1-1-0.05-50-0 1 2422 36 2 141 167 0.8162 0.8198 165 167
355-1-1-0.05-50-0 1 2422 36 36 141 141 0.8162 0.8162 165 165
355-1-1-0.05-50-0 1 2423 1 10 39 7 0.2520 0.2533 409 449
355-1-1-0.05-50-0 1 2423 36 2 141 161 0.8162 0.8198 165 167
355-1-1-0.05-50-0 1 2423 36 2 141 160 0.8162 0.8198 165 167
355-1-1-0.05-50-0 1 2423 36 2 141 159 0.8162 0.8198 165 167
355-1-1-0.05-50-0 1 2423 36 2 141 158 0.8162 0.8198 165 167
355-1-1-0.05-50-0 1 2423 36 26 141 64 0.8162 0.8171 165 141
355-1-1-0.05-50-0 1 2424 36 36 144 144 0.8162 0.8162 165 165
355-1-1-0.05-50-0 1 2424 37 16 68 1 0.8481 0.2228 127 149
355-1-1-0.05-50-0 1 2424 1 1 39 39 0.2520 0.2520 409 409
355-1-1-0.05-50-0 1 2424 36 2 143 159 0.8162 0.8198 165 167
355-1-1-0.05-50-0 1 2424 36 26 143 63 0.8162 0.8171 165 141
355-1-1-0.05-50-0 1 2424 36 14 143 33 0.8162 0.8451 165 105
355-1-1-0.05-50-0 1 2424 36 2 143 158 0.8162 0.8198 165 167
355-1-1-0.05-50-0 1 2424 36 37 143 68 0.8162 0.8481 165 127
355-1-1-0.05-50-0 1 2424 36 36 143 143 0.8162 0.8162 165 165
355-1-1-0.05-50-0 1 2424 37 12 67 2 0.8481 0.1896 127 325
355-1-1-0.05-50-0 1 2425 1 1 38 38 0.2520 0.2520 409 409
355-1-1-0.05-50-0 1 2425 36 14 145 31 0.8162 0.8451 165 105
355-1-1-0.05-50-0 1 2425 2 33 155 1 0.8198 0.6893 167 191
355-1-1-0.05-50-0 1 2425 36 36 145 145 0.8162 0.8162 165 165
355-1-1-0.05-50-0 1 2425 36 43 144 11 0.8162 0.8316 165 123
355-1-1-0.05-50-0 1 2426 36 43 140 10 0.8162 0.8316 165 123
355-1-1-0.05-50-0 1 2426 36 2 140 157 0.8162 0.8198 165 167
355-1-1-0.05-50-0 1 2426 36 26 140 71 0.8162 0.8171 165 141
355-1-1-0.05-50-0 1 2426 36 2 140 156 0.8162 0.8198 165 167
355-1-1-0.05-50-0 1 2426 36 36 140 140 0.8162 0.8162 165 165
355-1-1-0.05-50-0 1 2426 36 36 139 139 0.8162 0.8162 165 165
355-1-1-0.05-50-0 1 2426 36 36 138 138 0.8162 0.8162 165 165
355-1-1-0.05-50-0 1 2427 14 40 31 74 0.8451 0.9739 105 104
355-1-1-0.05-50-0 1 2427 14 13 31 145 0.8451 0.8878 105 151
355-1-1-0.05-50-0 1 2428 36 37 142 62 0.8162 0.8481 165 127
355-1-1-0.05-50-0 1 2428 36 2 142 160 0.8162 0.8198 165 167
355-1-1-0.05-50-0 1 2428 37 24 61 2 0.8481 0.1940 127 254
355-1-1-0.05-50-0 1 2429 36 2 142 165 0.8162 0.8198 165 167
355-1-1-0.05-50-0 1 2429 36 2 142 164 0.8162 0.8198 165 167
355-1-1-0.05-50-0 1 2429 36 37 142 58 0.8162 0.8481 165 127
355-1-1-0.05-50-0 1 2429 36 36 142 142 0.8162 0.8162 165 165
355-1-1-0.05-50-0 1 2430 36 26 143 61 0.8162 0.8171 165 141
355-1-1-0.05-50-0 1 2430 36 37 143 59 0.8162 0.8481 165 127
355-1-1-0.05-50-0 1 2430 1 1 40 40 0.2520 0.2520 409 409
355-1-1-0.05-50-0 1 2430 14 40 30 71 0.8451 0.9739 105 104
355-1-1-0.05-50-0 1 2430 14 36 30 143 0.8451 0.8162 105 165
355-1-1-0.05-50-0 1 2431 36 2 142 163 0.8162 0.8198 165 167
355-1-1-0.05-50-0 1 2431 1 1 42 42 0.2520 0.2520 409 409
355-1-1-0.05-50-0 1 2431 36 36 142 142 0.8162 0.8162 165 165
355-1-1-0.05-50-0 1 2431 36 2 141 162 0.8162 0.8198 165 167
355-1-1-0.05-50-0 1 2432 36 2 140 165 0.8162 0.8198 165 167
355-1-1-0.05-50-0 1 2432 36 37 140 53 0.8162 0.8481 165 127
355-1-1-0.05-50-0 1 2432 1 12 41 1 0.2520 0.1896 409 325
355-1-1-0.05-50-0 1 2432 36 2 140 164 0.8162 0.8198 165 167
355-1-1-0.05-50-0 1 2432 2 9 163 1 0.8198 0.6134 167 161
355-1-1-0.05-50-0 1 2432 36 26 140 63 0.8162 0.8171 165 141
355-1-1-0.05-50-0 1 2433 41 5 19 2 0.9621 0.0007 105 226
355-1-1-0.05-50-0 1 2433 1 1 40 40 0.2520 0.2520 409 409
355-1-1-0.05-50-0 1 2433 37 24 50 1 0.8481 0.1940 127 254
355-1-1-0.05-50-0 1 2433 14 13 43 148 0.8451 0.8878 105 151
355-1-1-0.05-50-0 1 2433 36 14 143 43 0.8162 0.8451 165 105
355-1-1-0.05-50-0 1 2433 36 14 143 42 0.8162 0.8451 165 105
355-1-1-0.05-50-0 1 2433 36 2 143 164 0.8162 0.8198 165 167
355-1-1-0.05-50-0 1 2434 36 2 141 165 0.8162 0.8198 165 167
355-1-1-0.05-50-0 1 2434 36 36 141 141 0.8162 0.8162 165 165
355-1-1-0.05-50-0 1 2434 36 2 140 164 0.8162 0.8198 165 167
355-1-1-0.05-50-0 1 2434 36 14 140 37 0.8162 0.8451 165 105
355-1-1-0.05-50-0 1 2434 36 2 140 163 0.8162 0.8198 165 167
355-1-1-0.05-50-0 1 2434 36 26 140 65 0.8162 0.8171 165 141
355-1-1-0.05-50-0 1 2435 1 10 41 8 0.2520 0.2533 409 449
355-1-1-0.05-50-0 1 2435 1 1 41 41 0.2520 0.2520 409 409
355-1-1-0.05-50-0 1 2435 36 2 144 163 0.8162 0.8198 165 167
355-1-1-0.05-50-0 1 2435 36 14 144 38 0.8162 0.8451 165 105
355-1-1-0.05-50-0 1 2435 14 36 37 144 0.8451 0.8162 105 165
355-1-1-0.05-50-0 1 2436 2 21 167 1 0.8198 0.4184 167 158
355-1-1-0.05-50-0 1 2436 14 36 37 144 0.8451 0.8162 105 165
355-1-1-0.05-50-0 1 2436 36 36 143 143 0.8162 0.8162 165 165
355-1-1-0.05-50-0 1 2436 1 10 40 7 0.2520 0.2533 409 449
355-1-1-0.05-50-0 1 2437 14 25 38 125 0.8451 0.9430 105 125
355-1-1-0.05-50-0 1 2437 14 2 38 161 0.8451 0.8198 105 167
355-1-1-0.05-50-0 1 2438 36 36 151 151 0.8162 0.8162 165 165
355-1-1-0.05-50-0 1 2438 1 1 39 39 0.2520 0.2520 409 409
355-1-1-0.05-50-0 1 2438 36 37 150 52 0.8162 0.8481 165 127
355-1-1-0.05-50-0 1 2439 1 1 37 37 0.2520 0.2520 409 409
355-1-1-0.05-50-0 1 2439 36 36 146 146 0.8162 0.8162 165 165
355-1-1-0.05-50-0 1 2439 14 25 39 124 0.8451 0.9430 105 125
355-1-1-0.05-50-0 1 2439 36 43 145 4 0.8162 0.8316 165 123
355-1-1-0.05-50-0 1 2439 36 26 145 64 0.8162 0.8171 165 141
355-1-1-0.05-50-0 1 2439 1 10 36 5 0.2520 0.2533 409 449
355-1-1-0.05-50-0 1 2439 36 14 145 39 0.8162 0.8451 165 105
355-1-1-0.05-50-0 1 2440 36 14 141 37 0.8162 0.8451 165 105
355-1-1-0.05-50-0 1 2440 14 14 36 36 0.8451 0.8451 105 105
355-1-1-0.05-50-0 1 2440 36 2 141 160 0.8162 0.8198 165 167
355-1-1-0.05-50-0 1 2440 19 42 2 1 0.8072 0.7447 134 106
355-1-1-0.05-50-0 1 2440 36 14 141 35 0.8162 0.8451 165 105
355-1-1-0.05-50-0 1 2440 37 39 53 1 0.8481 0.2187 127 309
355-1-1-0.05-50-0 1 2440 14 37 34 53 0.8451 0.8481 105 127
355-1-1-0.05-50-0 1 2441 14 25 34 125 0.8451 0.9430 105 125
355-1-1-0.05-50-0 1 2442 36 36 145 145 0.8162 0.8162 165 165
355-1-1-0.05-50-0 1 2442 1 1 36 36 0.2520 0.2520 409 409
355-1-1-0.05-50-0 1 2442 36 36 144 144 0.8162 0.8162 165 165
355-1-1-0.05-50-0 1 2442 14 7 33 96 0.8451 0.9267 105 106
355-1-1-0.05-50-0 1 2442 40 32 70 1 0.9739 0.6514 104 215
355-1-1-0.05-50-0 1 2442 14 13 33 151 0.8451 0.8878 105 151
355-1-1-0.05-50-0 1 2442 14 47 33 83 0.8451 0.9293 105 103
355-1-1-0.05-50-0 1 2443 1 1 35 35 0.2520 0.2520 409 409
355-1-1-0.05-50-0 1 2443 14 2 34 160 0.8451 0.8198 105 167
355-1-1-0.05-50-0 1 2443 1 1 34 34 0.2520 0.2520 409 409
355-1-1-0.05-50-0 1 2443 14 19 34 3 0.8451 0.8072 105 134
355-1-1-0.05-50-0 1 2443 36 14 144 34 0.8162 0.8451 165 105
355-1-1-0.05-50-0 1 2443 36 2 144 159 0.8162 0.8198 165 167
355-1-1-0.05-50-0 1 2444 36 14 138 37 0.8162 0.8451 165 105
355-1-1-0.05-50-0 1 2444 36 36 138 138 0.8162 0.8162 165 165
355-1-1-0.05-50-0 1 2444 37 16 59 2 0.8481 0.2228 127 149
355-1-1-0.05-50-0 1 2444 10 27 4 144 0.2533 0.0776 449 149
355-1-1-0.05-50-0 1 2445 36 2 134 164 0.8162 0.8198 165 167
355-1-1-0.05-50-0 1 2445 36 36 134 134 0.8162 0.8162 165 165
355-1-1-0.05-50-0 1 2445 36 2 133 163 0.8162 0.8198 165 167
355-1-1-0.05-50-0 1 2445 36 14 133 36 0.8162 0.8451 165 105
355-1-1-0.05-50-0 1 2445 14 37 35 61 0.8451 0.8481 105 127
355-1-1-0.05-50-0 1 2446 36 26 133 56 0.8162 0.8171 165 141
355-1-1-0.05-50-0 1 2446 37 16 63 1 0.8481 0.2228 127 149
355-1-1-0.05-50-0 1 2446 14 26 34 55 0.8451 0.8171 105 141
355-1-1-0.05-50-0 1 2446 36 37 133 63 0.8162 0.8481 165 127
355-1-1-0.05-50-0 1 2446 36 2 133 167 0.8162 0.8198 165 167
355-1-1-0.05-50-0 1 2447 14 25 35 115 0.8451 0.9430 105 125
355-1-1-0.05-50-0 1 2447 1 1 30 30 0.2520 0.2520 409 409
355-1-1-0.05-50-0 1 2447 36 37 129 66 0.8162 0.8481 165 127
355-1-1-0.05-50-0 1 2447 14 13 35 148 0.8451 0.8878 105 151
355-1-1-0.05-50-0 1 2447 36 36 129 129 0.8162 0.8162 165 165
355-1-1-0.05-50-0 1 2447 41 4 18 2 0.9621 0.0723 105 351
355-1-1-0.05-50-0 1 2447 36 26 128 54 0.8162 0.8171 165 141
355-1-1-0.05-50-0 1 2448 37 50 69 2 0.8481 0.2147 127 147
355-1-1-0.05-50-0 1 2448 37 50 69 1 0.8481 0.2147 127 147
355-1-1-0.05-50-0 1 2448 2 31 167 1 0.8198 0.5626 167 252
355-1-1-0.05-50-0 1 2448 14 36 36 133 0.8451 0.8162 105 165
355-1-1-0.05-50-0 1 2448 36 26 132 54 0.8162 0.8171 165 141
355-1-1-0.05-50-0 1 2449 36 2 133 167 0.8162 0.8198 165 167
355-1-1-0.05-50-0 1 2449 36 2 133 166 0.8162 0.8198 165 167
355-1-1-0.05-50-0 1 2450 14 25 35 119 0.8451 0.9430 105 125
355-1-1-0.05-50-0 1 2450 36 36 135 135 0.8162 0.8162 165 165
355-1-1-0.05-50-0 1 2450 36 36 134 134 0.8162 0.8162 165 165
355-1-1-0.05-50-0 1 2450 36 37 133 69 0.8162 0.8481 165 127
355-1-1-0.05-50-0 1 2450 36 2 133 160 0.8162 0.8198 165 167
355-1-1-0.05-50-0 1 2451 14 13 36 151 0.8451 0.8878 105 151
355-1-1-0.05-50-0 1 2451 36 36 134 134 0.8162 0.8162 165 165
355-1-1-0.05-50-0 1 2451 36 36 133 133 0.8162 0.8162 165 165
355-1-1-0.05-50-0 1 2451 36 37 132 71 0.8162 0.8481 165 127
355-1-1-0.05-50-0 1 2451 36 26 132 50 0.8162 0.8171 165 141
355-1-1-0.05-50-0 1 2451 36 37 132 70 0.8162 0.8481 165 127
355-1-1-0.05-50-0 1 2451 36 2 132 166 0.8162 0.8198 165 167
355-1-1-0.05-50-0 1 2452 36 2 133 166 0.8162 0.8198 165 167
355-1-1-0.05-50-0 1 2452 36 2 133 165 0.8162 0.8198 165 167
355-1-1-0.05-50-0 1 2452 36 36 133 133 0.8162 0.8162 165 165
355-1-1-0.05-50-0 1 2453 19 19 7 7 0.8072 0.8072 134 134
355-1-1-0.05-50-0 1 2454 36 37 129 75 0.8162 0.8481 165 127
355-1-1-0.05-50-0 1 2455 14 25 39 122 0.8451 0.9430 105 125
355-1-1-0.05-50-0 1 2455 36 36 128 128 0.8162 0.8162 165 165
355-1-1-0.05-50-0 1 2455 36 2 127 160 0.8162 0.8198 165 167
355-1-1-0.05-50-0 1 2455 1 1 40 40 0.2520 0.2520 409 409
355-1-1-0.05-50-0 1 2455 36 36 127 127 0.8162 0.8162 165 165
355-1-1-0.05-50-0 1 2455 37 48 72 1 0.8481 0.1153 127 334
355-1-1-0.05-50-0 1 2456 36 37 126 69 0.8162 0.8481 165 127
355-1-1-0.05-50-0 1 2456 36 37 126 68 0.8162 0.8481 165 127
355-1-1-0.05-50-0 1 2456 1 1 40 40 0.2520 0.2520 409 409
355-1-1-0.05-50-0 1 2456 36 14 126 41 0.8162 0.8451 165 105
355-1-1-0.05-50-0 1 2457 19 9 5 1 0.8072 0.6134 134 161
355-1-1-0.05-50-0 1 2457 14 37 40 68 0.8451 0.8481 105 127
355-1-1-0.05-50-0 1 2457 36 36 131 131 0.8162 0.8162 165 165
355-1-1-0.05-50-0 1 2458 36 2 125 163 0.8162 0.8198 165 167
355-1-1-0.05-50-0 1 2458 36 36 125 125 0.8162 0.8162 165 165
355-1-1-0.05-50-0 1 2458 36 37 124 66 0.8162 0.8481 165 127
355-1-1-0.05-50-0 1 2458 36 2 124 162 0.8162 0.8198 165 167
355-1-1-0.05-50-0 1 2458 1 1 40 40 0.2520 0.2520 409 409
355-1-1-0.05-50-0 1 2459 36 2 123 159 0.8162 0.8198 165 167
355-1-1-0.05-50-0 1 2460 26 28 50 1 0.8171 0.3846 141 311
355-1-1-0.05-50-0 1 2460 36 26 123 50 0.8162 0.8171 165 141
355-1-1-0.05-50-0 1 2460 36 2 123 158 0.8162 0.8198 165 167
355-1-1-0.05-50-0 1 2460 14 37 42 68 0.8451 0.8481 105 127
355-1-1-0.05-50-0 1 2461 36 36 121 121 0.8162 0.8162 165 165
355-1-1-0.05-50-0 1 2461 14 25 43 125 0.8451 0.9430 105 125
355-1-1-0.05-50-0 1 2461 36 37 120 67 0.8162 0.8481 165 127
355-1-1-0.05-50-0 1 2461 36 37 120 66 0.8162 0.8481 165 127
355-1-1-0.05-50-0 1 2461 36 36 120 120 0.8162 0.8162 165 165
355-1-1-0.05-50-0 1 2461 1 10 41 8 0.2520 0.2533 409 449
355-1-1-0.05-50-0 1 2462 26 21 50 1 0.8171 0.4184 141 158
355-1-1-0.05-50-0 1 2462 36 26 119 50 0.8162 0.8171 165 141
355-1-1-0.05-50-0 1 2462 36 2 119 157 0.8162 0.8198 165 167
355-1-1-0.05-50-0 1 2463 1 1 42 42 0.2520 0.2520 409 409
355-1-1-0.05-50-0 1 2463 37 23 63 1 0.8481 0.1698 127 476
355-1-1-0.05-50-0 1 2463 37 12 63 2 0.8481 0.1896 127 325
355-1-1-0.05-50-0 1 2463 36 2 123 156 0.8162 0.8198 165 167
355-1-1-0.05-50-0 1 2463 14 2 46 155 0.8451 0.8198 105 167
355-1-1-0.05-50-0 1 2464 36 2 124 156 0.8162 0.8198 165 167
355-1-1-0.05-50-0 1 2464 14 25 45 125 0.8451 0.9430 105 125
355-1-1-0.05-50-0 1 2464 36 14 124 45 0.8162 0.8451 165 105
355-1-1-0.05-50-0 1 2464 1 1 42 42 0.2520 0.2520 409 409
355-1-1-0.05-50-0 1 2464 36 36 124 124 0.8162 0.8162 165 165
355-1-1-0.05-50-0 1 2464 36 36 123 123 0.8162 0.8162 165 165
355-1-1-0.05-50-0 1 2464 36 36 122 122 0.8162 0.8162 165 165
355-1-1-0.05-50-0 1 2465 14 25 46 123 0.8451 0.9430 105 125
355-1-1-0.05-50-0 1 2465 36 19 122 4 0.8162 0.8072 165 134
355-1-1-0.05-50-0 1 2465 37 12 63 1 0.8481 0.1896 127 325
355-1-1-0.05-50-0 1 2465 14 7 46 103 0.8451 0.9267 105 106
355-1-1-0.05-50-0 1 2465 36 2 122 151 0.8162 0.8198 165 167
355-1-1-0.05-50-0 1 2465 14 2 46 150 0.8451 0.8198 105 167
355-1-1-0.05-50-0 1 2466 36 36 123 123 0.8162 0.8162 165 165
355-1-1-0.05-50-0 1 2466 14 14 46 46 0.8451 0.8451 105 105
355-1-1-0.05-50-0 1 2466 36 2 122 147 0.8162 0.8198 165 167
355-1-1-0.05-50-0 1 2466 36 36 122 122 0.8162 0.8162 165 165
355-1-1-0.05-50-0 1 2467 36 37 127 59 0.8162 0.8481 165 127
355-1-1-0.05-50-0 1 2467 36 36 127 127 0.8162 0.8162 165 165
355-1-1-0.05-50-0 1 2467 14 13 45 150 0.8451 0.8878 105 151
355-1-1-0.05-50-0 1 2467 36 26 126 55 0.8162 0.8171 165 141
355-1-1-0.05-50-0 1 2467 14 25 45 120 0.8451 0.9430 105 125
355-1-1-0.05-50-0 1 2467 36 37 126 58 0.8162 0.8481 165 127
355-1-1-0.05-50-0 1 2468 36 26 129 53 0.8162 0.8171 165 141
355-1-1-0.05-50-0 1 2468 1 8 33 3 0.2520 0.2506 409 303
355-1-1-0.05-50-0 1 2468 14 37 44 57 0.8451 0.8481 105 127
355-1-1-0.05-50-0 1 2468 36 26 129 52 0.8162 0.8171 165 141
355-1-1-0.05-50-0 1 2468 2 38 144 1 0.8198 0.6163 167 270
355-1-1-0.05-50-0 1 2468 10 27 7 149 0.2533 0.0776 449 149
355-1-1-0.05-50-0 1 2468 36 36 129 129 0.8162 0.8162 165 165
355-1-1-0.05-50-0 1 2468 36 37 128 56 0.8162 0.8481 165 127
355-1-1-0.05-50-0 1 2468 36 2 128 144 0.8162 0.8198 165 167
355-1-1-0.05-50-0 1 2468 36 36 128 128 0.8162 0.8162 165 165
355-1-1-0.05-50-0 1 2468 36 2 127 143 0.8162 0.8198 165 167
355-1-1-0.05-50-0 1 2469 36 2 128 140 0.8162 0.8198 165 167
355-1-1-0.05-50-0 1 2469 36 37 128 53 0.8162 0.8481 165 127
355-1-1-0.05-50-0 1 2469 2 29 139 1 0.8198 0.6728 167 177
355-1-1-0.05-50-0 1 2469 36 2 128 139 0.8162 0.8198 165 167
355-1-1-0.05-50-0 1 2469 1 1 34 34 0.2520 0.2520 409 409
355-1-1-0.05-50-0 1 2470 14 25 44 113 0.8451 0.9430 105 125
355-1-1-0.05-50-0 1 2470 36 14 134 44 0.8162 0.8451 165 105
355-1-1-0.05-50-0 1 2470 36 36 134 134 0.8162 0.8162 165 165
355-1-1-0.05-50-0 1 2471 36 2 143 134 0.8162 0.8198 165 167
355-1-1-0.05-50-0 1 2471 2 38 133 1 0.8198 0.6163 167 270
355-1-1-0.05-50-0 1 2471 14 26 42 50 0.8451 0.8171 105 141
355-1-1-0.05-50-0 1 2472 1 1 37 37 0.2520 0.2520 409 409
355-1-1-0.05-50-0 1 2472 37 48 54 1 0.8481 0.1153 127 334
355-1-1-0.05-50-0 1 2472 36 2 143 138 0.8162 0.8198 165 167
355-1-1-0.05-50-0 1 2473 36 26 141 46 0.8162 0.8171 165 141
355-1-1-0.05-50-0 1 2473 36 36 141 141 0.8162 0.8162 165 165
355-1-1-0.05-50-0 1 2473 37 50 55 2 0.8481 0.2147 127 147
355-1-1-0.05-50-0 1 2473 36 14 140 43 0.8162 0.8451 165 105
355-1-1-0.05-50-0 1 2473 36 2 140 143 0.8162 0.8198 165 167
355-1-1-0.05-50-0 1 2474 36 2 140 144 0.8162 0.8198 165 167
355-1-1-0.05-50-0 1 2474 36 2 140 143 0.8162 0.8198 165 167
355-1-1-0.05-50-0 1 2474 36 2 140 142 0.8162 0.8198 165 167
355-1-1-0.05-50-0 1 2474 14 36 44 140 0.8451 0.8162 105 165
355-1-1-0.05-50-0 1 2475 1 1 37 37 0.2520 0.2520 409 409
355-1-1-0.05-50-0 1 2475 36 2 137 140 0.8162 0.8198 165 167
355-1-1-0.05-50-0 1 2475 36 2 137 139 0.8162 0.8198 165 167
355-1-1-0.05-50-0 1 2475 36 26 137 47 0.8162 0.8171 165 141
355-1-1-0.05-50-0 1 2475 36 14 137 45 0.8162 0.8451 165 105
355-1-1-0.05-50-0 1 2475 36 36 137 137 0.8162 0.8162 165 165
355-1-1-0.05-50-0 1 2475 36 36 136 136 0.8162 0.8162 165 165
355-1-1-0.05-50-0 1 2475 25 22 107 1 0.9430 0.0160 125 311
355-1-1-0.05-50-0 1 2475 36 37 135 58 0.8162 0.8481 165 127
355-1-1-0.05-50-0 1 2476 36 2 136 141 0.8162 0.8198 165 167
355-1-1-0.05-50-0 1 2476 36 14 136 42 0.8162 0.8451 165 105
355-1-1-0.05-50-0 1 2476 36 19 136 5 0.8162 0.8072 165 134
355-1-1-0.05-50-0 1 2476 14 13 41 151 0.8451 0.8878 105 151
355-1-1-0.05-50-0 1 2476 36 2 136 140 0.8162 0.8198 165 167
355-1-1-0.05-50-0 1 2476 14 25 41 102 0.8451 0.9430 105 125
355-1-1-0.05-50-0 1 2477 36 37 137 59 0.8162 0.8481 165 127
355-1-1-0.05-50-0 1 2477 14 36 44 137 0.8451 0.8162 105 165
355-1-1-0.05-50-0 1 2477 1 1 40 40 0.2520 0.2520 409 409
355-1-1-0.05-50-0 1 2477 43 49 4 1 0.8316 0.1842 123 136
355-1-1-0.05-50-0 1 2477 36 36 136 136 0.8162 0.8162 165 165
355-1-1-0.05-50-0 1 2478 36 2 140 135 0.8162 0.8198 165 167
355-1-1-0.05-50-0 1 2478 36 2 140 134 0.8162 0.8198 165 167
355-1-1-0.05-50-0 1 2478 1 1 39 39 0.2520 0.2520 409 409
355-1-1-0.05-50-0 1 2478 14 13 46 151 0.8451 0.8878 105 151
355-1-1-0.05-50-0 1 2478 36 36 140 140 0.8162 0.8162 165 165
355-1-1-0.05-50-0 1 2478 14 2 46 133 0.8451 0.8198 105 167
355-1-1-0.05-50-0 1 2479 36 26 135 44 0.8162 0.8171 165 141
355-1-1-0.05-50-0 1 2479 1 1 37 37 0.2520 0.2520 409 409
355-1-1-0.05-50-0 1 2479 14 47 46 98 0.8451 0.9293 105 103
355-1-1-0.05-50-0 1 2479 1 8 36 1 0.2520 0.2506 409 303
355-1-1-0.05-50-0 1 2479 36 36 135 135 0.8162 0.8162 165 165
355-1-1-0.05-50-0 1 2479 36 36 134 134 0.8162 0.8162 165 165
355-1-1-0.05-50-0 1 2479 37 16 60 2 0.8481 0.2228 127 149
355-1-1-0.05-50-0 1 2479 36 2 133 133 0.8162 0.8198 165 167
355-1-1-0.05-50-0 1 2480 36 2 134 135 0.8162 0.8198 165 167
355-1-1-0.05-50-0 1 2480 14 13 45 151 0.8451 0.8878 105 151
355-1-1-0.05-50-0 1 2480 36 36 134 134 0.8162 0.8162 165 165
355-1-1-0.05-50-0 1 2480 14 13 45 150 0.8451 0.8878 105 151
355-1-1-0.05-50-0 1 2480 36 43 133 3 0.8162 0.8316 165 123
355-1-1-0.05-50-0 1 2481 36 37 133 58 0.8162 0.8481 165 127
355-1-1-0.05-50-0 1 2481 14 36 42 133 0.8451 0.8162 105 165
355-1-1-0.05-50-0 1 2481 36 2 132 131 0.8162 0.8198 165 167
355-1-1-0.05-50-0 1 2482 36 37 135 58 0.8162 0.8481 165 127
355-1-1-0.05-50-0 1 2482 36 36 135 135 0.8162 0.8162 165 165
355-1-1-0.05-50-0 1 2482 36 26 134 39 0.8162 0.8171 165 141
355-1-1-0.05-50-0 1 2482 14 20 42 17 0.8451 0.9922 105 102
355-1-1-0.05-50-0 1 2482 36 2 134 131 0.8162 0.8198 165 167
355-1-1-0.05-50-0 1 2482 14 19 42 6 0.8451 0.8072 105 134
355-1-1-0.05-50-0 1 2482 36 2 134 130 0.8162 0.8198 165 167
355-1-1-0.05-50-0 1 2482 1 1 36 36 0.2520 0.2520 409 409
355-1-1-0.05-50-0 1 2482 36 36 134 134 0.8162 0.8162 165 165
355-1-1-0.05-50-0 1 2482 36 2 133 129 0.8162 0.8198 165 167
355-1-1-0.05-50-0 1 2483 36 2 135 128 0.8162 0.8198 165 167
355-1-1-0.05-50-0 1 2483 36 36 135 135 0.8162 0.8162 165 165
355-1-1-0.05-50-0 1 2483 14 13 45 135 0.8451 0.8878 105 151
355-1-1-0.05-50-0 1 2483 37 16 58 1 0.8481 0.2228 127 149
355-1-1-0.05-50-0 1 2483 36 26 134 39 0.8162 0.8171 165 141
355-1-1-0.05-50-0 1 2484 36 36 137 137 0.8162 0.8162 165 165
355-1-1-0.05-50-0 1 2484 1 10 36 1 0.2520 0.2533 409 449
355-1-1-0.05-50-0 1 2484 36 37 136 57 0.8162 0.8481 165 127
355-1-1-0.05-50-0 1 2484 40 34 72 1 0.9739 0.7448 104 168
355-1-1-0.05-50-0 1 2484 14 36 46 136 0.8451 0.8162 105 165
355-1-1-0.05-50-0 1 2485 36 36 136 136 0.8162 0.8162 165 165
355-1-1-0.05-50-0 1 2485 1 1 36 36 0.2520 0.2520 409 409
355-1-1-0.05-50-0 1 2485 36 2 135 127 0.8162 0.8198 165 167
355-1-1-0.05-50-0 1 2485 36 36 135 135 0.8162 0.8162 165 165
355-1-1-0.05-50-0 1 2485 1 1 35 35 0.2520 0.2520 409 409
355-1-1-0.05-50-0 1 2485 36 2 134 126 0.8162 0.8198 165 167
355-1-1-0.05-50-0 1 2486 36 2 135 127 0.8162 0.8198 165 167
355-1-1-0.05-50-0 1 2486 1 1 34 34 0.2520 0.2520 409 409
355-1-1-0.05-50-0 1 2486 36 37 135 52 0.8162 0.8481 165 127
355-1-1-0.05-50-0 1 2486 14 25 44 114 0.8451 0.9430 105 125
355-1-1-0.05-50-0 1 2486 14 13 44 128 0.8451 0.8878 105 151
355-1-1-0.05-50-0 1 2486 26 45 43 2 0.8171 0.3816 141 173
355-1-1-0.05-50-0 1 2487 36 37 138 52 0.8162 0.8481 165 127
355-1-1-0.05-50-0 1 2487 36 36 138 138 0.8162 0.8162 165 165
355-1-1-0.05-50-0 1 2487 1 1 37 37 0.2520 0.2520 409 409
355-1-1-0.05-50-0 1 2487 14 25 42 111 0.8451 0.9430 105 125
355-1-1-0.05-50-0 1 2487 36 2 137 122 0.8162 0.8198 165 167
355-1-1-0.05-50-0 1 2488 2 33 118 1 0.8198 0.6893 167 191
355-1-1-0.05-50-0 1 2488 14 13 41 134 0.8451 0.8878 105 151
355-1-1-0.05-50-0 1 2488 36 2 142 118 0.8162 0.8198 165 167
355-1-1-0.05-50-0 1 2489 1 1 36 36 0.2520 0.2520 409 409
355-1-1-0.05-50-0 1 2489 1 1 35 35 0.2520 0.2520 409 409
355-1-1-0.05-50-0 1 2490 1 1 35 35 0.2520 0.2520 409 409
355-1-1-0.05-50-0 1 2490 36 36 147 147 0.8162 0.8162 165 165
355-1-1-0.05-50-0 1 2490 36 2 146 118 0.8162 0.8198 165 167
355-1-1-0.05-50-0 1 2490 36 2 146 117 0.8162 0.8198 165 167
355-1-1-0.05-50-0 1 2490 36 43 146 1 0.8162 0.8316 165 123
355-1-1-0.05-50-0 1 2491 26 45 43 2 0.8171 0.3816 141 173
355-1-1-0.05-50-0 1 2491 36 26 147 43 0.8162 0.8171 165 141
355-1-1-0.05-50-0 1 2491 1 1 37 37 0.2520 0.2520 409 409
355-1-1-0.05-50-0 1 2491 36 36 147 147 0.8162 0.8162 165 165
355-1-1-0.05-50-0 1 2492 36 36 151 151 0.8162 0.8162 165 165
355-1-1-0.05-50-0 1 2492 40 45 74 1 0.9739 0.3816 104 173
355-1-1-0.05-50-0 1 2492 19 19 10 10 0.8072 0.8072 134 134
355-1-1-0.05-50-0 1 2492 25 11 117 3 0.9430 0.0504 125 384
355-1-1-0.05-50-0 1 2492 36 37 150 55 0.8162 0.8481 165 127
355-1-1-0.05-50-0 1 2492 7 31 99 1 0.9267 0.5626 106 252
355-1-1-0.05-50-0 1 2492 36 2 150 115 0.8162 0.8198 165 167
355-1-1-0.05-50-0 1 2493 36 2 143 116 0.8162 0.8198 165 167
355-1-1-0.05-50-0 1 2493 36 26 143 43 0.8162 0.8171 165 141
355-1-1-0.05-50-0 1 2493 1 1 35 35 0.2520 0.2520 409 409
355-1-1-0.05-50-0 1 2494 36 36 150 150 0.8162 0.8162 165 165
355-1-1-0.05-50-0 1 2494 36 36 149 149 0.8162 0.8162 165 165
355-1-1-0.05-50-0 1 2494 1 1 33 33 0.2520 0.2520 409 409
355-1-1-0.05-50-0 1 2494 1 1 32 32 0.2520 0.2520 409 409
355-1-1-0.05-50-0 1 2494 36 37 148 49 0.8162 0.8481 165 127
355-1-1-0.05-50-0 1 2495 25 11 109 2 0.9430 0.0504 125 384
355-1-1-0.05-50-0 1 2495 36 36 154 154 0.8162 0.8162 165 165
355-1-1-0.05-50-0 1 2495 36 36 153 153 0.8162 0.8162 165 165
355-1-1-0.05-50-0 1 2495 36 2 152 122 0.8162 0.8198 165 167
355-1-1-0.05-50-0 1 2495 14 25 40 109 0.8451 0.9430 105 125
355-1-1-0.05-50-0 1 2495 14 7 40 97 0.8451 0.9267 105 106
355-1-1-0.05-50-0 1 2495 36 36 152 152 0.8162 0.8162 165 165
355-1-1-0.05-50-0 1 2495 36 37 151 48 0.8162 0.8481 165 127
355-1-1-0.05-50-0 1 2495 36 14 151 40 0.8162 0.8451 165 105
355-1-1-0.05-50-0 1 2496 14 13 37 123 0.8451 0.8878 105 151
355-1-1-0.05-50-0 1 2496 41 5 11 4 0.9621 0.0007 105 226
355-1-1-0.05-50-0 1 2496 36 26 152 47 0.8162 0.8171 165 141
355-1-1-0.05-50-0 1 2496 14 25 37 111 0.8451 0.9430 105 125
355-1-1-0.05-50-0 1 2496 36 14 152 37 0.8162 0.8451 165 105
355-1-1-0.05-50-0 1 2497 36 36 157 157 0.8162 0.8162 165 165
355-1-1-0.05-50-0 1 2497 40 29 75 1 0.9739 0.6728 104 177
355-1-1-0.05-50-0 1 2497 36 14 156 34 0.8162 0.8451 165 105
355-1-1-0.05-50-0 1 2497 36 2 156 115 0.8162 0.8198 165 167
355-1-1-0.05-50-0 1 2497 36 14 156 33 0.8162 0.8451 165 105
355-1-1-0.05-50-0 1 2497 36 37 156 48 0.8162 0.8481 165 127
355-1-1-0.05-50-0 1 2497 14 40 32 75 0.8451 0.9739 105 104
355-1-1-0.05-50-0 1 2498 36 2 155 116 0.8162 0.8198 165 167
355-1-1-0.05-50-0 1 2498 40 28 74 2 0.9739 0.3846 104 311
355-1-1-0.05-50-0 1 2498 36 2 155 115 0.8162 0.8198 165 167
355-1-1-0.05-50-0 1 2498 40 28 74 1 0.9739 0.3846 104 311
355-1-1-0.05-50-0 1 2498 36 36 155 155 0.8162 0.8162 165 165
355-1-1-0.05-50-0 1 2498 36 2 154 114 0.8162 0.8198 165 167
355-1-1-0.05-50-0 1 2498 14 2 31 113 0.8451 0.8198 105 167
355-1-1-0.05-50-0 1 2499 36 26 156 45 0.8162 0.8171 165 141
355-1-1-0.05-50-0 1 2499 25 11 118 1 0.9430 0.0504 125 384
355-1-1-0.05-50-0 1 2499 1 1 33 33 0.2520 0.2520 409 409
355-1-1-0.05-50-0 1 2499 36 36 156 156 0.8162 0.8162 165 165
355-1-1-0.05-50-0 1 2499 36 2 155 110 0.8162 0.8198 165 167
355-1-1-0.05-50-0 1 2499 36 36 155 155 0.8162 0.8162 165 165
355-1-1-0.05-50-0 1 2500 36 36 160 160 0.8162 0.8162 165 165
