361-1-1-0.05-50-0 1 2302 43 24 89 2 0.8316 0.1940 123 254
361-1-1-0.05-50-0 1 2302 36 37 67 66 0.8162 0.8481 165 127
361-1-1-0.05-50-0 1 2302 14 13 55 150 0.8451 0.8878 105 151
361-1-1-0.05-50-0 1 2302 14 36 55 67 0.8451 0.8162 105 165
361-1-1-0.05-50-0 1 2302 36 36 66 66 0.8162 0.8162 165 165
361-1-1-0.05-50-0 1 2303 25 11 104 1 0.9430 0.0504 125 384
361-1-1-0.05-50-0 1 2303 37 16 62 1 0.8481 0.2228 127 149
361-1-1-0.05-50-0 1 2304 14 47 49 103 0.8451 0.9293 105 103
361-1-1-0.05-50-0 1 2304 37 24 68 1 0.8481 0.1940 127 254
361-1-1-0.05-50-0 1 2304 14 37 49 68 0.8451 0.8481 105 127
361-1-1-0.05-50-0 1 2304 36 43 62 93 0.8162 0.8316 165 123
361-1-1-0.05-50-0 1 2304 14 47 49 102 0.8451 0.9293 105 103
361-1-1-0.05-50-0 1 2304 36 26 62 82 0.8162 0.8171 165 141
361-1-1-0.05-50-0 1 2305 36 34 64 1 0.8162 0.7448 165 168
361-1-1-0.05-50-0 1 2305 14 41 49 101 0.8451 0.9621 105 105
361-1-1-0.05-50-0 1 2305 36 26 64 77 0.8162 0.8171 165 141
361-1-1-0.05-50-0 1 2305 41 11 100 1 0.9621 0.0504 105 384
361-1-1-0.05-50-0 1 2306 36 2 66 24 0.8162 0.8198 165 167
361-1-1-0.05-50-0 1 2306 19 19 8 8 0.8072 0.8072 134 134
361-1-1-0.05-50-0 1 2306 1 1 22 22 0.2520 0.2520 409 409
361-1-1-0.05-50-0 1 2306 14 43 55 91 0.8451 0.8316 105 123
361-1-1-0.05-50-0 1 2306 14 25 55 103 0.8451 0.9430 105 125
361-1-1-0.05-50-0 1 2307 1 1 21 21 0.2520 0.2520 409 409
361-1-1-0.05-50-0 1 2307 36 36 66 66 0.8162 0.8162 165 165
361-1-1-0.05-50-0 1 2308 26 6 78 1 0.8171 0.4266 141 249
361-1-1-0.05-50-0 1 2308 14 7 51 101 0.8451 0.9267 105 106
361-1-1-0.05-50-0 1 2309 14 7 48 97 0.8451 0.9267 105 106
361-1-1-0.05-50-0 1 2309 36 43 64 91 0.8162 0.8316 165 123
361-1-1-0.05-50-0 1 2309 36 26 64 78 0.8162 0.8171 165 141
361-1-1-0.05-50-0 1 2309 14 13 48 146 0.8451 0.8878 105 151
361-1-1-0.05-50-0 1 2310 1 1 21 21 0.2520 0.2520 409 409
361-1-1-0.05-50-0 1 2310 14 36 46 63 0.8451 0.8162 105 165
361-1-1-0.05-50-0 1 2311 14 41 47 99 0.8451 0.9621 105 105
361-1-1-0.05-50-0 1 2311 26 45 84 1 0.8171 0.3816 141 173
361-1-1-0.05-50-0 1 2311 36 36 63 63 0.8162 0.8162 165 165
361-1-1-0.05-50-0 1 2311 36 37 62 59 0.8162 0.8481 165 127
361-1-1-0.05-50-0 1 2311 14 13 47 143 0.8451 0.8878 105 151
361-1-1-0.05-50-0 1 2312 25 22 95 3 0.9430 0.0160 125 311
361-1-1-0.05-50-0 1 2312 14 26 45 83 0.8451 0.8171 105 141
361-1-1-0.05-50-0 1 2312 41 22 100 2 0.9621 0.0160 105 311
361-1-1-0.05-50-0 1 2313 14 41 44 99 0.8451 0.9621 105 105
361-1-1-0.05-50-0 1 2313 25 35 93 1 0.9430 0.0354 125 158
361-1-1-0.05-50-0 1 2314 37 49 63 1 0.8481 0.1842 127 136
361-1-1-0.05-50-0 1 2314 36 2 66 22 0.8162 0.8198 165 167
361-1-1-0.05-50-0 1 2314 36 37 66 63 0.8162 0.8481 165 127
361-1-1-0.05-50-0 1 2314 26 45 79 1 0.8171 0.3816 141 173
361-1-1-0.05-50-0 1 2314 36 26 66 79 0.8162 0.8171 165 141
361-1-1-0.05-50-0 1 2314 14 25 44 91 0.8451 0.9430 105 125
361-1-1-0.05-50-0 1 2314 19 42 8 1 0.8072 0.7447 134 106
361-1-1-0.05-50-0 1 2315 25 22 91 2 0.9430 0.0160 125 311
361-1-1-0.05-50-0 1 2315 41 22 93 1 0.9621 0.0160 105 311
361-1-1-0.05-50-0 1 2315 1 1 26 26 0.2520 0.2520 409 409
361-1-1-0.05-50-0 1 2315 36 36 61 61 0.8162 0.8162 165 165
361-1-1-0.05-50-0 1 2315 14 36 42 60 0.8451 0.8162 105 165
361-1-1-0.05-50-0 1 2316 14 7 40 104 0.8451 0.9267 105 106
361-1-1-0.05-50-0 1 2316 1 1 27 27 0.2520 0.2520 409 409
361-1-1-0.05-50-0 1 2316 36 36 62 62 0.8162 0.8162 165 165
361-1-1-0.05-50-0 1 2316 14 37 40 63 0.8451 0.8481 105 127
361-1-1-0.05-50-0 1 2316 36 36 61 61 0.8162 0.8162 165 165
361-1-1-0.05-50-0 1 2317 1 1 25 25 0.2520 0.2520 409 409
361-1-1-0.05-50-0 1 2317 14 14 42 42 0.8451 0.8451 105 105
361-1-1-0.05-50-0 1 2317 37 16 66 2 0.8481 0.2228 127 149
361-1-1-0.05-50-0 1 2318 36 2 62 23 0.8162 0.8198 165 167
361-1-1-0.05-50-0 1 2318 36 14 62 40 0.8162 0.8451 165 105
361-1-1-0.05-50-0 1 2319 25 22 96 1 0.9430 0.0160 125 311
361-1-1-0.05-50-0 1 2319 36 36 63 63 0.8162 0.8162 165 165
361-1-1-0.05-50-0 1 2319 1 16 25 2 0.2520 0.2228 409 149
361-1-1-0.05-50-0 1 2319 36 43 62 93 0.8162 0.8316 165 123
361-1-1-0.05-50-0 1 2319 42 1 1 25 0.7447 0.2520 106 409
361-1-1-0.05-50-0 1 2319 36 37 62 64 0.8162 0.8481 165 127
361-1-1-0.05-50-0 1 2319 36 43 62 92 0.8162 0.8316 165 123
361-1-1-0.05-50-0 1 2320 14 14 44 44 0.8451 0.8451 105 105
361-1-1-0.05-50-0 1 2320 2 44 21 1 0.8198 0.7034 167 118
361-1-1-0.05-50-0 1 2321 36 37 64 63 0.8162 0.8481 165 127
361-1-1-0.05-50-0 1 2321 14 25 36 101 0.8451 0.9430 105 125
361-1-1-0.05-50-0 1 2321 36 43 64 95 0.8162 0.8316 165 123
361-1-1-0.05-50-0 1 2321 36 43 64 94 0.8162 0.8316 165 123
361-1-1-0.05-50-0 1 2321 1 49 21 1 0.2520 0.1842 409 136
361-1-1-0.05-50-0 1 2322 1 1 21 21 0.2520 0.2520 409 409
361-1-1-0.05-50-0 1 2322 1 1 20 20 0.2520 0.2520 409 409
361-1-1-0.05-50-0 1 2323 14 25 37 109 0.8451 0.9430 105 125
361-1-1-0.05-50-0 1 2323 14 13 37 151 0.8451 0.8878 105 151
361-1-1-0.05-50-0 1 2323 36 36 61 61 0.8162 0.8162 165 165
361-1-1-0.05-50-0 1 2323 36 37 60 59 0.8162 0.8481 165 127
361-1-1-0.05-50-0 1 2324 14 37 39 57 0.8451 0.8481 105 127
361-1-1-0.05-50-0 1 2324 14 2 39 24 0.8451 0.8198 105 167
361-1-1-0.05-50-0 1 2324 36 36 60 60 0.8162 0.8162 165 165
361-1-1-0.05-50-0 1 2324 14 47 39 94 0.8451 0.9293 105 103
361-1-1-0.05-50-0 1 2324 36 37 59 56 0.8162 0.8481 165 127
361-1-1-0.05-50-0 1 2325 36 37 58 53 0.8162 0.8481 165 127
361-1-1-0.05-50-0 1 2325 36 43 58 99 0.8162 0.8316 165 123
361-1-1-0.05-50-0 1 2326 36 43 59 100 0.8162 0.8316 165 123
361-1-1-0.05-50-0 1 2327 14 43 37 95 0.8451 0.8316 105 123
361-1-1-0.05-50-0 1 2327 7 31 93 1 0.9267 0.5626 106 252
361-1-1-0.05-50-0 1 2327 14 40 37 6 0.8451 0.9739 105 104
361-1-1-0.05-50-0 1 2328 14 37 37 56 0.8451 0.8481 105 127
361-1-1-0.05-50-0 1 2328 37 16 55 1 0.8481 0.2228 127 149
361-1-1-0.05-50-0 1 2328 1 1 20 20 0.2520 0.2520 409 409
361-1-1-0.05-50-0 1 2328 14 37 37 55 0.8451 0.8481 105 127
361-1-1-0.05-50-0 1 2328 14 36 37 57 0.8451 0.8162 105 165
361-1-1-0.05-50-0 1 2328 14 36 37 56 0.8451 0.8162 105 165
361-1-1-0.05-50-0 1 2329 36 36 50 50 0.8162 0.8162 165 165
361-1-1-0.05-50-0 1 2329 26 28 69 1 0.8171 0.3846 141 311
361-1-1-0.05-50-0 1 2330 14 41 37 96 0.8451 0.9621 105 105
361-1-1-0.05-50-0 1 2330 14 37 37 53 0.8451 0.8481 105 127
361-1-1-0.05-50-0 1 2330 2 44 22 1 0.8198 0.7034 167 118
361-1-1-0.05-50-0 1 2331 48 27 1 145 0.1153 0.0776 334 149
361-1-1-0.05-50-0 1 2331 25 22 105 1 0.9430 0.0160 125 311
361-1-1-0.05-50-0 1 2331 14 47 37 94 0.8451 0.9293 105 103
361-1-1-0.05-50-0 1 2332 36 26 50 72 0.8162 0.8171 165 141
361-1-1-0.05-50-0 1 2332 1 1 22 22 0.2520 0.2520 409 409
361-1-1-0.05-50-0 1 2332 14 13 39 150 0.8451 0.8878 105 151
361-1-1-0.05-50-0 1 2332 36 37 50 52 0.8162 0.8481 165 127
361-1-1-0.05-50-0 1 2332 14 41 39 90 0.8451 0.9621 105 105
361-1-1-0.05-50-0 1 2333 37 48 52 2 0.8481 0.1153 127 334
361-1-1-0.05-50-0 1 2333 36 43 52 92 0.8162 0.8316 165 123
361-1-1-0.05-50-0 1 2333 14 14 37 37 0.8451 0.8451 105 105
361-1-1-0.05-50-0 1 2334 36 36 52 52 0.8162 0.8162 165 165
361-1-1-0.05-50-0 1 2334 14 7 38 99 0.8451 0.9267 105 106
361-1-1-0.05-50-0 1 2334 25 11 111 2 0.9430 0.0504 125 384
361-1-1-0.05-50-0 1 2335 36 43 50 93 0.8162 0.8316 165 123
361-1-1-0.05-50-0 1 2335 14 13 41 150 0.8451 0.8878 105 151
361-1-1-0.05-50-0 1 2335 36 26 50 74 0.8162 0.8171 165 141
361-1-1-0.05-50-0 1 2335 14 25 41 115 0.8451 0.9430 105 125
361-1-1-0.05-50-0 1 2335 14 13 41 149 0.8451 0.8878 105 151
361-1-1-0.05-50-0 1 2336 36 26 50 74 0.8162 0.8171 165 141
361-1-1-0.05-50-0 1 2336 1 1 17 17 0.2520 0.2520 409 409
361-1-1-0.05-50-0 1 2337 26 45 71 1 0.8171 0.3816 141 173
361-1-1-0.05-50-0 1 2337 1 1 18 18 0.2520 0.2520 409 409
361-1-1-0.05-50-0 1 2337 41 11 93 1 0.9621 0.0504 105 384
361-1-1-0.05-50-0 1 2338 7 3 101 2 0.9267 0.4813 106 321
361-1-1-0.05-50-0 1 2338 36 37 54 51 0.8162 0.8481 165 127
361-1-1-0.05-50-0 1 2338 36 2 54 27 0.8162 0.8198 165 167
361-1-1-0.05-50-0 1 2338 36 43 54 99 0.8162 0.8316 165 123
361-1-1-0.05-50-0 1 2339 36 14 52 42 0.8162 0.8451 165 105
361-1-1-0.05-50-0 1 2339 36 37 52 50 0.8162 0.8481 165 127
361-1-1-0.05-50-0 1 2340 14 13 43 151 0.8451 0.8878 105 151
361-1-1-0.05-50-0 1 2340 14 26 43 73 0.8451 0.8171 105 141
361-1-1-0.05-50-0 1 2341 1 1 18 18 0.2520 0.2520 409 409
361-1-1-0.05-50-0 1 2341 14 47 45 103 0.8451 0.9293 105 103
361-1-1-0.05-50-0 1 2341 14 13 45 147 0.8451 0.8878 105 151
361-1-1-0.05-50-0 1 2342 14 43 47 94 0.8451 0.8316 105 123
361-1-1-0.05-50-0 1 2342 14 25 47 119 0.8451 0.9430 105 125
361-1-1-0.05-50-0 1 2343 7 3 101 1 0.9267 0.4813 106 321
361-1-1-0.05-50-0 1 2345 36 43 54 96 0.8162 0.8316 165 123
361-1-1-0.05-50-0 1 2345 36 43 54 95 0.8162 0.8316 165 123
361-1-1-0.05-50-0 1 2345 37 16 56 1 0.8481 0.2228 127 149
361-1-1-0.05-50-0 1 2347 37 23 54 1 0.8481 0.1698 127 476
361-1-1-0.05-50-0 1 2347 1 1 14 14 0.2520 0.2520 409 409
361-1-1-0.05-50-0 1 2347 36 43 55 95 0.8162 0.8316 165 123
361-1-1-0.05-50-0 1 2348 36 26 54 65 0.8162 0.8171 165 141
361-1-1-0.05-50-0 1 2348 37 16 53 1 0.8481 0.2228 127 149
361-1-1-0.05-50-0 1 2348 36 14 54 48 0.8162 0.8451 165 105
361-1-1-0.05-50-0 1 2348 14 13 47 141 0.8451 0.8878 105 151
361-1-1-0.05-50-0 1 2348 19 19 4 4 0.8072 0.8072 134 134
361-1-1-0.05-50-0 1 2348 2 29 28 1 0.8198 0.6728 167 177
361-1-1-0.05-50-0 1 2349 36 36 59 59 0.8162 0.8162 165 165
361-1-1-0.05-50-0 1 2350 14 43 47 96 0.8451 0.8316 105 123
361-1-1-0.05-50-0 1 2350 14 13 47 139 0.8451 0.8878 105 151
361-1-1-0.05-50-0 1 2350 36 36 56 56 0.8162 0.8162 165 165
361-1-1-0.05-50-0 1 2350 36 26 55 63 0.8162 0.8171 165 141
361-1-1-0.05-50-0 1 2351 41 22 91 1 0.9621 0.0160 105 311
361-1-1-0.05-50-0 1 2351 1 1 14 14 0.2520 0.2520 409 409
361-1-1-0.05-50-0 1 2353 36 43 59 98 0.8162 0.8316 165 123
361-1-1-0.05-50-0 1 2353 36 43 59 97 0.8162 0.8316 165 123
361-1-1-0.05-50-0 1 2353 14 13 48 140 0.8451 0.8878 105 151
361-1-1-0.05-50-0 1 2353 14 7 48 92 0.8451 0.9267 105 106
361-1-1-0.05-50-0 1 2354 2 44 29 3 0.8198 0.7034 167 118
361-1-1-0.05-50-0 1 2354 14 13 48 138 0.8451 0.8878 105 151
361-1-1-0.05-50-0 1 2355 17 1 2 13 0.6398 0.2520 197 409
361-1-1-0.05-50-0 1 2355 36 2 61 31 0.8162 0.8198 165 167
361-1-1-0.05-50-0 1 2355 1 1 12 12 0.2520 0.2520 409 409
361-1-1-0.05-50-0 1 2356 36 26 61 67 0.8162 0.8171 165 141
361-1-1-0.05-50-0 1 2356 36 37 61 59 0.8162 0.8481 165 127
361-1-1-0.05-50-0 1 2356 42 1 1 11 0.7447 0.2520 106 409
361-1-1-0.05-50-0 1 2357 14 37 48 59 0.8451 0.8481 105 127
361-1-1-0.05-50-0 1 2358 36 37 62 58 0.8162 0.8481 165 127
361-1-1-0.05-50-0 1 2358 36 2 62 30 0.8162 0.8198 165 167
361-1-1-0.05-50-0 1 2360 26 28 71 2 0.8171 0.3846 141 311
361-1-1-0.05-50-0 1 2361 26 28 70 1 0.8171 0.3846 141 311
361-1-1-0.05-50-0 1 2361 14 41 53 96 0.8451 0.9621 105 105
361-1-1-0.05-50-0 1 2361 14 7 53 106 0.8451 0.9267 105 106
361-1-1-0.05-50-0 1 2361 36 14 67 53 0.8162 0.8451 165 105
361-1-1-0.05-50-0 1 2361 36 43 67 102 0.8162 0.8316 165 123
361-1-1-0.05-50-0 1 2362 14 43 51 103 0.8451 0.8316 105 123
361-1-1-0.05-50-0 1 2362 36 37 67 58 0.8162 0.8481 165 127
361-1-1-0.05-50-0 1 2362 7 3 105 2 0.9267 0.4813 106 321
361-1-1-0.05-50-0 1 2362 36 26 67 68 0.8162 0.8171 165 141
361-1-1-0.05-50-0 1 2362 14 13 51 138 0.8451 0.8878 105 151
361-1-1-0.05-50-0 1 2363 26 28 67 1 0.8171 0.3846 141 311
361-1-1-0.05-50-0 1 2363 36 42 70 1 0.8162 0.7447 165 106
361-1-1-0.05-50-0 1 2363 14 25 51 111 0.8451 0.9430 105 125
361-1-1-0.05-50-0 1 2363 2 44 32 3 0.8198 0.7034 167 118
361-1-1-0.05-50-0 1 2363 36 43 70 103 0.8162 0.8316 165 123
361-1-1-0.05-50-0 1 2364 7 3 106 1 0.9267 0.4813 106 321
361-1-1-0.05-50-0 1 2364 36 37 71 55 0.8162 0.8481 165 127
361-1-1-0.05-50-0 1 2364 14 41 50 95 0.8451 0.9621 105 105
361-1-1-0.05-50-0 1 2365 14 7 52 103 0.8451 0.9267 105 106
361-1-1-0.05-50-0 1 2365 36 37 73 52 0.8162 0.8481 165 127
361-1-1-0.05-50-0 1 2365 36 14 73 52 0.8162 0.8451 165 105
361-1-1-0.05-50-0 1 2366 36 19 74 4 0.8162 0.8072 165 134
361-1-1-0.05-50-0 1 2366 14 41 50 96 0.8451 0.9621 105 105
361-1-1-0.05-50-0 1 2366 14 13 50 139 0.8451 0.8878 105 151
361-1-1-0.05-50-0 1 2367 14 7 49 98 0.8451 0.9267 105 106
361-1-1-0.05-50-0 1 2367 36 43 75 110 0.8162 0.8316 165 123
361-1-1-0.05-50-0 1 2367 14 36 49 75 0.8451 0.8162 105 165
361-1-1-0.05-50-0 1 2367 36 19 74 3 0.8162 0.8072 165 134
361-1-1-0.05-50-0 1 2368 26 45 69 3 0.8171 0.3816 141 173
361-1-1-0.05-50-0 1 2368 36 36 75 75 0.8162 0.8162 165 165
361-1-1-0.05-50-0 1 2368 2 44 35 1 0.8198 0.7034 167 118
361-1-1-0.05-50-0 1 2369 40 45 4 2 0.9739 0.3816 104 173
361-1-1-0.05-50-0 1 2369 36 26 77 68 0.8162 0.8171 165 141
361-1-1-0.05-50-0 1 2369 14 47 48 100 0.8451 0.9293 105 103
361-1-1-0.05-50-0 1 2369 2 30 38 2 0.8198 0.6008 167 266
361-1-1-0.05-50-0 1 2370 25 35 119 1 0.9430 0.0354 125 158
361-1-1-0.05-50-0 1 2370 36 26 74 70 0.8162 0.8171 165 141
361-1-1-0.05-50-0 1 2371 14 36 47 75 0.8451 0.8162 105 165
361-1-1-0.05-50-0 1 2371 36 43 74 115 0.8162 0.8316 165 123
361-1-1-0.05-50-0 1 2372 36 2 74 41 0.8162 0.8198 165 167
361-1-1-0.05-50-0 1 2372 43 12 114 2 0.8316 0.1896 123 325
361-1-1-0.05-50-0 1 2372 36 2 74 40 0.8162 0.8198 165 167
361-1-1-0.05-50-0 1 2372 2 17 39 5 0.8198 0.6398 167 197
361-1-1-0.05-50-0 1 2373 36 26 75 68 0.8162 0.8171 165 141
361-1-1-0.05-50-0 1 2373 1 1 9 9 0.2520 0.2520 409 409
361-1-1-0.05-50-0 1 2373 36 36 75 75 0.8162 0.8162 165 165
361-1-1-0.05-50-0 1 2373 36 43 74 113 0.8162 0.8316 165 123
361-1-1-0.05-50-0 1 2373 2 6 40 1 0.8198 0.4266 167 249
361-1-1-0.05-50-0 1 2374 2 17 41 3 0.8198 0.6398 167 197
361-1-1-0.05-50-0 1 2374 14 26 43 69 0.8451 0.8171 105 141
361-1-1-0.05-50-0 1 2374 14 14 43 43 0.8451 0.8451 105 105
361-1-1-0.05-50-0 1 2375 14 37 43 44 0.8451 0.8481 105 127
361-1-1-0.05-50-0 1 2375 14 47 43 100 0.8451 0.9293 105 103
361-1-1-0.05-50-0 1 2376 19 15 2 1 0.8072 0.7918 134 149
361-1-1-0.05-50-0 1 2376 36 43 82 111 0.8162 0.8316 165 123
361-1-1-0.05-50-0 1 2376 1 1 8 8 0.2520 0.2520 409 409
361-1-1-0.05-50-0 1 2376 1 10 7 2 0.2520 0.2533 409 449
361-1-1-0.05-50-0 1 2376 14 43 42 110 0.8451 0.8316 105 123
361-1-1-0.05-50-0 1 2377 2 17 40 2 0.8198 0.6398 167 197
361-1-1-0.05-50-0 1 2377 14 2 42 40 0.8451 0.8198 105 167
361-1-1-0.05-50-0 1 2377 36 2 85 39 0.8162 0.8198 165 167
361-1-1-0.05-50-0 1 2377 36 14 85 42 0.8162 0.8451 165 105
361-1-1-0.05-50-0 1 2377 36 43 85 107 0.8162 0.8316 165 123
361-1-1-0.05-50-0 1 2378 43 12 110 2 0.8316 0.1896 123 325
361-1-1-0.05-50-0 1 2378 36 36 85 85 0.8162 0.8162 165 165
361-1-1-0.05-50-0 1 2378 36 26 84 66 0.8162 0.8171 165 141
361-1-1-0.05-50-0 1 2378 36 43 84 110 0.8162 0.8316 165 123
361-1-1-0.05-50-0 1 2378 43 12 109 1 0.8316 0.1896 123 325
361-1-1-0.05-50-0 1 2379 36 37 87 45 0.8162 0.8481 165 127
361-1-1-0.05-50-0 1 2379 14 25 41 125 0.8451 0.9430 105 125
361-1-1-0.05-50-0 1 2380 36 43 88 111 0.8162 0.8316 165 123
361-1-1-0.05-50-0 1 2380 1 1 7 7 0.2520 0.2520 409 409
361-1-1-0.05-50-0 1 2380 37 23 43 2 0.8481 0.1698 127 476
361-1-1-0.05-50-0 1 2380 36 37 88 43 0.8162 0.8481 165 127
361-1-1-0.05-50-0 1 2380 25 22 125 1 0.9430 0.0160 125 311
361-1-1-0.05-50-0 1 2381 14 7 45 106 0.8451 0.9267 105 106
361-1-1-0.05-50-0 1 2381 25 11 123 3 0.9430 0.0504 125 384
361-1-1-0.05-50-0 1 2381 14 2 45 43 0.8451 0.8198 105 167
361-1-1-0.05-50-0 1 2381 25 11 123 2 0.9430 0.0504 125 384
361-1-1-0.05-50-0 1 2382 36 37 87 40 0.8162 0.8481 165 127
361-1-1-0.05-50-0 1 2382 14 25 47 125 0.8451 0.9430 105 125
361-1-1-0.05-50-0 1 2382 37 23 39 2 0.8481 0.1698 127 476
361-1-1-0.05-50-0 1 2382 36 36 87 87 0.8162 0.8162 165 165
361-1-1-0.05-50-0 1 2382 14 13 47 149 0.8451 0.8878 105 151
361-1-1-0.05-50-0 1 2383 36 36 89 89 0.8162 0.8162 165 165
361-1-1-0.05-50-0 1 2383 37 23 40 1 0.8481 0.1698 127 476
361-1-1-0.05-50-0 1 2383 2 17 40 2 0.8198 0.6398 167 197
361-1-1-0.05-50-0 1 2383 36 43 88 115 0.8162 0.8316 165 123
361-1-1-0.05-50-0 1 2384 36 26 87 65 0.8162 0.8171 165 141
361-1-1-0.05-50-0 1 2385 36 19 85 5 0.8162 0.8072 165 134
361-1-1-0.05-50-0 1 2385 19 19 4 4 0.8072 0.8072 134 134
361-1-1-0.05-50-0 1 2385 36 36 85 85 0.8162 0.8162 165 165
361-1-1-0.05-50-0 1 2385 9 1 1 8 0.6134 0.2520 161 409
361-1-1-0.05-50-0 1 2385 41 11 101 1 0.9621 0.0504 105 384
361-1-1-0.05-50-0 1 2386 14 41 44 99 0.8451 0.9621 105 105
361-1-1-0.05-50-0 1 2387 14 7 43 105 0.8451 0.9267 105 106
361-1-1-0.05-50-0 1 2387 14 14 43 43 0.8451 0.8451 105 105
361-1-1-0.05-50-0 1 2387 37 24 46 2 0.8481 0.1940 127 254
361-1-1-0.05-50-0 1 2387 36 43 89 117 0.8162 0.8316 165 123
361-1-1-0.05-50-0 1 2388 37 24 46 1 0.8481 0.1940 127 254
361-1-1-0.05-50-0 1 2389 36 43 92 118 0.8162 0.8316 165 123
361-1-1-0.05-50-0 1 2389 14 36 41 92 0.8451 0.8162 105 165
361-1-1-0.05-50-0 1 2390 36 2 89 47 0.8162 0.8198 165 167
361-1-1-0.05-50-0 1 2390 36 37 89 48 0.8162 0.8481 165 127
361-1-1-0.05-50-0 1 2391 36 36 88 88 0.8162 0.8162 165 165
361-1-1-0.05-50-0 1 2391 36 36 87 87 0.8162 0.8162 165 165
361-1-1-0.05-50-0 1 2391 36 26 86 64 0.8162 0.8171 165 141
361-1-1-0.05-50-0 1 2391 2 9 46 2 0.8198 0.6134 167 161
361-1-1-0.05-50-0 1 2391 14 13 42 142 0.8451 0.8878 105 151
361-1-1-0.05-50-0 1 2392 36 37 90 50 0.8162 0.8481 165 127
361-1-1-0.05-50-0 1 2392 14 43 47 119 0.8451 0.8316 105 123
361-1-1-0.05-50-0 1 2392 25 22 120 1 0.9430 0.0160 125 311
361-1-1-0.05-50-0 1 2392 14 2 47 47 0.8451 0.8198 105 167
361-1-1-0.05-50-0 1 2393 14 43 48 121 0.8451 0.8316 105 123
361-1-1-0.05-50-0 1 2393 36 37 91 50 0.8162 0.8481 165 127
361-1-1-0.05-50-0 1 2393 36 36 91 91 0.8162 0.8162 165 165
361-1-1-0.05-50-0 1 2393 14 2 48 47 0.8451 0.8198 105 167
361-1-1-0.05-50-0 1 2393 36 2 90 46 0.8162 0.8198 165 167
361-1-1-0.05-50-0 1 2394 14 47 47 103 0.8451 0.9293 105 103
361-1-1-0.05-50-0 1 2394 36 2 91 45 0.8162 0.8198 165 167
361-1-1-0.05-50-0 1 2394 14 26 47 54 0.8451 0.8171 105 141
361-1-1-0.05-50-0 1 2395 36 36 93 93 0.8162 0.8162 165 165
361-1-1-0.05-50-0 1 2395 1 1 8 8 0.2520 0.2520 409 409
361-1-1-0.05-50-0 1 2395 36 26 92 53 0.8162 0.8171 165 141
361-1-1-0.05-50-0 1 2395 14 26 46 52 0.8451 0.8171 105 141
361-1-1-0.05-50-0 1 2395 2 32 43 1 0.8198 0.6514 167 215
361-1-1-0.05-50-0 1 2395 2 17 43 1 0.8198 0.6398 167 197
361-1-1-0.05-50-0 1 2396 14 37 45 54 0.8451 0.8481 105 127
361-1-1-0.05-50-0 1 2396 36 36 92 92 0.8162 0.8162 165 165
361-1-1-0.05-50-0 1 2396 36 14 91 45 0.8162 0.8451 165 105
361-1-1-0.05-50-0 1 2396 36 26 91 52 0.8162 0.8171 165 141
361-1-1-0.05-50-0 1 2397 7 31 106 1 0.9267 0.5626 106 252
361-1-1-0.05-50-0 1 2397 1 1 6 6 0.2520 0.2520 409 409
361-1-1-0.05-50-0 1 2398 36 36 87 87 0.8162 0.8162 165 165
361-1-1-0.05-50-0 1 2398 14 41 42 96 0.8451 0.9621 105 105
361-1-1-0.05-50-0 1 2398 36 26 86 52 0.8162 0.8171 165 141
361-1-1-0.05-50-0 1 2399 14 36 44 86 0.8451 0.8162 105 165
361-1-1-0.05-50-0 1 2399 14 36 44 85 0.8451 0.8162 105 165
361-1-1-0.05-50-0 1 2400 14 37 47 45 0.8451 0.8481 105 127
361-1-1-0.05-50-0 1 2400 2 21 52 2 0.8198 0.4184 167 158
361-1-1-0.05-50-0 1 2400 36 36 85 85 0.8162 0.8162 165 165
361-1-1-0.05-50-0 1 2400 36 43 84 123 0.8162 0.8316 165 123
361-1-1-0.05-50-0 1 2401 36 43 83 121 0.8162 0.8316 165 123
361-1-1-0.05-50-0 1 2401 36 36 83 83 0.8162 0.8162 165 165
361-1-1-0.05-50-0 1 2401 36 43 82 120 0.8162 0.8316 165 123
361-1-1-0.05-50-0 1 2401 14 26 49 46 0.8451 0.8171 105 141
361-1-1-0.05-50-0 1 2402 36 43 83 121 0.8162 0.8316 165 123
361-1-1-0.05-50-0 1 2402 36 36 83 83 0.8162 0.8162 165 165
361-1-1-0.05-50-0 1 2402 36 26 82 43 0.8162 0.8171 165 141
361-1-1-0.05-50-0 1 2403 1 1 7 7 0.2520 0.2520 409 409
361-1-1-0.05-50-0 1 2403 36 14 83 52 0.8162 0.8451 165 105
361-1-1-0.05-50-0 1 2404 36 43 85 112 0.8162 0.8316 165 123
361-1-1-0.05-50-0 1 2405 36 37 86 42 0.8162 0.8481 165 127
361-1-1-0.05-50-0 1 2405 14 43 57 115 0.8451 0.8316 105 123
361-1-1-0.05-50-0 1 2405 41 4 98 3 0.9621 0.0723 105 351
361-1-1-0.05-50-0 1 2405 36 36 86 86 0.8162 0.8162 165 165
361-1-1-0.05-50-0 1 2405 36 2 85 46 0.8162 0.8198 165 167
361-1-1-0.05-50-0 1 2406 14 13 59 150 0.8451 0.8878 105 151
361-1-1-0.05-50-0 1 2406 14 13 59 149 0.8451 0.8878 105 151
361-1-1-0.05-50-0 1 2406 36 26 90 46 0.8162 0.8171 165 141
361-1-1-0.05-50-0 1 2407 36 36 87 87 0.8162 0.8162 165 165
361-1-1-0.05-50-0 1 2407 14 13 57 151 0.8451 0.8878 105 151
361-1-1-0.05-50-0 1 2407 14 2 57 40 0.8451 0.8198 105 167
361-1-1-0.05-50-0 1 2407 14 36 57 86 0.8451 0.8162 105 165
361-1-1-0.05-50-0 1 2408 14 41 59 98 0.8451 0.9621 105 105
361-1-1-0.05-50-0 1 2408 36 36 89 89 0.8162 0.8162 165 165
361-1-1-0.05-50-0 1 2408 36 43 88 117 0.8162 0.8316 165 123
361-1-1-0.05-50-0 1 2408 14 25 59 122 0.8451 0.9430 105 125
361-1-1-0.05-50-0 1 2408 36 43 88 116 0.8162 0.8316 165 123
361-1-1-0.05-50-0 1 2408 36 2 88 38 0.8162 0.8198 165 167
361-1-1-0.05-50-0 1 2409 36 26 94 43 0.8162 0.8171 165 141
361-1-1-0.05-50-0 1 2409 41 4 99 2 0.9621 0.0723 105 351
361-1-1-0.05-50-0 1 2409 2 38 35 3 0.8198 0.6163 167 270
361-1-1-0.05-50-0 1 2409 36 43 94 120 0.8162 0.8316 165 123
361-1-1-0.05-50-0 1 2409 14 41 60 99 0.8451 0.9621 105 105
361-1-1-0.05-50-0 1 2409 36 43 94 119 0.8162 0.8316 165 123
361-1-1-0.05-50-0 1 2409 41 4 98 1 0.9621 0.0723 105 351
361-1-1-0.05-50-0 1 2410 36 14 94 57 0.8162 0.8451 165 105
361-1-1-0.05-50-0 1 2410 36 36 94 94 0.8162 0.8162 165 165
361-1-1-0.05-50-0 1 2411 36 37 90 43 0.8162 0.8481 165 127
361-1-1-0.05-50-0 1 2411 36 36 90 90 0.8162 0.8162 165 165
361-1-1-0.05-50-0 1 2411 14 13 55 151 0.8451 0.8878 105 151
361-1-1-0.05-50-0 1 2411 2 17 37 1 0.8198 0.6398 167 197
361-1-1-0.05-50-0 1 2412 36 36 93 93 0.8162 0.8162 165 165
361-1-1-0.05-50-0 1 2412 14 36 57 92 0.8451 0.8162 105 165
361-1-1-0.05-50-0 1 2412 37 50 43 2 0.8481 0.2147 127 147
361-1-1-0.05-50-0 1 2413 36 36 91 91 0.8162 0.8162 165 165
361-1-1-0.05-50-0 1 2413 36 37 90 42 0.8162 0.8481 165 127
361-1-1-0.05-50-0 1 2413 14 13 58 151 0.8451 0.8878 105 151
361-1-1-0.05-50-0 1 2413 36 36 90 90 0.8162 0.8162 165 165
361-1-1-0.05-50-0 1 2414 36 43 93 119 0.8162 0.8316 165 123
361-1-1-0.05-50-0 1 2414 14 41 59 89 0.8451 0.9621 105 105
361-1-1-0.05-50-0 1 2414 36 43 93 118 0.8162 0.8316 165 123
361-1-1-0.05-50-0 1 2414 36 36 93 93 0.8162 0.8162 165 165
361-1-1-0.05-50-0 1 2415 14 13 62 151 0.8451 0.8878 105 151
361-1-1-0.05-50-0 1 2415 36 36 92 92 0.8162 0.8162 165 165
361-1-1-0.05-50-0 1 2415 36 36 91 91 0.8162 0.8162 165 165
361-1-1-0.05-50-0 1 2415 36 37 90 43 0.8162 0.8481 165 127
361-1-1-0.05-50-0 1 2415 1 8 4 1 0.2520 0.2506 409 303
361-1-1-0.05-50-0 1 2416 14 2 63 41 0.8451 0.8198 105 167
361-1-1-0.05-50-0 1 2416 37 50 42 1 0.8481 0.2147 127 147
361-1-1-0.05-50-0 1 2416 14 41 63 92 0.8451 0.9621 105 105
361-1-1-0.05-50-0 1 2416 36 2 89 40 0.8162 0.8198 165 167
361-1-1-0.05-50-0 1 2416 36 43 89 119 0.8162 0.8316 165 123
361-1-1-0.05-50-0 1 2417 14 40 55 4 0.8451 0.9739 105 104
361-1-1-0.05-50-0 1 2417 2 38 41 1 0.8198 0.6163 167 270
361-1-1-0.05-50-0 1 2418 36 43 92 119 0.8162 0.8316 165 123
361-1-1-0.05-50-0 1 2418 43 24 118 1 0.8316 0.1940 123 254
361-1-1-0.05-50-0 1 2418 36 36 92 92 0.8162 0.8162 165 165
361-1-1-0.05-50-0 1 2418 36 36 91 91 0.8162 0.8162 165 165
361-1-1-0.05-50-0 1 2418 36 43 90 118 0.8162 0.8316 165 123
361-1-1-0.05-50-0 1 2419 36 2 91 39 0.8162 0.8198 165 167
361-1-1-0.05-50-0 1 2420 14 13 56 147 0.8451 0.8878 105 151
361-1-1-0.05-50-0 1 2420 14 37 56 40 0.8451 0.8481 105 127
361-1-1-0.05-50-0 1 2420 26 3 45 1 0.8171 0.4813 141 321
361-1-1-0.05-50-0 1 2420 14 13 56 146 0.8451 0.8878 105 151
361-1-1-0.05-50-0 1 2421 1 1 11 11 0.2520 0.2520 409 409
361-1-1-0.05-50-0 1 2421 1 1 10 10 0.2520 0.2520 409 409
361-1-1-0.05-50-0 1 2421 14 14 56 56 0.8451 0.8451 105 105
361-1-1-0.05-50-0 1 2421 36 33 89 1 0.8162 0.6893 165 191
361-1-1-0.05-50-0 1 2421 37 23 39 1 0.8481 0.1698 127 476
361-1-1-0.05-50-0 1 2422 14 13 56 146 0.8451 0.8878 105 151
361-1-1-0.05-50-0 1 2422 36 37 90 39 0.8162 0.8481 165 127
361-1-1-0.05-50-0 1 2422 36 43 90 123 0.8162 0.8316 165 123
361-1-1-0.05-50-0 1 2422 36 43 90 122 0.8162 0.8316 165 123
361-1-1-0.05-50-0 1 2422 36 43 90 121 0.8162 0.8316 165 123
361-1-1-0.05-50-0 1 2423 36 36 89 89 0.8162 0.8162 165 165
361-1-1-0.05-50-0 1 2423 14 7 57 103 0.8451 0.9267 105 106
361-1-1-0.05-50-0 1 2423 36 36 88 88 0.8162 0.8162 165 165
361-1-1-0.05-50-0 1 2423 43 24 118 1 0.8316 0.1940 123 254
361-1-1-0.05-50-0 1 2424 19 34 1 4 0.8072 0.7448 134 168
361-1-1-0.05-50-0 1 2424 36 37 89 44 0.8162 0.8481 165 127
361-1-1-0.05-50-0 1 2424 41 4 89 2 0.9621 0.0723 105 351
361-1-1-0.05-50-0 1 2424 36 26 89 50 0.8162 0.8171 165 141
361-1-1-0.05-50-0 1 2424 36 36 89 89 0.8162 0.8162 165 165
361-1-1-0.05-50-0 1 2424 36 14 88 53 0.8162 0.8451 165 105
361-1-1-0.05-50-0 1 2424 14 36 52 88 0.8451 0.8162 105 165
361-1-1-0.05-50-0 1 2425 36 37 89 42 0.8162 0.8481 165 127
361-1-1-0.05-50-0 1 2425 14 7 54 106 0.8451 0.9267 105 106
361-1-1-0.05-50-0 1 2425 36 2 89 36 0.8162 0.8198 165 167
361-1-1-0.05-50-0 1 2425 14 14 54 54 0.8451 0.8451 105 105
361-1-1-0.05-50-0 1 2425 14 25 53 121 0.8451 0.9430 105 125
361-1-1-0.05-50-0 1 2425 36 26 89 52 0.8162 0.8171 165 141
361-1-1-0.05-50-0 1 2426 34 27 3 149 0.7448 0.0776 168 149
361-1-1-0.05-50-0 1 2426 43 12 120 1 0.8316 0.1896 123 325
361-1-1-0.05-50-0 1 2427 14 25 52 120 0.8451 0.9430 105 125
361-1-1-0.05-50-0 1 2427 36 43 91 115 0.8162 0.8316 165 123
361-1-1-0.05-50-0 1 2428 36 14 89 53 0.8162 0.8451 165 105
361-1-1-0.05-50-0 1 2428 41 4 83 1 0.9621 0.0723 105 351
361-1-1-0.05-50-0 1 2428 36 37 89 39 0.8162 0.8481 165 127
361-1-1-0.05-50-0 1 2429 36 37 94 40 0.8162 0.8481 165 127
361-1-1-0.05-50-0 1 2429 36 2 94 38 0.8162 0.8198 165 167
361-1-1-0.05-50-0 1 2429 26 46 58 1 0.8171 0.3451 141 327
361-1-1-0.05-50-0 1 2429 14 14 55 55 0.8451 0.8451 105 105
361-1-1-0.05-50-0 1 2429 36 2 94 37 0.8162 0.8198 165 167
361-1-1-0.05-50-0 1 2430 36 36 99 99 0.8162 0.8162 165 165
361-1-1-0.05-50-0 1 2430 36 43 98 114 0.8162 0.8316 165 123
361-1-1-0.05-50-0 1 2430 14 47 58 103 0.8451 0.9293 105 103
361-1-1-0.05-50-0 1 2431 14 47 61 103 0.8451 0.9293 105 103
361-1-1-0.05-50-0 1 2431 43 24 116 1 0.8316 0.1940 123 254
361-1-1-0.05-50-0 1 2431 14 26 61 65 0.8451 0.8171 105 141
361-1-1-0.05-50-0 1 2431 36 2 101 39 0.8162 0.8198 165 167
361-1-1-0.05-50-0 1 2431 36 43 101 116 0.8162 0.8316 165 123
361-1-1-0.05-50-0 1 2432 14 26 58 68 0.8451 0.8171 105 141
361-1-1-0.05-50-0 1 2432 1 1 11 11 0.2520 0.2520 409 409
361-1-1-0.05-50-0 1 2432 36 14 102 58 0.8162 0.8451 165 105
361-1-1-0.05-50-0 1 2433 36 43 100 110 0.8162 0.8316 165 123
361-1-1-0.05-50-0 1 2433 14 47 56 99 0.8451 0.9293 105 103
361-1-1-0.05-50-0 1 2433 14 47 56 98 0.8451 0.9293 105 103
361-1-1-0.05-50-0 1 2433 14 19 56 2 0.8451 0.8072 105 134
361-1-1-0.05-50-0 1 2434 36 26 101 64 0.8162 0.8171 165 141
361-1-1-0.05-50-0 1 2435 36 37 101 35 0.8162 0.8481 165 127
361-1-1-0.05-50-0 1 2435 14 14 56 56 0.8451 0.8451 105 105
361-1-1-0.05-50-0 1 2435 14 43 55 109 0.8451 0.8316 105 123
361-1-1-0.05-50-0 1 2435 36 36 101 101 0.8162 0.8162 165 165
361-1-1-0.05-50-0 1 2436 14 43 58 108 0.8451 0.8316 105 123
361-1-1-0.05-50-0 1 2436 36 43 96 107 0.8162 0.8316 165 123
361-1-1-0.05-50-0 1 2436 36 26 96 62 0.8162 0.8171 165 141
361-1-1-0.05-50-0 1 2436 36 2 96 40 0.8162 0.8198 165 167
361-1-1-0.05-50-0 1 2437 2 6 38 1 0.8198 0.4266 167 249
361-1-1-0.05-50-0 1 2437 36 14 93 58 0.8162 0.8451 165 105
361-1-1-0.05-50-0 1 2438 1 1 12 12 0.2520 0.2520 409 409
361-1-1-0.05-50-0 1 2438 34 27 2 147 0.7448 0.0776 168 149
361-1-1-0.05-50-0 1 2438 36 14 93 58 0.8162 0.8451 165 105
361-1-1-0.05-50-0 1 2438 26 45 62 3 0.8171 0.3816 141 173
361-1-1-0.05-50-0 1 2439 14 26 54 64 0.8451 0.8171 105 141
361-1-1-0.05-50-0 1 2439 36 37 94 34 0.8162 0.8481 165 127
361-1-1-0.05-50-0 1 2439 14 7 54 100 0.8451 0.9267 105 106
361-1-1-0.05-50-0 1 2439 36 36 94 94 0.8162 0.8162 165 165
361-1-1-0.05-50-0 1 2439 40 42 9 1 0.9739 0.7447 104 106
361-1-1-0.05-50-0 1 2440 37 16 36 1 0.8481 0.2228 127 149
361-1-1-0.05-50-0 1 2440 14 37 53 36 0.8451 0.8481 105 127
361-1-1-0.05-50-0 1 2440 14 25 53 118 0.8451 0.9430 105 125
361-1-1-0.05-50-0 1 2440 14 43 53 110 0.8451 0.8316 105 123
361-1-1-0.05-50-0 1 2440 14 14 53 53 0.8451 0.8451 105 105
361-1-1-0.05-50-0 1 2440 36 37 92 35 0.8162 0.8481 165 127
361-1-1-0.05-50-0 1 2441 14 47 54 94 0.8451 0.9293 105 103
361-1-1-0.05-50-0 1 2441 43 49 109 1 0.8316 0.1842 123 136
361-1-1-0.05-50-0 1 2442 36 37 89 37 0.8162 0.8481 165 127
361-1-1-0.05-50-0 1 2442 14 36 56 89 0.8451 0.8162 105 165
361-1-1-0.05-50-0 1 2442 14 47 56 93 0.8451 0.9293 105 103
361-1-1-0.05-50-0 1 2443 14 14 53 53 0.8451 0.8451 105 105
361-1-1-0.05-50-0 1 2443 43 12 113 1 0.8316 0.1896 123 325
361-1-1-0.05-50-0 1 2443 36 36 88 88 0.8162 0.8162 165 165
361-1-1-0.05-50-0 1 2443 36 26 87 68 0.8162 0.8171 165 141
361-1-1-0.05-50-0 1 2443 36 2 87 41 0.8162 0.8198 165 167
361-1-1-0.05-50-0 1 2443 36 43 87 113 0.8162 0.8316 165 123
361-1-1-0.05-50-0 1 2444 34 27 3 145 0.7448 0.0776 168 149
361-1-1-0.05-50-0 1 2444 14 14 52 52 0.8451 0.8451 105 105
361-1-1-0.05-50-0 1 2445 36 37 84 34 0.8162 0.8481 165 127
361-1-1-0.05-50-0 1 2445 36 43 84 107 0.8162 0.8316 165 123
361-1-1-0.05-50-0 1 2446 36 43 84 107 0.8162 0.8316 165 123
361-1-1-0.05-50-0 1 2446 40 45 12 1 0.9739 0.3816 104 173
361-1-1-0.05-50-0 1 2447 36 43 87 107 0.8162 0.8316 165 123
361-1-1-0.05-50-0 1 2447 14 43 50 106 0.8451 0.8316 105 123
361-1-1-0.05-50-0 1 2447 36 2 87 41 0.8162 0.8198 165 167
361-1-1-0.05-50-0 1 2447 1 1 13 13 0.2520 0.2520 409 409
361-1-1-0.05-50-0 1 2447 36 36 87 87 0.8162 0.8162 165 165
361-1-1-0.05-50-0 1 2448 36 43 84 104 0.8162 0.8316 165 123
361-1-1-0.05-50-0 1 2449 14 43 52 107 0.8451 0.8316 105 123
361-1-1-0.05-50-0 1 2449 36 37 83 30 0.8162 0.8481 165 127
361-1-1-0.05-50-0 1 2449 36 36 83 83 0.8162 0.8162 165 165
361-1-1-0.05-50-0 1 2449 26 6 74 2 0.8171 0.4266 141 249
361-1-1-0.05-50-0 1 2450 36 43 84 104 0.8162 0.8316 165 123
361-1-1-0.05-50-0 1 2450 1 18 14 1 0.2520 0.2181 409 226
361-1-1-0.05-50-0 1 2450 14 37 51 29 0.8451 0.8481 105 127
361-1-1-0.05-50-0 1 2450 36 34 84 3 0.8162 0.7448 165 168
361-1-1-0.05-50-0 1 2451 36 31 85 1 0.8162 0.5626 165 252
361-1-1-0.05-50-0 1 2452 36 26 83 76 0.8162 0.8171 165 141
361-1-1-0.05-50-0 1 2452 1 23 16 1 0.2520 0.1698 409 476
361-1-1-0.05-50-0 1 2452 1 1 16 16 0.2520 0.2520 409 409
361-1-1-0.05-50-0 1 2452 14 41 51 100 0.8451 0.9621 105 105
361-1-1-0.05-50-0 1 2452 1 1 15 15 0.2520 0.2520 409 409
361-1-1-0.05-50-0 1 2453 36 36 84 84 0.8162 0.8162 165 165
361-1-1-0.05-50-0 1 2453 19 38 3 1 0.8072 0.6163 134 270
361-1-1-0.05-50-0 1 2453 36 26 83 73 0.8162 0.8171 165 141
361-1-1-0.05-50-0 1 2453 36 2 83 38 0.8162 0.8198 165 167
361-1-1-0.05-50-0 1 2454 14 2 51 37 0.8451 0.8198 105 167
361-1-1-0.05-50-0 1 2454 1 1 14 14 0.2520 0.2520 409 409
361-1-1-0.05-50-0 1 2454 14 43 51 107 0.8451 0.8316 105 123
361-1-1-0.05-50-0 1 2455 36 43 90 108 0.8162 0.8316 165 123
361-1-1-0.05-50-0 1 2455 14 14 52 52 0.8451 0.8451 105 105
361-1-1-0.05-50-0 1 2455 36 2 90 35 0.8162 0.8198 165 167
361-1-1-0.05-50-0 1 2455 36 34 90 4 0.8162 0.7448 165 168
361-1-1-0.05-50-0 1 2456 14 7 50 106 0.8451 0.9267 105 106
361-1-1-0.05-50-0 1 2456 36 43 90 109 0.8162 0.8316 165 123
361-1-1-0.05-50-0 1 2456 36 31 90 1 0.8162 0.5626 165 252
361-1-1-0.05-50-0 1 2457 36 2 94 34 0.8162 0.8198 165 167
361-1-1-0.05-50-0 1 2457 41 22 105 1 0.9621 0.0160 105 311
361-1-1-0.05-50-0 1 2458 40 34 10 3 0.9739 0.7448 104 168
361-1-1-0.05-50-0 1 2458 14 25 48 115 0.8451 0.9430 105 125
361-1-1-0.05-50-0 1 2458 14 43 48 107 0.8451 0.8316 105 123
361-1-1-0.05-50-0 1 2459 36 26 94 82 0.8162 0.8171 165 141
361-1-1-0.05-50-0 1 2459 36 14 94 49 0.8162 0.8451 165 105
361-1-1-0.05-50-0 1 2459 36 14 94 48 0.8162 0.8451 165 105
361-1-1-0.05-50-0 1 2460 36 43 98 100 0.8162 0.8316 165 123
361-1-1-0.05-50-0 1 2460 26 46 81 1 0.8171 0.3451 141 327
361-1-1-0.05-50-0 1 2460 36 14 98 48 0.8162 0.8451 165 105
361-1-1-0.05-50-0 1 2460 41 4 105 1 0.9621 0.0723 105 351
361-1-1-0.05-50-0 1 2461 2 44 34 3 0.8198 0.7034 167 118
361-1-1-0.05-50-0 1 2461 14 7 47 106 0.8451 0.9267 105 106
361-1-1-0.05-50-0 1 2461 14 41 47 104 0.8451 0.9621 105 105
361-1-1-0.05-50-0 1 2461 36 14 95 47 0.8162 0.8451 165 105
361-1-1-0.05-50-0 1 2462 36 36 96 96 0.8162 0.8162 165 165
361-1-1-0.05-50-0 1 2462 14 26 43 82 0.8451 0.8171 105 141
361-1-1-0.05-50-0 1 2462 36 43 95 102 0.8162 0.8316 165 123
361-1-1-0.05-50-0 1 2462 1 8 12 2 0.2520 0.2506 409 303
361-1-1-0.05-50-0 1 2463 36 37 96 30 0.8162 0.8481 165 127
361-1-1-0.05-50-0 1 2463 36 36 96 96 0.8162 0.8162 165 165
361-1-1-0.05-50-0 1 2464 36 36 97 97 0.8162 0.8162 165 165
361-1-1-0.05-50-0 1 2464 1 8 11 2 0.2520 0.2506 409 303
361-1-1-0.05-50-0 1 2464 36 43 96 102 0.8162 0.8316 165 123
361-1-1-0.05-50-0 1 2465 14 13 43 145 0.8451 0.8878 105 151
361-1-1-0.05-50-0 1 2466 36 36 102 102 0.8162 0.8162 165 165
361-1-1-0.05-50-0 1 2466 2 6 35 1 0.8198 0.4266 167 249
361-1-1-0.05-50-0 1 2466 40 44 10 3 0.9739 0.7034 104 118
361-1-1-0.05-50-0 1 2466 1 1 11 11 0.2520 0.2520 409 409
361-1-1-0.05-50-0 1 2467 36 43 103 96 0.8162 0.8316 165 123
361-1-1-0.05-50-0 1 2467 14 7 42 99 0.8451 0.9267 105 106
361-1-1-0.05-50-0 1 2467 36 43 103 95 0.8162 0.8316 165 123
361-1-1-0.05-50-0 1 2467 14 47 42 101 0.8451 0.9293 105 103
361-1-1-0.05-50-0 1 2468 14 25 41 108 0.8451 0.9430 105 125
361-1-1-0.05-50-0 1 2468 14 41 41 104 0.8451 0.9621 105 105
361-1-1-0.05-50-0 1 2468 14 14 41 41 0.8451 0.8451 105 105
361-1-1-0.05-50-0 1 2468 25 35 107 2 0.9430 0.0354 125 158
361-1-1-0.05-50-0 1 2468 2 44 36 2 0.8198 0.7034 167 118
361-1-1-0.05-50-0 1 2469 20 44 1 1 0.9922 0.7034 102 118
361-1-1-0.05-50-0 1 2469 14 13 38 148 0.8451 0.8878 105 151
361-1-1-0.05-50-0 1 2469 36 43 97 92 0.8162 0.8316 165 123
361-1-1-0.05-50-0 1 2469 36 36 97 97 0.8162 0.8162 165 165
361-1-1-0.05-50-0 1 2470 37 50 30 2 0.8481 0.2147 127 147
361-1-1-0.05-50-0 1 2470 40 42 11 1 0.9739 0.7447 104 106
361-1-1-0.05-50-0 1 2471 36 14 95 38 0.8162 0.8451 165 105
361-1-1-0.05-50-0 1 2471 36 26 95 98 0.8162 0.8171 165 141
361-1-1-0.05-50-0 1 2471 36 14 95 37 0.8162 0.8451 165 105
361-1-1-0.05-50-0 1 2471 14 26 36 97 0.8451 0.8171 105 141
361-1-1-0.05-50-0 1 2471 43 12 86 1 0.8316 0.1896 123 325
361-1-1-0.05-50-0 1 2472 36 2 95 31 0.8162 0.8198 165 167
361-1-1-0.05-50-0 1 2472 14 7 37 96 0.8451 0.9267 105 106
361-1-1-0.05-50-0 1 2473 14 47 37 97 0.8451 0.9293 105 103
361-1-1-0.05-50-0 1 2473 25 35 108 1 0.9430 0.0354 125 158
361-1-1-0.05-50-0 1 2473 37 16 33 2 0.8481 0.2228 127 149
361-1-1-0.05-50-0 1 2473 36 26 95 96 0.8162 0.8171 165 141
361-1-1-0.05-50-0 1 2474 41 5 102 1 0.9621 0.0007 105 226
361-1-1-0.05-50-0 1 2474 36 26 96 97 0.8162 0.8171 165 141
361-1-1-0.05-50-0 1 2475 37 18 32 2 0.8481 0.2181 127 226
361-1-1-0.05-50-0 1 2475 36 43 94 92 0.8162 0.8316 165 123
361-1-1-0.05-50-0 1 2476 14 13 37 150 0.8451 0.8878 105 151
361-1-1-0.05-50-0 1 2476 36 36 91 91 0.8162 0.8162 165 165
361-1-1-0.05-50-0 1 2476 1 1 12 12 0.2520 0.2520 409 409
361-1-1-0.05-50-0 1 2476 34 27 1 144 0.7448 0.0776 168 149
361-1-1-0.05-50-0 1 2477 36 36 89 89 0.8162 0.8162 165 165
361-1-1-0.05-50-0 1 2477 14 47 39 102 0.8451 0.9293 105 103
361-1-1-0.05-50-0 1 2477 1 1 11 11 0.2520 0.2520 409 409
361-1-1-0.05-50-0 1 2477 36 36 88 88 0.8162 0.8162 165 165
361-1-1-0.05-50-0 1 2477 36 26 87 100 0.8162 0.8171 165 141
361-1-1-0.05-50-0 1 2478 40 9 11 3 0.9739 0.6134 104 161
361-1-1-0.05-50-0 1 2478 36 14 86 41 0.8162 0.8451 165 105
361-1-1-0.05-50-0 1 2478 14 25 40 117 0.8451 0.9430 105 125
361-1-1-0.05-50-0 1 2478 36 36 86 86 0.8162 0.8162 165 165
361-1-1-0.05-50-0 1 2478 14 7 40 90 0.8451 0.9267 105 106
361-1-1-0.05-50-0 1 2478 2 30 30 3 0.8198 0.6008 167 266
361-1-1-0.05-50-0 1 2479 19 19 6 6 0.8072 0.8072 134 134
361-1-1-0.05-50-0 1 2479 36 43 90 96 0.8162 0.8316 165 123
361-1-1-0.05-50-0 1 2480 36 26 93 96 0.8162 0.8171 165 141
361-1-1-0.05-50-0 1 2480 14 47 41 103 0.8451 0.9293 105 103
361-1-1-0.05-50-0 1 2480 14 13 41 149 0.8451 0.8878 105 151
361-1-1-0.05-50-0 1 2480 36 26 93 95 0.8162 0.8171 165 141
361-1-1-0.05-50-0 1 2480 14 47 41 102 0.8451 0.9293 105 103
361-1-1-0.05-50-0 1 2480 14 13 41 148 0.8451 0.8878 105 151
361-1-1-0.05-50-0 1 2480 14 41 41 94 0.8451 0.9621 105 105
361-1-1-0.05-50-0 1 2481 36 2 93 32 0.8162 0.8198 165 167
361-1-1-0.05-50-0 1 2481 36 36 93 93 0.8162 0.8162 165 165
361-1-1-0.05-50-0 1 2482 36 26 93 100 0.8162 0.8171 165 141
361-1-1-0.05-50-0 1 2482 14 43 39 98 0.8451 0.8316 105 123
361-1-1-0.05-50-0 1 2482 14 7 39 90 0.8451 0.9267 105 106
361-1-1-0.05-50-0 1 2483 14 25 37 121 0.8451 0.9430 105 125
361-1-1-0.05-50-0 1 2483 34 27 1 149 0.7448 0.0776 168 149
361-1-1-0.05-50-0 1 2483 1 1 9 9 0.2520 0.2520 409 409
361-1-1-0.05-50-0 1 2484 36 43 92 95 0.8162 0.8316 165 123
361-1-1-0.05-50-0 1 2484 36 2 92 30 0.8162 0.8198 165 167
361-1-1-0.05-50-0 1 2484 37 18 34 1 0.8481 0.2181 127 226
361-1-1-0.05-50-0 1 2485 36 43 92 97 0.8162 0.8316 165 123
361-1-1-0.05-50-0 1 2485 14 47 38 96 0.8451 0.9293 105 103
361-1-1-0.05-50-0 1 2485 37 23 35 2 0.8481 0.1698 127 476
361-1-1-0.05-50-0 1 2485 37 16 35 1 0.8481 0.2228 127 149
361-1-1-0.05-50-0 1 2485 36 37 92 35 0.8162 0.8481 165 127
361-1-1-0.05-50-0 1 2485 1 1 9 9 0.2520 0.2520 409 409
361-1-1-0.05-50-0 1 2486 37 23 33 1 0.8481 0.1698 127 476
361-1-1-0.05-50-0 1 2486 14 47 39 92 0.8451 0.9293 105 103
361-1-1-0.05-50-0 1 2486 36 26 91 97 0.8162 0.8171 165 141
361-1-1-0.05-50-0 1 2486 36 36 91 91 0.8162 0.8162 165 165
361-1-1-0.05-50-0 1 2487 14 47 40 93 0.8451 0.9293 105 103
361-1-1-0.05-50-0 1 2487 36 26 89 96 0.8162 0.8171 165 141
361-1-1-0.05-50-0 1 2487 14 2 40 27 0.8451 0.8198 105 167
361-1-1-0.05-50-0 1 2487 36 26 89 95 0.8162 0.8171 165 141
361-1-1-0.05-50-0 1 2488 14 25 41 117 0.8451 0.9430 105 125
361-1-1-0.05-50-0 1 2488 36 26 88 98 0.8162 0.8171 165 141
361-1-1-0.05-50-0 1 2489 36 36 89 89 0.8162 0.8162 165 165
361-1-1-0.05-50-0 1 2489 36 37 88 36 0.8162 0.8481 165 127
361-1-1-0.05-50-0 1 2489 37 23 35 2 0.8481 0.1698 127 476
361-1-1-0.05-50-0 1 2490 36 19 88 3 0.8162 0.8072 165 134
361-1-1-0.05-50-0 1 2490 36 26 88 102 0.8162 0.8171 165 141
361-1-1-0.05-50-0 1 2491 41 4 79 1 0.9621 0.0723 105 351
361-1-1-0.05-50-0 1 2491 40 34 13 1 0.9739 0.7448 104 168
361-1-1-0.05-50-0 1 2491 36 36 89 89 0.8162 0.8162 165 165
361-1-1-0.05-50-0 1 2492 36 26 87 101 0.8162 0.8171 165 141
361-1-1-0.05-50-0 1 2492 14 7 42 92 0.8451 0.9267 105 106
361-1-1-0.05-50-0 1 2493 36 43 89 95 0.8162 0.8316 165 123
361-1-1-0.05-50-0 1 2493 36 19 89 2 0.8162 0.8072 165 134
361-1-1-0.05-50-0 1 2493 36 37 89 36 0.8162 0.8481 165 127
361-1-1-0.05-50-0 1 2493 36 43 89 94 0.8162 0.8316 165 123
361-1-1-0.05-50-0 1 2493 36 43 89 93 0.8162 0.8316 165 123
361-1-1-0.05-50-0 1 2494 26 46 104 1 0.8171 0.3451 141 327
361-1-1-0.05-50-0 1 2494 36 37 86 35 0.8162 0.8481 165 127
361-1-1-0.05-50-0 1 2494 40 9 17 2 0.9739 0.6134 104 161
361-1-1-0.05-50-0 1 2494 36 43 86 91 0.8162 0.8316 165 123
361-1-1-0.05-50-0 1 2494 14 36 41 86 0.8451 0.8162 105 165
361-1-1-0.05-50-0 1 2494 14 14 41 41 0.8451 0.8451 105 105
361-1-1-0.05-50-0 1 2495 36 43 83 93 0.8162 0.8316 165 123
361-1-1-0.05-50-0 1 2495 25 11 122 1 0.9430 0.0504 125 384
361-1-1-0.05-50-0 1 2495 36 2 83 23 0.8162 0.8198 165 167
361-1-1-0.05-50-0 1 2495 36 14 83 41 0.8162 0.8451 165 105
361-1-1-0.05-50-0 1 2495 36 43 83 92 0.8162 0.8316 165 123
361-1-1-0.05-50-0 1 2496 2 30 22 1 0.8198 0.6008 167 266
361-1-1-0.05-50-0 1 2496 14 43 41 89 0.8451 0.8316 105 123
361-1-1-0.05-50-0 1 2497 36 26 84 104 0.8162 0.8171 165 141
361-1-1-0.05-50-0 1 2498 36 26 83 98 0.8162 0.8171 165 141
361-1-1-0.05-50-0 1 2499 36 26 83 98 0.8162 0.8171 165 141
361-1-1-0.05-50-0 1 2499 36 26 83 97 0.8162 0.8171 165 141
361-1-1-0.05-50-0 1 2500 7 31 106 1 0.9267 0.5626 106 252
361-1-1-0.05-50-0 1 2500 36 43 82 93 0.8162 0.8316 165 123
361-1-1-0.05-50-0 1 2500 36 43 82 92 0.8162 0.8316 165 123
