364-0-1-0.05-50-0 0 2302 32 39 4 4 0.6514 0.2187 215 309
364-0-1-0.05-50-0 0 2302 41 34 10 1 0.9621 0.7448 105 168
364-0-1-0.05-50-0 0 2303 44 11 2 2 0.7034 0.0504 118 384
364-0-1-0.05-50-0 0 2303 19 19 6 6 0.8072 0.8072 134 134
364-0-1-0.05-50-0 0 2304 48 19 12 5 0.1153 0.8072 334 134
364-0-1-0.05-50-0 0 2304 1 6 11 8 0.2520 0.4266 409 249
364-0-1-0.05-50-0 0 2305 20 17 2 8 0.9922 0.6398 102 197
364-0-1-0.05-50-0 0 2305 22 15 2 4 0.0160 0.7918 311 149
364-0-1-0.05-50-0 0 2306 48 5 10 17 0.1153 0.0007 334 226
364-0-1-0.05-50-0 0 2306 1 48 11 10 0.2520 0.1153 409 334
364-0-1-0.05-50-0 0 2307 42 4 8 12 0.7447 0.0723 106 351
364-0-1-0.05-50-0 0 2307 46 39 3 3 0.3451 0.2187 327 309
364-0-1-0.05-50-0 0 2308 41 17 13 7 0.9621 0.6398 105 197
364-0-1-0.05-50-0 0 2308 5 41 17 13 0.0007 0.9621 226 105
364-0-1-0.05-50-0 0 2309 5 6 17 7 0.0007 0.4266 226 249
364-0-1-0.05-50-0 0 2309 12 1 3 12 0.1896 0.2520 325 409
364-0-1-0.05-50-0 0 2310 25 5 1 19 0.9430 0.0007 125 226
364-0-1-0.05-50-0 0 2310 49 27 5 3 0.1842 0.0776 136 149
364-0-1-0.05-50-0 0 2311 17 7 6 1 0.6398 0.9267 197 106
364-0-1-0.05-50-0 0 2311 32 1 3 10 0.6514 0.2520 215 409
364-0-1-0.05-50-0 0 2312 15 12 3 2 0.7918 0.1896 149 325
364-0-1-0.05-50-0 0 2312 48 15 8 3 0.1153 0.7918 334 149
364-0-1-0.05-50-0 0 2313 3 27 1 3 0.4813 0.0776 321 149
364-0-1-0.05-50-0 0 2313 27 15 2 2 0.0776 0.7918 149 149
364-0-1-0.05-50-0 0 2314 5 19 15 7 0.0007 0.8072 226 134
364-0-1-0.05-50-0 0 2314 6 4 6 8 0.4266 0.0723 249 351
364-0-1-0.05-50-0 0 2315 48 4 8 6 0.1153 0.0723 334 351
364-0-1-0.05-50-0 0 2315 5 6 13 6 0.0007 0.4266 226 249
364-0-1-0.05-50-0 0 2316 1 5 10 13 0.2520 0.0007 409 226
364-0-1-0.05-50-0 0 2316 3 1 2 10 0.4813 0.2520 321 409
364-0-1-0.05-50-0 0 2317 42 5 10 12 0.7447 0.0007 106 226
364-0-1-0.05-50-0 0 2317 1 22 9 1 0.2520 0.0160 409 311
364-0-1-0.05-50-0 0 2318 46 41 4 11 0.3451 0.9621 327 105
364-0-1-0.05-50-0 0 2318 49 19 4 6 0.1842 0.8072 136 134
364-0-1-0.05-50-0 0 2319 37 41 2 10 0.8481 0.9621 127 105
364-0-1-0.05-50-0 0 2319 42 1 11 9 0.7447 0.2520 106 409
364-0-1-0.05-50-0 0 2320 41 42 10 12 0.9621 0.7447 105 106
364-0-1-0.05-50-0 0 2320 27 48 3 9 0.0776 0.1153 149 334
364-0-1-0.05-50-0 0 2321 35 49 1 4 0.0354 0.1842 158 136
364-0-1-0.05-50-0 0 2321 19 7 7 1 0.8072 0.9267 134 106
364-0-1-0.05-50-0 0 2322 17 42 10 13 0.6398 0.7447 197 106
364-0-1-0.05-50-0 0 2322 4 1 8 9 0.0723 0.2520 351 409
364-0-1-0.05-50-0 0 2323 26 42 3 12 0.8171 0.7447 141 106
364-0-1-0.05-50-0 0 2323 48 14 8 4 0.1153 0.8451 334 105
364-0-1-0.05-50-0 0 2324 4 41 8 15 0.0723 0.9621 351 105
364-0-1-0.05-50-0 0 2324 41 4 14 8 0.9621 0.0723 105 351
364-0-1-0.05-50-0 0 2325 6 17 4 13 0.4266 0.6398 249 197
364-0-1-0.05-50-0 0 2325 42 4 11 7 0.7447 0.0723 106 351
364-0-1-0.05-50-0 0 2326 42 41 10 15 0.7447 0.9621 106 105
364-0-1-0.05-50-0 0 2326 35 39 1 2 0.0354 0.2187 158 309
364-0-1-0.05-50-0 0 2327 17 42 12 11 0.6398 0.7447 197 106
364-0-1-0.05-50-0 0 2327 3 26 4 4 0.4813 0.8171 321 141
364-0-1-0.05-50-0 0 2328 41 19 14 6 0.9621 0.8072 105 134
364-0-1-0.05-50-0 0 2328 5 43 12 1 0.0007 0.8316 226 123
364-0-1-0.05-50-0 0 2329 26 17 3 12 0.8171 0.6398 141 197
364-0-1-0.05-50-0 0 2329 41 6 13 4 0.9621 0.4266 105 249
364-0-1-0.05-50-0 0 2330 17 49 11 5 0.6398 0.1842 197 136
364-0-1-0.05-50-0 0 2330 49 33 4 1 0.1842 0.6893 136 191
364-0-1-0.05-50-0 0 2331 5 1 12 8 0.0007 0.2520 226 409
364-0-1-0.05-50-0 0 2331 29 3 1 4 0.6728 0.4813 177 321
364-0-1-0.05-50-0 0 2332 41 48 13 9 0.9621 0.1153 105 334
364-0-1-0.05-50-0 0 2332 5 21 12 1 0.0007 0.4184 226 158
364-0-1-0.05-50-0 0 2333 48 42 8 9 0.1153 0.7447 334 106
364-0-1-0.05-50-0 0 2333 41 49 15 5 0.9621 0.1842 105 136
364-0-1-0.05-50-0 0 2334 1 46 7 4 0.2520 0.3451 409 327
364-0-1-0.05-50-0 0 2334 25 5 10 12 0.9430 0.0007 125 226
364-0-1-0.05-50-0 0 2335 19 49 5 4 0.8072 0.1842 134 136
364-0-1-0.05-50-0 0 2335 12 14 4 6 0.1896 0.8451 325 105
364-0-1-0.05-50-0 0 2336 25 28 9 1 0.9430 0.3846 125 311
364-0-1-0.05-50-0 0 2336 41 5 15 10 0.9621 0.0007 105 226
364-0-1-0.05-50-0 0 2337 29 41 2 14 0.6728 0.9621 177 105
364-0-1-0.05-50-0 0 2337 49 1 4 7 0.1842 0.2520 136 409
364-0-1-0.05-50-0 0 2338 27 17 10 13 0.0776 0.6398 149 197
364-0-1-0.05-50-0 0 2338 39 37 2 3 0.2187 0.8481 309 127
364-0-1-0.05-50-0 0 2339 23 17 2 12 0.1698 0.6398 476 197
364-0-1-0.05-50-0 0 2339 5 27 10 11 0.0007 0.0776 226 149
364-0-1-0.05-50-0 0 2340 41 23 12 2 0.9621 0.1698 105 476
364-0-1-0.05-50-0 0 2340 1 22 8 2 0.2520 0.0160 409 311
364-0-1-0.05-50-0 0 2341 5 4 11 9 0.0007 0.0723 226 351
364-0-1-0.05-50-0 0 2341 5 1 11 8 0.0007 0.2520 226 409
364-0-1-0.05-50-0 0 2342 19 1 5 8 0.8072 0.2520 134 409
364-0-1-0.05-50-0 0 2342 26 12 6 7 0.8171 0.1896 141 325
364-0-1-0.05-50-0 0 2343 1 19 8 5 0.2520 0.8072 409 134
364-0-1-0.05-50-0 0 2343 5 37 13 2 0.0007 0.8481 226 127
364-0-1-0.05-50-0 0 2344 5 17 15 12 0.0007 0.6398 226 197
364-0-1-0.05-50-0 0 2344 27 41 10 13 0.0776 0.9621 149 105
364-0-1-0.05-50-0 0 2345 25 41 11 13 0.9430 0.9621 125 105
364-0-1-0.05-50-0 0 2345 5 5 15 15 0.0007 0.0007 226 226
364-0-1-0.05-50-0 0 2345 4 48 9 12 0.0723 0.1153 351 334
364-0-1-0.05-50-0 0 2346 42 12 10 9 0.7447 0.1896 106 325
364-0-1-0.05-50-0 0 2346 17 7 10 2 0.6398 0.9267 197 106
364-0-1-0.05-50-0 0 2346 13 5 3 14 0.8878 0.0007 151 226
364-0-1-0.05-50-0 0 2347 3 7 1 2 0.4813 0.9267 321 106
364-0-1-0.05-50-0 0 2347 46 15 4 1 0.3451 0.7918 327 149
364-0-1-0.05-50-0 0 2347 27 25 12 9 0.0776 0.9430 149 125
364-0-1-0.05-50-0 0 2348 26 6 4 5 0.8171 0.4266 141 249
364-0-1-0.05-50-0 0 2348 19 1 4 10 0.8072 0.2520 134 409
364-0-1-0.05-50-0 0 2349 14 12 4 8 0.8451 0.1896 105 325
364-0-1-0.05-50-0 0 2349 42 4 11 9 0.7447 0.0723 106 351
364-0-1-0.05-50-0 0 2349 25 42 8 11 0.9430 0.7447 125 106
364-0-1-0.05-50-0 0 2350 27 41 15 9 0.0776 0.9621 149 105
364-0-1-0.05-50-0 0 2350 8 42 1 10 0.2506 0.7447 303 106
364-0-1-0.05-50-0 0 2350 19 41 5 8 0.8072 0.9621 134 105
364-0-1-0.05-50-0 0 2351 27 39 15 5 0.0776 0.2187 149 309
364-0-1-0.05-50-0 0 2351 14 5 4 17 0.8451 0.0007 105 226
364-0-1-0.05-50-0 0 2351 24 26 4 5 0.1940 0.8171 254 141
364-0-1-0.05-50-0 0 2352 42 37 8 2 0.7447 0.8481 106 127
364-0-1-0.05-50-0 0 2352 41 2 7 2 0.9621 0.8198 105 167
364-0-1-0.05-50-0 0 2352 42 42 8 8 0.7447 0.7447 106 106
364-0-1-0.05-50-0 0 2353 48 5 10 18 0.1153 0.0007 334 226
364-0-1-0.05-50-0 0 2353 12 21 11 5 0.1896 0.4184 325 158
364-0-1-0.05-50-0 0 2353 42 48 7 10 0.7447 0.1153 106 334
364-0-1-0.05-50-0 0 2354 2 19 1 5 0.8198 0.8072 167 134
364-0-1-0.05-50-0 0 2354 1 25 7 9 0.2520 0.9430 409 125
364-0-1-0.05-50-0 0 2354 27 42 16 7 0.0776 0.7447 149 106
364-0-1-0.05-50-0 0 2355 19 1 4 8 0.8072 0.2520 134 409
364-0-1-0.05-50-0 0 2355 4 5 9 18 0.0723 0.0007 351 226
364-0-1-0.05-50-0 0 2356 42 41 6 7 0.7447 0.9621 106 105
364-0-1-0.05-50-0 0 2356 1 19 8 5 0.2520 0.8072 409 134
364-0-1-0.05-50-0 0 2357 28 4 1 9 0.3846 0.0723 311 351
364-0-1-0.05-50-0 0 2357 1 25 8 5 0.2520 0.9430 409 125
364-0-1-0.05-50-0 0 2358 17 1 15 8 0.6398 0.2520 197 409
364-0-1-0.05-50-0 0 2358 5 41 18 7 0.0007 0.9621 226 105
364-0-1-0.05-50-0 0 2358 17 5 15 18 0.6398 0.0007 197 226
364-0-1-0.05-50-0 0 2359 12 21 7 6 0.1896 0.4184 325 158
364-0-1-0.05-50-0 0 2359 42 19 7 6 0.7447 0.8072 106 134
364-0-1-0.05-50-0 0 2359 4 5 7 19 0.0723 0.0007 351 226
364-0-1-0.05-50-0 0 2360 8 49 1 3 0.2506 0.1842 303 136
364-0-1-0.05-50-0 0 2360 42 17 7 16 0.7447 0.6398 106 197
364-0-1-0.05-50-0 0 2360 5 14 19 5 0.0007 0.8451 226 105
364-0-1-0.05-50-0 0 2361 1 5 9 20 0.2520 0.0007 409 226
364-0-1-0.05-50-0 0 2361 1 48 9 10 0.2520 0.1153 409 334
364-0-1-0.05-50-0 0 2361 5 17 19 16 0.0007 0.6398 226 197
364-0-1-0.05-50-0 0 2362 19 4 5 8 0.8072 0.0723 134 351
364-0-1-0.05-50-0 0 2362 32 5 1 19 0.6514 0.0007 215 226
364-0-1-0.05-50-0 0 2362 12 6 12 4 0.1896 0.4266 325 249
364-0-1-0.05-50-0 0 2363 24 24 9 9 0.1940 0.1940 254 254
364-0-1-0.05-50-0 0 2363 1 48 11 9 0.2520 0.1153 409 334
364-0-1-0.05-50-0 0 2363 8 5 1 18 0.2506 0.0007 303 226
364-0-1-0.05-50-0 0 2364 12 17 12 12 0.1896 0.6398 325 197
364-0-1-0.05-50-0 0 2364 1 46 12 9 0.2520 0.3451 409 327
364-0-1-0.05-50-0 0 2364 5 26 17 3 0.0007 0.8171 226 141
364-0-1-0.05-50-0 0 2365 39 25 5 3 0.2187 0.9430 309 125
364-0-1-0.05-50-0 0 2365 36 13 3 3 0.8162 0.8878 165 151
364-0-1-0.05-50-0 0 2365 24 12 10 13 0.1940 0.1896 254 325
364-0-1-0.05-50-0 0 2366 42 1 11 13 0.7447 0.2520 106 409
364-0-1-0.05-50-0 0 2366 5 46 18 8 0.0007 0.3451 226 327
364-0-1-0.05-50-0 0 2366 24 6 13 2 0.1940 0.4266 254 249
364-0-1-0.05-50-0 0 2367 14 48 4 9 0.8451 0.1153 105 334
364-0-1-0.05-50-0 0 2367 12 39 11 6 0.1896 0.2187 325 309
364-0-1-0.05-50-0 0 2367 42 17 13 12 0.7447 0.6398 106 197
364-0-1-0.05-50-0 0 2368 24 27 13 20 0.1940 0.0776 254 149
364-0-1-0.05-50-0 0 2368 1 27 11 19 0.2520 0.0776 409 149
364-0-1-0.05-50-0 0 2368 46 1 7 11 0.3451 0.2520 327 409
364-0-1-0.05-50-0 0 2369 27 42 19 15 0.0776 0.7447 149 106
364-0-1-0.05-50-0 0 2369 24 42 13 14 0.1940 0.7447 254 106
364-0-1-0.05-50-0 0 2369 1 38 10 1 0.2520 0.6163 409 270
364-0-1-0.05-50-0 0 2370 14 36 5 3 0.8451 0.8162 105 165
364-0-1-0.05-50-0 0 2370 49 42 2 12 0.1842 0.7447 136 106
364-0-1-0.05-50-0 0 2370 6 1 1 11 0.4266 0.2520 249 409
364-0-1-0.05-50-0 0 2371 1 17 11 12 0.2520 0.6398 409 197
364-0-1-0.05-50-0 0 2371 17 27 11 20 0.6398 0.0776 197 149
364-0-1-0.05-50-0 0 2371 14 42 5 12 0.8451 0.7447 105 106
364-0-1-0.05-50-0 0 2372 39 5 6 20 0.2187 0.0007 309 226
364-0-1-0.05-50-0 0 2372 48 8 11 1 0.1153 0.2506 334 303
364-0-1-0.05-50-0 0 2372 5 21 19 6 0.0007 0.4184 226 158
364-0-1-0.05-50-0 0 2373 46 12 6 10 0.3451 0.1896 327 325
364-0-1-0.05-50-0 0 2373 14 21 6 4 0.8451 0.4184 105 158
364-0-1-0.05-50-0 0 2373 4 1 9 11 0.0723 0.2520 351 409
364-0-1-0.05-50-0 0 2374 20 24 1 12 0.9922 0.1940 102 254
364-0-1-0.05-50-0 0 2374 19 6 1 2 0.8072 0.4266 134 249
364-0-1-0.05-50-0 0 2374 24 12 11 9 0.1940 0.1896 254 325
364-0-1-0.05-50-0 0 2375 4 27 8 20 0.0723 0.0776 351 149
364-0-1-0.05-50-0 0 2375 48 42 13 9 0.1153 0.7447 334 106
364-0-1-0.05-50-0 0 2375 24 27 12 19 0.1940 0.0776 254 149
364-0-1-0.05-50-0 0 2376 46 16 6 1 0.3451 0.2228 327 149
364-0-1-0.05-50-0 0 2376 48 12 13 9 0.1153 0.1896 334 325
364-0-1-0.05-50-0 0 2376 5 42 21 8 0.0007 0.7447 226 106
364-0-1-0.05-50-0 0 2377 42 24 8 12 0.7447 0.1940 106 254
364-0-1-0.05-50-0 0 2377 36 5 2 21 0.8162 0.0007 165 226
364-0-1-0.05-50-0 0 2377 1 14 12 6 0.2520 0.8451 409 105
364-0-1-0.05-50-0 0 2378 49 24 4 10 0.1842 0.1940 136 254
364-0-1-0.05-50-0 0 2378 27 8 19 1 0.0776 0.2506 149 303
364-0-1-0.05-50-0 0 2378 1 1 12 12 0.2520 0.2520 409 409
364-0-1-0.05-50-0 0 2379 42 12 8 7 0.7447 0.1896 106 325
364-0-1-0.05-50-0 0 2379 27 12 20 6 0.0776 0.1896 149 325
364-0-1-0.05-50-0 0 2379 4 48 7 13 0.0723 0.1153 351 334
364-0-1-0.05-50-0 0 2380 5 5 20 20 0.0007 0.0007 226 226
364-0-1-0.05-50-0 0 2380 42 19 9 1 0.7447 0.8072 106 134
364-0-1-0.05-50-0 0 2380 42 48 9 12 0.7447 0.1153 106 334
364-0-1-0.05-50-0 0 2381 42 1 10 16 0.7447 0.2520 106 409
364-0-1-0.05-50-0 0 2381 17 4 12 6 0.6398 0.0723 197 351
364-0-1-0.05-50-0 0 2381 48 5 11 19 0.1153 0.0007 334 226
364-0-1-0.05-50-0 0 2382 48 1 10 14 0.1153 0.2520 334 409
364-0-1-0.05-50-0 0 2382 5 24 17 9 0.0007 0.1940 226 254
364-0-1-0.05-50-0 0 2382 24 42 8 10 0.1940 0.7447 254 106
364-0-1-0.05-50-0 0 2383 42 21 9 5 0.7447 0.4184 106 158
364-0-1-0.05-50-0 0 2383 17 39 12 8 0.6398 0.2187 197 309
364-0-1-0.05-50-0 0 2384 5 1 19 11 0.0007 0.2520 226 409
364-0-1-0.05-50-0 0 2384 1 27 10 20 0.2520 0.0776 409 149
364-0-1-0.05-50-0 0 2384 24 42 8 9 0.1940 0.7447 254 106
364-0-1-0.05-50-0 0 2385 42 27 7 19 0.7447 0.0776 106 149
364-0-1-0.05-50-0 0 2385 12 48 6 11 0.1896 0.1153 325 334
364-0-1-0.05-50-0 0 2386 4 17 4 14 0.0723 0.6398 351 197
364-0-1-0.05-50-0 0 2386 24 17 10 13 0.1940 0.6398 254 197
364-0-1-0.05-50-0 0 2387 5 48 20 10 0.0007 0.1153 226 334
364-0-1-0.05-50-0 0 2387 5 14 20 5 0.0007 0.8451 226 105
364-0-1-0.05-50-0 0 2388 12 4 6 4 0.1896 0.0723 325 351
364-0-1-0.05-50-0 0 2388 17 41 13 4 0.6398 0.9621 197 105
364-0-1-0.05-50-0 0 2389 5 12 24 6 0.0007 0.1896 226 325
364-0-1-0.05-50-0 0 2389 24 5 12 24 0.1940 0.0007 254 226
364-0-1-0.05-50-0 0 2390 49 21 5 3 0.1842 0.4184 136 158
364-0-1-0.05-50-0 0 2390 24 5 12 25 0.1940 0.0007 254 226
364-0-1-0.05-50-0 0 2391 46 27 10 18 0.3451 0.0776 327 149
364-0-1-0.05-50-0 0 2391 36 30 2 4 0.8162 0.6008 165 266
364-0-1-0.05-50-0 0 2392 48 48 10 10 0.1153 0.1153 334 334
364-0-1-0.05-50-0 0 2392 27 5 16 24 0.0776 0.0007 149 226
364-0-1-0.05-50-0 0 2393 24 42 11 8 0.1940 0.7447 254 106
364-0-1-0.05-50-0 0 2393 24 48 11 9 0.1940 0.1153 254 334
364-0-1-0.05-50-0 0 2394 5 4 22 4 0.0007 0.0723 226 351
364-0-1-0.05-50-0 0 2394 26 5 3 22 0.8171 0.0007 141 226
364-0-1-0.05-50-0 0 2395 46 46 10 10 0.3451 0.3451 327 327
364-0-1-0.05-50-0 0 2395 24 14 11 6 0.1940 0.8451 254 105
364-0-1-0.05-50-0 0 2396 5 5 23 23 0.0007 0.0007 226 226
364-0-1-0.05-50-0 0 2396 24 17 13 18 0.1940 0.6398 254 197
364-0-1-0.05-50-0 0 2397 24 14 14 6 0.1940 0.8451 254 105
364-0-1-0.05-50-0 0 2397 27 5 14 22 0.0776 0.0007 149 226
364-0-1-0.05-50-0 0 2398 17 4 14 3 0.6398 0.0723 197 351
364-0-1-0.05-50-0 0 2398 26 1 6 9 0.8171 0.2520 141 409
364-0-1-0.05-50-0 0 2399 14 27 7 14 0.8451 0.0776 105 149
364-0-1-0.05-50-0 0 2399 12 17 8 14 0.1896 0.6398 325 197
364-0-1-0.05-50-0 0 2400 26 5 7 19 0.8171 0.0007 141 226
364-0-1-0.05-50-0 0 2400 12 46 9 9 0.1896 0.3451 325 327
364-0-1-0.05-50-0 0 2401 42 17 4 15 0.7447 0.6398 106 197
364-0-1-0.05-50-0 0 2401 24 46 13 8 0.1940 0.3451 254 327
364-0-1-0.05-50-0 0 2402 39 27 9 12 0.2187 0.0776 309 149
364-0-1-0.05-50-0 0 2402 5 42 18 4 0.0007 0.7447 226 106
364-0-1-0.05-50-0 0 2403 1 35 8 2 0.2520 0.0354 409 158
364-0-1-0.05-50-0 0 2403 24 39 12 8 0.1940 0.2187 254 309
364-0-1-0.05-50-0 0 2404 36 36 3 3 0.8162 0.8162 165 165
364-0-1-0.05-50-0 0 2404 28 34 1 1 0.3846 0.7448 311 168
364-0-1-0.05-50-0 0 2405 17 21 15 3 0.6398 0.4184 197 158
364-0-1-0.05-50-0 0 2405 12 48 9 10 0.1896 0.1153 325 334
364-0-1-0.05-50-0 0 2406 11 5 1 15 0.0504 0.0007 384 226
364-0-1-0.05-50-0 0 2406 17 48 15 10 0.6398 0.1153 197 334
364-0-1-0.05-50-0 0 2407 12 24 9 16 0.1896 0.1940 325 254
364-0-1-0.05-50-0 0 2407 20 5 2 14 0.9922 0.0007 102 226
364-0-1-0.05-50-0 0 2408 48 5 10 14 0.1153 0.0007 334 226
364-0-1-0.05-50-0 0 2408 1 36 7 2 0.2520 0.8162 409 165
364-0-1-0.05-50-0 0 2409 48 5 11 14 0.1153 0.0007 334 226
364-0-1-0.05-50-0 0 2409 2 46 3 5 0.8198 0.3451 167 327
364-0-1-0.05-50-0 0 2410 34 17 2 16 0.7448 0.6398 168 197
364-0-1-0.05-50-0 0 2410 2 5 3 14 0.8198 0.0007 167 226
364-0-1-0.05-50-0 0 2411 24 27 13 11 0.1940 0.0776 254 149
364-0-1-0.05-50-0 0 2411 48 46 10 5 0.1153 0.3451 334 327
364-0-1-0.05-50-0 0 2412 12 26 7 8 0.1896 0.8171 325 141
364-0-1-0.05-50-0 0 2412 26 48 7 10 0.8171 0.1153 141 334
364-0-1-0.05-50-0 0 2413 32 1 1 6 0.6514 0.2520 215 409
364-0-1-0.05-50-0 0 2413 5 1 12 5 0.0007 0.2520 226 409
364-0-1-0.05-50-0 0 2414 27 24 10 14 0.0776 0.1940 149 254
364-0-1-0.05-50-0 0 2414 17 24 14 13 0.6398 0.1940 197 254
364-0-1-0.05-50-0 0 2415 16 26 1 8 0.2228 0.8171 149 141
364-0-1-0.05-50-0 0 2415 26 32 7 1 0.8171 0.6514 141 215
364-0-1-0.05-50-0 0 2416 49 24 4 14 0.1842 0.1940 136 254
364-0-1-0.05-50-0 0 2416 24 17 13 15 0.1940 0.6398 254 197
364-0-1-0.05-50-0 0 2417 17 24 14 13 0.6398 0.1940 197 254
364-0-1-0.05-50-0 0 2417 17 27 14 11 0.6398 0.0776 197 149
364-0-1-0.05-50-0 0 2418 35 5 1 10 0.0354 0.0007 158 226
364-0-1-0.05-50-0 0 2418 45 27 3 11 0.3816 0.0776 173 149
364-0-1-0.05-50-0 0 2419 24 24 14 14 0.1940 0.1940 254 254
364-0-1-0.05-50-0 0 2419 17 28 13 2 0.6398 0.3846 197 311
364-0-1-0.05-50-0 0 2420 28 12 1 6 0.3846 0.1896 311 325
364-0-1-0.05-50-0 0 2420 21 12 1 5 0.4184 0.1896 158 325
364-0-1-0.05-50-0 0 2421 5 14 10 8 0.0007 0.8451 226 105
364-0-1-0.05-50-0 0 2421 45 17 3 12 0.3816 0.6398 173 197
364-0-1-0.05-50-0 0 2422 35 5 1 10 0.0354 0.0007 158 226
364-0-1-0.05-50-0 0 2422 24 24 13 13 0.1940 0.1940 254 254
364-0-1-0.05-50-0 0 2423 26 2 6 7 0.8171 0.8198 141 167
364-0-1-0.05-50-0 0 2423 45 48 3 8 0.3816 0.1153 173 334
364-0-1-0.05-50-0 0 2424 2 5 5 8 0.8198 0.0007 167 226
364-0-1-0.05-50-0 0 2424 17 46 15 3 0.6398 0.3451 197 327
364-0-1-0.05-50-0 0 2425 36 48 1 7 0.8162 0.1153 165 334
364-0-1-0.05-50-0 0 2425 27 2 6 6 0.0776 0.8198 149 167
364-0-1-0.05-50-0 0 2426 28 35 3 2 0.3846 0.0354 311 158
364-0-1-0.05-50-0 0 2426 27 17 5 15 0.0776 0.6398 149 197
364-0-1-0.05-50-0 0 2427 27 3 6 1 0.0776 0.4813 149 321
364-0-1-0.05-50-0 0 2427 17 43 15 2 0.6398 0.8316 197 123
364-0-1-0.05-50-0 0 2428 24 43 12 1 0.1940 0.8316 254 123
364-0-1-0.05-50-0 0 2428 49 5 4 8 0.1842 0.0007 136 226
364-0-1-0.05-50-0 0 2429 48 24 7 13 0.1153 0.1940 334 254
364-0-1-0.05-50-0 0 2429 17 39 17 5 0.6398 0.2187 197 309
364-0-1-0.05-50-0 0 2430 27 17 7 16 0.0776 0.6398 149 197
364-0-1-0.05-50-0 0 2430 5 26 8 7 0.0007 0.8171 226 141
364-0-1-0.05-50-0 0 2431 16 2 1 6 0.2228 0.8198 149 167
364-0-1-0.05-50-0 0 2431 2 17 5 16 0.8198 0.6398 167 197
364-0-1-0.05-50-0 0 2432 5 1 7 3 0.0007 0.2520 226 409
364-0-1-0.05-50-0 0 2432 24 21 10 2 0.1940 0.4184 254 158
364-0-1-0.05-50-0 0 2433 24 48 10 6 0.1940 0.1153 254 334
364-0-1-0.05-50-0 0 2433 12 12 4 4 0.1896 0.1896 325 325
364-0-1-0.05-50-0 0 2434 28 20 3 2 0.3846 0.9922 311 102
364-0-1-0.05-50-0 0 2434 24 17 10 17 0.1940 0.6398 254 197
364-0-1-0.05-50-0 0 2435 17 36 17 1 0.6398 0.8162 197 165
364-0-1-0.05-50-0 0 2435 17 41 17 2 0.6398 0.9621 197 105
364-0-1-0.05-50-0 0 2436 45 14 2 6 0.3816 0.8451 173 105
364-0-1-0.05-50-0 0 2436 17 24 18 9 0.6398 0.1940 197 254
364-0-1-0.05-50-0 0 2437 14 4 6 1 0.8451 0.0723 105 351
364-0-1-0.05-50-0 0 2437 26 2 6 5 0.8171 0.8198 141 167
364-0-1-0.05-50-0 0 2438 17 17 17 17 0.6398 0.6398 197 197
364-0-1-0.05-50-0 0 2438 20 48 1 6 0.9922 0.1153 102 334
364-0-1-0.05-50-0 0 2439 6 24 2 10 0.4266 0.1940 249 254
364-0-1-0.05-50-0 0 2440 39 48 5 4 0.2187 0.1153 309 334
364-0-1-0.05-50-0 0 2441 34 45 3 2 0.7448 0.3816 168 173
364-0-1-0.05-50-0 0 2442 17 24 16 10 0.6398 0.1940 197 254
364-0-1-0.05-50-0 0 2442 26 17 8 16 0.8171 0.6398 141 197
364-0-1-0.05-50-0 0 2443 14 1 6 2 0.8451 0.2520 105 409
364-0-1-0.05-50-0 0 2443 16 26 3 8 0.2228 0.8171 149 141
364-0-1-0.05-50-0 0 2444 17 36 12 1 0.6398 0.8162 197 165
364-0-1-0.05-50-0 0 2444 27 39 7 6 0.0776 0.2187 149 309
364-0-1-0.05-50-0 0 2445 27 17 7 13 0.0776 0.6398 149 197
364-0-1-0.05-50-0 0 2445 24 49 11 3 0.1940 0.1842 254 136
364-0-1-0.05-50-0 0 2446 17 24 12 12 0.6398 0.1940 197 254
364-0-1-0.05-50-0 0 2446 14 39 7 5 0.8451 0.2187 105 309
364-0-1-0.05-50-0 0 2447 2 46 6 3 0.8198 0.3451 167 327
364-0-1-0.05-50-0 0 2447 24 17 10 12 0.1940 0.6398 254 197
364-0-1-0.05-50-0 0 2448 48 27 4 7 0.1153 0.0776 334 149
364-0-1-0.05-50-0 0 2448 48 24 4 12 0.1153 0.1940 334 254
364-0-1-0.05-50-0 0 2449 24 34 11 7 0.1940 0.7448 254 168
364-0-1-0.05-50-0 0 2449 17 27 10 5 0.6398 0.0776 197 149
364-0-1-0.05-50-0 0 2450 14 14 8 8 0.8451 0.8451 105 105
364-0-1-0.05-50-0 0 2450 17 34 10 5 0.6398 0.7448 197 168
364-0-1-0.05-50-0 0 2451 17 39 11 3 0.6398 0.2187 197 309
364-0-1-0.05-50-0 0 2451 2 13 6 2 0.8198 0.8878 167 151
364-0-1-0.05-50-0 0 2452 5 47 10 6 0.0007 0.9293 226 103
364-0-1-0.05-50-0 0 2452 24 5 13 10 0.1940 0.0007 254 226
364-0-1-0.05-50-0 0 2453 2 34 7 4 0.8198 0.7448 167 168
364-0-1-0.05-50-0 0 2454 24 2 13 7 0.1940 0.8198 254 167
364-0-1-0.05-50-0 0 2455 26 17 8 13 0.8171 0.6398 141 197
364-0-1-0.05-50-0 0 2455 13 24 1 14 0.8878 0.1940 151 254
364-0-1-0.05-50-0 0 2456 17 5 12 9 0.6398 0.0007 197 226
364-0-1-0.05-50-0 0 2457 2 5 6 8 0.8198 0.0007 167 226
364-0-1-0.05-50-0 0 2457 44 14 4 6 0.7034 0.8451 118 105
364-0-1-0.05-50-0 0 2458 2 2 6 6 0.8198 0.8198 167 167
364-0-1-0.05-50-0 0 2459 44 26 4 9 0.7034 0.8171 118 141
364-0-1-0.05-50-0 0 2459 24 5 14 8 0.1940 0.0007 254 226
364-0-1-0.05-50-0 0 2460 49 47 4 6 0.1842 0.9293 136 103
364-0-1-0.05-50-0 0 2460 2 48 6 3 0.8198 0.1153 167 334
364-0-1-0.05-50-0 0 2461 17 14 10 5 0.6398 0.8451 197 105
364-0-1-0.05-50-0 0 2461 46 17 5 10 0.3451 0.6398 327 197
364-0-1-0.05-50-0 0 2462 12 24 4 15 0.1896 0.1940 325 254
364-0-1-0.05-50-0 0 2462 46 16 5 4 0.3451 0.2228 327 149
364-0-1-0.05-50-0 0 2463 17 24 11 15 0.6398 0.1940 197 254
364-0-1-0.05-50-0 0 2463 11 27 4 5 0.0504 0.0776 384 149
364-0-1-0.05-50-0 0 2464 14 24 5 15 0.8451 0.1940 105 254
364-0-1-0.05-50-0 0 2464 16 24 3 14 0.2228 0.1940 149 254
364-0-1-0.05-50-0 0 2465 26 2 9 3 0.8171 0.8198 141 167
364-0-1-0.05-50-0 0 2465 16 46 4 5 0.2228 0.3451 149 327
364-0-1-0.05-50-0 0 2466 33 14 3 6 0.6893 0.8451 191 105
364-0-1-0.05-50-0 0 2466 46 24 4 16 0.3451 0.1940 327 254
364-0-1-0.05-50-0 0 2467 24 5 15 8 0.1940 0.0007 254 226
364-0-1-0.05-50-0 0 2467 26 27 10 3 0.8171 0.0776 141 149
364-0-1-0.05-50-0 0 2468 23 33 1 3 0.1698 0.6893 476 191
364-0-1-0.05-50-0 0 2468 6 5 1 9 0.4266 0.0007 249 226
364-0-1-0.05-50-0 0 2469 24 9 15 1 0.1940 0.6134 254 161
364-0-1-0.05-50-0 0 2469 39 47 1 4 0.2187 0.9293 309 103
364-0-1-0.05-50-0 0 2470 11 1 5 5 0.0504 0.2520 384 409
364-0-1-0.05-50-0 0 2470 14 48 5 7 0.8451 0.1153 105 334
364-0-1-0.05-50-0 0 2471 47 24 2 17 0.9293 0.1940 103 254
364-0-1-0.05-50-0 0 2471 21 26 1 9 0.4184 0.8171 158 141
364-0-1-0.05-50-0 0 2472 48 44 3 5 0.1153 0.7034 334 118
364-0-1-0.05-50-0 0 2472 41 12 2 8 0.9621 0.1896 105 325
364-0-1-0.05-50-0 0 2473 23 17 1 12 0.1698 0.6398 476 197
364-0-1-0.05-50-0 0 2473 46 34 5 3 0.3451 0.7448 327 168
364-0-1-0.05-50-0 0 2474 24 17 16 11 0.1940 0.6398 254 197
364-0-1-0.05-50-0 0 2474 46 5 5 10 0.3451 0.0007 327 226
364-0-1-0.05-50-0 0 2475 1 24 4 18 0.2520 0.1940 409 254
364-0-1-0.05-50-0 0 2475 47 24 3 17 0.9293 0.1940 103 254
364-0-1-0.05-50-0 0 2476 46 49 6 5 0.3451 0.1842 327 136
364-0-1-0.05-50-0 0 2476 12 5 6 9 0.1896 0.0007 325 226
364-0-1-0.05-50-0 0 2477 14 26 7 9 0.8451 0.8171 105 141
364-0-1-0.05-50-0 0 2477 48 26 5 8 0.1153 0.8171 334 141
364-0-1-0.05-50-0 0 2478 39 3 1 1 0.2187 0.4813 309 321
364-0-1-0.05-50-0 0 2478 45 26 1 7 0.3816 0.8171 173 141
364-0-1-0.05-50-0 0 2479 1 24 4 12 0.2520 0.1940 409 254
364-0-1-0.05-50-0 0 2479 44 3 4 1 0.7034 0.4813 118 321
364-0-1-0.05-50-0 0 2480 47 33 3 3 0.9293 0.6893 103 191
364-0-1-0.05-50-0 0 2480 1 11 3 6 0.2520 0.0504 409 384
364-0-1-0.05-50-0 0 2481 13 5 1 8 0.8878 0.0007 151 226
364-0-1-0.05-50-0 0 2481 17 46 10 6 0.6398 0.3451 197 327
364-0-1-0.05-50-0 0 2482 26 24 5 12 0.8171 0.1940 141 254
364-0-1-0.05-50-0 0 2482 16 24 3 11 0.2228 0.1940 149 254
364-0-1-0.05-50-0 0 2483 11 11 8 8 0.0504 0.0504 384 384
364-0-1-0.05-50-0 0 2483 44 17 3 9 0.7034 0.6398 118 197
364-0-1-0.05-50-0 0 2484 5 11 7 7 0.0007 0.0504 226 384
364-0-1-0.05-50-0 0 2484 46 12 5 6 0.3451 0.1896 327 325
364-0-1-0.05-50-0 0 2485 34 49 2 4 0.7448 0.1842 168 136
364-0-1-0.05-50-0 0 2485 12 45 5 1 0.1896 0.3816 325 173
364-0-1-0.05-50-0 0 2486 26 24 7 12 0.8171 0.1940 141 254
364-0-1-0.05-50-0 0 2486 19 5 1 6 0.8072 0.0007 134 226
364-0-1-0.05-50-0 0 2487 23 1 2 7 0.1698 0.2520 476 409
364-0-1-0.05-50-0 0 2487 16 48 3 4 0.2228 0.1153 149 334
364-0-1-0.05-50-0 0 2488 9 2 1 2 0.6134 0.8198 161 167
364-0-1-0.05-50-0 0 2488 44 47 7 2 0.7034 0.9293 118 103
364-0-1-0.05-50-0 0 2489 23 14 3 8 0.1698 0.8451 476 105
364-0-1-0.05-50-0 0 2489 14 49 7 3 0.8451 0.1842 105 136
364-0-1-0.05-50-0 0 2490 9 5 2 6 0.6134 0.0007 161 226
364-0-1-0.05-50-0 0 2490 46 17 6 7 0.3451 0.6398 327 197
364-0-1-0.05-50-0 0 2491 1 39 7 1 0.2520 0.2187 409 309
364-0-1-0.05-50-0 0 2491 5 16 5 3 0.0007 0.2228 226 149
364-0-1-0.05-50-0 0 2492 48 20 4 3 0.1153 0.9922 334 102
364-0-1-0.05-50-0 0 2492 37 12 1 5 0.8481 0.1896 127 325
364-0-1-0.05-50-0 0 2493 48 1 4 7 0.1153 0.2520 334 409
364-0-1-0.05-50-0 0 2493 26 19 6 2 0.8171 0.8072 141 134
364-0-1-0.05-50-0 0 2494 17 11 6 8 0.6398 0.0504 197 384
364-0-1-0.05-50-0 0 2495 26 12 5 5 0.8171 0.1896 141 325
364-0-1-0.05-50-0 0 2496 47 20 2 3 0.9293 0.9922 103 102
364-0-1-0.05-50-0 0 2497 6 26 1 4 0.4266 0.8171 249 141
364-0-1-0.05-50-0 0 2498 14 50 7 2 0.8451 0.2147 105 147
364-0-1-0.05-50-0 0 2498 16 9 2 1 0.2228 0.6134 149 161
364-0-1-0.05-50-0 0 2499 16 17 2 5 0.2228 0.6398 149 197
364-0-1-0.05-50-0 0 2499 44 24 8 16 0.7034 0.1940 118 254
364-0-1-0.05-50-0 0 2500 14 2 8 2 0.8451 0.8198 105 167
364-0-1-0.05-50-0 0 2500 47 23 2 2 0.9293 0.1698 103 476
