375-0-1-0.05-50-0 0 2302 25 44 7 12 0.9430 0.7034 125 118
375-0-1-0.05-50-0 0 2302 25 4 7 1 0.9430 0.0723 125 351
375-0-1-0.05-50-0 0 2303 31 45 2 22 0.5626 0.3816 252 173
375-0-1-0.05-50-0 0 2303 28 33 2 1 0.3846 0.6893 311 191
375-0-1-0.05-50-0 0 2304 35 6 20 2 0.0354 0.4266 158 249
375-0-1-0.05-50-0 0 2304 8 20 9 2 0.2506 0.9922 303 102
375-0-1-0.05-50-0 0 2305 35 8 21 9 0.0354 0.2506 158 303
375-0-1-0.05-50-0 0 2305 46 25 11 7 0.3451 0.9430 327 125
375-0-1-0.05-50-0 0 2306 49 45 5 23 0.1842 0.3816 136 173
375-0-1-0.05-50-0 0 2306 45 37 22 6 0.3816 0.8481 173 127
375-0-1-0.05-50-0 0 2307 45 8 24 7 0.3816 0.2506 173 303
375-0-1-0.05-50-0 0 2307 8 46 6 12 0.2506 0.3451 303 327
375-0-1-0.05-50-0 0 2308 14 31 13 3 0.8451 0.5626 105 252
375-0-1-0.05-50-0 0 2308 46 35 12 19 0.3451 0.0354 327 158
375-0-1-0.05-50-0 0 2309 37 49 4 5 0.8481 0.1842 127 136
375-0-1-0.05-50-0 0 2309 14 45 13 25 0.8451 0.3816 105 173
375-0-1-0.05-50-0 0 2310 45 9 24 4 0.3816 0.6134 173 161
375-0-1-0.05-50-0 0 2310 42 35 1 23 0.7447 0.0354 106 158
375-0-1-0.05-50-0 0 2311 44 35 14 23 0.7034 0.0354 118 158
375-0-1-0.05-50-0 0 2311 46 35 13 22 0.3451 0.0354 327 158
375-0-1-0.05-50-0 0 2312 46 35 15 20 0.3451 0.0354 327 158
375-0-1-0.05-50-0 0 2312 45 45 25 25 0.3816 0.3816 173 173
375-0-1-0.05-50-0 0 2313 21 14 3 15 0.4184 0.8451 158 105
375-0-1-0.05-50-0 0 2313 14 45 14 24 0.8451 0.3816 105 173
375-0-1-0.05-50-0 0 2313 35 44 20 15 0.0354 0.7034 158 118
375-0-1-0.05-50-0 0 2314 46 44 18 14 0.3451 0.7034 327 118
375-0-1-0.05-50-0 0 2314 44 37 13 5 0.7034 0.8481 118 127
375-0-1-0.05-50-0 0 2314 25 35 7 20 0.9430 0.0354 125 158
375-0-1-0.05-50-0 0 2315 30 25 2 9 0.6008 0.9430 266 125
375-0-1-0.05-50-0 0 2315 46 7 17 1 0.3451 0.9267 327 106
375-0-1-0.05-50-0 0 2315 29 21 8 3 0.6728 0.4184 177 158
375-0-1-0.05-50-0 0 2316 11 14 3 16 0.0504 0.8451 384 105
375-0-1-0.05-50-0 0 2316 35 35 24 24 0.0354 0.0354 158 158
375-0-1-0.05-50-0 0 2316 14 28 15 5 0.8451 0.3846 105 311
375-0-1-0.05-50-0 0 2317 14 44 16 12 0.8451 0.7034 105 118
375-0-1-0.05-50-0 0 2317 45 44 26 11 0.3816 0.7034 173 118
375-0-1-0.05-50-0 0 2317 29 14 8 16 0.6728 0.8451 177 105
375-0-1-0.05-50-0 0 2318 19 8 4 6 0.8072 0.2506 134 303
375-0-1-0.05-50-0 0 2318 45 21 28 2 0.3816 0.4184 173 158
375-0-1-0.05-50-0 0 2318 46 49 18 4 0.3451 0.1842 327 136
375-0-1-0.05-50-0 0 2319 35 20 24 3 0.0354 0.9922 158 102
375-0-1-0.05-50-0 0 2319 35 45 24 28 0.0354 0.3816 158 173
375-0-1-0.05-50-0 0 2319 14 28 15 6 0.8451 0.3846 105 311
375-0-1-0.05-50-0 0 2320 45 29 27 8 0.3816 0.6728 173 177
375-0-1-0.05-50-0 0 2320 35 43 24 3 0.0354 0.8316 158 123
375-0-1-0.05-50-0 0 2320 14 14 16 16 0.8451 0.8451 105 105
375-0-1-0.05-50-0 0 2321 45 44 26 9 0.3816 0.7034 173 118
375-0-1-0.05-50-0 0 2321 19 35 5 24 0.8072 0.0354 134 158
375-0-1-0.05-50-0 0 2321 14 21 14 1 0.8451 0.4184 105 158
375-0-1-0.05-50-0 0 2322 46 35 21 25 0.3451 0.0354 327 158
375-0-1-0.05-50-0 0 2322 35 46 24 21 0.0354 0.3451 158 327
375-0-1-0.05-50-0 0 2322 46 35 20 24 0.3451 0.0354 327 158
375-0-1-0.05-50-0 0 2323 45 45 26 26 0.3816 0.3816 173 173
375-0-1-0.05-50-0 0 2323 45 5 25 3 0.3816 0.0007 173 226
375-0-1-0.05-50-0 0 2323 11 28 2 5 0.0504 0.3846 384 311
375-0-1-0.05-50-0 0 2324 35 25 24 9 0.0354 0.9430 158 125
375-0-1-0.05-50-0 0 2324 46 35 23 24 0.3451 0.0354 327 158
375-0-1-0.05-50-0 0 2324 45 28 25 5 0.3816 0.3846 173 311
375-0-1-0.05-50-0 0 2325 14 35 15 24 0.8451 0.0354 105 158
375-0-1-0.05-50-0 0 2325 45 30 28 2 0.3816 0.6008 173 266
375-0-1-0.05-50-0 0 2325 44 45 11 28 0.7034 0.3816 118 173
375-0-1-0.05-50-0 0 2326 46 35 24 23 0.3451 0.0354 327 158
375-0-1-0.05-50-0 0 2326 39 20 2 2 0.2187 0.9922 309 102
375-0-1-0.05-50-0 0 2326 35 49 22 6 0.0354 0.1842 158 136
375-0-1-0.05-50-0 0 2327 35 35 22 22 0.0354 0.0354 158 158
375-0-1-0.05-50-0 0 2327 35 38 21 2 0.0354 0.6163 158 270
375-0-1-0.05-50-0 0 2327 14 44 15 9 0.8451 0.7034 105 118
375-0-1-0.05-50-0 0 2328 49 45 5 30 0.1842 0.3816 136 173
375-0-1-0.05-50-0 0 2328 35 45 24 29 0.0354 0.3816 158 173
375-0-1-0.05-50-0 0 2328 46 29 25 10 0.3451 0.6728 327 177
375-0-1-0.05-50-0 0 2329 35 35 24 24 0.0354 0.0354 158 158
375-0-1-0.05-50-0 0 2329 45 46 27 26 0.3816 0.3451 173 327
375-0-1-0.05-50-0 0 2329 46 49 25 6 0.3451 0.1842 327 136
375-0-1-0.05-50-0 0 2330 29 39 9 2 0.6728 0.2187 177 309
375-0-1-0.05-50-0 0 2330 45 11 26 5 0.3816 0.0504 173 384
375-0-1-0.05-50-0 0 2330 49 32 5 3 0.1842 0.6514 136 215
375-0-1-0.05-50-0 0 2331 45 35 27 22 0.3816 0.0354 173 158
375-0-1-0.05-50-0 0 2331 35 35 21 21 0.0354 0.0354 158 158
375-0-1-0.05-50-0 0 2331 46 35 27 20 0.3451 0.0354 327 158
375-0-1-0.05-50-0 0 2332 29 35 11 18 0.6728 0.0354 177 158
375-0-1-0.05-50-0 0 2332 46 29 29 11 0.3451 0.6728 327 177
375-0-1-0.05-50-0 0 2332 45 28 27 6 0.3816 0.3846 173 311
375-0-1-0.05-50-0 0 2333 25 46 6 29 0.9430 0.3451 125 327
375-0-1-0.05-50-0 0 2333 35 15 17 3 0.0354 0.7918 158 149
375-0-1-0.05-50-0 0 2333 41 45 2 27 0.9621 0.3816 105 173
375-0-1-0.05-50-0 0 2334 46 12 30 6 0.3451 0.1896 327 325
375-0-1-0.05-50-0 0 2334 43 45 6 26 0.8316 0.3816 123 173
375-0-1-0.05-50-0 0 2334 45 14 25 15 0.3816 0.8451 173 105
375-0-1-0.05-50-0 0 2335 8 29 11 11 0.2506 0.6728 303 177
375-0-1-0.05-50-0 0 2335 29 46 10 31 0.6728 0.3451 177 327
375-0-1-0.05-50-0 0 2335 49 44 7 8 0.1842 0.7034 136 118
375-0-1-0.05-50-0 0 2336 46 45 32 27 0.3451 0.3816 327 173
375-0-1-0.05-50-0 0 2336 45 31 26 4 0.3816 0.5626 173 252
375-0-1-0.05-50-0 0 2336 29 45 9 26 0.6728 0.3816 177 173
375-0-1-0.05-50-0 0 2337 11 35 3 18 0.0504 0.0354 384 158
375-0-1-0.05-50-0 0 2337 46 45 32 25 0.3451 0.3816 327 173
375-0-1-0.05-50-0 0 2337 45 14 24 14 0.3816 0.8451 173 105
375-0-1-0.05-50-0 0 2338 49 43 5 6 0.1842 0.8316 136 123
375-0-1-0.05-50-0 0 2338 49 28 5 6 0.1842 0.3846 136 311
375-0-1-0.05-50-0 0 2338 9 11 2 3 0.6134 0.0504 161 384
375-0-1-0.05-50-0 0 2339 12 32 5 4 0.1896 0.6514 325 215
375-0-1-0.05-50-0 0 2339 37 45 2 23 0.8481 0.3816 127 173
375-0-1-0.05-50-0 0 2339 15 46 3 34 0.7918 0.3451 149 327
375-0-1-0.05-50-0 0 2340 8 35 9 17 0.2506 0.0354 303 158
375-0-1-0.05-50-0 0 2340 49 46 5 34 0.1842 0.3451 136 327
375-0-1-0.05-50-0 0 2340 28 29 6 9 0.3846 0.6728 311 177
375-0-1-0.05-50-0 0 2341 26 45 1 23 0.8171 0.3816 141 173
375-0-1-0.05-50-0 0 2341 45 28 22 6 0.3816 0.3846 173 311
375-0-1-0.05-50-0 0 2341 14 46 15 33 0.8451 0.3451 105 327
375-0-1-0.05-50-0 0 2342 46 29 34 7 0.3451 0.6728 327 177
375-0-1-0.05-50-0 0 2342 8 8 8 8 0.2506 0.2506 303 303
375-0-1-0.05-50-0 0 2342 19 46 1 34 0.8072 0.3451 134 327
375-0-1-0.05-50-0 0 2343 25 45 6 22 0.9430 0.3816 125 173
375-0-1-0.05-50-0 0 2343 6 35 1 20 0.4266 0.0354 249 158
375-0-1-0.05-50-0 0 2343 45 8 21 7 0.3816 0.2506 173 303
375-0-1-0.05-50-0 0 2344 45 29 22 5 0.3816 0.6728 173 177
375-0-1-0.05-50-0 0 2344 46 9 35 5 0.3451 0.6134 327 161
375-0-1-0.05-50-0 0 2344 44 35 5 20 0.7034 0.0354 118 158
375-0-1-0.05-50-0 0 2345 35 46 19 39 0.0354 0.3451 158 327
375-0-1-0.05-50-0 0 2345 35 45 19 22 0.0354 0.3816 158 173
375-0-1-0.05-50-0 0 2345 8 32 6 4 0.2506 0.6514 303 215
375-0-1-0.05-50-0 0 2346 14 12 15 6 0.8451 0.1896 105 325
375-0-1-0.05-50-0 0 2346 32 46 3 39 0.6514 0.3451 215 327
375-0-1-0.05-50-0 0 2346 41 46 5 38 0.9621 0.3451 105 327
375-0-1-0.05-50-0 0 2347 14 41 16 5 0.8451 0.9621 105 105
375-0-1-0.05-50-0 0 2347 35 44 18 5 0.0354 0.7034 158 118
375-0-1-0.05-50-0 0 2347 45 20 20 1 0.3816 0.9922 173 102
375-0-1-0.05-50-0 0 2348 30 43 1 2 0.6008 0.8316 266 123
375-0-1-0.05-50-0 0 2348 11 35 2 18 0.0504 0.0354 384 158
375-0-1-0.05-50-0 0 2348 14 45 18 20 0.8451 0.3816 105 173
375-0-1-0.05-50-0 0 2349 12 14 4 19 0.1896 0.8451 325 105
375-0-1-0.05-50-0 0 2349 15 49 4 4 0.7918 0.1842 149 136
375-0-1-0.05-50-0 0 2349 46 31 37 3 0.3451 0.5626 327 252
375-0-1-0.05-50-0 0 2350 46 37 37 1 0.3451 0.8481 327 127
375-0-1-0.05-50-0 0 2350 14 28 19 11 0.8451 0.3846 105 311
375-0-1-0.05-50-0 0 2350 46 29 37 7 0.3451 0.6728 327 177
375-0-1-0.05-50-0 0 2351 46 45 37 18 0.3451 0.3816 327 173
375-0-1-0.05-50-0 0 2351 35 8 17 7 0.0354 0.2506 158 303
375-0-1-0.05-50-0 0 2351 14 28 20 9 0.8451 0.3846 105 311
375-0-1-0.05-50-0 0 2352 29 9 6 6 0.6728 0.6134 177 161
375-0-1-0.05-50-0 0 2352 14 25 19 9 0.8451 0.9430 105 125
375-0-1-0.05-50-0 0 2352 35 35 17 17 0.0354 0.0354 158 158
375-0-1-0.05-50-0 0 2353 9 12 5 5 0.6134 0.1896 161 325
375-0-1-0.05-50-0 0 2353 45 25 16 9 0.3816 0.9430 173 125
375-0-1-0.05-50-0 0 2353 14 45 21 16 0.8451 0.3816 105 173
375-0-1-0.05-50-0 0 2354 46 49 35 4 0.3451 0.1842 327 136
375-0-1-0.05-50-0 0 2354 46 46 35 35 0.3451 0.3451 327 327
375-0-1-0.05-50-0 0 2354 14 46 22 34 0.8451 0.3451 105 327
375-0-1-0.05-50-0 0 2355 46 45 38 13 0.3451 0.3816 327 173
375-0-1-0.05-50-0 0 2355 46 14 38 23 0.3451 0.8451 327 105
375-0-1-0.05-50-0 0 2355 14 32 22 4 0.8451 0.6514 105 215
375-0-1-0.05-50-0 0 2356 14 28 22 9 0.8451 0.3846 105 311
375-0-1-0.05-50-0 0 2356 46 5 38 2 0.3451 0.0007 327 226
375-0-1-0.05-50-0 0 2356 25 46 8 38 0.9430 0.3451 125 327
375-0-1-0.05-50-0 0 2357 46 45 37 13 0.3451 0.3816 327 173
375-0-1-0.05-50-0 0 2357 28 41 8 5 0.3846 0.9621 311 105
375-0-1-0.05-50-0 0 2357 14 28 22 8 0.8451 0.3846 105 311
375-0-1-0.05-50-0 0 2358 35 46 16 36 0.0354 0.3451 158 327
375-0-1-0.05-50-0 0 2358 14 46 24 35 0.8451 0.3451 105 327
375-0-1-0.05-50-0 0 2358 25 25 8 8 0.9430 0.9430 125 125
375-0-1-0.05-50-0 0 2359 8 41 8 4 0.2506 0.9621 303 105
375-0-1-0.05-50-0 0 2359 35 35 16 16 0.0354 0.0354 158 158
375-0-1-0.05-50-0 0 2359 14 12 26 7 0.8451 0.1896 105 325
375-0-1-0.05-50-0 0 2360 14 14 25 25 0.8451 0.8451 105 105
375-0-1-0.05-50-0 0 2360 45 25 13 6 0.3816 0.9430 173 125
375-0-1-0.05-50-0 0 2360 15 14 4 24 0.7918 0.8451 149 105
375-0-1-0.05-50-0 0 2361 35 6 15 1 0.0354 0.4266 158 249
375-0-1-0.05-50-0 0 2361 32 28 3 6 0.6514 0.3846 215 311
375-0-1-0.05-50-0 0 2361 15 14 4 23 0.7918 0.8451 149 105
375-0-1-0.05-50-0 0 2362 36 28 3 5 0.8162 0.3846 165 311
375-0-1-0.05-50-0 0 2362 40 36 3 3 0.9739 0.8162 104 165
375-0-1-0.05-50-0 0 2362 14 45 23 14 0.8451 0.3816 105 173
375-0-1-0.05-50-0 0 2363 44 46 6 38 0.7034 0.3451 118 327
375-0-1-0.05-50-0 0 2363 46 8 37 9 0.3451 0.2506 327 303
375-0-1-0.05-50-0 0 2363 46 11 37 6 0.3451 0.0504 327 384
375-0-1-0.05-50-0 0 2364 44 31 6 5 0.7034 0.5626 118 252
375-0-1-0.05-50-0 0 2364 14 8 24 8 0.8451 0.2506 105 303
375-0-1-0.05-50-0 0 2364 14 49 24 1 0.8451 0.1842 105 136
375-0-1-0.05-50-0 0 2365 9 46 6 42 0.6134 0.3451 161 327
375-0-1-0.05-50-0 0 2365 46 14 41 22 0.3451 0.8451 327 105
375-0-1-0.05-50-0 0 2365 35 45 14 9 0.0354 0.3816 158 173
375-0-1-0.05-50-0 0 2366 45 15 9 4 0.3816 0.7918 173 149
375-0-1-0.05-50-0 0 2366 14 35 21 14 0.8451 0.0354 105 158
375-0-1-0.05-50-0 0 2366 42 14 3 21 0.7447 0.8451 106 105
375-0-1-0.05-50-0 0 2367 35 46 13 39 0.0354 0.3451 158 327
375-0-1-0.05-50-0 0 2367 46 9 38 4 0.3451 0.6134 327 161
375-0-1-0.05-50-0 0 2368 24 46 1 41 0.1940 0.3451 254 327
375-0-1-0.05-50-0 0 2368 46 29 40 3 0.3451 0.6728 327 177
375-0-1-0.05-50-0 0 2369 14 44 18 7 0.8451 0.7034 105 118
375-0-1-0.05-50-0 0 2369 28 14 5 18 0.3846 0.8451 311 105
375-0-1-0.05-50-0 0 2370 14 46 17 38 0.8451 0.3451 105 327
375-0-1-0.05-50-0 0 2370 46 9 37 1 0.3451 0.6134 327 161
375-0-1-0.05-50-0 0 2371 45 46 9 37 0.3816 0.3451 173 327
375-0-1-0.05-50-0 0 2371 46 44 36 5 0.3451 0.7034 327 118
375-0-1-0.05-50-0 0 2372 45 44 10 3 0.3816 0.7034 173 118
375-0-1-0.05-50-0 0 2372 46 8 36 9 0.3451 0.2506 327 303
375-0-1-0.05-50-0 0 2373 35 46 13 37 0.0354 0.3451 158 327
375-0-1-0.05-50-0 0 2373 46 35 36 13 0.3451 0.0354 327 158
375-0-1-0.05-50-0 0 2374 32 46 3 38 0.6514 0.3451 215 327
375-0-1-0.05-50-0 0 2374 35 8 11 8 0.0354 0.2506 158 303
375-0-1-0.05-50-0 0 2375 40 29 5 2 0.9739 0.6728 104 177
375-0-1-0.05-50-0 0 2375 14 20 20 1 0.8451 0.9922 105 102
375-0-1-0.05-50-0 0 2376 38 40 1 5 0.6163 0.9739 270 104
375-0-1-0.05-50-0 0 2376 8 41 9 3 0.2506 0.9621 303 105
375-0-1-0.05-50-0 0 2377 14 5 20 2 0.8451 0.0007 105 226
375-0-1-0.05-50-0 0 2377 22 46 2 38 0.0160 0.3451 311 327
375-0-1-0.05-50-0 0 2378 35 8 11 9 0.0354 0.2506 158 303
375-0-1-0.05-50-0 0 2378 46 46 39 39 0.3451 0.3451 327 327
375-0-1-0.05-50-0 0 2379 46 14 38 21 0.3451 0.8451 327 105
375-0-1-0.05-50-0 0 2379 28 14 4 20 0.3846 0.8451 311 105
375-0-1-0.05-50-0 0 2380 44 14 1 20 0.7034 0.8451 118 105
375-0-1-0.05-50-0 0 2380 45 29 8 1 0.3816 0.6728 173 177
375-0-1-0.05-50-0 0 2380 14 35 19 11 0.8451 0.0354 105 158
375-0-1-0.05-50-0 0 2381 45 32 8 3 0.3816 0.6514 173 215
375-0-1-0.05-50-0 0 2381 46 46 40 40 0.3451 0.3451 327 327
375-0-1-0.05-50-0 0 2381 35 46 9 39 0.0354 0.3451 158 327
375-0-1-0.05-50-0 0 2382 46 11 37 5 0.3451 0.0504 327 384
375-0-1-0.05-50-0 0 2382 35 14 10 20 0.0354 0.8451 158 105
375-0-1-0.05-50-0 0 2382 14 25 19 6 0.8451 0.9430 105 125
375-0-1-0.05-50-0 0 2383 36 12 6 7 0.8162 0.1896 165 325
375-0-1-0.05-50-0 0 2383 46 36 37 6 0.3451 0.8162 327 165
375-0-1-0.05-50-0 0 2383 47 42 4 5 0.9293 0.7447 103 106
375-0-1-0.05-50-0 0 2384 46 35 36 10 0.3451 0.0354 327 158
375-0-1-0.05-50-0 0 2384 11 33 5 1 0.0504 0.6893 384 191
375-0-1-0.05-50-0 0 2384 12 14 6 19 0.1896 0.8451 325 105
375-0-1-0.05-50-0 0 2385 12 15 6 5 0.1896 0.7918 325 149
375-0-1-0.05-50-0 0 2385 12 8 6 9 0.1896 0.2506 325 303
375-0-1-0.05-50-0 0 2385 46 46 33 33 0.3451 0.3451 327 327
375-0-1-0.05-50-0 0 2386 38 46 1 34 0.6163 0.3451 270 327
375-0-1-0.05-50-0 0 2386 46 46 33 33 0.3451 0.3451 327 327
375-0-1-0.05-50-0 0 2386 15 46 4 32 0.7918 0.3451 149 327
375-0-1-0.05-50-0 0 2387 45 41 11 3 0.3816 0.9621 173 105
375-0-1-0.05-50-0 0 2387 11 14 4 17 0.0504 0.8451 384 105
375-0-1-0.05-50-0 0 2388 46 50 32 2 0.3451 0.2147 327 147
375-0-1-0.05-50-0 0 2388 12 38 5 1 0.1896 0.6163 325 270
375-0-1-0.05-50-0 0 2389 36 42 5 5 0.8162 0.7447 165 106
375-0-1-0.05-50-0 0 2389 15 36 4 5 0.7918 0.8162 149 165
375-0-1-0.05-50-0 0 2390 35 46 9 36 0.0354 0.3451 158 327
375-0-1-0.05-50-0 0 2390 28 35 6 9 0.3846 0.0354 311 158
375-0-1-0.05-50-0 0 2391 8 13 8 3 0.2506 0.8878 303 151
375-0-1-0.05-50-0 0 2391 25 46 9 34 0.9430 0.3451 125 327
375-0-1-0.05-50-0 0 2392 25 22 9 4 0.9430 0.0160 125 311
375-0-1-0.05-50-0 0 2392 1 4 1 1 0.2520 0.0723 409 351
375-0-1-0.05-50-0 0 2393 8 36 7 4 0.2506 0.8162 303 165
375-0-1-0.05-50-0 0 2393 46 14 33 15 0.3451 0.8451 327 105
375-0-1-0.05-50-0 0 2394 46 35 34 8 0.3451 0.0354 327 158
375-0-1-0.05-50-0 0 2394 15 35 4 7 0.7918 0.0354 149 158
375-0-1-0.05-50-0 0 2395 21 14 2 14 0.4184 0.8451 158 105
375-0-1-0.05-50-0 0 2395 28 46 6 32 0.3846 0.3451 311 327
375-0-1-0.05-50-0 0 2396 46 43 31 4 0.3451 0.8316 327 123
375-0-1-0.05-50-0 0 2396 25 8 11 9 0.9430 0.2506 125 303
375-0-1-0.05-50-0 0 2397 12 15 6 4 0.1896 0.7918 325 149
375-0-1-0.05-50-0 0 2397 25 46 13 31 0.9430 0.3451 125 327
375-0-1-0.05-50-0 0 2397 26 8 1 8 0.8171 0.2506 141 303
375-0-1-0.05-50-0 0 2398 35 45 7 6 0.0354 0.3816 158 173
375-0-1-0.05-50-0 0 2398 6 24 2 1 0.4266 0.1940 249 254
375-0-1-0.05-50-0 0 2399 45 46 5 30 0.3816 0.3451 173 327
375-0-1-0.05-50-0 0 2399 46 14 29 13 0.3451 0.8451 327 105
375-0-1-0.05-50-0 0 2399 15 9 3 4 0.7918 0.6134 149 161
375-0-1-0.05-50-0 0 2400 46 28 30 9 0.3451 0.3846 327 311
375-0-1-0.05-50-0 0 2400 15 12 3 6 0.7918 0.1896 149 325
375-0-1-0.05-50-0 0 2401 14 46 14 28 0.8451 0.3451 105 327
375-0-1-0.05-50-0 0 2401 46 43 27 5 0.3451 0.8316 327 123
375-0-1-0.05-50-0 0 2402 28 40 8 4 0.3846 0.9739 311 104
375-0-1-0.05-50-0 0 2402 46 22 25 5 0.3451 0.0160 327 311
375-0-1-0.05-50-0 0 2403 17 45 2 7 0.6398 0.3816 197 173
375-0-1-0.05-50-0 0 2403 46 25 27 12 0.3451 0.9430 327 125
375-0-1-0.05-50-0 0 2404 31 40 4 3 0.5626 0.9739 252 104
375-0-1-0.05-50-0 0 2404 40 46 2 28 0.9739 0.3451 104 327
375-0-1-0.05-50-0 0 2405 44 25 1 10 0.7034 0.9430 118 125
375-0-1-0.05-50-0 0 2405 8 12 7 4 0.2506 0.1896 303 325
375-0-1-0.05-50-0 0 2406 28 46 11 28 0.3846 0.3451 311 327
375-0-1-0.05-50-0 0 2406 46 35 27 7 0.3451 0.0354 327 158
375-0-1-0.05-50-0 0 2407 45 46 8 29 0.3816 0.3451 173 327
375-0-1-0.05-50-0 0 2407 8 45 8 8 0.2506 0.3816 303 173
375-0-1-0.05-50-0 0 2408 28 22 14 5 0.3846 0.0160 311 311
375-0-1-0.05-50-0 0 2408 28 45 14 7 0.3846 0.3816 311 173
375-0-1-0.05-50-0 0 2409 12 46 3 28 0.1896 0.3451 325 327
375-0-1-0.05-50-0 0 2409 14 43 16 4 0.8451 0.8316 105 123
375-0-1-0.05-50-0 0 2410 47 46 4 28 0.9293 0.3451 103 327
375-0-1-0.05-50-0 0 2410 28 30 14 4 0.3846 0.6008 311 266
375-0-1-0.05-50-0 0 2411 28 12 14 3 0.3846 0.1896 311 325
375-0-1-0.05-50-0 0 2411 46 16 28 2 0.3451 0.2228 327 149
375-0-1-0.05-50-0 0 2412 40 31 2 3 0.9739 0.5626 104 252
375-0-1-0.05-50-0 0 2412 25 16 10 1 0.9430 0.2228 125 149
375-0-1-0.05-50-0 0 2413 28 46 14 26 0.3846 0.3451 311 327
375-0-1-0.05-50-0 0 2413 30 22 4 4 0.6008 0.0160 266 311
375-0-1-0.05-50-0 0 2414 43 28 3 14 0.8316 0.3846 123 311
375-0-1-0.05-50-0 0 2414 5 46 2 26 0.0007 0.3451 226 327
375-0-1-0.05-50-0 0 2415 12 22 3 5 0.1896 0.0160 325 311
375-0-1-0.05-50-0 0 2415 22 35 4 5 0.0160 0.0354 311 158
375-0-1-0.05-50-0 0 2416 46 46 25 25 0.3451 0.3451 327 327
375-0-1-0.05-50-0 0 2416 28 40 14 5 0.3846 0.9739 311 104
375-0-1-0.05-50-0 0 2417 14 25 20 9 0.8451 0.9430 105 125
375-0-1-0.05-50-0 0 2417 45 18 4 1 0.3816 0.2181 173 226
375-0-1-0.05-50-0 0 2418 28 24 16 1 0.3846 0.1940 311 254
375-0-1-0.05-50-0 0 2418 17 46 1 21 0.6398 0.3451 197 327
375-0-1-0.05-50-0 0 2419 35 14 4 18 0.0354 0.8451 158 105
375-0-1-0.05-50-0 0 2419 14 28 17 16 0.8451 0.3846 105 311
375-0-1-0.05-50-0 0 2420 25 45 10 4 0.9430 0.3816 125 173
375-0-1-0.05-50-0 0 2420 25 22 10 4 0.9430 0.0160 125 311
375-0-1-0.05-50-0 0 2421 21 34 4 1 0.4184 0.7448 158 168
375-0-1-0.05-50-0 0 2421 28 14 14 20 0.3846 0.8451 311 105
375-0-1-0.05-50-0 0 2422 43 14 2 18 0.8316 0.8451 123 105
375-0-1-0.05-50-0 0 2422 14 46 17 22 0.8451 0.3451 105 327
375-0-1-0.05-50-0 0 2423 50 9 2 5 0.2147 0.6134 147 161
375-0-1-0.05-50-0 0 2423 46 14 21 16 0.3451 0.8451 327 105
375-0-1-0.05-50-0 0 2424 47 46 4 19 0.9293 0.3451 103 327
375-0-1-0.05-50-0 0 2424 46 12 18 5 0.3451 0.1896 327 325
375-0-1-0.05-50-0 0 2425 11 14 1 16 0.0504 0.8451 384 105
375-0-1-0.05-50-0 0 2425 8 15 11 3 0.2506 0.7918 303 149
375-0-1-0.05-50-0 0 2426 47 28 4 14 0.9293 0.3846 103 311
375-0-1-0.05-50-0 0 2426 28 46 13 18 0.3846 0.3451 311 327
375-0-1-0.05-50-0 0 2427 47 46 4 18 0.9293 0.3451 103 327
375-0-1-0.05-50-0 0 2427 14 42 19 3 0.8451 0.7447 105 106
375-0-1-0.05-50-0 0 2428 37 8 2 9 0.8481 0.2506 127 303
375-0-1-0.05-50-0 0 2428 47 50 5 2 0.9293 0.2147 103 147
375-0-1-0.05-50-0 0 2429 35 27 3 1 0.0354 0.0776 158 149
375-0-1-0.05-50-0 0 2429 44 46 2 18 0.7034 0.3451 118 327
375-0-1-0.05-50-0 0 2430 46 6 18 4 0.3451 0.4266 327 249
375-0-1-0.05-50-0 0 2430 43 46 5 18 0.8316 0.3451 123 327
375-0-1-0.05-50-0 0 2430 28 15 16 4 0.3846 0.7918 311 149
375-0-1-0.05-50-0 0 2431 9 14 4 22 0.6134 0.8451 161 105
375-0-1-0.05-50-0 0 2431 16 25 1 11 0.2228 0.9430 149 125
375-0-1-0.05-50-0 0 2431 28 30 17 7 0.3846 0.6008 311 266
375-0-1-0.05-50-0 0 2432 30 25 7 9 0.6008 0.9430 266 125
375-0-1-0.05-50-0 0 2432 28 28 19 19 0.3846 0.3846 311 311
375-0-1-0.05-50-0 0 2432 47 9 7 5 0.9293 0.6134 103 161
375-0-1-0.05-50-0 0 2433 30 31 7 4 0.6008 0.5626 266 252
375-0-1-0.05-50-0 0 2433 40 50 7 3 0.9739 0.2147 104 147
375-0-1-0.05-50-0 0 2433 30 46 7 19 0.6008 0.3451 266 327
375-0-1-0.05-50-0 0 2434 28 46 19 18 0.3846 0.3451 311 327
375-0-1-0.05-50-0 0 2434 17 8 1 11 0.6398 0.2506 197 303
375-0-1-0.05-50-0 0 2434 40 28 7 19 0.9739 0.3846 104 311
375-0-1-0.05-50-0 0 2435 28 14 21 19 0.3846 0.8451 311 105
375-0-1-0.05-50-0 0 2435 15 31 4 4 0.7918 0.5626 149 252
375-0-1-0.05-50-0 0 2435 40 8 8 10 0.9739 0.2506 104 303
375-0-1-0.05-50-0 0 2436 40 30 8 7 0.9739 0.6008 104 266
375-0-1-0.05-50-0 0 2436 35 46 3 18 0.0354 0.3451 158 327
375-0-1-0.05-50-0 0 2436 12 25 4 8 0.1896 0.9430 325 125
375-0-1-0.05-50-0 0 2437 8 43 10 10 0.2506 0.8316 303 123
375-0-1-0.05-50-0 0 2437 29 30 3 5 0.6728 0.6008 177 266
375-0-1-0.05-50-0 0 2437 28 28 23 23 0.3846 0.3846 311 311
375-0-1-0.05-50-0 0 2438 43 40 9 7 0.8316 0.9739 123 104
375-0-1-0.05-50-0 0 2438 35 42 3 3 0.0354 0.7447 158 106
375-0-1-0.05-50-0 0 2438 14 43 16 9 0.8451 0.8316 105 123
375-0-1-0.05-50-0 0 2439 14 21 16 6 0.8451 0.4184 105 158
375-0-1-0.05-50-0 0 2439 30 49 3 2 0.6008 0.1842 266 136
375-0-1-0.05-50-0 0 2439 15 25 2 7 0.7918 0.9430 149 125
375-0-1-0.05-50-0 0 2440 46 46 19 19 0.3451 0.3451 327 327
375-0-1-0.05-50-0 0 2440 43 35 8 3 0.8316 0.0354 123 158
375-0-1-0.05-50-0 0 2440 28 14 25 17 0.3846 0.8451 311 105
375-0-1-0.05-50-0 0 2441 14 8 16 14 0.8451 0.2506 105 303
375-0-1-0.05-50-0 0 2441 6 28 3 25 0.4266 0.3846 249 311
375-0-1-0.05-50-0 0 2441 12 47 5 10 0.1896 0.9293 325 103
375-0-1-0.05-50-0 0 2442 28 12 24 5 0.3846 0.1896 311 325
375-0-1-0.05-50-0 0 2442 28 8 24 13 0.3846 0.2506 311 303
375-0-1-0.05-50-0 0 2442 21 46 5 19 0.4184 0.3451 158 327
375-0-1-0.05-50-0 0 2443 8 14 12 16 0.2506 0.8451 303 105
375-0-1-0.05-50-0 0 2443 46 12 19 3 0.3451 0.1896 327 325
375-0-1-0.05-50-0 0 2443 21 45 6 4 0.4184 0.3816 158 173
375-0-1-0.05-50-0 0 2444 30 9 4 4 0.6008 0.6134 266 161
375-0-1-0.05-50-0 0 2444 30 14 4 13 0.6008 0.8451 266 105
375-0-1-0.05-50-0 0 2444 46 8 20 11 0.3451 0.2506 327 303
375-0-1-0.05-50-0 0 2445 46 8 21 9 0.3451 0.2506 327 303
375-0-1-0.05-50-0 0 2445 35 46 3 21 0.0354 0.3451 158 327
375-0-1-0.05-50-0 0 2446 40 22 6 6 0.9739 0.0160 104 311
375-0-1-0.05-50-0 0 2446 8 28 7 30 0.2506 0.3846 303 311
375-0-1-0.05-50-0 0 2447 17 17 2 2 0.6398 0.6398 197 197
375-0-1-0.05-50-0 0 2447 35 25 3 5 0.0354 0.9430 158 125
375-0-1-0.05-50-0 0 2447 44 25 3 4 0.7034 0.9430 118 125
375-0-1-0.05-50-0 0 2448 28 46 30 19 0.3846 0.3451 311 327
375-0-1-0.05-50-0 0 2448 43 31 9 3 0.8316 0.5626 123 252
375-0-1-0.05-50-0 0 2448 40 12 7 3 0.9739 0.1896 104 325
375-0-1-0.05-50-0 0 2449 31 47 2 10 0.5626 0.9293 252 103
375-0-1-0.05-50-0 0 2449 21 9 7 2 0.4184 0.6134 158 161
375-0-1-0.05-50-0 0 2450 28 40 29 7 0.3846 0.9739 311 104
375-0-1-0.05-50-0 0 2450 49 43 2 9 0.1842 0.8316 136 123
375-0-1-0.05-50-0 0 2451 17 46 2 15 0.6398 0.3451 197 327
375-0-1-0.05-50-0 0 2451 28 14 29 13 0.3846 0.8451 311 105
375-0-1-0.05-50-0 0 2452 46 28 14 28 0.3451 0.3846 327 311
375-0-1-0.05-50-0 0 2452 28 28 27 27 0.3846 0.3846 311 311
375-0-1-0.05-50-0 0 2453 45 8 3 6 0.3816 0.2506 173 303
375-0-1-0.05-50-0 0 2453 31 8 2 5 0.5626 0.2506 252 303
375-0-1-0.05-50-0 0 2454 40 14 4 12 0.9739 0.8451 104 105
375-0-1-0.05-50-0 0 2454 28 19 27 1 0.3846 0.8072 311 134
375-0-1-0.05-50-0 0 2455 45 15 3 1 0.3816 0.7918 173 149
375-0-1-0.05-50-0 0 2455 28 28 27 27 0.3846 0.3846 311 311
375-0-1-0.05-50-0 0 2456 43 28 13 28 0.8316 0.3846 123 311
375-0-1-0.05-50-0 0 2456 47 28 9 27 0.9293 0.3846 103 311
375-0-1-0.05-50-0 0 2457 28 29 26 1 0.3846 0.6728 311 177
375-0-1-0.05-50-0 0 2457 40 6 5 3 0.9739 0.4266 104 249
375-0-1-0.05-50-0 0 2458 8 30 5 7 0.2506 0.6008 303 266
375-0-1-0.05-50-0 0 2458 8 28 5 26 0.2506 0.3846 303 311
375-0-1-0.05-50-0 0 2459 46 14 16 12 0.3451 0.8451 327 105
375-0-1-0.05-50-0 0 2459 21 47 9 10 0.4184 0.9293 158 103
375-0-1-0.05-50-0 0 2460 30 12 6 4 0.6008 0.1896 266 325
375-0-1-0.05-50-0 0 2460 45 21 5 11 0.3816 0.4184 173 158
375-0-1-0.05-50-0 0 2461 46 28 15 25 0.3451 0.3846 327 311
375-0-1-0.05-50-0 0 2461 50 46 3 15 0.2147 0.3451 147 327
375-0-1-0.05-50-0 0 2462 28 47 25 9 0.3846 0.9293 311 103
375-0-1-0.05-50-0 0 2462 44 46 2 13 0.7034 0.3451 118 327
375-0-1-0.05-50-0 0 2462 31 35 3 3 0.5626 0.0354 252 158
375-0-1-0.05-50-0 0 2463 30 46 8 12 0.6008 0.3451 266 327
375-0-1-0.05-50-0 0 2463 21 43 12 12 0.4184 0.8316 158 123
375-0-1-0.05-50-0 0 2464 28 50 24 4 0.3846 0.2147 311 147
375-0-1-0.05-50-0 0 2464 30 28 8 24 0.6008 0.3846 266 311
375-0-1-0.05-50-0 0 2465 14 43 12 11 0.8451 0.8316 105 123
375-0-1-0.05-50-0 0 2465 43 28 10 22 0.8316 0.3846 123 311
375-0-1-0.05-50-0 0 2466 15 45 1 9 0.7918 0.3816 149 173
375-0-1-0.05-50-0 0 2466 40 47 6 7 0.9739 0.9293 104 103
375-0-1-0.05-50-0 0 2467 28 12 22 3 0.3846 0.1896 311 325
375-0-1-0.05-50-0 0 2467 14 31 12 3 0.8451 0.5626 105 252
375-0-1-0.05-50-0 0 2468 15 43 1 12 0.7918 0.8316 149 123
375-0-1-0.05-50-0 0 2468 9 23 1 2 0.6134 0.1698 161 476
375-0-1-0.05-50-0 0 2469 30 46 8 11 0.6008 0.3451 266 327
375-0-1-0.05-50-0 0 2469 21 14 13 13 0.4184 0.8451 158 105
375-0-1-0.05-50-0 0 2470 30 28 7 21 0.6008 0.3846 266 311
375-0-1-0.05-50-0 0 2470 50 45 4 8 0.2147 0.3816 147 173
375-0-1-0.05-50-0 0 2471 28 8 20 6 0.3846 0.2506 311 303
375-0-1-0.05-50-0 0 2471 43 48 12 3 0.8316 0.1153 123 334
375-0-1-0.05-50-0 0 2472 40 14 5 13 0.9739 0.8451 104 105
375-0-1-0.05-50-0 0 2472 8 30 5 7 0.2506 0.6008 303 266
375-0-1-0.05-50-0 0 2473 50 45 5 7 0.2147 0.3816 147 173
375-0-1-0.05-50-0 0 2473 21 40 14 5 0.4184 0.9739 158 104
375-0-1-0.05-50-0 0 2474 39 14 1 14 0.2187 0.8451 309 105
375-0-1-0.05-50-0 0 2474 38 18 3 4 0.6163 0.2181 270 226
375-0-1-0.05-50-0 0 2475 28 43 21 12 0.3846 0.8316 311 123
375-0-1-0.05-50-0 0 2475 6 45 4 5 0.4266 0.3816 249 173
375-0-1-0.05-50-0 0 2476 21 46 13 9 0.4184 0.3451 158 327
375-0-1-0.05-50-0 0 2476 43 28 10 19 0.8316 0.3846 123 311
375-0-1-0.05-50-0 0 2477 28 38 18 4 0.3846 0.6163 311 270
375-0-1-0.05-50-0 0 2477 48 46 2 8 0.1153 0.3451 334 327
375-0-1-0.05-50-0 0 2478 21 28 14 17 0.4184 0.3846 158 311
375-0-1-0.05-50-0 0 2478 28 46 16 8 0.3846 0.3451 311 327
375-0-1-0.05-50-0 0 2479 46 21 7 13 0.3451 0.4184 327 158
375-0-1-0.05-50-0 0 2479 28 4 15 2 0.3846 0.0723 311 351
375-0-1-0.05-50-0 0 2480 8 18 8 2 0.2506 0.2181 303 226
375-0-1-0.05-50-0 0 2480 14 20 12 4 0.8451 0.9922 105 102
375-0-1-0.05-50-0 0 2481 30 21 7 13 0.6008 0.4184 266 158
375-0-1-0.05-50-0 0 2481 43 30 16 7 0.8316 0.6008 123 266
375-0-1-0.05-50-0 0 2482 28 6 16 5 0.3846 0.4266 311 249
375-0-1-0.05-50-0 0 2482 47 30 7 6 0.9293 0.6008 103 266
375-0-1-0.05-50-0 0 2483 40 45 4 3 0.9739 0.3816 104 173
375-0-1-0.05-50-0 0 2483 14 14 12 12 0.8451 0.8451 105 105
375-0-1-0.05-50-0 0 2484 50 31 4 4 0.2147 0.5626 147 252
375-0-1-0.05-50-0 0 2484 28 30 17 6 0.3846 0.6008 311 266
375-0-1-0.05-50-0 0 2485 47 21 6 11 0.9293 0.4184 103 158
375-0-1-0.05-50-0 0 2485 22 18 4 3 0.0160 0.2181 311 226
375-0-1-0.05-50-0 0 2486 43 14 15 10 0.8316 0.8451 123 105
375-0-1-0.05-50-0 0 2486 46 28 8 18 0.3451 0.3846 327 311
375-0-1-0.05-50-0 0 2487 14 31 9 4 0.8451 0.5626 105 252
375-0-1-0.05-50-0 0 2487 31 2 3 3 0.5626 0.8198 252 167
375-0-1-0.05-50-0 0 2488 6 43 3 13 0.4266 0.8316 249 123
375-0-1-0.05-50-0 0 2488 48 21 3 11 0.1153 0.4184 334 158
375-0-1-0.05-50-0 0 2489 47 7 6 3 0.9293 0.9267 103 106
375-0-1-0.05-50-0 0 2489 31 35 3 7 0.5626 0.0354 252 158
375-0-1-0.05-50-0 0 2490 6 48 3 3 0.4266 0.1153 249 334
375-0-1-0.05-50-0 0 2490 9 50 2 4 0.6134 0.2147 161 147
375-0-1-0.05-50-0 0 2491 46 21 10 10 0.3451 0.4184 327 158
375-0-1-0.05-50-0 0 2491 47 46 6 10 0.9293 0.3451 103 327
375-0-1-0.05-50-0 0 2492 43 35 13 6 0.8316 0.0354 123 158
375-0-1-0.05-50-0 0 2492 28 18 17 1 0.3846 0.2181 311 226
375-0-1-0.05-50-0 0 2493 47 1 6 7 0.9293 0.2520 103 409
375-0-1-0.05-50-0 0 2493 1 6 6 2 0.2520 0.4266 409 249
375-0-1-0.05-50-0 0 2494 28 17 19 3 0.3846 0.6398 311 197
375-0-1-0.05-50-0 0 2494 14 28 9 19 0.8451 0.3846 105 311
375-0-1-0.05-50-0 0 2495 14 8 7 10 0.8451 0.2506 105 303
375-0-1-0.05-50-0 0 2495 22 48 6 3 0.0160 0.1153 311 334
375-0-1-0.05-50-0 0 2496 40 6 1 1 0.9739 0.4266 104 249
375-0-1-0.05-50-0 0 2496 35 22 6 6 0.0354 0.0160 158 311
375-0-1-0.05-50-0 0 2497 43 43 11 11 0.8316 0.8316 123 123
375-0-1-0.05-50-0 0 2497 38 21 2 13 0.6163 0.4184 270 158
375-0-1-0.05-50-0 0 2498 46 8 9 9 0.3451 0.2506 327 303
375-0-1-0.05-50-0 0 2498 14 28 7 21 0.8451 0.3846 105 311
375-0-1-0.05-50-0 0 2499 7 28 2 21 0.9267 0.3846 106 311
375-0-1-0.05-50-0 0 2499 28 22 20 6 0.3846 0.0160 311 311
375-0-1-0.05-50-0 0 2500 21 8 11 8 0.4184 0.2506 158 303
375-0-1-0.05-50-0 0 2500 28 47 21 6 0.3846 0.9293 311 103
