376-0-1-0.05-50-0 0 2302 35 7 4 17 0.0354 0.9267 158 106
376-0-1-0.05-50-0 0 2302 25 49 7 3 0.9430 0.1842 125 136
376-0-1-0.05-50-0 0 2303 16 24 8 4 0.2228 0.1940 149 254
376-0-1-0.05-50-0 0 2303 4 22 20 7 0.0723 0.0160 351 311
376-0-1-0.05-50-0 0 2304 25 44 6 9 0.9430 0.7034 125 118
376-0-1-0.05-50-0 0 2304 4 16 20 9 0.0723 0.2228 351 149
376-0-1-0.05-50-0 0 2305 7 44 17 9 0.9267 0.7034 106 118
376-0-1-0.05-50-0 0 2305 5 25 3 6 0.0007 0.9430 226 125
376-0-1-0.05-50-0 0 2306 48 40 2 5 0.1153 0.9739 334 104
376-0-1-0.05-50-0 0 2306 4 7 20 17 0.0723 0.9267 351 106
376-0-1-0.05-50-0 0 2307 19 28 3 12 0.8072 0.3846 134 311
376-0-1-0.05-50-0 0 2307 4 48 21 2 0.0723 0.1153 351 334
376-0-1-0.05-50-0 0 2308 40 5 6 3 0.9739 0.0007 104 226
376-0-1-0.05-50-0 0 2308 4 30 20 1 0.0723 0.6008 351 266
376-0-1-0.05-50-0 0 2309 4 27 19 5 0.0723 0.0776 351 149
376-0-1-0.05-50-0 0 2309 40 27 6 4 0.9739 0.0776 104 149
376-0-1-0.05-50-0 0 2310 16 19 9 3 0.2228 0.8072 149 134
376-0-1-0.05-50-0 0 2310 46 7 5 16 0.3451 0.9267 327 106
376-0-1-0.05-50-0 0 2311 25 4 5 22 0.9430 0.0723 125 351
376-0-1-0.05-50-0 0 2311 7 9 14 1 0.9267 0.6134 106 161
376-0-1-0.05-50-0 0 2312 7 22 13 8 0.9267 0.0160 106 311
376-0-1-0.05-50-0 0 2312 11 46 8 6 0.0504 0.3451 384 327
376-0-1-0.05-50-0 0 2313 7 34 14 4 0.9267 0.7448 106 168
376-0-1-0.05-50-0 0 2313 40 11 6 8 0.9739 0.0504 104 384
376-0-1-0.05-50-0 0 2314 10 16 1 9 0.2533 0.2228 449 149
376-0-1-0.05-50-0 0 2314 29 28 4 13 0.6728 0.3846 177 311
376-0-1-0.05-50-0 0 2315 16 16 9 9 0.2228 0.2228 149 149
376-0-1-0.05-50-0 0 2315 7 4 14 22 0.9267 0.0723 106 351
376-0-1-0.05-50-0 0 2316 16 31 7 8 0.2228 0.5626 149 252
376-0-1-0.05-50-0 0 2316 4 11 19 9 0.0723 0.0504 351 384
376-0-1-0.05-50-0 0 2317 27 40 5 5 0.0776 0.9739 149 104
376-0-1-0.05-50-0 0 2317 28 4 11 19 0.3846 0.0723 311 351
376-0-1-0.05-50-0 0 2318 4 4 20 20 0.0723 0.0723 351 351
376-0-1-0.05-50-0 0 2318 50 46 2 4 0.2147 0.3451 147 327
376-0-1-0.05-50-0 0 2319 25 40 4 2 0.9430 0.9739 125 104
376-0-1-0.05-50-0 0 2319 28 18 13 2 0.3846 0.2181 311 226
376-0-1-0.05-50-0 0 2320 7 26 14 3 0.9267 0.8171 106 141
376-0-1-0.05-50-0 0 2320 22 46 6 3 0.0160 0.3451 311 327
376-0-1-0.05-50-0 0 2321 28 44 13 8 0.3846 0.7034 311 118
376-0-1-0.05-50-0 0 2321 16 46 9 2 0.2228 0.3451 149 327
376-0-1-0.05-50-0 0 2322 27 31 6 8 0.0776 0.5626 149 252
376-0-1-0.05-50-0 0 2322 49 26 1 2 0.1842 0.8171 136 141
376-0-1-0.05-50-0 0 2323 31 11 7 8 0.5626 0.0504 252 384
376-0-1-0.05-50-0 0 2323 7 28 15 10 0.9267 0.3846 106 311
376-0-1-0.05-50-0 0 2324 11 27 7 8 0.0504 0.0776 384 149
376-0-1-0.05-50-0 0 2324 28 35 13 6 0.3846 0.0354 311 158
376-0-1-0.05-50-0 0 2325 28 7 13 16 0.3846 0.9267 311 106
376-0-1-0.05-50-0 0 2325 7 7 15 15 0.9267 0.9267 106 106
376-0-1-0.05-50-0 0 2326 7 11 13 7 0.9267 0.0504 106 384
376-0-1-0.05-50-0 0 2326 9 16 1 12 0.6134 0.2228 161 149
376-0-1-0.05-50-0 0 2326 22 44 11 9 0.0160 0.7034 311 118
376-0-1-0.05-50-0 0 2327 16 33 11 3 0.2228 0.6893 149 191
376-0-1-0.05-50-0 0 2327 4 29 21 9 0.0723 0.6728 351 177
376-0-1-0.05-50-0 0 2327 44 11 9 8 0.7034 0.0504 118 384
376-0-1-0.05-50-0 0 2328 7 22 14 10 0.9267 0.0160 106 311
376-0-1-0.05-50-0 0 2328 27 44 7 9 0.0776 0.7034 149 118
376-0-1-0.05-50-0 0 2328 27 28 7 13 0.0776 0.3846 149 311
376-0-1-0.05-50-0 0 2329 37 40 1 1 0.8481 0.9739 127 104
376-0-1-0.05-50-0 0 2329 29 4 7 22 0.6728 0.0723 177 351
376-0-1-0.05-50-0 0 2329 49 28 1 12 0.1842 0.3846 136 311
376-0-1-0.05-50-0 0 2330 48 34 1 2 0.1153 0.7448 334 168
376-0-1-0.05-50-0 0 2330 4 4 21 21 0.0723 0.0723 351 351
376-0-1-0.05-50-0 0 2330 15 31 1 6 0.7918 0.5626 149 252
376-0-1-0.05-50-0 0 2331 28 50 9 3 0.3846 0.2147 311 147
376-0-1-0.05-50-0 0 2331 44 35 11 6 0.7034 0.0354 118 158
376-0-1-0.05-50-0 0 2332 44 29 10 8 0.7034 0.6728 118 177
376-0-1-0.05-50-0 0 2332 4 22 21 10 0.0723 0.0160 351 311
376-0-1-0.05-50-0 0 2333 6 44 3 12 0.4266 0.7034 249 118
376-0-1-0.05-50-0 0 2333 22 15 8 1 0.0160 0.7918 311 149
376-0-1-0.05-50-0 0 2334 44 4 11 20 0.7034 0.0723 118 351
376-0-1-0.05-50-0 0 2334 4 16 19 11 0.0723 0.2228 351 149
376-0-1-0.05-50-0 0 2335 22 25 8 8 0.0160 0.9430 311 125
376-0-1-0.05-50-0 0 2335 16 4 12 19 0.2228 0.0723 149 351
376-0-1-0.05-50-0 0 2336 33 11 4 9 0.6893 0.0504 191 384
376-0-1-0.05-50-0 0 2336 1 11 3 8 0.2520 0.0504 409 384
376-0-1-0.05-50-0 0 2337 7 28 17 14 0.9267 0.3846 106 311
376-0-1-0.05-50-0 0 2337 18 7 2 17 0.2181 0.9267 226 106
376-0-1-0.05-50-0 0 2338 46 27 2 3 0.3451 0.0776 327 149
376-0-1-0.05-50-0 0 2338 36 4 1 17 0.8162 0.0723 165 351
376-0-1-0.05-50-0 0 2339 16 31 12 4 0.2228 0.5626 149 252
376-0-1-0.05-50-0 0 2339 28 1 13 4 0.3846 0.2520 311 409
376-0-1-0.05-50-0 0 2340 11 27 6 4 0.0504 0.0776 384 149
376-0-1-0.05-50-0 0 2340 28 7 13 17 0.3846 0.9267 311 106
376-0-1-0.05-50-0 0 2341 7 28 15 13 0.9267 0.3846 106 311
376-0-1-0.05-50-0 0 2341 29 25 8 6 0.6728 0.9430 177 125
376-0-1-0.05-50-0 0 2342 16 29 11 7 0.2228 0.6728 149 177
376-0-1-0.05-50-0 0 2342 7 44 16 10 0.9267 0.7034 106 118
376-0-1-0.05-50-0 0 2343 22 16 8 11 0.0160 0.2228 311 149
376-0-1-0.05-50-0 0 2343 25 1 5 3 0.9430 0.2520 125 409
376-0-1-0.05-50-0 0 2344 48 7 1 16 0.1153 0.9267 334 106
376-0-1-0.05-50-0 0 2344 4 7 17 15 0.0723 0.9267 351 106
376-0-1-0.05-50-0 0 2345 44 28 9 13 0.7034 0.3846 118 311
376-0-1-0.05-50-0 0 2345 4 45 19 1 0.0723 0.3816 351 173
376-0-1-0.05-50-0 0 2346 28 3 13 1 0.3846 0.4813 311 321
376-0-1-0.05-50-0 0 2346 29 11 7 7 0.6728 0.0504 177 384
376-0-1-0.05-50-0 0 2347 7 22 13 8 0.9267 0.0160 106 311
376-0-1-0.05-50-0 0 2347 34 25 2 5 0.7448 0.9430 168 125
376-0-1-0.05-50-0 0 2348 7 7 12 12 0.9267 0.9267 106 106
376-0-1-0.05-50-0 0 2348 25 29 4 7 0.9430 0.6728 125 177
376-0-1-0.05-50-0 0 2349 31 9 2 2 0.5626 0.6134 252 161
376-0-1-0.05-50-0 0 2349 16 28 13 15 0.2228 0.3846 149 311
376-0-1-0.05-50-0 0 2350 48 4 2 17 0.1153 0.0723 334 351
376-0-1-0.05-50-0 0 2350 28 7 15 10 0.3846 0.9267 311 106
376-0-1-0.05-50-0 0 2351 4 4 17 17 0.0723 0.0723 351 351
376-0-1-0.05-50-0 0 2351 11 16 6 12 0.0504 0.2228 384 149
376-0-1-0.05-50-0 0 2352 16 35 13 6 0.2228 0.0354 149 158
376-0-1-0.05-50-0 0 2352 7 4 10 16 0.9267 0.0723 106 351
376-0-1-0.05-50-0 0 2353 34 35 3 4 0.7448 0.0354 168 158
376-0-1-0.05-50-0 0 2353 16 7 15 10 0.2228 0.9267 149 106
376-0-1-0.05-50-0 0 2354 44 25 11 4 0.7034 0.9430 118 125
376-0-1-0.05-50-0 0 2354 44 37 11 1 0.7034 0.8481 118 127
376-0-1-0.05-50-0 0 2355 8 44 2 13 0.2506 0.7034 303 118
376-0-1-0.05-50-0 0 2355 34 4 3 14 0.7448 0.0723 168 351
376-0-1-0.05-50-0 0 2356 10 24 1 2 0.2533 0.1940 449 254
376-0-1-0.05-50-0 0 2356 29 34 10 3 0.6728 0.7448 177 168
376-0-1-0.05-50-0 0 2357 11 22 7 5 0.0504 0.0160 384 311
376-0-1-0.05-50-0 0 2357 1 1 8 8 0.2520 0.2520 409 409
376-0-1-0.05-50-0 0 2358 1 16 7 17 0.2520 0.2228 409 149
376-0-1-0.05-50-0 0 2358 16 29 16 10 0.2228 0.6728 149 177
376-0-1-0.05-50-0 0 2359 16 4 15 12 0.2228 0.0723 149 351
376-0-1-0.05-50-0 0 2359 29 1 9 7 0.6728 0.2520 177 409
376-0-1-0.05-50-0 0 2360 50 4 3 10 0.2147 0.0723 147 351
376-0-1-0.05-50-0 0 2360 44 44 13 13 0.7034 0.7034 118 118
376-0-1-0.05-50-0 0 2361 7 25 9 3 0.9267 0.9430 106 125
376-0-1-0.05-50-0 0 2361 31 34 4 2 0.5626 0.7448 252 168
376-0-1-0.05-50-0 0 2362 7 11 9 7 0.9267 0.0504 106 384
376-0-1-0.05-50-0 0 2362 44 16 14 17 0.7034 0.2228 118 149
376-0-1-0.05-50-0 0 2363 1 46 7 6 0.2520 0.3451 409 327
376-0-1-0.05-50-0 0 2363 7 25 9 3 0.9267 0.9430 106 125
376-0-1-0.05-50-0 0 2364 4 28 10 17 0.0723 0.3846 351 311
376-0-1-0.05-50-0 0 2364 16 44 16 13 0.2228 0.7034 149 118
376-0-1-0.05-50-0 0 2365 44 16 12 17 0.7034 0.2228 118 149
376-0-1-0.05-50-0 0 2365 48 16 1 16 0.1153 0.2228 334 149
376-0-1-0.05-50-0 0 2366 50 34 4 2 0.2147 0.7448 147 168
376-0-1-0.05-50-0 0 2366 29 44 11 12 0.6728 0.7034 177 118
376-0-1-0.05-50-0 0 2367 28 44 12 11 0.3846 0.7034 311 118
376-0-1-0.05-50-0 0 2367 44 35 10 4 0.7034 0.0354 118 158
376-0-1-0.05-50-0 0 2368 30 50 2 5 0.6008 0.2147 266 147
376-0-1-0.05-50-0 0 2368 16 28 15 12 0.2228 0.3846 149 311
376-0-1-0.05-50-0 0 2369 11 16 11 15 0.0504 0.2228 384 149
376-0-1-0.05-50-0 0 2369 50 44 4 10 0.2147 0.7034 147 118
376-0-1-0.05-50-0 0 2370 1 25 10 3 0.2520 0.9430 409 125
376-0-1-0.05-50-0 0 2370 11 50 10 4 0.0504 0.2147 384 147
376-0-1-0.05-50-0 0 2371 46 28 7 11 0.3451 0.3846 327 311
376-0-1-0.05-50-0 0 2371 29 11 12 10 0.6728 0.0504 177 384
376-0-1-0.05-50-0 0 2372 1 4 12 14 0.2520 0.0723 409 351
376-0-1-0.05-50-0 0 2372 22 30 8 3 0.0160 0.6008 311 266
376-0-1-0.05-50-0 0 2372 1 34 12 1 0.2520 0.7448 409 168
376-0-1-0.05-50-0 0 2373 35 31 3 3 0.0354 0.5626 158 252
376-0-1-0.05-50-0 0 2373 28 22 10 9 0.3846 0.0160 311 311
376-0-1-0.05-50-0 0 2373 16 11 17 9 0.2228 0.0504 149 384
376-0-1-0.05-50-0 0 2374 27 44 6 8 0.0776 0.7034 149 118
376-0-1-0.05-50-0 0 2374 11 19 8 1 0.0504 0.8072 384 134
376-0-1-0.05-50-0 0 2374 26 4 1 16 0.8171 0.0723 141 351
376-0-1-0.05-50-0 0 2375 22 16 8 20 0.0160 0.2228 311 149
376-0-1-0.05-50-0 0 2375 7 29 9 15 0.9267 0.6728 106 177
376-0-1-0.05-50-0 0 2375 35 4 3 15 0.0354 0.0723 158 351
376-0-1-0.05-50-0 0 2376 6 4 2 16 0.4266 0.0723 249 351
376-0-1-0.05-50-0 0 2376 46 29 7 14 0.3451 0.6728 327 177
376-0-1-0.05-50-0 0 2376 27 29 7 13 0.0776 0.6728 149 177
376-0-1-0.05-50-0 0 2377 28 44 10 9 0.3846 0.7034 311 118
376-0-1-0.05-50-0 0 2377 46 46 7 7 0.3451 0.3451 327 327
376-0-1-0.05-50-0 0 2377 16 4 16 15 0.2228 0.0723 149 351
376-0-1-0.05-50-0 0 2378 50 44 5 9 0.2147 0.7034 147 118
376-0-1-0.05-50-0 0 2378 28 11 9 8 0.3846 0.0504 311 384
376-0-1-0.05-50-0 0 2378 5 16 4 16 0.0007 0.2228 226 149
376-0-1-0.05-50-0 0 2379 36 22 8 9 0.8162 0.0160 165 311
376-0-1-0.05-50-0 0 2379 31 1 2 13 0.5626 0.2520 252 409
376-0-1-0.05-50-0 0 2379 7 4 11 15 0.9267 0.0723 106 351
376-0-1-0.05-50-0 0 2380 7 13 11 3 0.9267 0.8878 106 151
376-0-1-0.05-50-0 0 2380 1 5 12 4 0.2520 0.0007 409 226
376-0-1-0.05-50-0 0 2380 29 35 13 2 0.6728 0.0354 177 158
376-0-1-0.05-50-0 0 2381 33 36 2 8 0.6893 0.8162 191 165
376-0-1-0.05-50-0 0 2381 50 29 3 12 0.2147 0.6728 147 177
376-0-1-0.05-50-0 0 2381 46 4 8 14 0.3451 0.0723 327 351
376-0-1-0.05-50-0 0 2382 29 22 11 7 0.6728 0.0160 177 311
376-0-1-0.05-50-0 0 2382 7 4 12 14 0.9267 0.0723 106 351
376-0-1-0.05-50-0 0 2382 5 44 3 8 0.0007 0.7034 226 118
376-0-1-0.05-50-0 0 2383 17 28 2 9 0.6398 0.3846 197 311
376-0-1-0.05-50-0 0 2383 7 29 13 11 0.9267 0.6728 106 177
376-0-1-0.05-50-0 0 2384 27 36 6 8 0.0776 0.8162 149 165
376-0-1-0.05-50-0 0 2384 16 4 14 11 0.2228 0.0723 149 351
376-0-1-0.05-50-0 0 2385 6 7 4 14 0.4266 0.9267 249 106
376-0-1-0.05-50-0 0 2385 5 17 3 1 0.0007 0.6398 226 197
376-0-1-0.05-50-0 0 2385 16 9 14 3 0.2228 0.6134 149 161
376-0-1-0.05-50-0 0 2386 1 28 14 9 0.2520 0.3846 409 311
376-0-1-0.05-50-0 0 2386 29 29 11 11 0.6728 0.6728 177 177
376-0-1-0.05-50-0 0 2386 36 29 7 10 0.8162 0.6728 165 177
376-0-1-0.05-50-0 0 2387 44 7 9 14 0.7034 0.9267 118 106
376-0-1-0.05-50-0 0 2387 16 29 14 9 0.2228 0.6728 149 177
376-0-1-0.05-50-0 0 2388 27 46 6 9 0.0776 0.3451 149 327
376-0-1-0.05-50-0 0 2388 4 27 9 6 0.0723 0.0776 351 149
376-0-1-0.05-50-0 0 2389 28 6 8 4 0.3846 0.4266 311 249
376-0-1-0.05-50-0 0 2389 32 1 2 12 0.6514 0.2520 215 409
376-0-1-0.05-50-0 0 2390 36 36 8 8 0.8162 0.8162 165 165
376-0-1-0.05-50-0 0 2390 29 27 7 5 0.6728 0.0776 177 149
376-0-1-0.05-50-0 0 2391 38 4 2 10 0.6163 0.0723 270 351
376-0-1-0.05-50-0 0 2391 4 6 9 3 0.0723 0.4266 351 249
376-0-1-0.05-50-0 0 2392 28 36 10 7 0.3846 0.8162 311 165
376-0-1-0.05-50-0 0 2392 29 1 7 10 0.6728 0.2520 177 409
376-0-1-0.05-50-0 0 2393 28 16 11 12 0.3846 0.2228 311 149
376-0-1-0.05-50-0 0 2393 44 31 11 2 0.7034 0.5626 118 252
376-0-1-0.05-50-0 0 2394 32 40 2 1 0.6514 0.9739 215 104
376-0-1-0.05-50-0 0 2394 4 16 10 13 0.0723 0.2228 351 149
376-0-1-0.05-50-0 0 2395 7 7 15 15 0.9267 0.9267 106 106
376-0-1-0.05-50-0 0 2395 28 9 11 2 0.3846 0.6134 311 161
376-0-1-0.05-50-0 0 2396 4 36 10 7 0.0723 0.8162 351 165
376-0-1-0.05-50-0 0 2396 28 16 12 11 0.3846 0.2228 311 149
376-0-1-0.05-50-0 0 2397 27 36 5 6 0.0776 0.8162 149 165
376-0-1-0.05-50-0 0 2397 29 16 9 12 0.6728 0.2228 177 149
376-0-1-0.05-50-0 0 2398 7 4 12 11 0.9267 0.0723 106 351
376-0-1-0.05-50-0 0 2398 7 4 12 10 0.9267 0.0723 106 351
376-0-1-0.05-50-0 0 2399 16 44 10 13 0.2228 0.7034 149 118
376-0-1-0.05-50-0 0 2399 23 7 3 12 0.1698 0.9267 476 106
376-0-1-0.05-50-0 0 2400 44 50 12 2 0.7034 0.2147 118 147
376-0-1-0.05-50-0 0 2400 5 23 4 3 0.0007 0.1698 226 476
376-0-1-0.05-50-0 0 2401 29 35 8 4 0.6728 0.0354 177 158
376-0-1-0.05-50-0 0 2401 22 7 3 12 0.0160 0.9267 311 106
376-0-1-0.05-50-0 0 2402 28 29 12 8 0.3846 0.6728 311 177
376-0-1-0.05-50-0 0 2402 29 6 7 2 0.6728 0.4266 177 249
376-0-1-0.05-50-0 0 2403 31 4 2 10 0.5626 0.0723 252 351
376-0-1-0.05-50-0 0 2403 33 30 2 1 0.6893 0.6008 191 266
376-0-1-0.05-50-0 0 2404 7 29 11 7 0.9267 0.6728 106 177
376-0-1-0.05-50-0 0 2404 4 16 10 8 0.0723 0.2228 351 149
376-0-1-0.05-50-0 0 2405 27 28 8 13 0.0776 0.3846 149 311
376-0-1-0.05-50-0 0 2405 5 46 6 7 0.0007 0.3451 226 327
376-0-1-0.05-50-0 0 2406 27 9 8 3 0.0776 0.6134 149 161
376-0-1-0.05-50-0 0 2406 1 27 7 8 0.2520 0.0776 409 149
376-0-1-0.05-50-0 0 2407 36 13 3 5 0.8162 0.8878 165 151
376-0-1-0.05-50-0 0 2407 1 4 6 12 0.2520 0.0723 409 351
376-0-1-0.05-50-0 0 2408 50 28 1 11 0.2147 0.3846 147 311
376-0-1-0.05-50-0 0 2408 4 11 11 9 0.0723 0.0504 351 384
376-0-1-0.05-50-0 0 2409 29 4 7 11 0.6728 0.0723 177 351
376-0-1-0.05-50-0 0 2409 44 29 14 7 0.7034 0.6728 118 177
376-0-1-0.05-50-0 0 2410 28 36 12 3 0.3846 0.8162 311 165
376-0-1-0.05-50-0 0 2410 27 9 5 3 0.0776 0.6134 149 161
376-0-1-0.05-50-0 0 2411 5 44 10 15 0.0007 0.7034 226 118
376-0-1-0.05-50-0 0 2411 16 7 6 12 0.2228 0.9267 149 106
376-0-1-0.05-50-0 0 2412 44 38 14 2 0.7034 0.6163 118 270
376-0-1-0.05-50-0 0 2412 11 23 8 2 0.0504 0.1698 384 476
376-0-1-0.05-50-0 0 2413 28 26 12 7 0.3846 0.8171 311 141
376-0-1-0.05-50-0 0 2413 28 4 12 11 0.3846 0.0723 311 351
376-0-1-0.05-50-0 0 2414 4 44 11 13 0.0723 0.7034 351 118
376-0-1-0.05-50-0 0 2414 11 46 9 7 0.0504 0.3451 384 327
376-0-1-0.05-50-0 0 2415 11 28 8 15 0.0504 0.3846 384 311
376-0-1-0.05-50-0 0 2415 28 5 14 10 0.3846 0.0007 311 226
376-0-1-0.05-50-0 0 2416 13 16 3 7 0.8878 0.2228 151 149
376-0-1-0.05-50-0 0 2416 4 16 12 6 0.0723 0.2228 351 149
376-0-1-0.05-50-0 0 2417 26 38 7 1 0.8171 0.6163 141 270
376-0-1-0.05-50-0 0 2417 9 8 2 2 0.6134 0.2506 161 303
376-0-1-0.05-50-0 0 2418 9 11 2 10 0.6134 0.0504 161 384
376-0-1-0.05-50-0 0 2418 28 4 15 13 0.3846 0.0723 311 351
376-0-1-0.05-50-0 0 2419 21 4 4 14 0.4184 0.0723 158 351
376-0-1-0.05-50-0 0 2419 46 28 6 14 0.3451 0.3846 327 311
376-0-1-0.05-50-0 0 2420 35 5 6 10 0.0354 0.0007 158 226
376-0-1-0.05-50-0 0 2420 46 1 6 3 0.3451 0.2520 327 409
376-0-1-0.05-50-0 0 2421 5 44 8 8 0.0007 0.7034 226 118
376-0-1-0.05-50-0 0 2421 29 28 5 13 0.6728 0.3846 177 311
376-0-1-0.05-50-0 0 2422 6 26 1 6 0.4266 0.8171 249 141
376-0-1-0.05-50-0 0 2422 27 16 5 6 0.0776 0.2228 149 149
376-0-1-0.05-50-0 0 2423 50 16 2 5 0.2147 0.2228 147 149
376-0-1-0.05-50-0 0 2423 22 40 3 2 0.0160 0.9739 311 104
376-0-1-0.05-50-0 0 2424 46 28 7 11 0.3451 0.3846 327 311
376-0-1-0.05-50-0 0 2424 5 33 9 1 0.0007 0.6893 226 191
376-0-1-0.05-50-0 0 2425 30 44 4 7 0.6008 0.7034 266 118
376-0-1-0.05-50-0 0 2425 23 5 1 11 0.1698 0.0007 476 226
376-0-1-0.05-50-0 0 2426 35 23 11 1 0.0354 0.1698 158 476
376-0-1-0.05-50-0 0 2426 4 29 15 4 0.0723 0.6728 351 177
376-0-1-0.05-50-0 0 2427 44 44 6 6 0.7034 0.7034 118 118
376-0-1-0.05-50-0 0 2427 17 46 2 10 0.6398 0.3451 197 327
376-0-1-0.05-50-0 0 2428 46 5 9 11 0.3451 0.0007 327 226
376-0-1-0.05-50-0 0 2428 28 4 14 17 0.3846 0.0723 311 351
376-0-1-0.05-50-0 0 2429 11 21 5 6 0.0504 0.4184 384 158
376-0-1-0.05-50-0 0 2429 32 16 2 5 0.6514 0.2228 215 149
376-0-1-0.05-50-0 0 2430 43 44 2 4 0.8316 0.7034 123 118
376-0-1-0.05-50-0 0 2430 31 4 3 19 0.5626 0.0723 252 351
376-0-1-0.05-50-0 0 2431 17 20 2 4 0.6398 0.9922 197 102
376-0-1-0.05-50-0 0 2431 35 16 12 4 0.0354 0.2228 158 149
376-0-1-0.05-50-0 0 2432 22 5 2 11 0.0160 0.0007 311 226
376-0-1-0.05-50-0 0 2432 35 16 12 3 0.0354 0.2228 158 149
376-0-1-0.05-50-0 0 2433 20 4 2 18 0.9922 0.0723 102 351
376-0-1-0.05-50-0 0 2433 5 50 10 3 0.0007 0.2147 226 147
376-0-1-0.05-50-0 0 2434 4 4 19 19 0.0723 0.0723 351 351
376-0-1-0.05-50-0 0 2434 32 3 2 1 0.6514 0.4813 215 321
376-0-1-0.05-50-0 0 2435 30 11 4 6 0.6008 0.0504 266 384
376-0-1-0.05-50-0 0 2435 19 30 2 4 0.8072 0.6008 134 266
376-0-1-0.05-50-0 0 2436 28 4 15 16 0.3846 0.0723 311 351
376-0-1-0.05-50-0 0 2436 20 4 4 15 0.9922 0.0723 102 351
376-0-1-0.05-50-0 0 2437 29 20 4 4 0.6728 0.9922 177 102
376-0-1-0.05-50-0 0 2437 4 22 14 2 0.0723 0.0160 351 311
376-0-1-0.05-50-0 0 2438 29 27 3 9 0.6728 0.0776 177 149
376-0-1-0.05-50-0 0 2438 46 26 7 3 0.3451 0.8171 327 141
376-0-1-0.05-50-0 0 2439 35 4 14 15 0.0354 0.0723 158 351
376-0-1-0.05-50-0 0 2439 31 27 5 8 0.5626 0.0776 252 149
376-0-1-0.05-50-0 0 2440 11 29 5 3 0.0504 0.6728 384 177
376-0-1-0.05-50-0 0 2440 4 5 15 8 0.0723 0.0007 351 226
376-0-1-0.05-50-0 0 2441 9 13 2 4 0.6134 0.8878 161 151
376-0-1-0.05-50-0 0 2441 5 28 7 12 0.0007 0.3846 226 311
376-0-1-0.05-50-0 0 2442 5 25 7 1 0.0007 0.9430 226 125
376-0-1-0.05-50-0 0 2442 4 40 19 1 0.0723 0.9739 351 104
376-0-1-0.05-50-0 0 2443 11 35 8 16 0.0504 0.0354 384 158
376-0-1-0.05-50-0 0 2443 10 7 2 2 0.2533 0.9267 449 106
376-0-1-0.05-50-0 0 2443 35 35 15 15 0.0354 0.0354 158 158
376-0-1-0.05-50-0 0 2444 15 31 2 5 0.7918 0.5626 149 252
376-0-1-0.05-50-0 0 2444 27 27 8 8 0.0776 0.0776 149 149
376-0-1-0.05-50-0 0 2444 4 4 19 19 0.0723 0.0723 351 351
376-0-1-0.05-50-0 0 2445 13 49 3 4 0.8878 0.1842 151 136
376-0-1-0.05-50-0 0 2445 31 27 4 8 0.5626 0.0776 252 149
376-0-1-0.05-50-0 0 2445 15 32 2 6 0.7918 0.6514 149 215
376-0-1-0.05-50-0 0 2446 28 43 12 6 0.3846 0.8316 311 123
376-0-1-0.05-50-0 0 2446 30 9 3 3 0.6008 0.6134 266 161
376-0-1-0.05-50-0 0 2446 49 49 5 5 0.1842 0.1842 136 136
376-0-1-0.05-50-0 0 2447 4 16 17 10 0.0723 0.2228 351 149
376-0-1-0.05-50-0 0 2447 13 11 3 7 0.8878 0.0504 151 384
376-0-1-0.05-50-0 0 2448 35 28 16 12 0.0354 0.3846 158 311
376-0-1-0.05-50-0 0 2448 5 21 7 7 0.0007 0.4184 226 158
376-0-1-0.05-50-0 0 2448 35 43 16 5 0.0354 0.8316 158 123
376-0-1-0.05-50-0 0 2449 35 35 15 15 0.0354 0.0354 158 158
376-0-1-0.05-50-0 0 2449 4 29 18 3 0.0723 0.6728 351 177
376-0-1-0.05-50-0 0 2450 10 35 3 13 0.2533 0.0354 449 158
376-0-1-0.05-50-0 0 2450 28 21 11 7 0.3846 0.4184 311 158
376-0-1-0.05-50-0 0 2451 28 21 12 6 0.3846 0.4184 311 158
376-0-1-0.05-50-0 0 2451 21 45 5 2 0.4184 0.3816 158 173
376-0-1-0.05-50-0 0 2451 23 32 2 6 0.1698 0.6514 476 215
376-0-1-0.05-50-0 0 2452 31 9 7 3 0.5626 0.6134 252 161
376-0-1-0.05-50-0 0 2452 15 32 3 4 0.7918 0.6514 149 215
376-0-1-0.05-50-0 0 2452 16 31 9 7 0.2228 0.5626 149 252
376-0-1-0.05-50-0 0 2453 5 5 7 7 0.0007 0.0007 226 226
376-0-1-0.05-50-0 0 2453 46 11 9 6 0.3451 0.0504 327 384
376-0-1-0.05-50-0 0 2454 46 28 8 13 0.3451 0.3846 327 311
376-0-1-0.05-50-0 0 2454 4 9 18 2 0.0723 0.6134 351 161
376-0-1-0.05-50-0 0 2455 13 30 3 5 0.8878 0.6008 151 266
376-0-1-0.05-50-0 0 2455 16 4 9 19 0.2228 0.0723 149 351
376-0-1-0.05-50-0 0 2456 31 30 4 4 0.5626 0.6008 252 266
376-0-1-0.05-50-0 0 2456 11 16 7 8 0.0504 0.2228 384 149
376-0-1-0.05-50-0 0 2457 44 10 8 4 0.7034 0.2533 118 449
376-0-1-0.05-50-0 0 2457 26 16 2 7 0.8171 0.2228 141 149
376-0-1-0.05-50-0 0 2458 44 13 8 4 0.7034 0.8878 118 151
376-0-1-0.05-50-0 0 2458 46 16 8 6 0.3451 0.2228 327 149
376-0-1-0.05-50-0 0 2459 23 35 3 12 0.1698 0.0354 476 158
376-0-1-0.05-50-0 0 2459 4 10 17 3 0.0723 0.2533 351 449
376-0-1-0.05-50-0 0 2460 45 17 2 5 0.3816 0.6398 173 197
376-0-1-0.05-50-0 0 2460 5 20 5 2 0.0007 0.9922 226 102
376-0-1-0.05-50-0 0 2460 28 35 14 11 0.3846 0.0354 311 158
376-0-1-0.05-50-0 0 2461 35 44 10 8 0.0354 0.7034 158 118
376-0-1-0.05-50-0 0 2461 11 16 8 7 0.0504 0.2228 384 149
376-0-1-0.05-50-0 0 2462 31 46 7 7 0.5626 0.3451 252 327
376-0-1-0.05-50-0 0 2462 5 28 4 15 0.0007 0.3846 226 311
376-0-1-0.05-50-0 0 2462 11 12 8 2 0.0504 0.1896 384 325
376-0-1-0.05-50-0 0 2463 49 4 6 18 0.1842 0.0723 136 351
376-0-1-0.05-50-0 0 2463 4 9 17 2 0.0723 0.6134 351 161
376-0-1-0.05-50-0 0 2463 9 16 1 6 0.6134 0.2228 161 149
376-0-1-0.05-50-0 0 2464 17 4 5 18 0.6398 0.0723 197 351
376-0-1-0.05-50-0 0 2464 30 28 9 13 0.6008 0.3846 266 311
376-0-1-0.05-50-0 0 2464 17 18 5 3 0.6398 0.2181 197 226
376-0-1-0.05-50-0 0 2465 21 32 4 8 0.4184 0.6514 158 215
376-0-1-0.05-50-0 0 2465 13 32 3 7 0.8878 0.6514 151 215
376-0-1-0.05-50-0 0 2465 10 35 3 12 0.2533 0.0354 449 158
376-0-1-0.05-50-0 0 2466 35 30 11 9 0.0354 0.6008 158 266
376-0-1-0.05-50-0 0 2466 32 16 7 6 0.6514 0.2228 215 149
376-0-1-0.05-50-0 0 2467 28 16 13 5 0.3846 0.2228 311 149
376-0-1-0.05-50-0 0 2467 32 4 7 18 0.6514 0.0723 215 351
376-0-1-0.05-50-0 0 2468 4 4 18 18 0.0723 0.0723 351 351
376-0-1-0.05-50-0 0 2468 28 16 12 4 0.3846 0.2228 311 149
376-0-1-0.05-50-0 0 2469 28 23 12 3 0.3846 0.1698 311 476
376-0-1-0.05-50-0 0 2469 30 11 8 7 0.6008 0.0504 266 384
376-0-1-0.05-50-0 0 2469 49 32 8 6 0.1842 0.6514 136 215
376-0-1-0.05-50-0 0 2470 26 50 3 4 0.8171 0.2147 141 147
376-0-1-0.05-50-0 0 2470 5 8 4 2 0.0007 0.2506 226 303
376-0-1-0.05-50-0 0 2471 35 17 11 9 0.0354 0.6398 158 197
376-0-1-0.05-50-0 0 2471 4 28 18 13 0.0723 0.3846 351 311
376-0-1-0.05-50-0 0 2471 17 26 8 3 0.6398 0.8171 197 141
376-0-1-0.05-50-0 0 2472 43 44 4 8 0.8316 0.7034 123 118
376-0-1-0.05-50-0 0 2472 46 11 5 6 0.3451 0.0504 327 384
376-0-1-0.05-50-0 0 2473 44 17 7 9 0.7034 0.6398 118 197
376-0-1-0.05-50-0 0 2473 28 44 14 7 0.3846 0.7034 311 118
376-0-1-0.05-50-0 0 2474 7 44 2 7 0.9267 0.7034 106 118
376-0-1-0.05-50-0 0 2474 17 7 8 2 0.6398 0.9267 197 106
376-0-1-0.05-50-0 0 2475 28 12 14 5 0.3846 0.1896 311 325
376-0-1-0.05-50-0 0 2475 49 4 8 18 0.1842 0.0723 136 351
376-0-1-0.05-50-0 0 2476 4 42 19 3 0.0723 0.7447 351 106
376-0-1-0.05-50-0 0 2476 49 5 7 5 0.1842 0.0007 136 226
376-0-1-0.05-50-0 0 2477 13 28 2 14 0.8878 0.3846 151 311
376-0-1-0.05-50-0 0 2477 46 4 4 18 0.3451 0.0723 327 351
376-0-1-0.05-50-0 0 2478 30 35 9 13 0.6008 0.0354 266 158
376-0-1-0.05-50-0 0 2478 18 35 2 12 0.2181 0.0354 226 158
376-0-1-0.05-50-0 0 2479 27 17 2 10 0.0776 0.6398 149 197
376-0-1-0.05-50-0 0 2479 21 4 3 17 0.4184 0.0723 158 351
376-0-1-0.05-50-0 0 2480 16 50 4 3 0.2228 0.2147 149 147
376-0-1-0.05-50-0 0 2480 28 43 11 3 0.3846 0.8316 311 123
376-0-1-0.05-50-0 0 2481 4 10 15 2 0.0723 0.2533 351 449
376-0-1-0.05-50-0 0 2481 12 17 5 10 0.1896 0.6398 325 197
376-0-1-0.05-50-0 0 2482 17 32 10 6 0.6398 0.6514 197 215
376-0-1-0.05-50-0 0 2482 35 15 13 1 0.0354 0.7918 158 149
376-0-1-0.05-50-0 0 2483 50 44 2 8 0.2147 0.7034 147 118
376-0-1-0.05-50-0 0 2483 16 13 4 3 0.2228 0.8878 149 151
376-0-1-0.05-50-0 0 2484 30 28 9 12 0.6008 0.3846 266 311
376-0-1-0.05-50-0 0 2484 30 4 9 14 0.6008 0.0723 266 351
376-0-1-0.05-50-0 0 2485 12 28 6 11 0.1896 0.3846 325 311
376-0-1-0.05-50-0 0 2485 18 28 1 10 0.2181 0.3846 226 311
376-0-1-0.05-50-0 0 2486 49 42 7 1 0.1842 0.7447 136 106
376-0-1-0.05-50-0 0 2486 12 5 6 2 0.1896 0.0007 325 226
376-0-1-0.05-50-0 0 2487 44 30 6 12 0.7034 0.6008 118 266
376-0-1-0.05-50-0 0 2487 12 49 6 8 0.1896 0.1842 325 136
376-0-1-0.05-50-0 0 2488 21 31 4 2 0.4184 0.5626 158 252
376-0-1-0.05-50-0 0 2488 49 28 6 7 0.1842 0.3846 136 311
376-0-1-0.05-50-0 0 2489 12 50 6 3 0.1896 0.2147 325 147
376-0-1-0.05-50-0 0 2489 28 35 7 15 0.3846 0.0354 311 158
376-0-1-0.05-50-0 0 2490 35 10 15 2 0.0354 0.2533 158 449
376-0-1-0.05-50-0 0 2490 12 46 6 4 0.1896 0.3451 325 327
376-0-1-0.05-50-0 0 2491 35 45 15 7 0.0354 0.3816 158 173
376-0-1-0.05-50-0 0 2491 9 26 2 3 0.6134 0.8171 161 141
376-0-1-0.05-50-0 0 2492 20 10 3 1 0.9922 0.2533 102 449
376-0-1-0.05-50-0 0 2492 4 49 17 6 0.0723 0.1842 351 136
376-0-1-0.05-50-0 0 2493 4 35 19 17 0.0723 0.0354 351 158
376-0-1-0.05-50-0 0 2493 46 45 3 6 0.3451 0.3816 327 173
376-0-1-0.05-50-0 0 2494 35 45 15 5 0.0354 0.3816 158 173
376-0-1-0.05-50-0 0 2494 39 17 1 6 0.2187 0.6398 309 197
376-0-1-0.05-50-0 0 2495 35 13 15 2 0.0354 0.8878 158 151
376-0-1-0.05-50-0 0 2495 21 26 3 1 0.4184 0.8171 158 141
376-0-1-0.05-50-0 0 2496 38 46 1 5 0.6163 0.3451 270 327
376-0-1-0.05-50-0 0 2496 49 35 5 17 0.1842 0.0354 136 158
376-0-1-0.05-50-0 0 2497 45 45 5 5 0.3816 0.3816 173 173
376-0-1-0.05-50-0 0 2497 28 35 3 16 0.3846 0.0354 311 158
376-0-1-0.05-50-0 0 2498 19 3 2 2 0.8072 0.4813 134 321
376-0-1-0.05-50-0 0 2498 15 12 1 6 0.7918 0.1896 149 325
376-0-1-0.05-50-0 0 2499 28 35 3 17 0.3846 0.0354 311 158
376-0-1-0.05-50-0 0 2499 46 35 5 16 0.3451 0.0354 327 158
376-0-1-0.05-50-0 0 2500 17 13 5 1 0.6398 0.8878 197 151
376-0-1-0.05-50-0 0 2500 44 30 5 12 0.7034 0.6008 118 266
