378-0-1-0.05-50-0 0 2302 27 27 8 8 0.0776 0.0776 149 149
378-0-1-0.05-50-0 0 2302 42 21 6 10 0.7447 0.4184 106 158
378-0-1-0.05-50-0 0 2303 10 11 14 3 0.2533 0.0504 449 384
378-0-1-0.05-50-0 0 2303 42 10 7 14 0.7447 0.2533 106 449
378-0-1-0.05-50-0 0 2304 1 21 4 11 0.2520 0.4184 409 158
378-0-1-0.05-50-0 0 2304 10 35 12 7 0.2533 0.0354 449 158
378-0-1-0.05-50-0 0 2305 42 17 7 11 0.7447 0.6398 106 197
378-0-1-0.05-50-0 0 2305 17 27 10 9 0.6398 0.0776 197 149
378-0-1-0.05-50-0 0 2306 20 39 4 6 0.9922 0.2187 102 309
378-0-1-0.05-50-0 0 2306 35 37 7 1 0.0354 0.8481 158 127
378-0-1-0.05-50-0 0 2307 49 1 2 6 0.1842 0.2520 136 409
378-0-1-0.05-50-0 0 2307 46 1 4 5 0.3451 0.2520 327 409
378-0-1-0.05-50-0 0 2308 23 21 1 9 0.1698 0.4184 476 158
378-0-1-0.05-50-0 0 2308 35 21 7 8 0.0354 0.4184 158 158
378-0-1-0.05-50-0 0 2309 24 35 4 7 0.1940 0.0354 254 158
378-0-1-0.05-50-0 0 2309 46 10 4 15 0.3451 0.2533 327 449
378-0-1-0.05-50-0 0 2310 17 17 8 8 0.6398 0.6398 197 197
378-0-1-0.05-50-0 0 2310 35 50 8 15 0.0354 0.2147 158 147
378-0-1-0.05-50-0 0 2311 42 46 8 5 0.7447 0.3451 106 327
378-0-1-0.05-50-0 0 2311 20 17 4 7 0.9922 0.6398 102 197
378-0-1-0.05-50-0 0 2312 35 40 8 1 0.0354 0.9739 158 104
378-0-1-0.05-50-0 0 2312 2 10 5 13 0.8198 0.2533 167 449
378-0-1-0.05-50-0 0 2313 50 10 15 10 0.2147 0.2533 147 449
378-0-1-0.05-50-0 0 2313 43 36 9 1 0.8316 0.8162 123 165
378-0-1-0.05-50-0 0 2314 48 16 2 2 0.1153 0.2228 334 149
378-0-1-0.05-50-0 0 2314 50 24 15 4 0.2147 0.1940 147 254
378-0-1-0.05-50-0 0 2315 42 43 7 9 0.7447 0.8316 106 123
378-0-1-0.05-50-0 0 2315 30 21 1 8 0.6008 0.4184 266 158
378-0-1-0.05-50-0 0 2316 17 17 5 5 0.6398 0.6398 197 197
378-0-1-0.05-50-0 0 2316 42 10 7 6 0.7447 0.2533 106 449
378-0-1-0.05-50-0 0 2317 50 20 13 4 0.2147 0.9922 147 102
378-0-1-0.05-50-0 0 2317 13 15 7 5 0.8878 0.7918 151 149
378-0-1-0.05-50-0 0 2318 50 2 14 10 0.2147 0.8198 147 167
378-0-1-0.05-50-0 0 2318 2 35 9 7 0.8198 0.0354 167 158
378-0-1-0.05-50-0 0 2319 24 43 5 8 0.1940 0.8316 254 123
378-0-1-0.05-50-0 0 2319 27 24 6 5 0.0776 0.1940 149 254
378-0-1-0.05-50-0 0 2320 16 42 1 11 0.2228 0.7447 149 106
378-0-1-0.05-50-0 0 2320 50 42 16 10 0.2147 0.7447 147 106
378-0-1-0.05-50-0 0 2321 46 4 3 2 0.3451 0.0723 327 351
378-0-1-0.05-50-0 0 2321 43 23 8 1 0.8316 0.1698 123 476
378-0-1-0.05-50-0 0 2322 21 42 8 11 0.4184 0.7447 158 106
378-0-1-0.05-50-0 0 2322 17 17 5 5 0.6398 0.6398 197 197
378-0-1-0.05-50-0 0 2323 35 39 5 5 0.0354 0.2187 158 309
378-0-1-0.05-50-0 0 2323 39 42 4 10 0.2187 0.7447 309 106
378-0-1-0.05-50-0 0 2324 35 49 5 3 0.0354 0.1842 158 136
378-0-1-0.05-50-0 0 2324 15 20 4 4 0.7918 0.9922 149 102
378-0-1-0.05-50-0 0 2325 49 27 2 9 0.1842 0.0776 136 149
378-0-1-0.05-50-0 0 2325 43 39 6 4 0.8316 0.2187 123 309
378-0-1-0.05-50-0 0 2326 27 27 8 8 0.0776 0.0776 149 149
378-0-1-0.05-50-0 0 2326 43 43 6 6 0.8316 0.8316 123 123
378-0-1-0.05-50-0 0 2327 27 42 7 10 0.0776 0.7447 149 106
378-0-1-0.05-50-0 0 2327 15 35 5 4 0.7918 0.0354 149 158
378-0-1-0.05-50-0 0 2328 27 33 6 3 0.0776 0.6893 149 191
378-0-1-0.05-50-0 0 2328 15 30 5 1 0.7918 0.6008 149 266
378-0-1-0.05-50-0 0 2329 50 15 15 5 0.2147 0.7918 147 149
378-0-1-0.05-50-0 0 2329 6 50 2 15 0.4266 0.2147 249 147
378-0-1-0.05-50-0 0 2330 27 31 6 3 0.0776 0.5626 149 252
378-0-1-0.05-50-0 0 2330 17 3 4 2 0.6398 0.4813 197 321
378-0-1-0.05-50-0 0 2331 4 17 4 4 0.0723 0.6398 351 197
378-0-1-0.05-50-0 0 2331 35 1 3 2 0.0354 0.2520 158 409
378-0-1-0.05-50-0 0 2332 13 20 6 3 0.8878 0.9922 151 102
378-0-1-0.05-50-0 0 2332 10 42 3 9 0.2533 0.7447 449 106
378-0-1-0.05-50-0 0 2333 21 50 8 15 0.4184 0.2147 158 147
378-0-1-0.05-50-0 0 2333 48 50 2 14 0.1153 0.2147 334 147
378-0-1-0.05-50-0 0 2334 42 15 7 5 0.7447 0.7918 106 149
378-0-1-0.05-50-0 0 2334 35 4 3 5 0.0354 0.0723 158 351
378-0-1-0.05-50-0 0 2335 31 33 2 1 0.5626 0.6893 252 191
378-0-1-0.05-50-0 0 2335 49 2 2 8 0.1842 0.8198 136 167
378-0-1-0.05-50-0 0 2336 39 21 4 10 0.2187 0.4184 309 158
378-0-1-0.05-50-0 0 2336 21 50 9 14 0.4184 0.2147 158 147
378-0-1-0.05-50-0 0 2337 13 39 9 4 0.8878 0.2187 151 309
378-0-1-0.05-50-0 0 2337 43 50 8 12 0.8316 0.2147 123 147
378-0-1-0.05-50-0 0 2338 13 38 10 3 0.8878 0.6163 151 270
378-0-1-0.05-50-0 0 2338 50 21 11 9 0.2147 0.4184 147 158
378-0-1-0.05-50-0 0 2339 15 2 8 5 0.7918 0.8198 149 167
378-0-1-0.05-50-0 0 2339 42 42 7 7 0.7447 0.7447 106 106
378-0-1-0.05-50-0 0 2340 8 2 4 3 0.2506 0.8198 303 167
378-0-1-0.05-50-0 0 2340 36 4 1 3 0.8162 0.0723 165 351
378-0-1-0.05-50-0 0 2341 38 7 2 1 0.6163 0.9267 270 106
378-0-1-0.05-50-0 0 2341 43 27 8 7 0.8316 0.0776 123 149
378-0-1-0.05-50-0 0 2342 3 43 3 8 0.4813 0.8316 321 123
378-0-1-0.05-50-0 0 2342 46 5 2 1 0.3451 0.0007 327 226
378-0-1-0.05-50-0 0 2343 2 8 2 4 0.8198 0.2506 167 303
378-0-1-0.05-50-0 0 2343 10 27 2 8 0.2533 0.0776 449 149
378-0-1-0.05-50-0 0 2344 24 19 5 3 0.1940 0.8072 254 134
378-0-1-0.05-50-0 0 2344 13 27 9 7 0.8878 0.0776 151 149
378-0-1-0.05-50-0 0 2345 24 15 5 8 0.1940 0.7918 254 149
378-0-1-0.05-50-0 0 2345 13 34 10 1 0.8878 0.7448 151 168
378-0-1-0.05-50-0 0 2346 43 13 10 10 0.8316 0.8878 123 151
378-0-1-0.05-50-0 0 2346 27 15 5 8 0.0776 0.7918 149 149
378-0-1-0.05-50-0 0 2347 2 27 2 5 0.8198 0.0776 167 149
378-0-1-0.05-50-0 0 2347 10 31 2 3 0.2533 0.5626 449 252
378-0-1-0.05-50-0 0 2348 24 50 6 18 0.1940 0.2147 254 147
378-0-1-0.05-50-0 0 2348 36 50 1 17 0.8162 0.2147 165 147
378-0-1-0.05-50-0 0 2349 24 46 6 2 0.1940 0.3451 254 327
378-0-1-0.05-50-0 0 2349 19 1 2 3 0.8072 0.2520 134 409
378-0-1-0.05-50-0 0 2350 10 50 2 16 0.2533 0.2147 449 147
378-0-1-0.05-50-0 0 2350 43 43 11 11 0.8316 0.8316 123 123
378-0-1-0.05-50-0 0 2351 50 15 15 8 0.2147 0.7918 147 149
378-0-1-0.05-50-0 0 2351 13 50 9 15 0.8878 0.2147 151 147
378-0-1-0.05-50-0 0 2352 20 39 4 1 0.9922 0.2187 102 309
378-0-1-0.05-50-0 0 2352 15 25 7 9 0.7918 0.9430 149 125
378-0-1-0.05-50-0 0 2353 15 43 7 11 0.7918 0.8316 149 123
378-0-1-0.05-50-0 0 2353 3 3 3 3 0.4813 0.4813 321 321
378-0-1-0.05-50-0 0 2354 21 43 7 11 0.4184 0.8316 158 123
378-0-1-0.05-50-0 0 2354 7 43 2 10 0.9267 0.8316 106 123
378-0-1-0.05-50-0 0 2355 37 22 3 1 0.8481 0.0160 127 311
378-0-1-0.05-50-0 0 2355 27 15 3 7 0.0776 0.7918 149 149
378-0-1-0.05-50-0 0 2356 21 50 6 15 0.4184 0.2147 158 147
378-0-1-0.05-50-0 0 2356 17 10 2 1 0.6398 0.2533 197 449
378-0-1-0.05-50-0 0 2357 17 12 2 5 0.6398 0.1896 197 325
378-0-1-0.05-50-0 0 2357 12 15 4 5 0.1896 0.7918 325 149
378-0-1-0.05-50-0 0 2358 43 24 9 9 0.8316 0.1940 123 254
378-0-1-0.05-50-0 0 2358 50 50 15 15 0.2147 0.2147 147 147
378-0-1-0.05-50-0 0 2359 3 20 2 4 0.4813 0.9922 321 102
378-0-1-0.05-50-0 0 2359 43 15 9 4 0.8316 0.7918 123 149
378-0-1-0.05-50-0 0 2360 50 12 15 5 0.2147 0.1896 147 325
378-0-1-0.05-50-0 0 2360 50 50 15 15 0.2147 0.2147 147 147
378-0-1-0.05-50-0 0 2361 50 24 15 7 0.2147 0.1940 147 254
378-0-1-0.05-50-0 0 2361 2 4 5 5 0.8198 0.0723 167 351
378-0-1-0.05-50-0 0 2362 42 24 2 6 0.7447 0.1940 106 254
378-0-1-0.05-50-0 0 2362 31 21 1 3 0.5626 0.4184 252 158
378-0-1-0.05-50-0 0 2363 43 21 7 2 0.8316 0.4184 123 158
378-0-1-0.05-50-0 0 2363 25 12 10 4 0.9430 0.1896 125 325
378-0-1-0.05-50-0 0 2364 50 24 15 6 0.2147 0.1940 147 254
378-0-1-0.05-50-0 0 2364 24 19 5 3 0.1940 0.8072 254 134
378-0-1-0.05-50-0 0 2365 13 25 11 11 0.8878 0.9430 151 125
378-0-1-0.05-50-0 0 2365 13 46 11 5 0.8878 0.3451 151 327
378-0-1-0.05-50-0 0 2366 46 4 4 4 0.3451 0.0723 327 351
378-0-1-0.05-50-0 0 2366 46 42 4 2 0.3451 0.7447 327 106
378-0-1-0.05-50-0 0 2367 1 12 2 2 0.2520 0.1896 409 325
378-0-1-0.05-50-0 0 2367 17 8 3 1 0.6398 0.2506 197 303
378-0-1-0.05-50-0 0 2368 25 4 10 3 0.9430 0.0723 125 351
378-0-1-0.05-50-0 0 2368 25 21 10 1 0.9430 0.4184 125 158
378-0-1-0.05-50-0 0 2369 50 13 22 11 0.2147 0.8878 147 151
378-0-1-0.05-50-0 0 2369 37 4 10 2 0.8481 0.0723 127 351
378-0-1-0.05-50-0 0 2370 27 50 4 22 0.0776 0.2147 149 147
378-0-1-0.05-50-0 0 2370 50 37 21 8 0.2147 0.8481 147 127
378-0-1-0.05-50-0 0 2371 15 43 2 5 0.7918 0.8316 149 123
378-0-1-0.05-50-0 0 2371 11 3 1 3 0.0504 0.4813 384 321
378-0-1-0.05-50-0 0 2372 13 2 11 6 0.8878 0.8198 151 167
378-0-1-0.05-50-0 0 2372 13 50 11 24 0.8878 0.2147 151 147
378-0-1-0.05-50-0 0 2373 19 13 2 10 0.8072 0.8878 134 151
378-0-1-0.05-50-0 0 2373 50 27 24 3 0.2147 0.0776 147 149
378-0-1-0.05-50-0 0 2374 24 11 8 1 0.1940 0.0504 254 384
378-0-1-0.05-50-0 0 2374 2 50 6 24 0.8198 0.2147 167 147
378-0-1-0.05-50-0 0 2375 19 37 2 7 0.8072 0.8481 134 127
378-0-1-0.05-50-0 0 2375 37 13 6 9 0.8481 0.8878 127 151
378-0-1-0.05-50-0 0 2376 37 37 5 5 0.8481 0.8481 127 127
378-0-1-0.05-50-0 0 2376 38 2 4 6 0.6163 0.8198 270 167
378-0-1-0.05-50-0 0 2377 46 25 8 9 0.3451 0.9430 327 125
378-0-1-0.05-50-0 0 2377 13 25 9 8 0.8878 0.9430 151 125
378-0-1-0.05-50-0 0 2378 50 49 22 10 0.2147 0.1842 147 136
378-0-1-0.05-50-0 0 2378 24 43 9 6 0.1940 0.8316 254 123
378-0-1-0.05-50-0 0 2379 25 46 7 8 0.9430 0.3451 125 327
378-0-1-0.05-50-0 0 2379 13 37 10 5 0.8878 0.8481 151 127
378-0-1-0.05-50-0 0 2380 50 24 21 10 0.2147 0.1940 147 254
378-0-1-0.05-50-0 0 2380 50 50 21 21 0.2147 0.2147 147 147
378-0-1-0.05-50-0 0 2381 45 49 2 9 0.3816 0.1842 173 136
378-0-1-0.05-50-0 0 2381 38 13 5 10 0.6163 0.8878 270 151
378-0-1-0.05-50-0 0 2382 20 50 3 22 0.9922 0.2147 102 147
378-0-1-0.05-50-0 0 2382 24 49 9 8 0.1940 0.1842 254 136
378-0-1-0.05-50-0 0 2383 50 50 20 20 0.2147 0.2147 147 147
378-0-1-0.05-50-0 0 2383 9 50 1 19 0.6134 0.2147 161 147
378-0-1-0.05-50-0 0 2384 49 13 6 8 0.1842 0.8878 136 151
378-0-1-0.05-50-0 0 2384 31 13 1 7 0.5626 0.8878 252 151
378-0-1-0.05-50-0 0 2385 24 13 10 7 0.1940 0.8878 254 151
378-0-1-0.05-50-0 0 2385 46 50 7 19 0.3451 0.2147 327 147
378-0-1-0.05-50-0 0 2386 26 32 1 1 0.8171 0.6514 141 215
378-0-1-0.05-50-0 0 2386 25 38 9 6 0.9430 0.6163 125 270
378-0-1-0.05-50-0 0 2387 13 13 8 8 0.8878 0.8878 151 151
378-0-1-0.05-50-0 0 2387 13 19 7 3 0.8878 0.8072 151 134
378-0-1-0.05-50-0 0 2388 24 46 13 4 0.1940 0.3451 254 327
378-0-1-0.05-50-0 0 2388 49 2 9 6 0.1842 0.8198 136 167
378-0-1-0.05-50-0 0 2389 24 27 13 1 0.1940 0.0776 254 149
378-0-1-0.05-50-0 0 2389 15 49 3 12 0.7918 0.1842 149 136
378-0-1-0.05-50-0 0 2390 37 44 5 1 0.8481 0.7034 127 118
378-0-1-0.05-50-0 0 2390 43 25 3 11 0.8316 0.9430 123 125
378-0-1-0.05-50-0 0 2391 37 46 5 3 0.8481 0.3451 127 327
378-0-1-0.05-50-0 0 2391 20 10 3 2 0.9922 0.2533 102 449
378-0-1-0.05-50-0 0 2392 49 13 13 8 0.1842 0.8878 136 151
378-0-1-0.05-50-0 0 2392 10 37 1 5 0.2533 0.8481 449 127
378-0-1-0.05-50-0 0 2393 17 38 3 5 0.6398 0.6163 197 270
378-0-1-0.05-50-0 0 2393 37 20 5 3 0.8481 0.9922 127 102
378-0-1-0.05-50-0 0 2394 45 2 4 3 0.3816 0.8198 173 167
378-0-1-0.05-50-0 0 2394 50 50 15 15 0.2147 0.2147 147 147
378-0-1-0.05-50-0 0 2395 50 49 15 14 0.2147 0.1842 147 136
378-0-1-0.05-50-0 0 2395 49 13 13 7 0.1842 0.8878 136 151
378-0-1-0.05-50-0 0 2396 28 24 3 14 0.3846 0.1940 311 254
378-0-1-0.05-50-0 0 2396 25 46 11 3 0.9430 0.3451 125 327
378-0-1-0.05-50-0 0 2397 24 49 12 12 0.1940 0.1842 254 136
378-0-1-0.05-50-0 0 2397 17 16 4 2 0.6398 0.2228 197 149
378-0-1-0.05-50-0 0 2398 24 44 12 1 0.1940 0.7034 254 118
378-0-1-0.05-50-0 0 2398 24 49 12 13 0.1940 0.1842 254 136
378-0-1-0.05-50-0 0 2399 12 12 6 6 0.1896 0.1896 325 325
378-0-1-0.05-50-0 0 2399 24 24 14 14 0.1940 0.1940 254 254
378-0-1-0.05-50-0 0 2400 49 50 12 18 0.1842 0.2147 136 147
378-0-1-0.05-50-0 0 2400 38 24 3 14 0.6163 0.1940 270 254
378-0-1-0.05-50-0 0 2401 50 49 17 9 0.2147 0.1842 147 136
378-0-1-0.05-50-0 0 2401 50 19 17 3 0.2147 0.8072 147 134
378-0-1-0.05-50-0 0 2402 50 25 16 11 0.2147 0.9430 147 125
378-0-1-0.05-50-0 0 2402 28 13 3 5 0.3846 0.8878 311 151
378-0-1-0.05-50-0 0 2403 45 50 4 15 0.3816 0.2147 173 147
378-0-1-0.05-50-0 0 2403 15 24 5 14 0.7918 0.1940 149 254
378-0-1-0.05-50-0 0 2404 31 50 1 14 0.5626 0.2147 252 147
378-0-1-0.05-50-0 0 2404 12 10 6 1 0.1896 0.2533 325 449
378-0-1-0.05-50-0 0 2405 12 26 6 4 0.1896 0.8171 325 141
378-0-1-0.05-50-0 0 2405 49 49 9 9 0.1842 0.1842 136 136
378-0-1-0.05-50-0 0 2406 42 49 2 8 0.7447 0.1842 106 136
378-0-1-0.05-50-0 0 2406 38 38 3 3 0.6163 0.6163 270 270
378-0-1-0.05-50-0 0 2407 21 50 3 10 0.4184 0.2147 158 147
378-0-1-0.05-50-0 0 2407 9 2 3 2 0.6134 0.8198 161 167
378-0-1-0.05-50-0 0 2408 13 37 5 9 0.8878 0.8481 151 127
378-0-1-0.05-50-0 0 2408 12 49 7 5 0.1896 0.1842 325 136
378-0-1-0.05-50-0 0 2409 45 25 3 10 0.3816 0.9430 173 125
378-0-1-0.05-50-0 0 2409 17 13 6 5 0.6398 0.8878 197 151
378-0-1-0.05-50-0 0 2410 36 12 6 5 0.8162 0.1896 165 325
378-0-1-0.05-50-0 0 2410 26 25 3 8 0.8171 0.9430 141 125
378-0-1-0.05-50-0 0 2411 24 37 13 9 0.1940 0.8481 254 127
378-0-1-0.05-50-0 0 2411 17 50 7 9 0.6398 0.2147 197 147
378-0-1-0.05-50-0 0 2412 9 9 2 2 0.6134 0.6134 161 161
378-0-1-0.05-50-0 0 2412 19 39 3 5 0.8072 0.2187 134 309
378-0-1-0.05-50-0 0 2413 24 16 15 2 0.1940 0.2228 254 149
378-0-1-0.05-50-0 0 2413 50 16 8 1 0.2147 0.2228 147 149
378-0-1-0.05-50-0 0 2414 17 24 7 16 0.6398 0.1940 197 254
378-0-1-0.05-50-0 0 2414 12 25 5 7 0.1896 0.9430 325 125
378-0-1-0.05-50-0 0 2415 2 37 1 8 0.8198 0.8481 167 127
378-0-1-0.05-50-0 0 2415 5 30 2 2 0.0007 0.6008 226 266
378-0-1-0.05-50-0 0 2416 26 24 3 14 0.8171 0.1940 141 254
378-0-1-0.05-50-0 0 2416 45 37 3 7 0.3816 0.8481 173 127
378-0-1-0.05-50-0 0 2417 17 44 8 1 0.6398 0.7034 197 118
378-0-1-0.05-50-0 0 2417 5 47 2 1 0.0007 0.9293 226 103
378-0-1-0.05-50-0 0 2418 24 32 12 2 0.1940 0.6514 254 215
378-0-1-0.05-50-0 0 2419 12 17 6 8 0.1896 0.6398 325 197
378-0-1-0.05-50-0 0 2419 24 15 14 4 0.1940 0.7918 254 149
378-0-1-0.05-50-0 0 2420 49 50 5 10 0.1842 0.2147 136 147
378-0-1-0.05-50-0 0 2420 26 45 3 4 0.8171 0.3816 141 173
378-0-1-0.05-50-0 0 2421 31 49 1 5 0.5626 0.1842 252 136
378-0-1-0.05-50-0 0 2422 19 32 5 2 0.8072 0.6514 134 215
378-0-1-0.05-50-0 0 2422 37 12 7 6 0.8481 0.1896 127 325
378-0-1-0.05-50-0 0 2423 21 50 4 10 0.4184 0.2147 158 147
378-0-1-0.05-50-0 0 2423 31 24 1 15 0.5626 0.1940 252 254
378-0-1-0.05-50-0 0 2424 12 20 7 2 0.1896 0.9922 325 102
378-0-1-0.05-50-0 0 2424 50 24 9 13 0.2147 0.1940 147 254
378-0-1-0.05-50-0 0 2425 45 50 6 8 0.3816 0.2147 173 147
378-0-1-0.05-50-0 0 2425 45 46 6 2 0.3816 0.3451 173 327
378-0-1-0.05-50-0 0 2426 19 49 6 4 0.8072 0.1842 134 136
378-0-1-0.05-50-0 0 2426 19 19 6 6 0.8072 0.8072 134 134
378-0-1-0.05-50-0 0 2427 45 24 5 13 0.3816 0.1940 173 254
378-0-1-0.05-50-0 0 2427 12 19 9 5 0.1896 0.8072 325 134
378-0-1-0.05-50-0 0 2428 17 21 8 3 0.6398 0.4184 197 158
378-0-1-0.05-50-0 0 2428 4 32 1 2 0.0723 0.6514 351 215
378-0-1-0.05-50-0 0 2429 24 45 12 4 0.1940 0.3816 254 173
378-0-1-0.05-50-0 0 2429 25 2 5 3 0.9430 0.8198 125 167
378-0-1-0.05-50-0 0 2430 28 50 3 8 0.3846 0.2147 311 147
378-0-1-0.05-50-0 0 2430 9 37 1 8 0.6134 0.8481 161 127
378-0-1-0.05-50-0 0 2431 24 42 12 3 0.1940 0.7447 254 106
378-0-1-0.05-50-0 0 2431 30 48 1 4 0.6008 0.1153 266 334
378-0-1-0.05-50-0 0 2432 4 37 1 9 0.0723 0.8481 351 127
378-0-1-0.05-50-0 0 2432 31 24 1 12 0.5626 0.1940 252 254
378-0-1-0.05-50-0 0 2433 12 46 7 1 0.1896 0.3451 325 327
378-0-1-0.05-50-0 0 2433 39 37 3 7 0.2187 0.8481 309 127
378-0-1-0.05-50-0 0 2434 37 42 6 2 0.8481 0.7447 127 106
378-0-1-0.05-50-0 0 2434 17 12 6 7 0.6398 0.1896 197 325
378-0-1-0.05-50-0 0 2435 37 12 6 6 0.8481 0.1896 127 325
378-0-1-0.05-50-0 0 2436 49 37 6 7 0.1842 0.8481 136 127
378-0-1-0.05-50-0 0 2436 13 5 3 8 0.8878 0.0007 151 226
378-0-1-0.05-50-0 0 2437 45 48 6 5 0.3816 0.1153 173 334
378-0-1-0.05-50-0 0 2437 30 41 1 1 0.6008 0.9621 266 105
378-0-1-0.05-50-0 0 2438 45 44 7 2 0.3816 0.7034 173 118
378-0-1-0.05-50-0 0 2438 27 12 1 5 0.0776 0.1896 149 325
378-0-1-0.05-50-0 0 2439 50 17 11 6 0.2147 0.6398 147 197
378-0-1-0.05-50-0 0 2439 37 28 8 5 0.8481 0.3846 127 311
378-0-1-0.05-50-0 0 2440 18 36 2 10 0.2181 0.8162 226 165
378-0-1-0.05-50-0 0 2440 37 25 8 3 0.8481 0.9430 127 125
378-0-1-0.05-50-0 0 2441 24 36 14 9 0.1940 0.8162 254 165
378-0-1-0.05-50-0 0 2441 2 36 2 8 0.8198 0.8162 167 165
378-0-1-0.05-50-0 0 2442 45 45 7 7 0.3816 0.3816 173 173
378-0-1-0.05-50-0 0 2442 25 2 2 2 0.9430 0.8198 125 167
378-0-1-0.05-50-0 0 2443 37 5 8 6 0.8481 0.0007 127 226
378-0-1-0.05-50-0 0 2443 37 37 8 8 0.8481 0.8481 127 127
378-0-1-0.05-50-0 0 2444 37 26 6 2 0.8481 0.8171 127 141
378-0-1-0.05-50-0 0 2444 12 39 5 1 0.1896 0.2187 325 309
378-0-1-0.05-50-0 0 2445 28 50 5 12 0.3846 0.2147 311 147
378-0-1-0.05-50-0 0 2445 25 36 2 8 0.9430 0.8162 125 165
378-0-1-0.05-50-0 0 2446 50 5 10 5 0.2147 0.0007 147 226
378-0-1-0.05-50-0 0 2446 24 24 14 14 0.1940 0.1940 254 254
378-0-1-0.05-50-0 0 2447 11 49 4 10 0.0504 0.1842 384 136
378-0-1-0.05-50-0 0 2447 24 13 13 1 0.1940 0.8878 254 151
378-0-1-0.05-50-0 0 2448 17 12 10 4 0.6398 0.1896 197 325
378-0-1-0.05-50-0 0 2448 18 11 1 4 0.2181 0.0504 226 384
378-0-1-0.05-50-0 0 2449 24 24 13 13 0.1940 0.1940 254 254
378-0-1-0.05-50-0 0 2449 15 45 5 9 0.7918 0.3816 149 173
378-0-1-0.05-50-0 0 2450 50 4 9 1 0.2147 0.0723 147 351
378-0-1-0.05-50-0 0 2450 36 17 7 10 0.8162 0.6398 165 197
378-0-1-0.05-50-0 0 2451 18 37 1 8 0.2181 0.8481 226 127
378-0-1-0.05-50-0 0 2451 6 25 1 2 0.4266 0.9430 249 125
378-0-1-0.05-50-0 0 2452 28 36 8 6 0.3846 0.8162 311 165
378-0-1-0.05-50-0 0 2452 11 24 3 13 0.0504 0.1940 384 254
378-0-1-0.05-50-0 0 2453 49 28 12 8 0.1842 0.3846 136 311
378-0-1-0.05-50-0 0 2453 15 17 6 10 0.7918 0.6398 149 197
378-0-1-0.05-50-0 0 2454 36 47 4 3 0.8162 0.9293 165 103
378-0-1-0.05-50-0 0 2454 49 28 11 7 0.1842 0.3846 136 311
378-0-1-0.05-50-0 0 2455 6 49 1 11 0.4266 0.1842 249 136
378-0-1-0.05-50-0 0 2455 50 45 7 9 0.2147 0.3816 147 173
378-0-1-0.05-50-0 0 2456 28 45 6 7 0.3846 0.3816 311 173
378-0-1-0.05-50-0 0 2456 22 50 3 7 0.0160 0.2147 311 147
378-0-1-0.05-50-0 0 2457 37 15 5 6 0.8481 0.7918 127 149
378-0-1-0.05-50-0 0 2457 19 45 3 6 0.8072 0.3816 134 173
378-0-1-0.05-50-0 0 2458 28 19 7 3 0.3846 0.8072 311 134
378-0-1-0.05-50-0 0 2458 49 15 10 6 0.1842 0.7918 136 149
378-0-1-0.05-50-0 0 2459 48 12 5 3 0.1153 0.1896 334 325
378-0-1-0.05-50-0 0 2459 50 37 7 6 0.2147 0.8481 147 127
378-0-1-0.05-50-0 0 2460 49 22 9 5 0.1842 0.0160 136 311
378-0-1-0.05-50-0 0 2460 37 15 4 5 0.8481 0.7918 127 149
378-0-1-0.05-50-0 0 2461 24 22 16 6 0.1940 0.0160 254 311
378-0-1-0.05-50-0 0 2461 16 28 3 8 0.2228 0.3846 149 311
378-0-1-0.05-50-0 0 2462 28 31 7 1 0.3846 0.5626 311 252
378-0-1-0.05-50-0 0 2462 22 28 6 7 0.0160 0.3846 311 311
378-0-1-0.05-50-0 0 2463 27 22 2 6 0.0776 0.0160 149 311
378-0-1-0.05-50-0 0 2463 17 28 11 7 0.6398 0.3846 197 311
378-0-1-0.05-50-0 0 2464 24 27 18 1 0.1940 0.0776 254 149
378-0-1-0.05-50-0 0 2464 24 49 18 11 0.1940 0.1842 254 136
378-0-1-0.05-50-0 0 2465 50 28 8 7 0.2147 0.3846 147 311
378-0-1-0.05-50-0 0 2465 22 2 5 3 0.0160 0.8198 311 167
378-0-1-0.05-50-0 0 2466 47 22 2 6 0.9293 0.0160 103 311
378-0-1-0.05-50-0 0 2466 47 37 2 4 0.9293 0.8481 103 127
378-0-1-0.05-50-0 0 2467 24 33 19 1 0.1940 0.6893 254 191
378-0-1-0.05-50-0 0 2467 36 11 5 4 0.8162 0.0504 165 384
378-0-1-0.05-50-0 0 2468 6 28 3 6 0.4266 0.3846 249 311
378-0-1-0.05-50-0 0 2468 17 28 11 5 0.6398 0.3846 197 311
378-0-1-0.05-50-0 0 2469 25 17 2 13 0.9430 0.6398 125 197
378-0-1-0.05-50-0 0 2469 24 44 20 3 0.1940 0.7034 254 118
378-0-1-0.05-50-0 0 2470 24 44 22 2 0.1940 0.7034 254 118
378-0-1-0.05-50-0 0 2470 50 42 10 2 0.2147 0.7447 147 106
378-0-1-0.05-50-0 0 2471 17 17 10 10 0.6398 0.6398 197 197
378-0-1-0.05-50-0 0 2471 24 32 22 1 0.1940 0.6514 254 215
378-0-1-0.05-50-0 0 2472 49 49 10 10 0.1842 0.1842 136 136
378-0-1-0.05-50-0 0 2472 36 19 3 1 0.8162 0.8072 165 134
378-0-1-0.05-50-0 0 2473 22 17 4 12 0.0160 0.6398 311 197
378-0-1-0.05-50-0 0 2473 17 50 11 10 0.6398 0.2147 197 147
378-0-1-0.05-50-0 0 2474 48 15 7 5 0.1153 0.7918 334 149
378-0-1-0.05-50-0 0 2474 21 18 2 1 0.4184 0.2181 158 226
378-0-1-0.05-50-0 0 2475 49 44 7 2 0.1842 0.7034 136 118
378-0-1-0.05-50-0 0 2475 24 48 30 7 0.1940 0.1153 254 334
378-0-1-0.05-50-0 0 2476 49 6 6 3 0.1842 0.4266 136 249
378-0-1-0.05-50-0 0 2476 5 16 7 2 0.0007 0.2228 226 149
378-0-1-0.05-50-0 0 2477 17 50 12 10 0.6398 0.2147 197 147
378-0-1-0.05-50-0 0 2477 36 47 3 4 0.8162 0.9293 165 103
378-0-1-0.05-50-0 0 2478 50 45 8 7 0.2147 0.3816 147 173
378-0-1-0.05-50-0 0 2478 17 24 13 29 0.6398 0.1940 197 254
378-0-1-0.05-50-0 0 2479 17 49 16 5 0.6398 0.1842 197 136
378-0-1-0.05-50-0 0 2479 15 17 4 16 0.7918 0.6398 149 197
378-0-1-0.05-50-0 0 2480 16 11 1 5 0.2228 0.0504 149 384
378-0-1-0.05-50-0 0 2480 24 24 30 30 0.1940 0.1940 254 254
378-0-1-0.05-50-0 0 2481 36 24 4 29 0.8162 0.1940 165 254
378-0-1-0.05-50-0 0 2481 22 5 5 9 0.0160 0.0007 311 226
378-0-1-0.05-50-0 0 2482 47 25 3 3 0.9293 0.9430 103 125
378-0-1-0.05-50-0 0 2482 6 24 2 27 0.4266 0.1940 249 254
378-0-1-0.05-50-0 0 2483 50 12 8 8 0.2147 0.1896 147 325
378-0-1-0.05-50-0 0 2483 12 12 7 7 0.1896 0.1896 325 325
378-0-1-0.05-50-0 0 2484 39 11 3 4 0.2187 0.0504 309 384
378-0-1-0.05-50-0 0 2484 50 28 9 3 0.2147 0.3846 147 311
378-0-1-0.05-50-0 0 2485 50 50 7 7 0.2147 0.2147 147 147
378-0-1-0.05-50-0 0 2485 49 48 4 9 0.1842 0.1153 136 334
378-0-1-0.05-50-0 0 2486 11 24 2 29 0.0504 0.1940 384 254
378-0-1-0.05-50-0 0 2486 5 39 10 3 0.0007 0.2187 226 309
378-0-1-0.05-50-0 0 2487 5 47 13 2 0.0007 0.9293 226 103
378-0-1-0.05-50-0 0 2487 13 24 1 29 0.8878 0.1940 151 254
378-0-1-0.05-50-0 0 2488 24 5 28 14 0.1940 0.0007 254 226
378-0-1-0.05-50-0 0 2488 24 24 28 28 0.1940 0.1940 254 254
378-0-1-0.05-50-0 0 2489 40 50 3 5 0.9739 0.2147 104 147
378-0-1-0.05-50-0 0 2489 45 45 7 7 0.3816 0.3816 173 173
378-0-1-0.05-50-0 0 2490 2 2 4 4 0.8198 0.8198 167 167
378-0-1-0.05-50-0 0 2490 17 45 14 6 0.6398 0.3816 197 173
378-0-1-0.05-50-0 0 2491 15 21 6 9 0.7918 0.4184 149 158
378-0-1-0.05-50-0 0 2491 21 17 8 12 0.4184 0.6398 158 197
378-0-1-0.05-50-0 0 2492 15 21 5 9 0.7918 0.4184 149 158
378-0-1-0.05-50-0 0 2492 24 12 26 7 0.1940 0.1896 254 325
378-0-1-0.05-50-0 0 2493 50 24 5 27 0.2147 0.1940 147 254
378-0-1-0.05-50-0 0 2493 24 25 26 2 0.1940 0.9430 254 125
378-0-1-0.05-50-0 0 2494 24 49 28 6 0.1940 0.1842 254 136
378-0-1-0.05-50-0 0 2494 24 7 28 3 0.1940 0.9267 254 106
378-0-1-0.05-50-0 0 2495 50 24 5 29 0.2147 0.1940 147 254
378-0-1-0.05-50-0 0 2495 5 24 13 28 0.0007 0.1940 226 254
378-0-1-0.05-50-0 0 2496 15 24 5 27 0.7918 0.1940 149 254
378-0-1-0.05-50-0 0 2496 50 17 5 12 0.2147 0.6398 147 197
378-0-1-0.05-50-0 0 2497 48 43 11 2 0.1153 0.8316 334 123
378-0-1-0.05-50-0 0 2497 7 21 1 7 0.9267 0.4184 106 158
378-0-1-0.05-50-0 0 2498 24 24 28 28 0.1940 0.1940 254 254
378-0-1-0.05-50-0 0 2498 21 43 4 1 0.4184 0.8316 158 123
378-0-1-0.05-50-0 0 2499 15 36 7 6 0.7918 0.8162 149 165
378-0-1-0.05-50-0 0 2499 12 40 8 3 0.1896 0.9739 325 104
378-0-1-0.05-50-0 0 2500 30 12 4 8 0.6008 0.1896 266 325
378-0-1-0.05-50-0 0 2500 15 36 8 5 0.7918 0.8162 149 165
