397-0-1-0.05-50-0 0 2302 35 21 6 4 0.0354 0.4184 158 158
397-0-1-0.05-50-0 0 2302 16 45 6 5 0.2228 0.3816 149 173
397-0-1-0.05-50-0 0 2303 7 49 7 2 0.9267 0.1842 106 136
397-0-1-0.05-50-0 0 2303 11 8 5 4 0.0504 0.2506 384 303
397-0-1-0.05-50-0 0 2304 45 49 4 1 0.3816 0.1842 173 136
397-0-1-0.05-50-0 0 2304 11 8 5 3 0.0504 0.2506 384 303
397-0-1-0.05-50-0 0 2305 45 26 4 2 0.3816 0.8171 173 141
397-0-1-0.05-50-0 0 2305 45 32 4 1 0.3816 0.6514 173 215
397-0-1-0.05-50-0 0 2306 7 7 9 9 0.9267 0.9267 106 106
397-0-1-0.05-50-0 0 2306 21 35 2 6 0.4184 0.0354 158 158
397-0-1-0.05-50-0 0 2307 43 12 2 16 0.8316 0.1896 123 325
397-0-1-0.05-50-0 0 2307 12 21 15 2 0.1896 0.4184 325 158
397-0-1-0.05-50-0 0 2308 4 42 5 1 0.0723 0.7447 351 106
397-0-1-0.05-50-0 0 2308 30 15 5 1 0.6008 0.7918 266 149
397-0-1-0.05-50-0 0 2309 12 9 17 2 0.1896 0.6134 325 161
397-0-1-0.05-50-0 0 2309 7 18 10 3 0.9267 0.2181 106 226
397-0-1-0.05-50-0 0 2310 36 7 2 12 0.8162 0.9267 165 106
397-0-1-0.05-50-0 0 2310 45 12 7 18 0.3816 0.1896 173 325
397-0-1-0.05-50-0 0 2311 50 4 6 4 0.2147 0.0723 147 351
397-0-1-0.05-50-0 0 2311 12 10 17 4 0.1896 0.2533 325 449
397-0-1-0.05-50-0 0 2312 50 11 6 6 0.2147 0.0504 147 384
397-0-1-0.05-50-0 0 2312 50 27 6 4 0.2147 0.0776 147 149
397-0-1-0.05-50-0 0 2313 16 12 7 15 0.2228 0.1896 149 325
397-0-1-0.05-50-0 0 2313 50 48 6 3 0.2147 0.1153 147 334
397-0-1-0.05-50-0 0 2314 30 5 3 2 0.6008 0.0007 266 226
397-0-1-0.05-50-0 0 2314 14 12 4 16 0.8451 0.1896 105 325
397-0-1-0.05-50-0 0 2315 48 14 2 4 0.1153 0.8451 334 105
397-0-1-0.05-50-0 0 2315 18 24 3 2 0.2181 0.1940 226 254
397-0-1-0.05-50-0 0 2316 45 7 11 10 0.3816 0.9267 173 106
397-0-1-0.05-50-0 0 2316 12 7 14 9 0.1896 0.9267 325 106
397-0-1-0.05-50-0 0 2317 7 27 8 3 0.9267 0.0776 106 149
397-0-1-0.05-50-0 0 2317 34 12 2 14 0.7448 0.1896 168 325
397-0-1-0.05-50-0 0 2318 34 30 2 2 0.7448 0.6008 168 266
397-0-1-0.05-50-0 0 2318 5 48 2 2 0.0007 0.1153 226 334
397-0-1-0.05-50-0 0 2319 43 11 2 5 0.8316 0.0504 123 384
397-0-1-0.05-50-0 0 2319 7 10 8 4 0.9267 0.2533 106 449
397-0-1-0.05-50-0 0 2320 7 2 8 1 0.9267 0.8198 106 167
397-0-1-0.05-50-0 0 2320 14 4 5 5 0.8451 0.0723 105 351
397-0-1-0.05-50-0 0 2321 16 45 4 13 0.2228 0.3816 149 173
397-0-1-0.05-50-0 0 2321 10 3 3 2 0.2533 0.4813 449 321
397-0-1-0.05-50-0 0 2322 21 10 1 3 0.4184 0.2533 158 449
397-0-1-0.05-50-0 0 2323 30 40 1 1 0.6008 0.9739 266 104
397-0-1-0.05-50-0 0 2324 12 35 12 9 0.1896 0.0354 325 158
397-0-1-0.05-50-0 0 2325 11 4 4 5 0.0504 0.0723 384 351
397-0-1-0.05-50-0 0 2325 16 43 3 2 0.2228 0.8316 149 123
397-0-1-0.05-50-0 0 2326 12 45 13 9 0.1896 0.3816 325 173
397-0-1-0.05-50-0 0 2326 11 12 4 13 0.0504 0.1896 384 325
397-0-1-0.05-50-0 0 2327 7 12 7 12 0.9267 0.1896 106 325
397-0-1-0.05-50-0 0 2327 16 14 4 10 0.2228 0.8451 149 105
397-0-1-0.05-50-0 0 2328 8 32 2 2 0.2506 0.6514 303 215
397-0-1-0.05-50-0 0 2328 12 13 12 2 0.1896 0.8878 325 151
397-0-1-0.05-50-0 0 2329 27 7 3 7 0.0776 0.9267 149 106
397-0-1-0.05-50-0 0 2329 8 36 3 2 0.2506 0.8162 303 165
397-0-1-0.05-50-0 0 2330 50 32 8 2 0.2147 0.6514 147 215
397-0-1-0.05-50-0 0 2330 11 34 5 3 0.0504 0.7448 384 168
397-0-1-0.05-50-0 0 2331 30 25 2 2 0.6008 0.9430 266 125
397-0-1-0.05-50-0 0 2331 46 35 1 9 0.3451 0.0354 327 158
397-0-1-0.05-50-0 0 2332 2 12 4 12 0.8198 0.1896 167 325
397-0-1-0.05-50-0 0 2332 14 45 10 7 0.8451 0.3816 105 173
397-0-1-0.05-50-0 0 2333 10 18 2 5 0.2533 0.2181 449 226
397-0-1-0.05-50-0 0 2333 17 27 2 3 0.6398 0.0776 197 149
397-0-1-0.05-50-0 0 2334 35 17 9 2 0.0354 0.6398 158 197
397-0-1-0.05-50-0 0 2334 25 35 1 9 0.9430 0.0354 125 158
397-0-1-0.05-50-0 0 2335 12 18 12 4 0.1896 0.2181 325 226
397-0-1-0.05-50-0 0 2335 8 44 2 3 0.2506 0.7034 303 118
397-0-1-0.05-50-0 0 2336 11 11 5 5 0.0504 0.0504 384 384
397-0-1-0.05-50-0 0 2336 18 31 4 1 0.2181 0.5626 226 252
397-0-1-0.05-50-0 0 2337 4 7 4 5 0.0723 0.9267 351 106
397-0-1-0.05-50-0 0 2337 11 46 4 2 0.0504 0.3451 384 327
397-0-1-0.05-50-0 0 2338 12 21 10 1 0.1896 0.4184 325 158
397-0-1-0.05-50-0 0 2338 50 2 10 5 0.2147 0.8198 147 167
397-0-1-0.05-50-0 0 2339 35 27 7 2 0.0354 0.0776 158 149
397-0-1-0.05-50-0 0 2340 8 36 2 2 0.2506 0.8162 303 165
397-0-1-0.05-50-0 0 2340 35 50 7 10 0.0354 0.2147 158 147
397-0-1-0.05-50-0 0 2341 27 44 1 3 0.0776 0.7034 149 118
397-0-1-0.05-50-0 0 2341 2 36 5 1 0.8198 0.8162 167 165
397-0-1-0.05-50-0 0 2342 44 16 2 6 0.7034 0.2228 118 149
397-0-1-0.05-50-0 0 2342 50 50 10 10 0.2147 0.2147 147 147
397-0-1-0.05-50-0 0 2343 34 2 5 6 0.7448 0.8198 168 167
397-0-1-0.05-50-0 0 2343 12 50 9 9 0.1896 0.2147 325 147
397-0-1-0.05-50-0 0 2344 10 12 2 9 0.2533 0.1896 449 325
397-0-1-0.05-50-0 0 2344 7 12 3 8 0.9267 0.1896 106 325
397-0-1-0.05-50-0 0 2345 7 12 3 8 0.9267 0.1896 106 325
397-0-1-0.05-50-0 0 2345 20 11 2 4 0.9922 0.0504 102 384
397-0-1-0.05-50-0 0 2346 31 2 1 5 0.5626 0.8198 252 167
397-0-1-0.05-50-0 0 2346 28 16 1 5 0.3846 0.2228 311 149
397-0-1-0.05-50-0 0 2347 2 45 4 6 0.8198 0.3816 167 173
397-0-1-0.05-50-0 0 2347 35 12 10 7 0.0354 0.1896 158 325
397-0-1-0.05-50-0 0 2348 14 34 12 5 0.8451 0.7448 105 168
397-0-1-0.05-50-0 0 2348 32 4 3 6 0.6514 0.0723 215 351
397-0-1-0.05-50-0 0 2349 45 18 5 3 0.3816 0.2181 173 226
397-0-1-0.05-50-0 0 2350 18 44 2 2 0.2181 0.7034 226 118
397-0-1-0.05-50-0 0 2351 14 48 13 3 0.8451 0.1153 105 334
397-0-1-0.05-50-0 0 2352 14 35 13 11 0.8451 0.0354 105 158
397-0-1-0.05-50-0 0 2353 10 14 2 11 0.2533 0.8451 449 105
397-0-1-0.05-50-0 0 2354 14 14 12 12 0.8451 0.8451 105 105
397-0-1-0.05-50-0 0 2355 4 16 4 3 0.0723 0.2228 351 149
397-0-1-0.05-50-0 0 2356 15 35 2 9 0.7918 0.0354 149 158
397-0-1-0.05-50-0 0 2357 40 2 2 4 0.9739 0.8198 104 167
397-0-1-0.05-50-0 0 2358 2 50 3 6 0.8198 0.2147 167 147
397-0-1-0.05-50-0 0 2359 12 18 5 4 0.1896 0.2181 325 226
397-0-1-0.05-50-0 0 2360 17 14 1 15 0.6398 0.8451 197 105
397-0-1-0.05-50-0 0 2361 14 7 14 3 0.8451 0.9267 105 106
397-0-1-0.05-50-0 0 2362 34 14 10 15 0.7448 0.8451 168 105
397-0-1-0.05-50-0 0 2363 14 5 14 1 0.8451 0.0007 105 226
397-0-1-0.05-50-0 0 2364 35 34 9 11 0.0354 0.7448 158 168
397-0-1-0.05-50-0 0 2365 35 15 9 3 0.0354 0.7918 158 149
397-0-1-0.05-50-0 0 2366 14 4 15 3 0.8451 0.0723 105 351
397-0-1-0.05-50-0 0 2367 13 18 4 2 0.8878 0.2181 151 226
397-0-1-0.05-50-0 0 2367 4 50 3 5 0.0723 0.2147 351 147
397-0-1-0.05-50-0 0 2368 14 14 17 17 0.8451 0.8451 105 105
397-0-1-0.05-50-0 0 2368 11 29 2 2 0.0504 0.6728 384 177
397-0-1-0.05-50-0 0 2369 18 45 1 4 0.2181 0.3816 226 173
397-0-1-0.05-50-0 0 2369 14 42 16 2 0.8451 0.7447 105 106
397-0-1-0.05-50-0 0 2370 29 48 2 4 0.6728 0.1153 177 334
397-0-1-0.05-50-0 0 2370 4 12 2 3 0.0723 0.1896 351 325
397-0-1-0.05-50-0 0 2371 35 24 8 2 0.0354 0.1940 158 254
397-0-1-0.05-50-0 0 2371 13 34 5 9 0.8878 0.7448 151 168
397-0-1-0.05-50-0 0 2372 14 32 16 2 0.8451 0.6514 105 215
397-0-1-0.05-50-0 0 2372 14 13 16 4 0.8451 0.8878 105 151
397-0-1-0.05-50-0 0 2373 14 14 17 17 0.8451 0.8451 105 105
397-0-1-0.05-50-0 0 2373 29 20 3 2 0.6728 0.9922 177 102
397-0-1-0.05-50-0 0 2374 35 10 11 5 0.0354 0.2533 158 449
397-0-1-0.05-50-0 0 2374 4 50 2 4 0.0723 0.2147 351 147
397-0-1-0.05-50-0 0 2375 16 14 3 17 0.2228 0.8451 149 105
397-0-1-0.05-50-0 0 2375 2 4 7 2 0.8198 0.0723 167 351
397-0-1-0.05-50-0 0 2376 35 50 11 3 0.0354 0.2147 158 147
397-0-1-0.05-50-0 0 2376 14 35 17 11 0.8451 0.0354 105 158
397-0-1-0.05-50-0 0 2377 10 21 5 2 0.2533 0.4184 449 158
397-0-1-0.05-50-0 0 2377 34 48 9 2 0.7448 0.1153 168 334
397-0-1-0.05-50-0 0 2378 14 20 16 1 0.8451 0.9922 105 102
397-0-1-0.05-50-0 0 2379 14 2 15 7 0.8451 0.8198 105 167
397-0-1-0.05-50-0 0 2380 40 35 2 13 0.9739 0.0354 104 158
397-0-1-0.05-50-0 0 2380 14 21 16 1 0.8451 0.4184 105 158
397-0-1-0.05-50-0 0 2381 10 29 5 4 0.2533 0.6728 449 177
397-0-1-0.05-50-0 0 2381 2 12 6 2 0.8198 0.1896 167 325
397-0-1-0.05-50-0 0 2382 32 34 3 11 0.6514 0.7448 215 168
397-0-1-0.05-50-0 0 2382 29 8 3 2 0.6728 0.2506 177 303
397-0-1-0.05-50-0 0 2383 15 35 3 13 0.7918 0.0354 149 158
397-0-1-0.05-50-0 0 2383 2 2 7 7 0.8198 0.8198 167 167
397-0-1-0.05-50-0 0 2384 14 35 17 12 0.8451 0.0354 105 158
397-0-1-0.05-50-0 0 2384 35 13 11 2 0.0354 0.8878 158 151
397-0-1-0.05-50-0 0 2385 15 10 3 6 0.7918 0.2533 149 449
397-0-1-0.05-50-0 0 2385 29 32 2 4 0.6728 0.6514 177 215
397-0-1-0.05-50-0 0 2386 29 14 2 19 0.6728 0.8451 177 105
397-0-1-0.05-50-0 0 2386 35 10 10 5 0.0354 0.2533 158 449
397-0-1-0.05-50-0 0 2387 7 44 2 2 0.9267 0.7034 106 118
397-0-1-0.05-50-0 0 2387 34 11 11 1 0.7448 0.0504 168 384
397-0-1-0.05-50-0 0 2388 40 2 2 6 0.9739 0.8198 104 167
397-0-1-0.05-50-0 0 2388 7 34 3 12 0.9267 0.7448 106 168
397-0-1-0.05-50-0 0 2389 9 43 1 1 0.6134 0.8316 161 123
397-0-1-0.05-50-0 0 2390 45 7 4 3 0.3816 0.9267 173 106
397-0-1-0.05-50-0 0 2391 23 35 2 14 0.1698 0.0354 476 158
397-0-1-0.05-50-0 0 2391 35 14 13 13 0.0354 0.8451 158 105
397-0-1-0.05-50-0 0 2392 7 24 3 3 0.9267 0.1940 106 254
397-0-1-0.05-50-0 0 2393 35 28 12 1 0.0354 0.3846 158 311
397-0-1-0.05-50-0 0 2394 47 34 1 12 0.9293 0.7448 103 168
397-0-1-0.05-50-0 0 2395 2 16 4 3 0.8198 0.2228 167 149
397-0-1-0.05-50-0 0 2396 24 49 3 3 0.1940 0.1842 254 136
397-0-1-0.05-50-0 0 2396 15 32 3 3 0.7918 0.6514 149 215
397-0-1-0.05-50-0 0 2397 24 45 4 5 0.1940 0.3816 254 173
397-0-1-0.05-50-0 0 2398 45 7 4 3 0.3816 0.9267 173 106
397-0-1-0.05-50-0 0 2398 14 4 11 3 0.8451 0.0723 105 351
397-0-1-0.05-50-0 0 2399 34 31 13 2 0.7448 0.5626 168 252
397-0-1-0.05-50-0 0 2399 34 36 13 2 0.7448 0.8162 168 165
397-0-1-0.05-50-0 0 2400 7 17 3 3 0.9267 0.6398 106 197
397-0-1-0.05-50-0 0 2400 14 45 12 4 0.8451 0.3816 105 173
397-0-1-0.05-50-0 0 2401 48 40 1 2 0.1153 0.9739 334 104
397-0-1-0.05-50-0 0 2401 37 34 4 14 0.8481 0.7448 127 168
397-0-1-0.05-50-0 0 2402 14 29 12 4 0.8451 0.6728 105 177
397-0-1-0.05-50-0 0 2403 29 37 3 4 0.6728 0.8481 177 127
397-0-1-0.05-50-0 0 2404 34 29 14 3 0.7448 0.6728 168 177
397-0-1-0.05-50-0 0 2404 34 14 14 13 0.7448 0.8451 168 105
397-0-1-0.05-50-0 0 2405 46 35 1 17 0.3451 0.0354 327 158
397-0-1-0.05-50-0 0 2406 35 14 18 9 0.0354 0.8451 158 105
397-0-1-0.05-50-0 0 2407 35 14 17 8 0.0354 0.8451 158 105
397-0-1-0.05-50-0 0 2408 44 40 2 1 0.7034 0.9739 118 104
397-0-1-0.05-50-0 0 2408 34 4 17 4 0.7448 0.0723 168 351
397-0-1-0.05-50-0 0 2409 34 45 16 3 0.7448 0.3816 168 173
397-0-1-0.05-50-0 0 2409 29 36 3 1 0.6728 0.8162 177 165
397-0-1-0.05-50-0 0 2410 37 34 4 14 0.8481 0.7448 127 168
397-0-1-0.05-50-0 0 2411 10 2 4 8 0.2533 0.8198 449 167
397-0-1-0.05-50-0 0 2411 7 32 4 1 0.9267 0.6514 106 215
397-0-1-0.05-50-0 0 2412 46 35 1 18 0.3451 0.0354 327 158
397-0-1-0.05-50-0 0 2412 24 34 6 11 0.1940 0.7448 254 168
397-0-1-0.05-50-0 0 2413 14 25 9 4 0.8451 0.9430 105 125
397-0-1-0.05-50-0 0 2413 34 35 10 18 0.7448 0.0354 168 158
397-0-1-0.05-50-0 0 2414 29 42 4 1 0.6728 0.7447 177 106
397-0-1-0.05-50-0 0 2414 7 48 5 1 0.9267 0.1153 106 334
397-0-1-0.05-50-0 0 2415 29 24 4 7 0.6728 0.1940 177 254
397-0-1-0.05-50-0 0 2415 14 50 7 6 0.8451 0.2147 105 147
397-0-1-0.05-50-0 0 2416 34 10 10 8 0.7448 0.2533 168 449
397-0-1-0.05-50-0 0 2416 8 2 6 7 0.2506 0.8198 303 167
397-0-1-0.05-50-0 0 2417 49 29 2 4 0.1842 0.6728 136 177
397-0-1-0.05-50-0 0 2417 29 35 3 20 0.6728 0.0354 177 158
397-0-1-0.05-50-0 0 2418 7 24 6 6 0.9267 0.1940 106 254
397-0-1-0.05-50-0 0 2418 2 44 4 1 0.8198 0.7034 167 118
397-0-1-0.05-50-0 0 2419 35 24 20 6 0.0354 0.1940 158 254
397-0-1-0.05-50-0 0 2419 14 24 10 5 0.8451 0.1940 105 254
397-0-1-0.05-50-0 0 2420 10 10 7 7 0.2533 0.2533 449 449
397-0-1-0.05-50-0 0 2420 7 34 5 9 0.9267 0.7448 106 168
397-0-1-0.05-50-0 0 2421 14 10 11 6 0.8451 0.2533 105 449
397-0-1-0.05-50-0 0 2421 35 14 21 11 0.0354 0.8451 158 105
397-0-1-0.05-50-0 0 2422 7 50 4 7 0.9267 0.2147 106 147
397-0-1-0.05-50-0 0 2422 8 35 7 22 0.2506 0.0354 303 158
397-0-1-0.05-50-0 0 2423 37 37 7 7 0.8481 0.8481 127 127
397-0-1-0.05-50-0 0 2423 4 50 5 7 0.0723 0.2147 351 147
397-0-1-0.05-50-0 0 2424 4 35 5 24 0.0723 0.0354 351 158
397-0-1-0.05-50-0 0 2424 35 37 23 6 0.0354 0.8481 158 127
397-0-1-0.05-50-0 0 2425 7 37 4 5 0.9267 0.8481 106 127
397-0-1-0.05-50-0 0 2425 10 37 5 4 0.2533 0.8481 449 127
397-0-1-0.05-50-0 0 2426 7 14 4 9 0.9267 0.8451 106 105
397-0-1-0.05-50-0 0 2426 35 34 21 8 0.0354 0.7448 158 168
397-0-1-0.05-50-0 0 2427 35 7 23 3 0.0354 0.9267 158 106
397-0-1-0.05-50-0 0 2427 37 50 3 7 0.8481 0.2147 127 147
397-0-1-0.05-50-0 0 2428 35 4 23 4 0.0354 0.0723 158 351
397-0-1-0.05-50-0 0 2428 46 14 3 9 0.3451 0.8451 327 105
397-0-1-0.05-50-0 0 2429 7 26 3 3 0.9267 0.8171 106 141
397-0-1-0.05-50-0 0 2429 8 15 5 3 0.2506 0.7918 303 149
397-0-1-0.05-50-0 0 2430 14 14 7 7 0.8451 0.8451 105 105
397-0-1-0.05-50-0 0 2430 29 35 3 23 0.6728 0.0354 177 158
397-0-1-0.05-50-0 0 2431 46 35 7 23 0.3451 0.0354 327 158
397-0-1-0.05-50-0 0 2431 50 4 8 3 0.2147 0.0723 147 351
397-0-1-0.05-50-0 0 2432 49 4 2 2 0.1842 0.0723 136 351
397-0-1-0.05-50-0 0 2432 35 17 24 5 0.0354 0.6398 158 197
397-0-1-0.05-50-0 0 2433 35 3 26 2 0.0354 0.4813 158 321
397-0-1-0.05-50-0 0 2433 35 35 26 26 0.0354 0.0354 158 158
397-0-1-0.05-50-0 0 2434 35 3 26 1 0.0354 0.4813 158 321
397-0-1-0.05-50-0 0 2434 35 35 26 26 0.0354 0.0354 158 158
397-0-1-0.05-50-0 0 2435 14 2 5 4 0.8451 0.8198 105 167
397-0-1-0.05-50-0 0 2435 50 35 7 25 0.2147 0.0354 147 158
397-0-1-0.05-50-0 0 2436 14 50 5 7 0.8451 0.2147 105 147
397-0-1-0.05-50-0 0 2437 8 26 4 3 0.2506 0.8171 303 141
397-0-1-0.05-50-0 0 2438 32 46 2 7 0.6514 0.3451 215 327
397-0-1-0.05-50-0 0 2439 14 14 4 4 0.8451 0.8451 105 105
397-0-1-0.05-50-0 0 2440 25 35 5 26 0.9430 0.0354 125 158
397-0-1-0.05-50-0 0 2441 47 35 1 25 0.9293 0.0354 103 158
397-0-1-0.05-50-0 0 2442 7 38 3 2 0.9267 0.6163 106 270
397-0-1-0.05-50-0 0 2442 8 35 5 25 0.2506 0.0354 303 158
397-0-1-0.05-50-0 0 2443 35 29 23 3 0.0354 0.6728 158 177
397-0-1-0.05-50-0 0 2443 14 35 4 23 0.8451 0.0354 105 158
397-0-1-0.05-50-0 0 2444 7 46 3 8 0.9267 0.3451 106 327
397-0-1-0.05-50-0 0 2444 36 24 3 2 0.8162 0.1940 165 254
397-0-1-0.05-50-0 0 2445 46 35 7 23 0.3451 0.0354 327 158
397-0-1-0.05-50-0 0 2445 46 35 7 22 0.3451 0.0354 327 158
397-0-1-0.05-50-0 0 2446 21 24 1 1 0.4184 0.1940 158 254
397-0-1-0.05-50-0 0 2446 46 14 8 4 0.3451 0.8451 327 105
397-0-1-0.05-50-0 0 2447 34 27 8 4 0.7448 0.0776 168 149
397-0-1-0.05-50-0 0 2447 34 8 8 9 0.7448 0.2506 168 303
397-0-1-0.05-50-0 0 2448 46 46 9 9 0.3451 0.3451 327 327
397-0-1-0.05-50-0 0 2448 50 26 10 3 0.2147 0.8171 147 141
397-0-1-0.05-50-0 0 2449 25 27 5 4 0.9430 0.0776 125 149
397-0-1-0.05-50-0 0 2449 34 32 8 4 0.7448 0.6514 168 215
397-0-1-0.05-50-0 0 2450 35 7 27 3 0.0354 0.9267 158 106
397-0-1-0.05-50-0 0 2450 50 46 10 8 0.2147 0.3451 147 327
397-0-1-0.05-50-0 0 2451 35 8 28 12 0.0354 0.2506 158 303
397-0-1-0.05-50-0 0 2451 46 8 7 11 0.3451 0.2506 327 303
397-0-1-0.05-50-0 0 2452 8 8 10 10 0.2506 0.2506 303 303
397-0-1-0.05-50-0 0 2452 40 50 2 9 0.9739 0.2147 104 147
397-0-1-0.05-50-0 0 2453 37 35 3 29 0.8481 0.0354 127 158
397-0-1-0.05-50-0 0 2453 27 35 4 28 0.0776 0.0354 149 158
397-0-1-0.05-50-0 0 2454 50 34 8 11 0.2147 0.7448 147 168
397-0-1-0.05-50-0 0 2454 25 34 4 10 0.9430 0.7448 125 168
397-0-1-0.05-50-0 0 2455 10 34 5 9 0.2533 0.7448 449 168
397-0-1-0.05-50-0 0 2455 38 2 3 4 0.6163 0.8198 270 167
397-0-1-0.05-50-0 0 2456 35 46 26 8 0.0354 0.3451 158 327
397-0-1-0.05-50-0 0 2456 11 32 1 3 0.0504 0.6514 384 215
397-0-1-0.05-50-0 0 2457 47 7 3 1 0.9293 0.9267 103 106
397-0-1-0.05-50-0 0 2457 6 10 1 5 0.4266 0.2533 249 449
397-0-1-0.05-50-0 0 2458 21 10 2 4 0.4184 0.2533 158 449
397-0-1-0.05-50-0 0 2458 50 46 8 8 0.2147 0.3451 147 327
397-0-1-0.05-50-0 0 2459 35 35 27 27 0.0354 0.0354 158 158
397-0-1-0.05-50-0 0 2459 12 50 2 8 0.1896 0.2147 325 147
397-0-1-0.05-50-0 0 2460 47 32 5 3 0.9293 0.6514 103 215
397-0-1-0.05-50-0 0 2460 35 50 26 6 0.0354 0.2147 158 147
397-0-1-0.05-50-0 0 2461 47 8 4 10 0.9293 0.2506 103 303
397-0-1-0.05-50-0 0 2461 32 34 2 12 0.6514 0.7448 215 168
397-0-1-0.05-50-0 0 2462 35 6 29 1 0.0354 0.4266 158 249
397-0-1-0.05-50-0 0 2462 35 8 29 7 0.0354 0.2506 158 303
397-0-1-0.05-50-0 0 2463 14 5 6 3 0.8451 0.0007 105 226
397-0-1-0.05-50-0 0 2463 46 35 5 29 0.3451 0.0354 327 158
397-0-1-0.05-50-0 0 2464 46 14 6 6 0.3451 0.8451 327 105
397-0-1-0.05-50-0 0 2464 26 17 5 2 0.8171 0.6398 141 197
397-0-1-0.05-50-0 0 2465 35 47 32 7 0.0354 0.9293 158 103
397-0-1-0.05-50-0 0 2465 46 2 7 6 0.3451 0.8198 327 167
397-0-1-0.05-50-0 0 2466 35 5 33 3 0.0354 0.0007 158 226
397-0-1-0.05-50-0 0 2466 29 35 1 33 0.6728 0.0354 177 158
397-0-1-0.05-50-0 0 2467 40 34 6 12 0.9739 0.7448 104 168
397-0-1-0.05-50-0 0 2467 50 35 6 33 0.2147 0.0354 147 158
397-0-1-0.05-50-0 0 2468 19 8 2 11 0.8072 0.2506 134 303
397-0-1-0.05-50-0 0 2468 8 46 10 7 0.2506 0.3451 303 327
397-0-1-0.05-50-0 0 2469 21 49 1 1 0.4184 0.1842 158 136
397-0-1-0.05-50-0 0 2469 35 34 31 10 0.0354 0.7448 158 168
397-0-1-0.05-50-0 0 2470 34 8 7 9 0.7448 0.2506 168 303
397-0-1-0.05-50-0 0 2470 8 37 8 3 0.2506 0.8481 303 127
397-0-1-0.05-50-0 0 2471 8 2 9 4 0.2506 0.8198 303 167
397-0-1-0.05-50-0 0 2471 22 47 2 5 0.0160 0.9293 311 103
397-0-1-0.05-50-0 0 2472 14 34 5 7 0.8451 0.7448 105 168
397-0-1-0.05-50-0 0 2472 10 36 3 2 0.2533 0.8162 449 165
397-0-1-0.05-50-0 0 2473 35 37 38 3 0.0354 0.8481 158 127
397-0-1-0.05-50-0 0 2473 35 8 38 9 0.0354 0.2506 158 303
397-0-1-0.05-50-0 0 2474 8 40 8 8 0.2506 0.9739 303 104
397-0-1-0.05-50-0 0 2474 14 21 5 2 0.8451 0.4184 105 158
397-0-1-0.05-50-0 0 2475 35 35 37 37 0.0354 0.0354 158 158
397-0-1-0.05-50-0 0 2475 50 27 7 9 0.2147 0.0776 147 149
397-0-1-0.05-50-0 0 2476 35 46 38 6 0.0354 0.3451 158 327
397-0-1-0.05-50-0 0 2476 35 27 38 7 0.0354 0.0776 158 149
397-0-1-0.05-50-0 0 2477 8 10 9 4 0.2506 0.2533 303 449
397-0-1-0.05-50-0 0 2477 46 35 5 38 0.3451 0.0354 327 158
397-0-1-0.05-50-0 0 2478 35 35 37 37 0.0354 0.0354 158 158
397-0-1-0.05-50-0 0 2478 27 40 5 8 0.0776 0.9739 149 104
397-0-1-0.05-50-0 0 2479 8 25 9 3 0.2506 0.9430 303 125
397-0-1-0.05-50-0 0 2479 35 47 38 3 0.0354 0.9293 158 103
397-0-1-0.05-50-0 0 2480 17 35 3 39 0.6398 0.0354 197 158
397-0-1-0.05-50-0 0 2480 35 35 38 38 0.0354 0.0354 158 158
397-0-1-0.05-50-0 0 2481 47 35 2 38 0.9293 0.0354 103 158
397-0-1-0.05-50-0 0 2481 46 35 4 37 0.3451 0.0354 327 158
397-0-1-0.05-50-0 0 2482 40 38 5 3 0.9739 0.6163 104 270
397-0-1-0.05-50-0 0 2482 22 8 4 12 0.0160 0.2506 311 303
397-0-1-0.05-50-0 0 2483 47 50 2 9 0.9293 0.2147 103 147
397-0-1-0.05-50-0 0 2483 35 34 31 7 0.0354 0.7448 158 168
397-0-1-0.05-50-0 0 2484 27 46 7 2 0.0776 0.3451 149 327
397-0-1-0.05-50-0 0 2484 14 27 3 7 0.8451 0.0776 105 149
397-0-1-0.05-50-0 0 2485 35 35 33 33 0.0354 0.0354 158 158
397-0-1-0.05-50-0 0 2485 34 19 6 2 0.7448 0.8072 168 134
397-0-1-0.05-50-0 0 2486 8 50 11 8 0.2506 0.2147 303 147
397-0-1-0.05-50-0 0 2486 22 35 4 32 0.0160 0.0354 311 158
397-0-1-0.05-50-0 0 2487 8 50 11 7 0.2506 0.2147 303 147
397-0-1-0.05-50-0 0 2487 35 35 32 32 0.0354 0.0354 158 158
397-0-1-0.05-50-0 0 2488 34 8 4 10 0.7448 0.2506 168 303
397-0-1-0.05-50-0 0 2488 35 35 34 34 0.0354 0.0354 158 158
397-0-1-0.05-50-0 0 2489 12 35 6 33 0.1896 0.0354 325 158
397-0-1-0.05-50-0 0 2489 37 3 5 3 0.8481 0.4813 127 321
397-0-1-0.05-50-0 0 2490 16 35 3 34 0.2228 0.0354 149 158
397-0-1-0.05-50-0 0 2490 42 50 1 8 0.7447 0.2147 106 147
397-0-1-0.05-50-0 0 2491 35 50 34 7 0.0354 0.2147 158 147
397-0-1-0.05-50-0 0 2491 35 35 34 34 0.0354 0.0354 158 158
397-0-1-0.05-50-0 0 2492 35 35 33 33 0.0354 0.0354 158 158
397-0-1-0.05-50-0 0 2492 35 35 32 32 0.0354 0.0354 158 158
397-0-1-0.05-50-0 0 2493 35 22 32 6 0.0354 0.0160 158 311
397-0-1-0.05-50-0 0 2493 3 35 2 32 0.4813 0.0354 321 158
397-0-1-0.05-50-0 0 2494 3 45 2 3 0.4813 0.3816 321 173
397-0-1-0.05-50-0 0 2494 17 8 4 7 0.6398 0.2506 197 303
397-0-1-0.05-50-0 0 2495 35 26 32 1 0.0354 0.8171 158 141
397-0-1-0.05-50-0 0 2495 40 12 3 10 0.9739 0.1896 104 325
397-0-1-0.05-50-0 0 2496 35 41 32 2 0.0354 0.9621 158 105
397-0-1-0.05-50-0 0 2496 25 35 1 32 0.9430 0.0354 125 158
397-0-1-0.05-50-0 0 2497 35 38 32 1 0.0354 0.6163 158 270
397-0-1-0.05-50-0 0 2497 22 13 7 3 0.0160 0.8878 311 151
397-0-1-0.05-50-0 0 2498 5 8 1 5 0.0007 0.2506 226 303
397-0-1-0.05-50-0 0 2498 45 35 3 31 0.3816 0.0354 173 158
397-0-1-0.05-50-0 0 2499 34 12 7 10 0.7448 0.1896 168 325
397-0-1-0.05-50-0 0 2499 35 45 31 3 0.0354 0.3816 158 173
397-0-1-0.05-50-0 0 2500 39 34 2 8 0.2187 0.7448 309 168
397-0-1-0.05-50-0 0 2500 50 16 9 3 0.2147 0.2228 147 149
