398-0-1-0.05-50-0 0 2302 2 49 6 4 0.8198 0.1842 167 136
398-0-1-0.05-50-0 0 2302 24 15 32 8 0.1940 0.7918 254 149
398-0-1-0.05-50-0 0 2303 24 34 33 2 0.1940 0.7448 254 168
398-0-1-0.05-50-0 0 2303 13 2 1 5 0.8878 0.8198 151 167
398-0-1-0.05-50-0 0 2304 48 23 6 4 0.1153 0.1698 334 476
398-0-1-0.05-50-0 0 2304 21 35 2 14 0.4184 0.0354 158 158
398-0-1-0.05-50-0 0 2305 23 4 3 5 0.1698 0.0723 476 351
398-0-1-0.05-50-0 0 2305 24 38 37 10 0.1940 0.6163 254 270
398-0-1-0.05-50-0 0 2306 24 24 38 38 0.1940 0.1940 254 254
398-0-1-0.05-50-0 0 2306 4 16 3 22 0.0723 0.2228 351 149
398-0-1-0.05-50-0 0 2307 48 24 7 37 0.1153 0.1940 334 254
398-0-1-0.05-50-0 0 2307 38 24 8 36 0.6163 0.1940 270 254
398-0-1-0.05-50-0 0 2308 42 35 2 12 0.7447 0.0354 106 158
398-0-1-0.05-50-0 0 2308 13 23 1 2 0.8878 0.1698 151 476
398-0-1-0.05-50-0 0 2309 24 35 41 11 0.1940 0.0354 254 158
398-0-1-0.05-50-0 0 2309 27 24 2 41 0.0776 0.1940 149 254
398-0-1-0.05-50-0 0 2310 15 35 4 10 0.7918 0.0354 149 158
398-0-1-0.05-50-0 0 2310 24 38 40 7 0.1940 0.6163 254 270
398-0-1-0.05-50-0 0 2311 38 48 5 10 0.6163 0.1153 270 334
398-0-1-0.05-50-0 0 2311 35 35 10 10 0.0354 0.0354 158 158
398-0-1-0.05-50-0 0 2312 16 47 22 1 0.2228 0.9293 149 103
398-0-1-0.05-50-0 0 2312 24 16 45 22 0.1940 0.2228 254 149
398-0-1-0.05-50-0 0 2313 43 16 2 20 0.8316 0.2228 123 149
398-0-1-0.05-50-0 0 2313 35 43 11 2 0.0354 0.8316 158 123
398-0-1-0.05-50-0 0 2314 44 35 4 12 0.7034 0.0354 118 158
398-0-1-0.05-50-0 0 2314 26 29 2 1 0.8171 0.6728 141 177
398-0-1-0.05-50-0 0 2315 4 35 3 10 0.0723 0.0354 351 158
398-0-1-0.05-50-0 0 2315 23 41 2 3 0.1698 0.9621 476 105
398-0-1-0.05-50-0 0 2316 24 24 49 49 0.1940 0.1940 254 254
398-0-1-0.05-50-0 0 2316 48 16 10 22 0.1153 0.2228 334 149
398-0-1-0.05-50-0 0 2317 38 24 3 49 0.6163 0.1940 270 254
398-0-1-0.05-50-0 0 2317 24 24 48 48 0.1940 0.1940 254 254
398-0-1-0.05-50-0 0 2318 31 15 4 7 0.5626 0.7918 252 149
398-0-1-0.05-50-0 0 2318 32 24 3 47 0.6514 0.1940 215 254
398-0-1-0.05-50-0 0 2319 44 35 4 9 0.7034 0.0354 118 158
398-0-1-0.05-50-0 0 2319 32 24 3 45 0.6514 0.1940 215 254
398-0-1-0.05-50-0 0 2320 16 46 26 2 0.2228 0.3451 149 327
398-0-1-0.05-50-0 0 2320 16 24 26 43 0.2228 0.1940 149 254
398-0-1-0.05-50-0 0 2321 24 24 41 41 0.1940 0.1940 254 254
398-0-1-0.05-50-0 0 2321 24 48 40 11 0.1940 0.1153 254 334
398-0-1-0.05-50-0 0 2322 16 24 26 42 0.2228 0.1940 149 254
398-0-1-0.05-50-0 0 2322 16 24 26 41 0.2228 0.1940 149 254
398-0-1-0.05-50-0 0 2323 16 41 24 1 0.2228 0.9621 149 105
398-0-1-0.05-50-0 0 2323 26 27 3 3 0.8171 0.0776 141 149
398-0-1-0.05-50-0 0 2324 31 16 4 24 0.5626 0.2228 252 149
398-0-1-0.05-50-0 0 2324 24 16 38 23 0.1940 0.2228 254 149
398-0-1-0.05-50-0 0 2325 27 24 2 39 0.0776 0.1940 149 254
398-0-1-0.05-50-0 0 2325 30 24 1 38 0.6008 0.1940 266 254
398-0-1-0.05-50-0 0 2326 32 16 1 22 0.6514 0.2228 215 149
398-0-1-0.05-50-0 0 2326 15 16 7 21 0.7918 0.2228 149 149
398-0-1-0.05-50-0 0 2327 44 16 5 20 0.7034 0.2228 118 149
398-0-1-0.05-50-0 0 2327 35 16 12 19 0.0354 0.2228 158 149
398-0-1-0.05-50-0 0 2328 21 35 2 11 0.4184 0.0354 158 158
398-0-1-0.05-50-0 0 2328 38 16 6 18 0.6163 0.2228 270 149
398-0-1-0.05-50-0 0 2328 24 38 37 6 0.1940 0.6163 254 270
398-0-1-0.05-50-0 0 2329 44 24 7 36 0.7034 0.1940 118 254
398-0-1-0.05-50-0 0 2329 2 24 1 35 0.8198 0.1940 167 254
398-0-1-0.05-50-0 0 2330 24 24 35 35 0.1940 0.1940 254 254
398-0-1-0.05-50-0 0 2330 16 24 18 34 0.2228 0.1940 149 254
398-0-1-0.05-50-0 0 2331 48 23 13 2 0.1153 0.1698 334 476
398-0-1-0.05-50-0 0 2331 3 4 1 3 0.4813 0.0723 321 351
398-0-1-0.05-50-0 0 2332 35 3 10 1 0.0354 0.4813 158 321
398-0-1-0.05-50-0 0 2332 11 24 5 33 0.0504 0.1940 384 254
398-0-1-0.05-50-0 0 2333 34 46 1 2 0.7448 0.3451 168 327
398-0-1-0.05-50-0 0 2333 44 24 8 32 0.7034 0.1940 118 254
398-0-1-0.05-50-0 0 2334 35 24 10 30 0.0354 0.1940 158 254
398-0-1-0.05-50-0 0 2334 31 16 4 19 0.5626 0.2228 252 149
398-0-1-0.05-50-0 0 2335 21 35 1 10 0.4184 0.0354 158 158
398-0-1-0.05-50-0 0 2335 44 48 8 14 0.7034 0.1153 118 334
398-0-1-0.05-50-0 0 2336 38 24 5 31 0.6163 0.1940 270 254
398-0-1-0.05-50-0 0 2336 15 44 6 7 0.7918 0.7034 149 118
398-0-1-0.05-50-0 0 2337 16 11 17 6 0.2228 0.0504 149 384
398-0-1-0.05-50-0 0 2337 38 15 5 7 0.6163 0.7918 270 149
398-0-1-0.05-50-0 0 2338 23 16 1 17 0.1698 0.2228 476 149
398-0-1-0.05-50-0 0 2338 48 16 12 16 0.1153 0.2228 334 149
398-0-1-0.05-50-0 0 2339 24 16 34 16 0.1940 0.2228 254 149
398-0-1-0.05-50-0 0 2339 35 23 9 1 0.0354 0.1698 158 476
398-0-1-0.05-50-0 0 2340 34 35 1 9 0.7448 0.0354 168 158
398-0-1-0.05-50-0 0 2340 44 24 8 34 0.7034 0.1940 118 254
398-0-1-0.05-50-0 0 2341 24 4 34 2 0.1940 0.0723 254 351
398-0-1-0.05-50-0 0 2341 35 35 9 9 0.0354 0.0354 158 158
398-0-1-0.05-50-0 0 2342 49 44 2 5 0.1842 0.7034 136 118
398-0-1-0.05-50-0 0 2342 31 27 6 7 0.5626 0.0776 252 149
398-0-1-0.05-50-0 0 2343 16 38 16 3 0.2228 0.6163 149 270
398-0-1-0.05-50-0 0 2343 47 44 1 3 0.9293 0.7034 103 118
398-0-1-0.05-50-0 0 2344 33 24 4 31 0.6893 0.1940 191 254
398-0-1-0.05-50-0 0 2344 25 11 1 6 0.9430 0.0504 125 384
398-0-1-0.05-50-0 0 2345 26 24 7 30 0.8171 0.1940 141 254
398-0-1-0.05-50-0 0 2345 24 27 29 6 0.1940 0.0776 254 149
398-0-1-0.05-50-0 0 2346 35 31 7 5 0.0354 0.5626 158 252
398-0-1-0.05-50-0 0 2346 24 25 32 1 0.1940 0.9430 254 125
398-0-1-0.05-50-0 0 2347 24 24 32 32 0.1940 0.1940 254 254
398-0-1-0.05-50-0 0 2347 16 32 16 5 0.2228 0.6514 149 215
398-0-1-0.05-50-0 0 2348 35 45 7 4 0.0354 0.3816 158 173
398-0-1-0.05-50-0 0 2348 27 29 7 2 0.0776 0.6728 149 177
398-0-1-0.05-50-0 0 2349 35 35 8 8 0.0354 0.0354 158 158
398-0-1-0.05-50-0 0 2349 15 15 10 10 0.7918 0.7918 149 149
398-0-1-0.05-50-0 0 2350 35 15 7 9 0.0354 0.7918 158 149
398-0-1-0.05-50-0 0 2350 45 15 3 8 0.3816 0.7918 173 149
398-0-1-0.05-50-0 0 2351 26 24 5 34 0.8171 0.1940 141 254
398-0-1-0.05-50-0 0 2351 48 24 9 33 0.1153 0.1940 334 254
398-0-1-0.05-50-0 0 2352 32 24 3 31 0.6514 0.1940 215 254
398-0-1-0.05-50-0 0 2352 24 33 30 5 0.1940 0.6893 254 191
398-0-1-0.05-50-0 0 2353 24 15 29 7 0.1940 0.7918 254 149
398-0-1-0.05-50-0 0 2353 33 24 4 29 0.6893 0.1940 191 254
398-0-1-0.05-50-0 0 2354 24 48 29 9 0.1940 0.1153 254 334
398-0-1-0.05-50-0 0 2354 16 16 17 17 0.2228 0.2228 149 149
398-0-1-0.05-50-0 0 2355 19 48 1 8 0.8072 0.1153 134 334
398-0-1-0.05-50-0 0 2355 45 35 4 7 0.3816 0.0354 173 158
398-0-1-0.05-50-0 0 2356 48 33 8 4 0.1153 0.6893 334 191
398-0-1-0.05-50-0 0 2356 31 15 8 6 0.5626 0.7918 252 149
398-0-1-0.05-50-0 0 2357 35 15 6 5 0.0354 0.7918 158 149
398-0-1-0.05-50-0 0 2357 15 27 4 5 0.7918 0.0776 149 149
398-0-1-0.05-50-0 0 2358 24 16 35 18 0.1940 0.2228 254 149
398-0-1-0.05-50-0 0 2358 34 16 1 17 0.7448 0.2228 168 149
398-0-1-0.05-50-0 0 2359 16 24 17 38 0.2228 0.1940 149 254
398-0-1-0.05-50-0 0 2359 27 24 3 37 0.0776 0.1940 149 254
398-0-1-0.05-50-0 0 2360 34 16 1 17 0.7448 0.2228 168 149
398-0-1-0.05-50-0 0 2360 26 24 9 37 0.8171 0.1940 141 254
398-0-1-0.05-50-0 0 2361 24 24 35 35 0.1940 0.1940 254 254
398-0-1-0.05-50-0 0 2361 4 16 3 15 0.0723 0.2228 351 149
398-0-1-0.05-50-0 0 2362 15 27 3 4 0.7918 0.0776 149 149
398-0-1-0.05-50-0 0 2362 42 48 2 8 0.7447 0.1153 106 334
398-0-1-0.05-50-0 0 2363 17 33 1 4 0.6398 0.6893 197 191
398-0-1-0.05-50-0 0 2363 31 24 8 38 0.5626 0.1940 252 254
398-0-1-0.05-50-0 0 2364 11 24 5 41 0.0504 0.1940 384 254
398-0-1-0.05-50-0 0 2364 49 24 4 40 0.1842 0.1940 136 254
398-0-1-0.05-50-0 0 2365 4 42 3 2 0.0723 0.7447 351 106
398-0-1-0.05-50-0 0 2365 16 24 17 40 0.2228 0.1940 149 254
398-0-1-0.05-50-0 0 2366 24 48 39 5 0.1940 0.1153 254 334
398-0-1-0.05-50-0 0 2366 24 31 39 7 0.1940 0.5626 254 252
398-0-1-0.05-50-0 0 2367 48 16 4 17 0.1153 0.2228 334 149
398-0-1-0.05-50-0 0 2367 45 24 5 39 0.3816 0.1940 173 254
398-0-1-0.05-50-0 0 2368 16 27 16 3 0.2228 0.0776 149 149
398-0-1-0.05-50-0 0 2368 24 24 40 40 0.1940 0.1940 254 254
398-0-1-0.05-50-0 0 2369 15 24 6 39 0.7918 0.1940 149 254
398-0-1-0.05-50-0 0 2369 24 16 38 16 0.1940 0.2228 254 149
398-0-1-0.05-50-0 0 2370 33 24 3 34 0.6893 0.1940 191 254
398-0-1-0.05-50-0 0 2370 26 45 8 4 0.8171 0.3816 141 173
398-0-1-0.05-50-0 0 2371 24 26 32 7 0.1940 0.8171 254 141
398-0-1-0.05-50-0 0 2371 5 15 4 6 0.0007 0.7918 226 149
398-0-1-0.05-50-0 0 2372 22 49 2 2 0.0160 0.1842 311 136
398-0-1-0.05-50-0 0 2372 33 24 3 31 0.6893 0.1940 191 254
398-0-1-0.05-50-0 0 2373 47 31 3 7 0.9293 0.5626 103 252
398-0-1-0.05-50-0 0 2373 26 15 7 5 0.8171 0.7918 141 149
398-0-1-0.05-50-0 0 2374 33 21 3 2 0.6893 0.4184 191 158
398-0-1-0.05-50-0 0 2374 35 24 5 32 0.0354 0.1940 158 254
398-0-1-0.05-50-0 0 2375 32 49 2 1 0.6514 0.1842 215 136
398-0-1-0.05-50-0 0 2375 5 31 4 7 0.0007 0.5626 226 252
398-0-1-0.05-50-0 0 2376 16 32 16 2 0.2228 0.6514 149 215
398-0-1-0.05-50-0 0 2376 24 24 36 36 0.1940 0.1940 254 254
398-0-1-0.05-50-0 0 2377 31 39 7 1 0.5626 0.2187 252 309
398-0-1-0.05-50-0 0 2377 16 11 14 7 0.2228 0.0504 149 384
398-0-1-0.05-50-0 0 2378 24 47 34 2 0.1940 0.9293 254 103
398-0-1-0.05-50-0 0 2378 34 24 4 34 0.7448 0.1940 168 254
398-0-1-0.05-50-0 0 2379 35 11 7 8 0.0354 0.0504 158 384
398-0-1-0.05-50-0 0 2379 26 5 7 2 0.8171 0.0007 141 226
398-0-1-0.05-50-0 0 2380 45 15 7 6 0.3816 0.7918 173 149
398-0-1-0.05-50-0 0 2380 23 32 1 3 0.1698 0.6514 476 215
398-0-1-0.05-50-0 0 2381 11 26 7 9 0.0504 0.8171 384 141
398-0-1-0.05-50-0 0 2381 26 26 8 8 0.8171 0.8171 141 141
398-0-1-0.05-50-0 0 2382 37 24 4 34 0.8481 0.1940 127 254
398-0-1-0.05-50-0 0 2382 4 31 4 7 0.0723 0.5626 351 252
398-0-1-0.05-50-0 0 2383 48 33 3 2 0.1153 0.6893 334 191
398-0-1-0.05-50-0 0 2383 24 26 35 8 0.1940 0.8171 254 141
398-0-1-0.05-50-0 0 2384 4 24 4 37 0.0723 0.1940 351 254
398-0-1-0.05-50-0 0 2384 16 48 16 3 0.2228 0.1153 149 334
398-0-1-0.05-50-0 0 2385 34 35 6 5 0.7448 0.0354 168 158
398-0-1-0.05-50-0 0 2385 24 24 36 36 0.1940 0.1940 254 254
398-0-1-0.05-50-0 0 2386 16 11 18 9 0.2228 0.0504 149 384
398-0-1-0.05-50-0 0 2386 37 26 4 7 0.8481 0.8171 127 141
398-0-1-0.05-50-0 0 2387 16 16 16 16 0.2228 0.2228 149 149
398-0-1-0.05-50-0 0 2387 11 24 8 32 0.0504 0.1940 384 254
398-0-1-0.05-50-0 0 2388 26 16 6 15 0.8171 0.2228 141 149
398-0-1-0.05-50-0 0 2388 20 16 3 14 0.9922 0.2228 102 149
398-0-1-0.05-50-0 0 2389 48 26 3 6 0.1153 0.8171 334 141
398-0-1-0.05-50-0 0 2389 24 31 33 7 0.1940 0.5626 254 252
398-0-1-0.05-50-0 0 2390 24 30 37 1 0.1940 0.6008 254 266
398-0-1-0.05-50-0 0 2390 22 24 2 37 0.0160 0.1940 311 254
398-0-1-0.05-50-0 0 2391 22 27 2 3 0.0160 0.0776 311 149
398-0-1-0.05-50-0 0 2391 24 26 38 5 0.1940 0.8171 254 141
398-0-1-0.05-50-0 0 2392 24 24 39 39 0.1940 0.1940 254 254
398-0-1-0.05-50-0 0 2392 20 31 3 5 0.9922 0.5626 102 252
398-0-1-0.05-50-0 0 2393 17 16 1 11 0.6398 0.2228 197 149
398-0-1-0.05-50-0 0 2393 34 38 7 3 0.7448 0.6163 168 270
398-0-1-0.05-50-0 0 2394 24 34 41 7 0.1940 0.7448 254 168
398-0-1-0.05-50-0 0 2394 22 34 3 6 0.0160 0.7448 311 168
398-0-1-0.05-50-0 0 2395 34 24 4 45 0.7448 0.1940 168 254
398-0-1-0.05-50-0 0 2395 24 26 44 4 0.1940 0.8171 254 141
398-0-1-0.05-50-0 0 2396 11 16 9 11 0.0504 0.2228 384 149
398-0-1-0.05-50-0 0 2396 16 47 10 3 0.2228 0.9293 149 103
398-0-1-0.05-50-0 0 2397 46 22 1 4 0.3451 0.0160 327 311
398-0-1-0.05-50-0 0 2397 20 24 3 44 0.9922 0.1940 102 254
398-0-1-0.05-50-0 0 2398 10 16 1 9 0.2533 0.2228 449 149
398-0-1-0.05-50-0 0 2398 24 45 44 5 0.1940 0.3816 254 173
398-0-1-0.05-50-0 0 2399 3 24 1 45 0.4813 0.1940 321 254
398-0-1-0.05-50-0 0 2399 24 31 44 5 0.1940 0.5626 254 252
398-0-1-0.05-50-0 0 2400 35 15 2 4 0.0354 0.7918 158 149
398-0-1-0.05-50-0 0 2400 31 24 4 45 0.5626 0.1940 252 254
398-0-1-0.05-50-0 0 2401 24 24 43 43 0.1940 0.1940 254 254
398-0-1-0.05-50-0 0 2401 26 24 3 42 0.8171 0.1940 141 254
398-0-1-0.05-50-0 0 2402 38 24 2 44 0.6163 0.1940 270 254
398-0-1-0.05-50-0 0 2402 24 34 43 7 0.1940 0.7448 254 168
398-0-1-0.05-50-0 0 2403 4 21 9 1 0.0723 0.4184 351 158
398-0-1-0.05-50-0 0 2403 15 16 3 7 0.7918 0.2228 149 149
398-0-1-0.05-50-0 0 2404 31 16 4 6 0.5626 0.2228 252 149
398-0-1-0.05-50-0 0 2404 4 24 9 46 0.0723 0.1940 351 254
398-0-1-0.05-50-0 0 2405 32 41 2 2 0.6514 0.9621 215 105
398-0-1-0.05-50-0 0 2405 24 11 45 6 0.1940 0.0504 254 384
398-0-1-0.05-50-0 0 2406 45 11 5 5 0.3816 0.0504 173 384
398-0-1-0.05-50-0 0 2406 35 31 3 4 0.0354 0.5626 158 252
398-0-1-0.05-50-0 0 2407 49 24 1 44 0.1842 0.1940 136 254
398-0-1-0.05-50-0 0 2407 45 34 4 6 0.3816 0.7448 173 168
398-0-1-0.05-50-0 0 2408 15 20 5 4 0.7918 0.9922 149 102
398-0-1-0.05-50-0 0 2408 24 24 46 46 0.1940 0.1940 254 254
398-0-1-0.05-50-0 0 2409 24 24 47 47 0.1940 0.1940 254 254
398-0-1-0.05-50-0 0 2409 47 24 2 46 0.9293 0.1940 103 254
398-0-1-0.05-50-0 0 2410 24 48 43 2 0.1940 0.1153 254 334
398-0-1-0.05-50-0 0 2410 32 32 2 2 0.6514 0.6514 215 215
398-0-1-0.05-50-0 0 2411 6 24 1 45 0.4266 0.1940 249 254
398-0-1-0.05-50-0 0 2411 23 4 3 12 0.1698 0.0723 476 351
398-0-1-0.05-50-0 0 2412 18 4 3 13 0.2181 0.0723 226 351
398-0-1-0.05-50-0 0 2412 24 22 43 3 0.1940 0.0160 254 311
398-0-1-0.05-50-0 0 2413 4 15 13 4 0.0723 0.7918 351 149
398-0-1-0.05-50-0 0 2413 20 24 3 48 0.9922 0.1940 102 254
398-0-1-0.05-50-0 0 2414 15 24 3 49 0.7918 0.1940 149 254
398-0-1-0.05-50-0 0 2414 24 16 48 7 0.1940 0.2228 254 149
398-0-1-0.05-50-0 0 2415 6 16 1 7 0.4266 0.2228 249 149
398-0-1-0.05-50-0 0 2415 4 16 15 6 0.0723 0.2228 351 149
398-0-1-0.05-50-0 0 2416 24 26 43 5 0.1940 0.8171 254 141
398-0-1-0.05-50-0 0 2416 27 1 5 1 0.0776 0.2520 149 409
398-0-1-0.05-50-0 0 2417 24 4 45 15 0.1940 0.0723 254 351
398-0-1-0.05-50-0 0 2417 24 11 45 11 0.1940 0.0504 254 384
398-0-1-0.05-50-0 0 2418 47 14 2 1 0.9293 0.8451 103 105
398-0-1-0.05-50-0 0 2418 24 24 45 45 0.1940 0.1940 254 254
398-0-1-0.05-50-0 0 2419 24 11 45 9 0.1940 0.0504 254 384
398-0-1-0.05-50-0 0 2419 27 41 5 3 0.0776 0.9621 149 105
398-0-1-0.05-50-0 0 2420 27 24 6 49 0.0776 0.1940 149 254
398-0-1-0.05-50-0 0 2420 24 42 48 1 0.1940 0.7447 254 106
398-0-1-0.05-50-0 0 2421 4 9 13 6 0.0723 0.6134 351 161
398-0-1-0.05-50-0 0 2421 24 24 45 45 0.1940 0.1940 254 254
398-0-1-0.05-50-0 0 2422 27 24 5 43 0.0776 0.1940 149 254
398-0-1-0.05-50-0 0 2422 23 12 4 4 0.1698 0.1896 476 325
398-0-1-0.05-50-0 0 2423 2 24 4 43 0.8198 0.1940 167 254
398-0-1-0.05-50-0 0 2423 24 37 42 2 0.1940 0.8481 254 127
398-0-1-0.05-50-0 0 2424 16 2 4 4 0.2228 0.8198 149 167
398-0-1-0.05-50-0 0 2424 23 24 5 45 0.1698 0.1940 476 254
398-0-1-0.05-50-0 0 2425 16 4 4 14 0.2228 0.0723 149 351
398-0-1-0.05-50-0 0 2425 15 24 2 44 0.7918 0.1940 149 254
398-0-1-0.05-50-0 0 2426 24 4 43 13 0.1940 0.0723 254 351
398-0-1-0.05-50-0 0 2426 24 29 43 1 0.1940 0.6728 254 177
398-0-1-0.05-50-0 0 2427 23 9 6 5 0.1698 0.6134 476 161
398-0-1-0.05-50-0 0 2427 24 24 42 42 0.1940 0.1940 254 254
398-0-1-0.05-50-0 0 2428 9 16 5 2 0.6134 0.2228 161 149
398-0-1-0.05-50-0 0 2428 4 10 10 1 0.0723 0.2533 351 449
398-0-1-0.05-50-0 0 2429 24 24 42 42 0.1940 0.1940 254 254
398-0-1-0.05-50-0 0 2429 20 11 6 7 0.9922 0.0504 102 384
398-0-1-0.05-50-0 0 2430 24 4 42 10 0.1940 0.0723 254 351
398-0-1-0.05-50-0 0 2430 23 12 5 4 0.1698 0.1896 476 325
398-0-1-0.05-50-0 0 2431 9 27 4 5 0.6134 0.0776 161 149
398-0-1-0.05-50-0 0 2431 11 24 6 42 0.0504 0.1940 384 254
398-0-1-0.05-50-0 0 2432 24 40 39 1 0.1940 0.9739 254 104
398-0-1-0.05-50-0 0 2432 15 27 2 4 0.7918 0.0776 149 149
398-0-1-0.05-50-0 0 2433 4 24 10 35 0.0723 0.1940 351 254
398-0-1-0.05-50-0 0 2433 11 4 8 10 0.0504 0.0723 384 351
398-0-1-0.05-50-0 0 2434 47 24 3 34 0.9293 0.1940 103 254
398-0-1-0.05-50-0 0 2434 24 44 33 3 0.1940 0.7034 254 118
398-0-1-0.05-50-0 0 2435 4 12 10 4 0.0723 0.1896 351 325
398-0-1-0.05-50-0 0 2435 20 26 7 8 0.9922 0.8171 102 141
398-0-1-0.05-50-0 0 2436 9 24 3 30 0.6134 0.1940 161 254
398-0-1-0.05-50-0 0 2436 24 22 29 3 0.1940 0.0160 254 311
398-0-1-0.05-50-0 0 2437 26 4 6 10 0.8171 0.0723 141 351
398-0-1-0.05-50-0 0 2437 15 20 3 7 0.7918 0.9922 149 102
398-0-1-0.05-50-0 0 2438 11 15 8 3 0.0504 0.7918 384 149
398-0-1-0.05-50-0 0 2438 4 24 9 30 0.0723 0.1940 351 254
398-0-1-0.05-50-0 0 2439 7 24 1 29 0.9267 0.1940 106 254
398-0-1-0.05-50-0 0 2440 26 24 7 26 0.8171 0.1940 141 254
398-0-1-0.05-50-0 0 2441 15 20 2 6 0.7918 0.9922 149 102
398-0-1-0.05-50-0 0 2442 20 26 5 8 0.9922 0.8171 102 141
398-0-1-0.05-50-0 0 2442 23 9 5 3 0.1698 0.6134 476 161
398-0-1-0.05-50-0 0 2443 24 27 25 4 0.1940 0.0776 254 149
398-0-1-0.05-50-0 0 2443 4 12 11 4 0.0723 0.1896 351 325
398-0-1-0.05-50-0 0 2444 27 27 3 3 0.0776 0.0776 149 149
398-0-1-0.05-50-0 0 2444 7 24 1 27 0.9267 0.1940 106 254
398-0-1-0.05-50-0 0 2445 22 23 2 6 0.0160 0.1698 311 476
398-0-1-0.05-50-0 0 2445 8 15 2 2 0.2506 0.7918 303 149
398-0-1-0.05-50-0 0 2446 4 8 9 2 0.0723 0.2506 351 303
398-0-1-0.05-50-0 0 2446 4 26 9 8 0.0723 0.8171 351 141
398-0-1-0.05-50-0 0 2447 11 24 12 27 0.0504 0.1940 384 254
398-0-1-0.05-50-0 0 2447 24 4 26 10 0.1940 0.0723 254 351
398-0-1-0.05-50-0 0 2448 26 20 6 5 0.8171 0.9922 141 102
398-0-1-0.05-50-0 0 2449 26 50 6 3 0.8171 0.2147 141 147
398-0-1-0.05-50-0 0 2449 24 26 30 6 0.1940 0.8171 254 141
398-0-1-0.05-50-0 0 2450 26 24 5 31 0.8171 0.1940 141 254
398-0-1-0.05-50-0 0 2450 23 38 5 4 0.1698 0.6163 476 270
398-0-1-0.05-50-0 0 2451 24 24 29 29 0.1940 0.1940 254 254
398-0-1-0.05-50-0 0 2451 24 24 28 28 0.1940 0.1940 254 254
398-0-1-0.05-50-0 0 2452 9 12 2 5 0.6134 0.1896 161 325
398-0-1-0.05-50-0 0 2452 11 11 14 14 0.0504 0.0504 384 384
398-0-1-0.05-50-0 0 2453 24 31 24 4 0.1940 0.5626 254 252
398-0-1-0.05-50-0 0 2453 47 49 4 1 0.9293 0.1842 103 136
398-0-1-0.05-50-0 0 2454 42 11 2 12 0.7447 0.0504 106 384
398-0-1-0.05-50-0 0 2454 26 12 7 3 0.8171 0.1896 141 325
398-0-1-0.05-50-0 0 2455 4 4 10 10 0.0723 0.0723 351 351
398-0-1-0.05-50-0 0 2455 42 32 3 2 0.7447 0.6514 106 215
398-0-1-0.05-50-0 0 2456 15 38 1 3 0.7918 0.6163 149 270
398-0-1-0.05-50-0 0 2456 24 11 25 13 0.1940 0.0504 254 384
398-0-1-0.05-50-0 0 2457 39 19 3 1 0.2187 0.8072 309 134
398-0-1-0.05-50-0 0 2457 11 24 13 25 0.0504 0.1940 384 254
398-0-1-0.05-50-0 0 2458 24 42 24 3 0.1940 0.7447 254 106
398-0-1-0.05-50-0 0 2458 26 11 7 13 0.8171 0.0504 141 384
398-0-1-0.05-50-0 0 2459 24 4 24 10 0.1940 0.0723 254 351
398-0-1-0.05-50-0 0 2459 6 11 4 12 0.4266 0.0504 249 384
398-0-1-0.05-50-0 0 2460 26 33 7 6 0.8171 0.6893 141 191
398-0-1-0.05-50-0 0 2460 4 24 10 23 0.0723 0.1940 351 254
398-0-1-0.05-50-0 0 2461 1 22 2 3 0.2520 0.0160 409 311
398-0-1-0.05-50-0 0 2461 47 47 4 4 0.9293 0.9293 103 103
398-0-1-0.05-50-0 0 2462 26 42 7 4 0.8171 0.7447 141 106
398-0-1-0.05-50-0 0 2462 34 4 1 12 0.7448 0.0723 168 351
398-0-1-0.05-50-0 0 2463 24 4 25 11 0.1940 0.0723 254 351
398-0-1-0.05-50-0 0 2463 24 4 25 10 0.1940 0.0723 254 351
398-0-1-0.05-50-0 0 2464 24 42 25 5 0.1940 0.7447 254 106
398-0-1-0.05-50-0 0 2464 42 24 4 25 0.7447 0.1940 106 254
398-0-1-0.05-50-0 0 2465 11 11 9 9 0.0504 0.0504 384 384
398-0-1-0.05-50-0 0 2465 3 24 1 25 0.4813 0.1940 321 254
398-0-1-0.05-50-0 0 2466 4 46 9 1 0.0723 0.3451 351 327
398-0-1-0.05-50-0 0 2466 23 26 7 8 0.1698 0.8171 476 141
398-0-1-0.05-50-0 0 2467 1 33 3 3 0.2520 0.6893 409 191
398-0-1-0.05-50-0 0 2467 16 4 6 9 0.2228 0.0723 149 351
398-0-1-0.05-50-0 0 2468 24 7 22 2 0.1940 0.9267 254 106
398-0-1-0.05-50-0 0 2468 32 24 2 22 0.6514 0.1940 215 254
398-0-1-0.05-50-0 0 2469 16 38 7 3 0.2228 0.6163 149 270
398-0-1-0.05-50-0 0 2469 23 42 5 4 0.1698 0.7447 476 106
398-0-1-0.05-50-0 0 2470 9 4 4 8 0.6134 0.0723 161 351
398-0-1-0.05-50-0 0 2470 3 20 1 7 0.4813 0.9922 321 102
398-0-1-0.05-50-0 0 2471 16 16 8 8 0.2228 0.2228 149 149
398-0-1-0.05-50-0 0 2471 22 31 1 3 0.0160 0.5626 311 252
398-0-1-0.05-50-0 0 2472 24 11 22 8 0.1940 0.0504 254 384
398-0-1-0.05-50-0 0 2472 4 26 7 9 0.0723 0.8171 351 141
398-0-1-0.05-50-0 0 2473 24 4 22 7 0.1940 0.0723 254 351
398-0-1-0.05-50-0 0 2473 29 11 3 8 0.6728 0.0504 177 384
398-0-1-0.05-50-0 0 2474 1 24 2 23 0.2520 0.1940 409 254
398-0-1-0.05-50-0 0 2474 1 26 2 8 0.2520 0.8171 409 141
398-0-1-0.05-50-0 0 2475 23 17 6 4 0.1698 0.6398 476 197
398-0-1-0.05-50-0 0 2475 20 20 8 8 0.9922 0.9922 102 102
398-0-1-0.05-50-0 0 2476 23 29 7 5 0.1698 0.6728 476 177
398-0-1-0.05-50-0 0 2476 39 24 3 23 0.2187 0.1940 309 254
398-0-1-0.05-50-0 0 2477 1 23 2 7 0.2520 0.1698 409 476
398-0-1-0.05-50-0 0 2477 27 17 7 3 0.0776 0.6398 149 197
398-0-1-0.05-50-0 0 2478 22 32 2 4 0.0160 0.6514 311 215
398-0-1-0.05-50-0 0 2478 48 9 1 4 0.1153 0.6134 334 161
398-0-1-0.05-50-0 0 2479 1 33 2 3 0.2520 0.6893 409 191
398-0-1-0.05-50-0 0 2479 24 24 22 22 0.1940 0.1940 254 254
398-0-1-0.05-50-0 0 2480 24 11 20 8 0.1940 0.0504 254 384
398-0-1-0.05-50-0 0 2480 21 3 3 2 0.4184 0.4813 158 321
398-0-1-0.05-50-0 0 2481 23 31 7 3 0.1698 0.5626 476 252
398-0-1-0.05-50-0 0 2481 6 47 3 1 0.4266 0.9293 249 103
398-0-1-0.05-50-0 0 2482 39 42 3 2 0.2187 0.7447 309 106
398-0-1-0.05-50-0 0 2482 33 24 2 21 0.6893 0.1940 191 254
398-0-1-0.05-50-0 0 2483 23 4 8 4 0.1698 0.0723 476 351
398-0-1-0.05-50-0 0 2483 1 27 2 10 0.2520 0.0776 409 149
398-0-1-0.05-50-0 0 2484 24 27 22 8 0.1940 0.0776 254 149
398-0-1-0.05-50-0 0 2484 23 6 8 2 0.1698 0.4266 476 249
398-0-1-0.05-50-0 0 2485 17 26 3 10 0.6398 0.8171 197 141
398-0-1-0.05-50-0 0 2485 27 24 7 22 0.0776 0.1940 149 254
398-0-1-0.05-50-0 0 2486 24 32 21 4 0.1940 0.6514 254 215
398-0-1-0.05-50-0 0 2486 20 27 6 8 0.9922 0.0776 102 149
398-0-1-0.05-50-0 0 2487 23 5 7 2 0.1698 0.0007 476 226
398-0-1-0.05-50-0 0 2487 24 27 21 6 0.1940 0.0776 254 149
398-0-1-0.05-50-0 0 2488 27 33 6 3 0.0776 0.6893 149 191
398-0-1-0.05-50-0 0 2488 38 27 6 6 0.6163 0.0776 270 149
398-0-1-0.05-50-0 0 2489 26 11 7 5 0.8171 0.0504 141 384
398-0-1-0.05-50-0 0 2489 23 38 7 7 0.1698 0.6163 476 270
398-0-1-0.05-50-0 0 2490 38 17 7 4 0.6163 0.6398 270 197
398-0-1-0.05-50-0 0 2490 9 32 8 4 0.6134 0.6514 161 215
398-0-1-0.05-50-0 0 2491 42 32 2 3 0.7447 0.6514 106 215
398-0-1-0.05-50-0 0 2491 20 26 6 8 0.9922 0.8171 102 141
398-0-1-0.05-50-0 0 2492 4 39 3 2 0.0723 0.2187 351 309
398-0-1-0.05-50-0 0 2492 10 27 2 6 0.2533 0.0776 449 149
398-0-1-0.05-50-0 0 2493 27 26 6 7 0.0776 0.8171 149 141
398-0-1-0.05-50-0 0 2493 24 22 17 4 0.1940 0.0160 254 311
398-0-1-0.05-50-0 0 2494 48 4 3 4 0.1153 0.0723 334 351
398-0-1-0.05-50-0 0 2494 23 17 4 2 0.1698 0.6398 476 197
398-0-1-0.05-50-0 0 2495 24 22 17 3 0.1940 0.0160 254 311
398-0-1-0.05-50-0 0 2496 32 24 1 19 0.6514 0.1940 215 254
398-0-1-0.05-50-0 0 2497 30 10 3 2 0.6008 0.2533 266 449
398-0-1-0.05-50-0 0 2497 29 16 3 6 0.6728 0.2228 177 149
398-0-1-0.05-50-0 0 2498 21 24 2 21 0.4184 0.1940 158 254
398-0-1-0.05-50-0 0 2498 20 24 7 20 0.9922 0.1940 102 254
398-0-1-0.05-50-0 0 2499 23 42 5 2 0.1698 0.7447 476 106
398-0-1-0.05-50-0 0 2499 38 32 6 2 0.6163 0.6514 270 215
398-0-1-0.05-50-0 0 2500 24 18 20 1 0.1940 0.2181 254 226
398-0-1-0.05-50-0 0 2500 24 9 20 11 0.1940 0.6134 254 161
