4-0-1-0.05-50-0 0 2302 47 48 3 12 0.9293 0.1153 103 334
4-0-1-0.05-50-0 0 2302 40 32 9 9 0.9739 0.6514 104 215
4-0-1-0.05-50-0 0 2303 22 45 21 2 0.0160 0.3816 311 173
4-0-1-0.05-50-0 0 2303 11 40 1 8 0.0504 0.9739 384 104
4-0-1-0.05-50-0 0 2304 9 32 4 7 0.6134 0.6514 161 215
4-0-1-0.05-50-0 0 2304 8 22 2 22 0.2506 0.0160 303 311
4-0-1-0.05-50-0 0 2305 22 45 19 1 0.0160 0.3816 311 173
4-0-1-0.05-50-0 0 2305 40 1 7 4 0.9739 0.2520 104 409
4-0-1-0.05-50-0 0 2306 50 22 14 18 0.2147 0.0160 147 311
4-0-1-0.05-50-0 0 2306 48 3 7 5 0.1153 0.4813 334 321
4-0-1-0.05-50-0 0 2307 9 40 5 6 0.6134 0.9739 161 104
4-0-1-0.05-50-0 0 2307 48 40 7 5 0.1153 0.9739 334 104
4-0-1-0.05-50-0 0 2308 37 44 1 4 0.8481 0.7034 127 118
4-0-1-0.05-50-0 0 2308 17 22 3 20 0.6398 0.0160 197 311
4-0-1-0.05-50-0 0 2309 22 43 19 1 0.0160 0.8316 311 123
4-0-1-0.05-50-0 0 2309 14 22 6 19 0.8451 0.0160 105 311
4-0-1-0.05-50-0 0 2310 1 13 5 10 0.2520 0.8878 409 151
4-0-1-0.05-50-0 0 2310 28 13 2 9 0.3846 0.8878 311 151
4-0-1-0.05-50-0 0 2311 44 44 4 4 0.7034 0.7034 118 118
4-0-1-0.05-50-0 0 2311 1 13 4 8 0.2520 0.8878 409 151
4-0-1-0.05-50-0 0 2311 22 48 15 8 0.0160 0.1153 311 334
4-0-1-0.05-50-0 0 2312 50 20 17 4 0.2147 0.9922 147 102
4-0-1-0.05-50-0 0 2312 4 31 3 6 0.0723 0.5626 351 252
4-0-1-0.05-50-0 0 2313 22 6 14 1 0.0160 0.4266 311 249
4-0-1-0.05-50-0 0 2313 14 9 6 5 0.8451 0.6134 105 161
4-0-1-0.05-50-0 0 2314 25 20 5 4 0.9430 0.9922 125 102
4-0-1-0.05-50-0 0 2314 44 22 3 14 0.7034 0.0160 118 311
4-0-1-0.05-50-0 0 2315 44 9 3 5 0.7034 0.6134 118 161
4-0-1-0.05-50-0 0 2315 50 48 18 4 0.2147 0.1153 147 334
4-0-1-0.05-50-0 0 2316 8 25 4 6 0.2506 0.9430 303 125
4-0-1-0.05-50-0 0 2316 8 50 4 19 0.2506 0.2147 303 147
4-0-1-0.05-50-0 0 2317 50 50 18 18 0.2147 0.2147 147 147
4-0-1-0.05-50-0 0 2317 25 47 5 4 0.9430 0.9293 125 103
4-0-1-0.05-50-0 0 2318 31 28 5 2 0.5626 0.3846 252 311
4-0-1-0.05-50-0 0 2318 22 16 13 4 0.0160 0.2228 311 149
4-0-1-0.05-50-0 0 2319 25 15 5 6 0.9430 0.7918 125 149
4-0-1-0.05-50-0 0 2319 17 22 4 13 0.6398 0.0160 197 311
4-0-1-0.05-50-0 0 2320 3 40 5 5 0.4813 0.9739 321 104
4-0-1-0.05-50-0 0 2320 38 50 1 17 0.6163 0.2147 270 147
4-0-1-0.05-50-0 0 2321 50 32 16 9 0.2147 0.6514 147 215
4-0-1-0.05-50-0 0 2321 22 25 14 4 0.0160 0.9430 311 125
4-0-1-0.05-50-0 0 2322 22 38 14 1 0.0160 0.6163 311 270
4-0-1-0.05-50-0 0 2322 5 14 11 5 0.0007 0.8451 226 105
4-0-1-0.05-50-0 0 2323 14 50 4 17 0.8451 0.2147 105 147
4-0-1-0.05-50-0 0 2323 26 1 4 2 0.8171 0.2520 141 409
4-0-1-0.05-50-0 0 2324 50 23 18 2 0.2147 0.1698 147 476
4-0-1-0.05-50-0 0 2324 32 31 8 6 0.6514 0.5626 215 252
4-0-1-0.05-50-0 0 2325 22 40 16 4 0.0160 0.9739 311 104
4-0-1-0.05-50-0 0 2325 8 15 6 3 0.2506 0.7918 303 149
4-0-1-0.05-50-0 0 2326 20 26 1 4 0.9922 0.8171 102 141
4-0-1-0.05-50-0 0 2326 1 47 1 5 0.2520 0.9293 409 103
4-0-1-0.05-50-0 0 2327 50 50 16 16 0.2147 0.2147 147 147
4-0-1-0.05-50-0 0 2327 8 50 6 15 0.2506 0.2147 303 147
4-0-1-0.05-50-0 0 2328 5 3 12 6 0.0007 0.4813 226 321
4-0-1-0.05-50-0 0 2328 3 32 5 9 0.4813 0.6514 321 215
4-0-1-0.05-50-0 0 2329 5 50 11 16 0.0007 0.2147 226 147
4-0-1-0.05-50-0 0 2329 9 20 8 1 0.6134 0.9922 161 102
4-0-1-0.05-50-0 0 2330 50 16 16 5 0.2147 0.2228 147 149
4-0-1-0.05-50-0 0 2330 9 13 8 5 0.6134 0.8878 161 151
4-0-1-0.05-50-0 0 2331 50 40 18 3 0.2147 0.9739 147 104
4-0-1-0.05-50-0 0 2331 13 37 4 1 0.8878 0.8481 151 127
4-0-1-0.05-50-0 0 2332 48 17 6 3 0.1153 0.6398 334 197
4-0-1-0.05-50-0 0 2332 8 8 5 5 0.2506 0.2506 303 303
4-0-1-0.05-50-0 0 2333 31 10 8 2 0.5626 0.2533 252 449
4-0-1-0.05-50-0 0 2333 32 44 7 3 0.6514 0.7034 215 118
4-0-1-0.05-50-0 0 2334 14 50 5 17 0.8451 0.2147 105 147
4-0-1-0.05-50-0 0 2334 13 48 4 7 0.8878 0.1153 151 334
4-0-1-0.05-50-0 0 2335 50 5 15 13 0.2147 0.0007 147 226
4-0-1-0.05-50-0 0 2335 5 17 12 1 0.0007 0.6398 226 197
4-0-1-0.05-50-0 0 2336 3 9 4 10 0.4813 0.6134 321 161
4-0-1-0.05-50-0 0 2336 22 22 19 19 0.0160 0.0160 311 311
4-0-1-0.05-50-0 0 2337 41 5 3 12 0.9621 0.0007 105 226
4-0-1-0.05-50-0 0 2337 31 25 7 3 0.5626 0.9430 252 125
4-0-1-0.05-50-0 0 2338 8 50 8 18 0.2506 0.2147 303 147
4-0-1-0.05-50-0 0 2338 22 32 19 10 0.0160 0.6514 311 215
4-0-1-0.05-50-0 0 2339 27 8 2 9 0.0776 0.2506 149 303
4-0-1-0.05-50-0 0 2339 50 5 16 10 0.2147 0.0007 147 226
4-0-1-0.05-50-0 0 2340 9 22 10 16 0.6134 0.0160 161 311
4-0-1-0.05-50-0 0 2340 4 14 5 4 0.0723 0.8451 351 105
4-0-1-0.05-50-0 0 2341 31 36 10 2 0.5626 0.8162 252 165
4-0-1-0.05-50-0 0 2341 5 8 11 7 0.0007 0.2506 226 303
4-0-1-0.05-50-0 0 2342 31 41 9 3 0.5626 0.9621 252 105
4-0-1-0.05-50-0 0 2342 12 3 1 4 0.1896 0.4813 325 321
4-0-1-0.05-50-0 0 2343 9 5 12 11 0.6134 0.0007 161 226
4-0-1-0.05-50-0 0 2343 26 50 4 17 0.8171 0.2147 141 147
4-0-1-0.05-50-0 0 2344 23 14 2 2 0.1698 0.8451 476 105
4-0-1-0.05-50-0 0 2344 31 22 10 14 0.5626 0.0160 252 311
4-0-1-0.05-50-0 0 2345 9 26 14 5 0.6134 0.8171 161 141
4-0-1-0.05-50-0 0 2345 5 18 11 5 0.0007 0.2181 226 226
4-0-1-0.05-50-0 0 2346 27 32 3 10 0.0776 0.6514 149 215
4-0-1-0.05-50-0 0 2346 50 32 16 9 0.2147 0.6514 147 215
4-0-1-0.05-50-0 0 2347 50 50 16 16 0.2147 0.2147 147 147
4-0-1-0.05-50-0 0 2347 36 22 1 16 0.8162 0.0160 165 311
4-0-1-0.05-50-0 0 2348 50 31 15 10 0.2147 0.5626 147 252
4-0-1-0.05-50-0 0 2348 9 12 17 1 0.6134 0.1896 161 325
4-0-1-0.05-50-0 0 2349 22 5 16 13 0.0160 0.0007 311 226
4-0-1-0.05-50-0 0 2349 50 22 15 16 0.2147 0.0160 147 311
4-0-1-0.05-50-0 0 2350 18 36 5 1 0.2181 0.8162 226 165
4-0-1-0.05-50-0 0 2350 48 31 9 10 0.1153 0.5626 334 252
4-0-1-0.05-50-0 0 2351 18 23 5 2 0.2181 0.1698 226 476
4-0-1-0.05-50-0 0 2351 32 22 9 13 0.6514 0.0160 215 311
4-0-1-0.05-50-0 0 2352 42 22 1 13 0.7447 0.0160 106 311
4-0-1-0.05-50-0 0 2352 15 9 3 16 0.7918 0.6134 149 161
4-0-1-0.05-50-0 0 2353 48 16 10 3 0.1153 0.2228 334 149
4-0-1-0.05-50-0 0 2353 18 25 5 2 0.2181 0.9430 226 125
4-0-1-0.05-50-0 0 2354 27 26 3 3 0.0776 0.8171 149 141
4-0-1-0.05-50-0 0 2354 50 5 14 14 0.2147 0.0007 147 226
4-0-1-0.05-50-0 0 2355 50 9 14 19 0.2147 0.6134 147 161
4-0-1-0.05-50-0 0 2355 31 46 7 4 0.5626 0.3451 252 327
4-0-1-0.05-50-0 0 2356 5 48 13 13 0.0007 0.1153 226 334
4-0-1-0.05-50-0 0 2356 5 9 13 18 0.0007 0.6134 226 161
4-0-1-0.05-50-0 0 2357 46 18 2 5 0.3451 0.2181 327 226
4-0-1-0.05-50-0 0 2357 5 4 14 6 0.0007 0.0723 226 351
4-0-1-0.05-50-0 0 2357 32 18 10 4 0.6514 0.2181 215 226
4-0-1-0.05-50-0 0 2358 15 5 6 14 0.7918 0.0007 149 226
4-0-1-0.05-50-0 0 2358 18 44 2 1 0.2181 0.7034 226 118
4-0-1-0.05-50-0 0 2359 5 50 14 17 0.0007 0.2147 226 147
4-0-1-0.05-50-0 0 2359 9 5 22 14 0.6134 0.0007 161 226
4-0-1-0.05-50-0 0 2359 32 9 10 22 0.6514 0.6134 215 161
4-0-1-0.05-50-0 0 2360 9 50 21 17 0.6134 0.2147 161 147
4-0-1-0.05-50-0 0 2360 19 4 1 3 0.8072 0.0723 134 351
4-0-1-0.05-50-0 0 2361 22 50 12 17 0.0160 0.2147 311 147
4-0-1-0.05-50-0 0 2361 5 15 13 8 0.0007 0.7918 226 149
4-0-1-0.05-50-0 0 2361 5 8 13 6 0.0007 0.2506 226 303
4-0-1-0.05-50-0 0 2362 22 9 12 21 0.0160 0.6134 311 161
4-0-1-0.05-50-0 0 2362 50 3 16 7 0.2147 0.4813 147 321
4-0-1-0.05-50-0 0 2363 50 47 15 2 0.2147 0.9293 147 103
4-0-1-0.05-50-0 0 2363 48 23 11 1 0.1153 0.1698 334 476
4-0-1-0.05-50-0 0 2364 9 49 20 4 0.6134 0.1842 161 136
4-0-1-0.05-50-0 0 2364 50 27 16 4 0.2147 0.0776 147 149
4-0-1-0.05-50-0 0 2365 50 9 17 21 0.2147 0.6134 147 161
4-0-1-0.05-50-0 0 2365 5 48 13 12 0.0007 0.1153 226 334
4-0-1-0.05-50-0 0 2365 5 26 13 2 0.0007 0.8171 226 141
4-0-1-0.05-50-0 0 2366 48 33 12 1 0.1153 0.6893 334 191
4-0-1-0.05-50-0 0 2366 32 5 11 13 0.6514 0.0007 215 226
4-0-1-0.05-50-0 0 2367 13 15 6 10 0.8878 0.7918 151 149
4-0-1-0.05-50-0 0 2367 44 32 1 11 0.7034 0.6514 118 215
4-0-1-0.05-50-0 0 2368 16 48 4 11 0.2228 0.1153 149 334
4-0-1-0.05-50-0 0 2368 48 4 10 3 0.1153 0.0723 334 351
4-0-1-0.05-50-0 0 2369 46 15 2 10 0.3451 0.7918 327 149
4-0-1-0.05-50-0 0 2369 50 5 17 9 0.2147 0.0007 147 226
4-0-1-0.05-50-0 0 2370 50 32 19 8 0.2147 0.6514 147 215
4-0-1-0.05-50-0 0 2370 15 48 9 10 0.7918 0.1153 149 334
4-0-1-0.05-50-0 0 2371 9 40 20 3 0.6134 0.9739 161 104
4-0-1-0.05-50-0 0 2371 27 9 3 20 0.0776 0.6134 149 161
4-0-1-0.05-50-0 0 2372 13 5 6 8 0.8878 0.0007 151 226
4-0-1-0.05-50-0 0 2372 18 49 1 3 0.2181 0.1842 226 136
4-0-1-0.05-50-0 0 2373 48 21 9 1 0.1153 0.4184 334 158
4-0-1-0.05-50-0 0 2373 6 6 4 4 0.4266 0.4266 249 249
4-0-1-0.05-50-0 0 2374 6 25 4 3 0.4266 0.9430 249 125
4-0-1-0.05-50-0 0 2374 5 22 7 12 0.0007 0.0160 226 311
4-0-1-0.05-50-0 0 2375 22 9 11 19 0.0160 0.6134 311 161
4-0-1-0.05-50-0 0 2375 8 15 7 7 0.2506 0.7918 303 149
4-0-1-0.05-50-0 0 2376 3 50 7 19 0.4813 0.2147 321 147
4-0-1-0.05-50-0 0 2376 41 49 2 2 0.9621 0.1842 105 136
4-0-1-0.05-50-0 0 2377 50 32 18 10 0.2147 0.6514 147 215
4-0-1-0.05-50-0 0 2377 48 22 9 10 0.1153 0.0160 334 311
4-0-1-0.05-50-0 0 2378 48 22 8 8 0.1153 0.0160 334 311
4-0-1-0.05-50-0 0 2378 31 50 4 20 0.5626 0.2147 252 147
4-0-1-0.05-50-0 0 2379 31 32 5 10 0.5626 0.6514 252 215
4-0-1-0.05-50-0 0 2379 22 48 7 9 0.0160 0.1153 311 334
4-0-1-0.05-50-0 0 2380 8 15 7 6 0.2506 0.7918 303 149
4-0-1-0.05-50-0 0 2380 6 50 4 19 0.4266 0.2147 249 147
4-0-1-0.05-50-0 0 2381 48 8 8 7 0.1153 0.2506 334 303
4-0-1-0.05-50-0 0 2381 13 48 6 8 0.8878 0.1153 151 334
4-0-1-0.05-50-0 0 2382 5 3 5 9 0.0007 0.4813 226 321
4-0-1-0.05-50-0 0 2382 8 30 6 2 0.2506 0.6008 303 266
4-0-1-0.05-50-0 0 2383 50 50 16 16 0.2147 0.2147 147 147
4-0-1-0.05-50-0 0 2383 13 22 6 8 0.8878 0.0160 151 311
4-0-1-0.05-50-0 0 2384 3 8 8 7 0.4813 0.2506 321 303
4-0-1-0.05-50-0 0 2384 32 27 8 4 0.6514 0.0776 215 149
4-0-1-0.05-50-0 0 2385 13 9 6 19 0.8878 0.6134 151 161
4-0-1-0.05-50-0 0 2385 8 8 6 6 0.2506 0.2506 303 303
4-0-1-0.05-50-0 0 2386 13 40 6 2 0.8878 0.9739 151 104
4-0-1-0.05-50-0 0 2386 22 32 8 9 0.0160 0.6514 311 215
4-0-1-0.05-50-0 0 2387 9 16 18 7 0.6134 0.2228 161 149
4-0-1-0.05-50-0 0 2387 32 8 8 5 0.6514 0.2506 215 303
4-0-1-0.05-50-0 0 2388 9 27 18 2 0.6134 0.0776 161 149
4-0-1-0.05-50-0 0 2388 9 3 18 10 0.6134 0.4813 161 321
4-0-1-0.05-50-0 0 2389 9 47 19 1 0.6134 0.9293 161 103
4-0-1-0.05-50-0 0 2389 8 5 5 7 0.2506 0.0007 303 226
4-0-1-0.05-50-0 0 2390 50 50 17 17 0.2147 0.2147 147 147
4-0-1-0.05-50-0 0 2390 41 16 3 6 0.9621 0.2228 105 149
4-0-1-0.05-50-0 0 2391 25 46 3 1 0.9430 0.3451 125 327
4-0-1-0.05-50-0 0 2391 27 30 2 1 0.0776 0.6008 149 266
4-0-1-0.05-50-0 0 2392 6 50 4 16 0.4266 0.2147 249 147
4-0-1-0.05-50-0 0 2392 4 39 1 2 0.0723 0.2187 351 309
4-0-1-0.05-50-0 0 2393 24 5 1 8 0.1940 0.0007 254 226
4-0-1-0.05-50-0 0 2393 9 32 20 8 0.6134 0.6514 161 215
4-0-1-0.05-50-0 0 2394 50 22 16 7 0.2147 0.0160 147 311
4-0-1-0.05-50-0 0 2394 50 31 16 1 0.2147 0.5626 147 252
4-0-1-0.05-50-0 0 2395 1 5 1 8 0.2520 0.0007 409 226
4-0-1-0.05-50-0 0 2395 22 13 6 3 0.0160 0.8878 311 151
4-0-1-0.05-50-0 0 2396 43 50 2 16 0.8316 0.2147 123 147
4-0-1-0.05-50-0 0 2396 9 9 20 20 0.6134 0.6134 161 161
4-0-1-0.05-50-0 0 2397 18 9 2 20 0.2181 0.6134 226 161
4-0-1-0.05-50-0 0 2397 9 9 19 19 0.6134 0.6134 161 161
4-0-1-0.05-50-0 0 2398 5 10 7 2 0.0007 0.2533 226 449
4-0-1-0.05-50-0 0 2398 48 50 11 16 0.1153 0.2147 334 147
4-0-1-0.05-50-0 0 2399 9 3 18 8 0.6134 0.4813 161 321
4-0-1-0.05-50-0 0 2399 48 15 12 4 0.1153 0.7918 334 149
4-0-1-0.05-50-0 0 2400 32 32 9 9 0.6514 0.6514 215 215
4-0-1-0.05-50-0 0 2400 24 50 1 15 0.1940 0.2147 254 147
4-0-1-0.05-50-0 0 2401 5 41 11 3 0.0007 0.9621 226 105
4-0-1-0.05-50-0 0 2401 5 3 11 8 0.0007 0.4813 226 321
4-0-1-0.05-50-0 0 2402 49 9 2 19 0.1842 0.6134 136 161
4-0-1-0.05-50-0 0 2402 50 15 14 4 0.2147 0.7918 147 149
4-0-1-0.05-50-0 0 2403 9 27 17 3 0.6134 0.0776 161 149
4-0-1-0.05-50-0 0 2403 27 16 2 3 0.0776 0.2228 149 149
4-0-1-0.05-50-0 0 2404 19 27 2 2 0.8072 0.0776 134 149
4-0-1-0.05-50-0 0 2404 5 48 16 12 0.0007 0.1153 226 334
4-0-1-0.05-50-0 0 2405 13 32 4 13 0.8878 0.6514 151 215
4-0-1-0.05-50-0 0 2405 6 50 2 12 0.4266 0.2147 249 147
4-0-1-0.05-50-0 0 2406 48 13 13 4 0.1153 0.8878 334 151
4-0-1-0.05-50-0 0 2406 32 5 13 16 0.6514 0.0007 215 226
4-0-1-0.05-50-0 0 2407 30 41 1 3 0.6008 0.9621 266 105
4-0-1-0.05-50-0 0 2407 5 50 15 12 0.0007 0.2147 226 147
4-0-1-0.05-50-0 0 2408 14 25 1 5 0.8451 0.9430 105 125
4-0-1-0.05-50-0 0 2408 9 21 18 3 0.6134 0.4184 161 158
4-0-1-0.05-50-0 0 2409 50 23 13 2 0.2147 0.1698 147 476
4-0-1-0.05-50-0 0 2409 18 16 1 4 0.2181 0.2228 226 149
4-0-1-0.05-50-0 0 2410 9 25 19 7 0.6134 0.9430 161 125
4-0-1-0.05-50-0 0 2410 9 32 19 13 0.6134 0.6514 161 215
4-0-1-0.05-50-0 0 2411 10 25 3 6 0.2533 0.9430 449 125
4-0-1-0.05-50-0 0 2411 32 50 12 13 0.6514 0.2147 215 147
4-0-1-0.05-50-0 0 2411 48 5 15 17 0.1153 0.0007 334 226
4-0-1-0.05-50-0 0 2412 15 9 2 18 0.7918 0.6134 149 161
4-0-1-0.05-50-0 0 2412 32 19 11 2 0.6514 0.8072 215 134
4-0-1-0.05-50-0 0 2412 15 23 2 1 0.7918 0.1698 149 476
4-0-1-0.05-50-0 0 2413 19 32 1 10 0.8072 0.6514 134 215
4-0-1-0.05-50-0 0 2413 8 3 4 11 0.2506 0.4813 303 321
4-0-1-0.05-50-0 0 2413 9 5 17 18 0.6134 0.0007 161 226
4-0-1-0.05-50-0 0 2414 39 6 2 3 0.2187 0.4266 309 249
4-0-1-0.05-50-0 0 2414 3 24 10 1 0.4813 0.1940 321 254
4-0-1-0.05-50-0 0 2414 5 9 17 19 0.0007 0.6134 226 161
4-0-1-0.05-50-0 0 2415 40 3 3 10 0.9739 0.4813 104 321
4-0-1-0.05-50-0 0 2415 9 48 19 19 0.6134 0.1153 161 334
4-0-1-0.05-50-0 0 2415 50 43 13 8 0.2147 0.8316 147 123
4-0-1-0.05-50-0 0 2416 4 16 2 6 0.0723 0.2228 351 149
4-0-1-0.05-50-0 0 2416 3 48 10 18 0.4813 0.1153 321 334
4-0-1-0.05-50-0 0 2416 6 22 2 5 0.4266 0.0160 249 311
4-0-1-0.05-50-0 0 2417 5 43 17 7 0.0007 0.8316 226 123
4-0-1-0.05-50-0 0 2417 32 43 9 6 0.6514 0.8316 215 123
4-0-1-0.05-50-0 0 2417 3 5 10 17 0.4813 0.0007 321 226
4-0-1-0.05-50-0 0 2418 9 21 18 3 0.6134 0.4184 161 158
4-0-1-0.05-50-0 0 2418 48 48 15 15 0.1153 0.1153 334 334
4-0-1-0.05-50-0 0 2418 49 43 8 5 0.1842 0.8316 136 123
4-0-1-0.05-50-0 0 2419 49 48 10 12 0.1842 0.1153 136 334
4-0-1-0.05-50-0 0 2419 9 38 18 2 0.6134 0.6163 161 270
4-0-1-0.05-50-0 0 2419 39 32 4 9 0.2187 0.6514 309 215
4-0-1-0.05-50-0 0 2420 22 32 3 8 0.0160 0.6514 311 215
4-0-1-0.05-50-0 0 2420 5 16 18 6 0.0007 0.2228 226 149
4-0-1-0.05-50-0 0 2420 50 21 12 2 0.2147 0.4184 147 158
4-0-1-0.05-50-0 0 2421 49 9 10 18 0.1842 0.6134 136 161
4-0-1-0.05-50-0 0 2421 32 22 7 3 0.6514 0.0160 215 311
4-0-1-0.05-50-0 0 2422 9 50 17 13 0.6134 0.2147 161 147
4-0-1-0.05-50-0 0 2422 22 9 2 17 0.0160 0.6134 311 161
4-0-1-0.05-50-0 0 2422 8 11 4 3 0.2506 0.0504 303 384
4-0-1-0.05-50-0 0 2423 42 8 3 4 0.7447 0.2506 106 303
4-0-1-0.05-50-0 0 2423 49 30 6 1 0.1842 0.6008 136 266
4-0-1-0.05-50-0 0 2424 9 48 17 13 0.6134 0.1153 161 334
4-0-1-0.05-50-0 0 2424 11 49 2 6 0.0504 0.1842 384 136
4-0-1-0.05-50-0 0 2424 5 48 20 12 0.0007 0.1153 226 334
4-0-1-0.05-50-0 0 2425 49 43 5 6 0.1842 0.8316 136 123
4-0-1-0.05-50-0 0 2425 50 49 14 5 0.2147 0.1842 147 136
4-0-1-0.05-50-0 0 2426 5 41 19 4 0.0007 0.9621 226 105
4-0-1-0.05-50-0 0 2426 18 32 3 7 0.2181 0.6514 226 215
4-0-1-0.05-50-0 0 2427 39 5 5 20 0.2187 0.0007 309 226
4-0-1-0.05-50-0 0 2427 39 20 5 6 0.2187 0.9922 309 102
4-0-1-0.05-50-0 0 2428 50 48 17 8 0.2147 0.1153 147 334
4-0-1-0.05-50-0 0 2428 49 5 4 19 0.1842 0.0007 136 226
4-0-1-0.05-50-0 0 2429 32 21 7 3 0.6514 0.4184 215 158
4-0-1-0.05-50-0 0 2429 41 43 3 5 0.9621 0.8316 105 123
4-0-1-0.05-50-0 0 2430 39 5 7 18 0.2187 0.0007 309 226
4-0-1-0.05-50-0 0 2430 4 3 4 16 0.0723 0.4813 351 321
4-0-1-0.05-50-0 0 2431 5 9 20 16 0.0007 0.6134 226 161
4-0-1-0.05-50-0 0 2431 50 9 23 15 0.2147 0.6134 147 161
4-0-1-0.05-50-0 0 2431 5 21 20 2 0.0007 0.4184 226 158
4-0-1-0.05-50-0 0 2432 3 32 15 7 0.4813 0.6514 321 215
4-0-1-0.05-50-0 0 2432 42 4 2 6 0.7447 0.0723 106 351
4-0-1-0.05-50-0 0 2432 5 18 20 3 0.0007 0.2181 226 226
4-0-1-0.05-50-0 0 2433 3 9 16 11 0.4813 0.6134 321 161
4-0-1-0.05-50-0 0 2433 5 5 20 20 0.0007 0.0007 226 226
4-0-1-0.05-50-0 0 2433 5 50 19 25 0.0007 0.2147 226 147
4-0-1-0.05-50-0 0 2434 40 43 8 4 0.9739 0.8316 104 123
4-0-1-0.05-50-0 0 2434 50 39 22 5 0.2147 0.2187 147 309
4-0-1-0.05-50-0 0 2434 32 5 7 20 0.6514 0.0007 215 226
4-0-1-0.05-50-0 0 2435 3 5 17 19 0.4813 0.0007 321 226
4-0-1-0.05-50-0 0 2435 50 49 22 5 0.2147 0.1842 147 136
4-0-1-0.05-50-0 0 2435 41 50 4 22 0.9621 0.2147 105 147
4-0-1-0.05-50-0 0 2436 9 50 8 21 0.6134 0.2147 161 147
4-0-1-0.05-50-0 0 2436 16 50 4 20 0.2228 0.2147 149 147
4-0-1-0.05-50-0 0 2436 16 3 4 18 0.2228 0.4813 149 321
4-0-1-0.05-50-0 0 2437 50 25 20 4 0.2147 0.9430 147 125
4-0-1-0.05-50-0 0 2437 29 11 1 2 0.6728 0.0504 177 384
4-0-1-0.05-50-0 0 2437 10 39 4 5 0.2533 0.2187 449 309
4-0-1-0.05-50-0 0 2438 5 4 17 6 0.0007 0.0723 226 351
4-0-1-0.05-50-0 0 2438 3 3 19 19 0.4813 0.4813 321 321
4-0-1-0.05-50-0 0 2438 48 3 6 18 0.1153 0.4813 334 321
4-0-1-0.05-50-0 0 2439 3 4 19 6 0.4813 0.0723 321 351
4-0-1-0.05-50-0 0 2439 32 5 15 16 0.6514 0.0007 215 226
4-0-1-0.05-50-0 0 2439 25 48 4 6 0.9430 0.1153 125 334
4-0-1-0.05-50-0 0 2440 5 5 15 15 0.0007 0.0007 226 226
4-0-1-0.05-50-0 0 2440 48 48 5 5 0.1153 0.1153 334 334
4-0-1-0.05-50-0 0 2440 9 5 11 14 0.6134 0.0007 161 226
4-0-1-0.05-50-0 0 2441 9 32 11 16 0.6134 0.6514 161 215
4-0-1-0.05-50-0 0 2441 5 5 14 14 0.0007 0.0007 226 226
4-0-1-0.05-50-0 0 2441 9 4 11 6 0.6134 0.0723 161 351
4-0-1-0.05-50-0 0 2442 3 32 18 15 0.4813 0.6514 321 215
4-0-1-0.05-50-0 0 2442 18 50 2 24 0.2181 0.2147 226 147
4-0-1-0.05-50-0 0 2442 9 25 11 4 0.6134 0.9430 161 125
4-0-1-0.05-50-0 0 2443 5 4 14 4 0.0007 0.0723 226 351
4-0-1-0.05-50-0 0 2443 48 50 4 24 0.1153 0.2147 334 147
4-0-1-0.05-50-0 0 2443 25 41 3 8 0.9430 0.9621 125 105
4-0-1-0.05-50-0 0 2444 16 16 6 6 0.2228 0.2228 149 149
4-0-1-0.05-50-0 0 2444 40 5 9 15 0.9739 0.0007 104 226
4-0-1-0.05-50-0 0 2444 3 50 19 24 0.4813 0.2147 321 147
4-0-1-0.05-50-0 0 2445 9 39 9 7 0.6134 0.2187 161 309
4-0-1-0.05-50-0 0 2445 5 17 15 1 0.0007 0.6398 226 197
4-0-1-0.05-50-0 0 2445 18 50 2 21 0.2181 0.2147 226 147
4-0-1-0.05-50-0 0 2446 6 6 7 7 0.4266 0.4266 249 249
4-0-1-0.05-50-0 0 2446 5 41 16 7 0.0007 0.9621 226 105
4-0-1-0.05-50-0 0 2446 50 24 21 1 0.2147 0.1940 147 254
4-0-1-0.05-50-0 0 2447 16 43 4 3 0.2228 0.8316 149 123
4-0-1-0.05-50-0 0 2447 16 15 4 3 0.2228 0.7918 149 149
4-0-1-0.05-50-0 0 2447 49 16 6 4 0.1842 0.2228 136 149
4-0-1-0.05-50-0 0 2448 32 13 13 3 0.6514 0.8878 215 151
4-0-1-0.05-50-0 0 2448 5 43 15 2 0.0007 0.8316 226 123
4-0-1-0.05-50-0 0 2448 42 41 1 6 0.7447 0.9621 106 105
4-0-1-0.05-50-0 0 2449 6 50 4 21 0.4266 0.2147 249 147
4-0-1-0.05-50-0 0 2449 48 48 5 5 0.1153 0.1153 334 334
4-0-1-0.05-50-0 0 2449 5 39 15 3 0.0007 0.2187 226 309
4-0-1-0.05-50-0 0 2450 9 50 8 20 0.6134 0.2147 161 147
4-0-1-0.05-50-0 0 2450 3 15 19 2 0.4813 0.7918 321 149
4-0-1-0.05-50-0 0 2451 41 5 5 14 0.9621 0.0007 105 226
4-0-1-0.05-50-0 0 2451 20 41 6 5 0.9922 0.9621 102 105
4-0-1-0.05-50-0 0 2452 3 20 19 7 0.4813 0.9922 321 102
4-0-1-0.05-50-0 0 2452 50 50 20 20 0.2147 0.2147 147 147
4-0-1-0.05-50-0 0 2453 3 48 16 4 0.4813 0.1153 321 334
4-0-1-0.05-50-0 0 2453 3 3 16 16 0.4813 0.4813 321 321
4-0-1-0.05-50-0 0 2454 3 21 15 2 0.4813 0.4184 321 158
4-0-1-0.05-50-0 0 2454 18 10 1 4 0.2181 0.2533 226 449
4-0-1-0.05-50-0 0 2455 5 3 11 15 0.0007 0.4813 226 321
4-0-1-0.05-50-0 0 2455 20 6 7 4 0.9922 0.4266 102 249
4-0-1-0.05-50-0 0 2456 3 9 14 10 0.4813 0.6134 321 161
4-0-1-0.05-50-0 0 2456 3 8 14 4 0.4813 0.2506 321 303
4-0-1-0.05-50-0 0 2457 50 3 18 14 0.2147 0.4813 147 321
4-0-1-0.05-50-0 0 2457 50 2 18 3 0.2147 0.8198 147 167
4-0-1-0.05-50-0 0 2458 4 27 7 1 0.0723 0.0776 351 149
4-0-1-0.05-50-0 0 2458 5 50 11 18 0.0007 0.2147 226 147
4-0-1-0.05-50-0 0 2459 43 3 4 13 0.8316 0.4813 123 321
4-0-1-0.05-50-0 0 2459 3 5 12 12 0.4813 0.0007 321 226
4-0-1-0.05-50-0 0 2460 4 50 6 18 0.0723 0.2147 351 147
4-0-1-0.05-50-0 0 2460 17 8 4 4 0.6398 0.2506 197 303
4-0-1-0.05-50-0 0 2461 9 50 11 18 0.6134 0.2147 161 147
4-0-1-0.05-50-0 0 2461 4 5 6 9 0.0723 0.0007 351 226
4-0-1-0.05-50-0 0 2462 10 41 4 2 0.2533 0.9621 449 105
4-0-1-0.05-50-0 0 2462 32 43 11 4 0.6514 0.8316 215 123
4-0-1-0.05-50-0 0 2463 2 50 3 19 0.8198 0.2147 167 147
4-0-1-0.05-50-0 0 2463 40 8 12 3 0.9739 0.2506 104 303
4-0-1-0.05-50-0 0 2464 3 32 10 12 0.4813 0.6514 321 215
4-0-1-0.05-50-0 0 2464 48 9 2 12 0.1153 0.6134 334 161
4-0-1-0.05-50-0 0 2465 32 12 12 2 0.6514 0.1896 215 325
4-0-1-0.05-50-0 0 2465 13 21 2 4 0.8878 0.4184 151 158
4-0-1-0.05-50-0 0 2466 50 40 19 10 0.2147 0.9739 147 104
4-0-1-0.05-50-0 0 2466 40 3 9 10 0.9739 0.4813 104 321
4-0-1-0.05-50-0 0 2467 21 10 3 7 0.4184 0.2533 158 449
4-0-1-0.05-50-0 0 2467 32 26 12 1 0.6514 0.8171 215 141
4-0-1-0.05-50-0 0 2468 31 7 1 1 0.5626 0.9267 252 106
4-0-1-0.05-50-0 0 2468 49 15 5 1 0.1842 0.7918 136 149
4-0-1-0.05-50-0 0 2469 4 5 6 11 0.0723 0.0007 351 226
4-0-1-0.05-50-0 0 2469 50 13 19 2 0.2147 0.8878 147 151
4-0-1-0.05-50-0 0 2470 2 40 2 7 0.8198 0.9739 167 104
4-0-1-0.05-50-0 0 2470 9 3 8 11 0.6134 0.4813 161 321
4-0-1-0.05-50-0 0 2471 39 11 2 2 0.2187 0.0504 309 384
4-0-1-0.05-50-0 0 2471 40 35 7 2 0.9739 0.0354 104 158
4-0-1-0.05-50-0 0 2472 3 3 10 10 0.4813 0.4813 321 321
4-0-1-0.05-50-0 0 2472 40 39 7 2 0.9739 0.2187 104 309
4-0-1-0.05-50-0 0 2473 9 2 7 2 0.6134 0.8198 161 167
4-0-1-0.05-50-0 0 2473 50 9 22 7 0.2147 0.6134 147 161
4-0-1-0.05-50-0 0 2474 32 50 14 22 0.6514 0.2147 215 147
4-0-1-0.05-50-0 0 2474 10 5 6 11 0.2533 0.0007 449 226
4-0-1-0.05-50-0 0 2475 8 10 3 6 0.2506 0.2533 303 449
4-0-1-0.05-50-0 0 2475 50 17 21 7 0.2147 0.6398 147 197
4-0-1-0.05-50-0 0 2476 32 50 12 22 0.6514 0.2147 215 147
4-0-1-0.05-50-0 0 2476 49 6 5 3 0.1842 0.4266 136 249
4-0-1-0.05-50-0 0 2477 9 50 9 21 0.6134 0.2147 161 147
4-0-1-0.05-50-0 0 2477 3 16 11 5 0.4813 0.2228 321 149
4-0-1-0.05-50-0 0 2478 40 50 5 20 0.9739 0.2147 104 147
4-0-1-0.05-50-0 0 2478 50 3 19 11 0.2147 0.4813 147 321
4-0-1-0.05-50-0 0 2479 32 9 13 10 0.6514 0.6134 215 161
4-0-1-0.05-50-0 0 2479 50 21 20 2 0.2147 0.4184 147 158
4-0-1-0.05-50-0 0 2480 35 20 3 4 0.0354 0.9922 158 102
4-0-1-0.05-50-0 0 2480 9 12 10 3 0.6134 0.1896 161 325
4-0-1-0.05-50-0 0 2481 9 14 9 1 0.6134 0.8451 161 105
4-0-1-0.05-50-0 0 2481 50 35 22 3 0.2147 0.0354 147 158
4-0-1-0.05-50-0 0 2482 42 17 2 7 0.7447 0.6398 106 197
4-0-1-0.05-50-0 0 2482 50 13 23 2 0.2147 0.8878 147 151
4-0-1-0.05-50-0 0 2483 5 49 11 7 0.0007 0.1842 226 136
4-0-1-0.05-50-0 0 2483 50 9 22 10 0.2147 0.6134 147 161
4-0-1-0.05-50-0 0 2484 49 49 6 6 0.1842 0.1842 136 136
4-0-1-0.05-50-0 0 2484 32 45 11 2 0.6514 0.3816 215 173
4-0-1-0.05-50-0 0 2485 49 10 5 7 0.1842 0.2533 136 449
4-0-1-0.05-50-0 0 2485 17 17 6 6 0.6398 0.6398 197 197
4-0-1-0.05-50-0 0 2486 2 48 3 3 0.8198 0.1153 167 334
4-0-1-0.05-50-0 0 2486 49 4 5 4 0.1842 0.0723 136 351
4-0-1-0.05-50-0 0 2487 20 50 6 20 0.9922 0.2147 102 147
4-0-1-0.05-50-0 0 2487 49 50 5 19 0.1842 0.2147 136 147
4-0-1-0.05-50-0 0 2488 49 9 5 8 0.1842 0.6134 136 161
4-0-1-0.05-50-0 0 2488 32 2 11 3 0.6514 0.8198 215 167
4-0-1-0.05-50-0 0 2489 32 31 11 4 0.6514 0.5626 215 252
4-0-1-0.05-50-0 0 2489 3 12 11 2 0.4813 0.1896 321 325
4-0-1-0.05-50-0 0 2490 40 3 4 11 0.9739 0.4813 104 321
4-0-1-0.05-50-0 0 2490 3 17 10 4 0.4813 0.6398 321 197
4-0-1-0.05-50-0 0 2491 10 6 8 5 0.2533 0.4266 449 249
4-0-1-0.05-50-0 0 2491 40 32 4 11 0.9739 0.6514 104 215
4-0-1-0.05-50-0 0 2492 20 17 8 4 0.9922 0.6398 102 197
4-0-1-0.05-50-0 0 2492 26 50 1 19 0.8171 0.2147 141 147
4-0-1-0.05-50-0 0 2493 30 47 1 1 0.6008 0.9293 266 103
4-0-1-0.05-50-0 0 2493 16 17 4 3 0.2228 0.6398 149 197
4-0-1-0.05-50-0 0 2494 15 50 2 17 0.7918 0.2147 149 147
4-0-1-0.05-50-0 0 2494 50 41 16 6 0.2147 0.9621 147 105
4-0-1-0.05-50-0 0 2495 10 4 9 3 0.2533 0.0723 449 351
4-0-1-0.05-50-0 0 2495 9 9 10 10 0.6134 0.6134 161 161
4-0-1-0.05-50-0 0 2496 45 41 2 5 0.3816 0.9621 173 105
4-0-1-0.05-50-0 0 2496 15 50 2 15 0.7918 0.2147 149 147
4-0-1-0.05-50-0 0 2497 3 9 13 11 0.4813 0.6134 321 161
4-0-1-0.05-50-0 0 2497 50 50 14 14 0.2147 0.2147 147 147
4-0-1-0.05-50-0 0 2498 20 9 7 11 0.9922 0.6134 102 161
4-0-1-0.05-50-0 0 2498 50 10 12 9 0.2147 0.2533 147 449
4-0-1-0.05-50-0 0 2499 10 40 8 4 0.2533 0.9739 449 104
4-0-1-0.05-50-0 0 2499 22 6 1 5 0.0160 0.4266 311 249
4-0-1-0.05-50-0 0 2500 50 48 13 5 0.2147 0.1153 147 334
4-0-1-0.05-50-0 0 2500 3 8 13 7 0.4813 0.2506 321 303
