403-0-1-0.05-50-0 0 2302 1 1 5 5 0.2520 0.2520 409 409
403-0-1-0.05-50-0 0 2302 18 23 19 3 0.2181 0.1698 226 476
403-0-1-0.05-50-0 0 2303 28 28 5 5 0.3846 0.3846 311 311
403-0-1-0.05-50-0 0 2303 28 48 4 21 0.3846 0.1153 311 334
403-0-1-0.05-50-0 0 2304 48 4 20 7 0.1153 0.0723 334 351
403-0-1-0.05-50-0 0 2304 18 5 17 10 0.2181 0.0007 226 226
403-0-1-0.05-50-0 0 2305 44 48 7 21 0.7034 0.1153 118 334
403-0-1-0.05-50-0 0 2305 48 31 20 6 0.1153 0.5626 334 252
403-0-1-0.05-50-0 0 2306 41 22 1 2 0.9621 0.0160 105 311
403-0-1-0.05-50-0 0 2306 48 18 20 19 0.1153 0.2181 334 226
403-0-1-0.05-50-0 0 2307 48 18 21 21 0.1153 0.2181 334 226
403-0-1-0.05-50-0 0 2307 48 48 21 21 0.1153 0.1153 334 334
403-0-1-0.05-50-0 0 2308 48 48 19 19 0.1153 0.1153 334 334
403-0-1-0.05-50-0 0 2308 48 36 18 1 0.1153 0.8162 334 165
403-0-1-0.05-50-0 0 2309 48 28 19 4 0.1153 0.3846 334 311
403-0-1-0.05-50-0 0 2309 48 48 19 19 0.1153 0.1153 334 334
403-0-1-0.05-50-0 0 2310 18 26 18 4 0.2181 0.8171 226 141
403-0-1-0.05-50-0 0 2310 26 48 3 20 0.8171 0.1153 141 334
403-0-1-0.05-50-0 0 2311 44 16 10 8 0.7034 0.2228 118 149
403-0-1-0.05-50-0 0 2311 21 4 2 8 0.4184 0.0723 158 351
403-0-1-0.05-50-0 0 2312 7 23 1 2 0.9267 0.1698 106 476
403-0-1-0.05-50-0 0 2312 28 48 3 20 0.3846 0.1153 311 334
403-0-1-0.05-50-0 0 2313 18 5 18 12 0.2181 0.0007 226 226
403-0-1-0.05-50-0 0 2313 34 39 10 9 0.7448 0.2187 168 309
403-0-1-0.05-50-0 0 2314 26 44 3 10 0.8171 0.7034 141 118
403-0-1-0.05-50-0 0 2314 39 40 8 2 0.2187 0.9739 309 104
403-0-1-0.05-50-0 0 2315 18 35 17 1 0.2181 0.0354 226 158
403-0-1-0.05-50-0 0 2315 34 18 10 17 0.7448 0.2181 168 226
403-0-1-0.05-50-0 0 2316 31 49 6 11 0.5626 0.1842 252 136
403-0-1-0.05-50-0 0 2316 18 4 17 10 0.2181 0.0723 226 351
403-0-1-0.05-50-0 0 2317 34 39 10 9 0.7448 0.2187 168 309
403-0-1-0.05-50-0 0 2317 48 21 21 1 0.1153 0.4184 334 158
403-0-1-0.05-50-0 0 2318 41 48 2 23 0.9621 0.1153 105 334
403-0-1-0.05-50-0 0 2318 18 26 17 6 0.2181 0.8171 226 141
403-0-1-0.05-50-0 0 2319 49 34 12 9 0.1842 0.7448 136 168
403-0-1-0.05-50-0 0 2319 48 18 20 17 0.1153 0.2181 334 226
403-0-1-0.05-50-0 0 2320 31 4 6 7 0.5626 0.0723 252 351
403-0-1-0.05-50-0 0 2320 49 48 12 21 0.1842 0.1153 136 334
403-0-1-0.05-50-0 0 2321 49 48 12 19 0.1842 0.1153 136 334
403-0-1-0.05-50-0 0 2321 48 49 18 12 0.1153 0.1842 334 136
403-0-1-0.05-50-0 0 2322 44 34 7 8 0.7034 0.7448 118 168
403-0-1-0.05-50-0 0 2322 48 18 17 17 0.1153 0.2181 334 226
403-0-1-0.05-50-0 0 2323 34 44 7 6 0.7448 0.7034 168 118
403-0-1-0.05-50-0 0 2323 31 48 8 17 0.5626 0.1153 252 334
403-0-1-0.05-50-0 0 2324 50 10 3 4 0.2147 0.2533 147 449
403-0-1-0.05-50-0 0 2324 34 7 8 2 0.7448 0.9267 168 106
403-0-1-0.05-50-0 0 2325 39 2 8 2 0.2187 0.8198 309 167
403-0-1-0.05-50-0 0 2325 17 5 1 10 0.6398 0.0007 197 226
403-0-1-0.05-50-0 0 2326 28 18 5 18 0.3846 0.2181 311 226
403-0-1-0.05-50-0 0 2326 23 17 1 1 0.1698 0.6398 476 197
403-0-1-0.05-50-0 0 2327 31 39 8 9 0.5626 0.2187 252 309
403-0-1-0.05-50-0 0 2327 48 41 18 2 0.1153 0.9621 334 105
403-0-1-0.05-50-0 0 2328 34 41 7 2 0.7448 0.9621 168 105
403-0-1-0.05-50-0 0 2328 48 45 18 1 0.1153 0.3816 334 173
403-0-1-0.05-50-0 0 2329 39 48 11 18 0.2187 0.1153 309 334
403-0-1-0.05-50-0 0 2329 16 31 5 10 0.2228 0.5626 149 252
403-0-1-0.05-50-0 0 2330 2 34 1 8 0.8198 0.7448 167 168
403-0-1-0.05-50-0 0 2330 5 16 10 5 0.0007 0.2228 226 149
403-0-1-0.05-50-0 0 2331 5 5 10 10 0.0007 0.0007 226 226
403-0-1-0.05-50-0 0 2331 39 39 11 11 0.2187 0.2187 309 309
403-0-1-0.05-50-0 0 2332 48 49 17 11 0.1153 0.1842 334 136
403-0-1-0.05-50-0 0 2332 30 4 3 8 0.6008 0.0723 266 351
403-0-1-0.05-50-0 0 2333 18 46 14 5 0.2181 0.3451 226 327
403-0-1-0.05-50-0 0 2333 39 48 11 19 0.2187 0.1153 309 334
403-0-1-0.05-50-0 0 2334 48 50 16 3 0.1153 0.2147 334 147
403-0-1-0.05-50-0 0 2334 39 4 11 9 0.2187 0.0723 309 351
403-0-1-0.05-50-0 0 2335 48 30 16 5 0.1153 0.6008 334 266
403-0-1-0.05-50-0 0 2335 38 33 2 2 0.6163 0.6893 270 191
403-0-1-0.05-50-0 0 2336 18 37 15 1 0.2181 0.8481 226 127
403-0-1-0.05-50-0 0 2336 30 49 4 9 0.6008 0.1842 266 136
403-0-1-0.05-50-0 0 2337 30 2 4 2 0.6008 0.8198 266 167
403-0-1-0.05-50-0 0 2337 39 16 10 4 0.2187 0.2228 309 149
403-0-1-0.05-50-0 0 2338 48 49 16 7 0.1153 0.1842 334 136
403-0-1-0.05-50-0 0 2338 48 31 16 8 0.1153 0.5626 334 252
403-0-1-0.05-50-0 0 2339 49 18 6 17 0.1842 0.2181 136 226
403-0-1-0.05-50-0 0 2339 2 39 2 10 0.8198 0.2187 167 309
403-0-1-0.05-50-0 0 2340 39 4 9 5 0.2187 0.0723 309 351
403-0-1-0.05-50-0 0 2340 48 18 15 17 0.1153 0.2181 334 226
403-0-1-0.05-50-0 0 2341 31 39 6 9 0.5626 0.2187 252 309
403-0-1-0.05-50-0 0 2341 18 5 16 18 0.2181 0.0007 226 226
403-0-1-0.05-50-0 0 2342 34 10 7 6 0.7448 0.2533 168 449
403-0-1-0.05-50-0 0 2342 28 5 7 17 0.3846 0.0007 311 226
403-0-1-0.05-50-0 0 2343 5 5 17 17 0.0007 0.0007 226 226
403-0-1-0.05-50-0 0 2343 30 18 4 17 0.6008 0.2181 266 226
403-0-1-0.05-50-0 0 2344 49 25 4 1 0.1842 0.9430 136 125
403-0-1-0.05-50-0 0 2344 16 39 3 9 0.2228 0.2187 149 309
403-0-1-0.05-50-0 0 2345 19 50 1 3 0.8072 0.2147 134 147
403-0-1-0.05-50-0 0 2345 10 5 5 17 0.2533 0.0007 449 226
403-0-1-0.05-50-0 0 2346 48 3 17 2 0.1153 0.4813 334 321
403-0-1-0.05-50-0 0 2346 7 28 1 8 0.9267 0.3846 106 311
403-0-1-0.05-50-0 0 2347 5 48 16 18 0.0007 0.1153 226 334
403-0-1-0.05-50-0 0 2347 5 50 16 2 0.0007 0.2147 226 147
403-0-1-0.05-50-0 0 2348 48 28 17 7 0.1153 0.3846 334 311
403-0-1-0.05-50-0 0 2348 10 5 5 17 0.2533 0.0007 449 226
403-0-1-0.05-50-0 0 2349 48 17 17 1 0.1153 0.6398 334 197
403-0-1-0.05-50-0 0 2349 5 47 13 1 0.0007 0.9293 226 103
403-0-1-0.05-50-0 0 2350 48 10 17 5 0.1153 0.2533 334 449
403-0-1-0.05-50-0 0 2350 4 49 5 10 0.0723 0.1842 351 136
403-0-1-0.05-50-0 0 2351 49 48 11 16 0.1842 0.1153 136 334
403-0-1-0.05-50-0 0 2351 48 37 15 1 0.1153 0.8481 334 127
403-0-1-0.05-50-0 0 2352 40 30 2 4 0.9739 0.6008 104 266
403-0-1-0.05-50-0 0 2352 39 48 12 15 0.2187 0.1153 309 334
403-0-1-0.05-50-0 0 2353 49 16 12 8 0.1842 0.2228 136 149
403-0-1-0.05-50-0 0 2353 19 31 1 4 0.8072 0.5626 134 252
403-0-1-0.05-50-0 0 2354 18 49 18 12 0.2181 0.1842 226 136
403-0-1-0.05-50-0 0 2354 48 12 13 2 0.1153 0.1896 334 325
403-0-1-0.05-50-0 0 2355 28 46 6 2 0.3846 0.3451 311 327
403-0-1-0.05-50-0 0 2355 5 27 11 4 0.0007 0.0776 226 149
403-0-1-0.05-50-0 0 2356 39 32 13 2 0.2187 0.6514 309 215
403-0-1-0.05-50-0 0 2356 39 44 13 4 0.2187 0.7034 309 118
403-0-1-0.05-50-0 0 2357 49 33 12 3 0.1842 0.6893 136 191
403-0-1-0.05-50-0 0 2357 48 48 16 16 0.1153 0.1153 334 334
403-0-1-0.05-50-0 0 2358 18 10 19 5 0.2181 0.2533 226 449
403-0-1-0.05-50-0 0 2358 39 46 14 1 0.2187 0.3451 309 327
403-0-1-0.05-50-0 0 2359 2 28 2 8 0.8198 0.3846 167 311
403-0-1-0.05-50-0 0 2359 49 49 11 11 0.1842 0.1842 136 136
403-0-1-0.05-50-0 0 2360 48 39 14 15 0.1153 0.2187 334 309
403-0-1-0.05-50-0 0 2360 18 2 19 2 0.2181 0.8198 226 167
403-0-1-0.05-50-0 0 2361 18 10 18 5 0.2181 0.2533 226 449
403-0-1-0.05-50-0 0 2361 34 48 6 14 0.7448 0.1153 168 334
403-0-1-0.05-50-0 0 2362 30 49 4 12 0.6008 0.1842 266 136
403-0-1-0.05-50-0 0 2362 23 39 3 14 0.1698 0.2187 476 309
403-0-1-0.05-50-0 0 2363 16 28 3 8 0.2228 0.3846 149 311
403-0-1-0.05-50-0 0 2363 4 18 3 17 0.0723 0.2181 351 226
403-0-1-0.05-50-0 0 2364 48 2 13 1 0.1153 0.8198 334 167
403-0-1-0.05-50-0 0 2364 18 18 16 16 0.2181 0.2181 226 226
403-0-1-0.05-50-0 0 2365 48 30 10 4 0.1153 0.6008 334 266
403-0-1-0.05-50-0 0 2365 12 28 2 9 0.1896 0.3846 325 311
403-0-1-0.05-50-0 0 2366 30 5 3 13 0.6008 0.0007 266 226
403-0-1-0.05-50-0 0 2366 28 28 8 8 0.3846 0.3846 311 311
403-0-1-0.05-50-0 0 2367 28 49 7 11 0.3846 0.1842 311 136
403-0-1-0.05-50-0 0 2367 34 18 9 16 0.7448 0.2181 168 226
403-0-1-0.05-50-0 0 2368 48 26 11 8 0.1153 0.8171 334 141
403-0-1-0.05-50-0 0 2368 39 20 15 2 0.2187 0.9922 309 102
403-0-1-0.05-50-0 0 2369 12 27 3 5 0.1896 0.0776 325 149
403-0-1-0.05-50-0 0 2369 49 28 10 8 0.1842 0.3846 136 311
403-0-1-0.05-50-0 0 2370 44 31 5 1 0.7034 0.5626 118 252
403-0-1-0.05-50-0 0 2370 39 22 16 3 0.2187 0.0160 309 311
403-0-1-0.05-50-0 0 2371 27 5 4 14 0.0776 0.0007 149 226
403-0-1-0.05-50-0 0 2371 44 33 5 3 0.7034 0.6893 118 191
403-0-1-0.05-50-0 0 2371 4 27 3 4 0.0723 0.0776 351 149
403-0-1-0.05-50-0 0 2372 9 32 1 3 0.6134 0.6514 161 215
403-0-1-0.05-50-0 0 2372 18 5 20 14 0.2181 0.0007 226 226
403-0-1-0.05-50-0 0 2372 18 18 20 20 0.2181 0.2181 226 226
403-0-1-0.05-50-0 0 2373 13 1 3 3 0.8878 0.2520 151 409
403-0-1-0.05-50-0 0 2373 27 10 3 1 0.0776 0.2533 149 449
403-0-1-0.05-50-0 0 2373 39 39 17 17 0.2187 0.2187 309 309
403-0-1-0.05-50-0 0 2374 23 28 3 9 0.1698 0.3846 476 311
403-0-1-0.05-50-0 0 2374 28 39 8 15 0.3846 0.2187 311 309
403-0-1-0.05-50-0 0 2374 39 49 14 13 0.2187 0.1842 309 136
403-0-1-0.05-50-0 0 2375 5 48 16 11 0.0007 0.1153 226 334
403-0-1-0.05-50-0 0 2375 18 34 19 16 0.2181 0.7448 226 168
403-0-1-0.05-50-0 0 2375 28 23 8 3 0.3846 0.1698 311 476
403-0-1-0.05-50-0 0 2376 24 5 1 15 0.1940 0.0007 254 226
403-0-1-0.05-50-0 0 2376 5 16 14 3 0.0007 0.2228 226 149
403-0-1-0.05-50-0 0 2376 34 7 15 1 0.7448 0.9267 168 106
403-0-1-0.05-50-0 0 2377 34 3 14 2 0.7448 0.4813 168 321
403-0-1-0.05-50-0 0 2377 18 48 21 14 0.2181 0.1153 226 334
403-0-1-0.05-50-0 0 2377 18 18 21 21 0.2181 0.2181 226 226
403-0-1-0.05-50-0 0 2378 26 18 8 16 0.8171 0.2181 141 226
403-0-1-0.05-50-0 0 2378 39 27 12 7 0.2187 0.0776 309 149
403-0-1-0.05-50-0 0 2378 24 38 1 2 0.1940 0.6163 254 270
403-0-1-0.05-50-0 0 2379 49 39 13 12 0.1842 0.2187 136 309
403-0-1-0.05-50-0 0 2379 49 49 13 13 0.1842 0.1842 136 136
403-0-1-0.05-50-0 0 2379 34 34 15 15 0.7448 0.7448 168 168
403-0-1-0.05-50-0 0 2380 28 16 10 2 0.3846 0.2228 311 149
403-0-1-0.05-50-0 0 2380 19 30 1 2 0.8072 0.6008 134 266
403-0-1-0.05-50-0 0 2380 5 48 16 12 0.0007 0.1153 226 334
403-0-1-0.05-50-0 0 2381 48 48 11 11 0.1153 0.1153 334 334
403-0-1-0.05-50-0 0 2381 39 43 11 2 0.2187 0.8316 309 123
403-0-1-0.05-50-0 0 2381 48 5 10 14 0.1153 0.0007 334 226
403-0-1-0.05-50-0 0 2382 23 48 5 9 0.1698 0.1153 476 334
403-0-1-0.05-50-0 0 2382 3 24 2 1 0.4813 0.1940 321 254
403-0-1-0.05-50-0 0 2382 15 34 2 12 0.7918 0.7448 149 168
403-0-1-0.05-50-0 0 2383 15 4 3 2 0.7918 0.0723 149 351
403-0-1-0.05-50-0 0 2383 49 9 15 4 0.1842 0.6134 136 161
403-0-1-0.05-50-0 0 2383 12 12 4 4 0.1896 0.1896 325 325
403-0-1-0.05-50-0 0 2384 22 18 6 20 0.0160 0.2181 311 226
403-0-1-0.05-50-0 0 2384 5 34 11 13 0.0007 0.7448 226 168
403-0-1-0.05-50-0 0 2384 18 26 19 7 0.2181 0.8171 226 141
403-0-1-0.05-50-0 0 2385 27 27 6 6 0.0776 0.0776 149 149
403-0-1-0.05-50-0 0 2385 32 5 4 10 0.6514 0.0007 215 226
403-0-1-0.05-50-0 0 2385 39 44 11 7 0.2187 0.7034 309 118
403-0-1-0.05-50-0 0 2386 34 32 12 4 0.7448 0.6514 168 215
403-0-1-0.05-50-0 0 2386 34 34 12 12 0.7448 0.7448 168 168
403-0-1-0.05-50-0 0 2387 28 48 7 10 0.3846 0.1153 311 334
403-0-1-0.05-50-0 0 2387 30 49 2 17 0.6008 0.1842 266 136
403-0-1-0.05-50-0 0 2387 49 48 16 9 0.1842 0.1153 136 334
403-0-1-0.05-50-0 0 2388 48 5 8 11 0.1153 0.0007 334 226
403-0-1-0.05-50-0 0 2388 32 49 5 14 0.6514 0.1842 215 136
403-0-1-0.05-50-0 0 2388 5 18 10 18 0.0007 0.2181 226 226
403-0-1-0.05-50-0 0 2389 1 49 3 14 0.2520 0.1842 409 136
403-0-1-0.05-50-0 0 2389 4 49 1 13 0.0723 0.1842 351 136
403-0-1-0.05-50-0 0 2390 23 5 6 10 0.1698 0.0007 476 226
403-0-1-0.05-50-0 0 2390 48 16 10 2 0.1153 0.2228 334 149
403-0-1-0.05-50-0 0 2390 39 9 12 3 0.2187 0.6134 309 161
403-0-1-0.05-50-0 0 2391 38 26 2 5 0.6163 0.8171 270 141
403-0-1-0.05-50-0 0 2391 22 23 7 7 0.0160 0.1698 311 476
403-0-1-0.05-50-0 0 2391 18 18 19 19 0.2181 0.2181 226 226
403-0-1-0.05-50-0 0 2392 44 49 5 12 0.7034 0.1842 118 136
403-0-1-0.05-50-0 0 2392 18 38 18 2 0.2181 0.6163 226 270
403-0-1-0.05-50-0 0 2392 20 30 3 2 0.9922 0.6008 102 266
403-0-1-0.05-50-0 0 2393 16 15 2 3 0.2228 0.7918 149 149
403-0-1-0.05-50-0 0 2393 18 49 18 11 0.2181 0.1842 226 136
403-0-1-0.05-50-0 0 2393 24 18 2 18 0.1940 0.2181 254 226
403-0-1-0.05-50-0 0 2394 22 48 8 10 0.0160 0.1153 311 334
403-0-1-0.05-50-0 0 2394 39 16 11 2 0.2187 0.2228 309 149
403-0-1-0.05-50-0 0 2394 27 49 5 10 0.0776 0.1842 149 136
403-0-1-0.05-50-0 0 2395 48 48 10 10 0.1153 0.1153 334 334
403-0-1-0.05-50-0 0 2395 28 18 10 17 0.3846 0.2181 311 226
403-0-1-0.05-50-0 0 2395 20 39 3 10 0.9922 0.2187 102 309
403-0-1-0.05-50-0 0 2396 39 23 9 6 0.2187 0.1698 309 476
403-0-1-0.05-50-0 0 2396 32 28 8 11 0.6514 0.3846 215 311
403-0-1-0.05-50-0 0 2396 7 32 3 8 0.9267 0.6514 106 215
403-0-1-0.05-50-0 0 2397 23 16 5 1 0.1698 0.2228 476 149
403-0-1-0.05-50-0 0 2397 49 33 11 4 0.1842 0.6893 136 191
403-0-1-0.05-50-0 0 2397 18 34 17 15 0.2181 0.7448 226 168
403-0-1-0.05-50-0 0 2398 28 18 10 19 0.3846 0.2181 311 226
403-0-1-0.05-50-0 0 2398 40 15 2 3 0.9739 0.7918 104 149
403-0-1-0.05-50-0 0 2398 39 49 10 11 0.2187 0.1842 309 136
403-0-1-0.05-50-0 0 2399 49 49 11 11 0.1842 0.1842 136 136
403-0-1-0.05-50-0 0 2399 48 49 12 10 0.1153 0.1842 334 136
403-0-1-0.05-50-0 0 2399 28 26 12 6 0.3846 0.8171 311 141
403-0-1-0.05-50-0 0 2400 24 44 3 8 0.1940 0.7034 254 118
403-0-1-0.05-50-0 0 2400 32 1 6 4 0.6514 0.2520 215 409
403-0-1-0.05-50-0 0 2400 28 25 13 1 0.3846 0.9430 311 125
403-0-1-0.05-50-0 0 2401 1 48 3 11 0.2520 0.1153 409 334
403-0-1-0.05-50-0 0 2401 18 34 18 18 0.2181 0.7448 226 168
403-0-1-0.05-50-0 0 2401 18 20 18 5 0.2181 0.9922 226 102
403-0-1-0.05-50-0 0 2402 22 43 9 2 0.0160 0.8316 311 123
403-0-1-0.05-50-0 0 2402 32 28 7 12 0.6514 0.3846 215 311
403-0-1-0.05-50-0 0 2402 26 39 6 11 0.8171 0.2187 141 309
403-0-1-0.05-50-0 0 2403 28 27 11 5 0.3846 0.0776 311 149
403-0-1-0.05-50-0 0 2403 43 48 1 9 0.8316 0.1153 123 334
403-0-1-0.05-50-0 0 2403 18 1 19 3 0.2181 0.2520 226 409
403-0-1-0.05-50-0 0 2404 44 28 8 11 0.7034 0.3846 118 311
403-0-1-0.05-50-0 0 2404 32 5 8 8 0.6514 0.0007 215 226
403-0-1-0.05-50-0 0 2404 20 48 4 8 0.9922 0.1153 102 334
403-0-1-0.05-50-0 0 2405 39 18 10 19 0.2187 0.2181 309 226
403-0-1-0.05-50-0 0 2405 34 48 15 7 0.7448 0.1153 168 334
403-0-1-0.05-50-0 0 2405 5 28 10 11 0.0007 0.3846 226 311
403-0-1-0.05-50-0 0 2406 39 16 9 1 0.2187 0.2228 309 149
403-0-1-0.05-50-0 0 2406 20 26 3 6 0.9922 0.8171 102 141
403-0-1-0.05-50-0 0 2406 32 18 10 19 0.6514 0.2181 215 226
403-0-1-0.05-50-0 0 2407 28 34 9 15 0.3846 0.7448 311 168
403-0-1-0.05-50-0 0 2407 34 18 14 17 0.7448 0.2181 168 226
403-0-1-0.05-50-0 0 2407 49 5 7 10 0.1842 0.0007 136 226
403-0-1-0.05-50-0 0 2408 47 27 1 3 0.9293 0.0776 103 149
403-0-1-0.05-50-0 0 2408 26 24 6 3 0.8171 0.1940 141 254
403-0-1-0.05-50-0 0 2409 7 34 6 12 0.9267 0.7448 106 168
403-0-1-0.05-50-0 0 2409 18 33 17 4 0.2181 0.6893 226 191
403-0-1-0.05-50-0 0 2410 44 32 7 8 0.7034 0.6514 118 215
403-0-1-0.05-50-0 0 2410 28 18 9 18 0.3846 0.2181 311 226
403-0-1-0.05-50-0 0 2411 26 39 6 6 0.8171 0.2187 141 309
403-0-1-0.05-50-0 0 2411 34 40 12 1 0.7448 0.9739 168 104
403-0-1-0.05-50-0 0 2412 39 18 5 19 0.2187 0.2181 309 226
403-0-1-0.05-50-0 0 2412 33 20 3 3 0.6893 0.9922 191 102
403-0-1-0.05-50-0 0 2413 23 32 12 6 0.1698 0.6514 476 215
403-0-1-0.05-50-0 0 2413 18 44 18 7 0.2181 0.7034 226 118
403-0-1-0.05-50-0 0 2414 22 22 9 9 0.0160 0.0160 311 311
403-0-1-0.05-50-0 0 2414 27 13 2 1 0.0776 0.8878 149 151
403-0-1-0.05-50-0 0 2415 44 18 5 16 0.7034 0.2181 118 226
403-0-1-0.05-50-0 0 2415 49 23 6 13 0.1842 0.1698 136 476
403-0-1-0.05-50-0 0 2416 5 33 12 4 0.0007 0.6893 226 191
403-0-1-0.05-50-0 0 2416 22 3 9 1 0.0160 0.4813 311 321
403-0-1-0.05-50-0 0 2417 39 23 6 10 0.2187 0.1698 309 476
403-0-1-0.05-50-0 0 2417 39 7 6 9 0.2187 0.9267 309 106
403-0-1-0.05-50-0 0 2418 15 23 6 9 0.7918 0.1698 149 476
403-0-1-0.05-50-0 0 2418 49 38 7 1 0.1842 0.6163 136 270
403-0-1-0.05-50-0 0 2419 28 28 12 12 0.3846 0.3846 311 311
403-0-1-0.05-50-0 0 2419 15 48 6 3 0.7918 0.1153 149 334
403-0-1-0.05-50-0 0 2420 23 28 9 12 0.1698 0.3846 476 311
403-0-1-0.05-50-0 0 2420 17 23 1 9 0.6398 0.1698 197 476
403-0-1-0.05-50-0 0 2421 4 34 3 10 0.0723 0.7448 351 168
403-0-1-0.05-50-0 0 2421 18 7 19 10 0.2181 0.9267 226 106
403-0-1-0.05-50-0 0 2422 20 33 4 6 0.9922 0.6893 102 191
403-0-1-0.05-50-0 0 2422 22 26 10 4 0.0160 0.8171 311 141
403-0-1-0.05-50-0 0 2423 5 5 13 13 0.0007 0.0007 226 226
403-0-1-0.05-50-0 0 2423 15 22 8 11 0.7918 0.0160 149 311
403-0-1-0.05-50-0 0 2424 7 43 10 5 0.9267 0.8316 106 123
403-0-1-0.05-50-0 0 2424 15 7 9 10 0.7918 0.9267 149 106
403-0-1-0.05-50-0 0 2425 49 28 5 15 0.1842 0.3846 136 311
403-0-1-0.05-50-0 0 2425 34 18 7 22 0.7448 0.2181 168 226
403-0-1-0.05-50-0 0 2426 5 18 9 21 0.0007 0.2181 226 226
403-0-1-0.05-50-0 0 2426 7 7 9 9 0.9267 0.9267 106 106
403-0-1-0.05-50-0 0 2427 22 23 10 5 0.0160 0.1698 311 476
403-0-1-0.05-50-0 0 2427 34 24 7 3 0.7448 0.1940 168 254
403-0-1-0.05-50-0 0 2428 28 48 15 1 0.3846 0.1153 311 334
403-0-1-0.05-50-0 0 2428 34 49 7 6 0.7448 0.1842 168 136
403-0-1-0.05-50-0 0 2429 22 5 12 8 0.0160 0.0007 311 226
403-0-1-0.05-50-0 0 2429 39 22 5 12 0.2187 0.0160 309 311
403-0-1-0.05-50-0 0 2430 49 34 5 8 0.1842 0.7448 136 168
403-0-1-0.05-50-0 0 2430 18 18 18 18 0.2181 0.2181 226 226
403-0-1-0.05-50-0 0 2431 24 8 3 3 0.1940 0.2506 254 303
403-0-1-0.05-50-0 0 2431 28 5 15 9 0.3846 0.0007 311 226
403-0-1-0.05-50-0 0 2432 28 33 14 5 0.3846 0.6893 311 191
403-0-1-0.05-50-0 0 2432 28 34 14 7 0.3846 0.7448 311 168
403-0-1-0.05-50-0 0 2433 46 49 1 4 0.3451 0.1842 327 136
403-0-1-0.05-50-0 0 2433 15 43 9 5 0.7918 0.8316 149 123
403-0-1-0.05-50-0 0 2434 18 34 17 5 0.2181 0.7448 226 168
403-0-1-0.05-50-0 0 2434 26 44 3 5 0.8171 0.7034 141 118
403-0-1-0.05-50-0 0 2435 23 9 5 3 0.1698 0.6134 476 161
403-0-1-0.05-50-0 0 2435 3 6 1 2 0.4813 0.4266 321 249
403-0-1-0.05-50-0 0 2436 18 5 18 7 0.2181 0.0007 226 226
403-0-1-0.05-50-0 0 2436 28 9 12 2 0.3846 0.6134 311 161
403-0-1-0.05-50-0 0 2437 22 27 11 2 0.0160 0.0776 311 149
403-0-1-0.05-50-0 0 2437 28 44 11 4 0.3846 0.7034 311 118
403-0-1-0.05-50-0 0 2438 16 39 1 4 0.2228 0.2187 149 309
403-0-1-0.05-50-0 0 2438 23 49 5 4 0.1698 0.1842 476 136
403-0-1-0.05-50-0 0 2439 18 20 19 2 0.2181 0.9922 226 102
403-0-1-0.05-50-0 0 2439 32 28 6 14 0.6514 0.3846 215 311
403-0-1-0.05-50-0 0 2440 43 22 5 14 0.8316 0.0160 123 311
403-0-1-0.05-50-0 0 2440 49 13 3 2 0.1842 0.8878 136 151
403-0-1-0.05-50-0 0 2441 28 43 15 5 0.3846 0.8316 311 123
403-0-1-0.05-50-0 0 2441 22 28 13 15 0.0160 0.3846 311 311
403-0-1-0.05-50-0 0 2442 28 22 15 16 0.3846 0.0160 311 311
403-0-1-0.05-50-0 0 2442 18 7 19 7 0.2181 0.9267 226 106
403-0-1-0.05-50-0 0 2443 3 18 1 19 0.4813 0.2181 321 226
403-0-1-0.05-50-0 0 2443 22 23 15 8 0.0160 0.1698 311 476
403-0-1-0.05-50-0 0 2444 22 23 15 8 0.0160 0.1698 311 476
403-0-1-0.05-50-0 0 2444 15 15 8 8 0.7918 0.7918 149 149
403-0-1-0.05-50-0 0 2445 18 18 18 18 0.2181 0.2181 226 226
403-0-1-0.05-50-0 0 2445 36 39 1 7 0.8162 0.2187 165 309
403-0-1-0.05-50-0 0 2446 18 1 16 1 0.2181 0.2520 226 409
403-0-1-0.05-50-0 0 2446 22 18 14 16 0.0160 0.2181 311 226
403-0-1-0.05-50-0 0 2447 23 18 7 14 0.1698 0.2181 476 226
403-0-1-0.05-50-0 0 2447 22 28 14 14 0.0160 0.3846 311 311
403-0-1-0.05-50-0 0 2448 32 22 5 15 0.6514 0.0160 215 311
403-0-1-0.05-50-0 0 2448 15 23 9 8 0.7918 0.1698 149 476
403-0-1-0.05-50-0 0 2449 33 15 4 9 0.6893 0.7918 191 149
403-0-1-0.05-50-0 0 2449 18 43 14 5 0.2181 0.8316 226 123
403-0-1-0.05-50-0 0 2450 32 18 4 14 0.6514 0.2181 215 226
403-0-1-0.05-50-0 0 2450 13 32 2 4 0.8878 0.6514 151 215
403-0-1-0.05-50-0 0 2451 28 5 13 6 0.3846 0.0007 311 226
403-0-1-0.05-50-0 0 2451 23 5 7 5 0.1698 0.0007 476 226
403-0-1-0.05-50-0 0 2452 22 18 19 13 0.0160 0.2181 311 226
403-0-1-0.05-50-0 0 2452 44 26 4 7 0.7034 0.8171 118 141
403-0-1-0.05-50-0 0 2453 42 34 1 2 0.7447 0.7448 106 168
403-0-1-0.05-50-0 0 2453 39 26 9 7 0.2187 0.8171 309 141
403-0-1-0.05-50-0 0 2454 5 16 6 1 0.0007 0.2228 226 149
403-0-1-0.05-50-0 0 2454 13 33 2 5 0.8878 0.6893 151 191
403-0-1-0.05-50-0 0 2455 18 7 13 6 0.2181 0.9267 226 106
403-0-1-0.05-50-0 0 2455 22 22 22 22 0.0160 0.0160 311 311
403-0-1-0.05-50-0 0 2456 18 22 13 21 0.2181 0.0160 226 311
403-0-1-0.05-50-0 0 2456 39 28 12 12 0.2187 0.3846 309 311
403-0-1-0.05-50-0 0 2457 23 13 8 2 0.1698 0.8878 476 151
403-0-1-0.05-50-0 0 2457 20 15 2 12 0.9922 0.7918 102 149
403-0-1-0.05-50-0 0 2458 39 39 14 14 0.2187 0.2187 309 309
403-0-1-0.05-50-0 0 2458 23 15 10 12 0.1698 0.7918 476 149
403-0-1-0.05-50-0 0 2459 7 23 5 10 0.9267 0.1698 106 476
403-0-1-0.05-50-0 0 2459 26 26 5 5 0.8171 0.8171 141 141
403-0-1-0.05-50-0 0 2460 28 22 9 20 0.3846 0.0160 311 311
403-0-1-0.05-50-0 0 2460 43 22 6 19 0.8316 0.0160 123 311
403-0-1-0.05-50-0 0 2461 8 15 2 13 0.2506 0.7918 303 149
403-0-1-0.05-50-0 0 2461 7 43 6 6 0.9267 0.8316 106 123
403-0-1-0.05-50-0 0 2462 18 33 18 6 0.2181 0.6893 226 191
403-0-1-0.05-50-0 0 2462 3 23 1 7 0.4813 0.1698 321 476
403-0-1-0.05-50-0 0 2463 10 39 3 14 0.2533 0.2187 449 309
403-0-1-0.05-50-0 0 2463 39 28 13 12 0.2187 0.3846 309 311
403-0-1-0.05-50-0 0 2464 43 18 5 20 0.8316 0.2181 123 226
403-0-1-0.05-50-0 0 2464 28 28 12 12 0.3846 0.3846 311 311
403-0-1-0.05-50-0 0 2465 18 28 20 12 0.2181 0.3846 226 311
403-0-1-0.05-50-0 0 2465 24 18 1 20 0.1940 0.2181 254 226
403-0-1-0.05-50-0 0 2466 20 15 5 11 0.9922 0.7918 102 149
403-0-1-0.05-50-0 0 2466 43 22 7 18 0.8316 0.0160 123 311
403-0-1-0.05-50-0 0 2467 15 32 10 7 0.7918 0.6514 149 215
403-0-1-0.05-50-0 0 2467 22 28 15 12 0.0160 0.3846 311 311
403-0-1-0.05-50-0 0 2468 22 22 15 15 0.0160 0.0160 311 311
403-0-1-0.05-50-0 0 2468 7 18 7 21 0.9267 0.2181 106 226
403-0-1-0.05-50-0 0 2469 43 26 6 3 0.8316 0.8171 123 141
403-0-1-0.05-50-0 0 2469 8 33 4 4 0.2506 0.6893 303 191
403-0-1-0.05-50-0 0 2470 8 23 4 7 0.2506 0.1698 303 476
403-0-1-0.05-50-0 0 2470 8 15 4 9 0.2506 0.7918 303 149
403-0-1-0.05-50-0 0 2471 8 7 4 5 0.2506 0.9267 303 106
403-0-1-0.05-50-0 0 2471 32 44 7 4 0.6514 0.7034 215 118
403-0-1-0.05-50-0 0 2472 22 18 14 20 0.0160 0.2181 311 226
403-0-1-0.05-50-0 0 2472 23 22 7 14 0.1698 0.0160 476 311
403-0-1-0.05-50-0 0 2473 18 44 21 3 0.2181 0.7034 226 118
403-0-1-0.05-50-0 0 2473 26 39 2 20 0.8171 0.2187 141 309
403-0-1-0.05-50-0 0 2474 23 49 7 3 0.1698 0.1842 476 136
403-0-1-0.05-50-0 0 2474 43 22 6 14 0.8316 0.0160 123 311
403-0-1-0.05-50-0 0 2475 23 39 6 18 0.1698 0.2187 476 309
403-0-1-0.05-50-0 0 2475 39 44 17 2 0.2187 0.7034 309 118
403-0-1-0.05-50-0 0 2476 9 31 3 1 0.6134 0.5626 161 252
403-0-1-0.05-50-0 0 2476 22 18 12 17 0.0160 0.2181 311 226
403-0-1-0.05-50-0 0 2477 18 2 16 1 0.2181 0.8198 226 167
403-0-1-0.05-50-0 0 2477 22 15 12 9 0.0160 0.7918 311 149
403-0-1-0.05-50-0 0 2478 28 22 13 12 0.3846 0.0160 311 311
403-0-1-0.05-50-0 0 2478 22 15 11 8 0.0160 0.7918 311 149
403-0-1-0.05-50-0 0 2479 16 10 3 6 0.2228 0.2533 149 449
403-0-1-0.05-50-0 0 2479 39 28 18 14 0.2187 0.3846 309 311
403-0-1-0.05-50-0 0 2480 44 15 1 7 0.7034 0.7918 118 149
403-0-1-0.05-50-0 0 2480 23 28 8 13 0.1698 0.3846 476 311
403-0-1-0.05-50-0 0 2481 40 16 1 3 0.9739 0.2228 104 149
403-0-1-0.05-50-0 0 2481 18 28 17 12 0.2181 0.3846 226 311
403-0-1-0.05-50-0 0 2482 39 39 17 17 0.2187 0.2187 309 309
403-0-1-0.05-50-0 0 2482 22 18 10 18 0.0160 0.2181 311 226
403-0-1-0.05-50-0 0 2483 20 39 4 17 0.9922 0.2187 102 309
403-0-1-0.05-50-0 0 2483 49 5 2 5 0.1842 0.0007 136 226
403-0-1-0.05-50-0 0 2484 15 33 7 2 0.7918 0.6893 149 191
403-0-1-0.05-50-0 0 2484 43 5 10 4 0.8316 0.0007 123 226
403-0-1-0.05-50-0 0 2485 40 33 2 2 0.9739 0.6893 104 191
403-0-1-0.05-50-0 0 2485 18 18 19 19 0.2181 0.2181 226 226
403-0-1-0.05-50-0 0 2486 20 18 4 18 0.9922 0.2181 102 226
403-0-1-0.05-50-0 0 2486 9 39 7 17 0.6134 0.2187 161 309
403-0-1-0.05-50-0 0 2487 18 39 18 14 0.2181 0.2187 226 309
403-0-1-0.05-50-0 0 2487 49 29 3 1 0.1842 0.6728 136 177
403-0-1-0.05-50-0 0 2488 22 39 12 13 0.0160 0.2187 311 309
403-0-1-0.05-50-0 0 2488 9 9 5 5 0.6134 0.6134 161 161
403-0-1-0.05-50-0 0 2489 28 49 11 5 0.3846 0.1842 311 136
403-0-1-0.05-50-0 0 2489 18 23 21 10 0.2181 0.1698 226 476
403-0-1-0.05-50-0 0 2489 18 5 21 3 0.2181 0.0007 226 226
403-0-1-0.05-50-0 0 2490 37 18 2 21 0.8481 0.2181 127 226
403-0-1-0.05-50-0 0 2490 15 7 9 6 0.7918 0.9267 149 106
403-0-1-0.05-50-0 0 2490 28 28 11 11 0.3846 0.3846 311 311
403-0-1-0.05-50-0 0 2491 28 49 10 5 0.3846 0.1842 311 136
403-0-1-0.05-50-0 0 2491 8 18 4 20 0.2506 0.2181 303 226
403-0-1-0.05-50-0 0 2491 39 22 12 13 0.2187 0.0160 309 311
403-0-1-0.05-50-0 0 2492 22 50 11 4 0.0160 0.2147 311 147
403-0-1-0.05-50-0 0 2492 18 9 21 2 0.2181 0.6134 226 161
403-0-1-0.05-50-0 0 2492 43 32 13 10 0.8316 0.6514 123 215
403-0-1-0.05-50-0 0 2493 50 39 4 15 0.2147 0.2187 147 309
403-0-1-0.05-50-0 0 2493 43 18 14 22 0.8316 0.2181 123 226
403-0-1-0.05-50-0 0 2493 39 18 14 21 0.2187 0.2181 309 226
403-0-1-0.05-50-0 0 2494 10 18 6 19 0.2533 0.2181 449 226
403-0-1-0.05-50-0 0 2494 50 28 5 11 0.2147 0.3846 147 311
403-0-1-0.05-50-0 0 2494 34 18 1 18 0.7448 0.2181 168 226
403-0-1-0.05-50-0 0 2495 33 28 1 11 0.6893 0.3846 191 311
403-0-1-0.05-50-0 0 2495 7 3 6 1 0.9267 0.4813 106 321
403-0-1-0.05-50-0 0 2495 39 43 16 14 0.2187 0.8316 309 123
403-0-1-0.05-50-0 0 2496 38 50 2 5 0.6163 0.2147 270 147
403-0-1-0.05-50-0 0 2496 43 20 14 2 0.8316 0.9922 123 102
403-0-1-0.05-50-0 0 2496 32 10 9 5 0.6514 0.2533 215 449
403-0-1-0.05-50-0 0 2497 39 7 17 5 0.2187 0.9267 309 106
403-0-1-0.05-50-0 0 2497 8 23 6 11 0.2506 0.1698 303 476
403-0-1-0.05-50-0 0 2497 39 29 17 1 0.2187 0.6728 309 177
403-0-1-0.05-50-0 0 2498 18 18 21 21 0.2181 0.2181 226 226
403-0-1-0.05-50-0 0 2498 39 39 16 16 0.2187 0.2187 309 309
403-0-1-0.05-50-0 0 2498 32 43 9 12 0.6514 0.8316 215 123
403-0-1-0.05-50-0 0 2499 15 39 9 13 0.7918 0.2187 149 309
403-0-1-0.05-50-0 0 2499 18 23 20 9 0.2181 0.1698 226 476
403-0-1-0.05-50-0 0 2499 16 28 2 10 0.2228 0.3846 149 311
403-0-1-0.05-50-0 0 2500 10 39 7 14 0.2533 0.2187 449 309
403-0-1-0.05-50-0 0 2500 28 44 9 4 0.3846 0.7034 311 118
403-0-1-0.05-50-0 0 2500 10 6 7 1 0.2533 0.4266 449 249
