412-0-1-0.05-50-0 0 2302 9 6 9 2 0.6134 0.4266 161 249
412-0-1-0.05-50-0 0 2302 8 23 26 1 0.2506 0.1698 303 476
412-0-1-0.05-50-0 0 2303 16 48 22 13 0.2228 0.1153 149 334
412-0-1-0.05-50-0 0 2303 16 8 22 27 0.2228 0.2506 149 303
412-0-1-0.05-50-0 0 2304 16 18 21 13 0.2228 0.2181 149 226
412-0-1-0.05-50-0 0 2304 16 18 21 12 0.2228 0.2181 149 226
412-0-1-0.05-50-0 0 2305 30 7 2 2 0.6008 0.9267 266 106
412-0-1-0.05-50-0 0 2305 8 27 25 5 0.2506 0.0776 303 149
412-0-1-0.05-50-0 0 2306 8 16 26 23 0.2506 0.2228 303 149
412-0-1-0.05-50-0 0 2306 8 8 26 26 0.2506 0.2506 303 303
412-0-1-0.05-50-0 0 2307 9 21 11 4 0.6134 0.4184 161 158
412-0-1-0.05-50-0 0 2307 45 9 1 11 0.3816 0.6134 173 161
412-0-1-0.05-50-0 0 2308 13 13 5 5 0.8878 0.8878 151 151
412-0-1-0.05-50-0 0 2308 16 48 23 9 0.2228 0.1153 149 334
412-0-1-0.05-50-0 0 2309 8 41 25 2 0.2506 0.9621 303 105
412-0-1-0.05-50-0 0 2309 50 8 3 25 0.2147 0.2506 147 303
412-0-1-0.05-50-0 0 2310 30 16 2 23 0.6008 0.2228 266 149
412-0-1-0.05-50-0 0 2310 7 16 1 22 0.9267 0.2228 106 149
412-0-1-0.05-50-0 0 2311 22 7 8 1 0.0160 0.9267 311 106
412-0-1-0.05-50-0 0 2311 38 16 3 22 0.6163 0.2228 270 149
412-0-1-0.05-50-0 0 2312 48 48 7 7 0.1153 0.1153 334 334
412-0-1-0.05-50-0 0 2312 18 22 14 8 0.2181 0.0160 226 311
412-0-1-0.05-50-0 0 2313 9 8 9 30 0.6134 0.2506 161 303
412-0-1-0.05-50-0 0 2313 48 16 6 22 0.1153 0.2228 334 149
412-0-1-0.05-50-0 0 2314 18 13 16 4 0.2181 0.8878 226 151
412-0-1-0.05-50-0 0 2314 13 27 3 6 0.8878 0.0776 151 149
412-0-1-0.05-50-0 0 2315 48 16 7 25 0.1153 0.2228 334 149
412-0-1-0.05-50-0 0 2315 48 9 7 10 0.1153 0.6134 334 161
412-0-1-0.05-50-0 0 2316 29 11 2 1 0.6728 0.0504 177 384
412-0-1-0.05-50-0 0 2316 28 16 7 25 0.3846 0.2228 311 149
412-0-1-0.05-50-0 0 2317 21 48 2 10 0.4184 0.1153 158 334
412-0-1-0.05-50-0 0 2317 16 8 22 31 0.2228 0.2506 149 303
412-0-1-0.05-50-0 0 2318 18 8 18 28 0.2181 0.2506 226 303
412-0-1-0.05-50-0 0 2318 10 26 1 2 0.2533 0.8171 449 141
412-0-1-0.05-50-0 0 2318 18 8 18 27 0.2181 0.2506 226 303
412-0-1-0.05-50-0 0 2319 8 8 26 26 0.2506 0.2506 303 303
412-0-1-0.05-50-0 0 2319 27 27 7 7 0.0776 0.0776 149 149
412-0-1-0.05-50-0 0 2319 8 16 25 23 0.2506 0.2228 303 149
412-0-1-0.05-50-0 0 2320 22 16 10 20 0.0160 0.2228 311 149
412-0-1-0.05-50-0 0 2320 18 8 20 25 0.2181 0.2506 226 303
412-0-1-0.05-50-0 0 2321 16 8 19 23 0.2228 0.2506 149 303
412-0-1-0.05-50-0 0 2321 18 3 21 2 0.2181 0.4813 226 321
412-0-1-0.05-50-0 0 2322 41 8 2 23 0.9621 0.2506 105 303
412-0-1-0.05-50-0 0 2322 9 9 12 12 0.6134 0.6134 161 161
412-0-1-0.05-50-0 0 2322 22 8 13 22 0.0160 0.2506 311 303
412-0-1-0.05-50-0 0 2323 18 38 24 4 0.2181 0.6163 226 270
412-0-1-0.05-50-0 0 2323 8 8 23 23 0.2506 0.2506 303 303
412-0-1-0.05-50-0 0 2323 18 6 24 2 0.2181 0.4266 226 249
412-0-1-0.05-50-0 0 2324 45 8 2 21 0.3816 0.2506 173 303
412-0-1-0.05-50-0 0 2324 3 18 1 21 0.4813 0.2181 321 226
412-0-1-0.05-50-0 0 2325 30 16 5 19 0.6008 0.2228 266 149
412-0-1-0.05-50-0 0 2325 18 27 19 9 0.2181 0.0776 226 149
412-0-1-0.05-50-0 0 2326 16 18 17 20 0.2228 0.2181 149 226
412-0-1-0.05-50-0 0 2326 25 9 3 10 0.9430 0.6134 125 161
412-0-1-0.05-50-0 0 2327 22 35 11 2 0.0160 0.0354 311 158
412-0-1-0.05-50-0 0 2327 8 16 22 18 0.2506 0.2228 303 149
412-0-1-0.05-50-0 0 2327 20 9 1 11 0.9922 0.6134 102 161
412-0-1-0.05-50-0 0 2328 16 48 19 14 0.2228 0.1153 149 334
412-0-1-0.05-50-0 0 2328 22 48 12 13 0.0160 0.1153 311 334
412-0-1-0.05-50-0 0 2328 9 7 10 2 0.6134 0.9267 161 106
412-0-1-0.05-50-0 0 2329 13 8 1 23 0.8878 0.2506 151 303
412-0-1-0.05-50-0 0 2329 45 8 2 22 0.3816 0.2506 173 303
412-0-1-0.05-50-0 0 2329 18 8 20 21 0.2181 0.2506 226 303
412-0-1-0.05-50-0 0 2330 18 16 19 19 0.2181 0.2228 226 149
412-0-1-0.05-50-0 0 2330 38 48 3 14 0.6163 0.1153 270 334
412-0-1-0.05-50-0 0 2331 18 18 20 20 0.2181 0.2181 226 226
412-0-1-0.05-50-0 0 2331 22 9 12 9 0.0160 0.6134 311 161
412-0-1-0.05-50-0 0 2331 16 12 20 1 0.2228 0.1896 149 325
412-0-1-0.05-50-0 0 2332 31 18 2 19 0.5626 0.2181 252 226
412-0-1-0.05-50-0 0 2332 26 26 4 4 0.8171 0.8171 141 141
412-0-1-0.05-50-0 0 2333 8 22 20 12 0.2506 0.0160 303 311
412-0-1-0.05-50-0 0 2333 22 27 11 6 0.0160 0.0776 311 149
412-0-1-0.05-50-0 0 2334 8 16 20 21 0.2506 0.2228 303 149
412-0-1-0.05-50-0 0 2334 16 16 20 20 0.2228 0.2228 149 149
412-0-1-0.05-50-0 0 2335 16 26 20 4 0.2228 0.8171 149 141
412-0-1-0.05-50-0 0 2335 8 8 20 20 0.2506 0.2506 303 303
412-0-1-0.05-50-0 0 2336 16 27 22 4 0.2228 0.0776 149 149
412-0-1-0.05-50-0 0 2336 16 25 22 5 0.2228 0.9430 149 125
412-0-1-0.05-50-0 0 2337 30 18 4 17 0.6008 0.2181 266 226
412-0-1-0.05-50-0 0 2337 48 3 16 3 0.1153 0.4813 334 321
412-0-1-0.05-50-0 0 2338 8 8 19 19 0.2506 0.2506 303 303
412-0-1-0.05-50-0 0 2338 35 8 3 18 0.0354 0.2506 158 303
412-0-1-0.05-50-0 0 2339 36 22 2 10 0.8162 0.0160 165 311
412-0-1-0.05-50-0 0 2339 39 8 3 16 0.2187 0.2506 309 303
412-0-1-0.05-50-0 0 2340 16 22 22 9 0.2228 0.0160 149 311
412-0-1-0.05-50-0 0 2340 34 39 1 3 0.7448 0.2187 168 309
412-0-1-0.05-50-0 0 2340 18 22 20 8 0.2181 0.0160 226 311
412-0-1-0.05-50-0 0 2341 3 27 2 5 0.4813 0.0776 321 149
412-0-1-0.05-50-0 0 2341 35 8 3 16 0.0354 0.2506 158 303
412-0-1-0.05-50-0 0 2342 18 16 21 21 0.2181 0.2228 226 149
412-0-1-0.05-50-0 0 2342 22 20 7 2 0.0160 0.9922 311 102
412-0-1-0.05-50-0 0 2342 16 18 20 21 0.2228 0.2181 149 226
412-0-1-0.05-50-0 0 2343 48 34 20 1 0.1153 0.7448 334 168
412-0-1-0.05-50-0 0 2343 18 18 21 21 0.2181 0.2181 226 226
412-0-1-0.05-50-0 0 2343 18 27 20 4 0.2181 0.0776 226 149
412-0-1-0.05-50-0 0 2344 8 30 15 8 0.2506 0.6008 303 266
412-0-1-0.05-50-0 0 2344 50 16 2 21 0.2147 0.2228 147 149
412-0-1-0.05-50-0 0 2344 31 30 2 7 0.5626 0.6008 252 266
412-0-1-0.05-50-0 0 2345 5 8 3 16 0.0007 0.2506 226 303
412-0-1-0.05-50-0 0 2345 48 22 22 9 0.1153 0.0160 334 311
412-0-1-0.05-50-0 0 2345 38 22 3 8 0.6163 0.0160 270 311
412-0-1-0.05-50-0 0 2346 25 9 6 11 0.9430 0.6134 125 161
412-0-1-0.05-50-0 0 2346 3 31 4 1 0.4813 0.5626 321 252
412-0-1-0.05-50-0 0 2346 27 16 3 24 0.0776 0.2228 149 149
412-0-1-0.05-50-0 0 2347 28 16 4 23 0.3846 0.2228 311 149
412-0-1-0.05-50-0 0 2347 25 48 6 21 0.9430 0.1153 125 334
412-0-1-0.05-50-0 0 2347 26 8 2 16 0.8171 0.2506 141 303
412-0-1-0.05-50-0 0 2348 49 25 1 8 0.1842 0.9430 136 125
412-0-1-0.05-50-0 0 2348 3 48 4 21 0.4813 0.1153 321 334
412-0-1-0.05-50-0 0 2348 25 24 7 3 0.9430 0.1940 125 254
412-0-1-0.05-50-0 0 2349 38 48 3 20 0.6163 0.1153 270 334
412-0-1-0.05-50-0 0 2349 16 25 21 7 0.2228 0.9430 149 125
412-0-1-0.05-50-0 0 2349 30 45 8 4 0.6008 0.3816 266 173
412-0-1-0.05-50-0 0 2350 48 18 18 25 0.1153 0.2181 334 226
412-0-1-0.05-50-0 0 2350 9 8 10 15 0.6134 0.2506 161 303
412-0-1-0.05-50-0 0 2350 18 9 24 10 0.2181 0.6134 226 161
412-0-1-0.05-50-0 0 2351 18 8 23 15 0.2181 0.2506 226 303
412-0-1-0.05-50-0 0 2351 18 18 23 23 0.2181 0.2181 226 226
412-0-1-0.05-50-0 0 2351 19 8 1 14 0.8072 0.2506 134 303
412-0-1-0.05-50-0 0 2352 6 22 4 8 0.4266 0.0160 249 311
412-0-1-0.05-50-0 0 2352 45 35 3 4 0.3816 0.0354 173 158
412-0-1-0.05-50-0 0 2352 50 18 2 25 0.2147 0.2181 147 226
412-0-1-0.05-50-0 0 2353 9 38 9 3 0.6134 0.6163 161 270
412-0-1-0.05-50-0 0 2353 18 48 26 20 0.2181 0.1153 226 334
412-0-1-0.05-50-0 0 2353 22 22 7 7 0.0160 0.0160 311 311
412-0-1-0.05-50-0 0 2354 17 16 1 24 0.6398 0.2228 197 149
412-0-1-0.05-50-0 0 2354 9 24 8 3 0.6134 0.1940 161 254
412-0-1-0.05-50-0 0 2354 48 6 20 2 0.1153 0.4266 334 249
412-0-1-0.05-50-0 0 2355 41 48 3 21 0.9621 0.1153 105 334
412-0-1-0.05-50-0 0 2355 16 16 24 24 0.2228 0.2228 149 149
412-0-1-0.05-50-0 0 2355 48 39 20 2 0.1153 0.2187 334 309
412-0-1-0.05-50-0 0 2356 48 19 20 1 0.1153 0.8072 334 134
412-0-1-0.05-50-0 0 2356 22 18 6 30 0.0160 0.2181 311 226
412-0-1-0.05-50-0 0 2356 48 22 20 6 0.1153 0.0160 334 311
412-0-1-0.05-50-0 0 2357 18 30 31 12 0.2181 0.6008 226 266
412-0-1-0.05-50-0 0 2357 30 28 11 6 0.6008 0.3846 266 311
412-0-1-0.05-50-0 0 2357 16 5 25 4 0.2228 0.0007 149 226
412-0-1-0.05-50-0 0 2358 8 5 15 3 0.2506 0.0007 303 226
412-0-1-0.05-50-0 0 2358 5 18 2 31 0.0007 0.2181 226 226
412-0-1-0.05-50-0 0 2358 16 27 25 6 0.2228 0.0776 149 149
412-0-1-0.05-50-0 0 2359 18 16 28 25 0.2181 0.2228 226 149
412-0-1-0.05-50-0 0 2359 8 16 14 24 0.2506 0.2228 303 149
412-0-1-0.05-50-0 0 2359 16 27 23 5 0.2228 0.0776 149 149
412-0-1-0.05-50-0 0 2360 9 30 10 12 0.6134 0.6008 161 266
412-0-1-0.05-50-0 0 2360 27 48 4 22 0.0776 0.1153 149 334
412-0-1-0.05-50-0 0 2360 10 16 2 24 0.2533 0.2228 449 149
412-0-1-0.05-50-0 0 2361 3 25 4 4 0.4813 0.9430 321 125
412-0-1-0.05-50-0 0 2361 48 3 22 4 0.1153 0.4813 334 321
412-0-1-0.05-50-0 0 2361 13 16 4 24 0.8878 0.2228 151 149
412-0-1-0.05-50-0 0 2362 9 45 11 2 0.6134 0.3816 161 173
412-0-1-0.05-50-0 0 2362 18 16 27 24 0.2181 0.2228 226 149
412-0-1-0.05-50-0 0 2362 16 29 23 3 0.2228 0.6728 149 177
412-0-1-0.05-50-0 0 2363 21 8 2 15 0.4184 0.2506 158 303
412-0-1-0.05-50-0 0 2363 18 38 27 2 0.2181 0.6163 226 270
412-0-1-0.05-50-0 0 2363 48 48 21 21 0.1153 0.1153 334 334
412-0-1-0.05-50-0 0 2364 9 9 12 12 0.6134 0.6134 161 161
412-0-1-0.05-50-0 0 2364 16 48 23 20 0.2228 0.1153 149 334
412-0-1-0.05-50-0 0 2364 16 28 23 6 0.2228 0.3846 149 311
412-0-1-0.05-50-0 0 2365 18 28 31 5 0.2181 0.3846 226 311
412-0-1-0.05-50-0 0 2365 18 22 31 5 0.2181 0.0160 226 311
412-0-1-0.05-50-0 0 2365 16 9 23 11 0.2228 0.6134 149 161
412-0-1-0.05-50-0 0 2366 22 25 4 3 0.0160 0.9430 311 125
412-0-1-0.05-50-0 0 2366 18 8 30 13 0.2181 0.2506 226 303
412-0-1-0.05-50-0 0 2366 18 26 30 4 0.2181 0.8171 226 141
412-0-1-0.05-50-0 0 2367 48 22 21 4 0.1153 0.0160 334 311
412-0-1-0.05-50-0 0 2367 26 18 3 31 0.8171 0.2181 141 226
412-0-1-0.05-50-0 0 2367 12 12 4 4 0.1896 0.1896 325 325
412-0-1-0.05-50-0 0 2368 16 48 24 19 0.2228 0.1153 149 334
412-0-1-0.05-50-0 0 2368 45 18 3 29 0.3816 0.2181 173 226
412-0-1-0.05-50-0 0 2368 30 9 13 10 0.6008 0.6134 266 161
412-0-1-0.05-50-0 0 2369 30 5 13 3 0.6008 0.0007 266 226
412-0-1-0.05-50-0 0 2369 25 18 2 27 0.9430 0.2181 125 226
412-0-1-0.05-50-0 0 2369 28 45 5 3 0.3846 0.3816 311 173
412-0-1-0.05-50-0 0 2370 9 24 12 1 0.6134 0.1940 161 254
412-0-1-0.05-50-0 0 2370 8 45 13 2 0.2506 0.3816 303 173
412-0-1-0.05-50-0 0 2370 48 30 19 13 0.1153 0.6008 334 266
412-0-1-0.05-50-0 0 2371 30 16 13 22 0.6008 0.2228 266 149
412-0-1-0.05-50-0 0 2371 10 18 2 29 0.2533 0.2181 449 226
412-0-1-0.05-50-0 0 2371 20 38 1 1 0.9922 0.6163 102 270
412-0-1-0.05-50-0 0 2372 48 30 21 12 0.1153 0.6008 334 266
412-0-1-0.05-50-0 0 2372 35 30 3 11 0.0354 0.6008 158 266
412-0-1-0.05-50-0 0 2372 16 28 22 5 0.2228 0.3846 149 311
412-0-1-0.05-50-0 0 2373 48 18 21 28 0.1153 0.2181 334 226
412-0-1-0.05-50-0 0 2373 16 18 21 27 0.2228 0.2181 149 226
412-0-1-0.05-50-0 0 2373 48 16 21 21 0.1153 0.2228 334 149
412-0-1-0.05-50-0 0 2374 18 13 26 7 0.2181 0.8878 226 151
412-0-1-0.05-50-0 0 2374 18 27 26 7 0.2181 0.0776 226 149
412-0-1-0.05-50-0 0 2374 18 48 26 21 0.2181 0.1153 226 334
412-0-1-0.05-50-0 0 2375 18 48 29 20 0.2181 0.1153 226 334
412-0-1-0.05-50-0 0 2375 9 18 12 29 0.6134 0.2181 161 226
412-0-1-0.05-50-0 0 2375 35 30 3 11 0.0354 0.6008 158 266
412-0-1-0.05-50-0 0 2376 35 5 3 1 0.0354 0.0007 158 226
412-0-1-0.05-50-0 0 2376 8 21 10 1 0.2506 0.4184 303 158
412-0-1-0.05-50-0 0 2376 18 25 31 3 0.2181 0.9430 226 125
412-0-1-0.05-50-0 0 2377 18 9 30 14 0.2181 0.6134 226 161
412-0-1-0.05-50-0 0 2377 30 48 11 19 0.6008 0.1153 266 334
412-0-1-0.05-50-0 0 2377 48 18 18 30 0.1153 0.2181 334 226
412-0-1-0.05-50-0 0 2378 18 10 30 4 0.2181 0.2533 226 449
412-0-1-0.05-50-0 0 2378 48 48 18 18 0.1153 0.1153 334 334
412-0-1-0.05-50-0 0 2378 29 18 2 30 0.6728 0.2181 177 226
412-0-1-0.05-50-0 0 2379 18 9 32 14 0.2181 0.6134 226 161
412-0-1-0.05-50-0 0 2379 26 48 4 19 0.8171 0.1153 141 334
412-0-1-0.05-50-0 0 2379 32 33 4 2 0.6514 0.6893 215 191
412-0-1-0.05-50-0 0 2380 8 16 11 23 0.2506 0.2228 303 149
412-0-1-0.05-50-0 0 2380 16 18 22 32 0.2228 0.2181 149 226
412-0-1-0.05-50-0 0 2380 16 28 22 6 0.2228 0.3846 149 311
412-0-1-0.05-50-0 0 2381 48 48 19 19 0.1153 0.1153 334 334
412-0-1-0.05-50-0 0 2381 30 22 12 3 0.6008 0.0160 266 311
412-0-1-0.05-50-0 0 2381 9 9 12 12 0.6134 0.6134 161 161
412-0-1-0.05-50-0 0 2382 32 7 5 1 0.6514 0.9267 215 106
412-0-1-0.05-50-0 0 2382 20 29 3 2 0.9922 0.6728 102 177
412-0-1-0.05-50-0 0 2382 8 36 11 1 0.2506 0.8162 303 165
412-0-1-0.05-50-0 0 2383 9 9 13 13 0.6134 0.6134 161 161
412-0-1-0.05-50-0 0 2383 9 48 12 19 0.6134 0.1153 161 334
412-0-1-0.05-50-0 0 2383 8 41 11 1 0.2506 0.9621 303 105
412-0-1-0.05-50-0 0 2384 16 18 23 32 0.2228 0.2181 149 226
412-0-1-0.05-50-0 0 2384 48 16 18 23 0.1153 0.2228 334 149
412-0-1-0.05-50-0 0 2384 27 18 4 31 0.0776 0.2181 149 226
412-0-1-0.05-50-0 0 2385 18 9 31 12 0.2181 0.6134 226 161
412-0-1-0.05-50-0 0 2385 48 48 18 18 0.1153 0.1153 334 334
412-0-1-0.05-50-0 0 2385 18 18 31 31 0.2181 0.2181 226 226
412-0-1-0.05-50-0 0 2386 9 27 13 6 0.6134 0.0776 161 149
412-0-1-0.05-50-0 0 2386 16 13 23 7 0.2228 0.8878 149 151
412-0-1-0.05-50-0 0 2386 18 1 30 5 0.2181 0.2520 226 409
412-0-1-0.05-50-0 0 2387 25 48 5 17 0.9430 0.1153 125 334
412-0-1-0.05-50-0 0 2387 8 26 12 2 0.2506 0.8171 303 141
412-0-1-0.05-50-0 0 2387 22 12 2 4 0.0160 0.1896 311 325
412-0-1-0.05-50-0 0 2388 48 8 17 12 0.1153 0.2506 334 303
412-0-1-0.05-50-0 0 2388 22 18 2 29 0.0160 0.2181 311 226
412-0-1-0.05-50-0 0 2388 30 16 11 25 0.6008 0.2228 266 149
412-0-1-0.05-50-0 0 2389 13 9 6 12 0.8878 0.6134 151 161
412-0-1-0.05-50-0 0 2389 16 48 23 14 0.2228 0.1153 149 334
412-0-1-0.05-50-0 0 2389 48 10 13 2 0.1153 0.2533 334 449
412-0-1-0.05-50-0 0 2390 48 8 14 9 0.1153 0.2506 334 303
412-0-1-0.05-50-0 0 2390 48 3 14 4 0.1153 0.4813 334 321
412-0-1-0.05-50-0 0 2390 14 18 1 29 0.8451 0.2181 105 226
412-0-1-0.05-50-0 0 2391 35 30 1 10 0.0354 0.6008 158 266
412-0-1-0.05-50-0 0 2391 48 18 14 28 0.1153 0.2181 334 226
412-0-1-0.05-50-0 0 2391 18 8 27 8 0.2181 0.2506 226 303
412-0-1-0.05-50-0 0 2392 9 8 10 6 0.6134 0.2506 161 303
412-0-1-0.05-50-0 0 2392 18 18 26 26 0.2181 0.2181 226 226
412-0-1-0.05-50-0 0 2393 7 30 1 11 0.9267 0.6008 106 266
412-0-1-0.05-50-0 0 2393 48 18 13 25 0.1153 0.2181 334 226
412-0-1-0.05-50-0 0 2394 16 27 27 7 0.2228 0.0776 149 149
412-0-1-0.05-50-0 0 2394 9 8 8 5 0.6134 0.2506 161 303
412-0-1-0.05-50-0 0 2395 18 32 24 7 0.2181 0.6514 226 215
412-0-1-0.05-50-0 0 2395 18 27 24 6 0.2181 0.0776 226 149
412-0-1-0.05-50-0 0 2396 18 9 24 9 0.2181 0.6134 226 161
412-0-1-0.05-50-0 0 2396 16 16 25 25 0.2228 0.2228 149 149
412-0-1-0.05-50-0 0 2397 18 3 23 3 0.2181 0.4813 226 321
412-0-1-0.05-50-0 0 2397 8 12 7 2 0.2506 0.1896 303 325
412-0-1-0.05-50-0 0 2398 30 16 11 25 0.6008 0.2228 266 149
412-0-1-0.05-50-0 0 2398 16 16 24 24 0.2228 0.2228 149 149
412-0-1-0.05-50-0 0 2399 27 16 6 22 0.0776 0.2228 149 149
412-0-1-0.05-50-0 0 2399 16 13 21 6 0.2228 0.8878 149 151
412-0-1-0.05-50-0 0 2400 30 16 10 20 0.6008 0.2228 266 149
412-0-1-0.05-50-0 0 2400 18 32 28 5 0.2181 0.6514 226 215
412-0-1-0.05-50-0 0 2401 38 32 5 4 0.6163 0.6514 270 215
412-0-1-0.05-50-0 0 2401 42 48 2 15 0.7447 0.1153 106 334
412-0-1-0.05-50-0 0 2402 16 8 19 9 0.2228 0.2506 149 303
412-0-1-0.05-50-0 0 2402 25 9 6 7 0.9430 0.6134 125 161
412-0-1-0.05-50-0 0 2402 8 8 8 8 0.2506 0.2506 303 303
412-0-1-0.05-50-0 0 2403 18 30 32 11 0.2181 0.6008 226 266
412-0-1-0.05-50-0 0 2403 9 31 5 1 0.6134 0.5626 161 252
412-0-1-0.05-50-0 0 2403 18 16 32 24 0.2181 0.2228 226 149
412-0-1-0.05-50-0 0 2404 48 28 13 6 0.1153 0.3846 334 311
412-0-1-0.05-50-0 0 2404 30 6 9 1 0.6008 0.4266 266 249
412-0-1-0.05-50-0 0 2404 32 42 3 1 0.6514 0.7447 215 106
412-0-1-0.05-50-0 0 2405 48 16 13 25 0.1153 0.2228 334 149
412-0-1-0.05-50-0 0 2405 5 18 2 33 0.0007 0.2181 226 226
412-0-1-0.05-50-0 0 2405 20 7 4 2 0.9922 0.9267 102 106
412-0-1-0.05-50-0 0 2406 39 30 2 10 0.2187 0.6008 309 266
412-0-1-0.05-50-0 0 2406 18 38 33 7 0.2181 0.6163 226 270
412-0-1-0.05-50-0 0 2406 18 1 33 2 0.2181 0.2520 226 409
412-0-1-0.05-50-0 0 2407 18 27 34 7 0.2181 0.0776 226 149
412-0-1-0.05-50-0 0 2407 38 16 7 22 0.6163 0.2228 270 149
412-0-1-0.05-50-0 0 2407 14 38 1 7 0.8451 0.6163 105 270
412-0-1-0.05-50-0 0 2408 16 30 23 7 0.2228 0.6008 149 266
412-0-1-0.05-50-0 0 2408 18 28 34 6 0.2181 0.3846 226 311
412-0-1-0.05-50-0 0 2408 20 28 7 5 0.9922 0.3846 102 311
412-0-1-0.05-50-0 0 2409 18 9 34 6 0.2181 0.6134 226 161
412-0-1-0.05-50-0 0 2409 18 18 34 34 0.2181 0.2181 226 226
412-0-1-0.05-50-0 0 2410 18 9 33 5 0.2181 0.6134 226 161
412-0-1-0.05-50-0 0 2410 16 48 27 13 0.2228 0.1153 149 334
412-0-1-0.05-50-0 0 2410 18 12 33 1 0.2181 0.1896 226 325
412-0-1-0.05-50-0 0 2411 18 18 34 34 0.2181 0.2181 226 226
412-0-1-0.05-50-0 0 2411 16 48 28 15 0.2228 0.1153 149 334
412-0-1-0.05-50-0 0 2411 18 16 33 28 0.2181 0.2228 226 149
412-0-1-0.05-50-0 0 2412 18 48 36 14 0.2181 0.1153 226 334
412-0-1-0.05-50-0 0 2412 27 9 4 4 0.0776 0.6134 149 161
412-0-1-0.05-50-0 0 2412 25 18 6 36 0.9430 0.2181 125 226
412-0-1-0.05-50-0 0 2413 16 18 29 36 0.2228 0.2181 149 226
412-0-1-0.05-50-0 0 2413 39 18 2 35 0.2187 0.2181 309 226
412-0-1-0.05-50-0 0 2413 20 16 9 29 0.9922 0.2228 102 149
412-0-1-0.05-50-0 0 2414 16 18 29 35 0.2228 0.2181 149 226
412-0-1-0.05-50-0 0 2414 20 16 9 29 0.9922 0.2228 102 149
412-0-1-0.05-50-0 0 2414 48 16 12 28 0.1153 0.2228 334 149
412-0-1-0.05-50-0 0 2415 16 27 25 3 0.2228 0.0776 149 149
412-0-1-0.05-50-0 0 2415 39 18 3 35 0.2187 0.2181 309 226
412-0-1-0.05-50-0 0 2415 18 48 34 14 0.2181 0.1153 226 334
412-0-1-0.05-50-0 0 2416 18 16 34 25 0.2181 0.2228 226 149
412-0-1-0.05-50-0 0 2416 39 29 4 3 0.2187 0.6728 309 177
412-0-1-0.05-50-0 0 2417 16 27 24 2 0.2228 0.0776 149 149
412-0-1-0.05-50-0 0 2417 48 13 13 5 0.1153 0.8878 334 151
412-0-1-0.05-50-0 0 2418 48 50 14 1 0.1153 0.2147 334 147
412-0-1-0.05-50-0 0 2418 48 18 14 36 0.1153 0.2181 334 226
412-0-1-0.05-50-0 0 2419 48 18 14 36 0.1153 0.2181 334 226
412-0-1-0.05-50-0 0 2419 39 18 5 35 0.2187 0.2181 309 226
412-0-1-0.05-50-0 0 2420 38 9 9 3 0.6163 0.6134 270 161
412-0-1-0.05-50-0 0 2420 13 39 4 6 0.8878 0.2187 151 309
412-0-1-0.05-50-0 0 2421 18 48 35 14 0.2181 0.1153 226 334
412-0-1-0.05-50-0 0 2421 39 48 5 13 0.2187 0.1153 309 334
412-0-1-0.05-50-0 0 2422 32 39 3 6 0.6514 0.2187 215 309
412-0-1-0.05-50-0 0 2422 18 20 38 9 0.2181 0.9922 226 102
412-0-1-0.05-50-0 0 2422 13 13 4 4 0.8878 0.8878 151 151
412-0-1-0.05-50-0 0 2423 18 18 41 41 0.2181 0.2181 226 226
412-0-1-0.05-50-0 0 2423 25 38 3 9 0.9430 0.6163 125 270
412-0-1-0.05-50-0 0 2423 38 18 8 40 0.6163 0.2181 270 226
412-0-1-0.05-50-0 0 2424 18 37 38 2 0.2181 0.8481 226 127
412-0-1-0.05-50-0 0 2424 18 16 38 24 0.2181 0.2228 226 149
412-0-1-0.05-50-0 0 2424 16 48 23 13 0.2228 0.1153 149 334
412-0-1-0.05-50-0 0 2425 22 23 3 10 0.0160 0.1698 311 476
412-0-1-0.05-50-0 0 2425 18 20 40 6 0.2181 0.9922 226 102
412-0-1-0.05-50-0 0 2425 14 16 2 24 0.8451 0.2228 105 149
412-0-1-0.05-50-0 0 2426 16 16 24 24 0.2228 0.2228 149 149
412-0-1-0.05-50-0 0 2426 48 16 11 23 0.1153 0.2228 334 149
412-0-1-0.05-50-0 0 2427 32 26 5 2 0.6514 0.8171 215 141
412-0-1-0.05-50-0 0 2427 16 18 22 43 0.2228 0.2181 149 226
412-0-1-0.05-50-0 0 2427 18 18 42 42 0.2181 0.2181 226 226
412-0-1-0.05-50-0 0 2428 18 18 42 42 0.2181 0.2181 226 226
412-0-1-0.05-50-0 0 2428 14 8 3 5 0.8451 0.2506 105 303
412-0-1-0.05-50-0 0 2428 16 39 25 6 0.2228 0.2187 149 309
412-0-1-0.05-50-0 0 2429 16 48 27 12 0.2228 0.1153 149 334
412-0-1-0.05-50-0 0 2429 7 20 3 5 0.9267 0.9922 106 102
412-0-1-0.05-50-0 0 2429 18 43 41 1 0.2181 0.8316 226 123
412-0-1-0.05-50-0 0 2430 14 22 3 5 0.8451 0.0160 105 311
412-0-1-0.05-50-0 0 2430 32 48 4 10 0.6514 0.1153 215 334
412-0-1-0.05-50-0 0 2430 18 18 41 41 0.2181 0.2181 226 226
412-0-1-0.05-50-0 0 2431 18 20 41 4 0.2181 0.9922 226 102
412-0-1-0.05-50-0 0 2431 22 31 4 3 0.0160 0.5626 311 252
412-0-1-0.05-50-0 0 2431 38 48 8 10 0.6163 0.1153 270 334
412-0-1-0.05-50-0 0 2432 18 15 41 3 0.2181 0.7918 226 149
412-0-1-0.05-50-0 0 2432 18 23 41 9 0.2181 0.1698 226 476
412-0-1-0.05-50-0 0 2432 48 29 9 1 0.1153 0.6728 334 177
412-0-1-0.05-50-0 0 2433 7 16 4 25 0.9267 0.2228 106 149
412-0-1-0.05-50-0 0 2433 18 18 41 41 0.2181 0.2181 226 226
412-0-1-0.05-50-0 0 2433 18 32 40 4 0.2181 0.6514 226 215
412-0-1-0.05-50-0 0 2434 18 18 40 40 0.2181 0.2181 226 226
412-0-1-0.05-50-0 0 2434 8 30 4 2 0.2506 0.6008 303 266
412-0-1-0.05-50-0 0 2434 18 16 39 23 0.2181 0.2228 226 149
412-0-1-0.05-50-0 0 2435 13 8 5 6 0.8878 0.2506 151 303
412-0-1-0.05-50-0 0 2435 31 23 2 9 0.5626 0.1698 252 476
412-0-1-0.05-50-0 0 2435 23 16 8 21 0.1698 0.2228 476 149
412-0-1-0.05-50-0 0 2436 48 23 10 8 0.1153 0.1698 334 476
412-0-1-0.05-50-0 0 2436 38 38 12 12 0.6163 0.6163 270 270
412-0-1-0.05-50-0 0 2436 23 15 7 2 0.1698 0.7918 476 149
412-0-1-0.05-50-0 0 2437 14 39 4 7 0.8451 0.2187 105 309
412-0-1-0.05-50-0 0 2437 38 10 10 3 0.6163 0.2533 270 449
412-0-1-0.05-50-0 0 2437 41 48 1 9 0.9621 0.1153 105 334
412-0-1-0.05-50-0 0 2438 18 32 46 4 0.2181 0.6514 226 215
412-0-1-0.05-50-0 0 2438 16 16 19 19 0.2228 0.2228 149 149
412-0-1-0.05-50-0 0 2438 27 23 4 7 0.0776 0.1698 149 476
412-0-1-0.05-50-0 0 2439 18 8 48 7 0.2181 0.2506 226 303
412-0-1-0.05-50-0 0 2439 38 32 10 3 0.6163 0.6514 270 215
412-0-1-0.05-50-0 0 2439 39 5 8 3 0.2187 0.0007 309 226
412-0-1-0.05-50-0 0 2440 16 18 14 47 0.2228 0.2181 149 226
412-0-1-0.05-50-0 0 2440 31 8 1 7 0.5626 0.2506 252 303
412-0-1-0.05-50-0 0 2440 18 18 46 46 0.2181 0.2181 226 226
412-0-1-0.05-50-0 0 2441 16 31 16 1 0.2228 0.5626 149 252
412-0-1-0.05-50-0 0 2441 23 18 5 44 0.1698 0.2181 476 226
412-0-1-0.05-50-0 0 2441 18 25 43 7 0.2181 0.9430 226 125
412-0-1-0.05-50-0 0 2442 23 20 5 6 0.1698 0.9922 476 102
412-0-1-0.05-50-0 0 2442 16 38 15 12 0.2228 0.6163 149 270
412-0-1-0.05-50-0 0 2442 18 22 43 7 0.2181 0.0160 226 311
412-0-1-0.05-50-0 0 2443 20 16 5 15 0.9922 0.2228 102 149
412-0-1-0.05-50-0 0 2443 18 7 45 6 0.2181 0.9267 226 106
412-0-1-0.05-50-0 0 2443 16 39 14 8 0.2228 0.2187 149 309
412-0-1-0.05-50-0 0 2444 18 14 44 6 0.2181 0.8451 226 105
412-0-1-0.05-50-0 0 2444 28 23 3 5 0.3846 0.1698 311 476
412-0-1-0.05-50-0 0 2444 18 13 44 7 0.2181 0.8878 226 151
412-0-1-0.05-50-0 0 2445 20 25 6 5 0.9922 0.9430 102 125
412-0-1-0.05-50-0 0 2445 48 28 4 4 0.1153 0.3846 334 311
412-0-1-0.05-50-0 0 2445 18 18 43 43 0.2181 0.2181 226 226
412-0-1-0.05-50-0 0 2446 18 8 42 7 0.2181 0.2506 226 303
412-0-1-0.05-50-0 0 2446 18 16 42 15 0.2181 0.2228 226 149
412-0-1-0.05-50-0 0 2447 14 28 4 3 0.8451 0.3846 105 311
412-0-1-0.05-50-0 0 2447 23 49 4 1 0.1698 0.1842 476 136
412-0-1-0.05-50-0 0 2448 18 33 43 2 0.2181 0.6893 226 191
412-0-1-0.05-50-0 0 2448 23 23 5 5 0.1698 0.1698 476 476
412-0-1-0.05-50-0 0 2448 18 16 43 16 0.2181 0.2228 226 149
412-0-1-0.05-50-0 0 2449 20 25 5 3 0.9922 0.9430 102 125
412-0-1-0.05-50-0 0 2449 16 5 15 2 0.2228 0.0007 149 226
412-0-1-0.05-50-0 0 2449 18 11 46 1 0.2181 0.0504 226 384
412-0-1-0.05-50-0 0 2450 18 18 45 45 0.2181 0.2181 226 226
412-0-1-0.05-50-0 0 2450 14 10 4 2 0.8451 0.2533 105 449
412-0-1-0.05-50-0 0 2451 30 18 3 43 0.6008 0.2181 266 226
412-0-1-0.05-50-0 0 2451 16 7 14 4 0.2228 0.9267 149 106
412-0-1-0.05-50-0 0 2452 47 20 1 6 0.9293 0.9922 103 102
412-0-1-0.05-50-0 0 2452 43 3 3 1 0.8316 0.4813 123 321
412-0-1-0.05-50-0 0 2453 14 39 3 10 0.8451 0.2187 105 309
412-0-1-0.05-50-0 0 2453 18 16 44 13 0.2181 0.2228 226 149
412-0-1-0.05-50-0 0 2453 18 38 44 11 0.2181 0.6163 226 270
412-0-1-0.05-50-0 0 2454 18 43 44 4 0.2181 0.8316 226 123
412-0-1-0.05-50-0 0 2454 13 16 6 11 0.8878 0.2228 151 149
412-0-1-0.05-50-0 0 2455 18 27 46 3 0.2181 0.0776 226 149
412-0-1-0.05-50-0 0 2455 30 38 5 10 0.6008 0.6163 266 270
412-0-1-0.05-50-0 0 2456 16 39 11 11 0.2228 0.2187 149 309
412-0-1-0.05-50-0 0 2456 13 18 6 49 0.8878 0.2181 151 226
412-0-1-0.05-50-0 0 2456 27 38 2 10 0.0776 0.6163 149 270
412-0-1-0.05-50-0 0 2457 16 38 12 10 0.2228 0.6163 149 270
412-0-1-0.05-50-0 0 2457 5 38 2 9 0.0007 0.6163 226 270
412-0-1-0.05-50-0 0 2458 30 18 6 45 0.6008 0.2181 266 226
412-0-1-0.05-50-0 0 2458 18 47 44 1 0.2181 0.9293 226 103
412-0-1-0.05-50-0 0 2459 18 48 44 4 0.2181 0.1153 226 334
412-0-1-0.05-50-0 0 2459 39 20 9 5 0.2187 0.9922 309 102
412-0-1-0.05-50-0 0 2459 23 28 6 3 0.1698 0.3846 476 311
412-0-1-0.05-50-0 0 2460 18 9 46 2 0.2181 0.6134 226 161
412-0-1-0.05-50-0 0 2460 13 30 6 6 0.8878 0.6008 151 266
412-0-1-0.05-50-0 0 2460 44 18 4 46 0.7034 0.2181 118 226
412-0-1-0.05-50-0 0 2461 18 14 49 6 0.2181 0.8451 226 105
412-0-1-0.05-50-0 0 2461 15 18 1 49 0.7918 0.2181 149 226
412-0-1-0.05-50-0 0 2461 18 20 48 5 0.2181 0.9922 226 102
412-0-1-0.05-50-0 0 2462 18 13 46 6 0.2181 0.8878 226 151
412-0-1-0.05-50-0 0 2462 38 16 12 12 0.6163 0.2228 270 149
412-0-1-0.05-50-0 0 2462 30 38 4 12 0.6008 0.6163 266 270
412-0-1-0.05-50-0 0 2463 10 18 3 45 0.2533 0.2181 449 226
412-0-1-0.05-50-0 0 2463 29 23 4 5 0.6728 0.1698 177 476
412-0-1-0.05-50-0 0 2463 25 38 3 11 0.9430 0.6163 125 270
412-0-1-0.05-50-0 0 2464 18 14 46 6 0.2181 0.8451 226 105
412-0-1-0.05-50-0 0 2464 29 18 4 46 0.6728 0.2181 177 226
412-0-1-0.05-50-0 0 2464 7 14 5 5 0.9267 0.8451 106 105
412-0-1-0.05-50-0 0 2465 38 23 11 6 0.6163 0.1698 270 476
412-0-1-0.05-50-0 0 2465 39 43 8 3 0.2187 0.8316 309 123
412-0-1-0.05-50-0 0 2466 18 23 44 5 0.2181 0.1698 226 476
412-0-1-0.05-50-0 0 2466 27 39 2 8 0.0776 0.2187 149 309
412-0-1-0.05-50-0 0 2467 18 13 44 5 0.2181 0.8878 226 151
412-0-1-0.05-50-0 0 2467 29 18 3 44 0.6728 0.2181 177 226
412-0-1-0.05-50-0 0 2468 18 20 42 3 0.2181 0.9922 226 102
412-0-1-0.05-50-0 0 2468 7 7 8 8 0.9267 0.9267 106 106
412-0-1-0.05-50-0 0 2469 49 38 2 9 0.1842 0.6163 136 270
412-0-1-0.05-50-0 0 2469 30 43 5 2 0.6008 0.8316 266 123
412-0-1-0.05-50-0 0 2470 23 28 4 1 0.1698 0.3846 476 311
412-0-1-0.05-50-0 0 2470 8 8 9 9 0.2506 0.2506 303 303
412-0-1-0.05-50-0 0 2471 18 18 45 45 0.2181 0.2181 226 226
412-0-1-0.05-50-0 0 2471 38 18 7 44 0.6163 0.2181 270 226
412-0-1-0.05-50-0 0 2472 44 8 6 8 0.7034 0.2506 118 303
412-0-1-0.05-50-0 0 2472 16 32 10 3 0.2228 0.6514 149 215
412-0-1-0.05-50-0 0 2473 10 16 5 10 0.2533 0.2228 449 149
412-0-1-0.05-50-0 0 2473 18 10 44 5 0.2181 0.2533 226 449
412-0-1-0.05-50-0 0 2474 18 44 45 8 0.2181 0.7034 226 118
412-0-1-0.05-50-0 0 2474 8 10 7 5 0.2506 0.2533 303 449
412-0-1-0.05-50-0 0 2475 18 44 43 9 0.2181 0.7034 226 118
412-0-1-0.05-50-0 0 2475 16 24 9 1 0.2228 0.1940 149 254
412-0-1-0.05-50-0 0 2476 32 23 4 4 0.6514 0.1698 215 476
412-0-1-0.05-50-0 0 2476 38 48 8 6 0.6163 0.1153 270 334
412-0-1-0.05-50-0 0 2477 38 38 8 8 0.6163 0.6163 270 270
412-0-1-0.05-50-0 0 2477 18 16 45 10 0.2181 0.2228 226 149
412-0-1-0.05-50-0 0 2477 49 31 3 1 0.1842 0.5626 136 252
412-0-1-0.05-50-0 0 2478 18 16 42 9 0.2181 0.2228 226 149
412-0-1-0.05-50-0 0 2478 23 18 4 42 0.1698 0.2181 476 226
412-0-1-0.05-50-0 0 2478 18 22 41 2 0.2181 0.0160 226 311
412-0-1-0.05-50-0 0 2479 39 48 4 8 0.2187 0.1153 309 334
412-0-1-0.05-50-0 0 2479 18 7 45 10 0.2181 0.9267 226 106
412-0-1-0.05-50-0 0 2479 7 18 9 45 0.9267 0.2181 106 226
412-0-1-0.05-50-0 0 2480 16 44 9 8 0.2228 0.7034 149 118
412-0-1-0.05-50-0 0 2480 8 45 10 1 0.2506 0.3816 303 173
412-0-1-0.05-50-0 0 2480 7 38 9 8 0.9267 0.6163 106 270
412-0-1-0.05-50-0 0 2481 25 18 7 47 0.9430 0.2181 125 226
412-0-1-0.05-50-0 0 2481 32 16 3 9 0.6514 0.2228 215 149
412-0-1-0.05-50-0 0 2481 18 48 46 7 0.2181 0.1153 226 334
412-0-1-0.05-50-0 0 2482 18 18 46 46 0.2181 0.2181 226 226
412-0-1-0.05-50-0 0 2482 18 23 45 6 0.2181 0.1698 226 476
412-0-1-0.05-50-0 0 2482 17 18 1 45 0.6398 0.2181 197 226
412-0-1-0.05-50-0 0 2483 18 25 43 8 0.2181 0.9430 226 125
412-0-1-0.05-50-0 0 2483 8 20 13 5 0.2506 0.9922 303 102
412-0-1-0.05-50-0 0 2483 38 13 7 2 0.6163 0.8878 270 151
412-0-1-0.05-50-0 0 2484 27 48 2 7 0.0776 0.1153 149 334
412-0-1-0.05-50-0 0 2484 18 25 44 8 0.2181 0.9430 226 125
412-0-1-0.05-50-0 0 2484 20 48 4 6 0.9922 0.1153 102 334
412-0-1-0.05-50-0 0 2485 44 14 8 7 0.7034 0.8451 118 105
412-0-1-0.05-50-0 0 2485 18 48 43 5 0.2181 0.1153 226 334
412-0-1-0.05-50-0 0 2485 10 5 5 3 0.2533 0.0007 449 226
412-0-1-0.05-50-0 0 2486 24 49 1 3 0.1940 0.1842 254 136
412-0-1-0.05-50-0 0 2486 39 5 5 2 0.2187 0.0007 309 226
412-0-1-0.05-50-0 0 2486 46 44 3 9 0.3451 0.7034 327 118
412-0-1-0.05-50-0 0 2487 10 14 5 5 0.2533 0.8451 449 105
412-0-1-0.05-50-0 0 2487 10 20 5 3 0.2533 0.9922 449 102
412-0-1-0.05-50-0 0 2487 27 1 2 4 0.0776 0.2520 149 409
412-0-1-0.05-50-0 0 2488 7 18 10 41 0.9267 0.2181 106 226
412-0-1-0.05-50-0 0 2488 18 14 40 4 0.2181 0.8451 226 105
412-0-1-0.05-50-0 0 2488 38 18 5 40 0.6163 0.2181 270 226
412-0-1-0.05-50-0 0 2489 18 32 41 4 0.2181 0.6514 226 215
412-0-1-0.05-50-0 0 2489 48 18 4 41 0.1153 0.2181 334 226
412-0-1-0.05-50-0 0 2489 8 10 13 5 0.2506 0.2533 303 449
412-0-1-0.05-50-0 0 2490 18 18 39 39 0.2181 0.2181 226 226
412-0-1-0.05-50-0 0 2490 7 46 9 3 0.9267 0.3451 106 327
412-0-1-0.05-50-0 0 2490 25 48 7 4 0.9430 0.1153 125 334
412-0-1-0.05-50-0 0 2491 8 30 14 7 0.2506 0.6008 303 266
412-0-1-0.05-50-0 0 2491 27 18 2 38 0.0776 0.2181 149 226
412-0-1-0.05-50-0 0 2492 13 28 2 1 0.8878 0.3846 151 311
412-0-1-0.05-50-0 0 2492 18 16 37 11 0.2181 0.2228 226 149
412-0-1-0.05-50-0 0 2492 23 16 6 10 0.1698 0.2228 476 149
412-0-1-0.05-50-0 0 2493 16 29 9 4 0.2228 0.6728 149 177
412-0-1-0.05-50-0 0 2493 16 15 9 2 0.2228 0.7918 149 149
412-0-1-0.05-50-0 0 2494 8 20 14 1 0.2506 0.9922 303 102
412-0-1-0.05-50-0 0 2494 18 8 35 14 0.2181 0.2506 226 303
412-0-1-0.05-50-0 0 2495 29 46 3 3 0.6728 0.3451 177 327
412-0-1-0.05-50-0 0 2495 39 30 7 5 0.2187 0.6008 309 266
412-0-1-0.05-50-0 0 2496 18 25 37 4 0.2181 0.9430 226 125
412-0-1-0.05-50-0 0 2496 39 44 7 12 0.2187 0.7034 309 118
412-0-1-0.05-50-0 0 2497 16 29 10 4 0.2228 0.6728 149 177
412-0-1-0.05-50-0 0 2497 18 32 38 2 0.2181 0.6514 226 215
412-0-1-0.05-50-0 0 2498 25 38 3 6 0.9430 0.6163 125 270
412-0-1-0.05-50-0 0 2498 44 7 11 8 0.7034 0.9267 118 106
412-0-1-0.05-50-0 0 2499 18 18 37 37 0.2181 0.2181 226 226
412-0-1-0.05-50-0 0 2499 8 18 11 36 0.2506 0.2181 303 226
412-0-1-0.05-50-0 0 2500 16 18 8 36 0.2228 0.2181 149 226
412-0-1-0.05-50-0 0 2500 14 11 5 2 0.8451 0.0504 105 384
