424-0-1-0.05-50-0 0 2302 38 39 1 11 0.6163 0.2187 270 309
424-0-1-0.05-50-0 0 2302 16 37 13 3 0.2228 0.8481 149 127
424-0-1-0.05-50-0 0 2302 31 22 5 24 0.5626 0.0160 252 311
424-0-1-0.05-50-0 0 2303 16 1 13 10 0.2228 0.2520 149 409
424-0-1-0.05-50-0 0 2303 22 16 25 13 0.0160 0.2228 311 149
424-0-1-0.05-50-0 0 2303 8 13 11 2 0.2506 0.8878 303 151
424-0-1-0.05-50-0 0 2304 18 18 8 8 0.2181 0.2181 226 226
424-0-1-0.05-50-0 0 2304 7 16 4 12 0.9267 0.2228 106 149
424-0-1-0.05-50-0 0 2305 22 31 24 6 0.0160 0.5626 311 252
424-0-1-0.05-50-0 0 2305 18 39 8 12 0.2181 0.2187 226 309
424-0-1-0.05-50-0 0 2306 22 50 23 5 0.0160 0.2147 311 147
424-0-1-0.05-50-0 0 2306 4 22 5 23 0.0723 0.0160 351 311
424-0-1-0.05-50-0 0 2307 1 22 8 21 0.2520 0.0160 409 311
424-0-1-0.05-50-0 0 2307 28 7 5 4 0.3846 0.9267 311 106
424-0-1-0.05-50-0 0 2308 50 8 5 7 0.2147 0.2506 147 303
424-0-1-0.05-50-0 0 2308 18 38 9 2 0.2181 0.6163 226 270
424-0-1-0.05-50-0 0 2309 22 22 18 18 0.0160 0.0160 311 311
424-0-1-0.05-50-0 0 2309 27 45 6 1 0.0776 0.3816 149 173
424-0-1-0.05-50-0 0 2310 1 48 10 5 0.2520 0.1153 409 334
424-0-1-0.05-50-0 0 2310 32 20 5 4 0.6514 0.9922 215 102
424-0-1-0.05-50-0 0 2311 19 18 3 9 0.8072 0.2181 134 226
424-0-1-0.05-50-0 0 2311 22 27 18 7 0.0160 0.0776 311 149
424-0-1-0.05-50-0 0 2312 48 7 5 3 0.1153 0.9267 334 106
424-0-1-0.05-50-0 0 2312 22 16 19 11 0.0160 0.2228 311 149
424-0-1-0.05-50-0 0 2313 38 39 1 10 0.6163 0.2187 270 309
424-0-1-0.05-50-0 0 2313 48 22 5 17 0.1153 0.0160 334 311
424-0-1-0.05-50-0 0 2314 8 43 8 2 0.2506 0.8316 303 123
424-0-1-0.05-50-0 0 2314 18 1 8 10 0.2181 0.2520 226 409
424-0-1-0.05-50-0 0 2315 9 1 9 10 0.6134 0.2520 161 409
424-0-1-0.05-50-0 0 2315 19 22 4 14 0.8072 0.0160 134 311
424-0-1-0.05-50-0 0 2316 20 18 2 12 0.9922 0.2181 102 226
424-0-1-0.05-50-0 0 2316 9 24 8 3 0.6134 0.1940 161 254
424-0-1-0.05-50-0 0 2317 50 16 4 10 0.2147 0.2228 147 149
424-0-1-0.05-50-0 0 2317 18 39 11 8 0.2181 0.2187 226 309
424-0-1-0.05-50-0 0 2318 4 31 9 6 0.0723 0.5626 351 252
424-0-1-0.05-50-0 0 2318 19 48 4 7 0.8072 0.1153 134 334
424-0-1-0.05-50-0 0 2319 1 16 8 10 0.2520 0.2228 409 149
424-0-1-0.05-50-0 0 2319 22 18 15 10 0.0160 0.2181 311 226
424-0-1-0.05-50-0 0 2320 31 27 5 8 0.5626 0.0776 252 149
424-0-1-0.05-50-0 0 2320 22 4 16 10 0.0160 0.0723 311 351
424-0-1-0.05-50-0 0 2321 27 16 8 9 0.0776 0.2228 149 149
424-0-1-0.05-50-0 0 2321 50 37 3 3 0.2147 0.8481 147 127
424-0-1-0.05-50-0 0 2322 4 5 8 1 0.0723 0.0007 351 226
424-0-1-0.05-50-0 0 2322 27 22 10 14 0.0776 0.0160 149 311
424-0-1-0.05-50-0 0 2323 4 22 10 13 0.0723 0.0160 351 311
424-0-1-0.05-50-0 0 2323 1 22 11 12 0.2520 0.0160 409 311
424-0-1-0.05-50-0 0 2324 4 9 9 9 0.0723 0.6134 351 161
424-0-1-0.05-50-0 0 2324 10 43 1 3 0.2533 0.8316 449 123
424-0-1-0.05-50-0 0 2325 1 26 10 1 0.2520 0.8171 409 141
424-0-1-0.05-50-0 0 2325 36 50 4 3 0.8162 0.2147 165 147
424-0-1-0.05-50-0 0 2326 39 8 8 3 0.2187 0.2506 309 303
424-0-1-0.05-50-0 0 2326 16 22 9 15 0.2228 0.0160 149 311
424-0-1-0.05-50-0 0 2327 4 28 11 7 0.0723 0.3846 351 311
424-0-1-0.05-50-0 0 2327 18 27 9 8 0.2181 0.0776 226 149
424-0-1-0.05-50-0 0 2328 43 11 1 1 0.8316 0.0504 123 384
424-0-1-0.05-50-0 0 2328 37 22 3 14 0.8481 0.0160 127 311
424-0-1-0.05-50-0 0 2329 9 37 10 3 0.6134 0.8481 161 127
424-0-1-0.05-50-0 0 2329 48 40 9 3 0.1153 0.9739 334 104
424-0-1-0.05-50-0 0 2330 27 19 7 8 0.0776 0.8072 149 134
424-0-1-0.05-50-0 0 2330 9 39 8 10 0.6134 0.2187 161 309
424-0-1-0.05-50-0 0 2331 32 22 4 13 0.6514 0.0160 215 311
424-0-1-0.05-50-0 0 2331 22 16 12 12 0.0160 0.2228 311 149
424-0-1-0.05-50-0 0 2332 4 20 13 2 0.0723 0.9922 351 102
424-0-1-0.05-50-0 0 2332 27 18 8 9 0.0776 0.2181 149 226
424-0-1-0.05-50-0 0 2333 31 10 3 2 0.5626 0.2533 252 449
424-0-1-0.05-50-0 0 2333 39 27 9 8 0.2187 0.0776 309 149
424-0-1-0.05-50-0 0 2334 39 22 10 12 0.2187 0.0160 309 311
424-0-1-0.05-50-0 0 2334 4 1 15 6 0.0723 0.2520 351 409
424-0-1-0.05-50-0 0 2335 22 24 12 2 0.0160 0.1940 311 254
424-0-1-0.05-50-0 0 2335 4 48 16 11 0.0723 0.1153 351 334
424-0-1-0.05-50-0 0 2336 9 22 8 12 0.6134 0.0160 161 311
424-0-1-0.05-50-0 0 2336 18 39 9 10 0.2181 0.2187 226 309
424-0-1-0.05-50-0 0 2337 18 32 9 5 0.2181 0.6514 226 215
424-0-1-0.05-50-0 0 2337 50 28 6 4 0.2147 0.3846 147 311
424-0-1-0.05-50-0 0 2338 9 16 8 9 0.6134 0.2228 161 149
424-0-1-0.05-50-0 0 2338 23 33 2 3 0.1698 0.6893 476 191
424-0-1-0.05-50-0 0 2339 18 36 11 2 0.2181 0.8162 226 165
424-0-1-0.05-50-0 0 2339 9 18 8 11 0.6134 0.2181 161 226
424-0-1-0.05-50-0 0 2340 27 48 6 11 0.0776 0.1153 149 334
424-0-1-0.05-50-0 0 2340 33 19 3 17 0.6893 0.8072 191 134
424-0-1-0.05-50-0 0 2341 15 39 2 11 0.7918 0.2187 149 309
424-0-1-0.05-50-0 0 2341 39 18 10 11 0.2187 0.2181 309 226
424-0-1-0.05-50-0 0 2342 33 20 4 2 0.6893 0.9922 191 102
424-0-1-0.05-50-0 0 2342 50 18 7 10 0.2147 0.2181 147 226
424-0-1-0.05-50-0 0 2342 36 9 2 8 0.8162 0.6134 165 161
424-0-1-0.05-50-0 0 2343 22 18 9 9 0.0160 0.2181 311 226
424-0-1-0.05-50-0 0 2343 32 1 5 6 0.6514 0.2520 215 409
424-0-1-0.05-50-0 0 2344 2 4 3 17 0.8198 0.0723 167 351
424-0-1-0.05-50-0 0 2344 50 31 7 5 0.2147 0.5626 147 252
424-0-1-0.05-50-0 0 2344 32 28 5 2 0.6514 0.3846 215 311
424-0-1-0.05-50-0 0 2345 1 22 5 9 0.2520 0.0160 409 311
424-0-1-0.05-50-0 0 2345 50 22 7 8 0.2147 0.0160 147 311
424-0-1-0.05-50-0 0 2346 8 22 1 7 0.2506 0.0160 303 311
424-0-1-0.05-50-0 0 2346 15 48 3 10 0.7918 0.1153 149 334
424-0-1-0.05-50-0 0 2347 39 5 10 2 0.2187 0.0007 309 226
424-0-1-0.05-50-0 0 2347 18 48 8 9 0.2181 0.1153 226 334
424-0-1-0.05-50-0 0 2347 14 19 2 18 0.8451 0.8072 105 134
424-0-1-0.05-50-0 0 2348 19 50 17 9 0.8072 0.2147 134 147
424-0-1-0.05-50-0 0 2348 18 22 9 6 0.2181 0.0160 226 311
424-0-1-0.05-50-0 0 2348 18 4 9 16 0.2181 0.0723 226 351
424-0-1-0.05-50-0 0 2349 13 16 1 12 0.8878 0.2228 151 149
424-0-1-0.05-50-0 0 2349 50 32 8 6 0.2147 0.6514 147 215
424-0-1-0.05-50-0 0 2350 28 39 2 10 0.3846 0.2187 311 309
424-0-1-0.05-50-0 0 2350 39 32 9 5 0.2187 0.6514 309 215
424-0-1-0.05-50-0 0 2351 15 7 3 2 0.7918 0.9267 149 106
424-0-1-0.05-50-0 0 2351 18 16 9 11 0.2181 0.2228 226 149
424-0-1-0.05-50-0 0 2352 1 48 7 8 0.2520 0.1153 409 334
424-0-1-0.05-50-0 0 2352 4 31 12 4 0.0723 0.5626 351 252
424-0-1-0.05-50-0 0 2353 46 9 5 9 0.3451 0.6134 327 161
424-0-1-0.05-50-0 0 2353 1 16 8 11 0.2520 0.2228 409 149
424-0-1-0.05-50-0 0 2354 19 18 13 12 0.8072 0.2181 134 226
424-0-1-0.05-50-0 0 2354 16 36 10 2 0.2228 0.8162 149 165
424-0-1-0.05-50-0 0 2355 44 26 2 2 0.7034 0.8171 118 141
424-0-1-0.05-50-0 0 2355 27 39 6 7 0.0776 0.2187 149 309
424-0-1-0.05-50-0 0 2356 19 9 14 9 0.8072 0.6134 134 161
424-0-1-0.05-50-0 0 2356 16 19 10 14 0.2228 0.8072 149 134
424-0-1-0.05-50-0 0 2357 18 14 11 6 0.2181 0.8451 226 105
424-0-1-0.05-50-0 0 2357 16 18 10 11 0.2228 0.2181 149 226
424-0-1-0.05-50-0 0 2358 8 16 1 10 0.2506 0.2228 303 149
424-0-1-0.05-50-0 0 2358 19 9 14 8 0.8072 0.6134 134 161
424-0-1-0.05-50-0 0 2359 9 26 6 1 0.6134 0.8171 161 141
424-0-1-0.05-50-0 0 2359 28 19 2 14 0.3846 0.8072 311 134
424-0-1-0.05-50-0 0 2360 27 48 9 7 0.0776 0.1153 149 334
424-0-1-0.05-50-0 0 2360 15 27 2 9 0.7918 0.0776 149 149
424-0-1-0.05-50-0 0 2361 9 9 5 5 0.6134 0.6134 161 161
424-0-1-0.05-50-0 0 2361 22 39 9 8 0.0160 0.2187 311 309
424-0-1-0.05-50-0 0 2362 1 19 7 15 0.2520 0.8072 409 134
424-0-1-0.05-50-0 0 2362 46 31 7 2 0.3451 0.5626 327 252
424-0-1-0.05-50-0 0 2362 19 19 14 14 0.8072 0.8072 134 134
424-0-1-0.05-50-0 0 2363 39 4 8 15 0.2187 0.0723 309 351
424-0-1-0.05-50-0 0 2363 16 27 11 8 0.2228 0.0776 149 149
424-0-1-0.05-50-0 0 2364 50 1 10 8 0.2147 0.2520 147 409
424-0-1-0.05-50-0 0 2364 4 48 14 9 0.0723 0.1153 351 334
424-0-1-0.05-50-0 0 2364 27 18 7 11 0.0776 0.2181 149 226
424-0-1-0.05-50-0 0 2365 14 39 5 9 0.8451 0.2187 105 309
424-0-1-0.05-50-0 0 2365 19 50 12 10 0.8072 0.2147 134 147
424-0-1-0.05-50-0 0 2366 18 18 10 10 0.2181 0.2181 226 226
424-0-1-0.05-50-0 0 2366 4 36 14 1 0.0723 0.8162 351 165
424-0-1-0.05-50-0 0 2367 19 50 13 9 0.8072 0.2147 134 147
424-0-1-0.05-50-0 0 2367 1 39 8 7 0.2520 0.2187 409 309
424-0-1-0.05-50-0 0 2368 4 1 12 8 0.0723 0.2520 351 409
424-0-1-0.05-50-0 0 2368 28 33 2 4 0.3846 0.6893 311 191
424-0-1-0.05-50-0 0 2369 48 8 11 2 0.1153 0.2506 334 303
424-0-1-0.05-50-0 0 2369 4 9 11 4 0.0723 0.6134 351 161
424-0-1-0.05-50-0 0 2370 50 4 9 12 0.2147 0.0723 147 351
424-0-1-0.05-50-0 0 2370 48 2 11 6 0.1153 0.8198 334 167
424-0-1-0.05-50-0 0 2371 19 48 13 11 0.8072 0.1153 134 334
424-0-1-0.05-50-0 0 2371 19 41 13 1 0.8072 0.9621 134 105
424-0-1-0.05-50-0 0 2372 27 1 8 9 0.0776 0.2520 149 409
424-0-1-0.05-50-0 0 2372 48 1 10 8 0.1153 0.2520 334 409
424-0-1-0.05-50-0 0 2372 22 27 13 8 0.0160 0.0776 311 149
424-0-1-0.05-50-0 0 2373 22 4 13 9 0.0160 0.0723 311 351
424-0-1-0.05-50-0 0 2373 39 18 8 9 0.2187 0.2181 309 226
424-0-1-0.05-50-0 0 2373 19 19 13 13 0.8072 0.8072 134 134
424-0-1-0.05-50-0 0 2374 14 27 8 7 0.8451 0.0776 105 149
424-0-1-0.05-50-0 0 2374 48 50 11 8 0.1153 0.2147 334 147
424-0-1-0.05-50-0 0 2374 18 48 7 11 0.2181 0.1153 226 334
424-0-1-0.05-50-0 0 2375 29 46 1 7 0.6728 0.3451 177 327
424-0-1-0.05-50-0 0 2375 27 14 6 9 0.0776 0.8451 149 105
424-0-1-0.05-50-0 0 2375 22 6 14 3 0.0160 0.4266 311 249
424-0-1-0.05-50-0 0 2376 10 14 1 8 0.2533 0.8451 449 105
424-0-1-0.05-50-0 0 2376 22 19 14 13 0.0160 0.8072 311 134
424-0-1-0.05-50-0 0 2377 18 48 5 9 0.2181 0.1153 226 334
424-0-1-0.05-50-0 0 2377 1 4 9 10 0.2520 0.0723 409 351
424-0-1-0.05-50-0 0 2377 6 1 2 9 0.4266 0.2520 249 409
424-0-1-0.05-50-0 0 2378 32 19 9 13 0.6514 0.8072 215 134
424-0-1-0.05-50-0 0 2378 46 22 7 13 0.3451 0.0160 327 311
424-0-1-0.05-50-0 0 2378 46 1 7 7 0.3451 0.2520 327 409
424-0-1-0.05-50-0 0 2379 19 32 12 9 0.8072 0.6514 134 215
424-0-1-0.05-50-0 0 2379 39 19 9 12 0.2187 0.8072 309 134
424-0-1-0.05-50-0 0 2380 39 4 11 10 0.2187 0.0723 309 351
424-0-1-0.05-50-0 0 2380 33 50 3 8 0.6893 0.2147 191 147
424-0-1-0.05-50-0 0 2380 22 9 13 4 0.0160 0.6134 311 161
424-0-1-0.05-50-0 0 2381 48 32 9 7 0.1153 0.6514 334 215
424-0-1-0.05-50-0 0 2381 16 22 12 13 0.2228 0.0160 149 311
424-0-1-0.05-50-0 0 2381 39 46 12 6 0.2187 0.3451 309 327
424-0-1-0.05-50-0 0 2382 19 33 11 4 0.8072 0.6893 134 191
424-0-1-0.05-50-0 0 2382 27 16 7 12 0.0776 0.2228 149 149
424-0-1-0.05-50-0 0 2382 39 14 11 6 0.2187 0.8451 309 105
424-0-1-0.05-50-0 0 2383 50 39 9 11 0.2147 0.2187 147 309
424-0-1-0.05-50-0 0 2383 48 19 10 10 0.1153 0.8072 334 134
424-0-1-0.05-50-0 0 2383 2 14 5 6 0.8198 0.8451 167 105
424-0-1-0.05-50-0 0 2384 36 14 5 5 0.8162 0.8451 165 105
424-0-1-0.05-50-0 0 2384 14 39 4 11 0.8451 0.2187 105 309
424-0-1-0.05-50-0 0 2384 13 39 7 10 0.8878 0.2187 151 309
424-0-1-0.05-50-0 0 2385 27 39 11 10 0.0776 0.2187 149 309
424-0-1-0.05-50-0 0 2385 19 22 9 16 0.8072 0.0160 134 311
424-0-1-0.05-50-0 0 2385 46 39 6 9 0.3451 0.2187 327 309
424-0-1-0.05-50-0 0 2386 19 32 9 5 0.8072 0.6514 134 215
424-0-1-0.05-50-0 0 2386 2 36 4 5 0.8198 0.8162 167 165
424-0-1-0.05-50-0 0 2386 18 39 5 9 0.2181 0.2187 226 309
424-0-1-0.05-50-0 0 2387 13 7 10 1 0.8878 0.9267 151 106
424-0-1-0.05-50-0 0 2387 32 39 4 8 0.6514 0.2187 215 309
424-0-1-0.05-50-0 0 2387 13 39 10 7 0.8878 0.2187 151 309
424-0-1-0.05-50-0 0 2388 22 50 19 10 0.0160 0.2147 311 147
424-0-1-0.05-50-0 0 2388 15 28 3 2 0.7918 0.3846 149 311
424-0-1-0.05-50-0 0 2388 19 50 8 9 0.8072 0.2147 134 147
424-0-1-0.05-50-0 0 2389 48 1 12 6 0.1153 0.2520 334 409
424-0-1-0.05-50-0 0 2389 1 18 5 5 0.2520 0.2181 409 226
424-0-1-0.05-50-0 0 2390 15 22 3 21 0.7918 0.0160 149 311
424-0-1-0.05-50-0 0 2390 11 48 3 12 0.0504 0.1153 384 334
424-0-1-0.05-50-0 0 2391 19 33 10 3 0.8072 0.6893 134 191
424-0-1-0.05-50-0 0 2391 2 50 6 10 0.8198 0.2147 167 147
424-0-1-0.05-50-0 0 2391 15 36 3 4 0.7918 0.8162 149 165
424-0-1-0.05-50-0 0 2392 19 32 9 6 0.8072 0.6514 134 215
424-0-1-0.05-50-0 0 2392 50 13 9 13 0.2147 0.8878 147 151
424-0-1-0.05-50-0 0 2393 4 13 8 12 0.0723 0.8878 351 151
424-0-1-0.05-50-0 0 2393 48 27 11 9 0.1153 0.0776 334 149
424-0-1-0.05-50-0 0 2394 22 19 19 9 0.0160 0.8072 311 134
424-0-1-0.05-50-0 0 2394 32 3 5 2 0.6514 0.4813 215 321
424-0-1-0.05-50-0 0 2394 4 48 8 13 0.0723 0.1153 351 334
424-0-1-0.05-50-0 0 2395 2 48 7 12 0.8198 0.1153 167 334
424-0-1-0.05-50-0 0 2395 19 32 9 5 0.8072 0.6514 134 215
424-0-1-0.05-50-0 0 2395 48 22 11 20 0.1153 0.0160 334 311
424-0-1-0.05-50-0 0 2396 16 36 9 4 0.2228 0.8162 149 165
424-0-1-0.05-50-0 0 2396 2 36 7 3 0.8198 0.8162 167 165
424-0-1-0.05-50-0 0 2397 22 39 21 7 0.0160 0.2187 311 309
424-0-1-0.05-50-0 0 2397 8 21 2 1 0.2506 0.4184 303 158
424-0-1-0.05-50-0 0 2397 39 22 6 21 0.2187 0.0160 309 311
424-0-1-0.05-50-0 0 2398 4 16 10 9 0.0723 0.2228 351 149
424-0-1-0.05-50-0 0 2398 5 19 1 11 0.0007 0.8072 226 134
424-0-1-0.05-50-0 0 2398 48 4 11 10 0.1153 0.0723 334 351
424-0-1-0.05-50-0 0 2399 4 48 10 13 0.0723 0.1153 351 334
424-0-1-0.05-50-0 0 2399 8 22 2 17 0.2506 0.0160 303 311
424-0-1-0.05-50-0 0 2399 4 39 10 6 0.0723 0.2187 351 309
424-0-1-0.05-50-0 0 2400 13 16 13 10 0.8878 0.2228 151 149
424-0-1-0.05-50-0 0 2400 2 1 8 5 0.8198 0.2520 167 409
424-0-1-0.05-50-0 0 2400 11 30 4 1 0.0504 0.6008 384 266
424-0-1-0.05-50-0 0 2401 3 22 1 15 0.4813 0.0160 321 311
424-0-1-0.05-50-0 0 2401 27 50 12 4 0.0776 0.2147 149 147
424-0-1-0.05-50-0 0 2402 13 19 12 10 0.8878 0.8072 151 134
424-0-1-0.05-50-0 0 2402 41 1 1 4 0.9621 0.2520 105 409
424-0-1-0.05-50-0 0 2403 22 44 16 2 0.0160 0.7034 311 118
424-0-1-0.05-50-0 0 2403 27 22 12 16 0.0776 0.0160 149 311
424-0-1-0.05-50-0 0 2403 1 4 3 11 0.2520 0.0723 409 351
424-0-1-0.05-50-0 0 2404 48 12 15 1 0.1153 0.1896 334 325
424-0-1-0.05-50-0 0 2404 2 11 9 5 0.8198 0.0504 167 384
424-0-1-0.05-50-0 0 2405 22 19 17 8 0.0160 0.8072 311 134
424-0-1-0.05-50-0 0 2405 1 36 3 4 0.2520 0.8162 409 165
424-0-1-0.05-50-0 0 2405 16 15 9 4 0.2228 0.7918 149 149
424-0-1-0.05-50-0 0 2406 13 48 11 15 0.8878 0.1153 151 334
424-0-1-0.05-50-0 0 2406 48 7 14 1 0.1153 0.9267 334 106
424-0-1-0.05-50-0 0 2407 32 32 6 6 0.6514 0.6514 215 215
424-0-1-0.05-50-0 0 2407 2 27 11 10 0.8198 0.0776 167 149
424-0-1-0.05-50-0 0 2408 19 13 7 9 0.8072 0.8878 134 151
424-0-1-0.05-50-0 0 2408 13 5 8 1 0.8878 0.0007 151 226
424-0-1-0.05-50-0 0 2409 28 32 3 5 0.3846 0.6514 311 215
424-0-1-0.05-50-0 0 2409 2 27 12 8 0.8198 0.0776 167 149
424-0-1-0.05-50-0 0 2410 48 46 16 9 0.1153 0.3451 334 327
424-0-1-0.05-50-0 0 2410 20 22 1 15 0.9922 0.0160 102 311
424-0-1-0.05-50-0 0 2411 28 19 2 7 0.3846 0.8072 311 134
424-0-1-0.05-50-0 0 2411 22 4 14 10 0.0160 0.0723 311 351
424-0-1-0.05-50-0 0 2412 18 18 8 8 0.2181 0.2181 226 226
424-0-1-0.05-50-0 0 2412 48 4 18 9 0.1153 0.0723 334 351
424-0-1-0.05-50-0 0 2413 46 32 8 3 0.3451 0.6514 327 215
424-0-1-0.05-50-0 0 2413 15 4 3 9 0.7918 0.0723 149 351
424-0-1-0.05-50-0 0 2414 48 20 19 1 0.1153 0.9922 334 102
424-0-1-0.05-50-0 0 2414 22 46 15 8 0.0160 0.3451 311 327
424-0-1-0.05-50-0 0 2415 41 27 1 8 0.9621 0.0776 105 149
424-0-1-0.05-50-0 0 2415 4 2 9 17 0.0723 0.8198 351 167
424-0-1-0.05-50-0 0 2415 48 27 18 7 0.1153 0.0776 334 149
424-0-1-0.05-50-0 0 2416 39 11 8 8 0.2187 0.0504 309 384
424-0-1-0.05-50-0 0 2416 4 2 10 17 0.0723 0.8198 351 167
424-0-1-0.05-50-0 0 2417 2 33 15 2 0.8198 0.6893 167 191
424-0-1-0.05-50-0 0 2417 46 19 6 9 0.3451 0.8072 327 134
424-0-1-0.05-50-0 0 2418 6 18 1 7 0.4266 0.2181 249 226
424-0-1-0.05-50-0 0 2418 2 2 17 17 0.8198 0.8198 167 167
424-0-1-0.05-50-0 0 2419 6 48 1 19 0.4266 0.1153 249 334
424-0-1-0.05-50-0 0 2419 19 46 9 6 0.8072 0.3451 134 327
424-0-1-0.05-50-0 0 2420 19 48 8 17 0.8072 0.1153 134 334
424-0-1-0.05-50-0 0 2420 11 16 9 9 0.0504 0.2228 384 149
424-0-1-0.05-50-0 0 2421 15 27 4 4 0.7918 0.0776 149 149
424-0-1-0.05-50-0 0 2421 42 18 1 6 0.7447 0.2181 106 226
424-0-1-0.05-50-0 0 2422 2 50 16 4 0.8198 0.2147 167 147
424-0-1-0.05-50-0 0 2422 4 8 10 5 0.0723 0.2506 351 303
424-0-1-0.05-50-0 0 2423 16 16 10 10 0.2228 0.2228 149 149
424-0-1-0.05-50-0 0 2423 18 27 7 3 0.2181 0.0776 226 149
424-0-1-0.05-50-0 0 2424 49 26 3 1 0.1842 0.8171 136 141
424-0-1-0.05-50-0 0 2424 13 13 10 10 0.8878 0.8878 151 151
424-0-1-0.05-50-0 0 2425 8 46 4 4 0.2506 0.3451 303 327
424-0-1-0.05-50-0 0 2425 22 4 11 9 0.0160 0.0723 311 351
424-0-1-0.05-50-0 0 2426 16 47 12 1 0.2228 0.9293 149 103
424-0-1-0.05-50-0 0 2426 2 22 16 12 0.8198 0.0160 167 311
424-0-1-0.05-50-0 0 2426 2 8 16 4 0.8198 0.2506 167 303
424-0-1-0.05-50-0 0 2427 18 15 12 4 0.2181 0.7918 226 149
424-0-1-0.05-50-0 0 2427 33 11 2 9 0.6893 0.0504 191 384
424-0-1-0.05-50-0 0 2427 37 33 1 2 0.8481 0.6893 127 191
424-0-1-0.05-50-0 0 2428 13 11 11 9 0.8878 0.0504 151 384
424-0-1-0.05-50-0 0 2428 28 50 1 3 0.3846 0.2147 311 147
424-0-1-0.05-50-0 0 2428 36 13 3 11 0.8162 0.8878 165 151
424-0-1-0.05-50-0 0 2429 16 2 15 16 0.2228 0.8198 149 167
424-0-1-0.05-50-0 0 2429 2 36 15 3 0.8198 0.8162 167 165
424-0-1-0.05-50-0 0 2429 2 11 15 8 0.8198 0.0504 167 384
424-0-1-0.05-50-0 0 2430 48 27 16 2 0.1153 0.0776 334 149
424-0-1-0.05-50-0 0 2430 18 48 12 16 0.2181 0.1153 226 334
424-0-1-0.05-50-0 0 2430 4 46 10 3 0.0723 0.3451 351 327
424-0-1-0.05-50-0 0 2431 28 11 1 7 0.3846 0.0504 311 384
424-0-1-0.05-50-0 0 2431 16 29 15 1 0.2228 0.6728 149 177
424-0-1-0.05-50-0 0 2431 48 48 14 14 0.1153 0.1153 334 334
424-0-1-0.05-50-0 0 2432 15 2 2 15 0.7918 0.8198 149 167
424-0-1-0.05-50-0 0 2432 2 22 14 18 0.8198 0.0160 167 311
424-0-1-0.05-50-0 0 2432 39 39 10 10 0.2187 0.2187 309 309
424-0-1-0.05-50-0 0 2433 22 32 17 1 0.0160 0.6514 311 215
424-0-1-0.05-50-0 0 2433 22 16 17 16 0.0160 0.2228 311 149
424-0-1-0.05-50-0 0 2433 48 4 14 8 0.1153 0.0723 334 351
424-0-1-0.05-50-0 0 2434 48 39 15 9 0.1153 0.2187 334 309
424-0-1-0.05-50-0 0 2434 6 46 3 2 0.4266 0.3451 249 327
424-0-1-0.05-50-0 0 2435 22 19 15 9 0.0160 0.8072 311 134
424-0-1-0.05-50-0 0 2435 4 17 9 6 0.0723 0.6398 351 197
424-0-1-0.05-50-0 0 2436 22 2 16 17 0.0160 0.8198 311 167
424-0-1-0.05-50-0 0 2436 18 22 16 16 0.2181 0.0160 226 311
424-0-1-0.05-50-0 0 2437 48 28 16 1 0.1153 0.3846 334 311
424-0-1-0.05-50-0 0 2437 39 39 7 7 0.2187 0.2187 309 309
424-0-1-0.05-50-0 0 2438 18 16 19 15 0.2181 0.2228 226 149
424-0-1-0.05-50-0 0 2438 18 22 19 17 0.2181 0.0160 226 311
424-0-1-0.05-50-0 0 2439 13 8 9 1 0.8878 0.2506 151 303
424-0-1-0.05-50-0 0 2439 48 39 16 7 0.1153 0.2187 334 309
424-0-1-0.05-50-0 0 2440 13 2 9 19 0.8878 0.8198 151 167
424-0-1-0.05-50-0 0 2440 2 36 18 1 0.8198 0.8162 167 165
424-0-1-0.05-50-0 0 2441 22 13 18 9 0.0160 0.8878 311 151
424-0-1-0.05-50-0 0 2441 37 48 1 16 0.8481 0.1153 127 334
424-0-1-0.05-50-0 0 2441 39 22 6 18 0.2187 0.0160 309 311
424-0-1-0.05-50-0 0 2442 48 2 15 18 0.1153 0.8198 334 167
424-0-1-0.05-50-0 0 2442 22 2 17 17 0.0160 0.8198 311 167
424-0-1-0.05-50-0 0 2443 48 18 14 20 0.1153 0.2181 334 226
424-0-1-0.05-50-0 0 2443 18 48 19 14 0.2181 0.1153 226 334
424-0-1-0.05-50-0 0 2443 47 22 2 16 0.9293 0.0160 103 311
424-0-1-0.05-50-0 0 2444 13 2 8 18 0.8878 0.8198 151 167
424-0-1-0.05-50-0 0 2444 18 16 19 17 0.2181 0.2228 226 149
424-0-1-0.05-50-0 0 2444 16 48 16 13 0.2228 0.1153 149 334
424-0-1-0.05-50-0 0 2445 39 17 9 5 0.2187 0.6398 309 197
424-0-1-0.05-50-0 0 2445 22 18 16 17 0.0160 0.2181 311 226
424-0-1-0.05-50-0 0 2446 17 33 5 1 0.6398 0.6893 197 191
424-0-1-0.05-50-0 0 2446 22 41 14 6 0.0160 0.9621 311 105
424-0-1-0.05-50-0 0 2447 39 22 8 14 0.2187 0.0160 309 311
424-0-1-0.05-50-0 0 2447 48 48 12 12 0.1153 0.1153 334 334
424-0-1-0.05-50-0 0 2448 22 11 13 11 0.0160 0.0504 311 384
424-0-1-0.05-50-0 0 2448 34 5 2 3 0.7448 0.0007 168 226
424-0-1-0.05-50-0 0 2448 2 18 16 17 0.8198 0.2181 167 226
424-0-1-0.05-50-0 0 2449 18 22 17 13 0.2181 0.0160 226 311
424-0-1-0.05-50-0 0 2449 37 18 1 17 0.8481 0.2181 127 226
424-0-1-0.05-50-0 0 2449 22 22 12 12 0.0160 0.0160 311 311
424-0-1-0.05-50-0 0 2450 48 15 12 1 0.1153 0.7918 334 149
424-0-1-0.05-50-0 0 2450 41 39 7 8 0.9621 0.2187 105 309
424-0-1-0.05-50-0 0 2451 11 18 9 16 0.0504 0.2181 384 226
424-0-1-0.05-50-0 0 2451 22 2 13 16 0.0160 0.8198 311 167
424-0-1-0.05-50-0 0 2452 2 39 15 8 0.8198 0.2187 167 309
424-0-1-0.05-50-0 0 2452 13 22 5 14 0.8878 0.0160 151 311
424-0-1-0.05-50-0 0 2452 7 16 4 18 0.9267 0.2228 106 149
424-0-1-0.05-50-0 0 2453 7 18 4 17 0.9267 0.2181 106 226
424-0-1-0.05-50-0 0 2453 11 41 12 7 0.0504 0.9621 384 105
424-0-1-0.05-50-0 0 2453 22 2 14 15 0.0160 0.8198 311 167
424-0-1-0.05-50-0 0 2454 2 39 14 7 0.8198 0.2187 167 309
424-0-1-0.05-50-0 0 2454 5 47 2 2 0.0007 0.9293 226 103
424-0-1-0.05-50-0 0 2454 22 50 14 2 0.0160 0.2147 311 147
424-0-1-0.05-50-0 0 2455 17 4 6 7 0.6398 0.0723 197 351
424-0-1-0.05-50-0 0 2455 2 4 16 6 0.8198 0.0723 167 351
424-0-1-0.05-50-0 0 2455 11 2 12 16 0.0504 0.8198 384 167
424-0-1-0.05-50-0 0 2456 4 11 5 12 0.0723 0.0504 351 384
424-0-1-0.05-50-0 0 2456 11 16 11 16 0.0504 0.2228 384 149
424-0-1-0.05-50-0 0 2456 41 22 7 13 0.9621 0.0160 105 311
424-0-1-0.05-50-0 0 2457 13 27 5 2 0.8878 0.0776 151 149
424-0-1-0.05-50-0 0 2457 23 22 3 12 0.1698 0.0160 476 311
424-0-1-0.05-50-0 0 2457 6 18 5 22 0.4266 0.2181 249 226
424-0-1-0.05-50-0 0 2458 18 48 20 10 0.2181 0.1153 226 334
424-0-1-0.05-50-0 0 2458 17 18 6 20 0.6398 0.2181 197 226
424-0-1-0.05-50-0 0 2458 39 39 7 7 0.2187 0.2187 309 309
424-0-1-0.05-50-0 0 2459 49 11 3 12 0.1842 0.0504 136 384
424-0-1-0.05-50-0 0 2459 48 30 9 2 0.1153 0.6008 334 266
424-0-1-0.05-50-0 0 2460 18 34 19 1 0.2181 0.7448 226 168
424-0-1-0.05-50-0 0 2460 16 26 15 3 0.2228 0.8171 149 141
424-0-1-0.05-50-0 0 2460 48 18 10 19 0.1153 0.2181 334 226
424-0-1-0.05-50-0 0 2461 48 2 11 13 0.1153 0.8198 334 167
424-0-1-0.05-50-0 0 2461 48 27 11 2 0.1153 0.0776 334 149
424-0-1-0.05-50-0 0 2461 16 11 15 13 0.2228 0.0504 149 384
424-0-1-0.05-50-0 0 2462 11 39 12 12 0.0504 0.2187 384 309
424-0-1-0.05-50-0 0 2462 26 25 2 3 0.8171 0.9430 141 125
424-0-1-0.05-50-0 0 2462 45 18 1 17 0.3816 0.2181 173 226
424-0-1-0.05-50-0 0 2463 8 16 2 14 0.2506 0.2228 303 149
424-0-1-0.05-50-0 0 2463 48 44 11 1 0.1153 0.7034 334 118
424-0-1-0.05-50-0 0 2463 11 4 12 5 0.0504 0.0723 384 351
424-0-1-0.05-50-0 0 2464 11 4 14 4 0.0504 0.0723 384 351
424-0-1-0.05-50-0 0 2464 6 18 8 17 0.4266 0.2181 249 226
424-0-1-0.05-50-0 0 2464 17 39 9 10 0.6398 0.2187 197 309
424-0-1-0.05-50-0 0 2465 32 11 1 13 0.6514 0.0504 215 384
424-0-1-0.05-50-0 0 2465 18 25 14 2 0.2181 0.9430 226 125
424-0-1-0.05-50-0 0 2465 11 2 12 14 0.0504 0.8198 384 167
424-0-1-0.05-50-0 0 2466 2 17 13 9 0.8198 0.6398 167 197
424-0-1-0.05-50-0 0 2466 18 8 15 3 0.2181 0.2506 226 303
424-0-1-0.05-50-0 0 2466 30 17 1 8 0.6008 0.6398 266 197
424-0-1-0.05-50-0 0 2467 17 4 7 3 0.6398 0.0723 197 351
424-0-1-0.05-50-0 0 2467 39 18 8 15 0.2187 0.2181 309 226
424-0-1-0.05-50-0 0 2467 22 48 13 15 0.0160 0.1153 311 334
424-0-1-0.05-50-0 0 2468 11 48 14 14 0.0504 0.1153 384 334
424-0-1-0.05-50-0 0 2468 17 40 8 1 0.6398 0.9739 197 104
424-0-1-0.05-50-0 0 2468 19 16 6 15 0.8072 0.2228 134 149
424-0-1-0.05-50-0 0 2469 6 41 10 7 0.4266 0.9621 249 105
424-0-1-0.05-50-0 0 2469 17 16 7 15 0.6398 0.2228 197 149
424-0-1-0.05-50-0 0 2469 43 2 1 13 0.8316 0.8198 123 167
424-0-1-0.05-50-0 0 2470 5 16 2 15 0.0007 0.2228 226 149
424-0-1-0.05-50-0 0 2470 16 19 14 5 0.2228 0.8072 149 134
424-0-1-0.05-50-0 0 2470 39 2 8 12 0.2187 0.8198 309 167
424-0-1-0.05-50-0 0 2471 4 11 2 14 0.0723 0.0504 351 384
424-0-1-0.05-50-0 0 2471 23 6 4 10 0.1698 0.4266 476 249
424-0-1-0.05-50-0 0 2471 17 17 8 8 0.6398 0.6398 197 197
424-0-1-0.05-50-0 0 2472 19 22 4 12 0.8072 0.0160 134 311
424-0-1-0.05-50-0 0 2472 26 2 4 12 0.8171 0.8198 141 167
424-0-1-0.05-50-0 0 2472 17 6 8 8 0.6398 0.4266 197 249
424-0-1-0.05-50-0 0 2473 23 49 4 2 0.1698 0.1842 476 136
424-0-1-0.05-50-0 0 2473 16 16 16 16 0.2228 0.2228 149 149
424-0-1-0.05-50-0 0 2473 41 17 6 9 0.9621 0.6398 105 197
424-0-1-0.05-50-0 0 2474 18 1 18 1 0.2181 0.2520 226 409
424-0-1-0.05-50-0 0 2474 17 13 7 3 0.6398 0.8878 197 151
424-0-1-0.05-50-0 0 2474 18 11 18 14 0.2181 0.0504 226 384
424-0-1-0.05-50-0 0 2475 23 3 5 2 0.1698 0.4813 476 321
424-0-1-0.05-50-0 0 2475 18 17 19 8 0.2181 0.6398 226 197
424-0-1-0.05-50-0 0 2475 38 48 1 17 0.6163 0.1153 270 334
424-0-1-0.05-50-0 0 2476 35 18 1 20 0.0354 0.2181 158 226
424-0-1-0.05-50-0 0 2476 11 48 14 17 0.0504 0.1153 384 334
424-0-1-0.05-50-0 0 2476 18 21 19 1 0.2181 0.4184 226 158
424-0-1-0.05-50-0 0 2477 48 13 15 2 0.1153 0.8878 334 151
424-0-1-0.05-50-0 0 2477 16 18 15 19 0.2228 0.2181 149 226
424-0-1-0.05-50-0 0 2477 40 6 2 6 0.9739 0.4266 104 249
424-0-1-0.05-50-0 0 2478 48 2 14 11 0.1153 0.8198 334 167
424-0-1-0.05-50-0 0 2478 48 39 14 9 0.1153 0.2187 334 309
424-0-1-0.05-50-0 0 2478 39 11 8 15 0.2187 0.0504 309 384
424-0-1-0.05-50-0 0 2479 18 13 18 1 0.2181 0.8878 226 151
424-0-1-0.05-50-0 0 2479 22 48 14 15 0.0160 0.1153 311 334
424-0-1-0.05-50-0 0 2479 46 39 1 8 0.3451 0.2187 327 309
424-0-1-0.05-50-0 0 2480 18 40 18 3 0.2181 0.9739 226 104
424-0-1-0.05-50-0 0 2480 11 18 14 18 0.0504 0.2181 384 226
424-0-1-0.05-50-0 0 2480 35 48 2 14 0.0354 0.1153 158 334
424-0-1-0.05-50-0 0 2481 19 2 4 10 0.8072 0.8198 134 167
424-0-1-0.05-50-0 0 2481 15 43 1 3 0.7918 0.8316 149 123
424-0-1-0.05-50-0 0 2481 48 48 14 14 0.1153 0.1153 334 334
424-0-1-0.05-50-0 0 2482 2 48 11 12 0.8198 0.1153 167 334
424-0-1-0.05-50-0 0 2482 22 17 14 6 0.0160 0.6398 311 197
424-0-1-0.05-50-0 0 2482 2 18 11 17 0.8198 0.2181 167 226
424-0-1-0.05-50-0 0 2483 11 48 13 11 0.0504 0.1153 384 334
424-0-1-0.05-50-0 0 2483 27 39 2 8 0.0776 0.2187 149 309
424-0-1-0.05-50-0 0 2483 41 18 8 16 0.9621 0.2181 105 226
424-0-1-0.05-50-0 0 2484 2 41 10 9 0.8198 0.9621 167 105
424-0-1-0.05-50-0 0 2484 6 32 3 3 0.4266 0.6514 249 215
424-0-1-0.05-50-0 0 2485 48 17 12 5 0.1153 0.6398 334 197
424-0-1-0.05-50-0 0 2485 18 39 16 7 0.2181 0.2187 226 309
424-0-1-0.05-50-0 0 2485 22 16 13 20 0.0160 0.2228 311 149
424-0-1-0.05-50-0 0 2486 23 16 7 20 0.1698 0.2228 476 149
424-0-1-0.05-50-0 0 2486 39 41 8 8 0.2187 0.9621 309 105
424-0-1-0.05-50-0 0 2487 16 39 19 9 0.2228 0.2187 149 309
424-0-1-0.05-50-0 0 2487 30 2 1 12 0.6008 0.8198 266 167
424-0-1-0.05-50-0 0 2488 3 18 1 17 0.4813 0.2181 321 226
424-0-1-0.05-50-0 0 2488 6 18 3 16 0.4266 0.2181 249 226
424-0-1-0.05-50-0 0 2489 46 16 1 19 0.3451 0.2228 327 149
424-0-1-0.05-50-0 0 2489 11 19 11 5 0.0504 0.8072 384 134
424-0-1-0.05-50-0 0 2489 23 2 7 12 0.1698 0.8198 476 167
424-0-1-0.05-50-0 0 2490 48 48 12 12 0.1153 0.1153 334 334
424-0-1-0.05-50-0 0 2490 27 36 2 1 0.0776 0.8162 149 165
424-0-1-0.05-50-0 0 2491 41 16 8 17 0.9621 0.2228 105 149
424-0-1-0.05-50-0 0 2491 18 40 16 3 0.2181 0.9739 226 104
424-0-1-0.05-50-0 0 2491 41 11 8 12 0.9621 0.0504 105 384
424-0-1-0.05-50-0 0 2492 18 23 15 6 0.2181 0.1698 226 476
424-0-1-0.05-50-0 0 2492 6 39 3 11 0.4266 0.2187 249 309
424-0-1-0.05-50-0 0 2492 6 22 3 12 0.4266 0.0160 249 311
424-0-1-0.05-50-0 0 2493 2 18 12 16 0.8198 0.2181 167 226
424-0-1-0.05-50-0 0 2493 22 16 11 15 0.0160 0.2228 311 149
424-0-1-0.05-50-0 0 2493 18 16 15 14 0.2181 0.2228 226 149
424-0-1-0.05-50-0 0 2494 25 22 1 11 0.9430 0.0160 125 311
424-0-1-0.05-50-0 0 2494 49 19 5 4 0.1842 0.8072 136 134
424-0-1-0.05-50-0 0 2494 22 39 10 10 0.0160 0.2187 311 309
424-0-1-0.05-50-0 0 2495 39 38 8 2 0.2187 0.6163 309 270
424-0-1-0.05-50-0 0 2495 49 11 5 15 0.1842 0.0504 136 384
424-0-1-0.05-50-0 0 2496 2 27 12 1 0.8198 0.0776 167 149
424-0-1-0.05-50-0 0 2496 48 18 7 16 0.1153 0.2181 334 226
424-0-1-0.05-50-0 0 2497 39 45 7 1 0.2187 0.3816 309 173
424-0-1-0.05-50-0 0 2497 39 30 7 1 0.2187 0.6008 309 266
424-0-1-0.05-50-0 0 2498 49 22 5 12 0.1842 0.0160 136 311
424-0-1-0.05-50-0 0 2498 16 41 12 12 0.2228 0.9621 149 105
424-0-1-0.05-50-0 0 2499 16 22 13 12 0.2228 0.0160 149 311
424-0-1-0.05-50-0 0 2499 7 11 10 15 0.9267 0.0504 106 384
424-0-1-0.05-50-0 0 2500 41 11 12 14 0.9621 0.0504 105 384
424-0-1-0.05-50-0 0 2500 11 11 13 13 0.0504 0.0504 384 384
