426-1-1-0.05-50-0 1 2302 14 41 62 77 0.8451 0.9621 105 105
426-1-1-0.05-50-0 1 2302 36 37 107 127 0.8162 0.8481 165 127
426-1-1-0.05-50-0 1 2302 14 2 62 129 0.8451 0.8198 105 167
426-1-1-0.05-50-0 1 2303 14 2 63 126 0.8451 0.8198 105 167
426-1-1-0.05-50-0 1 2303 14 37 63 126 0.8451 0.8481 105 127
426-1-1-0.05-50-0 1 2303 36 36 110 110 0.8162 0.8162 165 165
426-1-1-0.05-50-0 1 2303 36 37 109 125 0.8162 0.8481 165 127
426-1-1-0.05-50-0 1 2303 14 43 63 71 0.8451 0.8316 105 123
426-1-1-0.05-50-0 1 2303 19 19 12 12 0.8072 0.8072 134 134
426-1-1-0.05-50-0 1 2304 14 37 63 127 0.8451 0.8481 105 127
426-1-1-0.05-50-0 1 2304 36 37 105 126 0.8162 0.8481 165 127
426-1-1-0.05-50-0 1 2305 14 13 64 151 0.8451 0.8878 105 151
426-1-1-0.05-50-0 1 2305 36 37 105 123 0.8162 0.8481 165 127
426-1-1-0.05-50-0 1 2305 19 19 11 11 0.8072 0.8072 134 134
426-1-1-0.05-50-0 1 2305 37 23 122 1 0.8481 0.1698 127 476
426-1-1-0.05-50-0 1 2306 2 33 121 1 0.8198 0.6893 167 191
426-1-1-0.05-50-0 1 2306 36 36 107 107 0.8162 0.8162 165 165
426-1-1-0.05-50-0 1 2306 36 2 106 121 0.8162 0.8198 165 167
426-1-1-0.05-50-0 1 2306 36 26 106 120 0.8162 0.8171 165 141
426-1-1-0.05-50-0 1 2307 36 36 106 106 0.8162 0.8162 165 165
426-1-1-0.05-50-0 1 2307 36 36 105 105 0.8162 0.8162 165 165
426-1-1-0.05-50-0 1 2307 14 26 66 118 0.8451 0.8171 105 141
426-1-1-0.05-50-0 1 2307 14 41 66 72 0.8451 0.9621 105 105
426-1-1-0.05-50-0 1 2307 14 43 66 67 0.8451 0.8316 105 123
426-1-1-0.05-50-0 1 2307 36 14 104 66 0.8162 0.8451 165 105
426-1-1-0.05-50-0 1 2308 36 2 105 120 0.8162 0.8198 165 167
426-1-1-0.05-50-0 1 2308 36 2 105 119 0.8162 0.8198 165 167
426-1-1-0.05-50-0 1 2308 36 43 105 67 0.8162 0.8316 165 123
426-1-1-0.05-50-0 1 2308 36 37 105 124 0.8162 0.8481 165 127
426-1-1-0.05-50-0 1 2308 1 8 8 120 0.2520 0.2506 409 303
426-1-1-0.05-50-0 1 2309 2 17 115 2 0.8198 0.6398 167 197
426-1-1-0.05-50-0 1 2309 14 7 62 104 0.8451 0.9267 105 106
426-1-1-0.05-50-0 1 2309 14 25 62 113 0.8451 0.9430 105 125
426-1-1-0.05-50-0 1 2310 7 31 104 1 0.9267 0.5626 106 252
426-1-1-0.05-50-0 1 2310 36 37 100 127 0.8162 0.8481 165 127
426-1-1-0.05-50-0 1 2310 14 14 62 62 0.8451 0.8451 105 105
426-1-1-0.05-50-0 1 2310 36 36 100 100 0.8162 0.8162 165 165
426-1-1-0.05-50-0 1 2310 10 27 97 1 0.2533 0.0776 449 149
426-1-1-0.05-50-0 1 2310 36 2 99 122 0.8162 0.8198 165 167
426-1-1-0.05-50-0 1 2311 40 17 87 2 0.9739 0.6398 104 197
426-1-1-0.05-50-0 1 2311 14 41 58 79 0.8451 0.9621 105 105
426-1-1-0.05-50-0 1 2312 14 7 57 106 0.8451 0.9267 105 106
426-1-1-0.05-50-0 1 2312 36 2 100 124 0.8162 0.8198 165 167
426-1-1-0.05-50-0 1 2312 1 10 7 93 0.2520 0.2533 409 449
426-1-1-0.05-50-0 1 2312 14 43 57 63 0.8451 0.8316 105 123
426-1-1-0.05-50-0 1 2313 14 2 56 124 0.8451 0.8198 105 167
426-1-1-0.05-50-0 1 2313 41 5 76 2 0.9621 0.0007 105 226
426-1-1-0.05-50-0 1 2313 36 26 102 119 0.8162 0.8171 165 141
426-1-1-0.05-50-0 1 2313 14 26 56 118 0.8451 0.8171 105 141
426-1-1-0.05-50-0 1 2313 36 36 102 102 0.8162 0.8162 165 165
426-1-1-0.05-50-0 1 2314 36 14 103 57 0.8162 0.8451 165 105
426-1-1-0.05-50-0 1 2314 36 36 103 103 0.8162 0.8162 165 165
426-1-1-0.05-50-0 1 2314 36 43 102 58 0.8162 0.8316 165 123
426-1-1-0.05-50-0 1 2315 14 47 53 95 0.8451 0.9293 105 103
426-1-1-0.05-50-0 1 2315 36 43 100 57 0.8162 0.8316 165 123
426-1-1-0.05-50-0 1 2315 36 2 100 121 0.8162 0.8198 165 167
426-1-1-0.05-50-0 1 2316 14 36 53 99 0.8451 0.8162 105 165
426-1-1-0.05-50-0 1 2316 14 13 53 129 0.8451 0.8878 105 151
426-1-1-0.05-50-0 1 2316 14 36 53 98 0.8451 0.8162 105 165
426-1-1-0.05-50-0 1 2316 36 37 97 117 0.8162 0.8481 165 127
426-1-1-0.05-50-0 1 2316 40 15 83 1 0.9739 0.7918 104 149
426-1-1-0.05-50-0 1 2316 36 36 97 97 0.8162 0.8162 165 165
426-1-1-0.05-50-0 1 2317 36 36 96 96 0.8162 0.8162 165 165
426-1-1-0.05-50-0 1 2317 25 11 95 1 0.9430 0.0504 125 384
426-1-1-0.05-50-0 1 2317 36 36 95 95 0.8162 0.8162 165 165
426-1-1-0.05-50-0 1 2317 14 7 54 103 0.8451 0.9267 105 106
426-1-1-0.05-50-0 1 2317 1 8 8 132 0.2520 0.2506 409 303
426-1-1-0.05-50-0 1 2317 37 50 119 3 0.8481 0.2147 127 147
426-1-1-0.05-50-0 1 2318 36 43 96 56 0.8162 0.8316 165 123
426-1-1-0.05-50-0 1 2319 41 4 74 1 0.9621 0.0723 105 351
426-1-1-0.05-50-0 1 2319 36 2 102 117 0.8162 0.8198 165 167
426-1-1-0.05-50-0 1 2319 36 36 102 102 0.8162 0.8162 165 165
426-1-1-0.05-50-0 1 2319 36 43 101 57 0.8162 0.8316 165 123
426-1-1-0.05-50-0 1 2320 14 7 51 100 0.8451 0.9267 105 106
426-1-1-0.05-50-0 1 2320 14 26 51 121 0.8451 0.8171 105 141
426-1-1-0.05-50-0 1 2320 1 8 9 134 0.2520 0.2506 409 303
426-1-1-0.05-50-0 1 2320 36 37 103 117 0.8162 0.8481 165 127
426-1-1-0.05-50-0 1 2320 14 25 51 94 0.8451 0.9430 105 125
426-1-1-0.05-50-0 1 2321 36 26 108 119 0.8162 0.8171 165 141
426-1-1-0.05-50-0 1 2321 36 36 108 108 0.8162 0.8162 165 165
426-1-1-0.05-50-0 1 2321 14 13 53 129 0.8451 0.8878 105 151
426-1-1-0.05-50-0 1 2321 19 19 9 9 0.8072 0.8072 134 134
426-1-1-0.05-50-0 1 2321 40 29 78 1 0.9739 0.6728 104 177
426-1-1-0.05-50-0 1 2322 36 37 110 108 0.8162 0.8481 165 127
426-1-1-0.05-50-0 1 2322 36 26 110 120 0.8162 0.8171 165 141
426-1-1-0.05-50-0 1 2322 37 50 107 2 0.8481 0.2147 127 147
426-1-1-0.05-50-0 1 2322 14 7 56 100 0.8451 0.9267 105 106
426-1-1-0.05-50-0 1 2322 40 17 79 1 0.9739 0.6398 104 197
426-1-1-0.05-50-0 1 2322 36 37 110 107 0.8162 0.8481 165 127
426-1-1-0.05-50-0 1 2322 14 37 56 106 0.8451 0.8481 105 127
426-1-1-0.05-50-0 1 2323 14 13 56 130 0.8451 0.8878 105 151
426-1-1-0.05-50-0 1 2323 36 26 107 121 0.8162 0.8171 165 141
426-1-1-0.05-50-0 1 2324 14 36 57 109 0.8451 0.8162 105 165
426-1-1-0.05-50-0 1 2324 36 37 108 105 0.8162 0.8481 165 127
426-1-1-0.05-50-0 1 2324 36 26 108 122 0.8162 0.8171 165 141
426-1-1-0.05-50-0 1 2324 14 2 57 119 0.8451 0.8198 105 167
426-1-1-0.05-50-0 1 2324 1 10 9 105 0.2520 0.2533 409 449
426-1-1-0.05-50-0 1 2324 36 26 108 121 0.8162 0.8171 165 141
426-1-1-0.05-50-0 1 2325 36 37 106 109 0.8162 0.8481 165 127
426-1-1-0.05-50-0 1 2325 25 22 98 1 0.9430 0.0160 125 311
426-1-1-0.05-50-0 1 2325 36 37 106 108 0.8162 0.8481 165 127
426-1-1-0.05-50-0 1 2326 36 36 106 106 0.8162 0.8162 165 165
426-1-1-0.05-50-0 1 2326 41 5 71 2 0.9621 0.0007 105 226
426-1-1-0.05-50-0 1 2326 14 47 53 103 0.8451 0.9293 105 103
426-1-1-0.05-50-0 1 2327 14 13 48 129 0.8451 0.8878 105 151
426-1-1-0.05-50-0 1 2327 14 37 48 104 0.8451 0.8481 105 127
426-1-1-0.05-50-0 1 2327 2 32 108 1 0.8198 0.6514 167 215
426-1-1-0.05-50-0 1 2328 36 26 99 125 0.8162 0.8171 165 141
426-1-1-0.05-50-0 1 2328 14 14 49 49 0.8451 0.8451 105 105
426-1-1-0.05-50-0 1 2328 14 37 48 103 0.8451 0.8481 105 127
426-1-1-0.05-50-0 1 2328 14 13 48 130 0.8451 0.8878 105 151
426-1-1-0.05-50-0 1 2329 36 14 101 47 0.8162 0.8451 165 105
426-1-1-0.05-50-0 1 2329 14 13 46 128 0.8451 0.8878 105 151
426-1-1-0.05-50-0 1 2329 2 33 108 1 0.8198 0.6893 167 191
426-1-1-0.05-50-0 1 2329 14 20 46 28 0.8451 0.9922 105 102
426-1-1-0.05-50-0 1 2330 14 7 46 92 0.8451 0.9267 105 106
426-1-1-0.05-50-0 1 2330 2 3 111 1 0.8198 0.4813 167 321
426-1-1-0.05-50-0 1 2330 19 19 5 5 0.8072 0.8072 134 134
426-1-1-0.05-50-0 1 2330 14 47 46 102 0.8451 0.9293 105 103
426-1-1-0.05-50-0 1 2331 36 2 103 110 0.8162 0.8198 165 167
426-1-1-0.05-50-0 1 2331 40 45 83 1 0.9739 0.3816 104 173
426-1-1-0.05-50-0 1 2331 14 47 45 102 0.8451 0.9293 105 103
426-1-1-0.05-50-0 1 2332 14 43 48 53 0.8451 0.8316 105 123
426-1-1-0.05-50-0 1 2332 36 14 103 48 0.8162 0.8451 165 105
426-1-1-0.05-50-0 1 2332 14 43 47 52 0.8451 0.8316 105 123
426-1-1-0.05-50-0 1 2333 28 10 1 110 0.3846 0.2533 311 449
426-1-1-0.05-50-0 1 2333 1 1 7 7 0.2520 0.2520 409 409
426-1-1-0.05-50-0 1 2333 36 37 103 100 0.8162 0.8481 165 127
426-1-1-0.05-50-0 1 2333 36 14 103 47 0.8162 0.8451 165 105
426-1-1-0.05-50-0 1 2333 36 14 103 46 0.8162 0.8451 165 105
426-1-1-0.05-50-0 1 2334 36 37 104 99 0.8162 0.8481 165 127
426-1-1-0.05-50-0 1 2334 41 5 75 2 0.9621 0.0007 105 226
426-1-1-0.05-50-0 1 2334 14 26 45 130 0.8451 0.8171 105 141
426-1-1-0.05-50-0 1 2334 36 36 104 104 0.8162 0.8162 165 165
426-1-1-0.05-50-0 1 2334 26 28 129 1 0.8171 0.3846 141 311
426-1-1-0.05-50-0 1 2334 14 26 45 129 0.8451 0.8171 105 141
426-1-1-0.05-50-0 1 2334 1 10 5 111 0.2520 0.2533 409 449
426-1-1-0.05-50-0 1 2334 2 6 111 1 0.8198 0.4266 167 249
426-1-1-0.05-50-0 1 2335 14 20 45 29 0.8451 0.9922 105 102
426-1-1-0.05-50-0 1 2335 40 46 81 1 0.9739 0.3451 104 327
426-1-1-0.05-50-0 1 2335 36 26 102 127 0.8162 0.8171 165 141
426-1-1-0.05-50-0 1 2335 36 36 102 102 0.8162 0.8162 165 165
426-1-1-0.05-50-0 1 2335 41 5 75 1 0.9621 0.0007 105 226
426-1-1-0.05-50-0 1 2335 36 26 101 126 0.8162 0.8171 165 141
426-1-1-0.05-50-0 1 2336 36 36 99 99 0.8162 0.8162 165 165
426-1-1-0.05-50-0 1 2336 36 2 98 109 0.8162 0.8198 165 167
426-1-1-0.05-50-0 1 2336 14 26 47 126 0.8451 0.8171 105 141
426-1-1-0.05-50-0 1 2337 36 37 99 96 0.8162 0.8481 165 127
426-1-1-0.05-50-0 1 2337 36 37 99 95 0.8162 0.8481 165 127
426-1-1-0.05-50-0 1 2337 37 48 94 1 0.8481 0.1153 127 334
426-1-1-0.05-50-0 1 2337 20 6 24 1 0.9922 0.4266 102 249
426-1-1-0.05-50-0 1 2337 14 43 46 57 0.8451 0.8316 105 123
426-1-1-0.05-50-0 1 2338 36 37 103 94 0.8162 0.8481 165 127
426-1-1-0.05-50-0 1 2339 36 37 107 90 0.8162 0.8481 165 127
426-1-1-0.05-50-0 1 2339 36 37 107 89 0.8162 0.8481 165 127
426-1-1-0.05-50-0 1 2339 36 26 107 129 0.8162 0.8171 165 141
426-1-1-0.05-50-0 1 2339 36 26 107 128 0.8162 0.8171 165 141
426-1-1-0.05-50-0 1 2340 36 2 106 114 0.8162 0.8198 165 167
426-1-1-0.05-50-0 1 2340 36 14 106 48 0.8162 0.8451 165 105
426-1-1-0.05-50-0 1 2341 36 43 107 59 0.8162 0.8316 165 123
426-1-1-0.05-50-0 1 2341 36 2 107 110 0.8162 0.8198 165 167
426-1-1-0.05-50-0 1 2342 36 36 110 110 0.8162 0.8162 165 165
426-1-1-0.05-50-0 1 2342 36 26 109 132 0.8162 0.8171 165 141
426-1-1-0.05-50-0 1 2342 36 26 109 131 0.8162 0.8171 165 141
426-1-1-0.05-50-0 1 2342 36 37 109 82 0.8162 0.8481 165 127
426-1-1-0.05-50-0 1 2343 36 36 105 105 0.8162 0.8162 165 165
426-1-1-0.05-50-0 1 2343 26 28 132 1 0.8171 0.3846 141 311
426-1-1-0.05-50-0 1 2344 36 36 106 106 0.8162 0.8162 165 165
426-1-1-0.05-50-0 1 2345 43 12 52 3 0.8316 0.1896 123 325
426-1-1-0.05-50-0 1 2345 36 36 102 102 0.8162 0.8162 165 165
426-1-1-0.05-50-0 1 2345 40 46 85 1 0.9739 0.3451 104 327
426-1-1-0.05-50-0 1 2345 36 36 101 101 0.8162 0.8162 165 165
426-1-1-0.05-50-0 1 2346 36 36 102 102 0.8162 0.8162 165 165
426-1-1-0.05-50-0 1 2346 26 3 141 1 0.8171 0.4813 141 321
426-1-1-0.05-50-0 1 2347 36 2 104 105 0.8162 0.8198 165 167
426-1-1-0.05-50-0 1 2348 14 40 48 89 0.8451 0.9739 105 104
426-1-1-0.05-50-0 1 2348 14 25 48 104 0.8451 0.9430 105 125
426-1-1-0.05-50-0 1 2348 36 2 101 108 0.8162 0.8198 165 167
426-1-1-0.05-50-0 1 2349 10 27 125 1 0.2533 0.0776 449 149
426-1-1-0.05-50-0 1 2349 36 2 102 104 0.8162 0.8198 165 167
426-1-1-0.05-50-0 1 2349 36 2 102 103 0.8162 0.8198 165 167
426-1-1-0.05-50-0 1 2349 36 36 102 102 0.8162 0.8162 165 165
426-1-1-0.05-50-0 1 2350 36 26 97 141 0.8162 0.8171 165 141
426-1-1-0.05-50-0 1 2350 36 37 97 82 0.8162 0.8481 165 127
426-1-1-0.05-50-0 1 2350 1 8 4 181 0.2520 0.2506 409 303
426-1-1-0.05-50-0 1 2351 14 36 40 97 0.8451 0.8162 105 165
426-1-1-0.05-50-0 1 2351 36 26 96 140 0.8162 0.8171 165 141
426-1-1-0.05-50-0 1 2351 14 7 40 97 0.8451 0.9267 105 106
426-1-1-0.05-50-0 1 2352 36 43 102 51 0.8162 0.8316 165 123
426-1-1-0.05-50-0 1 2352 36 43 102 50 0.8162 0.8316 165 123
426-1-1-0.05-50-0 1 2352 40 9 82 1 0.9739 0.6134 104 161
426-1-1-0.05-50-0 1 2353 40 34 80 1 0.9739 0.7448 104 168
426-1-1-0.05-50-0 1 2353 36 2 101 104 0.8162 0.8198 165 167
426-1-1-0.05-50-0 1 2354 36 26 105 141 0.8162 0.8171 165 141
426-1-1-0.05-50-0 1 2354 14 2 35 105 0.8451 0.8198 105 167
426-1-1-0.05-50-0 1 2354 36 37 105 79 0.8162 0.8481 165 127
426-1-1-0.05-50-0 1 2355 14 26 35 137 0.8451 0.8171 105 141
426-1-1-0.05-50-0 1 2355 43 12 52 2 0.8316 0.1896 123 325
426-1-1-0.05-50-0 1 2355 36 26 106 136 0.8162 0.8171 165 141
426-1-1-0.05-50-0 1 2355 14 47 35 93 0.8451 0.9293 105 103
426-1-1-0.05-50-0 1 2356 36 2 108 105 0.8162 0.8198 165 167
426-1-1-0.05-50-0 1 2357 36 26 109 135 0.8162 0.8171 165 141
426-1-1-0.05-50-0 1 2357 36 2 109 109 0.8162 0.8198 165 167
426-1-1-0.05-50-0 1 2358 14 47 32 93 0.8451 0.9293 105 103
426-1-1-0.05-50-0 1 2358 36 37 115 82 0.8162 0.8481 165 127
426-1-1-0.05-50-0 1 2358 36 43 115 52 0.8162 0.8316 165 123
426-1-1-0.05-50-0 1 2359 36 26 118 128 0.8162 0.8171 165 141
426-1-1-0.05-50-0 1 2359 1 10 2 157 0.2520 0.2533 409 449
426-1-1-0.05-50-0 1 2359 2 33 108 1 0.8198 0.6893 167 191
426-1-1-0.05-50-0 1 2359 36 2 118 108 0.8162 0.8198 165 167
426-1-1-0.05-50-0 1 2359 14 47 31 91 0.8451 0.9293 105 103
426-1-1-0.05-50-0 1 2360 2 17 107 1 0.8198 0.6398 167 197
426-1-1-0.05-50-0 1 2360 36 36 122 122 0.8162 0.8162 165 165
426-1-1-0.05-50-0 1 2361 36 2 122 104 0.8162 0.8198 165 167
426-1-1-0.05-50-0 1 2361 36 26 122 129 0.8162 0.8171 165 141
426-1-1-0.05-50-0 1 2361 36 2 122 103 0.8162 0.8198 165 167
426-1-1-0.05-50-0 1 2362 36 26 118 131 0.8162 0.8171 165 141
426-1-1-0.05-50-0 1 2362 43 12 47 1 0.8316 0.1896 123 325
426-1-1-0.05-50-0 1 2362 36 36 118 118 0.8162 0.8162 165 165
426-1-1-0.05-50-0 1 2362 14 7 31 106 0.8451 0.9267 105 106
426-1-1-0.05-50-0 1 2363 36 37 115 82 0.8162 0.8481 165 127
426-1-1-0.05-50-0 1 2363 36 2 115 95 0.8162 0.8198 165 167
426-1-1-0.05-50-0 1 2363 37 50 81 1 0.8481 0.2147 127 147
426-1-1-0.05-50-0 1 2364 37 39 84 2 0.8481 0.2187 127 309
426-1-1-0.05-50-0 1 2364 1 8 2 216 0.2520 0.2506 409 303
426-1-1-0.05-50-0 1 2364 36 14 115 32 0.8162 0.8451 165 105
426-1-1-0.05-50-0 1 2365 36 26 117 119 0.8162 0.8171 165 141
426-1-1-0.05-50-0 1 2365 41 5 84 2 0.9621 0.0007 105 226
426-1-1-0.05-50-0 1 2365 14 40 33 94 0.8451 0.9739 105 104
426-1-1-0.05-50-0 1 2365 36 26 117 118 0.8162 0.8171 165 141
426-1-1-0.05-50-0 1 2365 36 26 117 117 0.8162 0.8171 165 141
426-1-1-0.05-50-0 1 2365 36 43 117 49 0.8162 0.8316 165 123
426-1-1-0.05-50-0 1 2366 14 13 34 142 0.8451 0.8878 105 151
426-1-1-0.05-50-0 1 2366 36 37 122 86 0.8162 0.8481 165 127
426-1-1-0.05-50-0 1 2366 36 36 122 122 0.8162 0.8162 165 165
426-1-1-0.05-50-0 1 2367 36 2 121 92 0.8162 0.8198 165 167
426-1-1-0.05-50-0 1 2367 36 37 121 85 0.8162 0.8481 165 127
426-1-1-0.05-50-0 1 2367 36 2 121 91 0.8162 0.8198 165 167
426-1-1-0.05-50-0 1 2367 41 5 86 1 0.9621 0.0007 105 226
426-1-1-0.05-50-0 1 2367 36 43 121 51 0.8162 0.8316 165 123
426-1-1-0.05-50-0 1 2368 36 37 119 84 0.8162 0.8481 165 127
426-1-1-0.05-50-0 1 2368 1 8 3 224 0.2520 0.2506 409 303
426-1-1-0.05-50-0 1 2368 36 37 119 83 0.8162 0.8481 165 127
426-1-1-0.05-50-0 1 2368 36 43 119 51 0.8162 0.8316 165 123
426-1-1-0.05-50-0 1 2368 36 26 119 113 0.8162 0.8171 165 141
426-1-1-0.05-50-0 1 2369 14 25 33 98 0.8451 0.9430 105 125
426-1-1-0.05-50-0 1 2370 14 26 32 109 0.8451 0.8171 105 141
426-1-1-0.05-50-0 1 2370 36 36 122 122 0.8162 0.8162 165 165
426-1-1-0.05-50-0 1 2370 36 36 121 121 0.8162 0.8162 165 165
426-1-1-0.05-50-0 1 2370 36 43 120 56 0.8162 0.8316 165 123
426-1-1-0.05-50-0 1 2370 36 36 120 120 0.8162 0.8162 165 165
426-1-1-0.05-50-0 1 2371 14 2 31 104 0.8451 0.8198 105 167
426-1-1-0.05-50-0 1 2371 14 2 31 103 0.8451 0.8198 105 167
426-1-1-0.05-50-0 1 2371 36 36 126 126 0.8162 0.8162 165 165
426-1-1-0.05-50-0 1 2372 36 36 127 127 0.8162 0.8162 165 165
426-1-1-0.05-50-0 1 2372 36 36 126 126 0.8162 0.8162 165 165
426-1-1-0.05-50-0 1 2372 36 2 125 99 0.8162 0.8198 165 167
426-1-1-0.05-50-0 1 2372 36 2 125 98 0.8162 0.8198 165 167
426-1-1-0.05-50-0 1 2373 37 23 93 1 0.8481 0.1698 127 476
426-1-1-0.05-50-0 1 2373 36 26 125 114 0.8162 0.8171 165 141
426-1-1-0.05-50-0 1 2373 36 26 125 113 0.8162 0.8171 165 141
426-1-1-0.05-50-0 1 2373 36 37 125 93 0.8162 0.8481 165 127
426-1-1-0.05-50-0 1 2373 36 2 125 94 0.8162 0.8198 165 167
426-1-1-0.05-50-0 1 2373 1 8 4 237 0.2520 0.2506 409 303
426-1-1-0.05-50-0 1 2374 36 26 125 115 0.8162 0.8171 165 141
426-1-1-0.05-50-0 1 2374 36 37 125 96 0.8162 0.8481 165 127
426-1-1-0.05-50-0 1 2374 36 43 125 53 0.8162 0.8316 165 123
426-1-1-0.05-50-0 1 2374 2 32 92 1 0.8198 0.6514 167 215
426-1-1-0.05-50-0 1 2374 1 8 4 234 0.2520 0.2506 409 303
426-1-1-0.05-50-0 1 2375 37 16 97 2 0.8481 0.2228 127 149
426-1-1-0.05-50-0 1 2376 36 43 126 50 0.8162 0.8316 165 123
426-1-1-0.05-50-0 1 2376 36 36 126 126 0.8162 0.8162 165 165
426-1-1-0.05-50-0 1 2376 36 26 125 111 0.8162 0.8171 165 141
426-1-1-0.05-50-0 1 2377 1 8 4 231 0.2520 0.2506 409 303
426-1-1-0.05-50-0 1 2377 36 2 124 92 0.8162 0.8198 165 167
426-1-1-0.05-50-0 1 2377 2 3 91 1 0.8198 0.4813 167 321
426-1-1-0.05-50-0 1 2378 14 2 32 87 0.8451 0.8198 105 167
426-1-1-0.05-50-0 1 2378 36 26 123 109 0.8162 0.8171 165 141
426-1-1-0.05-50-0 1 2378 14 40 32 87 0.8451 0.9739 105 104
426-1-1-0.05-50-0 1 2379 14 13 31 151 0.8451 0.8878 105 151
426-1-1-0.05-50-0 1 2379 36 36 126 126 0.8162 0.8162 165 165
426-1-1-0.05-50-0 1 2379 36 2 125 87 0.8162 0.8198 165 167
426-1-1-0.05-50-0 1 2379 14 25 31 115 0.8451 0.9430 105 125
426-1-1-0.05-50-0 1 2379 36 43 125 44 0.8162 0.8316 165 123
426-1-1-0.05-50-0 1 2380 36 19 128 4 0.8162 0.8072 165 134
426-1-1-0.05-50-0 1 2380 36 36 128 128 0.8162 0.8162 165 165
426-1-1-0.05-50-0 1 2381 40 34 84 1 0.9739 0.7448 104 168
426-1-1-0.05-50-0 1 2381 37 39 97 1 0.8481 0.2187 127 309
426-1-1-0.05-50-0 1 2381 36 2 125 86 0.8162 0.8198 165 167
426-1-1-0.05-50-0 1 2381 1 8 3 239 0.2520 0.2506 409 303
426-1-1-0.05-50-0 1 2381 36 36 125 125 0.8162 0.8162 165 165
426-1-1-0.05-50-0 1 2382 36 36 126 126 0.8162 0.8162 165 165
426-1-1-0.05-50-0 1 2382 36 2 125 86 0.8162 0.8198 165 167
426-1-1-0.05-50-0 1 2383 36 26 125 107 0.8162 0.8171 165 141
426-1-1-0.05-50-0 1 2383 36 36 125 125 0.8162 0.8162 165 165
426-1-1-0.05-50-0 1 2383 7 3 101 1 0.9267 0.4813 106 321
426-1-1-0.05-50-0 1 2384 36 36 126 126 0.8162 0.8162 165 165
426-1-1-0.05-50-0 1 2384 36 2 125 94 0.8162 0.8198 165 167
426-1-1-0.05-50-0 1 2385 36 26 121 112 0.8162 0.8171 165 141
426-1-1-0.05-50-0 1 2385 36 43 121 39 0.8162 0.8316 165 123
426-1-1-0.05-50-0 1 2385 36 37 121 88 0.8162 0.8481 165 127
426-1-1-0.05-50-0 1 2385 36 36 121 121 0.8162 0.8162 165 165
426-1-1-0.05-50-0 1 2386 36 36 118 118 0.8162 0.8162 165 165
426-1-1-0.05-50-0 1 2386 36 36 117 117 0.8162 0.8162 165 165
426-1-1-0.05-50-0 1 2386 36 14 116 34 0.8162 0.8451 165 105
426-1-1-0.05-50-0 1 2386 36 36 116 116 0.8162 0.8162 165 165
426-1-1-0.05-50-0 1 2386 14 25 33 119 0.8451 0.9430 105 125
426-1-1-0.05-50-0 1 2387 14 25 33 123 0.8451 0.9430 105 125
426-1-1-0.05-50-0 1 2387 36 43 113 36 0.8162 0.8316 165 123
426-1-1-0.05-50-0 1 2387 14 7 33 106 0.8451 0.9267 105 106
426-1-1-0.05-50-0 1 2388 40 21 89 2 0.9739 0.4184 104 158
426-1-1-0.05-50-0 1 2388 37 23 87 1 0.8481 0.1698 127 476
426-1-1-0.05-50-0 1 2388 36 14 109 32 0.8162 0.8451 165 105
426-1-1-0.05-50-0 1 2388 14 37 31 87 0.8451 0.8481 105 127
426-1-1-0.05-50-0 1 2388 36 37 109 86 0.8162 0.8481 165 127
426-1-1-0.05-50-0 1 2389 36 26 108 115 0.8162 0.8171 165 141
426-1-1-0.05-50-0 1 2389 36 36 108 108 0.8162 0.8162 165 165
426-1-1-0.05-50-0 1 2390 36 36 112 112 0.8162 0.8162 165 165
426-1-1-0.05-50-0 1 2390 36 37 111 94 0.8162 0.8481 165 127
426-1-1-0.05-50-0 1 2391 14 2 31 102 0.8451 0.8198 105 167
426-1-1-0.05-50-0 1 2391 21 10 1 212 0.4184 0.2533 158 449
426-1-1-0.05-50-0 1 2391 14 7 31 106 0.8451 0.9267 105 106
426-1-1-0.05-50-0 1 2391 36 26 110 111 0.8162 0.8171 165 141
426-1-1-0.05-50-0 1 2391 36 37 110 94 0.8162 0.8481 165 127
426-1-1-0.05-50-0 1 2391 36 2 110 101 0.8162 0.8198 165 167
426-1-1-0.05-50-0 1 2391 36 2 110 100 0.8162 0.8198 165 167
426-1-1-0.05-50-0 1 2392 20 38 23 1 0.9922 0.6163 102 270
426-1-1-0.05-50-0 1 2392 26 21 114 2 0.8171 0.4184 141 158
426-1-1-0.05-50-0 1 2392 36 37 111 98 0.8162 0.8481 165 127
426-1-1-0.05-50-0 1 2393 14 25 32 123 0.8451 0.9430 105 125
426-1-1-0.05-50-0 1 2393 14 2 32 99 0.8451 0.8198 105 167
426-1-1-0.05-50-0 1 2393 43 12 38 2 0.8316 0.1896 123 325
426-1-1-0.05-50-0 1 2393 36 36 109 109 0.8162 0.8162 165 165
426-1-1-0.05-50-0 1 2393 41 5 105 1 0.9621 0.0007 105 226
426-1-1-0.05-50-0 1 2393 41 35 105 1 0.9621 0.0354 105 158
426-1-1-0.05-50-0 1 2393 36 26 108 114 0.8162 0.8171 165 141
426-1-1-0.05-50-0 1 2394 36 37 106 98 0.8162 0.8481 165 127
426-1-1-0.05-50-0 1 2394 25 22 118 2 0.9430 0.0160 125 311
426-1-1-0.05-50-0 1 2394 25 22 118 1 0.9430 0.0160 125 311
426-1-1-0.05-50-0 1 2395 14 13 35 142 0.8451 0.8878 105 151
426-1-1-0.05-50-0 1 2395 36 36 111 111 0.8162 0.8162 165 165
426-1-1-0.05-50-0 1 2395 36 36 110 110 0.8162 0.8162 165 165
426-1-1-0.05-50-0 1 2395 36 26 109 114 0.8162 0.8171 165 141
426-1-1-0.05-50-0 1 2396 36 36 110 110 0.8162 0.8162 165 165
426-1-1-0.05-50-0 1 2396 36 2 109 99 0.8162 0.8198 165 167
426-1-1-0.05-50-0 1 2396 36 26 109 114 0.8162 0.8171 165 141
426-1-1-0.05-50-0 1 2397 37 18 104 1 0.8481 0.2181 127 226
426-1-1-0.05-50-0 1 2397 1 10 4 231 0.2520 0.2533 409 449
426-1-1-0.05-50-0 1 2397 36 37 106 104 0.8162 0.8481 165 127
426-1-1-0.05-50-0 1 2397 14 2 35 93 0.8451 0.8198 105 167
426-1-1-0.05-50-0 1 2397 14 13 35 140 0.8451 0.8878 105 151
426-1-1-0.05-50-0 1 2398 37 48 95 1 0.8481 0.1153 127 334
426-1-1-0.05-50-0 1 2398 40 30 102 2 0.9739 0.6008 104 266
426-1-1-0.05-50-0 1 2398 36 2 104 89 0.8162 0.8198 165 167
426-1-1-0.05-50-0 1 2398 40 30 102 1 0.9739 0.6008 104 266
426-1-1-0.05-50-0 1 2398 36 14 104 34 0.8162 0.8451 165 105
426-1-1-0.05-50-0 1 2399 14 41 34 97 0.8451 0.9621 105 105
426-1-1-0.05-50-0 1 2399 14 47 34 101 0.8451 0.9293 105 103
426-1-1-0.05-50-0 1 2399 36 37 102 93 0.8162 0.8481 165 127
426-1-1-0.05-50-0 1 2399 36 36 102 102 0.8162 0.8162 165 165
426-1-1-0.05-50-0 1 2400 36 26 102 123 0.8162 0.8171 165 141
426-1-1-0.05-50-0 1 2400 40 17 100 1 0.9739 0.6398 104 197
426-1-1-0.05-50-0 1 2400 14 20 33 21 0.8451 0.9922 105 102
426-1-1-0.05-50-0 1 2400 36 26 102 122 0.8162 0.8171 165 141
426-1-1-0.05-50-0 1 2400 36 37 102 90 0.8162 0.8481 165 127
426-1-1-0.05-50-0 1 2401 36 2 103 81 0.8162 0.8198 165 167
426-1-1-0.05-50-0 1 2401 36 43 103 41 0.8162 0.8316 165 123
426-1-1-0.05-50-0 1 2402 14 2 34 79 0.8451 0.8198 105 167
426-1-1-0.05-50-0 1 2402 40 21 104 1 0.9739 0.4184 104 158
426-1-1-0.05-50-0 1 2402 36 26 105 126 0.8162 0.8171 165 141
426-1-1-0.05-50-0 1 2402 36 2 105 78 0.8162 0.8198 165 167
426-1-1-0.05-50-0 1 2403 36 26 110 128 0.8162 0.8171 165 141
426-1-1-0.05-50-0 1 2404 14 47 35 94 0.8451 0.9293 105 103
426-1-1-0.05-50-0 1 2404 20 31 20 1 0.9922 0.5626 102 252
426-1-1-0.05-50-0 1 2404 36 36 114 114 0.8162 0.8162 165 165
426-1-1-0.05-50-0 1 2405 36 37 111 87 0.8162 0.8481 165 127
426-1-1-0.05-50-0 1 2405 36 37 111 86 0.8162 0.8481 165 127
426-1-1-0.05-50-0 1 2405 36 36 111 111 0.8162 0.8162 165 165
426-1-1-0.05-50-0 1 2406 14 47 35 95 0.8451 0.9293 105 103
426-1-1-0.05-50-0 1 2406 36 2 113 79 0.8162 0.8198 165 167
426-1-1-0.05-50-0 1 2406 36 36 113 113 0.8162 0.8162 165 165
426-1-1-0.05-50-0 1 2406 36 26 112 127 0.8162 0.8171 165 141
426-1-1-0.05-50-0 1 2406 36 26 112 126 0.8162 0.8171 165 141
426-1-1-0.05-50-0 1 2407 43 12 38 1 0.8316 0.1896 123 325
426-1-1-0.05-50-0 1 2407 36 26 114 121 0.8162 0.8171 165 141
426-1-1-0.05-50-0 1 2408 43 49 34 1 0.8316 0.1842 123 136
426-1-1-0.05-50-0 1 2408 14 26 35 122 0.8451 0.8171 105 141
426-1-1-0.05-50-0 1 2409 20 6 19 1 0.9922 0.4266 102 249
426-1-1-0.05-50-0 1 2409 36 26 108 120 0.8162 0.8171 165 141
426-1-1-0.05-50-0 1 2409 36 14 108 36 0.8162 0.8451 165 105
426-1-1-0.05-50-0 1 2409 36 37 108 82 0.8162 0.8481 165 127
426-1-1-0.05-50-0 1 2409 36 2 108 74 0.8162 0.8198 165 167
426-1-1-0.05-50-0 1 2410 36 26 112 121 0.8162 0.8171 165 141
426-1-1-0.05-50-0 1 2411 36 37 108 83 0.8162 0.8481 165 127
426-1-1-0.05-50-0 1 2411 26 3 125 1 0.8171 0.4813 141 321
426-1-1-0.05-50-0 1 2411 14 14 35 35 0.8451 0.8451 105 105
426-1-1-0.05-50-0 1 2411 36 14 108 34 0.8162 0.8451 165 105
426-1-1-0.05-50-0 1 2412 36 2 111 76 0.8162 0.8198 165 167
426-1-1-0.05-50-0 1 2412 36 26 111 124 0.8162 0.8171 165 141
426-1-1-0.05-50-0 1 2413 14 7 32 102 0.8451 0.9267 105 106
426-1-1-0.05-50-0 1 2413 36 36 118 118 0.8162 0.8162 165 165
426-1-1-0.05-50-0 1 2413 36 26 117 124 0.8162 0.8171 165 141
426-1-1-0.05-50-0 1 2414 14 40 29 104 0.8451 0.9739 105 104
426-1-1-0.05-50-0 1 2415 36 2 124 73 0.8162 0.8198 165 167
426-1-1-0.05-50-0 1 2415 36 36 124 124 0.8162 0.8162 165 165
426-1-1-0.05-50-0 1 2415 14 40 28 100 0.8451 0.9739 105 104
426-1-1-0.05-50-0 1 2416 36 2 122 74 0.8162 0.8198 165 167
426-1-1-0.05-50-0 1 2416 36 43 122 29 0.8162 0.8316 165 123
426-1-1-0.05-50-0 1 2416 36 26 122 123 0.8162 0.8171 165 141
426-1-1-0.05-50-0 1 2416 36 2 122 73 0.8162 0.8198 165 167
426-1-1-0.05-50-0 1 2416 36 2 122 72 0.8162 0.8198 165 167
426-1-1-0.05-50-0 1 2416 36 37 122 88 0.8162 0.8481 165 127
426-1-1-0.05-50-0 1 2416 36 36 122 122 0.8162 0.8162 165 165
426-1-1-0.05-50-0 1 2416 36 36 121 121 0.8162 0.8162 165 165
426-1-1-0.05-50-0 1 2416 36 36 120 120 0.8162 0.8162 165 165
426-1-1-0.05-50-0 1 2417 36 36 118 118 0.8162 0.8162 165 165
426-1-1-0.05-50-0 1 2417 36 37 117 87 0.8162 0.8481 165 127
426-1-1-0.05-50-0 1 2417 36 36 117 117 0.8162 0.8162 165 165
426-1-1-0.05-50-0 1 2417 14 25 28 115 0.8451 0.9430 105 125
426-1-1-0.05-50-0 1 2417 20 6 19 1 0.9922 0.4266 102 249
426-1-1-0.05-50-0 1 2418 36 2 113 73 0.8162 0.8198 165 167
426-1-1-0.05-50-0 1 2418 36 2 113 72 0.8162 0.8198 165 167
426-1-1-0.05-50-0 1 2418 36 36 113 113 0.8162 0.8162 165 165
426-1-1-0.05-50-0 1 2418 36 43 112 26 0.8162 0.8316 165 123
426-1-1-0.05-50-0 1 2418 14 13 28 149 0.8451 0.8878 105 151
426-1-1-0.05-50-0 1 2419 26 45 126 1 0.8171 0.3816 141 173
426-1-1-0.05-50-0 1 2419 14 36 28 112 0.8451 0.8162 105 165
426-1-1-0.05-50-0 1 2419 14 41 28 103 0.8451 0.9621 105 105
426-1-1-0.05-50-0 1 2419 36 37 111 84 0.8162 0.8481 165 127
426-1-1-0.05-50-0 1 2420 36 36 111 111 0.8162 0.8162 165 165
426-1-1-0.05-50-0 1 2420 14 37 29 82 0.8451 0.8481 105 127
426-1-1-0.05-50-0 1 2420 37 48 81 3 0.8481 0.1153 127 334
426-1-1-0.05-50-0 1 2421 37 16 79 1 0.8481 0.2228 127 149
426-1-1-0.05-50-0 1 2421 36 26 106 125 0.8162 0.8171 165 141
426-1-1-0.05-50-0 1 2421 36 14 106 31 0.8162 0.8451 165 105
426-1-1-0.05-50-0 1 2421 36 26 106 124 0.8162 0.8171 165 141
426-1-1-0.05-50-0 1 2421 36 36 106 106 0.8162 0.8162 165 165
426-1-1-0.05-50-0 1 2421 7 3 106 1 0.9267 0.4813 106 321
426-1-1-0.05-50-0 1 2421 14 40 30 103 0.8451 0.9739 105 104
426-1-1-0.05-50-0 1 2422 14 26 30 115 0.8451 0.8171 105 141
426-1-1-0.05-50-0 1 2422 14 25 30 122 0.8451 0.9430 105 125
426-1-1-0.05-50-0 1 2422 40 30 98 1 0.9739 0.6008 104 266
426-1-1-0.05-50-0 1 2422 36 26 101 114 0.8162 0.8171 165 141
426-1-1-0.05-50-0 1 2424 36 26 105 115 0.8162 0.8171 165 141
426-1-1-0.05-50-0 1 2424 36 43 105 29 0.8162 0.8316 165 123
426-1-1-0.05-50-0 1 2424 36 36 105 105 0.8162 0.8162 165 165
426-1-1-0.05-50-0 1 2425 40 15 102 2 0.9739 0.7918 104 149
426-1-1-0.05-50-0 1 2425 37 23 78 3 0.8481 0.1698 127 476
426-1-1-0.05-50-0 1 2425 40 17 102 1 0.9739 0.6398 104 197
426-1-1-0.05-50-0 1 2425 36 36 105 105 0.8162 0.8162 165 165
426-1-1-0.05-50-0 1 2426 37 48 78 3 0.8481 0.1153 127 334
426-1-1-0.05-50-0 1 2426 36 36 102 102 0.8162 0.8162 165 165
426-1-1-0.05-50-0 1 2426 36 36 101 101 0.8162 0.8162 165 165
426-1-1-0.05-50-0 1 2427 36 2 98 76 0.8162 0.8198 165 167
426-1-1-0.05-50-0 1 2427 14 47 28 103 0.8451 0.9293 105 103
426-1-1-0.05-50-0 1 2427 36 36 98 98 0.8162 0.8162 165 165
426-1-1-0.05-50-0 1 2427 36 36 97 97 0.8162 0.8162 165 165
426-1-1-0.05-50-0 1 2427 14 7 28 101 0.8451 0.9267 105 106
426-1-1-0.05-50-0 1 2427 14 2 28 75 0.8451 0.8198 105 167
426-1-1-0.05-50-0 1 2428 36 26 92 135 0.8162 0.8171 165 141
426-1-1-0.05-50-0 1 2428 36 36 92 92 0.8162 0.8162 165 165
426-1-1-0.05-50-0 1 2428 36 26 91 134 0.8162 0.8171 165 141
426-1-1-0.05-50-0 1 2428 1 8 10 297 0.2520 0.2506 409 303
426-1-1-0.05-50-0 1 2428 26 28 133 1 0.8171 0.3846 141 311
426-1-1-0.05-50-0 1 2429 36 36 94 94 0.8162 0.8162 165 165
426-1-1-0.05-50-0 1 2429 1 8 10 289 0.2520 0.2506 409 303
426-1-1-0.05-50-0 1 2430 36 36 94 94 0.8162 0.8162 165 165
426-1-1-0.05-50-0 1 2430 14 13 29 150 0.8451 0.8878 105 151
426-1-1-0.05-50-0 1 2430 14 41 29 105 0.8451 0.9621 105 105
426-1-1-0.05-50-0 1 2431 36 14 90 28 0.8162 0.8451 165 105
426-1-1-0.05-50-0 1 2431 10 27 323 1 0.2533 0.0776 449 149
426-1-1-0.05-50-0 1 2431 36 2 90 74 0.8162 0.8198 165 167
426-1-1-0.05-50-0 1 2432 1 10 8 319 0.2520 0.2533 409 449
426-1-1-0.05-50-0 1 2432 36 26 91 131 0.8162 0.8171 165 141
426-1-1-0.05-50-0 1 2432 36 2 91 73 0.8162 0.8198 165 167
426-1-1-0.05-50-0 1 2433 36 36 90 90 0.8162 0.8162 165 165
426-1-1-0.05-50-0 1 2433 36 37 89 71 0.8162 0.8481 165 127
426-1-1-0.05-50-0 1 2434 43 49 22 2 0.8316 0.1842 123 136
426-1-1-0.05-50-0 1 2434 36 36 91 91 0.8162 0.8162 165 165
426-1-1-0.05-50-0 1 2434 36 26 90 132 0.8162 0.8171 165 141
426-1-1-0.05-50-0 1 2434 14 7 29 102 0.8451 0.9267 105 106
426-1-1-0.05-50-0 1 2434 37 48 72 2 0.8481 0.1153 127 334
426-1-1-0.05-50-0 1 2434 40 15 99 3 0.9739 0.7918 104 149
426-1-1-0.05-50-0 1 2435 14 26 29 133 0.8451 0.8171 105 141
426-1-1-0.05-50-0 1 2435 36 43 93 25 0.8162 0.8316 165 123
426-1-1-0.05-50-0 1 2435 14 47 29 103 0.8451 0.9293 105 103
426-1-1-0.05-50-0 1 2436 14 47 30 101 0.8451 0.9293 105 103
426-1-1-0.05-50-0 1 2436 14 36 30 94 0.8451 0.8162 105 165
426-1-1-0.05-50-0 1 2436 36 14 93 30 0.8162 0.8451 165 105
426-1-1-0.05-50-0 1 2436 36 26 93 130 0.8162 0.8171 165 141
426-1-1-0.05-50-0 1 2437 36 36 94 94 0.8162 0.8162 165 165
426-1-1-0.05-50-0 1 2437 36 2 93 71 0.8162 0.8198 165 167
426-1-1-0.05-50-0 1 2437 36 36 93 93 0.8162 0.8162 165 165
426-1-1-0.05-50-0 1 2437 36 14 92 30 0.8162 0.8451 165 105
426-1-1-0.05-50-0 1 2437 36 37 92 70 0.8162 0.8481 165 127
426-1-1-0.05-50-0 1 2437 36 26 92 132 0.8162 0.8171 165 141
426-1-1-0.05-50-0 1 2438 14 13 29 151 0.8451 0.8878 105 151
426-1-1-0.05-50-0 1 2438 40 21 97 1 0.9739 0.4184 104 158
426-1-1-0.05-50-0 1 2439 36 37 92 67 0.8162 0.8481 165 127
426-1-1-0.05-50-0 1 2439 36 19 92 4 0.8162 0.8072 165 134
426-1-1-0.05-50-0 1 2440 36 26 88 114 0.8162 0.8171 165 141
426-1-1-0.05-50-0 1 2441 36 37 88 69 0.8162 0.8481 165 127
426-1-1-0.05-50-0 1 2441 36 37 88 68 0.8162 0.8481 165 127
426-1-1-0.05-50-0 1 2441 37 23 67 3 0.8481 0.1698 127 476
426-1-1-0.05-50-0 1 2442 14 36 32 95 0.8451 0.8162 105 165
426-1-1-0.05-50-0 1 2442 36 36 94 94 0.8162 0.8162 165 165
426-1-1-0.05-50-0 1 2442 36 36 93 93 0.8162 0.8162 165 165
426-1-1-0.05-50-0 1 2442 41 11 91 1 0.9621 0.0504 105 384
426-1-1-0.05-50-0 1 2442 36 36 92 92 0.8162 0.8162 165 165
426-1-1-0.05-50-0 1 2443 36 37 90 74 0.8162 0.8481 165 127
426-1-1-0.05-50-0 1 2443 1 10 8 382 0.2520 0.2533 409 449
426-1-1-0.05-50-0 1 2443 1 8 8 303 0.2520 0.2506 409 303
426-1-1-0.05-50-0 1 2443 36 36 90 90 0.8162 0.8162 165 165
426-1-1-0.05-50-0 1 2444 25 22 125 2 0.9430 0.0160 125 311
426-1-1-0.05-50-0 1 2444 36 37 90 73 0.8162 0.8481 165 127
426-1-1-0.05-50-0 1 2445 36 37 92 75 0.8162 0.8481 165 127
426-1-1-0.05-50-0 1 2445 14 40 31 92 0.8451 0.9739 105 104
426-1-1-0.05-50-0 1 2446 36 2 96 76 0.8162 0.8198 165 167
426-1-1-0.05-50-0 1 2446 41 22 98 1 0.9621 0.0160 105 311
426-1-1-0.05-50-0 1 2447 37 50 78 1 0.8481 0.2147 127 147
426-1-1-0.05-50-0 1 2447 20 17 27 1 0.9922 0.6398 102 197
426-1-1-0.05-50-0 1 2447 40 15 94 4 0.9739 0.7918 104 149
426-1-1-0.05-50-0 1 2448 36 2 99 75 0.8162 0.8198 165 167
426-1-1-0.05-50-0 1 2448 36 26 99 121 0.8162 0.8171 165 141
426-1-1-0.05-50-0 1 2448 36 26 99 120 0.8162 0.8171 165 141
426-1-1-0.05-50-0 1 2449 1 8 11 303 0.2520 0.2506 409 303
426-1-1-0.05-50-0 1 2449 36 26 98 121 0.8162 0.8171 165 141
426-1-1-0.05-50-0 1 2449 14 41 30 101 0.8451 0.9621 105 105
426-1-1-0.05-50-0 1 2449 37 49 81 5 0.8481 0.1842 127 136
426-1-1-0.05-50-0 1 2449 40 15 93 3 0.9739 0.7918 104 149
426-1-1-0.05-50-0 1 2449 36 26 98 120 0.8162 0.8171 165 141
426-1-1-0.05-50-0 1 2449 36 26 98 119 0.8162 0.8171 165 141
426-1-1-0.05-50-0 1 2449 37 49 81 4 0.8481 0.1842 127 136
426-1-1-0.05-50-0 1 2450 36 2 96 74 0.8162 0.8198 165 167
426-1-1-0.05-50-0 1 2450 36 2 96 73 0.8162 0.8198 165 167
426-1-1-0.05-50-0 1 2450 40 31 89 1 0.9739 0.5626 104 252
426-1-1-0.05-50-0 1 2451 1 8 9 303 0.2520 0.2506 409 303
426-1-1-0.05-50-0 1 2452 37 49 83 3 0.8481 0.1842 127 136
426-1-1-0.05-50-0 1 2452 36 26 90 111 0.8162 0.8171 165 141
426-1-1-0.05-50-0 1 2452 40 15 91 2 0.9739 0.7918 104 149
426-1-1-0.05-50-0 1 2453 14 2 29 76 0.8451 0.8198 105 167
426-1-1-0.05-50-0 1 2453 36 37 92 84 0.8162 0.8481 165 127
426-1-1-0.05-50-0 1 2453 36 14 92 29 0.8162 0.8451 165 105
426-1-1-0.05-50-0 1 2453 36 2 92 75 0.8162 0.8198 165 167
426-1-1-0.05-50-0 1 2454 36 37 95 83 0.8162 0.8481 165 127
426-1-1-0.05-50-0 1 2454 14 13 28 149 0.8451 0.8878 105 151
426-1-1-0.05-50-0 1 2454 1 8 9 303 0.2520 0.2506 409 303
426-1-1-0.05-50-0 1 2455 15 10 3 418 0.7918 0.2533 149 449
426-1-1-0.05-50-0 1 2455 36 14 95 26 0.8162 0.8451 165 105
426-1-1-0.05-50-0 1 2455 14 2 25 75 0.8451 0.8198 105 167
426-1-1-0.05-50-0 1 2455 26 6 119 1 0.8171 0.4266 141 249
426-1-1-0.05-50-0 1 2455 36 2 95 74 0.8162 0.8198 165 167
426-1-1-0.05-50-0 1 2455 14 36 25 95 0.8451 0.8162 105 165
426-1-1-0.05-50-0 1 2455 36 26 94 119 0.8162 0.8171 165 141
426-1-1-0.05-50-0 1 2456 1 10 9 421 0.2520 0.2533 409 449
426-1-1-0.05-50-0 1 2456 36 36 97 97 0.8162 0.8162 165 165
426-1-1-0.05-50-0 1 2456 36 36 96 96 0.8162 0.8162 165 165
426-1-1-0.05-50-0 1 2457 14 2 22 68 0.8451 0.8198 105 167
426-1-1-0.05-50-0 1 2457 36 36 95 95 0.8162 0.8162 165 165
426-1-1-0.05-50-0 1 2458 36 43 92 40 0.8162 0.8316 165 123
426-1-1-0.05-50-0 1 2458 36 2 92 71 0.8162 0.8198 165 167
426-1-1-0.05-50-0 1 2458 37 48 82 1 0.8481 0.1153 127 334
426-1-1-0.05-50-0 1 2459 40 15 99 3 0.9739 0.7918 104 149
426-1-1-0.05-50-0 1 2459 14 2 22 69 0.8451 0.8198 105 167
426-1-1-0.05-50-0 1 2459 36 36 92 92 0.8162 0.8162 165 165
426-1-1-0.05-50-0 1 2459 41 5 94 3 0.9621 0.0007 105 226
426-1-1-0.05-50-0 1 2460 40 15 96 2 0.9739 0.7918 104 149
426-1-1-0.05-50-0 1 2460 36 26 93 121 0.8162 0.8171 165 141
426-1-1-0.05-50-0 1 2460 41 4 95 2 0.9621 0.0723 105 351
426-1-1-0.05-50-0 1 2460 36 26 93 120 0.8162 0.8171 165 141
426-1-1-0.05-50-0 1 2460 41 5 95 2 0.9621 0.0007 105 226
426-1-1-0.05-50-0 1 2461 36 26 92 116 0.8162 0.8171 165 141
426-1-1-0.05-50-0 1 2461 9 8 1 303 0.6134 0.2506 161 303
426-1-1-0.05-50-0 1 2461 40 15 95 1 0.9739 0.7918 104 149
426-1-1-0.05-50-0 1 2461 37 50 82 1 0.8481 0.2147 127 147
426-1-1-0.05-50-0 1 2461 36 2 92 69 0.8162 0.8198 165 167
426-1-1-0.05-50-0 1 2461 36 37 92 82 0.8162 0.8481 165 127
426-1-1-0.05-50-0 1 2461 1 8 10 302 0.2520 0.2506 409 303
426-1-1-0.05-50-0 1 2461 36 37 92 81 0.8162 0.8481 165 127
426-1-1-0.05-50-0 1 2462 1 10 10 449 0.2520 0.2533 409 449
426-1-1-0.05-50-0 1 2462 36 37 89 81 0.8162 0.8481 165 127
426-1-1-0.05-50-0 1 2462 37 49 80 2 0.8481 0.1842 127 136
426-1-1-0.05-50-0 1 2463 36 2 90 70 0.8162 0.8198 165 167
426-1-1-0.05-50-0 1 2463 25 22 124 1 0.9430 0.0160 125 311
426-1-1-0.05-50-0 1 2463 36 26 90 117 0.8162 0.8171 165 141
426-1-1-0.05-50-0 1 2463 40 42 104 1 0.9739 0.7447 104 106
426-1-1-0.05-50-0 1 2463 40 9 104 1 0.9739 0.6134 104 161
426-1-1-0.05-50-0 1 2463 36 37 90 79 0.8162 0.8481 165 127
426-1-1-0.05-50-0 1 2463 36 36 90 90 0.8162 0.8162 165 165
426-1-1-0.05-50-0 1 2463 36 26 89 116 0.8162 0.8171 165 141
426-1-1-0.05-50-0 1 2464 41 4 93 2 0.9621 0.0723 105 351
426-1-1-0.05-50-0 1 2465 1 10 13 447 0.2520 0.2533 409 449
426-1-1-0.05-50-0 1 2465 36 26 84 121 0.8162 0.8171 165 141
426-1-1-0.05-50-0 1 2466 14 43 19 44 0.8451 0.8316 105 123
426-1-1-0.05-50-0 1 2466 36 26 84 121 0.8162 0.8171 165 141
426-1-1-0.05-50-0 1 2466 36 26 84 120 0.8162 0.8171 165 141
426-1-1-0.05-50-0 1 2466 41 5 98 1 0.9621 0.0007 105 226
426-1-1-0.05-50-0 1 2466 1 8 12 300 0.2520 0.2506 409 303
426-1-1-0.05-50-0 1 2466 37 18 82 1 0.8481 0.2181 127 226
426-1-1-0.05-50-0 1 2467 36 37 87 84 0.8162 0.8481 165 127
426-1-1-0.05-50-0 1 2467 20 33 24 1 0.9922 0.6893 102 191
426-1-1-0.05-50-0 1 2468 1 8 13 303 0.2520 0.2506 409 303
426-1-1-0.05-50-0 1 2468 36 37 86 87 0.8162 0.8481 165 127
426-1-1-0.05-50-0 1 2468 36 37 86 86 0.8162 0.8481 165 127
426-1-1-0.05-50-0 1 2468 41 4 105 1 0.9621 0.0723 105 351
426-1-1-0.05-50-0 1 2469 36 36 87 87 0.8162 0.8162 165 165
426-1-1-0.05-50-0 1 2470 36 37 86 91 0.8162 0.8481 165 127
426-1-1-0.05-50-0 1 2470 25 11 125 1 0.9430 0.0504 125 384
426-1-1-0.05-50-0 1 2470 36 43 86 45 0.8162 0.8316 165 123
426-1-1-0.05-50-0 1 2471 36 26 85 112 0.8162 0.8171 165 141
426-1-1-0.05-50-0 1 2471 36 26 85 111 0.8162 0.8171 165 141
426-1-1-0.05-50-0 1 2472 37 24 85 2 0.8481 0.1940 127 254
426-1-1-0.05-50-0 1 2472 36 37 86 85 0.8162 0.8481 165 127
426-1-1-0.05-50-0 1 2472 36 19 86 3 0.8162 0.8072 165 134
426-1-1-0.05-50-0 1 2473 1 8 15 302 0.2520 0.2506 409 303
426-1-1-0.05-50-0 1 2473 36 26 87 109 0.8162 0.8171 165 141
426-1-1-0.05-50-0 1 2473 36 37 87 87 0.8162 0.8481 165 127
426-1-1-0.05-50-0 1 2473 1 8 15 301 0.2520 0.2506 409 303
426-1-1-0.05-50-0 1 2474 36 26 91 108 0.8162 0.8171 165 141
426-1-1-0.05-50-0 1 2474 36 36 91 91 0.8162 0.8162 165 165
426-1-1-0.05-50-0 1 2475 40 28 87 1 0.9739 0.3846 104 311
426-1-1-0.05-50-0 1 2475 1 10 15 449 0.2520 0.2533 409 449
426-1-1-0.05-50-0 1 2475 37 48 84 1 0.8481 0.1153 127 334
426-1-1-0.05-50-0 1 2475 36 36 90 90 0.8162 0.8162 165 165
426-1-1-0.05-50-0 1 2476 36 36 87 87 0.8162 0.8162 165 165
426-1-1-0.05-50-0 1 2476 36 26 86 104 0.8162 0.8171 165 141
426-1-1-0.05-50-0 1 2476 36 26 86 103 0.8162 0.8171 165 141
426-1-1-0.05-50-0 1 2476 40 34 84 1 0.9739 0.7448 104 168
426-1-1-0.05-50-0 1 2476 36 37 86 84 0.8162 0.8481 165 127
426-1-1-0.05-50-0 1 2477 36 2 87 69 0.8162 0.8198 165 167
426-1-1-0.05-50-0 1 2478 36 36 85 85 0.8162 0.8162 165 165
426-1-1-0.05-50-0 1 2478 1 10 17 449 0.2520 0.2533 409 449
426-1-1-0.05-50-0 1 2478 40 9 85 3 0.9739 0.6134 104 161
426-1-1-0.05-50-0 1 2479 36 26 86 107 0.8162 0.8171 165 141
426-1-1-0.05-50-0 1 2480 1 10 17 449 0.2520 0.2533 409 449
426-1-1-0.05-50-0 1 2481 1 8 17 303 0.2520 0.2506 409 303
426-1-1-0.05-50-0 1 2481 7 3 104 1 0.9267 0.4813 106 321
426-1-1-0.05-50-0 1 2481 36 26 81 103 0.8162 0.8171 165 141
426-1-1-0.05-50-0 1 2481 14 13 18 151 0.8451 0.8878 105 151
426-1-1-0.05-50-0 1 2482 36 37 82 76 0.8162 0.8481 165 127
426-1-1-0.05-50-0 1 2482 36 43 82 51 0.8162 0.8316 165 123
426-1-1-0.05-50-0 1 2482 36 36 82 82 0.8162 0.8162 165 165
426-1-1-0.05-50-0 1 2483 36 37 82 75 0.8162 0.8481 165 127
426-1-1-0.05-50-0 1 2483 36 43 82 50 0.8162 0.8316 165 123
426-1-1-0.05-50-0 1 2483 1 8 21 303 0.2520 0.2506 409 303
426-1-1-0.05-50-0 1 2483 1 8 21 302 0.2520 0.2506 409 303
426-1-1-0.05-50-0 1 2483 36 2 82 69 0.8162 0.8198 165 167
426-1-1-0.05-50-0 1 2483 43 24 49 2 0.8316 0.1940 123 254
426-1-1-0.05-50-0 1 2483 14 13 17 144 0.8451 0.8878 105 151
426-1-1-0.05-50-0 1 2484 14 41 17 103 0.8451 0.9621 105 105
426-1-1-0.05-50-0 1 2484 40 9 85 4 0.9739 0.6134 104 161
426-1-1-0.05-50-0 1 2484 36 36 81 81 0.8162 0.8162 165 165
426-1-1-0.05-50-0 1 2484 36 26 80 102 0.8162 0.8171 165 141
426-1-1-0.05-50-0 1 2484 36 26 80 101 0.8162 0.8171 165 141
426-1-1-0.05-50-0 1 2484 2 9 68 3 0.8198 0.6134 167 161
426-1-1-0.05-50-0 1 2484 1 1 20 20 0.2520 0.2520 409 409
426-1-1-0.05-50-0 1 2484 36 2 80 68 0.8162 0.8198 165 167
426-1-1-0.05-50-0 1 2485 2 31 68 1 0.8198 0.5626 167 252
426-1-1-0.05-50-0 1 2485 20 9 32 2 0.9922 0.6134 102 161
426-1-1-0.05-50-0 1 2485 40 9 86 1 0.9739 0.6134 104 161
426-1-1-0.05-50-0 1 2486 36 43 80 53 0.8162 0.8316 165 123
426-1-1-0.05-50-0 1 2486 36 37 80 73 0.8162 0.8481 165 127
426-1-1-0.05-50-0 1 2487 36 36 78 78 0.8162 0.8162 165 165
426-1-1-0.05-50-0 1 2487 36 26 77 100 0.8162 0.8171 165 141
426-1-1-0.05-50-0 1 2488 36 2 80 68 0.8162 0.8198 165 167
426-1-1-0.05-50-0 1 2488 14 47 17 102 0.8451 0.9293 105 103
426-1-1-0.05-50-0 1 2488 36 26 80 98 0.8162 0.8171 165 141
426-1-1-0.05-50-0 1 2488 14 26 17 97 0.8451 0.8171 105 141
426-1-1-0.05-50-0 1 2488 1 8 20 303 0.2520 0.2506 409 303
426-1-1-0.05-50-0 1 2489 1 10 20 449 0.2520 0.2533 409 449
426-1-1-0.05-50-0 1 2489 36 43 79 51 0.8162 0.8316 165 123
426-1-1-0.05-50-0 1 2489 1 8 20 296 0.2520 0.2506 409 303
426-1-1-0.05-50-0 1 2490 36 26 79 99 0.8162 0.8171 165 141
426-1-1-0.05-50-0 1 2490 1 10 20 447 0.2520 0.2533 409 449
426-1-1-0.05-50-0 1 2490 36 14 79 19 0.8162 0.8451 165 105
426-1-1-0.05-50-0 1 2491 41 5 98 1 0.9621 0.0007 105 226
426-1-1-0.05-50-0 1 2491 1 8 21 303 0.2520 0.2506 409 303
426-1-1-0.05-50-0 1 2492 10 27 448 1 0.2533 0.0776 449 149
426-1-1-0.05-50-0 1 2492 14 41 21 100 0.8451 0.9621 105 105
426-1-1-0.05-50-0 1 2492 36 37 81 75 0.8162 0.8481 165 127
426-1-1-0.05-50-0 1 2493 14 25 21 123 0.8451 0.9430 105 125
426-1-1-0.05-50-0 1 2493 36 37 80 78 0.8162 0.8481 165 127
426-1-1-0.05-50-0 1 2493 36 36 80 80 0.8162 0.8162 165 165
426-1-1-0.05-50-0 1 2493 36 26 79 101 0.8162 0.8171 165 141
426-1-1-0.05-50-0 1 2493 36 26 79 100 0.8162 0.8171 165 141
426-1-1-0.05-50-0 1 2493 14 47 21 103 0.8451 0.9293 105 103
426-1-1-0.05-50-0 1 2494 36 14 80 21 0.8162 0.8451 165 105
426-1-1-0.05-50-0 1 2494 14 40 20 88 0.8451 0.9739 105 104
426-1-1-0.05-50-0 1 2495 14 13 21 135 0.8451 0.8878 105 151
426-1-1-0.05-50-0 1 2495 1 10 18 449 0.2520 0.2533 409 449
426-1-1-0.05-50-0 1 2496 14 26 23 102 0.8451 0.8171 105 141
426-1-1-0.05-50-0 1 2496 36 2 75 62 0.8162 0.8198 165 167
426-1-1-0.05-50-0 1 2497 36 43 72 63 0.8162 0.8316 165 123
426-1-1-0.05-50-0 1 2497 36 37 72 83 0.8162 0.8481 165 127
426-1-1-0.05-50-0 1 2497 40 34 83 3 0.9739 0.7448 104 168
426-1-1-0.05-50-0 1 2497 1 8 18 303 0.2520 0.2506 409 303
426-1-1-0.05-50-0 1 2497 36 43 72 62 0.8162 0.8316 165 123
426-1-1-0.05-50-0 1 2498 36 2 73 60 0.8162 0.8198 165 167
426-1-1-0.05-50-0 1 2498 41 4 95 2 0.9621 0.0723 105 351
426-1-1-0.05-50-0 1 2498 36 36 73 73 0.8162 0.8162 165 165
426-1-1-0.05-50-0 1 2498 1 10 18 444 0.2520 0.2533 409 449
426-1-1-0.05-50-0 1 2498 36 36 72 72 0.8162 0.8162 165 165
426-1-1-0.05-50-0 1 2498 36 2 71 59 0.8162 0.8198 165 167
426-1-1-0.05-50-0 1 2498 17 8 1 302 0.6398 0.2506 197 303
426-1-1-0.05-50-0 1 2499 36 36 70 70 0.8162 0.8162 165 165
426-1-1-0.05-50-0 1 2499 40 34 85 2 0.9739 0.7448 104 168
426-1-1-0.05-50-0 1 2499 2 17 61 1 0.8198 0.6398 167 197
426-1-1-0.05-50-0 1 2499 41 5 97 1 0.9621 0.0007 105 226
426-1-1-0.05-50-0 1 2500 36 26 75 89 0.8162 0.8171 165 141
426-1-1-0.05-50-0 1 2500 10 27 449 1 0.2533 0.0776 449 149
426-1-1-0.05-50-0 1 2500 36 37 75 82 0.8162 0.8481 165 127
