430-0-1-0.05-50-0 0 2302 13 19 3 3 0.8878 0.8072 151 134
430-0-1-0.05-50-0 0 2302 45 41 8 12 0.3816 0.9621 173 105
430-0-1-0.05-50-0 0 2303 18 16 8 7 0.2181 0.2228 226 149
430-0-1-0.05-50-0 0 2303 19 16 2 6 0.8072 0.2228 134 149
430-0-1-0.05-50-0 0 2304 45 18 9 7 0.3816 0.2181 173 226
430-0-1-0.05-50-0 0 2304 45 12 9 9 0.3816 0.1896 173 325
430-0-1-0.05-50-0 0 2305 30 1 8 5 0.6008 0.2520 266 409
430-0-1-0.05-50-0 0 2305 37 35 1 13 0.8481 0.0354 127 158
430-0-1-0.05-50-0 0 2306 41 22 10 4 0.9621 0.0160 105 311
430-0-1-0.05-50-0 0 2306 41 21 10 2 0.9621 0.4184 105 158
430-0-1-0.05-50-0 0 2307 23 18 5 7 0.1698 0.2181 476 226
430-0-1-0.05-50-0 0 2307 12 37 10 1 0.1896 0.8481 325 127
430-0-1-0.05-50-0 0 2308 25 12 9 11 0.9430 0.1896 125 325
430-0-1-0.05-50-0 0 2308 41 41 9 9 0.9621 0.9621 105 105
430-0-1-0.05-50-0 0 2309 6 1 5 2 0.4266 0.2520 249 409
430-0-1-0.05-50-0 0 2309 35 24 13 4 0.0354 0.1940 158 254
430-0-1-0.05-50-0 0 2310 13 22 3 4 0.8878 0.0160 151 311
430-0-1-0.05-50-0 0 2310 30 35 8 12 0.6008 0.0354 266 158
430-0-1-0.05-50-0 0 2311 22 41 3 8 0.0160 0.9621 311 105
430-0-1-0.05-50-0 0 2311 25 41 7 7 0.9430 0.9621 125 105
430-0-1-0.05-50-0 0 2312 41 35 4 12 0.9621 0.0354 105 158
430-0-1-0.05-50-0 0 2312 30 43 8 4 0.6008 0.8316 266 123
430-0-1-0.05-50-0 0 2313 22 49 3 15 0.0160 0.1842 311 136
430-0-1-0.05-50-0 0 2313 44 35 8 11 0.7034 0.0354 118 158
430-0-1-0.05-50-0 0 2314 24 23 2 6 0.1940 0.1698 254 476
430-0-1-0.05-50-0 0 2314 12 6 11 5 0.1896 0.4266 325 249
430-0-1-0.05-50-0 0 2315 26 35 1 9 0.8171 0.0354 141 158
430-0-1-0.05-50-0 0 2315 35 22 8 3 0.0354 0.0160 158 311
430-0-1-0.05-50-0 0 2316 6 41 4 4 0.4266 0.9621 249 105
430-0-1-0.05-50-0 0 2316 35 45 8 9 0.0354 0.3816 158 173
430-0-1-0.05-50-0 0 2317 30 49 9 12 0.6008 0.1842 266 136
430-0-1-0.05-50-0 0 2317 34 24 2 3 0.7448 0.1940 168 254
430-0-1-0.05-50-0 0 2318 35 49 10 11 0.0354 0.1842 158 136
430-0-1-0.05-50-0 0 2318 10 1 5 2 0.2533 0.2520 449 409
430-0-1-0.05-50-0 0 2319 12 30 10 11 0.1896 0.6008 325 266
430-0-1-0.05-50-0 0 2319 10 19 5 2 0.2533 0.8072 449 134
430-0-1-0.05-50-0 0 2320 45 44 9 7 0.3816 0.7034 173 118
430-0-1-0.05-50-0 0 2320 26 16 2 12 0.8171 0.2228 141 149
430-0-1-0.05-50-0 0 2321 25 41 8 1 0.9430 0.9621 125 105
430-0-1-0.05-50-0 0 2321 10 12 5 10 0.2533 0.1896 449 325
430-0-1-0.05-50-0 0 2322 6 32 5 2 0.4266 0.6514 249 215
430-0-1-0.05-50-0 0 2322 23 45 6 9 0.1698 0.3816 476 173
430-0-1-0.05-50-0 0 2323 45 12 8 13 0.3816 0.1896 173 325
430-0-1-0.05-50-0 0 2323 44 49 6 9 0.7034 0.1842 118 136
430-0-1-0.05-50-0 0 2324 45 35 8 10 0.3816 0.0354 173 158
430-0-1-0.05-50-0 0 2324 50 49 3 9 0.2147 0.1842 147 136
430-0-1-0.05-50-0 0 2325 10 12 5 12 0.2533 0.1896 449 325
430-0-1-0.05-50-0 0 2325 45 43 9 3 0.3816 0.8316 173 123
430-0-1-0.05-50-0 0 2326 23 25 6 8 0.1698 0.9430 476 125
430-0-1-0.05-50-0 0 2326 35 50 10 4 0.0354 0.2147 158 147
430-0-1-0.05-50-0 0 2327 43 17 2 4 0.8316 0.6398 123 197
430-0-1-0.05-50-0 0 2327 12 35 12 11 0.1896 0.0354 325 158
430-0-1-0.05-50-0 0 2328 6 16 5 8 0.4266 0.2228 249 149
430-0-1-0.05-50-0 0 2328 49 35 12 10 0.1842 0.0354 136 158
430-0-1-0.05-50-0 0 2329 26 12 3 11 0.8171 0.1896 141 325
430-0-1-0.05-50-0 0 2329 1 25 1 8 0.2520 0.9430 409 125
430-0-1-0.05-50-0 0 2330 49 12 15 9 0.1842 0.1896 136 325
430-0-1-0.05-50-0 0 2330 13 23 1 7 0.8878 0.1698 151 476
430-0-1-0.05-50-0 0 2331 12 25 8 5 0.1896 0.9430 325 125
430-0-1-0.05-50-0 0 2331 16 25 5 4 0.2228 0.9430 149 125
430-0-1-0.05-50-0 0 2332 16 49 5 17 0.2228 0.1842 149 136
430-0-1-0.05-50-0 0 2332 23 25 7 3 0.1698 0.9430 476 125
430-0-1-0.05-50-0 0 2333 25 30 2 4 0.9430 0.6008 125 266
430-0-1-0.05-50-0 0 2333 12 42 9 1 0.1896 0.7447 325 106
430-0-1-0.05-50-0 0 2334 6 22 7 4 0.4266 0.0160 249 311
430-0-1-0.05-50-0 0 2334 26 2 6 3 0.8171 0.8198 141 167
430-0-1-0.05-50-0 0 2335 18 49 3 17 0.2181 0.1842 226 136
430-0-1-0.05-50-0 0 2335 49 35 16 11 0.1842 0.0354 136 158
430-0-1-0.05-50-0 0 2336 50 29 3 3 0.2147 0.6728 147 177
430-0-1-0.05-50-0 0 2336 17 23 4 7 0.6398 0.1698 197 476
430-0-1-0.05-50-0 0 2337 12 16 9 5 0.1896 0.2228 325 149
430-0-1-0.05-50-0 0 2337 49 18 17 3 0.1842 0.2181 136 226
430-0-1-0.05-50-0 0 2338 49 12 17 11 0.1842 0.1896 136 325
430-0-1-0.05-50-0 0 2338 26 12 6 10 0.8171 0.1896 141 325
430-0-1-0.05-50-0 0 2339 6 16 8 4 0.4266 0.2228 249 149
430-0-1-0.05-50-0 0 2339 34 26 6 5 0.7448 0.8171 168 141
430-0-1-0.05-50-0 0 2340 49 21 17 1 0.1842 0.4184 136 158
430-0-1-0.05-50-0 0 2340 2 32 3 2 0.8198 0.6514 167 215
430-0-1-0.05-50-0 0 2341 16 49 4 17 0.2228 0.1842 149 136
430-0-1-0.05-50-0 0 2341 26 40 4 3 0.8171 0.9739 141 104
430-0-1-0.05-50-0 0 2342 17 23 3 7 0.6398 0.1698 197 476
430-0-1-0.05-50-0 0 2342 6 6 9 9 0.4266 0.4266 249 249
430-0-1-0.05-50-0 0 2343 17 45 3 2 0.6398 0.3816 197 173
430-0-1-0.05-50-0 0 2343 49 26 17 4 0.1842 0.8171 136 141
430-0-1-0.05-50-0 0 2344 12 12 11 11 0.1896 0.1896 325 325
430-0-1-0.05-50-0 0 2344 49 17 17 4 0.1842 0.6398 136 197
430-0-1-0.05-50-0 0 2345 49 15 15 1 0.1842 0.7918 136 149
430-0-1-0.05-50-0 0 2345 22 24 2 4 0.0160 0.1940 311 254
430-0-1-0.05-50-0 0 2346 49 30 15 5 0.1842 0.6008 136 266
430-0-1-0.05-50-0 0 2346 23 25 8 2 0.1698 0.9430 476 125
430-0-1-0.05-50-0 0 2347 2 12 2 10 0.8198 0.1896 167 325
430-0-1-0.05-50-0 0 2347 18 6 2 11 0.2181 0.4266 226 249
430-0-1-0.05-50-0 0 2348 40 49 3 14 0.9739 0.1842 104 136
430-0-1-0.05-50-0 0 2348 16 35 4 8 0.2228 0.0354 149 158
430-0-1-0.05-50-0 0 2349 14 6 3 11 0.8451 0.4266 105 249
430-0-1-0.05-50-0 0 2349 35 23 11 9 0.0354 0.1698 158 476
430-0-1-0.05-50-0 0 2350 6 10 11 1 0.4266 0.2533 249 449
430-0-1-0.05-50-0 0 2350 49 17 12 2 0.1842 0.6398 136 197
430-0-1-0.05-50-0 0 2351 13 24 1 3 0.8878 0.1940 151 254
430-0-1-0.05-50-0 0 2351 34 26 5 4 0.7448 0.8171 168 141
430-0-1-0.05-50-0 0 2352 34 6 6 11 0.7448 0.4266 168 249
430-0-1-0.05-50-0 0 2352 49 6 12 10 0.1842 0.4266 136 249
430-0-1-0.05-50-0 0 2353 40 12 3 9 0.9739 0.1896 104 325
430-0-1-0.05-50-0 0 2353 50 6 4 9 0.2147 0.4266 147 249
430-0-1-0.05-50-0 0 2354 12 4 7 4 0.1896 0.0723 325 351
430-0-1-0.05-50-0 0 2354 4 35 3 11 0.0723 0.0354 351 158
430-0-1-0.05-50-0 0 2355 49 13 13 3 0.1842 0.8878 136 151
430-0-1-0.05-50-0 0 2355 23 34 9 6 0.1698 0.7448 476 168
430-0-1-0.05-50-0 0 2356 2 23 1 9 0.8198 0.1698 167 476
430-0-1-0.05-50-0 0 2356 30 35 3 14 0.6008 0.0354 266 158
430-0-1-0.05-50-0 0 2357 40 49 3 13 0.9739 0.1842 104 136
430-0-1-0.05-50-0 0 2357 16 35 5 13 0.2228 0.0354 149 158
430-0-1-0.05-50-0 0 2358 12 2 6 1 0.1896 0.8198 325 167
430-0-1-0.05-50-0 0 2358 13 29 2 3 0.8878 0.6728 151 177
430-0-1-0.05-50-0 0 2359 14 49 3 13 0.8451 0.1842 105 136
430-0-1-0.05-50-0 0 2360 14 4 3 4 0.8451 0.0723 105 351
430-0-1-0.05-50-0 0 2361 12 12 7 7 0.1896 0.1896 325 325
430-0-1-0.05-50-0 0 2361 24 6 4 8 0.1940 0.4266 254 249
430-0-1-0.05-50-0 0 2362 49 12 12 6 0.1842 0.1896 136 325
430-0-1-0.05-50-0 0 2363 6 40 6 2 0.4266 0.9739 249 104
430-0-1-0.05-50-0 0 2364 34 49 3 11 0.7448 0.1842 168 136
430-0-1-0.05-50-0 0 2364 6 16 7 7 0.4266 0.2228 249 149
430-0-1-0.05-50-0 0 2365 34 35 3 12 0.7448 0.0354 168 158
430-0-1-0.05-50-0 0 2366 49 6 8 9 0.1842 0.4266 136 249
430-0-1-0.05-50-0 0 2367 6 14 8 7 0.4266 0.8451 249 105
430-0-1-0.05-50-0 0 2367 34 14 3 6 0.7448 0.8451 168 105
430-0-1-0.05-50-0 0 2368 34 16 3 6 0.7448 0.2228 168 149
430-0-1-0.05-50-0 0 2369 23 45 9 2 0.1698 0.3816 476 173
430-0-1-0.05-50-0 0 2370 29 50 1 8 0.6728 0.2147 177 147
430-0-1-0.05-50-0 0 2370 18 24 4 3 0.2181 0.1940 226 254
430-0-1-0.05-50-0 0 2371 24 16 3 5 0.1940 0.2228 254 149
430-0-1-0.05-50-0 0 2371 1 49 2 7 0.2520 0.1842 409 136
430-0-1-0.05-50-0 0 2372 8 49 2 6 0.2506 0.1842 303 136
430-0-1-0.05-50-0 0 2372 35 25 11 4 0.0354 0.9430 158 125
430-0-1-0.05-50-0 0 2373 35 25 11 4 0.0354 0.9430 158 125
430-0-1-0.05-50-0 0 2373 50 44 7 1 0.2147 0.7034 147 118
430-0-1-0.05-50-0 0 2374 13 32 5 1 0.8878 0.6514 151 215
430-0-1-0.05-50-0 0 2374 35 12 11 6 0.0354 0.1896 158 325
430-0-1-0.05-50-0 0 2375 46 35 1 10 0.3451 0.0354 327 158
430-0-1-0.05-50-0 0 2375 18 14 6 8 0.2181 0.8451 226 105
430-0-1-0.05-50-0 0 2376 6 35 9 8 0.4266 0.0354 249 158
430-0-1-0.05-50-0 0 2376 26 14 3 7 0.8171 0.8451 141 105
430-0-1-0.05-50-0 0 2377 49 50 6 8 0.1842 0.2147 136 147
430-0-1-0.05-50-0 0 2377 14 24 6 4 0.8451 0.1940 105 254
430-0-1-0.05-50-0 0 2378 6 18 9 7 0.4266 0.2181 249 226
430-0-1-0.05-50-0 0 2378 5 18 5 6 0.0007 0.2181 226 226
430-0-1-0.05-50-0 0 2379 23 18 7 5 0.1698 0.2181 476 226
430-0-1-0.05-50-0 0 2379 24 46 3 2 0.1940 0.3451 254 327
430-0-1-0.05-50-0 0 2380 14 18 8 4 0.8451 0.2181 105 226
430-0-1-0.05-50-0 0 2380 35 18 9 3 0.0354 0.2181 158 226
430-0-1-0.05-50-0 0 2381 25 8 7 6 0.9430 0.2506 125 303
430-0-1-0.05-50-0 0 2381 17 25 1 7 0.6398 0.9430 197 125
430-0-1-0.05-50-0 0 2382 8 50 4 8 0.2506 0.2147 303 147
430-0-1-0.05-50-0 0 2382 36 8 2 4 0.8162 0.2506 165 303
430-0-1-0.05-50-0 0 2383 26 23 5 7 0.8171 0.1698 141 476
430-0-1-0.05-50-0 0 2383 9 14 3 7 0.6134 0.8451 161 105
430-0-1-0.05-50-0 0 2384 6 6 8 8 0.4266 0.4266 249 249
430-0-1-0.05-50-0 0 2384 25 50 7 7 0.9430 0.2147 125 147
430-0-1-0.05-50-0 0 2385 3 6 3 8 0.4813 0.4266 321 249
430-0-1-0.05-50-0 0 2385 6 31 7 4 0.4266 0.5626 249 252
430-0-1-0.05-50-0 0 2386 25 34 7 2 0.9430 0.7448 125 168
430-0-1-0.05-50-0 0 2386 25 43 7 1 0.9430 0.8316 125 123
430-0-1-0.05-50-0 0 2387 45 23 1 6 0.3816 0.1698 173 476
430-0-1-0.05-50-0 0 2387 13 44 3 4 0.8878 0.7034 151 118
430-0-1-0.05-50-0 0 2388 25 5 7 6 0.9430 0.0007 125 226
430-0-1-0.05-50-0 0 2388 1 23 1 5 0.2520 0.1698 409 476
430-0-1-0.05-50-0 0 2389 25 35 6 5 0.9430 0.0354 125 158
430-0-1-0.05-50-0 0 2389 23 25 4 6 0.1698 0.9430 476 125
430-0-1-0.05-50-0 0 2390 50 13 6 4 0.2147 0.8878 147 151
430-0-1-0.05-50-0 0 2390 5 24 5 1 0.0007 0.1940 226 254
430-0-1-0.05-50-0 0 2391 35 26 3 5 0.0354 0.8171 158 141
430-0-1-0.05-50-0 0 2391 14 6 8 9 0.8451 0.4266 105 249
430-0-1-0.05-50-0 0 2392 36 26 3 4 0.8162 0.8171 165 141
430-0-1-0.05-50-0 0 2392 45 12 3 4 0.3816 0.1896 173 325
430-0-1-0.05-50-0 0 2393 23 30 3 6 0.1698 0.6008 476 266
430-0-1-0.05-50-0 0 2393 6 7 9 2 0.4266 0.9267 249 106
430-0-1-0.05-50-0 0 2394 46 49 1 6 0.3451 0.1842 327 136
430-0-1-0.05-50-0 0 2394 6 5 9 6 0.4266 0.0007 249 226
430-0-1-0.05-50-0 0 2395 4 6 3 9 0.0723 0.4266 351 249
430-0-1-0.05-50-0 0 2395 45 35 3 4 0.3816 0.0354 173 158
430-0-1-0.05-50-0 0 2396 6 14 9 10 0.4266 0.8451 249 105
430-0-1-0.05-50-0 0 2396 30 30 3 3 0.6008 0.6008 266 266
430-0-1-0.05-50-0 0 2397 23 50 5 6 0.1698 0.2147 476 147
430-0-1-0.05-50-0 0 2397 49 36 7 4 0.1842 0.8162 136 165
430-0-1-0.05-50-0 0 2398 44 49 2 6 0.7034 0.1842 118 136
430-0-1-0.05-50-0 0 2398 50 13 5 2 0.2147 0.8878 147 151
430-0-1-0.05-50-0 0 2399 5 47 5 2 0.0007 0.9293 226 103
430-0-1-0.05-50-0 0 2399 44 5 3 5 0.7034 0.0007 118 226
430-0-1-0.05-50-0 0 2400 25 44 3 3 0.9430 0.7034 125 118
430-0-1-0.05-50-0 0 2400 14 3 10 6 0.8451 0.4813 105 321
430-0-1-0.05-50-0 0 2401 8 25 5 3 0.2506 0.9430 303 125
430-0-1-0.05-50-0 0 2401 6 17 11 6 0.4266 0.6398 249 197
430-0-1-0.05-50-0 0 2402 6 50 11 6 0.4266 0.2147 249 147
430-0-1-0.05-50-0 0 2402 6 49 11 5 0.4266 0.1842 249 136
430-0-1-0.05-50-0 0 2403 16 49 7 5 0.2228 0.1842 149 136
430-0-1-0.05-50-0 0 2403 3 45 4 2 0.4813 0.3816 321 173
430-0-1-0.05-50-0 0 2404 14 40 9 1 0.8451 0.9739 105 104
430-0-1-0.05-50-0 0 2404 6 4 9 4 0.4266 0.0723 249 351
430-0-1-0.05-50-0 0 2405 18 26 3 1 0.2181 0.8171 226 141
430-0-1-0.05-50-0 0 2405 12 23 3 6 0.1896 0.1698 325 476
430-0-1-0.05-50-0 0 2406 23 8 5 6 0.1698 0.2506 476 303
430-0-1-0.05-50-0 0 2406 8 3 5 5 0.2506 0.4813 303 321
430-0-1-0.05-50-0 0 2407 6 14 8 10 0.4266 0.8451 249 105
430-0-1-0.05-50-0 0 2408 12 50 3 6 0.1896 0.2147 325 147
430-0-1-0.05-50-0 0 2409 38 6 1 7 0.6163 0.4266 270 249
430-0-1-0.05-50-0 0 2410 5 30 4 3 0.0007 0.6008 226 266
430-0-1-0.05-50-0 0 2411 50 50 5 5 0.2147 0.2147 147 147
430-0-1-0.05-50-0 0 2412 14 8 8 6 0.8451 0.2506 105 303
430-0-1-0.05-50-0 0 2413 6 49 5 6 0.4266 0.1842 249 136
430-0-1-0.05-50-0 0 2414 27 14 2 5 0.0776 0.8451 149 105
430-0-1-0.05-50-0 0 2415 16 6 14 5 0.2228 0.4266 149 249
430-0-1-0.05-50-0 0 2416 4 49 4 5 0.0723 0.1842 351 136
430-0-1-0.05-50-0 0 2417 5 30 7 2 0.0007 0.6008 226 266
430-0-1-0.05-50-0 0 2418 5 17 8 5 0.0007 0.6398 226 197
430-0-1-0.05-50-0 0 2419 8 16 4 15 0.2506 0.2228 303 149
430-0-1-0.05-50-0 0 2420 50 14 5 2 0.2147 0.8451 147 105
430-0-1-0.05-50-0 0 2420 18 6 2 5 0.2181 0.4266 226 249
430-0-1-0.05-50-0 0 2421 8 5 4 8 0.2506 0.0007 303 226
430-0-1-0.05-50-0 0 2421 8 27 4 2 0.2506 0.0776 303 149
430-0-1-0.05-50-0 0 2422 3 16 6 13 0.4813 0.2228 321 149
430-0-1-0.05-50-0 0 2422 34 17 4 4 0.7448 0.6398 168 197
430-0-1-0.05-50-0 0 2423 28 50 4 6 0.3846 0.2147 311 147
430-0-1-0.05-50-0 0 2423 44 37 4 2 0.7034 0.8481 118 127
430-0-1-0.05-50-0 0 2424 8 6 4 3 0.2506 0.4266 303 249
430-0-1-0.05-50-0 0 2425 47 23 1 7 0.9293 0.1698 103 476
430-0-1-0.05-50-0 0 2425 49 34 5 4 0.1842 0.7448 136 168
430-0-1-0.05-50-0 0 2426 16 50 13 7 0.2228 0.2147 149 147
430-0-1-0.05-50-0 0 2426 16 3 13 5 0.2228 0.4813 149 321
430-0-1-0.05-50-0 0 2427 20 16 3 14 0.9922 0.2228 102 149
430-0-1-0.05-50-0 0 2427 6 29 3 3 0.4266 0.6728 249 177
430-0-1-0.05-50-0 0 2428 20 50 3 6 0.9922 0.2147 102 147
430-0-1-0.05-50-0 0 2428 50 49 5 6 0.2147 0.1842 147 136
430-0-1-0.05-50-0 0 2429 16 27 14 2 0.2228 0.0776 149 149
430-0-1-0.05-50-0 0 2429 50 20 5 4 0.2147 0.9922 147 102
430-0-1-0.05-50-0 0 2430 20 50 2 5 0.9922 0.2147 102 147
430-0-1-0.05-50-0 0 2430 6 8 2 4 0.4266 0.2506 249 303
430-0-1-0.05-50-0 0 2431 16 23 15 5 0.2228 0.1698 149 476
430-0-1-0.05-50-0 0 2431 31 28 4 6 0.5626 0.3846 252 311
430-0-1-0.05-50-0 0 2432 5 23 8 4 0.0007 0.1698 226 476
430-0-1-0.05-50-0 0 2432 3 4 4 4 0.4813 0.0723 321 351
430-0-1-0.05-50-0 0 2433 49 16 8 12 0.1842 0.2228 136 149
430-0-1-0.05-50-0 0 2433 20 31 2 4 0.9922 0.5626 102 252
430-0-1-0.05-50-0 0 2434 38 19 1 1 0.6163 0.8072 270 134
430-0-1-0.05-50-0 0 2434 29 20 1 2 0.6728 0.9922 177 102
430-0-1-0.05-50-0 0 2435 44 23 4 3 0.7034 0.1698 118 476
430-0-1-0.05-50-0 0 2435 50 28 4 5 0.2147 0.3846 147 311
430-0-1-0.05-50-0 0 2436 23 49 2 7 0.1698 0.1842 476 136
430-0-1-0.05-50-0 0 2437 6 5 3 9 0.4266 0.0007 249 226
430-0-1-0.05-50-0 0 2438 8 3 3 4 0.2506 0.4813 303 321
430-0-1-0.05-50-0 0 2439 16 16 16 16 0.2228 0.2228 149 149
430-0-1-0.05-50-0 0 2440 3 49 3 5 0.4813 0.1842 321 136
430-0-1-0.05-50-0 0 2441 28 18 6 4 0.3846 0.2181 311 226
430-0-1-0.05-50-0 0 2442 16 45 15 6 0.2228 0.3816 149 173
430-0-1-0.05-50-0 0 2443 16 16 17 17 0.2228 0.2228 149 149
430-0-1-0.05-50-0 0 2443 16 14 16 1 0.2228 0.8451 149 105
430-0-1-0.05-50-0 0 2444 16 4 16 4 0.2228 0.0723 149 351
430-0-1-0.05-50-0 0 2444 49 35 5 2 0.1842 0.0354 136 158
430-0-1-0.05-50-0 0 2445 3 18 3 3 0.4813 0.2181 321 226
430-0-1-0.05-50-0 0 2445 16 30 15 2 0.2228 0.6008 149 266
430-0-1-0.05-50-0 0 2446 43 8 2 3 0.8316 0.2506 123 303
430-0-1-0.05-50-0 0 2446 29 8 1 2 0.6728 0.2506 177 303
430-0-1-0.05-50-0 0 2447 43 44 2 3 0.8316 0.7034 123 118
430-0-1-0.05-50-0 0 2447 25 49 6 7 0.9430 0.1842 125 136
430-0-1-0.05-50-0 0 2448 26 14 1 1 0.8171 0.8451 141 105
430-0-1-0.05-50-0 0 2448 50 50 8 8 0.2147 0.2147 147 147
430-0-1-0.05-50-0 0 2449 3 43 4 3 0.4813 0.8316 321 123
430-0-1-0.05-50-0 0 2449 49 28 8 6 0.1842 0.3846 136 311
430-0-1-0.05-50-0 0 2450 18 7 2 1 0.2181 0.9267 226 106
430-0-1-0.05-50-0 0 2450 50 5 7 10 0.2147 0.0007 147 226
430-0-1-0.05-50-0 0 2451 3 31 4 4 0.4813 0.5626 321 252
430-0-1-0.05-50-0 0 2451 5 6 9 5 0.0007 0.4266 226 249
430-0-1-0.05-50-0 0 2452 5 25 8 8 0.0007 0.9430 226 125
430-0-1-0.05-50-0 0 2453 38 5 3 8 0.6163 0.0007 270 226
430-0-1-0.05-50-0 0 2453 50 25 10 7 0.2147 0.9430 147 125
430-0-1-0.05-50-0 0 2454 16 45 12 4 0.2228 0.3816 149 173
430-0-1-0.05-50-0 0 2454 28 23 7 2 0.3846 0.1698 311 476
430-0-1-0.05-50-0 0 2455 16 4 13 3 0.2228 0.0723 149 351
430-0-1-0.05-50-0 0 2455 16 5 13 8 0.2228 0.0007 149 226
430-0-1-0.05-50-0 0 2456 16 17 12 6 0.2228 0.6398 149 197
430-0-1-0.05-50-0 0 2456 50 45 13 2 0.2147 0.3816 147 173
430-0-1-0.05-50-0 0 2457 34 49 2 7 0.7448 0.1842 168 136
430-0-1-0.05-50-0 0 2457 16 6 12 7 0.2228 0.4266 149 249
430-0-1-0.05-50-0 0 2458 41 38 3 4 0.9621 0.6163 105 270
430-0-1-0.05-50-0 0 2458 40 50 1 14 0.9739 0.2147 104 147
430-0-1-0.05-50-0 0 2459 6 28 10 7 0.4266 0.3846 249 311
430-0-1-0.05-50-0 0 2459 5 18 9 5 0.0007 0.2181 226 226
430-0-1-0.05-50-0 0 2460 49 6 6 10 0.1842 0.4266 136 249
430-0-1-0.05-50-0 0 2460 3 49 5 6 0.4813 0.1842 321 136
430-0-1-0.05-50-0 0 2461 16 16 11 11 0.2228 0.2228 149 149
430-0-1-0.05-50-0 0 2461 50 17 11 4 0.2147 0.6398 147 197
430-0-1-0.05-50-0 0 2462 3 18 5 4 0.4813 0.2181 321 226
430-0-1-0.05-50-0 0 2462 35 16 2 10 0.0354 0.2228 158 149
430-0-1-0.05-50-0 0 2463 49 17 5 3 0.1842 0.6398 136 197
430-0-1-0.05-50-0 0 2464 6 6 9 9 0.4266 0.4266 249 249
430-0-1-0.05-50-0 0 2465 3 40 3 1 0.4813 0.9739 321 104
430-0-1-0.05-50-0 0 2466 6 23 8 2 0.4266 0.1698 249 476
430-0-1-0.05-50-0 0 2467 38 34 2 4 0.6163 0.7448 270 168
430-0-1-0.05-50-0 0 2468 17 5 3 7 0.6398 0.0007 197 226
430-0-1-0.05-50-0 0 2469 25 27 5 1 0.9430 0.0776 125 149
430-0-1-0.05-50-0 0 2470 12 38 3 2 0.1896 0.6163 325 270
430-0-1-0.05-50-0 0 2471 6 6 9 9 0.4266 0.4266 249 249
430-0-1-0.05-50-0 0 2471 3 50 4 9 0.4813 0.2147 321 147
430-0-1-0.05-50-0 0 2472 5 50 6 8 0.0007 0.2147 226 147
430-0-1-0.05-50-0 0 2472 50 25 7 5 0.2147 0.9430 147 125
430-0-1-0.05-50-0 0 2473 49 24 11 2 0.1842 0.1940 136 254
430-0-1-0.05-50-0 0 2473 1 4 6 3 0.2520 0.0723 409 351
430-0-1-0.05-50-0 0 2474 39 41 3 1 0.2187 0.9621 309 105
430-0-1-0.05-50-0 0 2474 28 25 7 4 0.3846 0.9430 311 125
430-0-1-0.05-50-0 0 2475 33 6 1 8 0.6893 0.4266 191 249
430-0-1-0.05-50-0 0 2476 6 50 7 7 0.4266 0.2147 249 147
430-0-1-0.05-50-0 0 2477 17 16 2 10 0.6398 0.2228 197 149
430-0-1-0.05-50-0 0 2478 6 6 10 10 0.4266 0.4266 249 249
430-0-1-0.05-50-0 0 2479 1 5 9 5 0.2520 0.0007 409 226
430-0-1-0.05-50-0 0 2480 12 16 2 10 0.1896 0.2228 325 149
430-0-1-0.05-50-0 0 2481 16 6 9 11 0.2228 0.4266 149 249
430-0-1-0.05-50-0 0 2482 8 6 1 11 0.2506 0.4266 303 249
430-0-1-0.05-50-0 0 2483 16 24 8 1 0.2228 0.1940 149 254
430-0-1-0.05-50-0 0 2484 16 9 8 3 0.2228 0.6134 149 161
430-0-1-0.05-50-0 0 2484 39 39 8 8 0.2187 0.2187 309 309
430-0-1-0.05-50-0 0 2485 6 46 10 1 0.4266 0.3451 249 327
430-0-1-0.05-50-0 0 2485 6 40 10 1 0.4266 0.9739 249 104
430-0-1-0.05-50-0 0 2486 3 17 5 6 0.4813 0.6398 321 197
430-0-1-0.05-50-0 0 2486 1 9 11 2 0.2520 0.6134 409 161
430-0-1-0.05-50-0 0 2487 35 5 1 8 0.0354 0.0007 158 226
430-0-1-0.05-50-0 0 2487 44 1 1 11 0.7034 0.2520 118 409
430-0-1-0.05-50-0 0 2488 17 11 6 1 0.6398 0.0504 197 384
430-0-1-0.05-50-0 0 2488 16 1 8 13 0.2228 0.2520 149 409
430-0-1-0.05-50-0 0 2489 17 9 6 2 0.6398 0.6134 197 161
430-0-1-0.05-50-0 0 2489 18 5 1 6 0.2181 0.0007 226 226
430-0-1-0.05-50-0 0 2490 39 25 7 3 0.2187 0.9430 309 125
430-0-1-0.05-50-0 0 2490 5 6 5 10 0.0007 0.4266 226 249
430-0-1-0.05-50-0 0 2491 6 28 9 4 0.4266 0.3846 249 311
430-0-1-0.05-50-0 0 2491 16 38 8 1 0.2228 0.6163 149 270
430-0-1-0.05-50-0 0 2492 25 16 2 8 0.9430 0.2228 125 149
430-0-1-0.05-50-0 0 2492 49 22 14 4 0.1842 0.0160 136 311
430-0-1-0.05-50-0 0 2493 1 46 11 1 0.2520 0.3451 409 327
430-0-1-0.05-50-0 0 2493 39 50 8 12 0.2187 0.2147 309 147
430-0-1-0.05-50-0 0 2494 39 49 8 16 0.2187 0.1842 309 136
430-0-1-0.05-50-0 0 2494 49 1 15 10 0.1842 0.2520 136 409
430-0-1-0.05-50-0 0 2495 17 16 5 9 0.6398 0.2228 197 149
430-0-1-0.05-50-0 0 2495 45 49 1 15 0.3816 0.1842 173 136
430-0-1-0.05-50-0 0 2496 6 6 11 11 0.4266 0.4266 249 249
430-0-1-0.05-50-0 0 2496 6 39 10 9 0.4266 0.2187 249 309
430-0-1-0.05-50-0 0 2497 44 39 1 9 0.7034 0.2187 118 309
430-0-1-0.05-50-0 0 2497 49 4 14 3 0.1842 0.0723 136 351
430-0-1-0.05-50-0 0 2498 16 3 10 5 0.2228 0.4813 149 321
430-0-1-0.05-50-0 0 2498 50 27 8 2 0.2147 0.0776 147 149
430-0-1-0.05-50-0 0 2499 39 5 9 5 0.2187 0.0007 309 226
430-0-1-0.05-50-0 0 2499 1 49 10 13 0.2520 0.1842 409 136
430-0-1-0.05-50-0 0 2500 1 5 10 4 0.2520 0.0007 409 226
430-0-1-0.05-50-0 0 2500 50 6 8 11 0.2147 0.4266 147 249
