434-1-1-0.05-50-0 1 2302 36 37 63 120 0.8162 0.8481 165 127
434-1-1-0.05-50-0 1 2302 14 37 98 119 0.8451 0.8481 105 127
434-1-1-0.05-50-0 1 2302 4 5 351 1 0.0723 0.0007 351 226
434-1-1-0.05-50-0 1 2302 1 1 14 14 0.2520 0.2520 409 409
434-1-1-0.05-50-0 1 2302 14 26 98 129 0.8451 0.8171 105 141
434-1-1-0.05-50-0 1 2302 40 33 82 2 0.9739 0.6893 104 191
434-1-1-0.05-50-0 1 2303 14 14 99 99 0.8451 0.8451 105 105
434-1-1-0.05-50-0 1 2303 14 37 98 117 0.8451 0.8481 105 127
434-1-1-0.05-50-0 1 2303 36 37 61 116 0.8162 0.8481 165 127
434-1-1-0.05-50-0 1 2304 14 37 96 114 0.8451 0.8481 105 127
434-1-1-0.05-50-0 1 2304 14 37 96 113 0.8451 0.8481 105 127
434-1-1-0.05-50-0 1 2304 14 13 96 143 0.8451 0.8878 105 151
434-1-1-0.05-50-0 1 2304 14 2 96 111 0.8451 0.8198 105 167
434-1-1-0.05-50-0 1 2305 40 33 81 1 0.9739 0.6893 104 191
434-1-1-0.05-50-0 1 2305 41 4 14 350 0.9621 0.0723 105 351
434-1-1-0.05-50-0 1 2305 41 4 14 349 0.9621 0.0723 105 351
434-1-1-0.05-50-0 1 2305 40 21 81 1 0.9739 0.4184 104 158
434-1-1-0.05-50-0 1 2306 37 48 114 2 0.8481 0.1153 127 334
434-1-1-0.05-50-0 1 2306 14 43 100 27 0.8451 0.8316 105 123
434-1-1-0.05-50-0 1 2307 36 2 65 108 0.8162 0.8198 165 167
434-1-1-0.05-50-0 1 2307 36 2 65 107 0.8162 0.8198 165 167
434-1-1-0.05-50-0 1 2307 36 26 65 128 0.8162 0.8171 165 141
434-1-1-0.05-50-0 1 2307 36 2 65 106 0.8162 0.8198 165 167
434-1-1-0.05-50-0 1 2307 40 15 83 2 0.9739 0.7918 104 149
434-1-1-0.05-50-0 1 2308 10 27 9 142 0.2533 0.0776 449 149
434-1-1-0.05-50-0 1 2308 14 26 99 126 0.8451 0.8171 105 141
434-1-1-0.05-50-0 1 2308 14 36 99 65 0.8451 0.8162 105 165
434-1-1-0.05-50-0 1 2308 14 47 99 102 0.8451 0.9293 105 103
434-1-1-0.05-50-0 1 2308 10 27 9 141 0.2533 0.0776 449 149
434-1-1-0.05-50-0 1 2308 36 26 64 125 0.8162 0.8171 165 141
434-1-1-0.05-50-0 1 2308 14 40 99 82 0.8451 0.9739 105 104
434-1-1-0.05-50-0 1 2308 36 36 64 64 0.8162 0.8162 165 165
434-1-1-0.05-50-0 1 2309 14 43 102 28 0.8451 0.8316 105 123
434-1-1-0.05-50-0 1 2309 36 37 65 111 0.8162 0.8481 165 127
434-1-1-0.05-50-0 1 2309 1 10 16 10 0.2520 0.2533 409 449
434-1-1-0.05-50-0 1 2309 37 23 110 1 0.8481 0.1698 127 476
434-1-1-0.05-50-0 1 2309 41 4 13 351 0.9621 0.0723 105 351
434-1-1-0.05-50-0 1 2310 1 1 16 16 0.2520 0.2520 409 409
434-1-1-0.05-50-0 1 2310 14 26 101 128 0.8451 0.8171 105 141
434-1-1-0.05-50-0 1 2311 14 2 100 106 0.8451 0.8198 105 167
434-1-1-0.05-50-0 1 2311 14 13 100 149 0.8451 0.8878 105 151
434-1-1-0.05-50-0 1 2311 14 26 100 125 0.8451 0.8171 105 141
434-1-1-0.05-50-0 1 2311 10 27 10 149 0.2533 0.0776 449 149
434-1-1-0.05-50-0 1 2311 14 47 100 98 0.8451 0.9293 105 103
434-1-1-0.05-50-0 1 2312 14 25 101 122 0.8451 0.9430 105 125
434-1-1-0.05-50-0 1 2312 40 9 80 2 0.9739 0.6134 104 161
434-1-1-0.05-50-0 1 2312 48 4 1 349 0.1153 0.0723 334 351
434-1-1-0.05-50-0 1 2312 14 47 101 96 0.8451 0.9293 105 103
434-1-1-0.05-50-0 1 2312 14 13 101 148 0.8451 0.8878 105 151
434-1-1-0.05-50-0 1 2313 20 44 22 1 0.9922 0.7034 102 118
434-1-1-0.05-50-0 1 2313 10 27 10 149 0.2533 0.0776 449 149
434-1-1-0.05-50-0 1 2313 40 9 79 1 0.9739 0.6134 104 161
434-1-1-0.05-50-0 1 2314 2 29 102 1 0.8198 0.6728 167 177
434-1-1-0.05-50-0 1 2314 14 43 103 31 0.8451 0.8316 105 123
434-1-1-0.05-50-0 1 2314 36 36 71 71 0.8162 0.8162 165 165
434-1-1-0.05-50-0 1 2315 14 25 103 125 0.8451 0.9430 105 125
434-1-1-0.05-50-0 1 2315 14 47 103 96 0.8451 0.9293 105 103
434-1-1-0.05-50-0 1 2315 41 4 15 345 0.9621 0.0723 105 351
434-1-1-0.05-50-0 1 2315 36 14 74 103 0.8162 0.8451 165 105
434-1-1-0.05-50-0 1 2315 41 4 15 344 0.9621 0.0723 105 351
434-1-1-0.05-50-0 1 2315 36 36 74 74 0.8162 0.8162 165 165
434-1-1-0.05-50-0 1 2315 14 2 102 101 0.8451 0.8198 105 167
434-1-1-0.05-50-0 1 2316 37 48 127 2 0.8481 0.1153 127 334
434-1-1-0.05-50-0 1 2316 14 47 102 96 0.8451 0.9293 105 103
434-1-1-0.05-50-0 1 2316 36 26 76 124 0.8162 0.8171 165 141
434-1-1-0.05-50-0 1 2316 14 40 102 81 0.8451 0.9739 105 104
434-1-1-0.05-50-0 1 2316 14 25 102 122 0.8451 0.9430 105 125
434-1-1-0.05-50-0 1 2317 41 4 16 340 0.9621 0.0723 105 351
434-1-1-0.05-50-0 1 2317 40 44 78 1 0.9739 0.7034 104 118
434-1-1-0.05-50-0 1 2317 36 26 81 121 0.8162 0.8171 165 141
434-1-1-0.05-50-0 1 2317 25 35 117 1 0.9430 0.0354 125 158
434-1-1-0.05-50-0 1 2317 14 47 96 94 0.8451 0.9293 105 103
434-1-1-0.05-50-0 1 2317 36 37 81 127 0.8162 0.8481 165 127
434-1-1-0.05-50-0 1 2317 37 12 126 2 0.8481 0.1896 127 325
434-1-1-0.05-50-0 1 2318 36 2 84 104 0.8162 0.8198 165 167
434-1-1-0.05-50-0 1 2318 41 4 17 341 0.9621 0.0723 105 351
434-1-1-0.05-50-0 1 2318 14 47 97 88 0.8451 0.9293 105 103
434-1-1-0.05-50-0 1 2318 14 7 97 106 0.8451 0.9267 105 106
434-1-1-0.05-50-0 1 2318 14 2 97 103 0.8451 0.8198 105 167
434-1-1-0.05-50-0 1 2318 36 26 84 119 0.8162 0.8171 165 141
434-1-1-0.05-50-0 1 2319 36 2 85 99 0.8162 0.8198 165 167
434-1-1-0.05-50-0 1 2319 36 26 85 116 0.8162 0.8171 165 141
434-1-1-0.05-50-0 1 2319 14 47 99 88 0.8451 0.9293 105 103
434-1-1-0.05-50-0 1 2319 41 4 17 339 0.9621 0.0723 105 351
434-1-1-0.05-50-0 1 2320 14 14 99 99 0.8451 0.8451 105 105
434-1-1-0.05-50-0 1 2320 36 26 84 112 0.8162 0.8171 165 141
434-1-1-0.05-50-0 1 2320 40 42 78 3 0.9739 0.7447 104 106
434-1-1-0.05-50-0 1 2320 14 13 98 148 0.8451 0.8878 105 151
434-1-1-0.05-50-0 1 2320 37 48 127 3 0.8481 0.1153 127 334
434-1-1-0.05-50-0 1 2320 36 36 84 84 0.8162 0.8162 165 165
434-1-1-0.05-50-0 1 2320 14 37 98 127 0.8451 0.8481 105 127
434-1-1-0.05-50-0 1 2321 14 13 100 147 0.8451 0.8878 105 151
434-1-1-0.05-50-0 1 2321 14 7 100 106 0.8451 0.9267 105 106
434-1-1-0.05-50-0 1 2321 40 34 78 1 0.9739 0.7448 104 168
434-1-1-0.05-50-0 1 2321 1 10 19 11 0.2520 0.2533 409 449
434-1-1-0.05-50-0 1 2321 36 37 84 127 0.8162 0.8481 165 127
434-1-1-0.05-50-0 1 2321 14 36 100 84 0.8451 0.8162 105 165
434-1-1-0.05-50-0 1 2321 37 12 126 1 0.8481 0.1896 127 325
434-1-1-0.05-50-0 1 2322 14 7 97 105 0.8451 0.9267 105 106
434-1-1-0.05-50-0 1 2322 14 40 97 79 0.8451 0.9739 105 104
434-1-1-0.05-50-0 1 2322 36 2 82 101 0.8162 0.8198 165 167
434-1-1-0.05-50-0 1 2322 36 14 82 97 0.8162 0.8451 165 105
434-1-1-0.05-50-0 1 2323 14 13 94 146 0.8451 0.8878 105 151
434-1-1-0.05-50-0 1 2323 36 2 80 102 0.8162 0.8198 165 167
434-1-1-0.05-50-0 1 2323 36 37 80 127 0.8162 0.8481 165 127
434-1-1-0.05-50-0 1 2323 14 14 94 94 0.8451 0.8451 105 105
434-1-1-0.05-50-0 1 2323 36 2 80 101 0.8162 0.8198 165 167
434-1-1-0.05-50-0 1 2324 36 26 84 105 0.8162 0.8171 165 141
434-1-1-0.05-50-0 1 2324 14 2 94 102 0.8451 0.8198 105 167
434-1-1-0.05-50-0 1 2324 1 1 22 22 0.2520 0.2520 409 409
434-1-1-0.05-50-0 1 2324 40 32 78 1 0.9739 0.6514 104 215
434-1-1-0.05-50-0 1 2324 14 26 94 104 0.8451 0.8171 105 141
434-1-1-0.05-50-0 1 2324 37 48 127 2 0.8481 0.1153 127 334
434-1-1-0.05-50-0 1 2324 37 48 127 1 0.8481 0.1153 127 334
434-1-1-0.05-50-0 1 2325 14 2 96 99 0.8451 0.8198 105 167
434-1-1-0.05-50-0 1 2325 36 37 84 127 0.8162 0.8481 165 127
434-1-1-0.05-50-0 1 2325 14 47 96 88 0.8451 0.9293 105 103
434-1-1-0.05-50-0 1 2326 43 12 34 1 0.8316 0.1896 123 325
434-1-1-0.05-50-0 1 2326 36 2 85 97 0.8162 0.8198 165 167
434-1-1-0.05-50-0 1 2326 1 1 21 21 0.2520 0.2520 409 409
434-1-1-0.05-50-0 1 2326 40 30 78 1 0.9739 0.6008 104 266
434-1-1-0.05-50-0 1 2327 14 43 95 33 0.8451 0.8316 105 123
434-1-1-0.05-50-0 1 2327 14 37 95 127 0.8451 0.8481 105 127
434-1-1-0.05-50-0 1 2327 14 47 95 83 0.8451 0.9293 105 103
434-1-1-0.05-50-0 1 2327 41 4 22 351 0.9621 0.0723 105 351
434-1-1-0.05-50-0 1 2328 1 1 22 22 0.2520 0.2520 409 409
434-1-1-0.05-50-0 1 2328 36 26 82 109 0.8162 0.8171 165 141
434-1-1-0.05-50-0 1 2328 36 2 82 94 0.8162 0.8198 165 167
434-1-1-0.05-50-0 1 2328 36 2 82 93 0.8162 0.8198 165 167
434-1-1-0.05-50-0 1 2328 36 37 82 127 0.8162 0.8481 165 127
434-1-1-0.05-50-0 1 2328 14 37 95 126 0.8451 0.8481 105 127
434-1-1-0.05-50-0 1 2329 41 4 24 350 0.9621 0.0723 105 351
434-1-1-0.05-50-0 1 2329 36 37 84 127 0.8162 0.8481 165 127
434-1-1-0.05-50-0 1 2330 36 14 85 97 0.8162 0.8451 165 105
434-1-1-0.05-50-0 1 2330 14 26 96 109 0.8451 0.8171 105 141
434-1-1-0.05-50-0 1 2330 41 4 24 351 0.9621 0.0723 105 351
434-1-1-0.05-50-0 1 2331 14 13 99 151 0.8451 0.8878 105 151
434-1-1-0.05-50-0 1 2331 14 14 99 99 0.8451 0.8451 105 105
434-1-1-0.05-50-0 1 2331 14 37 98 126 0.8451 0.8481 105 127
434-1-1-0.05-50-0 1 2331 14 2 98 94 0.8451 0.8198 105 167
434-1-1-0.05-50-0 1 2331 14 25 98 113 0.8451 0.9430 105 125
434-1-1-0.05-50-0 1 2331 41 4 25 351 0.9621 0.0723 105 351
434-1-1-0.05-50-0 1 2331 41 4 25 350 0.9621 0.0723 105 351
434-1-1-0.05-50-0 1 2332 36 36 83 83 0.8162 0.8162 165 165
434-1-1-0.05-50-0 1 2332 36 37 82 127 0.8162 0.8481 165 127
434-1-1-0.05-50-0 1 2332 40 28 83 1 0.9739 0.3846 104 311
434-1-1-0.05-50-0 1 2333 14 14 101 101 0.8451 0.8451 105 105
434-1-1-0.05-50-0 1 2333 41 4 25 351 0.9621 0.0723 105 351
434-1-1-0.05-50-0 1 2333 41 4 25 350 0.9621 0.0723 105 351
434-1-1-0.05-50-0 1 2333 14 2 100 93 0.8451 0.8198 105 167
434-1-1-0.05-50-0 1 2333 14 2 100 92 0.8451 0.8198 105 167
434-1-1-0.05-50-0 1 2333 36 2 84 91 0.8162 0.8198 165 167
434-1-1-0.05-50-0 1 2334 36 43 83 28 0.8162 0.8316 165 123
434-1-1-0.05-50-0 1 2334 1 10 21 9 0.2520 0.2533 409 449
434-1-1-0.05-50-0 1 2334 36 14 83 100 0.8162 0.8451 165 105
434-1-1-0.05-50-0 1 2334 14 40 99 82 0.8451 0.9739 105 104
434-1-1-0.05-50-0 1 2334 1 10 21 8 0.2520 0.2533 409 449
434-1-1-0.05-50-0 1 2334 14 47 99 85 0.8451 0.9293 105 103
434-1-1-0.05-50-0 1 2334 14 40 99 81 0.8451 0.9739 105 104
434-1-1-0.05-50-0 1 2334 14 13 99 151 0.8451 0.8878 105 151
434-1-1-0.05-50-0 1 2335 1 1 21 21 0.2520 0.2520 409 409
434-1-1-0.05-50-0 1 2335 41 4 24 351 0.9621 0.0723 105 351
434-1-1-0.05-50-0 1 2335 2 38 92 2 0.8198 0.6163 167 270
434-1-1-0.05-50-0 1 2335 36 37 84 123 0.8162 0.8481 165 127
434-1-1-0.05-50-0 1 2335 14 43 96 26 0.8451 0.8316 105 123
434-1-1-0.05-50-0 1 2335 14 14 96 96 0.8451 0.8451 105 105
434-1-1-0.05-50-0 1 2336 14 25 97 114 0.8451 0.9430 105 125
434-1-1-0.05-50-0 1 2336 36 36 83 83 0.8162 0.8162 165 165
434-1-1-0.05-50-0 1 2336 14 13 97 143 0.8451 0.8878 105 151
434-1-1-0.05-50-0 1 2336 36 37 82 125 0.8162 0.8481 165 127
434-1-1-0.05-50-0 1 2336 36 2 82 91 0.8162 0.8198 165 167
434-1-1-0.05-50-0 1 2337 14 13 97 146 0.8451 0.8878 105 151
434-1-1-0.05-50-0 1 2337 36 26 81 110 0.8162 0.8171 165 141
434-1-1-0.05-50-0 1 2337 41 4 25 351 0.9621 0.0723 105 351
434-1-1-0.05-50-0 1 2337 14 47 97 95 0.8451 0.9293 105 103
434-1-1-0.05-50-0 1 2337 43 12 27 1 0.8316 0.1896 123 325
434-1-1-0.05-50-0 1 2337 36 26 81 109 0.8162 0.8171 165 141
434-1-1-0.05-50-0 1 2337 36 37 81 125 0.8162 0.8481 165 127
434-1-1-0.05-50-0 1 2337 14 13 97 145 0.8451 0.8878 105 151
434-1-1-0.05-50-0 1 2337 14 13 97 144 0.8451 0.8878 105 151
434-1-1-0.05-50-0 1 2338 36 14 81 94 0.8162 0.8451 165 105
434-1-1-0.05-50-0 1 2338 36 26 81 107 0.8162 0.8171 165 141
434-1-1-0.05-50-0 1 2338 14 47 93 96 0.8451 0.9293 105 103
434-1-1-0.05-50-0 1 2338 40 38 86 1 0.9739 0.6163 104 270
434-1-1-0.05-50-0 1 2338 40 30 86 3 0.9739 0.6008 104 266
434-1-1-0.05-50-0 1 2338 41 4 27 351 0.9621 0.0723 105 351
434-1-1-0.05-50-0 1 2338 36 26 81 106 0.8162 0.8171 165 141
434-1-1-0.05-50-0 1 2338 14 14 93 93 0.8451 0.8451 105 105
434-1-1-0.05-50-0 1 2339 1 1 21 21 0.2520 0.2520 409 409
434-1-1-0.05-50-0 1 2339 25 35 119 1 0.9430 0.0354 125 158
434-1-1-0.05-50-0 1 2339 14 41 94 26 0.8451 0.9621 105 105
434-1-1-0.05-50-0 1 2339 36 37 82 124 0.8162 0.8481 165 127
434-1-1-0.05-50-0 1 2339 14 14 94 94 0.8451 0.8451 105 105
434-1-1-0.05-50-0 1 2339 25 22 119 1 0.9430 0.0160 125 311
434-1-1-0.05-50-0 1 2339 2 30 85 2 0.8198 0.6008 167 266
434-1-1-0.05-50-0 1 2339 14 2 93 85 0.8451 0.8198 105 167
434-1-1-0.05-50-0 1 2339 36 26 82 101 0.8162 0.8171 165 141
434-1-1-0.05-50-0 1 2340 14 26 91 101 0.8451 0.8171 105 141
434-1-1-0.05-50-0 1 2340 36 26 84 100 0.8162 0.8171 165 141
434-1-1-0.05-50-0 1 2340 36 37 84 121 0.8162 0.8481 165 127
434-1-1-0.05-50-0 1 2340 14 7 91 105 0.8451 0.9267 105 106
434-1-1-0.05-50-0 1 2341 36 37 85 122 0.8162 0.8481 165 127
434-1-1-0.05-50-0 1 2341 41 4 27 351 0.9621 0.0723 105 351
434-1-1-0.05-50-0 1 2341 37 18 121 1 0.8481 0.2181 127 226
434-1-1-0.05-50-0 1 2342 40 6 79 1 0.9739 0.4266 104 249
434-1-1-0.05-50-0 1 2342 10 27 5 146 0.2533 0.0776 449 149
434-1-1-0.05-50-0 1 2342 36 2 88 89 0.8162 0.8198 165 167
434-1-1-0.05-50-0 1 2342 10 27 5 145 0.2533 0.0776 449 149
434-1-1-0.05-50-0 1 2342 1 1 20 20 0.2520 0.2520 409 409
434-1-1-0.05-50-0 1 2342 2 30 88 1 0.8198 0.6008 167 266
434-1-1-0.05-50-0 1 2343 36 26 92 103 0.8162 0.8171 165 141
434-1-1-0.05-50-0 1 2343 14 26 100 102 0.8451 0.8171 105 141
434-1-1-0.05-50-0 1 2343 10 27 5 142 0.2533 0.0776 449 149
434-1-1-0.05-50-0 1 2343 14 36 100 92 0.8451 0.8162 105 165
434-1-1-0.05-50-0 1 2343 14 13 100 145 0.8451 0.8878 105 151
434-1-1-0.05-50-0 1 2343 36 26 91 101 0.8162 0.8171 165 141
434-1-1-0.05-50-0 1 2344 14 7 99 103 0.8451 0.9267 105 106
434-1-1-0.05-50-0 1 2344 41 4 30 351 0.9621 0.0723 105 351
434-1-1-0.05-50-0 1 2344 14 26 99 104 0.8451 0.8171 105 141
434-1-1-0.05-50-0 1 2344 14 47 99 92 0.8451 0.9293 105 103
434-1-1-0.05-50-0 1 2344 41 4 30 350 0.9621 0.0723 105 351
434-1-1-0.05-50-0 1 2344 14 25 99 116 0.8451 0.9430 105 125
434-1-1-0.05-50-0 1 2344 36 37 94 122 0.8162 0.8481 165 127
434-1-1-0.05-50-0 1 2344 14 26 99 103 0.8451 0.8171 105 141
434-1-1-0.05-50-0 1 2344 14 14 99 99 0.8451 0.8451 105 105
434-1-1-0.05-50-0 1 2344 14 13 98 143 0.8451 0.8878 105 151
434-1-1-0.05-50-0 1 2345 36 2 93 91 0.8162 0.8198 165 167
434-1-1-0.05-50-0 1 2345 36 26 93 103 0.8162 0.8171 165 141
434-1-1-0.05-50-0 1 2345 1 1 25 25 0.2520 0.2520 409 409
434-1-1-0.05-50-0 1 2345 14 36 94 93 0.8451 0.8162 105 165
434-1-1-0.05-50-0 1 2345 14 37 94 121 0.8451 0.8481 105 127
434-1-1-0.05-50-0 1 2345 36 43 92 29 0.8162 0.8316 165 123
434-1-1-0.05-50-0 1 2346 14 37 97 117 0.8451 0.8481 105 127
434-1-1-0.05-50-0 1 2346 10 27 5 143 0.2533 0.0776 449 149
434-1-1-0.05-50-0 1 2346 1 1 25 25 0.2520 0.2520 409 409
434-1-1-0.05-50-0 1 2346 40 15 76 1 0.9739 0.7918 104 149
434-1-1-0.05-50-0 1 2347 36 2 92 92 0.8162 0.8198 165 167
434-1-1-0.05-50-0 1 2347 41 4 26 351 0.9621 0.0723 105 351
434-1-1-0.05-50-0 1 2347 1 1 24 24 0.2520 0.2520 409 409
434-1-1-0.05-50-0 1 2347 1 10 23 6 0.2520 0.2533 409 449
434-1-1-0.05-50-0 1 2347 1 10 23 5 0.2520 0.2533 409 449
434-1-1-0.05-50-0 1 2347 36 36 92 92 0.8162 0.8162 165 165
434-1-1-0.05-50-0 1 2347 14 13 100 145 0.8451 0.8878 105 151
434-1-1-0.05-50-0 1 2347 14 25 100 121 0.8451 0.9430 105 125
434-1-1-0.05-50-0 1 2347 36 26 91 101 0.8162 0.8171 165 141
434-1-1-0.05-50-0 1 2347 36 14 91 100 0.8162 0.8451 165 105
434-1-1-0.05-50-0 1 2348 20 44 32 1 0.9922 0.7034 102 118
434-1-1-0.05-50-0 1 2348 36 26 91 98 0.8162 0.8171 165 141
434-1-1-0.05-50-0 1 2348 37 49 117 2 0.8481 0.1842 127 136
434-1-1-0.05-50-0 1 2348 14 40 100 74 0.8451 0.9739 105 104
434-1-1-0.05-50-0 1 2348 14 14 100 100 0.8451 0.8451 105 105
434-1-1-0.05-50-0 1 2349 36 14 92 100 0.8162 0.8451 165 105
434-1-1-0.05-50-0 1 2349 14 20 99 31 0.8451 0.9922 105 102
434-1-1-0.05-50-0 1 2349 36 26 92 101 0.8162 0.8171 165 141
434-1-1-0.05-50-0 1 2350 41 4 24 344 0.9621 0.0723 105 351
434-1-1-0.05-50-0 1 2350 37 48 111 1 0.8481 0.1153 127 334
434-1-1-0.05-50-0 1 2350 36 36 92 92 0.8162 0.8162 165 165
434-1-1-0.05-50-0 1 2350 36 2 91 91 0.8162 0.8198 165 167
434-1-1-0.05-50-0 1 2350 36 2 91 90 0.8162 0.8198 165 167
434-1-1-0.05-50-0 1 2351 14 37 105 107 0.8451 0.8481 105 127
434-1-1-0.05-50-0 1 2351 36 36 92 92 0.8162 0.8162 165 165
434-1-1-0.05-50-0 1 2351 36 37 91 106 0.8162 0.8481 165 127
434-1-1-0.05-50-0 1 2351 36 26 91 98 0.8162 0.8171 165 141
434-1-1-0.05-50-0 1 2351 14 26 105 97 0.8451 0.8171 105 141
434-1-1-0.05-50-0 1 2351 36 14 91 105 0.8162 0.8451 165 105
434-1-1-0.05-50-0 1 2352 37 49 105 1 0.8481 0.1842 127 136
434-1-1-0.05-50-0 1 2352 14 37 105 105 0.8451 0.8481 105 127
434-1-1-0.05-50-0 1 2352 14 40 105 74 0.8451 0.9739 105 104
434-1-1-0.05-50-0 1 2352 41 4 25 343 0.9621 0.0723 105 351
434-1-1-0.05-50-0 1 2352 36 2 94 92 0.8162 0.8198 165 167
434-1-1-0.05-50-0 1 2352 1 1 26 26 0.2520 0.2520 409 409
434-1-1-0.05-50-0 1 2352 14 26 105 98 0.8451 0.8171 105 141
434-1-1-0.05-50-0 1 2353 40 33 75 2 0.9739 0.6893 104 191
434-1-1-0.05-50-0 1 2353 14 47 105 94 0.8451 0.9293 105 103
434-1-1-0.05-50-0 1 2353 2 33 95 1 0.8198 0.6893 167 191
434-1-1-0.05-50-0 1 2354 36 2 99 95 0.8162 0.8198 165 167
434-1-1-0.05-50-0 1 2354 14 14 105 105 0.8451 0.8451 105 105
434-1-1-0.05-50-0 1 2354 36 26 99 100 0.8162 0.8171 165 141
434-1-1-0.05-50-0 1 2354 36 36 99 99 0.8162 0.8162 165 165
434-1-1-0.05-50-0 1 2354 14 36 104 98 0.8451 0.8162 105 165
434-1-1-0.05-50-0 1 2355 36 14 96 100 0.8162 0.8451 165 105
434-1-1-0.05-50-0 1 2355 36 36 96 96 0.8162 0.8162 165 165
434-1-1-0.05-50-0 1 2355 1 1 31 31 0.2520 0.2520 409 409
434-1-1-0.05-50-0 1 2356 36 2 90 96 0.8162 0.8198 165 167
434-1-1-0.05-50-0 1 2356 40 17 77 2 0.9739 0.6398 104 197
434-1-1-0.05-50-0 1 2356 14 7 102 93 0.8451 0.9267 105 106
434-1-1-0.05-50-0 1 2356 4 5 349 1 0.0723 0.0007 351 226
434-1-1-0.05-50-0 1 2357 41 4 27 346 0.9621 0.0723 105 351
434-1-1-0.05-50-0 1 2357 10 27 2 149 0.2533 0.0776 449 149
434-1-1-0.05-50-0 1 2357 14 13 101 151 0.8451 0.8878 105 151
434-1-1-0.05-50-0 1 2358 14 25 101 125 0.8451 0.9430 105 125
434-1-1-0.05-50-0 1 2358 1 1 28 28 0.2520 0.2520 409 409
434-1-1-0.05-50-0 1 2358 2 17 91 1 0.8198 0.6398 167 197
434-1-1-0.05-50-0 1 2358 36 37 96 116 0.8162 0.8481 165 127
434-1-1-0.05-50-0 1 2358 1 1 27 27 0.2520 0.2520 409 409
434-1-1-0.05-50-0 1 2359 14 36 103 95 0.8451 0.8162 105 165
434-1-1-0.05-50-0 1 2359 36 14 94 103 0.8162 0.8451 165 105
434-1-1-0.05-50-0 1 2359 14 25 102 123 0.8451 0.9430 105 125
434-1-1-0.05-50-0 1 2359 36 26 94 100 0.8162 0.8171 165 141
434-1-1-0.05-50-0 1 2359 14 25 102 122 0.8451 0.9430 105 125
434-1-1-0.05-50-0 1 2359 14 25 102 121 0.8451 0.9430 105 125
434-1-1-0.05-50-0 1 2359 14 26 102 99 0.8451 0.8171 105 141
434-1-1-0.05-50-0 1 2359 1 10 26 2 0.2520 0.2533 409 449
434-1-1-0.05-50-0 1 2360 2 9 92 1 0.8198 0.6134 167 161
434-1-1-0.05-50-0 1 2360 14 2 97 92 0.8451 0.8198 105 167
434-1-1-0.05-50-0 1 2360 1 1 28 28 0.2520 0.2520 409 409
434-1-1-0.05-50-0 1 2361 36 37 95 114 0.8162 0.8481 165 127
434-1-1-0.05-50-0 1 2361 36 26 95 90 0.8162 0.8171 165 141
434-1-1-0.05-50-0 1 2361 14 36 97 95 0.8451 0.8162 105 165
434-1-1-0.05-50-0 1 2361 1 1 27 27 0.2520 0.2520 409 409
434-1-1-0.05-50-0 1 2361 36 37 94 113 0.8162 0.8481 165 127
434-1-1-0.05-50-0 1 2362 14 25 93 121 0.8451 0.9430 105 125
434-1-1-0.05-50-0 1 2362 4 5 349 1 0.0723 0.0007 351 226
434-1-1-0.05-50-0 1 2362 1 1 26 26 0.2520 0.2520 409 409
434-1-1-0.05-50-0 1 2362 14 36 93 96 0.8451 0.8162 105 165
434-1-1-0.05-50-0 1 2363 14 13 94 143 0.8451 0.8878 105 151
434-1-1-0.05-50-0 1 2363 1 1 25 25 0.2520 0.2520 409 409
434-1-1-0.05-50-0 1 2363 36 37 97 112 0.8162 0.8481 165 127
434-1-1-0.05-50-0 1 2364 14 26 99 91 0.8451 0.8171 105 141
434-1-1-0.05-50-0 1 2364 36 36 96 96 0.8162 0.8162 165 165
434-1-1-0.05-50-0 1 2365 14 7 96 93 0.8451 0.9267 105 106
434-1-1-0.05-50-0 1 2365 2 32 95 1 0.8198 0.6514 167 215
434-1-1-0.05-50-0 1 2365 41 4 22 351 0.9621 0.0723 105 351
434-1-1-0.05-50-0 1 2365 36 14 92 96 0.8162 0.8451 165 105
434-1-1-0.05-50-0 1 2365 36 2 92 95 0.8162 0.8198 165 167
434-1-1-0.05-50-0 1 2365 14 13 95 141 0.8451 0.8878 105 151
434-1-1-0.05-50-0 1 2366 14 14 95 95 0.8451 0.8451 105 105
434-1-1-0.05-50-0 1 2366 36 37 95 110 0.8162 0.8481 165 127
434-1-1-0.05-50-0 1 2366 36 26 95 88 0.8162 0.8171 165 141
434-1-1-0.05-50-0 1 2366 14 14 94 94 0.8451 0.8451 105 105
434-1-1-0.05-50-0 1 2367 36 14 96 94 0.8162 0.8451 165 105
434-1-1-0.05-50-0 1 2367 1 1 23 23 0.2520 0.2520 409 409
434-1-1-0.05-50-0 1 2367 36 37 96 106 0.8162 0.8481 165 127
434-1-1-0.05-50-0 1 2367 14 14 93 93 0.8451 0.8451 105 105
434-1-1-0.05-50-0 1 2367 36 36 96 96 0.8162 0.8162 165 165
434-1-1-0.05-50-0 1 2368 41 4 22 349 0.9621 0.0723 105 351
434-1-1-0.05-50-0 1 2368 36 2 100 93 0.8162 0.8198 165 167
434-1-1-0.05-50-0 1 2368 41 4 22 348 0.9621 0.0723 105 351
434-1-1-0.05-50-0 1 2368 36 43 100 27 0.8162 0.8316 165 123
434-1-1-0.05-50-0 1 2368 10 27 2 149 0.2533 0.0776 449 149
434-1-1-0.05-50-0 1 2368 10 27 2 148 0.2533 0.0776 449 149
434-1-1-0.05-50-0 1 2369 2 9 89 1 0.8198 0.6134 167 161
434-1-1-0.05-50-0 1 2369 14 14 102 102 0.8451 0.8451 105 105
434-1-1-0.05-50-0 1 2369 36 36 102 102 0.8162 0.8162 165 165
434-1-1-0.05-50-0 1 2369 40 45 76 1 0.9739 0.3816 104 173
434-1-1-0.05-50-0 1 2369 1 10 24 2 0.2520 0.2533 409 449
434-1-1-0.05-50-0 1 2369 14 26 101 88 0.8451 0.8171 105 141
434-1-1-0.05-50-0 1 2370 14 37 105 101 0.8451 0.8481 105 127
434-1-1-0.05-50-0 1 2370 14 36 105 100 0.8451 0.8162 105 165
434-1-1-0.05-50-0 1 2370 36 2 99 92 0.8162 0.8198 165 167
434-1-1-0.05-50-0 1 2370 36 36 99 99 0.8162 0.8162 165 165
434-1-1-0.05-50-0 1 2370 36 36 98 98 0.8162 0.8162 165 165
434-1-1-0.05-50-0 1 2371 36 37 97 102 0.8162 0.8481 165 127
434-1-1-0.05-50-0 1 2371 36 26 97 79 0.8162 0.8171 165 141
434-1-1-0.05-50-0 1 2371 14 25 105 121 0.8451 0.9430 105 125
434-1-1-0.05-50-0 1 2371 14 37 105 101 0.8451 0.8481 105 127
434-1-1-0.05-50-0 1 2371 14 25 105 120 0.8451 0.9430 105 125
434-1-1-0.05-50-0 1 2373 14 41 105 22 0.8451 0.9621 105 105
434-1-1-0.05-50-0 1 2373 14 41 105 21 0.8451 0.9621 105 105
434-1-1-0.05-50-0 1 2373 14 36 105 97 0.8451 0.8162 105 165
434-1-1-0.05-50-0 1 2373 36 36 96 96 0.8162 0.8162 165 165
434-1-1-0.05-50-0 1 2373 14 47 105 98 0.8451 0.9293 105 103
434-1-1-0.05-50-0 1 2373 36 2 95 87 0.8162 0.8198 165 167
434-1-1-0.05-50-0 1 2373 37 24 99 2 0.8481 0.1940 127 254
434-1-1-0.05-50-0 1 2373 14 37 105 99 0.8451 0.8481 105 127
434-1-1-0.05-50-0 1 2374 36 26 91 75 0.8162 0.8171 165 141
434-1-1-0.05-50-0 1 2374 14 36 105 91 0.8451 0.8162 105 165
434-1-1-0.05-50-0 1 2374 36 14 90 105 0.8162 0.8451 165 105
434-1-1-0.05-50-0 1 2374 36 36 90 90 0.8162 0.8162 165 165
434-1-1-0.05-50-0 1 2374 1 1 27 27 0.2520 0.2520 409 409
434-1-1-0.05-50-0 1 2374 36 26 89 74 0.8162 0.8171 165 141
434-1-1-0.05-50-0 1 2375 1 24 26 1 0.2520 0.1940 409 254
434-1-1-0.05-50-0 1 2375 14 26 105 74 0.8451 0.8171 105 141
434-1-1-0.05-50-0 1 2375 40 15 84 1 0.9739 0.7918 104 149
434-1-1-0.05-50-0 1 2375 14 14 105 105 0.8451 0.8451 105 105
434-1-1-0.05-50-0 1 2375 14 41 104 20 0.8451 0.9621 105 105
434-1-1-0.05-50-0 1 2376 36 43 88 27 0.8162 0.8316 165 123
434-1-1-0.05-50-0 1 2376 1 1 27 27 0.2520 0.2520 409 409
434-1-1-0.05-50-0 1 2376 14 14 102 102 0.8451 0.8451 105 105
434-1-1-0.05-50-0 1 2376 14 7 101 102 0.8451 0.9267 105 106
434-1-1-0.05-50-0 1 2377 36 2 86 81 0.8162 0.8198 165 167
434-1-1-0.05-50-0 1 2377 26 28 76 1 0.8171 0.3846 141 311
434-1-1-0.05-50-0 1 2377 36 2 86 80 0.8162 0.8198 165 167
434-1-1-0.05-50-0 1 2378 36 14 87 97 0.8162 0.8451 165 105
434-1-1-0.05-50-0 1 2378 14 14 96 96 0.8451 0.8451 105 105
434-1-1-0.05-50-0 1 2378 14 13 95 133 0.8451 0.8878 105 151
434-1-1-0.05-50-0 1 2378 36 14 87 95 0.8162 0.8451 165 105
434-1-1-0.05-50-0 1 2379 14 2 94 79 0.8451 0.8198 105 167
434-1-1-0.05-50-0 1 2379 14 7 94 98 0.8451 0.9267 105 106
434-1-1-0.05-50-0 1 2379 36 37 87 109 0.8162 0.8481 165 127
434-1-1-0.05-50-0 1 2379 36 26 87 85 0.8162 0.8171 165 141
434-1-1-0.05-50-0 1 2380 36 37 88 106 0.8162 0.8481 165 127
434-1-1-0.05-50-0 1 2380 36 2 88 82 0.8162 0.8198 165 167
434-1-1-0.05-50-0 1 2380 14 37 95 105 0.8451 0.8481 105 127
434-1-1-0.05-50-0 1 2380 14 47 95 95 0.8451 0.9293 105 103
434-1-1-0.05-50-0 1 2381 14 26 96 85 0.8451 0.8171 105 141
434-1-1-0.05-50-0 1 2381 36 26 83 84 0.8162 0.8171 165 141
434-1-1-0.05-50-0 1 2381 41 4 19 351 0.9621 0.0723 105 351
434-1-1-0.05-50-0 1 2381 36 37 83 105 0.8162 0.8481 165 127
434-1-1-0.05-50-0 1 2381 36 37 83 104 0.8162 0.8481 165 127
434-1-1-0.05-50-0 1 2381 40 9 86 1 0.9739 0.6134 104 161
434-1-1-0.05-50-0 1 2381 14 25 96 118 0.8451 0.9430 105 125
434-1-1-0.05-50-0 1 2382 14 47 94 94 0.8451 0.9293 105 103
434-1-1-0.05-50-0 1 2383 14 47 93 89 0.8451 0.9293 105 103
434-1-1-0.05-50-0 1 2383 14 13 93 137 0.8451 0.8878 105 151
434-1-1-0.05-50-0 1 2383 36 43 84 27 0.8162 0.8316 165 123
434-1-1-0.05-50-0 1 2383 36 2 84 82 0.8162 0.8198 165 167
434-1-1-0.05-50-0 1 2383 36 36 84 84 0.8162 0.8162 165 165
434-1-1-0.05-50-0 1 2383 36 36 83 83 0.8162 0.8162 165 165
434-1-1-0.05-50-0 1 2384 36 36 79 79 0.8162 0.8162 165 165
434-1-1-0.05-50-0 1 2384 14 13 88 138 0.8451 0.8878 105 151
434-1-1-0.05-50-0 1 2384 36 36 78 78 0.8162 0.8162 165 165
434-1-1-0.05-50-0 1 2384 36 14 77 88 0.8162 0.8451 165 105
434-1-1-0.05-50-0 1 2384 14 26 87 86 0.8451 0.8171 105 141
434-1-1-0.05-50-0 1 2385 14 2 88 81 0.8451 0.8198 105 167
434-1-1-0.05-50-0 1 2385 14 36 88 80 0.8451 0.8162 105 165
434-1-1-0.05-50-0 1 2385 41 4 18 351 0.9621 0.0723 105 351
434-1-1-0.05-50-0 1 2386 14 25 88 114 0.8451 0.9430 105 125
434-1-1-0.05-50-0 1 2386 14 25 88 113 0.8451 0.9430 105 125
434-1-1-0.05-50-0 1 2386 36 2 82 84 0.8162 0.8198 165 167
434-1-1-0.05-50-0 1 2386 1 1 25 25 0.2520 0.2520 409 409
434-1-1-0.05-50-0 1 2386 41 4 19 351 0.9621 0.0723 105 351
434-1-1-0.05-50-0 1 2387 14 14 89 89 0.8451 0.8451 105 105
434-1-1-0.05-50-0 1 2387 41 4 19 351 0.9621 0.0723 105 351
434-1-1-0.05-50-0 1 2387 36 2 89 85 0.8162 0.8198 165 167
434-1-1-0.05-50-0 1 2387 14 7 88 102 0.8451 0.9267 105 106
434-1-1-0.05-50-0 1 2387 14 20 88 32 0.8451 0.9922 105 102
434-1-1-0.05-50-0 1 2387 14 7 88 101 0.8451 0.9267 105 106
434-1-1-0.05-50-0 1 2387 14 7 88 100 0.8451 0.9267 105 106
434-1-1-0.05-50-0 1 2387 37 23 107 3 0.8481 0.1698 127 476
434-1-1-0.05-50-0 1 2388 41 4 21 351 0.9621 0.0723 105 351
434-1-1-0.05-50-0 1 2388 36 26 91 88 0.8162 0.8171 165 141
434-1-1-0.05-50-0 1 2388 14 37 90 104 0.8451 0.8481 105 127
434-1-1-0.05-50-0 1 2389 36 37 92 109 0.8162 0.8481 165 127
434-1-1-0.05-50-0 1 2389 40 31 104 1 0.9739 0.5626 104 252
434-1-1-0.05-50-0 1 2389 36 36 92 92 0.8162 0.8162 165 165
434-1-1-0.05-50-0 1 2389 36 37 91 108 0.8162 0.8481 165 127
434-1-1-0.05-50-0 1 2390 36 37 93 107 0.8162 0.8481 165 127
434-1-1-0.05-50-0 1 2390 14 37 89 106 0.8451 0.8481 105 127
434-1-1-0.05-50-0 1 2391 14 26 93 89 0.8451 0.8171 105 141
434-1-1-0.05-50-0 1 2391 36 36 96 96 0.8162 0.8162 165 165
434-1-1-0.05-50-0 1 2391 36 37 95 107 0.8162 0.8481 165 127
434-1-1-0.05-50-0 1 2391 36 14 95 93 0.8162 0.8451 165 105
434-1-1-0.05-50-0 1 2391 14 2 92 86 0.8451 0.8198 105 167
434-1-1-0.05-50-0 1 2391 14 13 92 146 0.8451 0.8878 105 151
434-1-1-0.05-50-0 1 2391 36 14 95 92 0.8162 0.8451 165 105
434-1-1-0.05-50-0 1 2392 14 25 90 122 0.8451 0.9430 105 125
434-1-1-0.05-50-0 1 2392 2 6 82 1 0.8198 0.4266 167 249
434-1-1-0.05-50-0 1 2392 1 1 20 20 0.2520 0.2520 409 409
434-1-1-0.05-50-0 1 2393 14 25 86 121 0.8451 0.9430 105 125
434-1-1-0.05-50-0 1 2393 36 14 95 86 0.8162 0.8451 165 105
434-1-1-0.05-50-0 1 2393 1 1 20 20 0.2520 0.2520 409 409
434-1-1-0.05-50-0 1 2393 41 4 29 351 0.9621 0.0723 105 351
434-1-1-0.05-50-0 1 2393 37 39 107 1 0.8481 0.2187 127 309
434-1-1-0.05-50-0 1 2394 36 36 98 98 0.8162 0.8162 165 165
434-1-1-0.05-50-0 1 2394 14 36 87 97 0.8451 0.8162 105 165
434-1-1-0.05-50-0 1 2395 37 23 104 1 0.8481 0.1698 127 476
434-1-1-0.05-50-0 1 2395 14 47 88 93 0.8451 0.9293 105 103
434-1-1-0.05-50-0 1 2396 1 1 24 24 0.2520 0.2520 409 409
434-1-1-0.05-50-0 1 2396 36 36 91 91 0.8162 0.8162 165 165
434-1-1-0.05-50-0 1 2396 14 47 88 88 0.8451 0.9293 105 103
434-1-1-0.05-50-0 1 2396 36 2 90 87 0.8162 0.8198 165 167
434-1-1-0.05-50-0 1 2396 36 43 90 27 0.8162 0.8316 165 123
434-1-1-0.05-50-0 1 2396 41 4 29 351 0.9621 0.0723 105 351
434-1-1-0.05-50-0 1 2396 36 26 90 84 0.8162 0.8171 165 141
434-1-1-0.05-50-0 1 2397 1 1 23 23 0.2520 0.2520 409 409
434-1-1-0.05-50-0 1 2398 36 2 90 84 0.8162 0.8198 165 167
434-1-1-0.05-50-0 1 2398 14 37 79 102 0.8451 0.8481 105 127
434-1-1-0.05-50-0 1 2398 36 2 90 83 0.8162 0.8198 165 167
434-1-1-0.05-50-0 1 2398 36 26 90 89 0.8162 0.8171 165 141
434-1-1-0.05-50-0 1 2399 41 4 28 351 0.9621 0.0723 105 351
434-1-1-0.05-50-0 1 2399 37 49 101 1 0.8481 0.1842 127 136
434-1-1-0.05-50-0 1 2399 41 4 28 350 0.9621 0.0723 105 351
434-1-1-0.05-50-0 1 2399 14 14 74 74 0.8451 0.8451 105 105
434-1-1-0.05-50-0 1 2399 14 47 73 87 0.8451 0.9293 105 103
434-1-1-0.05-50-0 1 2400 25 35 123 1 0.9430 0.0354 125 158
434-1-1-0.05-50-0 1 2400 14 47 74 85 0.8451 0.9293 105 103
434-1-1-0.05-50-0 1 2400 2 9 77 1 0.8198 0.6134 167 161
434-1-1-0.05-50-0 1 2401 36 36 96 96 0.8162 0.8162 165 165
434-1-1-0.05-50-0 1 2401 2 33 77 1 0.8198 0.6893 167 191
434-1-1-0.05-50-0 1 2401 14 13 73 151 0.8451 0.8878 105 151
434-1-1-0.05-50-0 1 2403 36 37 95 98 0.8162 0.8481 165 127
434-1-1-0.05-50-0 1 2403 14 25 78 125 0.8451 0.9430 105 125
434-1-1-0.05-50-0 1 2403 36 37 95 97 0.8162 0.8481 165 127
434-1-1-0.05-50-0 1 2403 14 13 78 151 0.8451 0.8878 105 151
434-1-1-0.05-50-0 1 2403 41 4 25 347 0.9621 0.0723 105 351
434-1-1-0.05-50-0 1 2403 14 14 78 78 0.8451 0.8451 105 105
434-1-1-0.05-50-0 1 2404 36 36 98 98 0.8162 0.8162 165 165
434-1-1-0.05-50-0 1 2404 37 48 103 1 0.8481 0.1153 127 334
434-1-1-0.05-50-0 1 2404 14 41 80 25 0.8451 0.9621 105 105
434-1-1-0.05-50-0 1 2404 36 37 97 103 0.8162 0.8481 165 127
434-1-1-0.05-50-0 1 2404 36 26 97 91 0.8162 0.8171 165 141
434-1-1-0.05-50-0 1 2404 14 40 80 102 0.8451 0.9739 105 104
434-1-1-0.05-50-0 1 2404 36 2 97 75 0.8162 0.8198 165 167
434-1-1-0.05-50-0 1 2404 14 13 80 143 0.8451 0.8878 105 151
434-1-1-0.05-50-0 1 2405 36 14 98 84 0.8162 0.8451 165 105
434-1-1-0.05-50-0 1 2406 1 1 20 20 0.2520 0.2520 409 409
434-1-1-0.05-50-0 1 2406 41 4 24 351 0.9621 0.0723 105 351
434-1-1-0.05-50-0 1 2406 14 7 82 99 0.8451 0.9267 105 106
434-1-1-0.05-50-0 1 2406 14 47 82 80 0.8451 0.9293 105 103
434-1-1-0.05-50-0 1 2406 14 40 82 101 0.8451 0.9739 105 104
434-1-1-0.05-50-0 1 2407 36 37 102 101 0.8162 0.8481 165 127
434-1-1-0.05-50-0 1 2407 36 2 102 69 0.8162 0.8198 165 167
434-1-1-0.05-50-0 1 2408 36 36 101 101 0.8162 0.8162 165 165
434-1-1-0.05-50-0 1 2408 37 18 102 1 0.8481 0.2181 127 226
434-1-1-0.05-50-0 1 2408 14 40 83 100 0.8451 0.9739 105 104
434-1-1-0.05-50-0 1 2408 14 2 83 68 0.8451 0.8198 105 167
434-1-1-0.05-50-0 1 2408 36 26 100 104 0.8162 0.8171 165 141
434-1-1-0.05-50-0 1 2408 14 13 83 138 0.8451 0.8878 105 151
434-1-1-0.05-50-0 1 2408 14 47 83 83 0.8451 0.9293 105 103
434-1-1-0.05-50-0 1 2408 14 13 83 137 0.8451 0.8878 105 151
434-1-1-0.05-50-0 1 2408 36 36 100 100 0.8162 0.8162 165 165
434-1-1-0.05-50-0 1 2409 41 4 23 351 0.9621 0.0723 105 351
434-1-1-0.05-50-0 1 2409 14 26 82 108 0.8451 0.8171 105 141
434-1-1-0.05-50-0 1 2409 36 14 103 82 0.8162 0.8451 165 105
434-1-1-0.05-50-0 1 2410 40 44 97 2 0.9739 0.7034 104 118
434-1-1-0.05-50-0 1 2410 36 2 100 63 0.8162 0.8198 165 167
434-1-1-0.05-50-0 1 2410 36 26 100 105 0.8162 0.8171 165 141
434-1-1-0.05-50-0 1 2410 36 26 100 104 0.8162 0.8171 165 141
434-1-1-0.05-50-0 1 2411 36 2 100 66 0.8162 0.8198 165 167
434-1-1-0.05-50-0 1 2411 1 1 17 17 0.2520 0.2520 409 409
434-1-1-0.05-50-0 1 2411 41 4 24 349 0.9621 0.0723 105 351
434-1-1-0.05-50-0 1 2411 14 43 81 32 0.8451 0.8316 105 123
434-1-1-0.05-50-0 1 2411 41 4 24 348 0.9621 0.0723 105 351
434-1-1-0.05-50-0 1 2411 40 44 97 1 0.9739 0.7034 104 118
434-1-1-0.05-50-0 1 2412 36 14 102 82 0.8162 0.8451 165 105
434-1-1-0.05-50-0 1 2412 36 2 102 68 0.8162 0.8198 165 167
434-1-1-0.05-50-0 1 2412 14 13 81 133 0.8451 0.8878 105 151
434-1-1-0.05-50-0 1 2412 14 2 81 67 0.8451 0.8198 105 167
434-1-1-0.05-50-0 1 2412 41 4 23 351 0.9621 0.0723 105 351
434-1-1-0.05-50-0 1 2412 14 2 81 66 0.8451 0.8198 105 167
434-1-1-0.05-50-0 1 2412 14 26 81 103 0.8451 0.8171 105 141
434-1-1-0.05-50-0 1 2412 36 37 102 102 0.8162 0.8481 165 127
434-1-1-0.05-50-0 1 2413 36 26 108 101 0.8162 0.8171 165 141
434-1-1-0.05-50-0 1 2413 36 26 108 100 0.8162 0.8171 165 141
434-1-1-0.05-50-0 1 2413 14 36 77 108 0.8451 0.8162 105 165
434-1-1-0.05-50-0 1 2413 36 37 107 98 0.8162 0.8481 165 127
434-1-1-0.05-50-0 1 2413 14 25 77 113 0.8451 0.9430 105 125
434-1-1-0.05-50-0 1 2413 14 47 77 80 0.8451 0.9293 105 103
434-1-1-0.05-50-0 1 2413 41 4 23 350 0.9621 0.0723 105 351
434-1-1-0.05-50-0 1 2413 40 38 104 2 0.9739 0.6163 104 270
434-1-1-0.05-50-0 1 2414 36 14 109 80 0.8162 0.8451 165 105
434-1-1-0.05-50-0 1 2414 14 2 79 70 0.8451 0.8198 105 167
434-1-1-0.05-50-0 1 2414 41 4 23 350 0.9621 0.0723 105 351
434-1-1-0.05-50-0 1 2414 41 4 23 349 0.9621 0.0723 105 351
434-1-1-0.05-50-0 1 2414 36 26 109 101 0.8162 0.8171 165 141
434-1-1-0.05-50-0 1 2414 41 4 23 348 0.9621 0.0723 105 351
434-1-1-0.05-50-0 1 2415 36 26 113 99 0.8162 0.8171 165 141
434-1-1-0.05-50-0 1 2416 14 13 81 144 0.8451 0.8878 105 151
434-1-1-0.05-50-0 1 2416 14 14 81 81 0.8451 0.8451 105 105
434-1-1-0.05-50-0 1 2416 1 18 15 1 0.2520 0.2181 409 226
434-1-1-0.05-50-0 1 2416 36 2 116 65 0.8162 0.8198 165 167
434-1-1-0.05-50-0 1 2416 36 36 116 116 0.8162 0.8162 165 165
434-1-1-0.05-50-0 1 2417 36 14 116 79 0.8162 0.8451 165 105
434-1-1-0.05-50-0 1 2417 14 13 78 142 0.8451 0.8878 105 151
434-1-1-0.05-50-0 1 2417 14 36 78 116 0.8451 0.8162 105 165
434-1-1-0.05-50-0 1 2417 14 36 78 115 0.8451 0.8162 105 165
434-1-1-0.05-50-0 1 2417 20 38 34 1 0.9922 0.6163 102 270
434-1-1-0.05-50-0 1 2417 14 36 78 114 0.8451 0.8162 105 165
434-1-1-0.05-50-0 1 2418 14 13 81 143 0.8451 0.8878 105 151
434-1-1-0.05-50-0 1 2418 36 14 114 81 0.8162 0.8451 165 105
434-1-1-0.05-50-0 1 2418 14 40 80 103 0.8451 0.9739 105 104
434-1-1-0.05-50-0 1 2418 36 36 114 114 0.8162 0.8162 165 165
434-1-1-0.05-50-0 1 2418 14 25 80 110 0.8451 0.9430 105 125
434-1-1-0.05-50-0 1 2419 36 36 110 110 0.8162 0.8162 165 165
434-1-1-0.05-50-0 1 2419 14 37 75 106 0.8451 0.8481 105 127
434-1-1-0.05-50-0 1 2419 14 13 75 140 0.8451 0.8878 105 151
434-1-1-0.05-50-0 1 2419 36 36 109 109 0.8162 0.8162 165 165
434-1-1-0.05-50-0 1 2419 14 26 75 90 0.8451 0.8171 105 141
434-1-1-0.05-50-0 1 2420 36 36 106 106 0.8162 0.8162 165 165
434-1-1-0.05-50-0 1 2420 14 7 75 104 0.8451 0.9267 105 106
434-1-1-0.05-50-0 1 2420 36 36 105 105 0.8162 0.8162 165 165
434-1-1-0.05-50-0 1 2421 2 32 60 1 0.8198 0.6514 167 215
434-1-1-0.05-50-0 1 2421 1 1 15 15 0.2520 0.2520 409 409
434-1-1-0.05-50-0 1 2421 14 40 77 102 0.8451 0.9739 105 104
434-1-1-0.05-50-0 1 2421 36 43 105 27 0.8162 0.8316 165 123
434-1-1-0.05-50-0 1 2422 36 2 101 63 0.8162 0.8198 165 167
434-1-1-0.05-50-0 1 2422 14 25 78 113 0.8451 0.9430 105 125
434-1-1-0.05-50-0 1 2422 36 36 101 101 0.8162 0.8162 165 165
434-1-1-0.05-50-0 1 2422 41 4 21 351 0.9621 0.0723 105 351
434-1-1-0.05-50-0 1 2422 36 26 100 94 0.8162 0.8171 165 141
434-1-1-0.05-50-0 1 2422 36 14 100 78 0.8162 0.8451 165 105
434-1-1-0.05-50-0 1 2422 36 36 100 100 0.8162 0.8162 165 165
434-1-1-0.05-50-0 1 2422 41 4 21 350 0.9621 0.0723 105 351
434-1-1-0.05-50-0 1 2422 14 14 77 77 0.8451 0.8451 105 105
434-1-1-0.05-50-0 1 2423 20 29 35 1 0.9922 0.6728 102 177
434-1-1-0.05-50-0 1 2423 41 4 20 351 0.9621 0.0723 105 351
434-1-1-0.05-50-0 1 2423 14 25 80 113 0.8451 0.9430 105 125
434-1-1-0.05-50-0 1 2423 14 13 80 148 0.8451 0.8878 105 151
434-1-1-0.05-50-0 1 2423 14 36 80 102 0.8451 0.8162 105 165
434-1-1-0.05-50-0 1 2423 36 37 101 104 0.8162 0.8481 165 127
434-1-1-0.05-50-0 1 2424 41 4 21 351 0.9621 0.0723 105 351
434-1-1-0.05-50-0 1 2424 14 2 79 63 0.8451 0.8198 105 167
434-1-1-0.05-50-0 1 2424 41 4 21 350 0.9621 0.0723 105 351
434-1-1-0.05-50-0 1 2424 36 14 101 79 0.8162 0.8451 165 105
434-1-1-0.05-50-0 1 2424 14 36 78 101 0.8451 0.8162 105 165
434-1-1-0.05-50-0 1 2425 43 12 24 1 0.8316 0.1896 123 325
434-1-1-0.05-50-0 1 2425 14 36 79 103 0.8451 0.8162 105 165
434-1-1-0.05-50-0 1 2425 36 2 102 60 0.8162 0.8198 165 167
434-1-1-0.05-50-0 1 2425 36 37 102 98 0.8162 0.8481 165 127
434-1-1-0.05-50-0 1 2425 36 26 102 98 0.8162 0.8171 165 141
434-1-1-0.05-50-0 1 2426 14 40 81 99 0.8451 0.9739 105 104
434-1-1-0.05-50-0 1 2426 14 36 81 106 0.8451 0.8162 105 165
434-1-1-0.05-50-0 1 2426 4 5 345 2 0.0723 0.0007 351 226
434-1-1-0.05-50-0 1 2426 40 32 98 1 0.9739 0.6514 104 215
434-1-1-0.05-50-0 1 2426 37 49 98 1 0.8481 0.1842 127 136
434-1-1-0.05-50-0 1 2426 14 7 81 104 0.8451 0.9267 105 106
434-1-1-0.05-50-0 1 2427 36 36 107 107 0.8162 0.8162 165 165
434-1-1-0.05-50-0 1 2427 14 37 81 95 0.8451 0.8481 105 127
434-1-1-0.05-50-0 1 2427 36 37 106 94 0.8162 0.8481 165 127
434-1-1-0.05-50-0 1 2427 40 44 96 1 0.9739 0.7034 104 118
434-1-1-0.05-50-0 1 2428 14 13 83 151 0.8451 0.8878 105 151
434-1-1-0.05-50-0 1 2428 36 37 106 93 0.8162 0.8481 165 127
434-1-1-0.05-50-0 1 2428 36 37 106 92 0.8162 0.8481 165 127
434-1-1-0.05-50-0 1 2428 36 36 106 106 0.8162 0.8162 165 165
434-1-1-0.05-50-0 1 2429 36 36 104 104 0.8162 0.8162 165 165
434-1-1-0.05-50-0 1 2429 36 14 103 81 0.8162 0.8451 165 105
434-1-1-0.05-50-0 1 2429 36 26 103 100 0.8162 0.8171 165 141
434-1-1-0.05-50-0 1 2429 14 7 80 106 0.8451 0.9267 105 106
434-1-1-0.05-50-0 1 2429 20 29 43 3 0.9922 0.6728 102 177
434-1-1-0.05-50-0 1 2429 14 13 80 151 0.8451 0.8878 105 151
434-1-1-0.05-50-0 1 2429 2 38 68 1 0.8198 0.6163 167 270
434-1-1-0.05-50-0 1 2429 14 20 80 43 0.8451 0.9922 105 102
434-1-1-0.05-50-0 1 2430 36 26 101 99 0.8162 0.8171 165 141
434-1-1-0.05-50-0 1 2430 14 26 80 98 0.8451 0.8171 105 141
434-1-1-0.05-50-0 1 2430 14 14 80 80 0.8451 0.8451 105 105
434-1-1-0.05-50-0 1 2431 7 3 100 1 0.9267 0.4813 106 321
434-1-1-0.05-50-0 1 2431 20 29 42 2 0.9922 0.6728 102 177
434-1-1-0.05-50-0 1 2431 41 4 21 351 0.9621 0.0723 105 351
434-1-1-0.05-50-0 1 2431 36 36 104 104 0.8162 0.8162 165 165
434-1-1-0.05-50-0 1 2431 36 36 103 103 0.8162 0.8162 165 165
434-1-1-0.05-50-0 1 2431 14 26 78 95 0.8451 0.8171 105 141
434-1-1-0.05-50-0 1 2431 14 2 78 67 0.8451 0.8198 105 167
434-1-1-0.05-50-0 1 2432 41 4 21 351 0.9621 0.0723 105 351
434-1-1-0.05-50-0 1 2432 36 37 106 100 0.8162 0.8481 165 127
434-1-1-0.05-50-0 1 2432 40 30 99 1 0.9739 0.6008 104 266
434-1-1-0.05-50-0 1 2432 36 26 106 94 0.8162 0.8171 165 141
434-1-1-0.05-50-0 1 2432 36 26 106 93 0.8162 0.8171 165 141
434-1-1-0.05-50-0 1 2432 36 36 106 106 0.8162 0.8162 165 165
434-1-1-0.05-50-0 1 2432 36 26 105 92 0.8162 0.8171 165 141
434-1-1-0.05-50-0 1 2433 1 1 13 13 0.2520 0.2520 409 409
434-1-1-0.05-50-0 1 2433 36 37 109 98 0.8162 0.8481 165 127
434-1-1-0.05-50-0 1 2433 41 4 21 350 0.9621 0.0723 105 351
434-1-1-0.05-50-0 1 2433 36 26 109 94 0.8162 0.8171 165 141
434-1-1-0.05-50-0 1 2433 41 4 21 349 0.9621 0.0723 105 351
434-1-1-0.05-50-0 1 2434 37 18 98 2 0.8481 0.2181 127 226
434-1-1-0.05-50-0 1 2434 36 2 109 67 0.8162 0.8198 165 167
434-1-1-0.05-50-0 1 2434 36 36 109 109 0.8162 0.8162 165 165
434-1-1-0.05-50-0 1 2434 40 45 99 1 0.9739 0.3816 104 173
434-1-1-0.05-50-0 1 2434 40 29 99 1 0.9739 0.6728 104 177
434-1-1-0.05-50-0 1 2435 37 18 98 1 0.8481 0.2181 127 226
434-1-1-0.05-50-0 1 2435 14 37 76 98 0.8451 0.8481 105 127
434-1-1-0.05-50-0 1 2435 14 40 76 102 0.8451 0.9739 105 104
434-1-1-0.05-50-0 1 2435 36 26 108 97 0.8162 0.8171 165 141
434-1-1-0.05-50-0 1 2436 41 4 21 351 0.9621 0.0723 105 351
434-1-1-0.05-50-0 1 2436 36 36 110 110 0.8162 0.8162 165 165
434-1-1-0.05-50-0 1 2437 41 4 20 351 0.9621 0.0723 105 351
434-1-1-0.05-50-0 1 2437 14 13 77 147 0.8451 0.8878 105 151
434-1-1-0.05-50-0 1 2437 36 37 110 94 0.8162 0.8481 165 127
434-1-1-0.05-50-0 1 2438 36 37 114 96 0.8162 0.8481 165 127
434-1-1-0.05-50-0 1 2438 14 26 77 96 0.8451 0.8171 105 141
434-1-1-0.05-50-0 1 2438 36 2 114 67 0.8162 0.8198 165 167
434-1-1-0.05-50-0 1 2438 36 2 114 66 0.8162 0.8198 165 167
434-1-1-0.05-50-0 1 2438 14 25 77 124 0.8451 0.9430 105 125
434-1-1-0.05-50-0 1 2439 36 36 108 108 0.8162 0.8162 165 165
434-1-1-0.05-50-0 1 2439 36 36 107 107 0.8162 0.8162 165 165
434-1-1-0.05-50-0 1 2439 26 45 93 2 0.8171 0.3816 141 173
434-1-1-0.05-50-0 1 2439 40 28 100 1 0.9739 0.3846 104 311
434-1-1-0.05-50-0 1 2439 14 13 75 151 0.8451 0.8878 105 151
434-1-1-0.05-50-0 1 2440 20 45 46 1 0.9922 0.3816 102 173
434-1-1-0.05-50-0 1 2440 14 25 73 123 0.8451 0.9430 105 125
434-1-1-0.05-50-0 1 2440 36 37 105 93 0.8162 0.8481 165 127
434-1-1-0.05-50-0 1 2440 36 14 105 73 0.8162 0.8451 165 105
434-1-1-0.05-50-0 1 2440 14 20 72 46 0.8451 0.9922 105 102
434-1-1-0.05-50-0 1 2441 25 35 125 1 0.9430 0.0354 125 158
434-1-1-0.05-50-0 1 2441 14 14 68 68 0.8451 0.8451 105 105
434-1-1-0.05-50-0 1 2441 36 2 104 63 0.8162 0.8198 165 167
434-1-1-0.05-50-0 1 2441 2 38 62 1 0.8198 0.6163 167 270
434-1-1-0.05-50-0 1 2442 36 14 104 69 0.8162 0.8451 165 105
434-1-1-0.05-50-0 1 2442 36 2 104 65 0.8162 0.8198 165 167
434-1-1-0.05-50-0 1 2442 14 40 68 101 0.8451 0.9739 105 104
434-1-1-0.05-50-0 1 2442 36 2 104 64 0.8162 0.8198 165 167
434-1-1-0.05-50-0 1 2443 37 39 85 2 0.8481 0.2187 127 309
434-1-1-0.05-50-0 1 2443 36 2 104 62 0.8162 0.8198 165 167
434-1-1-0.05-50-0 1 2443 36 37 104 85 0.8162 0.8481 165 127
434-1-1-0.05-50-0 1 2443 14 47 71 74 0.8451 0.9293 105 103
434-1-1-0.05-50-0 1 2443 36 36 104 104 0.8162 0.8162 165 165
434-1-1-0.05-50-0 1 2443 41 4 19 351 0.9621 0.0723 105 351
434-1-1-0.05-50-0 1 2443 36 36 103 103 0.8162 0.8162 165 165
434-1-1-0.05-50-0 1 2444 41 4 20 351 0.9621 0.0723 105 351
434-1-1-0.05-50-0 1 2444 14 13 69 146 0.8451 0.8878 105 151
434-1-1-0.05-50-0 1 2444 36 2 103 59 0.8162 0.8198 165 167
434-1-1-0.05-50-0 1 2445 36 26 105 112 0.8162 0.8171 165 141
434-1-1-0.05-50-0 1 2445 14 20 72 47 0.8451 0.9922 105 102
434-1-1-0.05-50-0 1 2445 2 31 58 1 0.8198 0.5626 167 252
434-1-1-0.05-50-0 1 2445 36 14 105 72 0.8162 0.8451 165 105
434-1-1-0.05-50-0 1 2446 36 37 111 85 0.8162 0.8481 165 127
434-1-1-0.05-50-0 1 2447 36 43 114 26 0.8162 0.8316 165 123
434-1-1-0.05-50-0 1 2447 36 14 114 67 0.8162 0.8451 165 105
434-1-1-0.05-50-0 1 2447 14 25 66 123 0.8451 0.9430 105 125
434-1-1-0.05-50-0 1 2447 36 26 114 112 0.8162 0.8171 165 141
434-1-1-0.05-50-0 1 2448 41 4 21 351 0.9621 0.0723 105 351
434-1-1-0.05-50-0 1 2448 14 25 66 124 0.8451 0.9430 105 125
434-1-1-0.05-50-0 1 2448 14 41 66 21 0.8451 0.9621 105 105
434-1-1-0.05-50-0 1 2448 37 39 84 1 0.8481 0.2187 127 309
434-1-1-0.05-50-0 1 2449 36 37 116 79 0.8162 0.8481 165 127
434-1-1-0.05-50-0 1 2449 40 30 103 1 0.9739 0.6008 104 266
434-1-1-0.05-50-0 1 2449 36 36 116 116 0.8162 0.8162 165 165
434-1-1-0.05-50-0 1 2450 36 26 116 110 0.8162 0.8171 165 141
434-1-1-0.05-50-0 1 2450 41 4 23 351 0.9621 0.0723 105 351
434-1-1-0.05-50-0 1 2450 37 50 78 1 0.8481 0.2147 127 147
434-1-1-0.05-50-0 1 2450 36 14 116 70 0.8162 0.8451 165 105
434-1-1-0.05-50-0 1 2450 36 26 116 109 0.8162 0.8171 165 141
434-1-1-0.05-50-0 1 2451 3 4 1 351 0.4813 0.0723 321 351
434-1-1-0.05-50-0 1 2451 36 14 119 70 0.8162 0.8451 165 105
434-1-1-0.05-50-0 1 2451 14 36 69 119 0.8451 0.8162 105 165
434-1-1-0.05-50-0 1 2451 1 16 11 2 0.2520 0.2228 409 149
434-1-1-0.05-50-0 1 2451 14 43 69 25 0.8451 0.8316 105 123
434-1-1-0.05-50-0 1 2452 36 36 118 118 0.8162 0.8162 165 165
434-1-1-0.05-50-0 1 2452 36 14 117 71 0.8162 0.8451 165 105
434-1-1-0.05-50-0 1 2452 41 4 27 351 0.9621 0.0723 105 351
434-1-1-0.05-50-0 1 2452 14 14 70 70 0.8451 0.8451 105 105
434-1-1-0.05-50-0 1 2452 41 4 27 350 0.9621 0.0723 105 351
434-1-1-0.05-50-0 1 2452 41 4 27 349 0.9621 0.0723 105 351
434-1-1-0.05-50-0 1 2453 36 37 120 86 0.8162 0.8481 165 127
434-1-1-0.05-50-0 1 2453 14 13 69 144 0.8451 0.8878 105 151
434-1-1-0.05-50-0 1 2453 26 3 106 1 0.8171 0.4813 141 321
434-1-1-0.05-50-0 1 2453 36 26 120 106 0.8162 0.8171 165 141
434-1-1-0.05-50-0 1 2454 36 14 117 68 0.8162 0.8451 165 105
434-1-1-0.05-50-0 1 2454 14 7 67 91 0.8451 0.9267 105 106
434-1-1-0.05-50-0 1 2454 14 25 67 121 0.8451 0.9430 105 125
434-1-1-0.05-50-0 1 2454 14 20 67 41 0.8451 0.9922 105 102
434-1-1-0.05-50-0 1 2454 36 14 117 67 0.8162 0.8451 165 105
434-1-1-0.05-50-0 1 2454 36 26 117 107 0.8162 0.8171 165 141
434-1-1-0.05-50-0 1 2454 36 36 117 117 0.8162 0.8162 165 165
434-1-1-0.05-50-0 1 2455 26 28 109 1 0.8171 0.3846 141 311
434-1-1-0.05-50-0 1 2455 36 26 120 109 0.8162 0.8171 165 141
434-1-1-0.05-50-0 1 2455 14 25 68 123 0.8451 0.9430 105 125
434-1-1-0.05-50-0 1 2456 36 2 117 54 0.8162 0.8198 165 167
434-1-1-0.05-50-0 1 2456 36 36 117 117 0.8162 0.8162 165 165
434-1-1-0.05-50-0 1 2456 36 37 116 82 0.8162 0.8481 165 127
434-1-1-0.05-50-0 1 2456 41 4 24 351 0.9621 0.0723 105 351
434-1-1-0.05-50-0 1 2456 36 36 116 116 0.8162 0.8162 165 165
434-1-1-0.05-50-0 1 2456 41 4 24 350 0.9621 0.0723 105 351
434-1-1-0.05-50-0 1 2457 14 26 74 100 0.8451 0.8171 105 141
434-1-1-0.05-50-0 1 2457 36 26 120 99 0.8162 0.8171 165 141
434-1-1-0.05-50-0 1 2457 14 37 74 84 0.8451 0.8481 105 127
434-1-1-0.05-50-0 1 2458 36 37 130 85 0.8162 0.8481 165 127
434-1-1-0.05-50-0 1 2458 14 40 73 94 0.8451 0.9739 105 104
434-1-1-0.05-50-0 1 2458 36 14 130 73 0.8162 0.8451 165 105
434-1-1-0.05-50-0 1 2458 36 43 130 27 0.8162 0.8316 165 123
434-1-1-0.05-50-0 1 2459 36 2 131 58 0.8162 0.8198 165 167
434-1-1-0.05-50-0 1 2459 36 26 131 99 0.8162 0.8171 165 141
434-1-1-0.05-50-0 1 2459 36 36 131 131 0.8162 0.8162 165 165
434-1-1-0.05-50-0 1 2459 14 37 71 87 0.8451 0.8481 105 127
434-1-1-0.05-50-0 1 2460 36 36 131 131 0.8162 0.8162 165 165
434-1-1-0.05-50-0 1 2460 36 26 130 96 0.8162 0.8171 165 141
434-1-1-0.05-50-0 1 2460 10 27 1 145 0.2533 0.0776 449 149
434-1-1-0.05-50-0 1 2460 36 36 130 130 0.8162 0.8162 165 165
434-1-1-0.05-50-0 1 2460 40 3 88 1 0.9739 0.4813 104 321
434-1-1-0.05-50-0 1 2460 41 4 26 351 0.9621 0.0723 105 351
434-1-1-0.05-50-0 1 2460 36 26 129 95 0.8162 0.8171 165 141
434-1-1-0.05-50-0 1 2461 36 14 130 77 0.8162 0.8451 165 105
434-1-1-0.05-50-0 1 2461 36 2 130 56 0.8162 0.8198 165 167
434-1-1-0.05-50-0 1 2461 41 4 28 351 0.9621 0.0723 105 351
434-1-1-0.05-50-0 1 2462 14 37 75 87 0.8451 0.8481 105 127
434-1-1-0.05-50-0 1 2462 36 26 137 96 0.8162 0.8171 165 141
434-1-1-0.05-50-0 1 2462 14 40 75 86 0.8451 0.9739 105 104
434-1-1-0.05-50-0 1 2462 36 14 137 75 0.8162 0.8451 165 105
434-1-1-0.05-50-0 1 2463 36 43 137 24 0.8162 0.8316 165 123
434-1-1-0.05-50-0 1 2463 14 2 72 57 0.8451 0.8198 105 167
434-1-1-0.05-50-0 1 2463 36 36 137 137 0.8162 0.8162 165 165
434-1-1-0.05-50-0 1 2463 14 37 72 84 0.8451 0.8481 105 127
434-1-1-0.05-50-0 1 2463 14 13 72 133 0.8451 0.8878 105 151
434-1-1-0.05-50-0 1 2463 36 26 136 95 0.8162 0.8171 165 141
434-1-1-0.05-50-0 1 2464 36 37 134 84 0.8162 0.8481 165 127
434-1-1-0.05-50-0 1 2464 40 42 87 2 0.9739 0.7447 104 106
434-1-1-0.05-50-0 1 2464 14 13 74 139 0.8451 0.8878 105 151
434-1-1-0.05-50-0 1 2464 14 47 74 77 0.8451 0.9293 105 103
434-1-1-0.05-50-0 1 2465 14 7 75 95 0.8451 0.9267 105 106
434-1-1-0.05-50-0 1 2465 14 25 75 115 0.8451 0.9430 105 125
434-1-1-0.05-50-0 1 2465 1 1 10 10 0.2520 0.2520 409 409
434-1-1-0.05-50-0 1 2465 36 26 137 96 0.8162 0.8171 165 141
434-1-1-0.05-50-0 1 2465 14 47 75 78 0.8451 0.9293 105 103
434-1-1-0.05-50-0 1 2465 14 47 75 77 0.8451 0.9293 105 103
434-1-1-0.05-50-0 1 2465 36 36 137 137 0.8162 0.8162 165 165
434-1-1-0.05-50-0 1 2465 36 36 136 136 0.8162 0.8162 165 165
434-1-1-0.05-50-0 1 2465 14 14 75 75 0.8451 0.8451 105 105
434-1-1-0.05-50-0 1 2466 36 36 138 138 0.8162 0.8162 165 165
434-1-1-0.05-50-0 1 2466 36 36 137 137 0.8162 0.8162 165 165
434-1-1-0.05-50-0 1 2466 14 36 75 136 0.8451 0.8162 105 165
434-1-1-0.05-50-0 1 2467 41 4 29 351 0.9621 0.0723 105 351
434-1-1-0.05-50-0 1 2467 26 46 91 1 0.8171 0.3451 141 327
434-1-1-0.05-50-0 1 2467 36 37 136 80 0.8162 0.8481 165 127
434-1-1-0.05-50-0 1 2467 41 4 29 350 0.9621 0.0723 105 351
434-1-1-0.05-50-0 1 2467 36 26 136 91 0.8162 0.8171 165 141
434-1-1-0.05-50-0 1 2468 36 43 139 25 0.8162 0.8316 165 123
434-1-1-0.05-50-0 1 2468 36 36 139 139 0.8162 0.8162 165 165
434-1-1-0.05-50-0 1 2468 36 26 138 91 0.8162 0.8171 165 141
434-1-1-0.05-50-0 1 2469 41 4 31 351 0.9621 0.0723 105 351
434-1-1-0.05-50-0 1 2469 36 36 136 136 0.8162 0.8162 165 165
434-1-1-0.05-50-0 1 2469 41 4 31 350 0.9621 0.0723 105 351
434-1-1-0.05-50-0 1 2469 14 47 82 81 0.8451 0.9293 105 103
434-1-1-0.05-50-0 1 2469 40 42 86 1 0.9739 0.7447 104 106
434-1-1-0.05-50-0 1 2470 36 26 136 89 0.8162 0.8171 165 141
434-1-1-0.05-50-0 1 2470 36 43 136 23 0.8162 0.8316 165 123
434-1-1-0.05-50-0 1 2470 25 22 109 1 0.9430 0.0160 125 311
434-1-1-0.05-50-0 1 2470 36 2 136 53 0.8162 0.8198 165 167
434-1-1-0.05-50-0 1 2471 36 37 135 81 0.8162 0.8481 165 127
434-1-1-0.05-50-0 1 2471 36 26 135 85 0.8162 0.8171 165 141
434-1-1-0.05-50-0 1 2471 36 26 135 84 0.8162 0.8171 165 141
434-1-1-0.05-50-0 1 2471 14 37 84 80 0.8451 0.8481 105 127
434-1-1-0.05-50-0 1 2471 14 13 84 135 0.8451 0.8878 105 151
434-1-1-0.05-50-0 1 2471 26 21 83 1 0.8171 0.4184 141 158
434-1-1-0.05-50-0 1 2471 36 37 135 79 0.8162 0.8481 165 127
434-1-1-0.05-50-0 1 2472 36 26 135 85 0.8162 0.8171 165 141
434-1-1-0.05-50-0 1 2472 14 40 85 92 0.8451 0.9739 105 104
434-1-1-0.05-50-0 1 2472 36 43 135 24 0.8162 0.8316 165 123
434-1-1-0.05-50-0 1 2472 14 40 85 91 0.8451 0.9739 105 104
434-1-1-0.05-50-0 1 2472 36 36 135 135 0.8162 0.8162 165 165
434-1-1-0.05-50-0 1 2472 36 2 134 50 0.8162 0.8198 165 167
434-1-1-0.05-50-0 1 2473 14 41 84 34 0.8451 0.9621 105 105
434-1-1-0.05-50-0 1 2473 14 47 84 80 0.8451 0.9293 105 103
434-1-1-0.05-50-0 1 2473 14 47 84 79 0.8451 0.9293 105 103
434-1-1-0.05-50-0 1 2473 36 2 137 48 0.8162 0.8198 165 167
434-1-1-0.05-50-0 1 2473 36 36 137 137 0.8162 0.8162 165 165
434-1-1-0.05-50-0 1 2473 36 36 136 136 0.8162 0.8162 165 165
434-1-1-0.05-50-0 1 2473 36 14 135 84 0.8162 0.8451 165 105
434-1-1-0.05-50-0 1 2474 36 37 139 73 0.8162 0.8481 165 127
434-1-1-0.05-50-0 1 2474 14 13 83 138 0.8451 0.8878 105 151
434-1-1-0.05-50-0 1 2474 14 14 83 83 0.8451 0.8451 105 105
434-1-1-0.05-50-0 1 2474 14 26 82 83 0.8451 0.8171 105 141
434-1-1-0.05-50-0 1 2474 14 47 82 80 0.8451 0.9293 105 103
434-1-1-0.05-50-0 1 2474 14 47 82 79 0.8451 0.9293 105 103
434-1-1-0.05-50-0 1 2474 36 26 139 82 0.8162 0.8171 165 141
434-1-1-0.05-50-0 1 2475 36 26 142 85 0.8162 0.8171 165 141
434-1-1-0.05-50-0 1 2475 14 40 80 89 0.8451 0.9739 105 104
434-1-1-0.05-50-0 1 2475 41 4 33 351 0.9621 0.0723 105 351
434-1-1-0.05-50-0 1 2475 36 36 142 142 0.8162 0.8162 165 165
434-1-1-0.05-50-0 1 2475 14 14 80 80 0.8451 0.8451 105 105
434-1-1-0.05-50-0 1 2476 14 36 82 137 0.8451 0.8162 105 165
434-1-1-0.05-50-0 1 2476 14 25 82 104 0.8451 0.9430 105 125
434-1-1-0.05-50-0 1 2476 14 40 82 85 0.8451 0.9739 105 104
434-1-1-0.05-50-0 1 2476 36 14 136 82 0.8162 0.8451 165 105
434-1-1-0.05-50-0 1 2476 36 36 136 136 0.8162 0.8162 165 165
434-1-1-0.05-50-0 1 2476 36 37 135 67 0.8162 0.8481 165 127
434-1-1-0.05-50-0 1 2476 36 26 135 86 0.8162 0.8171 165 141
434-1-1-0.05-50-0 1 2476 36 26 135 85 0.8162 0.8171 165 141
434-1-1-0.05-50-0 1 2477 36 36 139 139 0.8162 0.8162 165 165
434-1-1-0.05-50-0 1 2477 14 7 82 104 0.8451 0.9267 105 106
434-1-1-0.05-50-0 1 2477 36 2 138 44 0.8162 0.8198 165 167
434-1-1-0.05-50-0 1 2477 14 40 82 80 0.8451 0.9739 105 104
434-1-1-0.05-50-0 1 2477 14 25 82 100 0.8451 0.9430 105 125
434-1-1-0.05-50-0 1 2477 36 2 138 43 0.8162 0.8198 165 167
434-1-1-0.05-50-0 1 2478 41 4 31 347 0.9621 0.0723 105 351
434-1-1-0.05-50-0 1 2478 36 14 143 83 0.8162 0.8451 165 105
434-1-1-0.05-50-0 1 2478 36 43 143 24 0.8162 0.8316 165 123
434-1-1-0.05-50-0 1 2478 14 37 82 68 0.8451 0.8481 105 127
434-1-1-0.05-50-0 1 2478 36 26 143 85 0.8162 0.8171 165 141
434-1-1-0.05-50-0 1 2479 36 2 142 42 0.8162 0.8198 165 167
434-1-1-0.05-50-0 1 2479 14 36 83 142 0.8451 0.8162 105 165
434-1-1-0.05-50-0 1 2479 36 36 141 141 0.8162 0.8162 165 165
434-1-1-0.05-50-0 1 2479 41 4 34 351 0.9621 0.0723 105 351
434-1-1-0.05-50-0 1 2480 14 7 87 103 0.8451 0.9267 105 106
434-1-1-0.05-50-0 1 2480 36 37 140 70 0.8162 0.8481 165 127
434-1-1-0.05-50-0 1 2480 36 36 140 140 0.8162 0.8162 165 165
434-1-1-0.05-50-0 1 2480 41 4 35 351 0.9621 0.0723 105 351
434-1-1-0.05-50-0 1 2480 14 36 87 139 0.8451 0.8162 105 165
434-1-1-0.05-50-0 1 2480 37 39 69 1 0.8481 0.2187 127 309
434-1-1-0.05-50-0 1 2480 14 36 87 138 0.8451 0.8162 105 165
434-1-1-0.05-50-0 1 2481 14 40 87 85 0.8451 0.9739 105 104
434-1-1-0.05-50-0 1 2481 14 2 87 42 0.8451 0.8198 105 167
434-1-1-0.05-50-0 1 2481 14 13 87 149 0.8451 0.8878 105 151
434-1-1-0.05-50-0 1 2481 1 10 9 1 0.2520 0.2533 409 449
434-1-1-0.05-50-0 1 2481 36 14 141 87 0.8162 0.8451 165 105
434-1-1-0.05-50-0 1 2481 36 43 141 22 0.8162 0.8316 165 123
434-1-1-0.05-50-0 1 2481 36 36 141 141 0.8162 0.8162 165 165
434-1-1-0.05-50-0 1 2481 14 36 86 140 0.8451 0.8162 105 165
434-1-1-0.05-50-0 1 2482 36 36 137 137 0.8162 0.8162 165 165
434-1-1-0.05-50-0 1 2482 14 37 89 63 0.8451 0.8481 105 127
434-1-1-0.05-50-0 1 2483 25 35 100 1 0.9430 0.0354 125 158
434-1-1-0.05-50-0 1 2483 14 36 86 137 0.8451 0.8162 105 165
434-1-1-0.05-50-0 1 2483 14 25 86 100 0.8451 0.9430 105 125
434-1-1-0.05-50-0 1 2483 41 4 33 351 0.9621 0.0723 105 351
434-1-1-0.05-50-0 1 2483 14 14 86 86 0.8451 0.8451 105 105
434-1-1-0.05-50-0 1 2484 14 26 86 90 0.8451 0.8171 105 141
434-1-1-0.05-50-0 1 2484 40 17 79 1 0.9739 0.6398 104 197
434-1-1-0.05-50-0 1 2484 36 26 141 89 0.8162 0.8171 165 141
434-1-1-0.05-50-0 1 2484 14 47 86 88 0.8451 0.9293 105 103
434-1-1-0.05-50-0 1 2485 14 7 87 97 0.8451 0.9267 105 106
434-1-1-0.05-50-0 1 2485 14 36 87 142 0.8451 0.8162 105 165
434-1-1-0.05-50-0 1 2485 41 4 33 351 0.9621 0.0723 105 351
434-1-1-0.05-50-0 1 2485 41 4 33 350 0.9621 0.0723 105 351
434-1-1-0.05-50-0 1 2485 36 36 141 141 0.8162 0.8162 165 165
434-1-1-0.05-50-0 1 2486 40 9 74 2 0.9739 0.6134 104 161
434-1-1-0.05-50-0 1 2486 36 36 141 141 0.8162 0.8162 165 165
434-1-1-0.05-50-0 1 2486 40 33 74 1 0.9739 0.6893 104 191
434-1-1-0.05-50-0 1 2487 36 43 140 20 0.8162 0.8316 165 123
434-1-1-0.05-50-0 1 2487 37 12 57 1 0.8481 0.1896 127 325
434-1-1-0.05-50-0 1 2487 14 13 84 149 0.8451 0.8878 105 151
434-1-1-0.05-50-0 1 2487 41 4 32 348 0.9621 0.0723 105 351
434-1-1-0.05-50-0 1 2488 36 26 143 79 0.8162 0.8171 165 141
434-1-1-0.05-50-0 1 2488 41 4 32 351 0.9621 0.0723 105 351
434-1-1-0.05-50-0 1 2488 14 36 86 143 0.8451 0.8162 105 165
434-1-1-0.05-50-0 1 2488 41 4 32 350 0.9621 0.0723 105 351
434-1-1-0.05-50-0 1 2489 36 14 142 86 0.8162 0.8451 165 105
434-1-1-0.05-50-0 1 2489 14 47 85 90 0.8451 0.9293 105 103
434-1-1-0.05-50-0 1 2489 36 43 142 20 0.8162 0.8316 165 123
434-1-1-0.05-50-0 1 2489 41 4 32 351 0.9621 0.0723 105 351
434-1-1-0.05-50-0 1 2490 41 4 32 351 0.9621 0.0723 105 351
434-1-1-0.05-50-0 1 2490 14 36 81 149 0.8451 0.8162 105 165
434-1-1-0.05-50-0 1 2490 40 42 78 1 0.9739 0.7447 104 106
434-1-1-0.05-50-0 1 2490 37 49 62 1 0.8481 0.1842 127 136
434-1-1-0.05-50-0 1 2491 36 36 148 148 0.8162 0.8162 165 165
434-1-1-0.05-50-0 1 2491 14 13 86 147 0.8451 0.8878 105 151
434-1-1-0.05-50-0 1 2491 14 14 86 86 0.8451 0.8451 105 105
434-1-1-0.05-50-0 1 2491 36 37 147 61 0.8162 0.8481 165 127
434-1-1-0.05-50-0 1 2491 36 14 147 85 0.8162 0.8451 165 105
434-1-1-0.05-50-0 1 2491 41 4 31 351 0.9621 0.0723 105 351
434-1-1-0.05-50-0 1 2492 41 4 29 351 0.9621 0.0723 105 351
434-1-1-0.05-50-0 1 2492 1 1 9 9 0.2520 0.2520 409 409
434-1-1-0.05-50-0 1 2492 40 3 76 2 0.9739 0.4813 104 321
434-1-1-0.05-50-0 1 2492 36 36 145 145 0.8162 0.8162 165 165
434-1-1-0.05-50-0 1 2492 26 3 80 1 0.8171 0.4813 141 321
434-1-1-0.05-50-0 1 2492 14 25 80 98 0.8451 0.9430 105 125
434-1-1-0.05-50-0 1 2492 36 14 144 80 0.8162 0.8451 165 105
434-1-1-0.05-50-0 1 2492 14 47 79 93 0.8451 0.9293 105 103
434-1-1-0.05-50-0 1 2492 26 21 80 2 0.8171 0.4184 141 158
434-1-1-0.05-50-0 1 2492 20 9 31 1 0.9922 0.6134 102 161
434-1-1-0.05-50-0 1 2493 36 37 146 62 0.8162 0.8481 165 127
434-1-1-0.05-50-0 1 2493 36 26 146 81 0.8162 0.8171 165 141
434-1-1-0.05-50-0 1 2493 14 20 81 30 0.8451 0.9922 105 102
434-1-1-0.05-50-0 1 2493 36 36 146 146 0.8162 0.8162 165 165
434-1-1-0.05-50-0 1 2493 1 1 11 11 0.2520 0.2520 409 409
434-1-1-0.05-50-0 1 2493 14 36 81 145 0.8451 0.8162 105 165
434-1-1-0.05-50-0 1 2494 36 2 149 49 0.8162 0.8198 165 167
434-1-1-0.05-50-0 1 2494 14 47 77 90 0.8451 0.9293 105 103
434-1-1-0.05-50-0 1 2494 14 36 77 149 0.8451 0.8162 105 165
434-1-1-0.05-50-0 1 2494 14 36 77 148 0.8451 0.8162 105 165
434-1-1-0.05-50-0 1 2494 41 4 31 351 0.9621 0.0723 105 351
434-1-1-0.05-50-0 1 2494 37 50 62 1 0.8481 0.2147 127 147
434-1-1-0.05-50-0 1 2495 36 36 147 147 0.8162 0.8162 165 165
434-1-1-0.05-50-0 1 2495 36 36 146 146 0.8162 0.8162 165 165
434-1-1-0.05-50-0 1 2495 41 4 32 351 0.9621 0.0723 105 351
434-1-1-0.05-50-0 1 2495 36 26 145 76 0.8162 0.8171 165 141
434-1-1-0.05-50-0 1 2495 14 25 74 97 0.8451 0.9430 105 125
434-1-1-0.05-50-0 1 2495 40 29 74 1 0.9739 0.6728 104 177
434-1-1-0.05-50-0 1 2495 36 26 145 75 0.8162 0.8171 165 141
434-1-1-0.05-50-0 1 2496 14 25 73 96 0.8451 0.9430 105 125
434-1-1-0.05-50-0 1 2496 40 21 72 3 0.9739 0.4184 104 158
434-1-1-0.05-50-0 1 2496 14 13 73 149 0.8451 0.8878 105 151
434-1-1-0.05-50-0 1 2496 36 43 144 21 0.8162 0.8316 165 123
434-1-1-0.05-50-0 1 2496 36 26 144 73 0.8162 0.8171 165 141
434-1-1-0.05-50-0 1 2496 14 26 73 72 0.8451 0.8171 105 141
434-1-1-0.05-50-0 1 2497 14 37 74 69 0.8451 0.8481 105 127
434-1-1-0.05-50-0 1 2497 36 14 148 74 0.8162 0.8451 165 105
434-1-1-0.05-50-0 1 2497 41 4 34 351 0.9621 0.0723 105 351
434-1-1-0.05-50-0 1 2498 25 22 95 1 0.9430 0.0160 125 311
434-1-1-0.05-50-0 1 2498 26 21 72 2 0.8171 0.4184 141 158
434-1-1-0.05-50-0 1 2498 36 43 150 21 0.8162 0.8316 165 123
434-1-1-0.05-50-0 1 2498 36 36 150 150 0.8162 0.8162 165 165
434-1-1-0.05-50-0 1 2498 20 45 26 1 0.9922 0.3816 102 173
434-1-1-0.05-50-0 1 2499 41 4 32 349 0.9621 0.0723 105 351
434-1-1-0.05-50-0 1 2499 41 4 32 348 0.9621 0.0723 105 351
434-1-1-0.05-50-0 1 2499 36 2 151 50 0.8162 0.8198 165 167
434-1-1-0.05-50-0 1 2499 36 26 151 73 0.8162 0.8171 165 141
434-1-1-0.05-50-0 1 2499 36 36 151 151 0.8162 0.8162 165 165
434-1-1-0.05-50-0 1 2500 36 14 151 73 0.8162 0.8451 165 105
434-1-1-0.05-50-0 1 2500 36 36 151 151 0.8162 0.8162 165 165
434-1-1-0.05-50-0 1 2500 36 36 150 150 0.8162 0.8162 165 165
434-1-1-0.05-50-0 1 2500 41 4 31 350 0.9621 0.0723 105 351
434-1-1-0.05-50-0 1 2500 36 2 149 55 0.8162 0.8198 165 167
434-1-1-0.05-50-0 1 2500 41 4 31 349 0.9621 0.0723 105 351
434-1-1-0.05-50-0 1 2500 36 14 149 72 0.8162 0.8451 165 105
