442-1-1-0.05-50-0 1 2302 36 26 109 85 0.8162 0.8171 165 141
442-1-1-0.05-50-0 1 2302 1 10 84 449 0.2520 0.2533 409 449
442-1-1-0.05-50-0 1 2302 36 36 109 109 0.8162 0.8162 165 165
442-1-1-0.05-50-0 1 2302 2 38 104 2 0.8198 0.6163 167 270
442-1-1-0.05-50-0 1 2302 1 10 84 448 0.2520 0.2533 409 449
442-1-1-0.05-50-0 1 2302 36 36 108 108 0.8162 0.8162 165 165
442-1-1-0.05-50-0 1 2302 39 23 7 7 0.2187 0.1698 309 476
442-1-1-0.05-50-0 1 2302 36 36 107 107 0.8162 0.8162 165 165
442-1-1-0.05-50-0 1 2302 1 8 84 150 0.2520 0.2506 409 303
442-1-1-0.05-50-0 1 2302 36 2 106 104 0.8162 0.8198 165 167
442-1-1-0.05-50-0 1 2303 36 2 108 102 0.8162 0.8198 165 167
442-1-1-0.05-50-0 1 2303 20 46 66 1 0.9922 0.3451 102 327
442-1-1-0.05-50-0 1 2303 20 38 66 1 0.9922 0.6163 102 270
442-1-1-0.05-50-0 1 2303 37 18 15 12 0.8481 0.2181 127 226
442-1-1-0.05-50-0 1 2303 36 2 108 101 0.8162 0.8198 165 167
442-1-1-0.05-50-0 1 2303 36 26 108 85 0.8162 0.8171 165 141
442-1-1-0.05-50-0 1 2303 1 10 87 445 0.2520 0.2533 409 449
442-1-1-0.05-50-0 1 2304 37 39 15 7 0.8481 0.2187 127 309
442-1-1-0.05-50-0 1 2304 1 8 89 147 0.2520 0.2506 409 303
442-1-1-0.05-50-0 1 2304 1 1 89 89 0.2520 0.2520 409 409
442-1-1-0.05-50-0 1 2304 1 10 88 437 0.2520 0.2533 409 449
442-1-1-0.05-50-0 1 2305 36 26 105 89 0.8162 0.8171 165 141
442-1-1-0.05-50-0 1 2305 1 10 87 440 0.2520 0.2533 409 449
442-1-1-0.05-50-0 1 2305 36 36 105 105 0.8162 0.8162 165 165
442-1-1-0.05-50-0 1 2306 36 26 102 88 0.8162 0.8171 165 141
442-1-1-0.05-50-0 1 2306 36 2 102 101 0.8162 0.8198 165 167
442-1-1-0.05-50-0 1 2306 1 10 87 443 0.2520 0.2533 409 449
442-1-1-0.05-50-0 1 2307 36 43 98 58 0.8162 0.8316 165 123
442-1-1-0.05-50-0 1 2307 36 36 98 98 0.8162 0.8162 165 165
442-1-1-0.05-50-0 1 2307 37 50 17 20 0.8481 0.2147 127 147
442-1-1-0.05-50-0 1 2307 1 10 86 443 0.2520 0.2533 409 449
442-1-1-0.05-50-0 1 2307 10 27 442 1 0.2533 0.0776 449 149
442-1-1-0.05-50-0 1 2307 37 18 17 13 0.8481 0.2181 127 226
442-1-1-0.05-50-0 1 2307 1 10 86 442 0.2520 0.2533 409 449
442-1-1-0.05-50-0 1 2307 1 10 86 441 0.2520 0.2533 409 449
442-1-1-0.05-50-0 1 2307 41 4 101 1 0.9621 0.0723 105 351
442-1-1-0.05-50-0 1 2308 36 2 98 105 0.8162 0.8198 165 167
442-1-1-0.05-50-0 1 2308 1 8 84 158 0.2520 0.2506 409 303
442-1-1-0.05-50-0 1 2308 1 10 84 439 0.2520 0.2533 409 449
442-1-1-0.05-50-0 1 2308 1 8 84 157 0.2520 0.2506 409 303
442-1-1-0.05-50-0 1 2308 20 33 70 1 0.9922 0.6893 102 191
442-1-1-0.05-50-0 1 2309 1 10 82 434 0.2520 0.2533 409 449
442-1-1-0.05-50-0 1 2309 36 36 103 103 0.8162 0.8162 165 165
442-1-1-0.05-50-0 1 2309 1 10 82 433 0.2520 0.2533 409 449
442-1-1-0.05-50-0 1 2309 37 50 19 21 0.8481 0.2147 127 147
442-1-1-0.05-50-0 1 2310 1 10 85 437 0.2520 0.2533 409 449
442-1-1-0.05-50-0 1 2310 2 3 106 1 0.8198 0.4813 167 321
442-1-1-0.05-50-0 1 2310 2 6 106 1 0.8198 0.4266 167 249
442-1-1-0.05-50-0 1 2310 1 8 85 158 0.2520 0.2506 409 303
442-1-1-0.05-50-0 1 2310 1 8 85 157 0.2520 0.2506 409 303
442-1-1-0.05-50-0 1 2310 1 10 85 436 0.2520 0.2533 409 449
442-1-1-0.05-50-0 1 2310 37 39 20 5 0.8481 0.2187 127 309
442-1-1-0.05-50-0 1 2310 36 2 103 106 0.8162 0.8198 165 167
442-1-1-0.05-50-0 1 2310 1 10 85 435 0.2520 0.2533 409 449
442-1-1-0.05-50-0 1 2311 1 10 84 428 0.2520 0.2533 409 449
442-1-1-0.05-50-0 1 2311 1 8 84 155 0.2520 0.2506 409 303
442-1-1-0.05-50-0 1 2312 36 36 103 103 0.8162 0.8162 165 165
442-1-1-0.05-50-0 1 2312 37 18 22 12 0.8481 0.2181 127 226
442-1-1-0.05-50-0 1 2312 1 10 83 434 0.2520 0.2533 409 449
442-1-1-0.05-50-0 1 2312 1 8 83 155 0.2520 0.2506 409 303
442-1-1-0.05-50-0 1 2313 1 1 85 85 0.2520 0.2520 409 409
442-1-1-0.05-50-0 1 2313 39 18 3 11 0.2187 0.2181 309 226
442-1-1-0.05-50-0 1 2313 42 10 2 445 0.7447 0.2533 106 449
442-1-1-0.05-50-0 1 2313 36 43 98 55 0.8162 0.8316 165 123
442-1-1-0.05-50-0 1 2313 36 36 98 98 0.8162 0.8162 165 165
442-1-1-0.05-50-0 1 2313 36 43 97 54 0.8162 0.8316 165 123
442-1-1-0.05-50-0 1 2314 36 36 96 96 0.8162 0.8162 165 165
442-1-1-0.05-50-0 1 2314 2 6 105 1 0.8198 0.4266 167 249
442-1-1-0.05-50-0 1 2314 36 2 95 105 0.8162 0.8198 165 167
442-1-1-0.05-50-0 1 2314 36 26 95 109 0.8162 0.8171 165 141
442-1-1-0.05-50-0 1 2314 1 10 83 449 0.2520 0.2533 409 449
442-1-1-0.05-50-0 1 2315 40 42 7 2 0.9739 0.7447 104 106
442-1-1-0.05-50-0 1 2315 1 10 79 449 0.2520 0.2533 409 449
442-1-1-0.05-50-0 1 2315 1 8 79 157 0.2520 0.2506 409 303
442-1-1-0.05-50-0 1 2315 36 2 97 104 0.8162 0.8198 165 167
442-1-1-0.05-50-0 1 2315 25 11 123 1 0.9430 0.0504 125 384
442-1-1-0.05-50-0 1 2315 1 8 79 156 0.2520 0.2506 409 303
442-1-1-0.05-50-0 1 2315 36 26 97 109 0.8162 0.8171 165 141
442-1-1-0.05-50-0 1 2315 1 10 79 448 0.2520 0.2533 409 449
442-1-1-0.05-50-0 1 2315 36 2 97 103 0.8162 0.8198 165 167
442-1-1-0.05-50-0 1 2315 36 42 97 1 0.8162 0.7447 165 106
442-1-1-0.05-50-0 1 2316 1 8 78 156 0.2520 0.2506 409 303
442-1-1-0.05-50-0 1 2316 1 8 78 155 0.2520 0.2506 409 303
442-1-1-0.05-50-0 1 2316 1 10 78 449 0.2520 0.2533 409 449
442-1-1-0.05-50-0 1 2316 1 10 78 448 0.2520 0.2533 409 449
442-1-1-0.05-50-0 1 2317 36 2 96 102 0.8162 0.8198 165 167
442-1-1-0.05-50-0 1 2317 36 2 96 101 0.8162 0.8198 165 167
442-1-1-0.05-50-0 1 2317 1 10 79 444 0.2520 0.2533 409 449
442-1-1-0.05-50-0 1 2317 37 50 24 23 0.8481 0.2147 127 147
442-1-1-0.05-50-0 1 2317 41 35 98 1 0.9621 0.0354 105 158
442-1-1-0.05-50-0 1 2317 36 43 96 56 0.8162 0.8316 165 123
442-1-1-0.05-50-0 1 2317 36 36 96 96 0.8162 0.8162 165 165
442-1-1-0.05-50-0 1 2317 36 26 95 110 0.8162 0.8171 165 141
442-1-1-0.05-50-0 1 2317 36 43 95 55 0.8162 0.8316 165 123
442-1-1-0.05-50-0 1 2318 1 1 79 79 0.2520 0.2520 409 409
442-1-1-0.05-50-0 1 2318 37 50 23 22 0.8481 0.2147 127 147
442-1-1-0.05-50-0 1 2318 37 23 23 10 0.8481 0.1698 127 476
442-1-1-0.05-50-0 1 2318 36 26 94 110 0.8162 0.8171 165 141
442-1-1-0.05-50-0 1 2318 1 10 78 449 0.2520 0.2533 409 449
442-1-1-0.05-50-0 1 2319 1 10 82 444 0.2520 0.2533 409 449
442-1-1-0.05-50-0 1 2319 36 26 99 111 0.8162 0.8171 165 141
442-1-1-0.05-50-0 1 2319 36 36 99 99 0.8162 0.8162 165 165
442-1-1-0.05-50-0 1 2319 1 10 82 443 0.2520 0.2533 409 449
442-1-1-0.05-50-0 1 2320 36 2 93 101 0.8162 0.8198 165 167
442-1-1-0.05-50-0 1 2320 1 10 80 446 0.2520 0.2533 409 449
442-1-1-0.05-50-0 1 2320 1 8 80 158 0.2520 0.2506 409 303
442-1-1-0.05-50-0 1 2320 36 43 93 54 0.8162 0.8316 165 123
442-1-1-0.05-50-0 1 2320 1 10 80 445 0.2520 0.2533 409 449
442-1-1-0.05-50-0 1 2321 37 50 25 20 0.8481 0.2147 127 147
442-1-1-0.05-50-0 1 2321 36 36 93 93 0.8162 0.8162 165 165
442-1-1-0.05-50-0 1 2321 1 8 82 162 0.2520 0.2506 409 303
442-1-1-0.05-50-0 1 2321 1 10 82 449 0.2520 0.2533 409 449
442-1-1-0.05-50-0 1 2321 1 10 82 448 0.2520 0.2533 409 449
442-1-1-0.05-50-0 1 2322 1 10 81 447 0.2520 0.2533 409 449
442-1-1-0.05-50-0 1 2322 1 10 81 446 0.2520 0.2533 409 449
442-1-1-0.05-50-0 1 2322 37 50 26 20 0.8481 0.2147 127 147
442-1-1-0.05-50-0 1 2323 1 8 81 162 0.2520 0.2506 409 303
442-1-1-0.05-50-0 1 2323 14 14 9 9 0.8451 0.8451 105 105
442-1-1-0.05-50-0 1 2323 36 36 95 95 0.8162 0.8162 165 165
442-1-1-0.05-50-0 1 2323 37 39 28 6 0.8481 0.2187 127 309
442-1-1-0.05-50-0 1 2323 36 26 94 121 0.8162 0.8171 165 141
442-1-1-0.05-50-0 1 2323 1 10 81 439 0.2520 0.2533 409 449
442-1-1-0.05-50-0 1 2324 1 10 88 448 0.2520 0.2533 409 449
442-1-1-0.05-50-0 1 2324 1 1 88 88 0.2520 0.2520 409 409
442-1-1-0.05-50-0 1 2324 36 2 100 93 0.8162 0.8198 165 167
442-1-1-0.05-50-0 1 2324 1 10 87 447 0.2520 0.2533 409 449
442-1-1-0.05-50-0 1 2324 1 10 87 446 0.2520 0.2533 409 449
442-1-1-0.05-50-0 1 2325 1 10 90 449 0.2520 0.2533 409 449
442-1-1-0.05-50-0 1 2325 2 9 92 1 0.8198 0.6134 167 161
442-1-1-0.05-50-0 1 2325 36 43 105 53 0.8162 0.8316 165 123
442-1-1-0.05-50-0 1 2325 36 26 105 125 0.8162 0.8171 165 141
442-1-1-0.05-50-0 1 2325 20 29 65 1 0.9922 0.6728 102 177
442-1-1-0.05-50-0 1 2325 37 50 30 20 0.8481 0.2147 127 147
442-1-1-0.05-50-0 1 2325 1 50 90 19 0.2520 0.2147 409 147
442-1-1-0.05-50-0 1 2325 36 2 105 92 0.8162 0.8198 165 167
442-1-1-0.05-50-0 1 2325 1 10 90 448 0.2520 0.2533 409 449
442-1-1-0.05-50-0 1 2325 40 34 11 1 0.9739 0.7448 104 168
442-1-1-0.05-50-0 1 2325 36 36 105 105 0.8162 0.8162 165 165
442-1-1-0.05-50-0 1 2326 36 36 108 108 0.8162 0.8162 165 165
442-1-1-0.05-50-0 1 2326 36 43 107 51 0.8162 0.8316 165 123
442-1-1-0.05-50-0 1 2326 1 10 91 449 0.2520 0.2533 409 449
442-1-1-0.05-50-0 1 2326 1 1 91 91 0.2520 0.2520 409 409
442-1-1-0.05-50-0 1 2326 1 10 90 448 0.2520 0.2533 409 449
442-1-1-0.05-50-0 1 2326 36 43 107 50 0.8162 0.8316 165 123
442-1-1-0.05-50-0 1 2327 36 26 107 130 0.8162 0.8171 165 141
442-1-1-0.05-50-0 1 2327 1 1 89 89 0.2520 0.2520 409 409
442-1-1-0.05-50-0 1 2327 36 26 107 129 0.8162 0.8171 165 141
442-1-1-0.05-50-0 1 2328 1 10 88 449 0.2520 0.2533 409 449
442-1-1-0.05-50-0 1 2328 36 2 111 91 0.8162 0.8198 165 167
442-1-1-0.05-50-0 1 2328 1 10 88 448 0.2520 0.2533 409 449
442-1-1-0.05-50-0 1 2328 1 10 88 447 0.2520 0.2533 409 449
442-1-1-0.05-50-0 1 2328 19 19 10 10 0.8072 0.8072 134 134
442-1-1-0.05-50-0 1 2329 1 10 90 449 0.2520 0.2533 409 449
442-1-1-0.05-50-0 1 2329 36 2 109 92 0.8162 0.8198 165 167
442-1-1-0.05-50-0 1 2329 36 36 109 109 0.8162 0.8162 165 165
442-1-1-0.05-50-0 1 2329 37 18 29 5 0.8481 0.2181 127 226
442-1-1-0.05-50-0 1 2329 36 36 108 108 0.8162 0.8162 165 165
442-1-1-0.05-50-0 1 2329 36 43 107 52 0.8162 0.8316 165 123
442-1-1-0.05-50-0 1 2329 36 37 107 29 0.8162 0.8481 165 127
442-1-1-0.05-50-0 1 2329 1 8 90 175 0.2520 0.2506 409 303
442-1-1-0.05-50-0 1 2330 1 10 90 449 0.2520 0.2533 409 449
442-1-1-0.05-50-0 1 2330 37 39 27 4 0.8481 0.2187 127 309
442-1-1-0.05-50-0 1 2330 40 42 10 2 0.9739 0.7447 104 106
442-1-1-0.05-50-0 1 2330 1 8 90 171 0.2520 0.2506 409 303
442-1-1-0.05-50-0 1 2330 36 2 106 90 0.8162 0.8198 165 167
442-1-1-0.05-50-0 1 2330 36 36 106 106 0.8162 0.8162 165 165
442-1-1-0.05-50-0 1 2330 1 10 90 448 0.2520 0.2533 409 449
442-1-1-0.05-50-0 1 2331 41 5 93 1 0.9621 0.0007 105 226
442-1-1-0.05-50-0 1 2331 1 10 92 445 0.2520 0.2533 409 449
442-1-1-0.05-50-0 1 2331 1 10 92 444 0.2520 0.2533 409 449
442-1-1-0.05-50-0 1 2331 1 10 92 443 0.2520 0.2533 409 449
442-1-1-0.05-50-0 1 2331 23 23 14 14 0.1698 0.1698 476 476
442-1-1-0.05-50-0 1 2331 36 26 107 121 0.8162 0.8171 165 141
442-1-1-0.05-50-0 1 2332 36 2 104 90 0.8162 0.8198 165 167
442-1-1-0.05-50-0 1 2332 36 26 104 117 0.8162 0.8171 165 141
442-1-1-0.05-50-0 1 2332 37 50 28 16 0.8481 0.2147 127 147
442-1-1-0.05-50-0 1 2333 36 2 106 92 0.8162 0.8198 165 167
442-1-1-0.05-50-0 1 2333 36 36 106 106 0.8162 0.8162 165 165
442-1-1-0.05-50-0 1 2333 1 8 98 178 0.2520 0.2506 409 303
442-1-1-0.05-50-0 1 2334 36 43 107 49 0.8162 0.8316 165 123
442-1-1-0.05-50-0 1 2334 1 10 100 449 0.2520 0.2533 409 449
442-1-1-0.05-50-0 1 2335 1 50 98 19 0.2520 0.2147 409 147
442-1-1-0.05-50-0 1 2335 36 43 108 47 0.8162 0.8316 165 123
442-1-1-0.05-50-0 1 2335 1 10 98 449 0.2520 0.2533 409 449
442-1-1-0.05-50-0 1 2336 1 10 105 449 0.2520 0.2533 409 449
442-1-1-0.05-50-0 1 2336 14 20 8 68 0.8451 0.9922 105 102
442-1-1-0.05-50-0 1 2336 19 19 10 10 0.8072 0.8072 134 134
442-1-1-0.05-50-0 1 2336 37 23 30 11 0.8481 0.1698 127 476
442-1-1-0.05-50-0 1 2336 1 10 105 448 0.2520 0.2533 409 449
442-1-1-0.05-50-0 1 2336 1 1 105 105 0.2520 0.2520 409 409
442-1-1-0.05-50-0 1 2336 1 8 104 189 0.2520 0.2506 409 303
442-1-1-0.05-50-0 1 2337 26 45 119 2 0.8171 0.3816 141 173
442-1-1-0.05-50-0 1 2337 1 10 102 449 0.2520 0.2533 409 449
442-1-1-0.05-50-0 1 2337 36 2 111 83 0.8162 0.8198 165 167
442-1-1-0.05-50-0 1 2337 20 45 68 1 0.9922 0.3816 102 173
442-1-1-0.05-50-0 1 2337 36 36 111 111 0.8162 0.8162 165 165
442-1-1-0.05-50-0 1 2338 36 26 113 117 0.8162 0.8171 165 141
442-1-1-0.05-50-0 1 2338 37 23 30 9 0.8481 0.1698 127 476
442-1-1-0.05-50-0 1 2339 36 26 112 114 0.8162 0.8171 165 141
442-1-1-0.05-50-0 1 2339 1 10 103 449 0.2520 0.2533 409 449
442-1-1-0.05-50-0 1 2339 1 10 103 448 0.2520 0.2533 409 449
442-1-1-0.05-50-0 1 2339 23 23 9 9 0.1698 0.1698 476 476
442-1-1-0.05-50-0 1 2339 42 10 2 447 0.7447 0.2533 106 449
442-1-1-0.05-50-0 1 2339 36 26 112 113 0.8162 0.8171 165 141
442-1-1-0.05-50-0 1 2339 1 8 103 189 0.2520 0.2506 409 303
442-1-1-0.05-50-0 1 2339 1 10 103 446 0.2520 0.2533 409 449
442-1-1-0.05-50-0 1 2340 36 36 111 111 0.8162 0.8162 165 165
442-1-1-0.05-50-0 1 2340 1 1 104 104 0.2520 0.2520 409 409
442-1-1-0.05-50-0 1 2340 37 50 29 22 0.8481 0.2147 127 147
442-1-1-0.05-50-0 1 2340 1 10 103 444 0.2520 0.2533 409 449
442-1-1-0.05-50-0 1 2340 36 43 110 51 0.8162 0.8316 165 123
442-1-1-0.05-50-0 1 2340 37 39 29 2 0.8481 0.2187 127 309
442-1-1-0.05-50-0 1 2341 36 43 116 48 0.8162 0.8316 165 123
442-1-1-0.05-50-0 1 2341 1 1 107 107 0.2520 0.2520 409 409
442-1-1-0.05-50-0 1 2342 36 26 117 113 0.8162 0.8171 165 141
442-1-1-0.05-50-0 1 2342 36 26 117 112 0.8162 0.8171 165 141
442-1-1-0.05-50-0 1 2342 37 50 30 21 0.8481 0.2147 127 147
442-1-1-0.05-50-0 1 2342 1 10 108 449 0.2520 0.2533 409 449
442-1-1-0.05-50-0 1 2342 1 10 108 448 0.2520 0.2533 409 449
442-1-1-0.05-50-0 1 2342 26 45 111 1 0.8171 0.3816 141 173
442-1-1-0.05-50-0 1 2342 1 10 108 447 0.2520 0.2533 409 449
442-1-1-0.05-50-0 1 2342 1 1 108 108 0.2520 0.2520 409 409
442-1-1-0.05-50-0 1 2342 36 37 117 30 0.8162 0.8481 165 127
442-1-1-0.05-50-0 1 2342 36 36 117 117 0.8162 0.8162 165 165
442-1-1-0.05-50-0 1 2342 1 10 107 446 0.2520 0.2533 409 449
442-1-1-0.05-50-0 1 2343 37 23 27 8 0.8481 0.1698 127 476
442-1-1-0.05-50-0 1 2343 36 36 119 119 0.8162 0.8162 165 165
442-1-1-0.05-50-0 1 2343 1 10 109 443 0.2520 0.2533 409 449
442-1-1-0.05-50-0 1 2343 36 2 118 87 0.8162 0.8198 165 167
442-1-1-0.05-50-0 1 2343 1 10 109 442 0.2520 0.2533 409 449
442-1-1-0.05-50-0 1 2343 1 1 109 109 0.2520 0.2520 409 409
442-1-1-0.05-50-0 1 2344 1 10 112 449 0.2520 0.2533 409 449
442-1-1-0.05-50-0 1 2344 1 8 112 200 0.2520 0.2506 409 303
442-1-1-0.05-50-0 1 2344 1 1 112 112 0.2520 0.2520 409 409
442-1-1-0.05-50-0 1 2344 36 36 121 121 0.8162 0.8162 165 165
442-1-1-0.05-50-0 1 2344 37 50 27 19 0.8481 0.2147 127 147
442-1-1-0.05-50-0 1 2344 37 50 27 18 0.8481 0.2147 127 147
442-1-1-0.05-50-0 1 2345 36 36 119 119 0.8162 0.8162 165 165
442-1-1-0.05-50-0 1 2345 37 50 28 17 0.8481 0.2147 127 147
442-1-1-0.05-50-0 1 2345 36 36 118 118 0.8162 0.8162 165 165
442-1-1-0.05-50-0 1 2346 10 27 449 2 0.2533 0.0776 449 149
442-1-1-0.05-50-0 1 2346 23 23 8 8 0.1698 0.1698 476 476
442-1-1-0.05-50-0 1 2346 1 8 116 201 0.2520 0.2506 409 303
442-1-1-0.05-50-0 1 2346 14 13 8 147 0.8451 0.8878 105 151
442-1-1-0.05-50-0 1 2347 36 37 124 30 0.8162 0.8481 165 127
442-1-1-0.05-50-0 1 2347 37 50 29 13 0.8481 0.2147 127 147
442-1-1-0.05-50-0 1 2348 41 5 105 1 0.9621 0.0007 105 226
442-1-1-0.05-50-0 1 2348 36 2 129 94 0.8162 0.8198 165 167
442-1-1-0.05-50-0 1 2348 1 10 118 449 0.2520 0.2533 409 449
442-1-1-0.05-50-0 1 2348 36 2 129 93 0.8162 0.8198 165 167
442-1-1-0.05-50-0 1 2348 37 50 30 12 0.8481 0.2147 127 147
442-1-1-0.05-50-0 1 2348 41 4 105 3 0.9621 0.0723 105 351
442-1-1-0.05-50-0 1 2348 1 8 118 205 0.2520 0.2506 409 303
442-1-1-0.05-50-0 1 2349 36 26 127 105 0.8162 0.8171 165 141
442-1-1-0.05-50-0 1 2349 36 2 127 92 0.8162 0.8198 165 167
442-1-1-0.05-50-0 1 2349 15 8 1 206 0.7918 0.2506 149 303
442-1-1-0.05-50-0 1 2349 1 10 115 442 0.2520 0.2533 409 449
442-1-1-0.05-50-0 1 2350 1 10 117 444 0.2520 0.2533 409 449
442-1-1-0.05-50-0 1 2350 36 19 129 9 0.8162 0.8072 165 134
442-1-1-0.05-50-0 1 2350 1 10 117 443 0.2520 0.2533 409 449
442-1-1-0.05-50-0 1 2350 36 37 129 29 0.8162 0.8481 165 127
442-1-1-0.05-50-0 1 2350 36 26 129 105 0.8162 0.8171 165 141
442-1-1-0.05-50-0 1 2350 1 10 117 442 0.2520 0.2533 409 449
442-1-1-0.05-50-0 1 2350 36 26 129 104 0.8162 0.8171 165 141
442-1-1-0.05-50-0 1 2350 1 10 117 441 0.2520 0.2533 409 449
442-1-1-0.05-50-0 1 2350 41 4 105 2 0.9621 0.0723 105 351
442-1-1-0.05-50-0 1 2351 36 36 128 128 0.8162 0.8162 165 165
442-1-1-0.05-50-0 1 2351 41 4 105 2 0.9621 0.0723 105 351
442-1-1-0.05-50-0 1 2351 1 1 120 120 0.2520 0.2520 409 409
442-1-1-0.05-50-0 1 2351 36 43 127 51 0.8162 0.8316 165 123
442-1-1-0.05-50-0 1 2351 1 1 119 119 0.2520 0.2520 409 409
442-1-1-0.05-50-0 1 2351 1 10 118 449 0.2520 0.2533 409 449
442-1-1-0.05-50-0 1 2351 1 10 118 448 0.2520 0.2533 409 449
442-1-1-0.05-50-0 1 2351 36 37 127 30 0.8162 0.8481 165 127
442-1-1-0.05-50-0 1 2352 1 1 121 121 0.2520 0.2520 409 409
442-1-1-0.05-50-0 1 2352 1 8 120 205 0.2520 0.2506 409 303
442-1-1-0.05-50-0 1 2352 36 2 129 90 0.8162 0.8198 165 167
442-1-1-0.05-50-0 1 2352 23 23 7 7 0.1698 0.1698 476 476
442-1-1-0.05-50-0 1 2352 1 10 120 448 0.2520 0.2533 409 449
442-1-1-0.05-50-0 1 2352 36 43 129 48 0.8162 0.8316 165 123
442-1-1-0.05-50-0 1 2353 36 26 134 104 0.8162 0.8171 165 141
442-1-1-0.05-50-0 1 2353 36 2 134 87 0.8162 0.8198 165 167
442-1-1-0.05-50-0 1 2353 37 50 26 13 0.8481 0.2147 127 147
442-1-1-0.05-50-0 1 2353 36 43 134 49 0.8162 0.8316 165 123
442-1-1-0.05-50-0 1 2353 1 10 118 449 0.2520 0.2533 409 449
442-1-1-0.05-50-0 1 2353 37 23 26 6 0.8481 0.1698 127 476
442-1-1-0.05-50-0 1 2353 36 36 134 134 0.8162 0.8162 165 165
442-1-1-0.05-50-0 1 2354 37 18 26 5 0.8481 0.2181 127 226
442-1-1-0.05-50-0 1 2354 2 32 85 1 0.8198 0.6514 167 215
442-1-1-0.05-50-0 1 2354 37 23 26 5 0.8481 0.1698 127 476
442-1-1-0.05-50-0 1 2354 1 1 117 117 0.2520 0.2520 409 409
442-1-1-0.05-50-0 1 2354 1 10 116 449 0.2520 0.2533 409 449
442-1-1-0.05-50-0 1 2355 1 8 117 221 0.2520 0.2506 409 303
442-1-1-0.05-50-0 1 2355 14 13 12 146 0.8451 0.8878 105 151
442-1-1-0.05-50-0 1 2355 36 36 134 134 0.8162 0.8162 165 165
442-1-1-0.05-50-0 1 2355 1 10 117 449 0.2520 0.2533 409 449
442-1-1-0.05-50-0 1 2355 36 36 133 133 0.8162 0.8162 165 165
442-1-1-0.05-50-0 1 2355 1 10 117 448 0.2520 0.2533 409 449
442-1-1-0.05-50-0 1 2356 36 26 136 109 0.8162 0.8171 165 141
442-1-1-0.05-50-0 1 2356 36 43 136 52 0.8162 0.8316 165 123
442-1-1-0.05-50-0 1 2356 36 2 136 83 0.8162 0.8198 165 167
442-1-1-0.05-50-0 1 2356 36 36 136 136 0.8162 0.8162 165 165
442-1-1-0.05-50-0 1 2357 14 37 12 27 0.8451 0.8481 105 127
442-1-1-0.05-50-0 1 2357 1 1 116 116 0.2520 0.2520 409 409
442-1-1-0.05-50-0 1 2357 36 26 140 112 0.8162 0.8171 165 141
442-1-1-0.05-50-0 1 2357 1 10 115 449 0.2520 0.2533 409 449
442-1-1-0.05-50-0 1 2357 36 26 140 111 0.8162 0.8171 165 141
442-1-1-0.05-50-0 1 2358 1 10 112 449 0.2520 0.2533 409 449
442-1-1-0.05-50-0 1 2358 37 39 27 1 0.8481 0.2187 127 309
442-1-1-0.05-50-0 1 2358 1 10 112 448 0.2520 0.2533 409 449
442-1-1-0.05-50-0 1 2358 26 21 109 3 0.8171 0.4184 141 158
442-1-1-0.05-50-0 1 2358 36 26 140 109 0.8162 0.8171 165 141
442-1-1-0.05-50-0 1 2358 36 26 140 108 0.8162 0.8171 165 141
442-1-1-0.05-50-0 1 2359 1 8 113 236 0.2520 0.2506 409 303
442-1-1-0.05-50-0 1 2359 37 50 26 14 0.8481 0.2147 127 147
442-1-1-0.05-50-0 1 2359 10 27 449 2 0.2533 0.0776 449 149
442-1-1-0.05-50-0 1 2359 1 50 113 13 0.2520 0.2147 409 147
442-1-1-0.05-50-0 1 2359 1 8 113 235 0.2520 0.2506 409 303
442-1-1-0.05-50-0 1 2359 1 1 113 113 0.2520 0.2520 409 409
442-1-1-0.05-50-0 1 2359 1 10 112 449 0.2520 0.2533 409 449
442-1-1-0.05-50-0 1 2359 14 13 12 151 0.8451 0.8878 105 151
442-1-1-0.05-50-0 1 2359 1 10 112 448 0.2520 0.2533 409 449
442-1-1-0.05-50-0 1 2360 1 23 114 5 0.2520 0.1698 409 476
442-1-1-0.05-50-0 1 2360 20 21 71 2 0.9922 0.4184 102 158
442-1-1-0.05-50-0 1 2360 36 43 144 54 0.8162 0.8316 165 123
442-1-1-0.05-50-0 1 2360 37 50 26 12 0.8481 0.2147 127 147
442-1-1-0.05-50-0 1 2360 36 36 144 144 0.8162 0.8162 165 165
442-1-1-0.05-50-0 1 2360 36 26 143 107 0.8162 0.8171 165 141
442-1-1-0.05-50-0 1 2360 36 26 143 106 0.8162 0.8171 165 141
442-1-1-0.05-50-0 1 2361 10 27 449 1 0.2533 0.0776 449 149
442-1-1-0.05-50-0 1 2361 36 36 143 143 0.8162 0.8162 165 165
442-1-1-0.05-50-0 1 2361 1 8 115 236 0.2520 0.2506 409 303
442-1-1-0.05-50-0 1 2361 1 1 115 115 0.2520 0.2520 409 409
442-1-1-0.05-50-0 1 2361 1 10 114 449 0.2520 0.2533 409 449
442-1-1-0.05-50-0 1 2362 14 14 14 14 0.8451 0.8451 105 105
442-1-1-0.05-50-0 1 2362 1 10 124 449 0.2520 0.2533 409 449
442-1-1-0.05-50-0 1 2362 1 1 124 124 0.2520 0.2520 409 409
442-1-1-0.05-50-0 1 2362 36 37 140 23 0.8162 0.8481 165 127
442-1-1-0.05-50-0 1 2362 36 26 140 110 0.8162 0.8171 165 141
442-1-1-0.05-50-0 1 2362 36 36 140 140 0.8162 0.8162 165 165
442-1-1-0.05-50-0 1 2363 1 24 120 2 0.2520 0.1940 409 254
442-1-1-0.05-50-0 1 2363 1 10 120 448 0.2520 0.2533 409 449
442-1-1-0.05-50-0 1 2363 36 36 134 134 0.8162 0.8162 165 165
442-1-1-0.05-50-0 1 2363 36 36 133 133 0.8162 0.8162 165 165
442-1-1-0.05-50-0 1 2363 26 21 109 2 0.8171 0.4184 141 158
442-1-1-0.05-50-0 1 2364 1 1 122 122 0.2520 0.2520 409 409
442-1-1-0.05-50-0 1 2364 36 36 131 131 0.8162 0.8162 165 165
442-1-1-0.05-50-0 1 2364 1 10 121 449 0.2520 0.2533 409 449
442-1-1-0.05-50-0 1 2364 36 43 130 52 0.8162 0.8316 165 123
442-1-1-0.05-50-0 1 2364 20 21 76 2 0.9922 0.4184 102 158
442-1-1-0.05-50-0 1 2364 36 36 130 130 0.8162 0.8162 165 165
442-1-1-0.05-50-0 1 2364 2 33 85 1 0.8198 0.6893 167 191
442-1-1-0.05-50-0 1 2365 36 43 132 50 0.8162 0.8316 165 123
442-1-1-0.05-50-0 1 2365 36 2 132 94 0.8162 0.8198 165 167
442-1-1-0.05-50-0 1 2365 1 8 130 249 0.2520 0.2506 409 303
442-1-1-0.05-50-0 1 2365 36 2 132 93 0.8162 0.8198 165 167
442-1-1-0.05-50-0 1 2365 36 36 132 132 0.8162 0.8162 165 165
442-1-1-0.05-50-0 1 2365 1 10 130 449 0.2520 0.2533 409 449
442-1-1-0.05-50-0 1 2365 26 3 115 1 0.8171 0.4813 141 321
442-1-1-0.05-50-0 1 2365 36 36 131 131 0.8162 0.8162 165 165
442-1-1-0.05-50-0 1 2365 23 23 7 7 0.1698 0.1698 476 476
442-1-1-0.05-50-0 1 2366 36 26 135 113 0.8162 0.8171 165 141
442-1-1-0.05-50-0 1 2366 1 10 134 449 0.2520 0.2533 409 449
442-1-1-0.05-50-0 1 2366 36 43 135 49 0.8162 0.8316 165 123
442-1-1-0.05-50-0 1 2366 43 24 48 2 0.8316 0.1940 123 254
442-1-1-0.05-50-0 1 2366 1 10 134 448 0.2520 0.2533 409 449
442-1-1-0.05-50-0 1 2366 1 8 134 248 0.2520 0.2506 409 303
442-1-1-0.05-50-0 1 2366 1 50 134 8 0.2520 0.2147 409 147
442-1-1-0.05-50-0 1 2366 36 26 135 112 0.8162 0.8171 165 141
442-1-1-0.05-50-0 1 2366 36 36 135 135 0.8162 0.8162 165 165
442-1-1-0.05-50-0 1 2367 1 1 131 131 0.2520 0.2520 409 409
442-1-1-0.05-50-0 1 2367 36 36 135 135 0.8162 0.8162 165 165
442-1-1-0.05-50-0 1 2367 1 10 130 449 0.2520 0.2533 409 449
442-1-1-0.05-50-0 1 2367 36 26 134 108 0.8162 0.8171 165 141
442-1-1-0.05-50-0 1 2367 36 36 134 134 0.8162 0.8162 165 165
442-1-1-0.05-50-0 1 2367 1 8 130 251 0.2520 0.2506 409 303
442-1-1-0.05-50-0 1 2367 36 43 133 51 0.8162 0.8316 165 123
442-1-1-0.05-50-0 1 2368 36 26 132 109 0.8162 0.8171 165 141
442-1-1-0.05-50-0 1 2368 36 36 132 132 0.8162 0.8162 165 165
442-1-1-0.05-50-0 1 2368 50 48 7 5 0.2147 0.1153 147 334
442-1-1-0.05-50-0 1 2368 36 2 131 100 0.8162 0.8198 165 167
442-1-1-0.05-50-0 1 2369 37 18 23 9 0.8481 0.2181 127 226
442-1-1-0.05-50-0 1 2369 36 43 134 51 0.8162 0.8316 165 123
442-1-1-0.05-50-0 1 2369 1 10 135 449 0.2520 0.2533 409 449
442-1-1-0.05-50-0 1 2369 36 36 134 134 0.8162 0.8162 165 165
442-1-1-0.05-50-0 1 2369 1 10 135 448 0.2520 0.2533 409 449
442-1-1-0.05-50-0 1 2369 14 2 13 101 0.8451 0.8198 105 167
442-1-1-0.05-50-0 1 2369 1 10 135 447 0.2520 0.2533 409 449
442-1-1-0.05-50-0 1 2370 36 2 137 101 0.8162 0.8198 165 167
442-1-1-0.05-50-0 1 2370 1 8 141 249 0.2520 0.2506 409 303
442-1-1-0.05-50-0 1 2370 36 36 137 137 0.8162 0.8162 165 165
442-1-1-0.05-50-0 1 2370 26 21 112 1 0.8171 0.4184 141 158
442-1-1-0.05-50-0 1 2370 37 48 23 5 0.8481 0.1153 127 334
442-1-1-0.05-50-0 1 2371 1 10 139 449 0.2520 0.2533 409 449
442-1-1-0.05-50-0 1 2371 36 2 138 97 0.8162 0.8198 165 167
442-1-1-0.05-50-0 1 2371 20 44 76 1 0.9922 0.7034 102 118
442-1-1-0.05-50-0 1 2371 36 2 138 96 0.8162 0.8198 165 167
442-1-1-0.05-50-0 1 2371 43 24 47 1 0.8316 0.1940 123 254
442-1-1-0.05-50-0 1 2372 1 1 138 138 0.2520 0.2520 409 409
442-1-1-0.05-50-0 1 2372 1 8 137 250 0.2520 0.2506 409 303
442-1-1-0.05-50-0 1 2372 36 36 138 138 0.8162 0.8162 165 165
442-1-1-0.05-50-0 1 2372 1 8 137 249 0.2520 0.2506 409 303
442-1-1-0.05-50-0 1 2372 1 10 137 449 0.2520 0.2533 409 449
442-1-1-0.05-50-0 1 2372 37 39 25 1 0.8481 0.2187 127 309
442-1-1-0.05-50-0 1 2372 1 1 137 137 0.2520 0.2520 409 409
442-1-1-0.05-50-0 1 2372 1 10 136 448 0.2520 0.2533 409 449
442-1-1-0.05-50-0 1 2373 36 2 136 92 0.8162 0.8198 165 167
442-1-1-0.05-50-0 1 2373 1 8 138 253 0.2520 0.2506 409 303
442-1-1-0.05-50-0 1 2373 36 26 136 111 0.8162 0.8171 165 141
442-1-1-0.05-50-0 1 2373 1 10 138 449 0.2520 0.2533 409 449
442-1-1-0.05-50-0 1 2373 1 10 138 448 0.2520 0.2533 409 449
442-1-1-0.05-50-0 1 2374 36 43 136 44 0.8162 0.8316 165 123
442-1-1-0.05-50-0 1 2374 1 1 139 139 0.2520 0.2520 409 409
442-1-1-0.05-50-0 1 2374 36 19 136 8 0.8162 0.8072 165 134
442-1-1-0.05-50-0 1 2374 19 31 7 1 0.8072 0.5626 134 252
442-1-1-0.05-50-0 1 2374 1 10 138 449 0.2520 0.2533 409 449
442-1-1-0.05-50-0 1 2375 36 36 137 137 0.8162 0.8162 165 165
442-1-1-0.05-50-0 1 2375 37 48 22 4 0.8481 0.1153 127 334
442-1-1-0.05-50-0 1 2375 36 36 136 136 0.8162 0.8162 165 165
442-1-1-0.05-50-0 1 2375 1 10 145 440 0.2520 0.2533 409 449
442-1-1-0.05-50-0 1 2375 1 8 145 255 0.2520 0.2506 409 303
442-1-1-0.05-50-0 1 2376 1 8 148 249 0.2520 0.2506 409 303
442-1-1-0.05-50-0 1 2376 36 26 133 111 0.8162 0.8171 165 141
442-1-1-0.05-50-0 1 2376 36 36 133 133 0.8162 0.8162 165 165
442-1-1-0.05-50-0 1 2376 1 8 148 248 0.2520 0.2506 409 303
442-1-1-0.05-50-0 1 2376 36 43 132 45 0.8162 0.8316 165 123
442-1-1-0.05-50-0 1 2376 1 10 148 447 0.2520 0.2533 409 449
442-1-1-0.05-50-0 1 2376 36 2 132 100 0.8162 0.8198 165 167
442-1-1-0.05-50-0 1 2377 36 37 137 24 0.8162 0.8481 165 127
442-1-1-0.05-50-0 1 2377 16 23 6 8 0.2228 0.1698 149 476
442-1-1-0.05-50-0 1 2377 36 2 137 98 0.8162 0.8198 165 167
442-1-1-0.05-50-0 1 2377 1 10 146 449 0.2520 0.2533 409 449
442-1-1-0.05-50-0 1 2377 1 1 146 146 0.2520 0.2520 409 409
442-1-1-0.05-50-0 1 2377 36 36 137 137 0.8162 0.8162 165 165
442-1-1-0.05-50-0 1 2377 40 38 17 1 0.9739 0.6163 104 270
442-1-1-0.05-50-0 1 2378 14 19 17 8 0.8451 0.8072 105 134
442-1-1-0.05-50-0 1 2378 1 10 149 449 0.2520 0.2533 409 449
442-1-1-0.05-50-0 1 2378 1 1 149 149 0.2520 0.2520 409 409
442-1-1-0.05-50-0 1 2378 14 36 17 131 0.8451 0.8162 105 165
442-1-1-0.05-50-0 1 2378 1 10 148 448 0.2520 0.2533 409 449
442-1-1-0.05-50-0 1 2378 1 10 148 447 0.2520 0.2533 409 449
442-1-1-0.05-50-0 1 2378 1 1 148 148 0.2520 0.2520 409 409
442-1-1-0.05-50-0 1 2378 1 10 147 446 0.2520 0.2533 409 449
442-1-1-0.05-50-0 1 2378 1 1 147 147 0.2520 0.2520 409 409
442-1-1-0.05-50-0 1 2378 1 1 146 146 0.2520 0.2520 409 409
442-1-1-0.05-50-0 1 2379 1 8 147 246 0.2520 0.2506 409 303
442-1-1-0.05-50-0 1 2379 1 10 147 449 0.2520 0.2533 409 449
442-1-1-0.05-50-0 1 2379 1 10 147 448 0.2520 0.2533 409 449
442-1-1-0.05-50-0 1 2379 36 36 132 132 0.8162 0.8162 165 165
442-1-1-0.05-50-0 1 2379 20 46 88 1 0.9922 0.3451 102 327
442-1-1-0.05-50-0 1 2379 36 2 131 97 0.8162 0.8198 165 167
442-1-1-0.05-50-0 1 2379 14 2 19 96 0.8451 0.8198 105 167
442-1-1-0.05-50-0 1 2380 36 2 135 96 0.8162 0.8198 165 167
442-1-1-0.05-50-0 1 2380 1 1 153 153 0.2520 0.2520 409 409
442-1-1-0.05-50-0 1 2380 36 43 135 46 0.8162 0.8316 165 123
442-1-1-0.05-50-0 1 2380 1 8 152 250 0.2520 0.2506 409 303
442-1-1-0.05-50-0 1 2380 36 2 135 95 0.8162 0.8198 165 167
442-1-1-0.05-50-0 1 2380 10 27 449 1 0.2533 0.0776 449 149
442-1-1-0.05-50-0 1 2380 37 18 22 8 0.8481 0.2181 127 226
442-1-1-0.05-50-0 1 2381 1 10 148 446 0.2520 0.2533 409 449
442-1-1-0.05-50-0 1 2381 50 48 6 5 0.2147 0.1153 147 334
442-1-1-0.05-50-0 1 2381 1 10 148 445 0.2520 0.2533 409 449
442-1-1-0.05-50-0 1 2381 23 23 8 8 0.1698 0.1698 476 476
442-1-1-0.05-50-0 1 2382 36 37 139 24 0.8162 0.8481 165 127
442-1-1-0.05-50-0 1 2382 37 50 23 6 0.8481 0.2147 127 147
442-1-1-0.05-50-0 1 2382 36 36 139 139 0.8162 0.8162 165 165
442-1-1-0.05-50-0 1 2382 36 43 138 47 0.8162 0.8316 165 123
442-1-1-0.05-50-0 1 2382 1 10 153 446 0.2520 0.2533 409 449
442-1-1-0.05-50-0 1 2383 1 1 157 157 0.2520 0.2520 409 409
442-1-1-0.05-50-0 1 2383 1 8 156 257 0.2520 0.2506 409 303
442-1-1-0.05-50-0 1 2383 1 1 156 156 0.2520 0.2520 409 409
442-1-1-0.05-50-0 1 2383 1 1 155 155 0.2520 0.2520 409 409
442-1-1-0.05-50-0 1 2383 36 26 139 111 0.8162 0.8171 165 141
442-1-1-0.05-50-0 1 2383 1 50 154 5 0.2520 0.2147 409 147
442-1-1-0.05-50-0 1 2383 36 43 139 47 0.8162 0.8316 165 123
442-1-1-0.05-50-0 1 2383 36 36 139 139 0.8162 0.8162 165 165
442-1-1-0.05-50-0 1 2383 36 26 138 110 0.8162 0.8171 165 141
442-1-1-0.05-50-0 1 2384 36 43 140 46 0.8162 0.8316 165 123
442-1-1-0.05-50-0 1 2384 36 2 140 100 0.8162 0.8198 165 167
442-1-1-0.05-50-0 1 2384 36 36 140 140 0.8162 0.8162 165 165
442-1-1-0.05-50-0 1 2384 36 43 139 45 0.8162 0.8316 165 123
442-1-1-0.05-50-0 1 2384 1 18 150 6 0.2520 0.2181 409 226
442-1-1-0.05-50-0 1 2384 14 26 21 107 0.8451 0.8171 105 141
442-1-1-0.05-50-0 1 2385 1 10 149 448 0.2520 0.2533 409 449
442-1-1-0.05-50-0 1 2385 37 23 23 9 0.8481 0.1698 127 476
442-1-1-0.05-50-0 1 2385 2 29 97 1 0.8198 0.6728 167 177
442-1-1-0.05-50-0 1 2385 1 10 149 447 0.2520 0.2533 409 449
442-1-1-0.05-50-0 1 2385 14 20 22 85 0.8451 0.9922 105 102
442-1-1-0.05-50-0 1 2385 36 37 143 23 0.8162 0.8481 165 127
442-1-1-0.05-50-0 1 2386 36 36 143 143 0.8162 0.8162 165 165
442-1-1-0.05-50-0 1 2386 36 37 142 21 0.8162 0.8481 165 127
442-1-1-0.05-50-0 1 2386 36 14 142 22 0.8162 0.8451 165 105
442-1-1-0.05-50-0 1 2386 14 26 21 111 0.8451 0.8171 105 141
442-1-1-0.05-50-0 1 2386 1 1 152 152 0.2520 0.2520 409 409
442-1-1-0.05-50-0 1 2386 16 23 7 10 0.2228 0.1698 149 476
442-1-1-0.05-50-0 1 2387 1 10 152 445 0.2520 0.2533 409 449
442-1-1-0.05-50-0 1 2387 36 43 142 40 0.8162 0.8316 165 123
442-1-1-0.05-50-0 1 2387 37 23 20 9 0.8481 0.1698 127 476
442-1-1-0.05-50-0 1 2387 36 26 142 111 0.8162 0.8171 165 141
442-1-1-0.05-50-0 1 2387 1 10 152 444 0.2520 0.2533 409 449
442-1-1-0.05-50-0 1 2387 36 36 142 142 0.8162 0.8162 165 165
442-1-1-0.05-50-0 1 2387 1 10 152 443 0.2520 0.2533 409 449
442-1-1-0.05-50-0 1 2387 36 36 141 141 0.8162 0.8162 165 165
442-1-1-0.05-50-0 1 2387 14 13 19 134 0.8451 0.8878 105 151
442-1-1-0.05-50-0 1 2387 36 26 140 110 0.8162 0.8171 165 141
442-1-1-0.05-50-0 1 2388 20 44 84 1 0.9922 0.7034 102 118
442-1-1-0.05-50-0 1 2388 1 10 155 442 0.2520 0.2533 409 449
442-1-1-0.05-50-0 1 2388 36 2 141 100 0.8162 0.8198 165 167
442-1-1-0.05-50-0 1 2388 36 26 141 108 0.8162 0.8171 165 141
442-1-1-0.05-50-0 1 2388 36 37 141 20 0.8162 0.8481 165 127
442-1-1-0.05-50-0 1 2388 1 10 155 441 0.2520 0.2533 409 449
442-1-1-0.05-50-0 1 2388 1 10 155 440 0.2520 0.2533 409 449
442-1-1-0.05-50-0 1 2389 36 36 136 136 0.8162 0.8162 165 165
442-1-1-0.05-50-0 1 2389 36 37 135 19 0.8162 0.8481 165 127
442-1-1-0.05-50-0 1 2389 1 8 161 271 0.2520 0.2506 409 303
442-1-1-0.05-50-0 1 2389 36 26 135 106 0.8162 0.8171 165 141
442-1-1-0.05-50-0 1 2390 1 10 169 443 0.2520 0.2533 409 449
442-1-1-0.05-50-0 1 2390 36 36 132 132 0.8162 0.8162 165 165
442-1-1-0.05-50-0 1 2390 36 2 131 96 0.8162 0.8198 165 167
442-1-1-0.05-50-0 1 2390 1 10 169 442 0.2520 0.2533 409 449
442-1-1-0.05-50-0 1 2390 14 13 21 135 0.8451 0.8878 105 151
442-1-1-0.05-50-0 1 2390 1 8 169 274 0.2520 0.2506 409 303
442-1-1-0.05-50-0 1 2390 36 36 131 131 0.8162 0.8162 165 165
442-1-1-0.05-50-0 1 2390 1 8 169 273 0.2520 0.2506 409 303
442-1-1-0.05-50-0 1 2390 36 2 130 95 0.8162 0.8198 165 167
442-1-1-0.05-50-0 1 2391 1 10 170 449 0.2520 0.2533 409 449
442-1-1-0.05-50-0 1 2391 14 47 19 88 0.8451 0.9293 105 103
442-1-1-0.05-50-0 1 2391 36 26 131 100 0.8162 0.8171 165 141
442-1-1-0.05-50-0 1 2391 1 8 170 273 0.2520 0.2506 409 303
442-1-1-0.05-50-0 1 2391 36 19 131 10 0.8162 0.8072 165 134
442-1-1-0.05-50-0 1 2391 1 10 170 448 0.2520 0.2533 409 449
442-1-1-0.05-50-0 1 2391 36 14 131 19 0.8162 0.8451 165 105
442-1-1-0.05-50-0 1 2392 1 8 167 274 0.2520 0.2506 409 303
442-1-1-0.05-50-0 1 2392 36 34 131 1 0.8162 0.7448 165 168
442-1-1-0.05-50-0 1 2392 1 10 167 446 0.2520 0.2533 409 449
442-1-1-0.05-50-0 1 2392 1 8 167 273 0.2520 0.2506 409 303
442-1-1-0.05-50-0 1 2392 14 2 18 97 0.8451 0.8198 105 167
442-1-1-0.05-50-0 1 2393 37 23 19 12 0.8481 0.1698 127 476
442-1-1-0.05-50-0 1 2393 1 8 171 278 0.2520 0.2506 409 303
442-1-1-0.05-50-0 1 2393 1 8 171 277 0.2520 0.2506 409 303
442-1-1-0.05-50-0 1 2393 1 8 171 276 0.2520 0.2506 409 303
442-1-1-0.05-50-0 1 2394 1 10 168 449 0.2520 0.2533 409 449
442-1-1-0.05-50-0 1 2394 1 8 168 281 0.2520 0.2506 409 303
442-1-1-0.05-50-0 1 2394 1 10 168 448 0.2520 0.2533 409 449
442-1-1-0.05-50-0 1 2394 36 36 133 133 0.8162 0.8162 165 165
442-1-1-0.05-50-0 1 2394 36 36 132 132 0.8162 0.8162 165 165
442-1-1-0.05-50-0 1 2394 36 2 131 98 0.8162 0.8198 165 167
442-1-1-0.05-50-0 1 2394 36 43 131 42 0.8162 0.8316 165 123
442-1-1-0.05-50-0 1 2394 1 8 168 280 0.2520 0.2506 409 303
442-1-1-0.05-50-0 1 2394 1 8 168 279 0.2520 0.2506 409 303
442-1-1-0.05-50-0 1 2394 36 14 131 20 0.8162 0.8451 165 105
442-1-1-0.05-50-0 1 2395 36 37 131 17 0.8162 0.8481 165 127
442-1-1-0.05-50-0 1 2395 36 26 131 103 0.8162 0.8171 165 141
442-1-1-0.05-50-0 1 2395 36 36 131 131 0.8162 0.8162 165 165
442-1-1-0.05-50-0 1 2395 37 23 16 11 0.8481 0.1698 127 476
442-1-1-0.05-50-0 1 2395 1 10 174 449 0.2520 0.2533 409 449
442-1-1-0.05-50-0 1 2396 1 8 181 277 0.2520 0.2506 409 303
442-1-1-0.05-50-0 1 2396 1 1 181 181 0.2520 0.2520 409 409
442-1-1-0.05-50-0 1 2396 36 26 126 102 0.8162 0.8171 165 141
442-1-1-0.05-50-0 1 2396 42 10 2 449 0.7447 0.2533 106 449
442-1-1-0.05-50-0 1 2396 36 36 126 126 0.8162 0.8162 165 165
442-1-1-0.05-50-0 1 2396 1 8 180 276 0.2520 0.2506 409 303
442-1-1-0.05-50-0 1 2396 1 23 180 11 0.2520 0.1698 409 476
442-1-1-0.05-50-0 1 2396 36 36 125 125 0.8162 0.8162 165 165
442-1-1-0.05-50-0 1 2396 36 19 124 11 0.8162 0.8072 165 134
442-1-1-0.05-50-0 1 2396 1 8 180 275 0.2520 0.2506 409 303
442-1-1-0.05-50-0 1 2397 14 43 21 39 0.8451 0.8316 105 123
442-1-1-0.05-50-0 1 2397 36 26 119 99 0.8162 0.8171 165 141
442-1-1-0.05-50-0 1 2397 1 10 186 449 0.2520 0.2533 409 449
442-1-1-0.05-50-0 1 2397 1 10 186 448 0.2520 0.2533 409 449
442-1-1-0.05-50-0 1 2397 1 18 186 8 0.2520 0.2181 409 226
442-1-1-0.05-50-0 1 2397 25 11 108 1 0.9430 0.0504 125 384
442-1-1-0.05-50-0 1 2397 1 10 186 447 0.2520 0.2533 409 449
442-1-1-0.05-50-0 1 2398 1 10 187 447 0.2520 0.2533 409 449
442-1-1-0.05-50-0 1 2398 1 10 187 446 0.2520 0.2533 409 449
442-1-1-0.05-50-0 1 2398 36 26 117 100 0.8162 0.8171 165 141
442-1-1-0.05-50-0 1 2398 37 18 15 7 0.8481 0.2181 127 226
442-1-1-0.05-50-0 1 2398 1 8 187 282 0.2520 0.2506 409 303
442-1-1-0.05-50-0 1 2399 1 10 182 449 0.2520 0.2533 409 449
442-1-1-0.05-50-0 1 2399 36 26 116 99 0.8162 0.8171 165 141
442-1-1-0.05-50-0 1 2399 41 11 103 1 0.9621 0.0504 105 384
442-1-1-0.05-50-0 1 2399 1 8 182 288 0.2520 0.2506 409 303
442-1-1-0.05-50-0 1 2399 36 26 116 98 0.8162 0.8171 165 141
442-1-1-0.05-50-0 1 2400 36 36 118 118 0.8162 0.8162 165 165
442-1-1-0.05-50-0 1 2400 1 8 189 301 0.2520 0.2506 409 303
442-1-1-0.05-50-0 1 2400 1 10 189 449 0.2520 0.2533 409 449
442-1-1-0.05-50-0 1 2400 1 10 189 448 0.2520 0.2533 409 449
442-1-1-0.05-50-0 1 2400 1 10 189 447 0.2520 0.2533 409 449
442-1-1-0.05-50-0 1 2400 1 10 189 446 0.2520 0.2533 409 449
442-1-1-0.05-50-0 1 2400 1 10 189 445 0.2520 0.2533 409 449
442-1-1-0.05-50-0 1 2400 1 8 189 300 0.2520 0.2506 409 303
442-1-1-0.05-50-0 1 2400 36 2 117 98 0.8162 0.8198 165 167
442-1-1-0.05-50-0 1 2401 1 8 191 303 0.2520 0.2506 409 303
442-1-1-0.05-50-0 1 2401 36 37 112 14 0.8162 0.8481 165 127
442-1-1-0.05-50-0 1 2401 36 26 112 101 0.8162 0.8171 165 141
442-1-1-0.05-50-0 1 2401 36 2 112 97 0.8162 0.8198 165 167
442-1-1-0.05-50-0 1 2401 16 23 10 11 0.2228 0.1698 149 476
442-1-1-0.05-50-0 1 2401 1 10 191 448 0.2520 0.2533 409 449
442-1-1-0.05-50-0 1 2401 36 36 112 112 0.8162 0.8162 165 165
442-1-1-0.05-50-0 1 2402 1 8 193 303 0.2520 0.2506 409 303
442-1-1-0.05-50-0 1 2402 14 13 26 141 0.8451 0.8878 105 151
442-1-1-0.05-50-0 1 2402 23 23 10 10 0.1698 0.1698 476 476
442-1-1-0.05-50-0 1 2402 1 10 193 449 0.2520 0.2533 409 449
442-1-1-0.05-50-0 1 2402 36 43 111 39 0.8162 0.8316 165 123
442-1-1-0.05-50-0 1 2402 36 2 111 96 0.8162 0.8198 165 167
442-1-1-0.05-50-0 1 2403 1 8 192 303 0.2520 0.2506 409 303
442-1-1-0.05-50-0 1 2403 36 36 110 110 0.8162 0.8162 165 165
442-1-1-0.05-50-0 1 2403 1 8 192 302 0.2520 0.2506 409 303
442-1-1-0.05-50-0 1 2403 1 1 192 192 0.2520 0.2520 409 409
442-1-1-0.05-50-0 1 2404 36 19 109 10 0.8162 0.8072 165 134
442-1-1-0.05-50-0 1 2404 1 8 188 302 0.2520 0.2506 409 303
442-1-1-0.05-50-0 1 2404 25 35 110 1 0.9430 0.0354 125 158
442-1-1-0.05-50-0 1 2404 1 8 188 301 0.2520 0.2506 409 303
442-1-1-0.05-50-0 1 2404 1 10 188 449 0.2520 0.2533 409 449
442-1-1-0.05-50-0 1 2405 36 26 108 94 0.8162 0.8171 165 141
442-1-1-0.05-50-0 1 2405 1 10 190 449 0.2520 0.2533 409 449
442-1-1-0.05-50-0 1 2405 36 26 108 93 0.8162 0.8171 165 141
442-1-1-0.05-50-0 1 2405 37 23 12 8 0.8481 0.1698 127 476
442-1-1-0.05-50-0 1 2406 14 25 28 116 0.8451 0.9430 105 125
442-1-1-0.05-50-0 1 2406 1 16 190 9 0.2520 0.2228 409 149
442-1-1-0.05-50-0 1 2406 1 8 190 300 0.2520 0.2506 409 303
442-1-1-0.05-50-0 1 2406 1 10 190 449 0.2520 0.2533 409 449
442-1-1-0.05-50-0 1 2406 1 10 190 448 0.2520 0.2533 409 449
442-1-1-0.05-50-0 1 2406 1 10 190 447 0.2520 0.2533 409 449
442-1-1-0.05-50-0 1 2406 14 26 28 91 0.8451 0.8171 105 141
442-1-1-0.05-50-0 1 2406 36 2 111 93 0.8162 0.8198 165 167
442-1-1-0.05-50-0 1 2406 36 26 111 90 0.8162 0.8171 165 141
442-1-1-0.05-50-0 1 2407 1 8 195 302 0.2520 0.2506 409 303
442-1-1-0.05-50-0 1 2407 1 8 195 301 0.2520 0.2506 409 303
442-1-1-0.05-50-0 1 2407 1 8 195 300 0.2520 0.2506 409 303
442-1-1-0.05-50-0 1 2407 36 26 110 88 0.8162 0.8171 165 141
442-1-1-0.05-50-0 1 2407 36 36 110 110 0.8162 0.8162 165 165
442-1-1-0.05-50-0 1 2407 37 23 12 5 0.8481 0.1698 127 476
442-1-1-0.05-50-0 1 2407 36 14 109 30 0.8162 0.8451 165 105
442-1-1-0.05-50-0 1 2407 1 1 195 195 0.2520 0.2520 409 409
442-1-1-0.05-50-0 1 2407 42 8 2 299 0.7447 0.2506 106 303
442-1-1-0.05-50-0 1 2408 23 23 5 5 0.1698 0.1698 476 476
442-1-1-0.05-50-0 1 2408 36 36 108 108 0.8162 0.8162 165 165
442-1-1-0.05-50-0 1 2408 36 2 107 89 0.8162 0.8198 165 167
442-1-1-0.05-50-0 1 2408 1 10 199 449 0.2520 0.2533 409 449
442-1-1-0.05-50-0 1 2408 14 13 30 151 0.8451 0.8878 105 151
442-1-1-0.05-50-0 1 2408 1 10 199 448 0.2520 0.2533 409 449
442-1-1-0.05-50-0 1 2408 36 36 107 107 0.8162 0.8162 165 165
442-1-1-0.05-50-0 1 2408 42 8 2 293 0.7447 0.2506 106 303
442-1-1-0.05-50-0 1 2408 1 8 199 292 0.2520 0.2506 409 303
442-1-1-0.05-50-0 1 2408 1 10 199 447 0.2520 0.2533 409 449
442-1-1-0.05-50-0 1 2409 36 43 107 35 0.8162 0.8316 165 123
442-1-1-0.05-50-0 1 2409 1 23 202 4 0.2520 0.1698 409 476
442-1-1-0.05-50-0 1 2409 36 2 107 90 0.8162 0.8198 165 167
442-1-1-0.05-50-0 1 2409 1 10 202 443 0.2520 0.2533 409 449
442-1-1-0.05-50-0 1 2409 20 44 101 1 0.9922 0.7034 102 118
442-1-1-0.05-50-0 1 2409 36 2 107 89 0.8162 0.8198 165 167
442-1-1-0.05-50-0 1 2409 36 36 107 107 0.8162 0.8162 165 165
442-1-1-0.05-50-0 1 2409 1 10 202 442 0.2520 0.2533 409 449
442-1-1-0.05-50-0 1 2409 2 32 88 1 0.8198 0.6514 167 215
442-1-1-0.05-50-0 1 2409 1 10 202 441 0.2520 0.2533 409 449
442-1-1-0.05-50-0 1 2409 1 1 202 202 0.2520 0.2520 409 409
442-1-1-0.05-50-0 1 2410 1 8 207 295 0.2520 0.2506 409 303
442-1-1-0.05-50-0 1 2410 1 10 207 445 0.2520 0.2533 409 449
442-1-1-0.05-50-0 1 2410 1 8 207 294 0.2520 0.2506 409 303
442-1-1-0.05-50-0 1 2411 1 10 207 449 0.2520 0.2533 409 449
442-1-1-0.05-50-0 1 2411 36 2 103 94 0.8162 0.8198 165 167
442-1-1-0.05-50-0 1 2411 1 8 207 300 0.2520 0.2506 409 303
442-1-1-0.05-50-0 1 2411 1 10 207 448 0.2520 0.2533 409 449
442-1-1-0.05-50-0 1 2411 1 1 207 207 0.2520 0.2520 409 409
442-1-1-0.05-50-0 1 2412 36 26 103 89 0.8162 0.8171 165 141
442-1-1-0.05-50-0 1 2412 36 2 103 94 0.8162 0.8198 165 167
442-1-1-0.05-50-0 1 2412 1 1 211 211 0.2520 0.2520 409 409
442-1-1-0.05-50-0 1 2412 36 14 103 35 0.8162 0.8451 165 105
442-1-1-0.05-50-0 1 2412 1 8 210 303 0.2520 0.2506 409 303
442-1-1-0.05-50-0 1 2412 1 8 210 302 0.2520 0.2506 409 303
442-1-1-0.05-50-0 1 2413 1 1 208 208 0.2520 0.2520 409 409
442-1-1-0.05-50-0 1 2413 1 8 207 303 0.2520 0.2506 409 303
442-1-1-0.05-50-0 1 2413 1 10 207 449 0.2520 0.2533 409 449
442-1-1-0.05-50-0 1 2413 1 16 207 9 0.2520 0.2228 409 149
442-1-1-0.05-50-0 1 2413 1 8 207 302 0.2520 0.2506 409 303
442-1-1-0.05-50-0 1 2413 1 1 207 207 0.2520 0.2520 409 409
442-1-1-0.05-50-0 1 2413 1 8 206 301 0.2520 0.2506 409 303
442-1-1-0.05-50-0 1 2414 37 16 11 9 0.8481 0.2228 127 149
442-1-1-0.05-50-0 1 2414 1 8 203 300 0.2520 0.2506 409 303
442-1-1-0.05-50-0 1 2414 36 2 102 94 0.8162 0.8198 165 167
442-1-1-0.05-50-0 1 2414 36 14 102 32 0.8162 0.8451 165 105
442-1-1-0.05-50-0 1 2414 36 2 102 93 0.8162 0.8198 165 167
442-1-1-0.05-50-0 1 2415 14 26 32 94 0.8451 0.8171 105 141
442-1-1-0.05-50-0 1 2415 36 26 104 93 0.8162 0.8171 165 141
442-1-1-0.05-50-0 1 2415 36 36 104 104 0.8162 0.8162 165 165
442-1-1-0.05-50-0 1 2415 19 19 7 7 0.8072 0.8072 134 134
442-1-1-0.05-50-0 1 2415 1 1 205 205 0.2520 0.2520 409 409
442-1-1-0.05-50-0 1 2415 36 19 103 6 0.8162 0.8072 165 134
442-1-1-0.05-50-0 1 2416 14 20 32 95 0.8451 0.9922 105 102
442-1-1-0.05-50-0 1 2416 36 2 102 94 0.8162 0.8198 165 167
442-1-1-0.05-50-0 1 2416 1 18 209 6 0.2520 0.2181 409 226
442-1-1-0.05-50-0 1 2416 36 26 102 92 0.8162 0.8171 165 141
442-1-1-0.05-50-0 1 2416 2 44 93 1 0.8198 0.7034 167 118
442-1-1-0.05-50-0 1 2416 1 10 209 442 0.2520 0.2533 409 449
442-1-1-0.05-50-0 1 2416 14 13 32 143 0.8451 0.8878 105 151
442-1-1-0.05-50-0 1 2416 37 50 9 7 0.8481 0.2147 127 147
442-1-1-0.05-50-0 1 2416 20 45 94 1 0.9922 0.3816 102 173
442-1-1-0.05-50-0 1 2417 1 10 209 441 0.2520 0.2533 409 449
442-1-1-0.05-50-0 1 2417 1 50 209 6 0.2520 0.2147 409 147
442-1-1-0.05-50-0 1 2417 36 2 106 90 0.8162 0.8198 165 167
442-1-1-0.05-50-0 1 2417 1 10 209 440 0.2520 0.2533 409 449
442-1-1-0.05-50-0 1 2417 1 1 209 209 0.2520 0.2520 409 409
442-1-1-0.05-50-0 1 2417 1 10 208 439 0.2520 0.2533 409 449
442-1-1-0.05-50-0 1 2417 1 10 208 438 0.2520 0.2533 409 449
442-1-1-0.05-50-0 1 2417 1 10 208 437 0.2520 0.2533 409 449
442-1-1-0.05-50-0 1 2417 36 2 106 89 0.8162 0.8198 165 167
442-1-1-0.05-50-0 1 2418 1 8 215 299 0.2520 0.2506 409 303
442-1-1-0.05-50-0 1 2418 36 43 109 43 0.8162 0.8316 165 123
442-1-1-0.05-50-0 1 2418 1 10 215 431 0.2520 0.2533 409 449
442-1-1-0.05-50-0 1 2418 36 26 109 87 0.8162 0.8171 165 141
442-1-1-0.05-50-0 1 2418 36 26 109 86 0.8162 0.8171 165 141
442-1-1-0.05-50-0 1 2418 1 8 215 298 0.2520 0.2506 409 303
442-1-1-0.05-50-0 1 2418 1 10 215 430 0.2520 0.2533 409 449
442-1-1-0.05-50-0 1 2418 36 43 109 42 0.8162 0.8316 165 123
442-1-1-0.05-50-0 1 2419 1 10 214 432 0.2520 0.2533 409 449
442-1-1-0.05-50-0 1 2419 1 1 214 214 0.2520 0.2520 409 409
442-1-1-0.05-50-0 1 2419 1 1 213 213 0.2520 0.2520 409 409
442-1-1-0.05-50-0 1 2419 36 14 109 39 0.8162 0.8451 165 105
442-1-1-0.05-50-0 1 2419 36 43 109 40 0.8162 0.8316 165 123
442-1-1-0.05-50-0 1 2419 1 1 212 212 0.2520 0.2520 409 409
442-1-1-0.05-50-0 1 2419 1 8 211 303 0.2520 0.2506 409 303
442-1-1-0.05-50-0 1 2419 1 1 211 211 0.2520 0.2520 409 409
442-1-1-0.05-50-0 1 2420 1 8 209 303 0.2520 0.2506 409 303
442-1-1-0.05-50-0 1 2420 1 8 209 302 0.2520 0.2506 409 303
442-1-1-0.05-50-0 1 2420 1 8 209 301 0.2520 0.2506 409 303
442-1-1-0.05-50-0 1 2421 1 8 210 303 0.2520 0.2506 409 303
442-1-1-0.05-50-0 1 2421 14 26 40 88 0.8451 0.8171 105 141
442-1-1-0.05-50-0 1 2421 42 10 1 444 0.7447 0.2533 106 449
442-1-1-0.05-50-0 1 2421 1 10 210 443 0.2520 0.2533 409 449
442-1-1-0.05-50-0 1 2421 1 8 210 302 0.2520 0.2506 409 303
442-1-1-0.05-50-0 1 2421 1 10 210 442 0.2520 0.2533 409 449
442-1-1-0.05-50-0 1 2421 1 1 210 210 0.2520 0.2520 409 409
442-1-1-0.05-50-0 1 2421 1 1 209 209 0.2520 0.2520 409 409
442-1-1-0.05-50-0 1 2421 1 10 208 441 0.2520 0.2533 409 449
442-1-1-0.05-50-0 1 2421 1 8 208 301 0.2520 0.2506 409 303
442-1-1-0.05-50-0 1 2421 1 10 208 440 0.2520 0.2533 409 449
442-1-1-0.05-50-0 1 2422 1 1 209 209 0.2520 0.2520 409 409
442-1-1-0.05-50-0 1 2422 36 26 108 92 0.8162 0.8171 165 141
442-1-1-0.05-50-0 1 2422 1 10 208 449 0.2520 0.2533 409 449
442-1-1-0.05-50-0 1 2422 36 26 108 91 0.8162 0.8171 165 141
442-1-1-0.05-50-0 1 2423 36 36 104 104 0.8162 0.8162 165 165
442-1-1-0.05-50-0 1 2423 36 19 103 4 0.8162 0.8072 165 134
442-1-1-0.05-50-0 1 2423 1 8 206 303 0.2520 0.2506 409 303
442-1-1-0.05-50-0 1 2423 1 10 206 449 0.2520 0.2533 409 449
442-1-1-0.05-50-0 1 2423 1 1 206 206 0.2520 0.2520 409 409
442-1-1-0.05-50-0 1 2423 1 8 205 302 0.2520 0.2506 409 303
442-1-1-0.05-50-0 1 2423 14 26 41 90 0.8451 0.8171 105 141
442-1-1-0.05-50-0 1 2423 1 1 205 205 0.2520 0.2520 409 409
442-1-1-0.05-50-0 1 2424 14 20 40 100 0.8451 0.9922 105 102
442-1-1-0.05-50-0 1 2424 1 10 202 447 0.2520 0.2533 409 449
442-1-1-0.05-50-0 1 2424 36 26 104 91 0.8162 0.8171 165 141
442-1-1-0.05-50-0 1 2424 1 10 202 446 0.2520 0.2533 409 449
442-1-1-0.05-50-0 1 2424 1 8 202 303 0.2520 0.2506 409 303
442-1-1-0.05-50-0 1 2424 36 26 104 90 0.8162 0.8171 165 141
442-1-1-0.05-50-0 1 2424 1 8 202 302 0.2520 0.2506 409 303
442-1-1-0.05-50-0 1 2424 26 45 89 1 0.8171 0.3816 141 173
442-1-1-0.05-50-0 1 2425 1 8 207 297 0.2520 0.2506 409 303
442-1-1-0.05-50-0 1 2425 36 36 102 102 0.8162 0.8162 165 165
442-1-1-0.05-50-0 1 2425 43 49 33 2 0.8316 0.1842 123 136
442-1-1-0.05-50-0 1 2425 1 10 207 438 0.2520 0.2533 409 449
442-1-1-0.05-50-0 1 2425 43 12 33 1 0.8316 0.1896 123 325
442-1-1-0.05-50-0 1 2425 36 2 101 92 0.8162 0.8198 165 167
442-1-1-0.05-50-0 1 2426 1 10 212 442 0.2520 0.2533 409 449
442-1-1-0.05-50-0 1 2426 1 10 212 441 0.2520 0.2533 409 449
442-1-1-0.05-50-0 1 2426 1 1 212 212 0.2520 0.2520 409 409
442-1-1-0.05-50-0 1 2426 14 20 39 96 0.8451 0.9922 105 102
442-1-1-0.05-50-0 1 2426 1 8 211 285 0.2520 0.2506 409 303
442-1-1-0.05-50-0 1 2427 36 36 109 109 0.8162 0.8162 165 165
442-1-1-0.05-50-0 1 2427 1 10 215 442 0.2520 0.2533 409 449
442-1-1-0.05-50-0 1 2427 1 16 215 4 0.2520 0.2228 409 149
442-1-1-0.05-50-0 1 2427 1 10 215 441 0.2520 0.2533 409 449
442-1-1-0.05-50-0 1 2427 37 16 14 3 0.8481 0.2228 127 149
442-1-1-0.05-50-0 1 2427 36 2 108 93 0.8162 0.8198 165 167
442-1-1-0.05-50-0 1 2427 1 10 215 440 0.2520 0.2533 409 449
442-1-1-0.05-50-0 1 2427 14 47 39 93 0.8451 0.9293 105 103
442-1-1-0.05-50-0 1 2427 1 1 215 215 0.2520 0.2520 409 409
442-1-1-0.05-50-0 1 2427 1 10 214 439 0.2520 0.2533 409 449
442-1-1-0.05-50-0 1 2428 36 36 108 108 0.8162 0.8162 165 165
442-1-1-0.05-50-0 1 2428 37 50 14 9 0.8481 0.2147 127 147
442-1-1-0.05-50-0 1 2428 1 1 218 218 0.2520 0.2520 409 409
442-1-1-0.05-50-0 1 2428 1 1 217 217 0.2520 0.2520 409 409
442-1-1-0.05-50-0 1 2428 1 1 216 216 0.2520 0.2520 409 409
442-1-1-0.05-50-0 1 2428 1 10 215 438 0.2520 0.2533 409 449
442-1-1-0.05-50-0 1 2428 1 10 215 437 0.2520 0.2533 409 449
442-1-1-0.05-50-0 1 2428 1 8 215 281 0.2520 0.2506 409 303
442-1-1-0.05-50-0 1 2428 36 36 107 107 0.8162 0.8162 165 165
442-1-1-0.05-50-0 1 2428 1 10 215 436 0.2520 0.2533 409 449
442-1-1-0.05-50-0 1 2428 14 47 39 94 0.8451 0.9293 105 103
442-1-1-0.05-50-0 1 2429 1 8 213 290 0.2520 0.2506 409 303
442-1-1-0.05-50-0 1 2429 1 1 213 213 0.2520 0.2520 409 409
442-1-1-0.05-50-0 1 2429 1 10 212 445 0.2520 0.2533 409 449
442-1-1-0.05-50-0 1 2429 1 10 212 444 0.2520 0.2533 409 449
442-1-1-0.05-50-0 1 2429 36 26 106 89 0.8162 0.8171 165 141
442-1-1-0.05-50-0 1 2429 1 8 212 289 0.2520 0.2506 409 303
442-1-1-0.05-50-0 1 2429 1 8 212 288 0.2520 0.2506 409 303
442-1-1-0.05-50-0 1 2430 36 43 104 33 0.8162 0.8316 165 123
442-1-1-0.05-50-0 1 2430 36 36 104 104 0.8162 0.8162 165 165
442-1-1-0.05-50-0 1 2430 36 2 103 89 0.8162 0.8198 165 167
442-1-1-0.05-50-0 1 2430 10 27 445 1 0.2533 0.0776 449 149
442-1-1-0.05-50-0 1 2430 36 26 103 90 0.8162 0.8171 165 141
442-1-1-0.05-50-0 1 2430 14 14 39 39 0.8451 0.8451 105 105
442-1-1-0.05-50-0 1 2430 36 26 103 89 0.8162 0.8171 165 141
442-1-1-0.05-50-0 1 2430 1 10 218 445 0.2520 0.2533 409 449
442-1-1-0.05-50-0 1 2430 1 10 218 444 0.2520 0.2533 409 449
442-1-1-0.05-50-0 1 2430 1 1 218 218 0.2520 0.2520 409 409
442-1-1-0.05-50-0 1 2430 1 1 217 217 0.2520 0.2520 409 409
442-1-1-0.05-50-0 1 2430 14 26 38 88 0.8451 0.8171 105 141
442-1-1-0.05-50-0 1 2431 1 1 218 218 0.2520 0.2520 409 409
442-1-1-0.05-50-0 1 2431 14 41 37 105 0.8451 0.9621 105 105
442-1-1-0.05-50-0 1 2431 36 43 102 32 0.8162 0.8316 165 123
442-1-1-0.05-50-0 1 2431 1 10 217 447 0.2520 0.2533 409 449
442-1-1-0.05-50-0 1 2431 1 10 217 446 0.2520 0.2533 409 449
442-1-1-0.05-50-0 1 2431 1 10 217 445 0.2520 0.2533 409 449
442-1-1-0.05-50-0 1 2431 1 10 217 444 0.2520 0.2533 409 449
442-1-1-0.05-50-0 1 2431 1 8 217 297 0.2520 0.2506 409 303
442-1-1-0.05-50-0 1 2431 36 2 102 84 0.8162 0.8198 165 167
442-1-1-0.05-50-0 1 2431 1 8 217 296 0.2520 0.2506 409 303
442-1-1-0.05-50-0 1 2432 36 2 99 83 0.8162 0.8198 165 167
442-1-1-0.05-50-0 1 2432 1 10 226 449 0.2520 0.2533 409 449
442-1-1-0.05-50-0 1 2432 14 25 36 116 0.8451 0.9430 105 125
442-1-1-0.05-50-0 1 2432 41 22 102 1 0.9621 0.0160 105 311
442-1-1-0.05-50-0 1 2432 1 10 226 448 0.2520 0.2533 409 449
442-1-1-0.05-50-0 1 2432 1 8 226 302 0.2520 0.2506 409 303
442-1-1-0.05-50-0 1 2432 1 10 226 447 0.2520 0.2533 409 449
442-1-1-0.05-50-0 1 2432 1 8 226 301 0.2520 0.2506 409 303
442-1-1-0.05-50-0 1 2432 1 10 226 446 0.2520 0.2533 409 449
442-1-1-0.05-50-0 1 2432 37 18 17 9 0.8481 0.2181 127 226
442-1-1-0.05-50-0 1 2433 1 10 224 445 0.2520 0.2533 409 449
442-1-1-0.05-50-0 1 2433 36 2 97 83 0.8162 0.8198 165 167
442-1-1-0.05-50-0 1 2433 1 8 224 300 0.2520 0.2506 409 303
442-1-1-0.05-50-0 1 2433 1 8 224 299 0.2520 0.2506 409 303
442-1-1-0.05-50-0 1 2433 36 26 97 94 0.8162 0.8171 165 141
442-1-1-0.05-50-0 1 2433 1 10 224 444 0.2520 0.2533 409 449
442-1-1-0.05-50-0 1 2433 1 10 224 443 0.2520 0.2533 409 449
442-1-1-0.05-50-0 1 2433 1 10 224 442 0.2520 0.2533 409 449
442-1-1-0.05-50-0 1 2433 2 9 82 1 0.8198 0.6134 167 161
442-1-1-0.05-50-0 1 2433 1 8 224 298 0.2520 0.2506 409 303
442-1-1-0.05-50-0 1 2433 1 10 224 441 0.2520 0.2533 409 449
442-1-1-0.05-50-0 1 2434 36 26 99 98 0.8162 0.8171 165 141
442-1-1-0.05-50-0 1 2434 37 18 17 11 0.8481 0.2181 127 226
442-1-1-0.05-50-0 1 2434 14 13 35 146 0.8451 0.8878 105 151
442-1-1-0.05-50-0 1 2434 1 8 224 297 0.2520 0.2506 409 303
442-1-1-0.05-50-0 1 2434 1 10 224 447 0.2520 0.2533 409 449
442-1-1-0.05-50-0 1 2434 1 8 224 296 0.2520 0.2506 409 303
442-1-1-0.05-50-0 1 2435 1 10 226 446 0.2520 0.2533 409 449
442-1-1-0.05-50-0 1 2435 1 8 226 297 0.2520 0.2506 409 303
442-1-1-0.05-50-0 1 2435 1 10 226 445 0.2520 0.2533 409 449
442-1-1-0.05-50-0 1 2435 36 26 97 98 0.8162 0.8171 165 141
442-1-1-0.05-50-0 1 2435 1 10 226 444 0.2520 0.2533 409 449
442-1-1-0.05-50-0 1 2435 14 14 36 36 0.8451 0.8451 105 105
442-1-1-0.05-50-0 1 2435 36 43 97 31 0.8162 0.8316 165 123
442-1-1-0.05-50-0 1 2436 36 36 97 97 0.8162 0.8162 165 165
442-1-1-0.05-50-0 1 2436 1 10 223 448 0.2520 0.2533 409 449
442-1-1-0.05-50-0 1 2436 20 28 101 2 0.9922 0.3846 102 311
442-1-1-0.05-50-0 1 2436 1 10 223 447 0.2520 0.2533 409 449
442-1-1-0.05-50-0 1 2436 1 10 223 446 0.2520 0.2533 409 449
442-1-1-0.05-50-0 1 2436 1 8 223 300 0.2520 0.2506 409 303
442-1-1-0.05-50-0 1 2436 14 37 36 18 0.8451 0.8481 105 127
442-1-1-0.05-50-0 1 2436 14 20 36 101 0.8451 0.9922 105 102
442-1-1-0.05-50-0 1 2437 36 26 99 100 0.8162 0.8171 165 141
442-1-1-0.05-50-0 1 2437 20 32 97 1 0.9922 0.6514 102 215
442-1-1-0.05-50-0 1 2437 1 1 223 223 0.2520 0.2520 409 409
442-1-1-0.05-50-0 1 2437 36 2 99 89 0.8162 0.8198 165 167
442-1-1-0.05-50-0 1 2437 1 8 222 303 0.2520 0.2506 409 303
442-1-1-0.05-50-0 1 2437 36 2 99 88 0.8162 0.8198 165 167
442-1-1-0.05-50-0 1 2437 1 10 222 449 0.2520 0.2533 409 449
442-1-1-0.05-50-0 1 2437 1 10 222 448 0.2520 0.2533 409 449
442-1-1-0.05-50-0 1 2437 1 10 222 447 0.2520 0.2533 409 449
442-1-1-0.05-50-0 1 2437 1 8 222 302 0.2520 0.2506 409 303
442-1-1-0.05-50-0 1 2437 1 8 222 301 0.2520 0.2506 409 303
442-1-1-0.05-50-0 1 2438 1 8 225 301 0.2520 0.2506 409 303
442-1-1-0.05-50-0 1 2438 1 10 225 449 0.2520 0.2533 409 449
442-1-1-0.05-50-0 1 2438 37 50 18 9 0.8481 0.2147 127 147
442-1-1-0.05-50-0 1 2438 37 18 18 10 0.8481 0.2181 127 226
442-1-1-0.05-50-0 1 2438 1 18 225 9 0.2520 0.2181 409 226
442-1-1-0.05-50-0 1 2438 36 36 99 99 0.8162 0.8162 165 165
442-1-1-0.05-50-0 1 2438 1 8 225 300 0.2520 0.2506 409 303
442-1-1-0.05-50-0 1 2438 1 10 225 448 0.2520 0.2533 409 449
442-1-1-0.05-50-0 1 2438 1 10 225 447 0.2520 0.2533 409 449
442-1-1-0.05-50-0 1 2438 1 10 225 446 0.2520 0.2533 409 449
442-1-1-0.05-50-0 1 2438 1 1 225 225 0.2520 0.2520 409 409
442-1-1-0.05-50-0 1 2439 1 10 226 443 0.2520 0.2533 409 449
442-1-1-0.05-50-0 1 2439 14 25 38 106 0.8451 0.9430 105 125
442-1-1-0.05-50-0 1 2439 37 50 17 8 0.8481 0.2147 127 147
442-1-1-0.05-50-0 1 2439 15 8 1 302 0.7918 0.2506 149 303
442-1-1-0.05-50-0 1 2439 14 47 38 93 0.8451 0.9293 105 103
442-1-1-0.05-50-0 1 2439 36 2 98 86 0.8162 0.8198 165 167
442-1-1-0.05-50-0 1 2439 1 10 226 442 0.2520 0.2533 409 449
442-1-1-0.05-50-0 1 2439 1 10 226 441 0.2520 0.2533 409 449
442-1-1-0.05-50-0 1 2439 1 10 226 440 0.2520 0.2533 409 449
442-1-1-0.05-50-0 1 2439 1 50 226 7 0.2520 0.2147 409 147
442-1-1-0.05-50-0 1 2439 1 1 226 226 0.2520 0.2520 409 409
442-1-1-0.05-50-0 1 2439 36 2 98 85 0.8162 0.8198 165 167
442-1-1-0.05-50-0 1 2440 1 1 232 232 0.2520 0.2520 409 409
442-1-1-0.05-50-0 1 2440 1 10 231 449 0.2520 0.2533 409 449
442-1-1-0.05-50-0 1 2440 1 8 231 303 0.2520 0.2506 409 303
442-1-1-0.05-50-0 1 2440 1 10 231 448 0.2520 0.2533 409 449
442-1-1-0.05-50-0 1 2440 1 10 231 447 0.2520 0.2533 409 449
442-1-1-0.05-50-0 1 2440 1 10 231 446 0.2520 0.2533 409 449
442-1-1-0.05-50-0 1 2440 36 43 100 30 0.8162 0.8316 165 123
442-1-1-0.05-50-0 1 2440 14 20 38 95 0.8451 0.9922 105 102
442-1-1-0.05-50-0 1 2440 1 10 231 445 0.2520 0.2533 409 449
442-1-1-0.05-50-0 1 2441 1 10 233 449 0.2520 0.2533 409 449
442-1-1-0.05-50-0 1 2441 36 2 102 83 0.8162 0.8198 165 167
442-1-1-0.05-50-0 1 2441 1 8 233 303 0.2520 0.2506 409 303
442-1-1-0.05-50-0 1 2441 1 10 233 448 0.2520 0.2533 409 449
442-1-1-0.05-50-0 1 2441 14 36 37 102 0.8451 0.8162 105 165
442-1-1-0.05-50-0 1 2441 36 14 101 37 0.8162 0.8451 165 105
442-1-1-0.05-50-0 1 2441 14 40 36 16 0.8451 0.9739 105 104
442-1-1-0.05-50-0 1 2441 15 8 2 302 0.7918 0.2506 149 303
442-1-1-0.05-50-0 1 2442 1 1 235 235 0.2520 0.2520 409 409
442-1-1-0.05-50-0 1 2442 1 8 234 303 0.2520 0.2506 409 303
442-1-1-0.05-50-0 1 2442 1 10 234 449 0.2520 0.2533 409 449
442-1-1-0.05-50-0 1 2442 1 8 234 302 0.2520 0.2506 409 303
442-1-1-0.05-50-0 1 2442 14 43 33 30 0.8451 0.8316 105 123
442-1-1-0.05-50-0 1 2442 1 10 234 448 0.2520 0.2533 409 449
442-1-1-0.05-50-0 1 2442 1 8 234 301 0.2520 0.2506 409 303
442-1-1-0.05-50-0 1 2443 36 2 101 82 0.8162 0.8198 165 167
442-1-1-0.05-50-0 1 2443 1 10 235 448 0.2520 0.2533 409 449
442-1-1-0.05-50-0 1 2443 14 14 35 35 0.8451 0.8451 105 105
442-1-1-0.05-50-0 1 2443 1 10 235 447 0.2520 0.2533 409 449
442-1-1-0.05-50-0 1 2443 36 2 101 81 0.8162 0.8198 165 167
442-1-1-0.05-50-0 1 2443 1 10 235 446 0.2520 0.2533 409 449
442-1-1-0.05-50-0 1 2443 1 8 235 303 0.2520 0.2506 409 303
442-1-1-0.05-50-0 1 2444 36 43 98 29 0.8162 0.8316 165 123
442-1-1-0.05-50-0 1 2444 1 10 239 444 0.2520 0.2533 409 449
442-1-1-0.05-50-0 1 2444 1 1 239 239 0.2520 0.2520 409 409
442-1-1-0.05-50-0 1 2444 1 8 238 303 0.2520 0.2506 409 303
442-1-1-0.05-50-0 1 2444 1 1 238 238 0.2520 0.2520 409 409
442-1-1-0.05-50-0 1 2444 1 8 237 302 0.2520 0.2506 409 303
442-1-1-0.05-50-0 1 2444 26 28 104 1 0.8171 0.3846 141 311
442-1-1-0.05-50-0 1 2444 1 10 237 443 0.2520 0.2533 409 449
442-1-1-0.05-50-0 1 2444 1 1 237 237 0.2520 0.2520 409 409
442-1-1-0.05-50-0 1 2445 1 1 235 235 0.2520 0.2520 409 409
442-1-1-0.05-50-0 1 2445 1 8 234 301 0.2520 0.2506 409 303
442-1-1-0.05-50-0 1 2445 14 7 31 67 0.8451 0.9267 105 106
442-1-1-0.05-50-0 1 2445 14 7 31 66 0.8451 0.9267 105 106
442-1-1-0.05-50-0 1 2445 36 36 98 98 0.8162 0.8162 165 165
442-1-1-0.05-50-0 1 2446 1 1 234 234 0.2520 0.2520 409 409
442-1-1-0.05-50-0 1 2446 14 7 32 70 0.8451 0.9267 105 106
442-1-1-0.05-50-0 1 2446 1 8 233 303 0.2520 0.2506 409 303
442-1-1-0.05-50-0 1 2446 1 10 233 447 0.2520 0.2533 409 449
442-1-1-0.05-50-0 1 2446 1 10 233 446 0.2520 0.2533 409 449
442-1-1-0.05-50-0 1 2446 1 1 233 233 0.2520 0.2520 409 409
442-1-1-0.05-50-0 1 2446 1 10 232 445 0.2520 0.2533 409 449
442-1-1-0.05-50-0 1 2447 1 1 237 237 0.2520 0.2520 409 409
442-1-1-0.05-50-0 1 2447 1 10 236 447 0.2520 0.2533 409 449
442-1-1-0.05-50-0 1 2447 1 1 236 236 0.2520 0.2520 409 409
442-1-1-0.05-50-0 1 2447 20 32 82 1 0.9922 0.6514 102 215
442-1-1-0.05-50-0 1 2447 14 47 34 98 0.8451 0.9293 105 103
442-1-1-0.05-50-0 1 2448 20 6 84 1 0.9922 0.4266 102 249
442-1-1-0.05-50-0 1 2448 36 26 104 105 0.8162 0.8171 165 141
442-1-1-0.05-50-0 1 2448 36 37 104 16 0.8162 0.8481 165 127
442-1-1-0.05-50-0 1 2448 1 8 236 294 0.2520 0.2506 409 303
442-1-1-0.05-50-0 1 2448 36 2 104 82 0.8162 0.8198 165 167
442-1-1-0.05-50-0 1 2448 36 26 104 104 0.8162 0.8171 165 141
442-1-1-0.05-50-0 1 2448 36 26 104 103 0.8162 0.8171 165 141
442-1-1-0.05-50-0 1 2449 1 1 242 242 0.2520 0.2520 409 409
442-1-1-0.05-50-0 1 2449 1 1 241 241 0.2520 0.2520 409 409
442-1-1-0.05-50-0 1 2449 1 10 240 449 0.2520 0.2533 409 449
442-1-1-0.05-50-0 1 2449 1 10 240 448 0.2520 0.2533 409 449
442-1-1-0.05-50-0 1 2449 1 8 240 293 0.2520 0.2506 409 303
442-1-1-0.05-50-0 1 2449 1 1 240 240 0.2520 0.2520 409 409
442-1-1-0.05-50-0 1 2449 1 10 239 447 0.2520 0.2533 409 449
442-1-1-0.05-50-0 1 2450 1 10 241 449 0.2520 0.2533 409 449
442-1-1-0.05-50-0 1 2450 36 36 103 103 0.8162 0.8162 165 165
442-1-1-0.05-50-0 1 2450 2 38 82 1 0.8198 0.6163 167 270
442-1-1-0.05-50-0 1 2450 36 2 102 82 0.8162 0.8198 165 167
442-1-1-0.05-50-0 1 2450 1 1 241 241 0.2520 0.2520 409 409
442-1-1-0.05-50-0 1 2450 1 8 240 301 0.2520 0.2506 409 303
442-1-1-0.05-50-0 1 2450 36 2 102 81 0.8162 0.8198 165 167
442-1-1-0.05-50-0 1 2450 1 10 240 448 0.2520 0.2533 409 449
442-1-1-0.05-50-0 1 2451 1 8 240 303 0.2520 0.2506 409 303
442-1-1-0.05-50-0 1 2451 1 10 240 449 0.2520 0.2533 409 449
442-1-1-0.05-50-0 1 2451 1 8 240 302 0.2520 0.2506 409 303
442-1-1-0.05-50-0 1 2451 1 10 240 448 0.2520 0.2533 409 449
442-1-1-0.05-50-0 1 2451 1 8 240 301 0.2520 0.2506 409 303
442-1-1-0.05-50-0 1 2451 1 10 240 447 0.2520 0.2533 409 449
442-1-1-0.05-50-0 1 2451 43 49 31 5 0.8316 0.1842 123 136
442-1-1-0.05-50-0 1 2451 1 8 240 300 0.2520 0.2506 409 303
442-1-1-0.05-50-0 1 2451 1 8 240 299 0.2520 0.2506 409 303
442-1-1-0.05-50-0 1 2451 1 8 240 298 0.2520 0.2506 409 303
442-1-1-0.05-50-0 1 2452 1 1 241 241 0.2520 0.2520 409 409
442-1-1-0.05-50-0 1 2452 1 8 240 303 0.2520 0.2506 409 303
442-1-1-0.05-50-0 1 2452 1 10 240 449 0.2520 0.2533 409 449
442-1-1-0.05-50-0 1 2452 1 8 240 302 0.2520 0.2506 409 303
442-1-1-0.05-50-0 1 2452 1 8 240 301 0.2520 0.2506 409 303
442-1-1-0.05-50-0 1 2452 1 1 240 240 0.2520 0.2520 409 409
442-1-1-0.05-50-0 1 2453 1 1 240 240 0.2520 0.2520 409 409
442-1-1-0.05-50-0 1 2453 1 10 239 449 0.2520 0.2533 409 449
442-1-1-0.05-50-0 1 2453 1 1 239 239 0.2520 0.2520 409 409
442-1-1-0.05-50-0 1 2453 36 36 105 105 0.8162 0.8162 165 165
442-1-1-0.05-50-0 1 2454 36 26 105 100 0.8162 0.8171 165 141
442-1-1-0.05-50-0 1 2454 26 28 99 1 0.8171 0.3846 141 311
442-1-1-0.05-50-0 1 2454 1 10 238 447 0.2520 0.2533 409 449
442-1-1-0.05-50-0 1 2454 14 47 33 99 0.8451 0.9293 105 103
442-1-1-0.05-50-0 1 2454 1 1 238 238 0.2520 0.2520 409 409
442-1-1-0.05-50-0 1 2454 1 8 237 303 0.2520 0.2506 409 303
442-1-1-0.05-50-0 1 2454 1 10 237 446 0.2520 0.2533 409 449
442-1-1-0.05-50-0 1 2454 14 7 33 79 0.8451 0.9267 105 106
442-1-1-0.05-50-0 1 2454 1 10 237 445 0.2520 0.2533 409 449
442-1-1-0.05-50-0 1 2454 36 43 105 30 0.8162 0.8316 165 123
442-1-1-0.05-50-0 1 2454 1 10 237 444 0.2520 0.2533 409 449
442-1-1-0.05-50-0 1 2455 1 8 245 303 0.2520 0.2506 409 303
442-1-1-0.05-50-0 1 2455 1 8 245 302 0.2520 0.2506 409 303
442-1-1-0.05-50-0 1 2455 14 25 32 125 0.8451 0.9430 105 125
442-1-1-0.05-50-0 1 2455 1 8 245 301 0.2520 0.2506 409 303
442-1-1-0.05-50-0 1 2455 36 36 104 104 0.8162 0.8162 165 165
442-1-1-0.05-50-0 1 2455 36 26 103 100 0.8162 0.8171 165 141
442-1-1-0.05-50-0 1 2455 1 8 245 300 0.2520 0.2506 409 303
442-1-1-0.05-50-0 1 2456 1 10 253 449 0.2520 0.2533 409 449
442-1-1-0.05-50-0 1 2456 1 1 253 253 0.2520 0.2520 409 409
442-1-1-0.05-50-0 1 2456 1 8 252 297 0.2520 0.2506 409 303
442-1-1-0.05-50-0 1 2456 1 10 252 448 0.2520 0.2533 409 449
442-1-1-0.05-50-0 1 2456 1 1 252 252 0.2520 0.2520 409 409
442-1-1-0.05-50-0 1 2456 1 10 251 447 0.2520 0.2533 409 449
442-1-1-0.05-50-0 1 2456 36 2 105 95 0.8162 0.8198 165 167
442-1-1-0.05-50-0 1 2456 1 10 251 446 0.2520 0.2533 409 449
442-1-1-0.05-50-0 1 2457 36 36 110 110 0.8162 0.8162 165 165
442-1-1-0.05-50-0 1 2457 1 1 246 246 0.2520 0.2520 409 409
442-1-1-0.05-50-0 1 2457 36 2 109 89 0.8162 0.8198 165 167
442-1-1-0.05-50-0 1 2457 1 10 245 442 0.2520 0.2533 409 449
442-1-1-0.05-50-0 1 2457 14 26 32 99 0.8451 0.8171 105 141
442-1-1-0.05-50-0 1 2457 1 1 245 245 0.2520 0.2520 409 409
442-1-1-0.05-50-0 1 2457 1 1 244 244 0.2520 0.2520 409 409
442-1-1-0.05-50-0 1 2457 1 8 243 294 0.2520 0.2506 409 303
442-1-1-0.05-50-0 1 2457 1 8 243 293 0.2520 0.2506 409 303
442-1-1-0.05-50-0 1 2457 1 1 243 243 0.2520 0.2520 409 409
442-1-1-0.05-50-0 1 2457 36 36 109 109 0.8162 0.8162 165 165
442-1-1-0.05-50-0 1 2457 1 8 242 292 0.2520 0.2506 409 303
442-1-1-0.05-50-0 1 2458 1 8 236 296 0.2520 0.2506 409 303
442-1-1-0.05-50-0 1 2458 1 1 236 236 0.2520 0.2520 409 409
442-1-1-0.05-50-0 1 2458 9 1 1 235 0.6134 0.2520 161 409
442-1-1-0.05-50-0 1 2458 14 25 36 122 0.8451 0.9430 105 125
442-1-1-0.05-50-0 1 2458 1 10 234 449 0.2520 0.2533 409 449
442-1-1-0.05-50-0 1 2458 1 10 234 448 0.2520 0.2533 409 449
442-1-1-0.05-50-0 1 2458 1 10 234 447 0.2520 0.2533 409 449
442-1-1-0.05-50-0 1 2458 14 41 36 91 0.8451 0.9621 105 105
442-1-1-0.05-50-0 1 2458 1 8 234 295 0.2520 0.2506 409 303
442-1-1-0.05-50-0 1 2458 1 8 234 294 0.2520 0.2506 409 303
442-1-1-0.05-50-0 1 2458 36 14 109 36 0.8162 0.8451 165 105
442-1-1-0.05-50-0 1 2459 1 8 231 296 0.2520 0.2506 409 303
442-1-1-0.05-50-0 1 2459 1 10 231 449 0.2520 0.2533 409 449
442-1-1-0.05-50-0 1 2459 36 36 113 113 0.8162 0.8162 165 165
442-1-1-0.05-50-0 1 2459 36 36 112 112 0.8162 0.8162 165 165
442-1-1-0.05-50-0 1 2459 36 36 111 111 0.8162 0.8162 165 165
442-1-1-0.05-50-0 1 2459 1 10 231 448 0.2520 0.2533 409 449
442-1-1-0.05-50-0 1 2459 42 10 1 447 0.7447 0.2533 106 449
442-1-1-0.05-50-0 1 2460 36 26 112 102 0.8162 0.8171 165 141
442-1-1-0.05-50-0 1 2460 36 14 112 37 0.8162 0.8451 165 105
442-1-1-0.05-50-0 1 2460 1 8 229 300 0.2520 0.2506 409 303
442-1-1-0.05-50-0 1 2460 1 1 229 229 0.2520 0.2520 409 409
442-1-1-0.05-50-0 1 2460 36 36 112 112 0.8162 0.8162 165 165
442-1-1-0.05-50-0 1 2460 1 10 228 443 0.2520 0.2533 409 449
442-1-1-0.05-50-0 1 2460 1 10 228 442 0.2520 0.2533 409 449
442-1-1-0.05-50-0 1 2460 1 1 228 228 0.2520 0.2520 409 409
442-1-1-0.05-50-0 1 2460 1 1 227 227 0.2520 0.2520 409 409
442-1-1-0.05-50-0 1 2461 36 14 114 37 0.8162 0.8451 165 105
442-1-1-0.05-50-0 1 2461 36 36 114 114 0.8162 0.8162 165 165
442-1-1-0.05-50-0 1 2461 1 1 231 231 0.2520 0.2520 409 409
442-1-1-0.05-50-0 1 2461 36 26 113 99 0.8162 0.8171 165 141
442-1-1-0.05-50-0 1 2461 1 10 230 442 0.2520 0.2533 409 449
442-1-1-0.05-50-0 1 2461 1 1 230 230 0.2520 0.2520 409 409
442-1-1-0.05-50-0 1 2461 37 50 15 7 0.8481 0.2147 127 147
442-1-1-0.05-50-0 1 2461 36 2 113 86 0.8162 0.8198 165 167
442-1-1-0.05-50-0 1 2461 1 8 229 303 0.2520 0.2506 409 303
442-1-1-0.05-50-0 1 2462 1 10 229 446 0.2520 0.2533 409 449
442-1-1-0.05-50-0 1 2462 14 47 39 92 0.8451 0.9293 105 103
442-1-1-0.05-50-0 1 2462 36 36 112 112 0.8162 0.8162 165 165
442-1-1-0.05-50-0 1 2462 36 2 111 80 0.8162 0.8198 165 167
442-1-1-0.05-50-0 1 2462 1 10 229 445 0.2520 0.2533 409 449
442-1-1-0.05-50-0 1 2462 1 10 229 444 0.2520 0.2533 409 449
442-1-1-0.05-50-0 1 2462 1 10 229 443 0.2520 0.2533 409 449
442-1-1-0.05-50-0 1 2462 14 13 39 124 0.8451 0.8878 105 151
442-1-1-0.05-50-0 1 2462 1 1 229 229 0.2520 0.2520 409 409
442-1-1-0.05-50-0 1 2462 1 10 228 442 0.2520 0.2533 409 449
442-1-1-0.05-50-0 1 2463 14 2 39 83 0.8451 0.8198 105 167
442-1-1-0.05-50-0 1 2463 1 10 230 449 0.2520 0.2533 409 449
442-1-1-0.05-50-0 1 2463 1 8 230 302 0.2520 0.2506 409 303
442-1-1-0.05-50-0 1 2463 1 10 230 448 0.2520 0.2533 409 449
442-1-1-0.05-50-0 1 2463 1 8 230 301 0.2520 0.2506 409 303
442-1-1-0.05-50-0 1 2463 1 10 230 447 0.2520 0.2533 409 449
442-1-1-0.05-50-0 1 2463 1 10 230 446 0.2520 0.2533 409 449
442-1-1-0.05-50-0 1 2463 40 42 9 1 0.9739 0.7447 104 106
442-1-1-0.05-50-0 1 2464 2 38 84 1 0.8198 0.6163 167 270
442-1-1-0.05-50-0 1 2464 1 18 237 7 0.2520 0.2181 409 226
442-1-1-0.05-50-0 1 2464 14 36 40 116 0.8451 0.8162 105 165
442-1-1-0.05-50-0 1 2464 1 1 237 237 0.2520 0.2520 409 409
442-1-1-0.05-50-0 1 2464 14 36 40 115 0.8451 0.8162 105 165
442-1-1-0.05-50-0 1 2464 1 10 236 449 0.2520 0.2533 409 449
442-1-1-0.05-50-0 1 2464 1 1 236 236 0.2520 0.2520 409 409
442-1-1-0.05-50-0 1 2464 20 9 78 1 0.9922 0.6134 102 161
442-1-1-0.05-50-0 1 2465 1 10 230 449 0.2520 0.2533 409 449
442-1-1-0.05-50-0 1 2465 1 10 230 448 0.2520 0.2533 409 449
442-1-1-0.05-50-0 1 2465 1 10 230 447 0.2520 0.2533 409 449
442-1-1-0.05-50-0 1 2465 1 8 230 301 0.2520 0.2506 409 303
442-1-1-0.05-50-0 1 2465 36 14 120 39 0.8162 0.8451 165 105
442-1-1-0.05-50-0 1 2465 1 1 230 230 0.2520 0.2520 409 409
442-1-1-0.05-50-0 1 2465 1 10 229 446 0.2520 0.2533 409 449
442-1-1-0.05-50-0 1 2465 1 10 229 445 0.2520 0.2533 409 449
442-1-1-0.05-50-0 1 2465 1 10 229 444 0.2520 0.2533 409 449
442-1-1-0.05-50-0 1 2466 1 1 228 228 0.2520 0.2520 409 409
442-1-1-0.05-50-0 1 2466 36 36 121 121 0.8162 0.8162 165 165
442-1-1-0.05-50-0 1 2466 20 44 76 1 0.9922 0.7034 102 118
442-1-1-0.05-50-0 1 2466 1 10 227 449 0.2520 0.2533 409 449
442-1-1-0.05-50-0 1 2466 36 36 120 120 0.8162 0.8162 165 165
442-1-1-0.05-50-0 1 2466 1 1 227 227 0.2520 0.2520 409 409
442-1-1-0.05-50-0 1 2466 1 10 226 448 0.2520 0.2533 409 449
442-1-1-0.05-50-0 1 2467 1 1 231 231 0.2520 0.2520 409 409
442-1-1-0.05-50-0 1 2467 1 8 230 303 0.2520 0.2506 409 303
442-1-1-0.05-50-0 1 2467 36 36 119 119 0.8162 0.8162 165 165
442-1-1-0.05-50-0 1 2467 1 8 230 302 0.2520 0.2506 409 303
442-1-1-0.05-50-0 1 2467 36 26 118 115 0.8162 0.8171 165 141
442-1-1-0.05-50-0 1 2467 36 36 118 118 0.8162 0.8162 165 165
442-1-1-0.05-50-0 1 2467 1 10 230 449 0.2520 0.2533 409 449
442-1-1-0.05-50-0 1 2467 37 18 14 7 0.8481 0.2181 127 226
442-1-1-0.05-50-0 1 2468 36 26 117 115 0.8162 0.8171 165 141
442-1-1-0.05-50-0 1 2468 14 41 36 105 0.8451 0.9621 105 105
442-1-1-0.05-50-0 1 2468 1 8 238 302 0.2520 0.2506 409 303
442-1-1-0.05-50-0 1 2468 25 11 108 2 0.9430 0.0504 125 384
442-1-1-0.05-50-0 1 2468 1 10 238 449 0.2520 0.2533 409 449
442-1-1-0.05-50-0 1 2468 1 10 238 448 0.2520 0.2533 409 449
442-1-1-0.05-50-0 1 2468 1 8 238 301 0.2520 0.2506 409 303
442-1-1-0.05-50-0 1 2468 1 1 238 238 0.2520 0.2520 409 409
442-1-1-0.05-50-0 1 2468 1 1 237 237 0.2520 0.2520 409 409
442-1-1-0.05-50-0 1 2468 14 36 36 117 0.8451 0.8162 105 165
442-1-1-0.05-50-0 1 2469 1 8 240 301 0.2520 0.2506 409 303
442-1-1-0.05-50-0 1 2469 36 43 113 25 0.8162 0.8316 165 123
442-1-1-0.05-50-0 1 2469 1 8 240 300 0.2520 0.2506 409 303
442-1-1-0.05-50-0 1 2469 1 10 240 447 0.2520 0.2533 409 449
442-1-1-0.05-50-0 1 2470 1 10 237 449 0.2520 0.2533 409 449
442-1-1-0.05-50-0 1 2470 1 1 237 237 0.2520 0.2520 409 409
442-1-1-0.05-50-0 1 2470 36 36 114 114 0.8162 0.8162 165 165
442-1-1-0.05-50-0 1 2470 36 2 113 89 0.8162 0.8198 165 167
442-1-1-0.05-50-0 1 2470 36 26 113 121 0.8162 0.8171 165 141
442-1-1-0.05-50-0 1 2470 1 10 236 448 0.2520 0.2533 409 449
442-1-1-0.05-50-0 1 2470 37 50 13 5 0.8481 0.2147 127 147
442-1-1-0.05-50-0 1 2470 36 43 113 24 0.8162 0.8316 165 123
442-1-1-0.05-50-0 1 2470 1 1 236 236 0.2520 0.2520 409 409
442-1-1-0.05-50-0 1 2471 36 26 114 120 0.8162 0.8171 165 141
442-1-1-0.05-50-0 1 2471 14 43 38 25 0.8451 0.8316 105 123
442-1-1-0.05-50-0 1 2471 1 8 232 303 0.2520 0.2506 409 303
442-1-1-0.05-50-0 1 2471 1 10 232 449 0.2520 0.2533 409 449
442-1-1-0.05-50-0 1 2471 36 2 114 88 0.8162 0.8198 165 167
442-1-1-0.05-50-0 1 2471 1 10 232 448 0.2520 0.2533 409 449
442-1-1-0.05-50-0 1 2471 1 1 232 232 0.2520 0.2520 409 409
442-1-1-0.05-50-0 1 2471 20 38 68 1 0.9922 0.6163 102 270
442-1-1-0.05-50-0 1 2471 14 14 38 38 0.8451 0.8451 105 105
442-1-1-0.05-50-0 1 2471 36 2 114 87 0.8162 0.8198 165 167
442-1-1-0.05-50-0 1 2471 1 10 231 447 0.2520 0.2533 409 449
442-1-1-0.05-50-0 1 2472 1 1 232 232 0.2520 0.2520 409 409
442-1-1-0.05-50-0 1 2472 1 10 231 449 0.2520 0.2533 409 449
442-1-1-0.05-50-0 1 2472 36 37 118 14 0.8162 0.8481 165 127
442-1-1-0.05-50-0 1 2472 36 36 118 118 0.8162 0.8162 165 165
442-1-1-0.05-50-0 1 2472 1 1 231 231 0.2520 0.2520 409 409
442-1-1-0.05-50-0 1 2472 1 10 230 448 0.2520 0.2533 409 449
442-1-1-0.05-50-0 1 2472 1 10 230 447 0.2520 0.2533 409 449
442-1-1-0.05-50-0 1 2472 1 10 230 446 0.2520 0.2533 409 449
442-1-1-0.05-50-0 1 2472 1 1 230 230 0.2520 0.2520 409 409
442-1-1-0.05-50-0 1 2473 26 28 116 3 0.8171 0.3846 141 311
442-1-1-0.05-50-0 1 2473 14 2 39 89 0.8451 0.8198 105 167
442-1-1-0.05-50-0 1 2473 1 18 232 12 0.2520 0.2181 409 226
442-1-1-0.05-50-0 1 2473 1 8 232 303 0.2520 0.2506 409 303
442-1-1-0.05-50-0 1 2473 14 26 39 116 0.8451 0.8171 105 141
442-1-1-0.05-50-0 1 2473 14 36 39 112 0.8451 0.8162 105 165
442-1-1-0.05-50-0 1 2473 36 37 111 13 0.8162 0.8481 165 127
442-1-1-0.05-50-0 1 2474 1 10 233 449 0.2520 0.2533 409 449
442-1-1-0.05-50-0 1 2474 14 2 38 91 0.8451 0.8198 105 167
442-1-1-0.05-50-0 1 2474 14 26 38 119 0.8451 0.8171 105 141
442-1-1-0.05-50-0 1 2474 36 2 111 90 0.8162 0.8198 165 167
442-1-1-0.05-50-0 1 2475 1 8 238 298 0.2520 0.2506 409 303
442-1-1-0.05-50-0 1 2475 1 10 238 449 0.2520 0.2533 409 449
442-1-1-0.05-50-0 1 2475 36 37 109 12 0.8162 0.8481 165 127
442-1-1-0.05-50-0 1 2475 1 8 238 297 0.2520 0.2506 409 303
442-1-1-0.05-50-0 1 2475 36 36 109 109 0.8162 0.8162 165 165
442-1-1-0.05-50-0 1 2475 1 10 238 448 0.2520 0.2533 409 449
442-1-1-0.05-50-0 1 2475 1 10 238 447 0.2520 0.2533 409 449
442-1-1-0.05-50-0 1 2475 36 36 108 108 0.8162 0.8162 165 165
442-1-1-0.05-50-0 1 2476 20 17 66 1 0.9922 0.6398 102 197
442-1-1-0.05-50-0 1 2476 1 10 243 448 0.2520 0.2533 409 449
442-1-1-0.05-50-0 1 2476 26 46 125 1 0.8171 0.3451 141 327
442-1-1-0.05-50-0 1 2476 1 1 243 243 0.2520 0.2520 409 409
442-1-1-0.05-50-0 1 2476 1 8 242 303 0.2520 0.2506 409 303
442-1-1-0.05-50-0 1 2476 26 45 125 1 0.8171 0.3816 141 173
442-1-1-0.05-50-0 1 2476 36 26 109 125 0.8162 0.8171 165 141
442-1-1-0.05-50-0 1 2476 1 10 242 447 0.2520 0.2533 409 449
442-1-1-0.05-50-0 1 2477 1 10 244 444 0.2520 0.2533 409 449
442-1-1-0.05-50-0 1 2477 1 10 244 443 0.2520 0.2533 409 449
442-1-1-0.05-50-0 1 2477 36 37 108 10 0.8162 0.8481 165 127
442-1-1-0.05-50-0 1 2477 1 8 244 303 0.2520 0.2506 409 303
442-1-1-0.05-50-0 1 2477 14 14 37 37 0.8451 0.8451 105 105
442-1-1-0.05-50-0 1 2477 1 10 244 442 0.2520 0.2533 409 449
442-1-1-0.05-50-0 1 2477 36 43 108 27 0.8162 0.8316 165 123
442-1-1-0.05-50-0 1 2477 1 8 244 302 0.2520 0.2506 409 303
442-1-1-0.05-50-0 1 2477 1 8 244 301 0.2520 0.2506 409 303
442-1-1-0.05-50-0 1 2477 1 8 244 300 0.2520 0.2506 409 303
442-1-1-0.05-50-0 1 2477 1 1 244 244 0.2520 0.2520 409 409
442-1-1-0.05-50-0 1 2477 1 18 243 15 0.2520 0.2181 409 226
442-1-1-0.05-50-0 1 2478 36 36 111 111 0.8162 0.8162 165 165
442-1-1-0.05-50-0 1 2478 1 8 242 303 0.2520 0.2506 409 303
442-1-1-0.05-50-0 1 2478 36 14 110 35 0.8162 0.8451 165 105
442-1-1-0.05-50-0 1 2478 1 1 242 242 0.2520 0.2520 409 409
442-1-1-0.05-50-0 1 2478 1 8 241 302 0.2520 0.2506 409 303
442-1-1-0.05-50-0 1 2478 1 8 241 301 0.2520 0.2506 409 303
442-1-1-0.05-50-0 1 2478 1 10 241 448 0.2520 0.2533 409 449
442-1-1-0.05-50-0 1 2478 36 36 110 110 0.8162 0.8162 165 165
442-1-1-0.05-50-0 1 2478 1 1 241 241 0.2520 0.2520 409 409
442-1-1-0.05-50-0 1 2479 36 36 108 108 0.8162 0.8162 165 165
442-1-1-0.05-50-0 1 2479 14 13 34 126 0.8451 0.8878 105 151
442-1-1-0.05-50-0 1 2479 36 26 107 121 0.8162 0.8171 165 141
442-1-1-0.05-50-0 1 2479 1 8 234 303 0.2520 0.2506 409 303
442-1-1-0.05-50-0 1 2479 1 8 234 302 0.2520 0.2506 409 303
442-1-1-0.05-50-0 1 2480 36 2 106 92 0.8162 0.8198 165 167
442-1-1-0.05-50-0 1 2480 14 14 32 32 0.8451 0.8451 105 105
442-1-1-0.05-50-0 1 2480 1 10 239 443 0.2520 0.2533 409 449
442-1-1-0.05-50-0 1 2480 43 49 27 3 0.8316 0.1842 123 136
442-1-1-0.05-50-0 1 2480 26 28 123 2 0.8171 0.3846 141 311
442-1-1-0.05-50-0 1 2480 14 2 31 91 0.8451 0.8198 105 167
442-1-1-0.05-50-0 1 2480 43 49 27 2 0.8316 0.1842 123 136
442-1-1-0.05-50-0 1 2481 1 1 246 246 0.2520 0.2520 409 409
442-1-1-0.05-50-0 1 2481 1 10 245 442 0.2520 0.2533 409 449
442-1-1-0.05-50-0 1 2481 36 37 102 8 0.8162 0.8481 165 127
442-1-1-0.05-50-0 1 2481 36 2 102 95 0.8162 0.8198 165 167
442-1-1-0.05-50-0 1 2481 14 7 32 100 0.8451 0.9267 105 106
442-1-1-0.05-50-0 1 2481 1 8 245 303 0.2520 0.2506 409 303
442-1-1-0.05-50-0 1 2481 1 1 245 245 0.2520 0.2520 409 409
442-1-1-0.05-50-0 1 2481 1 10 244 441 0.2520 0.2533 409 449
442-1-1-0.05-50-0 1 2481 41 4 105 2 0.9621 0.0723 105 351
442-1-1-0.05-50-0 1 2481 1 10 244 440 0.2520 0.2533 409 449
442-1-1-0.05-50-0 1 2481 36 19 102 4 0.8162 0.8072 165 134
442-1-1-0.05-50-0 1 2482 1 8 242 303 0.2520 0.2506 409 303
442-1-1-0.05-50-0 1 2482 36 26 108 130 0.8162 0.8171 165 141
442-1-1-0.05-50-0 1 2482 36 2 108 95 0.8162 0.8198 165 167
442-1-1-0.05-50-0 1 2482 1 10 242 449 0.2520 0.2533 409 449
442-1-1-0.05-50-0 1 2482 1 10 242 448 0.2520 0.2533 409 449
442-1-1-0.05-50-0 1 2482 1 10 242 447 0.2520 0.2533 409 449
442-1-1-0.05-50-0 1 2482 36 2 108 94 0.8162 0.8198 165 167
442-1-1-0.05-50-0 1 2482 1 1 242 242 0.2520 0.2520 409 409
442-1-1-0.05-50-0 1 2483 36 36 107 107 0.8162 0.8162 165 165
442-1-1-0.05-50-0 1 2483 1 1 242 242 0.2520 0.2520 409 409
442-1-1-0.05-50-0 1 2483 1 8 241 303 0.2520 0.2506 409 303
442-1-1-0.05-50-0 1 2483 1 8 241 302 0.2520 0.2506 409 303
442-1-1-0.05-50-0 1 2483 1 16 241 5 0.2520 0.2228 409 149
442-1-1-0.05-50-0 1 2483 36 43 106 31 0.8162 0.8316 165 123
442-1-1-0.05-50-0 1 2484 1 1 241 241 0.2520 0.2520 409 409
442-1-1-0.05-50-0 1 2484 2 33 94 3 0.8198 0.6893 167 191
442-1-1-0.05-50-0 1 2484 1 1 240 240 0.2520 0.2520 409 409
442-1-1-0.05-50-0 1 2484 36 43 107 30 0.8162 0.8316 165 123
442-1-1-0.05-50-0 1 2484 1 8 239 301 0.2520 0.2506 409 303
442-1-1-0.05-50-0 1 2484 36 26 107 127 0.8162 0.8171 165 141
442-1-1-0.05-50-0 1 2484 1 10 239 448 0.2520 0.2533 409 449
442-1-1-0.05-50-0 1 2484 36 2 107 94 0.8162 0.8198 165 167
442-1-1-0.05-50-0 1 2484 36 2 107 93 0.8162 0.8198 165 167
442-1-1-0.05-50-0 1 2484 36 19 107 3 0.8162 0.8072 165 134
442-1-1-0.05-50-0 1 2484 1 1 239 239 0.2520 0.2520 409 409
442-1-1-0.05-50-0 1 2484 1 50 238 8 0.2520 0.2147 409 147
442-1-1-0.05-50-0 1 2484 1 10 238 447 0.2520 0.2533 409 449
442-1-1-0.05-50-0 1 2485 1 8 238 303 0.2520 0.2506 409 303
442-1-1-0.05-50-0 1 2485 1 8 238 302 0.2520 0.2506 409 303
442-1-1-0.05-50-0 1 2485 36 36 106 106 0.8162 0.8162 165 165
442-1-1-0.05-50-0 1 2485 1 8 238 301 0.2520 0.2506 409 303
442-1-1-0.05-50-0 1 2485 1 1 238 238 0.2520 0.2520 409 409
442-1-1-0.05-50-0 1 2485 36 26 105 124 0.8162 0.8171 165 141
442-1-1-0.05-50-0 1 2485 1 8 237 300 0.2520 0.2506 409 303
442-1-1-0.05-50-0 1 2485 1 8 237 299 0.2520 0.2506 409 303
442-1-1-0.05-50-0 1 2485 1 1 237 237 0.2520 0.2520 409 409
442-1-1-0.05-50-0 1 2485 1 10 236 449 0.2520 0.2533 409 449
442-1-1-0.05-50-0 1 2486 1 10 246 449 0.2520 0.2533 409 449
442-1-1-0.05-50-0 1 2486 1 1 246 246 0.2520 0.2520 409 409
442-1-1-0.05-50-0 1 2486 14 20 40 75 0.8451 0.9922 105 102
442-1-1-0.05-50-0 1 2486 1 1 245 245 0.2520 0.2520 409 409
442-1-1-0.05-50-0 1 2486 1 10 244 448 0.2520 0.2533 409 449
442-1-1-0.05-50-0 1 2486 1 1 244 244 0.2520 0.2520 409 409
442-1-1-0.05-50-0 1 2486 36 26 108 125 0.8162 0.8171 165 141
442-1-1-0.05-50-0 1 2486 1 10 243 447 0.2520 0.2533 409 449
442-1-1-0.05-50-0 1 2486 1 1 243 243 0.2520 0.2520 409 409
442-1-1-0.05-50-0 1 2486 1 1 242 242 0.2520 0.2520 409 409
442-1-1-0.05-50-0 1 2487 36 14 110 38 0.8162 0.8451 165 105
442-1-1-0.05-50-0 1 2487 36 2 110 101 0.8162 0.8198 165 167
442-1-1-0.05-50-0 1 2487 1 10 242 449 0.2520 0.2533 409 449
442-1-1-0.05-50-0 1 2487 20 33 75 2 0.9922 0.6893 102 191
442-1-1-0.05-50-0 1 2487 36 14 110 37 0.8162 0.8451 165 105
442-1-1-0.05-50-0 1 2487 36 26 110 123 0.8162 0.8171 165 141
442-1-1-0.05-50-0 1 2487 14 36 36 110 0.8451 0.8162 105 165
442-1-1-0.05-50-0 1 2488 1 10 238 449 0.2520 0.2533 409 449
442-1-1-0.05-50-0 1 2488 1 10 238 448 0.2520 0.2533 409 449
442-1-1-0.05-50-0 1 2488 37 18 10 14 0.8481 0.2181 127 226
442-1-1-0.05-50-0 1 2488 1 18 238 13 0.2520 0.2181 409 226
442-1-1-0.05-50-0 1 2488 36 36 112 112 0.8162 0.8162 165 165
442-1-1-0.05-50-0 1 2488 14 41 37 104 0.8451 0.9621 105 105
442-1-1-0.05-50-0 1 2488 36 2 111 98 0.8162 0.8198 165 167
442-1-1-0.05-50-0 1 2488 36 26 111 123 0.8162 0.8171 165 141
442-1-1-0.05-50-0 1 2488 1 1 238 238 0.2520 0.2520 409 409
442-1-1-0.05-50-0 1 2489 36 26 112 119 0.8162 0.8171 165 141
442-1-1-0.05-50-0 1 2489 1 8 240 303 0.2520 0.2506 409 303
442-1-1-0.05-50-0 1 2489 1 8 240 302 0.2520 0.2506 409 303
442-1-1-0.05-50-0 1 2489 36 36 112 112 0.8162 0.8162 165 165
442-1-1-0.05-50-0 1 2489 14 20 41 77 0.8451 0.9922 105 102
442-1-1-0.05-50-0 1 2489 1 8 240 301 0.2520 0.2506 409 303
442-1-1-0.05-50-0 1 2489 1 8 240 300 0.2520 0.2506 409 303
442-1-1-0.05-50-0 1 2489 1 10 240 449 0.2520 0.2533 409 449
442-1-1-0.05-50-0 1 2490 1 10 242 449 0.2520 0.2533 409 449
442-1-1-0.05-50-0 1 2490 1 10 242 448 0.2520 0.2533 409 449
442-1-1-0.05-50-0 1 2490 14 25 42 111 0.8451 0.9430 105 125
442-1-1-0.05-50-0 1 2490 36 43 110 30 0.8162 0.8316 165 123
442-1-1-0.05-50-0 1 2490 36 2 110 101 0.8162 0.8198 165 167
442-1-1-0.05-50-0 1 2490 14 20 42 72 0.8451 0.9922 105 102
442-1-1-0.05-50-0 1 2491 1 10 243 444 0.2520 0.2533 409 449
442-1-1-0.05-50-0 1 2491 36 14 109 40 0.8162 0.8451 165 105
442-1-1-0.05-50-0 1 2491 36 43 109 31 0.8162 0.8316 165 123
442-1-1-0.05-50-0 1 2491 36 2 109 103 0.8162 0.8198 165 167
442-1-1-0.05-50-0 1 2491 36 26 109 122 0.8162 0.8171 165 141
442-1-1-0.05-50-0 1 2491 1 8 243 303 0.2520 0.2506 409 303
442-1-1-0.05-50-0 1 2491 36 26 109 121 0.8162 0.8171 165 141
442-1-1-0.05-50-0 1 2492 40 33 11 2 0.9739 0.6893 104 191
442-1-1-0.05-50-0 1 2492 1 8 240 303 0.2520 0.2506 409 303
442-1-1-0.05-50-0 1 2492 36 26 110 126 0.8162 0.8171 165 141
442-1-1-0.05-50-0 1 2492 14 36 40 110 0.8451 0.8162 105 165
442-1-1-0.05-50-0 1 2492 20 38 74 1 0.9922 0.6163 102 270
442-1-1-0.05-50-0 1 2492 1 8 240 302 0.2520 0.2506 409 303
442-1-1-0.05-50-0 1 2492 1 10 240 443 0.2520 0.2533 409 449
442-1-1-0.05-50-0 1 2492 1 10 240 442 0.2520 0.2533 409 449
442-1-1-0.05-50-0 1 2492 1 10 240 441 0.2520 0.2533 409 449
442-1-1-0.05-50-0 1 2492 1 10 240 440 0.2520 0.2533 409 449
442-1-1-0.05-50-0 1 2493 20 32 74 1 0.9922 0.6514 102 215
442-1-1-0.05-50-0 1 2493 36 2 107 102 0.8162 0.8198 165 167
442-1-1-0.05-50-0 1 2493 1 18 242 11 0.2520 0.2181 409 226
442-1-1-0.05-50-0 1 2493 1 10 242 442 0.2520 0.2533 409 449
442-1-1-0.05-50-0 1 2493 36 26 107 129 0.8162 0.8171 165 141
442-1-1-0.05-50-0 1 2493 1 8 242 303 0.2520 0.2506 409 303
442-1-1-0.05-50-0 1 2493 14 37 40 10 0.8451 0.8481 105 127
442-1-1-0.05-50-0 1 2494 1 10 237 449 0.2520 0.2533 409 449
442-1-1-0.05-50-0 1 2494 1 10 237 448 0.2520 0.2533 409 449
442-1-1-0.05-50-0 1 2494 1 8 237 303 0.2520 0.2506 409 303
442-1-1-0.05-50-0 1 2494 1 8 237 302 0.2520 0.2506 409 303
442-1-1-0.05-50-0 1 2494 1 8 237 301 0.2520 0.2506 409 303
442-1-1-0.05-50-0 1 2494 1 1 237 237 0.2520 0.2520 409 409
442-1-1-0.05-50-0 1 2494 1 10 236 447 0.2520 0.2533 409 449
442-1-1-0.05-50-0 1 2494 36 14 104 39 0.8162 0.8451 165 105
442-1-1-0.05-50-0 1 2495 1 1 238 238 0.2520 0.2520 409 409
442-1-1-0.05-50-0 1 2495 14 20 38 71 0.8451 0.9922 105 102
442-1-1-0.05-50-0 1 2495 1 1 237 237 0.2520 0.2520 409 409
442-1-1-0.05-50-0 1 2495 14 26 38 135 0.8451 0.8171 105 141
442-1-1-0.05-50-0 1 2495 36 14 103 38 0.8162 0.8451 165 105
442-1-1-0.05-50-0 1 2495 1 10 236 449 0.2520 0.2533 409 449
442-1-1-0.05-50-0 1 2495 14 41 37 102 0.8451 0.9621 105 105
442-1-1-0.05-50-0 1 2495 1 8 236 303 0.2520 0.2506 409 303
442-1-1-0.05-50-0 1 2495 36 26 103 134 0.8162 0.8171 165 141
442-1-1-0.05-50-0 1 2495 36 26 103 133 0.8162 0.8171 165 141
442-1-1-0.05-50-0 1 2495 36 2 103 100 0.8162 0.8198 165 167
442-1-1-0.05-50-0 1 2496 1 8 237 303 0.2520 0.2506 409 303
442-1-1-0.05-50-0 1 2496 1 10 237 449 0.2520 0.2533 409 449
442-1-1-0.05-50-0 1 2496 1 1 237 237 0.2520 0.2520 409 409
442-1-1-0.05-50-0 1 2496 1 8 236 302 0.2520 0.2506 409 303
442-1-1-0.05-50-0 1 2496 1 1 236 236 0.2520 0.2520 409 409
442-1-1-0.05-50-0 1 2496 36 26 101 134 0.8162 0.8171 165 141
442-1-1-0.05-50-0 1 2496 1 10 235 448 0.2520 0.2533 409 449
442-1-1-0.05-50-0 1 2496 42 8 2 301 0.7447 0.2506 106 303
442-1-1-0.05-50-0 1 2496 36 26 101 133 0.8162 0.8171 165 141
442-1-1-0.05-50-0 1 2497 36 43 100 36 0.8162 0.8316 165 123
442-1-1-0.05-50-0 1 2497 1 50 235 9 0.2520 0.2147 409 147
442-1-1-0.05-50-0 1 2497 1 8 235 303 0.2520 0.2506 409 303
442-1-1-0.05-50-0 1 2497 1 10 235 449 0.2520 0.2533 409 449
442-1-1-0.05-50-0 1 2497 1 8 235 302 0.2520 0.2506 409 303
442-1-1-0.05-50-0 1 2497 1 8 235 301 0.2520 0.2506 409 303
442-1-1-0.05-50-0 1 2497 36 36 100 100 0.8162 0.8162 165 165
442-1-1-0.05-50-0 1 2497 1 10 235 448 0.2520 0.2533 409 449
442-1-1-0.05-50-0 1 2497 1 10 235 447 0.2520 0.2533 409 449
442-1-1-0.05-50-0 1 2497 14 13 34 147 0.8451 0.8878 105 151
442-1-1-0.05-50-0 1 2497 36 26 99 136 0.8162 0.8171 165 141
442-1-1-0.05-50-0 1 2497 1 8 235 300 0.2520 0.2506 409 303
442-1-1-0.05-50-0 1 2497 1 10 235 446 0.2520 0.2533 409 449
442-1-1-0.05-50-0 1 2498 1 10 237 447 0.2520 0.2533 409 449
442-1-1-0.05-50-0 1 2498 1 10 237 446 0.2520 0.2533 409 449
442-1-1-0.05-50-0 1 2498 1 10 237 445 0.2520 0.2533 409 449
442-1-1-0.05-50-0 1 2498 14 2 33 99 0.8451 0.8198 105 167
442-1-1-0.05-50-0 1 2498 36 37 100 11 0.8162 0.8481 165 127
442-1-1-0.05-50-0 1 2498 1 8 237 298 0.2520 0.2506 409 303
442-1-1-0.05-50-0 1 2498 1 10 237 444 0.2520 0.2533 409 449
442-1-1-0.05-50-0 1 2498 36 26 100 131 0.8162 0.8171 165 141
442-1-1-0.05-50-0 1 2498 36 14 100 33 0.8162 0.8451 165 105
442-1-1-0.05-50-0 1 2498 1 8 237 297 0.2520 0.2506 409 303
442-1-1-0.05-50-0 1 2499 1 10 237 443 0.2520 0.2533 409 449
442-1-1-0.05-50-0 1 2499 1 1 237 237 0.2520 0.2520 409 409
442-1-1-0.05-50-0 1 2499 1 10 236 442 0.2520 0.2533 409 449
442-1-1-0.05-50-0 1 2499 36 36 97 97 0.8162 0.8162 165 165
442-1-1-0.05-50-0 1 2499 36 14 96 31 0.8162 0.8451 165 105
442-1-1-0.05-50-0 1 2499 36 26 96 134 0.8162 0.8171 165 141
442-1-1-0.05-50-0 1 2499 1 8 236 291 0.2520 0.2506 409 303
442-1-1-0.05-50-0 1 2499 36 26 96 133 0.8162 0.8171 165 141
442-1-1-0.05-50-0 1 2499 1 10 236 441 0.2520 0.2533 409 449
442-1-1-0.05-50-0 1 2499 1 10 236 440 0.2520 0.2533 409 449
442-1-1-0.05-50-0 1 2500 1 1 234 234 0.2520 0.2520 409 409
442-1-1-0.05-50-0 1 2500 1 49 233 5 0.2520 0.1842 409 136
442-1-1-0.05-50-0 1 2500 36 36 97 97 0.8162 0.8162 165 165
442-1-1-0.05-50-0 1 2500 1 1 233 233 0.2520 0.2520 409 409
442-1-1-0.05-50-0 1 2500 1 10 232 443 0.2520 0.2533 409 449
442-1-1-0.05-50-0 1 2500 1 8 232 293 0.2520 0.2506 409 303
442-1-1-0.05-50-0 1 2500 1 1 232 232 0.2520 0.2520 409 409
442-1-1-0.05-50-0 1 2500 1 1 231 231 0.2520 0.2520 409 409
442-1-1-0.05-50-0 1 2500 14 47 31 88 0.8451 0.9293 105 103
442-1-1-0.05-50-0 1 2500 14 41 31 91 0.8451 0.9621 105 105
442-1-1-0.05-50-0 1 2500 36 26 96 131 0.8162 0.8171 165 141
