462-1-1-0.05-50-0 1 2302 36 43 37 12 0.8162 0.8316 165 123
462-1-1-0.05-50-0 1 2302 1 1 15 15 0.2520 0.2520 409 409
462-1-1-0.05-50-0 1 2302 1 1 14 14 0.2520 0.2520 409 409
462-1-1-0.05-50-0 1 2303 36 37 37 7 0.8162 0.8481 165 127
462-1-1-0.05-50-0 1 2304 10 27 30 144 0.2533 0.0776 449 149
462-1-1-0.05-50-0 1 2304 10 27 30 143 0.2533 0.0776 449 149
462-1-1-0.05-50-0 1 2304 10 27 30 142 0.2533 0.0776 449 149
462-1-1-0.05-50-0 1 2305 10 27 31 144 0.2533 0.0776 449 149
462-1-1-0.05-50-0 1 2306 36 36 32 32 0.8162 0.8162 165 165
462-1-1-0.05-50-0 1 2308 1 39 14 1 0.2520 0.2187 409 309
462-1-1-0.05-50-0 1 2308 10 27 34 146 0.2533 0.0776 449 149
462-1-1-0.05-50-0 1 2309 36 38 32 2 0.8162 0.6163 165 270
462-1-1-0.05-50-0 1 2309 36 36 32 32 0.8162 0.8162 165 165
462-1-1-0.05-50-0 1 2309 10 27 36 149 0.2533 0.0776 449 149
462-1-1-0.05-50-0 1 2310 10 27 37 145 0.2533 0.0776 449 149
462-1-1-0.05-50-0 1 2310 36 36 31 31 0.8162 0.8162 165 165
462-1-1-0.05-50-0 1 2310 40 30 19 1 0.9739 0.6008 104 266
462-1-1-0.05-50-0 1 2310 36 36 30 30 0.8162 0.8162 165 165
462-1-1-0.05-50-0 1 2311 10 27 35 143 0.2533 0.0776 449 149
462-1-1-0.05-50-0 1 2311 20 31 60 1 0.9922 0.5626 102 252
462-1-1-0.05-50-0 1 2311 10 27 35 142 0.2533 0.0776 449 149
462-1-1-0.05-50-0 1 2312 36 36 28 28 0.8162 0.8162 165 165
462-1-1-0.05-50-0 1 2312 36 36 27 27 0.8162 0.8162 165 165
462-1-1-0.05-50-0 1 2312 10 27 33 142 0.2533 0.0776 449 149
462-1-1-0.05-50-0 1 2313 36 43 26 12 0.8162 0.8316 165 123
462-1-1-0.05-50-0 1 2314 1 10 14 35 0.2520 0.2533 409 449
462-1-1-0.05-50-0 1 2314 10 27 34 142 0.2533 0.0776 449 149
462-1-1-0.05-50-0 1 2315 36 36 24 24 0.8162 0.8162 165 165
462-1-1-0.05-50-0 1 2315 1 10 13 34 0.2520 0.2533 409 449
462-1-1-0.05-50-0 1 2316 20 38 67 1 0.9922 0.6163 102 270
462-1-1-0.05-50-0 1 2316 10 27 36 143 0.2533 0.0776 449 149
462-1-1-0.05-50-0 1 2316 10 27 36 142 0.2533 0.0776 449 149
462-1-1-0.05-50-0 1 2316 1 10 13 36 0.2520 0.2533 409 449
462-1-1-0.05-50-0 1 2317 36 36 24 24 0.8162 0.8162 165 165
462-1-1-0.05-50-0 1 2317 10 27 36 136 0.2533 0.0776 449 149
462-1-1-0.05-50-0 1 2318 20 21 69 1 0.9922 0.4184 102 158
462-1-1-0.05-50-0 1 2319 36 26 23 1 0.8162 0.8171 165 141
462-1-1-0.05-50-0 1 2319 10 27 33 137 0.2533 0.0776 449 149
462-1-1-0.05-50-0 1 2321 1 10 11 32 0.2520 0.2533 409 449
462-1-1-0.05-50-0 1 2322 40 44 25 1 0.9739 0.7034 104 118
462-1-1-0.05-50-0 1 2322 36 36 22 22 0.8162 0.8162 165 165
462-1-1-0.05-50-0 1 2322 37 50 5 2 0.8481 0.2147 127 147
462-1-1-0.05-50-0 1 2322 25 22 112 2 0.9430 0.0160 125 311
462-1-1-0.05-50-0 1 2324 43 49 13 2 0.8316 0.1842 123 136
462-1-1-0.05-50-0 1 2325 25 22 114 1 0.9430 0.0160 125 311
462-1-1-0.05-50-0 1 2327 36 36 20 20 0.8162 0.8162 165 165
462-1-1-0.05-50-0 1 2327 10 27 37 145 0.2533 0.0776 449 149
462-1-1-0.05-50-0 1 2329 10 27 37 147 0.2533 0.0776 449 149
462-1-1-0.05-50-0 1 2329 36 19 19 2 0.8162 0.8072 165 134
462-1-1-0.05-50-0 1 2330 10 27 35 149 0.2533 0.0776 449 149
462-1-1-0.05-50-0 1 2330 40 45 24 1 0.9739 0.3816 104 173
462-1-1-0.05-50-0 1 2330 10 27 35 148 0.2533 0.0776 449 149
462-1-1-0.05-50-0 1 2330 25 35 109 1 0.9430 0.0354 125 158
462-1-1-0.05-50-0 1 2332 10 27 35 147 0.2533 0.0776 449 149
462-1-1-0.05-50-0 1 2334 36 36 17 17 0.8162 0.8162 165 165
462-1-1-0.05-50-0 1 2336 10 27 35 145 0.2533 0.0776 449 149
462-1-1-0.05-50-0 1 2337 20 32 73 2 0.9922 0.6514 102 215
462-1-1-0.05-50-0 1 2338 10 27 36 149 0.2533 0.0776 449 149
462-1-1-0.05-50-0 1 2338 16 12 3 1 0.2228 0.1896 149 325
462-1-1-0.05-50-0 1 2339 41 22 47 1 0.9621 0.0160 105 311
462-1-1-0.05-50-0 1 2340 10 27 38 149 0.2533 0.0776 449 149
462-1-1-0.05-50-0 1 2341 43 49 22 2 0.8316 0.1842 123 136
462-1-1-0.05-50-0 1 2342 10 27 37 146 0.2533 0.0776 449 149
462-1-1-0.05-50-0 1 2342 10 27 37 145 0.2533 0.0776 449 149
462-1-1-0.05-50-0 1 2342 10 27 37 144 0.2533 0.0776 449 149
462-1-1-0.05-50-0 1 2343 36 36 13 13 0.8162 0.8162 165 165
462-1-1-0.05-50-0 1 2344 40 32 22 1 0.9739 0.6514 104 215
462-1-1-0.05-50-0 1 2344 10 27 39 141 0.2533 0.0776 449 149
462-1-1-0.05-50-0 1 2347 40 3 26 1 0.9739 0.4813 104 321
462-1-1-0.05-50-0 1 2347 1 10 9 40 0.2520 0.2533 409 449
462-1-1-0.05-50-0 1 2347 1 10 9 39 0.2520 0.2533 409 449
462-1-1-0.05-50-0 1 2349 36 36 14 14 0.8162 0.8162 165 165
462-1-1-0.05-50-0 1 2350 20 33 82 1 0.9922 0.6893 102 191
462-1-1-0.05-50-0 1 2350 36 37 14 7 0.8162 0.8481 165 127
462-1-1-0.05-50-0 1 2351 20 30 81 1 0.9922 0.6008 102 266
462-1-1-0.05-50-0 1 2351 10 27 40 149 0.2533 0.0776 449 149
462-1-1-0.05-50-0 1 2351 19 15 4 1 0.8072 0.7918 134 149
462-1-1-0.05-50-0 1 2352 10 27 41 149 0.2533 0.0776 449 149
462-1-1-0.05-50-0 1 2352 20 31 82 1 0.9922 0.5626 102 252
462-1-1-0.05-50-0 1 2353 36 43 15 31 0.8162 0.8316 165 123
462-1-1-0.05-50-0 1 2353 41 5 56 1 0.9621 0.0007 105 226
462-1-1-0.05-50-0 1 2353 10 27 44 149 0.2533 0.0776 449 149
462-1-1-0.05-50-0 1 2353 10 27 44 148 0.2533 0.0776 449 149
462-1-1-0.05-50-0 1 2354 37 18 10 8 0.8481 0.2181 127 226
462-1-1-0.05-50-0 1 2354 10 27 45 146 0.2533 0.0776 449 149
462-1-1-0.05-50-0 1 2354 10 27 45 145 0.2533 0.0776 449 149
462-1-1-0.05-50-0 1 2355 10 27 46 147 0.2533 0.0776 449 149
462-1-1-0.05-50-0 1 2355 36 36 15 15 0.8162 0.8162 165 165
462-1-1-0.05-50-0 1 2355 49 23 1 1 0.1842 0.1698 136 476
462-1-1-0.05-50-0 1 2355 37 18 9 7 0.8481 0.2181 127 226
462-1-1-0.05-50-0 1 2355 36 37 14 9 0.8162 0.8481 165 127
462-1-1-0.05-50-0 1 2356 1 10 13 44 0.2520 0.2533 409 449
462-1-1-0.05-50-0 1 2357 37 18 7 6 0.8481 0.2181 127 226
462-1-1-0.05-50-0 1 2358 10 27 41 149 0.2533 0.0776 449 149
462-1-1-0.05-50-0 1 2359 1 10 9 41 0.2520 0.2533 409 449
462-1-1-0.05-50-0 1 2359 36 36 16 16 0.8162 0.8162 165 165
462-1-1-0.05-50-0 1 2359 10 27 40 148 0.2533 0.0776 449 149
462-1-1-0.05-50-0 1 2359 10 27 40 147 0.2533 0.0776 449 149
462-1-1-0.05-50-0 1 2359 20 31 67 1 0.9922 0.5626 102 252
462-1-1-0.05-50-0 1 2359 36 37 15 7 0.8162 0.8481 165 127
462-1-1-0.05-50-0 1 2360 43 12 38 1 0.8316 0.1896 123 325
462-1-1-0.05-50-0 1 2360 10 27 42 149 0.2533 0.0776 449 149
462-1-1-0.05-50-0 1 2361 10 27 41 149 0.2533 0.0776 449 149
462-1-1-0.05-50-0 1 2361 10 27 41 148 0.2533 0.0776 449 149
462-1-1-0.05-50-0 1 2362 10 27 42 148 0.2533 0.0776 449 149
462-1-1-0.05-50-0 1 2362 1 10 13 42 0.2520 0.2533 409 449
462-1-1-0.05-50-0 1 2363 1 8 13 16 0.2520 0.2506 409 303
462-1-1-0.05-50-0 1 2363 1 10 13 42 0.2520 0.2533 409 449
462-1-1-0.05-50-0 1 2364 25 35 122 1 0.9430 0.0354 125 158
462-1-1-0.05-50-0 1 2364 25 22 122 1 0.9430 0.0160 125 311
462-1-1-0.05-50-0 1 2365 10 27 44 146 0.2533 0.0776 449 149
462-1-1-0.05-50-0 1 2366 10 27 45 147 0.2533 0.0776 449 149
462-1-1-0.05-50-0 1 2367 36 43 19 40 0.8162 0.8316 165 123
462-1-1-0.05-50-0 1 2368 14 25 4 120 0.8451 0.9430 105 125
462-1-1-0.05-50-0 1 2368 36 36 17 17 0.8162 0.8162 165 165
462-1-1-0.05-50-0 1 2369 10 27 51 149 0.2533 0.0776 449 149
462-1-1-0.05-50-0 1 2369 10 27 51 148 0.2533 0.0776 449 149
462-1-1-0.05-50-0 1 2370 20 9 70 1 0.9922 0.6134 102 161
462-1-1-0.05-50-0 1 2370 19 19 6 6 0.8072 0.8072 134 134
462-1-1-0.05-50-0 1 2370 10 27 53 147 0.2533 0.0776 449 149
462-1-1-0.05-50-0 1 2371 14 25 3 110 0.8451 0.9430 105 125
462-1-1-0.05-50-0 1 2371 40 29 28 1 0.9739 0.6728 104 177
462-1-1-0.05-50-0 1 2371 10 27 58 146 0.2533 0.0776 449 149
462-1-1-0.05-50-0 1 2371 19 30 5 2 0.8072 0.6008 134 266
462-1-1-0.05-50-0 1 2371 36 43 17 39 0.8162 0.8316 165 123
462-1-1-0.05-50-0 1 2372 10 27 62 146 0.2533 0.0776 449 149
462-1-1-0.05-50-0 1 2372 43 24 42 3 0.8316 0.1940 123 254
462-1-1-0.05-50-0 1 2372 10 27 62 145 0.2533 0.0776 449 149
462-1-1-0.05-50-0 1 2373 10 27 65 142 0.2533 0.0776 449 149
462-1-1-0.05-50-0 1 2373 10 27 65 141 0.2533 0.0776 449 149
462-1-1-0.05-50-0 1 2374 36 43 20 41 0.8162 0.8316 165 123
462-1-1-0.05-50-0 1 2375 20 21 81 1 0.9922 0.4184 102 158
462-1-1-0.05-50-0 1 2375 10 27 68 142 0.2533 0.0776 449 149
462-1-1-0.05-50-0 1 2375 40 30 35 1 0.9739 0.6008 104 266
462-1-1-0.05-50-0 1 2375 14 20 4 81 0.8451 0.9922 105 102
462-1-1-0.05-50-0 1 2375 10 27 68 141 0.2533 0.0776 449 149
462-1-1-0.05-50-0 1 2375 10 27 68 140 0.2533 0.0776 449 149
462-1-1-0.05-50-0 1 2376 36 43 17 45 0.8162 0.8316 165 123
462-1-1-0.05-50-0 1 2376 10 27 70 141 0.2533 0.0776 449 149
462-1-1-0.05-50-0 1 2377 36 43 16 41 0.8162 0.8316 165 123
462-1-1-0.05-50-0 1 2377 40 6 36 1 0.9739 0.4266 104 249
462-1-1-0.05-50-0 1 2377 1 18 13 6 0.2520 0.2181 409 226
462-1-1-0.05-50-0 1 2377 10 27 68 138 0.2533 0.0776 449 149
462-1-1-0.05-50-0 1 2378 36 43 16 38 0.8162 0.8316 165 123
462-1-1-0.05-50-0 1 2378 10 27 69 133 0.2533 0.0776 449 149
462-1-1-0.05-50-0 1 2378 10 27 69 132 0.2533 0.0776 449 149
462-1-1-0.05-50-0 1 2379 36 43 17 36 0.8162 0.8316 165 123
462-1-1-0.05-50-0 1 2379 10 27 68 135 0.2533 0.0776 449 149
462-1-1-0.05-50-0 1 2379 10 27 68 134 0.2533 0.0776 449 149
462-1-1-0.05-50-0 1 2379 25 11 119 1 0.9430 0.0504 125 384
462-1-1-0.05-50-0 1 2379 20 32 75 1 0.9922 0.6514 102 215
462-1-1-0.05-50-0 1 2380 1 10 15 69 0.2520 0.2533 409 449
462-1-1-0.05-50-0 1 2380 10 27 68 134 0.2533 0.0776 449 149
462-1-1-0.05-50-0 1 2380 10 27 68 133 0.2533 0.0776 449 149
462-1-1-0.05-50-0 1 2381 10 27 71 131 0.2533 0.0776 449 149
462-1-1-0.05-50-0 1 2381 10 27 71 130 0.2533 0.0776 449 149
462-1-1-0.05-50-0 1 2381 19 19 5 5 0.8072 0.8072 134 134
462-1-1-0.05-50-0 1 2382 10 27 72 136 0.2533 0.0776 449 149
462-1-1-0.05-50-0 1 2382 1 10 17 72 0.2520 0.2533 409 449
462-1-1-0.05-50-0 1 2382 14 13 4 151 0.8451 0.8878 105 151
462-1-1-0.05-50-0 1 2382 1 10 17 71 0.2520 0.2533 409 449
462-1-1-0.05-50-0 1 2383 1 8 17 24 0.2520 0.2506 409 303
462-1-1-0.05-50-0 1 2384 10 27 73 137 0.2533 0.0776 449 149
462-1-1-0.05-50-0 1 2384 10 27 73 136 0.2533 0.0776 449 149
462-1-1-0.05-50-0 1 2384 1 10 17 73 0.2520 0.2533 409 449
462-1-1-0.05-50-0 1 2385 1 1 16 16 0.2520 0.2520 409 409
462-1-1-0.05-50-0 1 2385 10 27 74 136 0.2533 0.0776 449 149
462-1-1-0.05-50-0 1 2385 10 27 74 135 0.2533 0.0776 449 149
462-1-1-0.05-50-0 1 2385 43 24 36 2 0.8316 0.1940 123 254
462-1-1-0.05-50-0 1 2385 16 24 4 1 0.2228 0.1940 149 254
462-1-1-0.05-50-0 1 2386 10 27 78 138 0.2533 0.0776 449 149
462-1-1-0.05-50-0 1 2386 14 25 5 124 0.8451 0.9430 105 125
462-1-1-0.05-50-0 1 2387 43 49 39 1 0.8316 0.1842 123 136
462-1-1-0.05-50-0 1 2387 10 27 78 138 0.2533 0.0776 449 149
462-1-1-0.05-50-0 1 2388 1 10 13 80 0.2520 0.2533 409 449
462-1-1-0.05-50-0 1 2388 10 27 79 137 0.2533 0.0776 449 149
462-1-1-0.05-50-0 1 2389 40 29 34 1 0.9739 0.6728 104 177
462-1-1-0.05-50-0 1 2389 10 27 76 137 0.2533 0.0776 449 149
462-1-1-0.05-50-0 1 2390 3 27 2 135 0.4813 0.0776 321 149
462-1-1-0.05-50-0 1 2390 10 27 76 134 0.2533 0.0776 449 149
462-1-1-0.05-50-0 1 2391 10 27 76 134 0.2533 0.0776 449 149
462-1-1-0.05-50-0 1 2391 10 27 76 133 0.2533 0.0776 449 149
462-1-1-0.05-50-0 1 2391 10 27 76 132 0.2533 0.0776 449 149
462-1-1-0.05-50-0 1 2391 10 27 76 131 0.2533 0.0776 449 149
462-1-1-0.05-50-0 1 2392 10 27 75 137 0.2533 0.0776 449 149
462-1-1-0.05-50-0 1 2392 10 27 75 136 0.2533 0.0776 449 149
462-1-1-0.05-50-0 1 2392 20 3 76 2 0.9922 0.4813 102 321
462-1-1-0.05-50-0 1 2392 41 4 53 1 0.9621 0.0723 105 351
462-1-1-0.05-50-0 1 2393 10 27 70 137 0.2533 0.0776 449 149
462-1-1-0.05-50-0 1 2393 20 32 74 1 0.9922 0.6514 102 215
462-1-1-0.05-50-0 1 2394 7 3 98 1 0.9267 0.4813 106 321
462-1-1-0.05-50-0 1 2394 1 8 17 20 0.2520 0.2506 409 303
462-1-1-0.05-50-0 1 2394 10 27 69 138 0.2533 0.0776 449 149
462-1-1-0.05-50-0 1 2395 1 8 17 18 0.2520 0.2506 409 303
462-1-1-0.05-50-0 1 2395 10 27 69 138 0.2533 0.0776 449 149
462-1-1-0.05-50-0 1 2396 20 9 77 1 0.9922 0.6134 102 161
462-1-1-0.05-50-0 1 2396 10 27 69 144 0.2533 0.0776 449 149
462-1-1-0.05-50-0 1 2396 40 6 43 1 0.9739 0.4266 104 249
462-1-1-0.05-50-0 1 2396 10 27 69 143 0.2533 0.0776 449 149
462-1-1-0.05-50-0 1 2396 43 24 48 2 0.8316 0.1940 123 254
462-1-1-0.05-50-0 1 2396 10 27 69 142 0.2533 0.0776 449 149
462-1-1-0.05-50-0 1 2397 10 27 71 141 0.2533 0.0776 449 149
462-1-1-0.05-50-0 1 2398 14 13 5 151 0.8451 0.8878 105 151
462-1-1-0.05-50-0 1 2399 1 10 18 75 0.2520 0.2533 409 449
462-1-1-0.05-50-0 1 2399 10 27 74 142 0.2533 0.0776 449 149
462-1-1-0.05-50-0 1 2399 36 43 15 54 0.8162 0.8316 165 123
462-1-1-0.05-50-0 1 2400 10 27 78 145 0.2533 0.0776 449 149
462-1-1-0.05-50-0 1 2400 10 27 78 144 0.2533 0.0776 449 149
462-1-1-0.05-50-0 1 2400 10 27 78 143 0.2533 0.0776 449 149
462-1-1-0.05-50-0 1 2400 10 27 78 142 0.2533 0.0776 449 149
462-1-1-0.05-50-0 1 2400 10 27 78 141 0.2533 0.0776 449 149
462-1-1-0.05-50-0 1 2401 10 27 76 141 0.2533 0.0776 449 149
462-1-1-0.05-50-0 1 2401 41 22 57 1 0.9621 0.0160 105 311
462-1-1-0.05-50-0 1 2401 36 43 15 54 0.8162 0.8316 165 123
462-1-1-0.05-50-0 1 2402 10 27 80 142 0.2533 0.0776 449 149
462-1-1-0.05-50-0 1 2402 10 27 80 141 0.2533 0.0776 449 149
462-1-1-0.05-50-0 1 2402 10 27 80 140 0.2533 0.0776 449 149
462-1-1-0.05-50-0 1 2402 10 27 80 139 0.2533 0.0776 449 149
462-1-1-0.05-50-0 1 2402 28 10 1 80 0.3846 0.2533 311 449
462-1-1-0.05-50-0 1 2403 1 10 19 79 0.2520 0.2533 409 449
462-1-1-0.05-50-0 1 2403 10 27 78 135 0.2533 0.0776 449 149
462-1-1-0.05-50-0 1 2403 36 36 15 15 0.8162 0.8162 165 165
462-1-1-0.05-50-0 1 2403 1 10 19 78 0.2520 0.2533 409 449
462-1-1-0.05-50-0 1 2404 14 47 6 103 0.8451 0.9293 105 103
462-1-1-0.05-50-0 1 2404 10 27 78 135 0.2533 0.0776 449 149
462-1-1-0.05-50-0 1 2405 20 21 84 1 0.9922 0.4184 102 158
462-1-1-0.05-50-0 1 2405 10 27 79 137 0.2533 0.0776 449 149
462-1-1-0.05-50-0 1 2406 10 27 83 135 0.2533 0.0776 449 149
462-1-1-0.05-50-0 1 2406 14 43 5 54 0.8451 0.8316 105 123
462-1-1-0.05-50-0 1 2406 10 27 83 134 0.2533 0.0776 449 149
462-1-1-0.05-50-0 1 2407 10 27 91 134 0.2533 0.0776 449 149
462-1-1-0.05-50-0 1 2408 10 27 94 133 0.2533 0.0776 449 149
462-1-1-0.05-50-0 1 2408 20 30 81 2 0.9922 0.6008 102 266
462-1-1-0.05-50-0 1 2408 20 28 81 1 0.9922 0.3846 102 311
462-1-1-0.05-50-0 1 2408 19 19 8 8 0.8072 0.8072 134 134
462-1-1-0.05-50-0 1 2408 36 36 16 16 0.8162 0.8162 165 165
462-1-1-0.05-50-0 1 2409 40 30 57 2 0.9739 0.6008 104 266
462-1-1-0.05-50-0 1 2410 10 27 95 136 0.2533 0.0776 449 149
462-1-1-0.05-50-0 1 2410 36 29 13 3 0.8162 0.6728 165 177
462-1-1-0.05-50-0 1 2410 10 27 95 135 0.2533 0.0776 449 149
462-1-1-0.05-50-0 1 2410 10 27 95 134 0.2533 0.0776 449 149
462-1-1-0.05-50-0 1 2411 10 27 97 134 0.2533 0.0776 449 149
462-1-1-0.05-50-0 1 2411 10 27 97 133 0.2533 0.0776 449 149
462-1-1-0.05-50-0 1 2411 40 29 59 2 0.9739 0.6728 104 177
462-1-1-0.05-50-0 1 2412 1 10 26 98 0.2520 0.2533 409 449
462-1-1-0.05-50-0 1 2412 10 27 97 131 0.2533 0.0776 449 149
462-1-1-0.05-50-0 1 2412 10 27 97 130 0.2533 0.0776 449 149
462-1-1-0.05-50-0 1 2412 10 27 97 129 0.2533 0.0776 449 149
462-1-1-0.05-50-0 1 2412 10 27 97 128 0.2533 0.0776 449 149
462-1-1-0.05-50-0 1 2412 7 3 96 1 0.9267 0.4813 106 321
462-1-1-0.05-50-0 1 2412 10 27 97 127 0.2533 0.0776 449 149
462-1-1-0.05-50-0 1 2413 10 27 100 124 0.2533 0.0776 449 149
462-1-1-0.05-50-0 1 2413 10 27 100 123 0.2533 0.0776 449 149
462-1-1-0.05-50-0 1 2413 10 27 100 122 0.2533 0.0776 449 149
462-1-1-0.05-50-0 1 2413 10 27 100 121 0.2533 0.0776 449 149
462-1-1-0.05-50-0 1 2413 10 27 100 120 0.2533 0.0776 449 149
462-1-1-0.05-50-0 1 2414 40 30 59 1 0.9739 0.6008 104 266
462-1-1-0.05-50-0 1 2414 10 27 102 119 0.2533 0.0776 449 149
462-1-1-0.05-50-0 1 2414 40 29 59 1 0.9739 0.6728 104 177
462-1-1-0.05-50-0 1 2414 10 27 102 118 0.2533 0.0776 449 149
462-1-1-0.05-50-0 1 2415 14 36 10 13 0.8451 0.8162 105 165
462-1-1-0.05-50-0 1 2415 10 27 109 122 0.2533 0.0776 449 149
462-1-1-0.05-50-0 1 2415 10 27 109 121 0.2533 0.0776 449 149
462-1-1-0.05-50-0 1 2416 10 27 108 122 0.2533 0.0776 449 149
462-1-1-0.05-50-0 1 2416 1 23 27 3 0.2520 0.1698 409 476
462-1-1-0.05-50-0 1 2416 10 27 108 121 0.2533 0.0776 449 149
462-1-1-0.05-50-0 1 2416 10 27 108 120 0.2533 0.0776 449 149
462-1-1-0.05-50-0 1 2416 10 27 108 119 0.2533 0.0776 449 149
462-1-1-0.05-50-0 1 2416 10 27 108 118 0.2533 0.0776 449 149
462-1-1-0.05-50-0 1 2417 25 35 111 2 0.9430 0.0354 125 158
462-1-1-0.05-50-0 1 2417 10 27 108 117 0.2533 0.0776 449 149
462-1-1-0.05-50-0 1 2417 41 35 53 1 0.9621 0.0354 105 158
462-1-1-0.05-50-0 1 2417 1 10 30 108 0.2520 0.2533 409 449
462-1-1-0.05-50-0 1 2417 1 10 30 107 0.2520 0.2533 409 449
462-1-1-0.05-50-0 1 2418 10 27 107 112 0.2533 0.0776 449 149
462-1-1-0.05-50-0 1 2418 19 9 9 2 0.8072 0.6134 134 161
462-1-1-0.05-50-0 1 2419 10 27 111 110 0.2533 0.0776 449 149
462-1-1-0.05-50-0 1 2419 40 9 56 1 0.9739 0.6134 104 161
462-1-1-0.05-50-0 1 2420 37 16 5 5 0.8481 0.2228 127 149
462-1-1-0.05-50-0 1 2420 10 27 114 108 0.2533 0.0776 449 149
462-1-1-0.05-50-0 1 2421 10 27 121 113 0.2533 0.0776 449 149
462-1-1-0.05-50-0 1 2421 36 14 14 11 0.8162 0.8451 165 105
462-1-1-0.05-50-0 1 2421 10 27 121 112 0.2533 0.0776 449 149
462-1-1-0.05-50-0 1 2421 10 27 121 111 0.2533 0.0776 449 149
462-1-1-0.05-50-0 1 2421 10 27 121 110 0.2533 0.0776 449 149
462-1-1-0.05-50-0 1 2422 14 40 11 60 0.8451 0.9739 105 104
462-1-1-0.05-50-0 1 2422 10 27 119 110 0.2533 0.0776 449 149
462-1-1-0.05-50-0 1 2422 10 27 119 109 0.2533 0.0776 449 149
462-1-1-0.05-50-0 1 2422 10 27 119 108 0.2533 0.0776 449 149
462-1-1-0.05-50-0 1 2422 10 27 119 107 0.2533 0.0776 449 149
462-1-1-0.05-50-0 1 2422 10 27 119 106 0.2533 0.0776 449 149
462-1-1-0.05-50-0 1 2422 10 27 119 105 0.2533 0.0776 449 149
462-1-1-0.05-50-0 1 2423 10 27 123 104 0.2533 0.0776 449 149
462-1-1-0.05-50-0 1 2423 36 43 15 53 0.8162 0.8316 165 123
462-1-1-0.05-50-0 1 2424 10 27 123 107 0.2533 0.0776 449 149
462-1-1-0.05-50-0 1 2424 1 8 26 20 0.2520 0.2506 409 303
462-1-1-0.05-50-0 1 2424 1 10 26 123 0.2520 0.2533 409 449
462-1-1-0.05-50-0 1 2424 1 10 26 122 0.2520 0.2533 409 449
462-1-1-0.05-50-0 1 2424 10 27 121 106 0.2533 0.0776 449 149
462-1-1-0.05-50-0 1 2424 40 33 57 1 0.9739 0.6893 104 191
462-1-1-0.05-50-0 1 2425 10 27 121 109 0.2533 0.0776 449 149
462-1-1-0.05-50-0 1 2425 10 27 121 108 0.2533 0.0776 449 149
462-1-1-0.05-50-0 1 2425 1 23 26 3 0.2520 0.1698 409 476
462-1-1-0.05-50-0 1 2425 10 27 121 107 0.2533 0.0776 449 149
462-1-1-0.05-50-0 1 2425 10 27 121 106 0.2533 0.0776 449 149
462-1-1-0.05-50-0 1 2425 10 27 121 105 0.2533 0.0776 449 149
462-1-1-0.05-50-0 1 2425 10 27 121 104 0.2533 0.0776 449 149
462-1-1-0.05-50-0 1 2426 10 27 122 104 0.2533 0.0776 449 149
462-1-1-0.05-50-0 1 2426 19 19 10 10 0.8072 0.8072 134 134
462-1-1-0.05-50-0 1 2426 10 27 122 103 0.2533 0.0776 449 149
462-1-1-0.05-50-0 1 2426 1 10 27 122 0.2520 0.2533 409 449
462-1-1-0.05-50-0 1 2427 19 19 9 9 0.8072 0.8072 134 134
462-1-1-0.05-50-0 1 2427 37 50 6 8 0.8481 0.2147 127 147
462-1-1-0.05-50-0 1 2428 14 13 12 143 0.8451 0.8878 105 151
462-1-1-0.05-50-0 1 2428 36 36 15 15 0.8162 0.8162 165 165
462-1-1-0.05-50-0 1 2428 37 16 8 2 0.8481 0.2228 127 149
462-1-1-0.05-50-0 1 2429 1 18 26 5 0.2520 0.2181 409 226
462-1-1-0.05-50-0 1 2429 10 27 122 108 0.2533 0.0776 449 149
462-1-1-0.05-50-0 1 2429 36 43 14 51 0.8162 0.8316 165 123
462-1-1-0.05-50-0 1 2429 10 27 122 107 0.2533 0.0776 449 149
462-1-1-0.05-50-0 1 2429 1 23 26 2 0.2520 0.1698 409 476
462-1-1-0.05-50-0 1 2430 10 27 125 106 0.2533 0.0776 449 149
462-1-1-0.05-50-0 1 2430 1 8 26 19 0.2520 0.2506 409 303
462-1-1-0.05-50-0 1 2431 36 43 14 45 0.8162 0.8316 165 123
462-1-1-0.05-50-0 1 2431 10 27 124 106 0.2533 0.0776 449 149
462-1-1-0.05-50-0 1 2431 36 43 14 44 0.8162 0.8316 165 123
462-1-1-0.05-50-0 1 2431 20 9 101 1 0.9922 0.6134 102 161
462-1-1-0.05-50-0 1 2432 10 27 128 104 0.2533 0.0776 449 149
462-1-1-0.05-50-0 1 2432 10 27 128 103 0.2533 0.0776 449 149
462-1-1-0.05-50-0 1 2432 48 27 2 102 0.1153 0.0776 334 149
462-1-1-0.05-50-0 1 2432 16 23 1 1 0.2228 0.1698 149 476
462-1-1-0.05-50-0 1 2432 10 27 128 101 0.2533 0.0776 449 149
462-1-1-0.05-50-0 1 2432 10 27 128 100 0.2533 0.0776 449 149
462-1-1-0.05-50-0 1 2433 10 27 133 103 0.2533 0.0776 449 149
462-1-1-0.05-50-0 1 2433 10 27 133 102 0.2533 0.0776 449 149
462-1-1-0.05-50-0 1 2433 10 27 133 101 0.2533 0.0776 449 149
462-1-1-0.05-50-0 1 2433 10 27 133 100 0.2533 0.0776 449 149
462-1-1-0.05-50-0 1 2433 20 29 102 1 0.9922 0.6728 102 177
462-1-1-0.05-50-0 1 2433 1 8 30 19 0.2520 0.2506 409 303
462-1-1-0.05-50-0 1 2434 10 27 132 100 0.2533 0.0776 449 149
462-1-1-0.05-50-0 1 2434 10 27 132 99 0.2533 0.0776 449 149
462-1-1-0.05-50-0 1 2434 1 10 33 132 0.2520 0.2533 409 449
462-1-1-0.05-50-0 1 2434 10 27 131 98 0.2533 0.0776 449 149
462-1-1-0.05-50-0 1 2434 1 10 33 131 0.2520 0.2533 409 449
462-1-1-0.05-50-0 1 2434 1 10 33 130 0.2520 0.2533 409 449
462-1-1-0.05-50-0 1 2434 10 27 129 97 0.2533 0.0776 449 149
462-1-1-0.05-50-0 1 2434 10 27 129 96 0.2533 0.0776 449 149
462-1-1-0.05-50-0 1 2435 10 27 127 92 0.2533 0.0776 449 149
462-1-1-0.05-50-0 1 2435 18 48 3 2 0.2181 0.1153 226 334
462-1-1-0.05-50-0 1 2435 1 1 34 34 0.2520 0.2520 409 409
462-1-1-0.05-50-0 1 2435 36 37 17 11 0.8162 0.8481 165 127
462-1-1-0.05-50-0 1 2435 10 27 127 91 0.2533 0.0776 449 149
462-1-1-0.05-50-0 1 2435 40 28 53 1 0.9739 0.3846 104 311
462-1-1-0.05-50-0 1 2436 10 27 126 85 0.2533 0.0776 449 149
462-1-1-0.05-50-0 1 2436 10 27 126 84 0.2533 0.0776 449 149
462-1-1-0.05-50-0 1 2436 10 27 126 83 0.2533 0.0776 449 149
462-1-1-0.05-50-0 1 2436 1 1 35 35 0.2520 0.2520 409 409
462-1-1-0.05-50-0 1 2436 10 27 126 82 0.2533 0.0776 449 149
462-1-1-0.05-50-0 1 2436 10 27 126 81 0.2533 0.0776 449 149
462-1-1-0.05-50-0 1 2437 10 27 126 83 0.2533 0.0776 449 149
462-1-1-0.05-50-0 1 2437 37 50 9 13 0.8481 0.2147 127 147
462-1-1-0.05-50-0 1 2437 37 50 9 12 0.8481 0.2147 127 147
462-1-1-0.05-50-0 1 2438 10 27 127 80 0.2533 0.0776 449 149
462-1-1-0.05-50-0 1 2438 37 50 9 9 0.8481 0.2147 127 147
462-1-1-0.05-50-0 1 2438 1 10 37 127 0.2520 0.2533 409 449
462-1-1-0.05-50-0 1 2438 10 27 126 79 0.2533 0.0776 449 149
462-1-1-0.05-50-0 1 2438 1 10 37 126 0.2520 0.2533 409 449
462-1-1-0.05-50-0 1 2438 10 27 125 78 0.2533 0.0776 449 149
462-1-1-0.05-50-0 1 2438 20 3 92 1 0.9922 0.4813 102 321
462-1-1-0.05-50-0 1 2439 1 10 34 124 0.2520 0.2533 409 449
462-1-1-0.05-50-0 1 2439 10 27 123 79 0.2533 0.0776 449 149
462-1-1-0.05-50-0 1 2439 1 50 34 8 0.2520 0.2147 409 147
462-1-1-0.05-50-0 1 2440 10 27 122 78 0.2533 0.0776 449 149
462-1-1-0.05-50-0 1 2440 10 27 122 77 0.2533 0.0776 449 149
462-1-1-0.05-50-0 1 2440 10 27 122 76 0.2533 0.0776 449 149
462-1-1-0.05-50-0 1 2441 10 27 129 81 0.2533 0.0776 449 149
462-1-1-0.05-50-0 1 2441 1 10 35 129 0.2520 0.2533 409 449
462-1-1-0.05-50-0 1 2441 10 27 128 80 0.2533 0.0776 449 149
462-1-1-0.05-50-0 1 2442 10 27 129 82 0.2533 0.0776 449 149
462-1-1-0.05-50-0 1 2442 10 27 129 81 0.2533 0.0776 449 149
462-1-1-0.05-50-0 1 2442 10 27 129 80 0.2533 0.0776 449 149
462-1-1-0.05-50-0 1 2443 10 27 132 78 0.2533 0.0776 449 149
462-1-1-0.05-50-0 1 2443 19 19 8 8 0.8072 0.8072 134 134
462-1-1-0.05-50-0 1 2443 36 43 17 45 0.8162 0.8316 165 123
462-1-1-0.05-50-0 1 2443 14 41 12 56 0.8451 0.9621 105 105
462-1-1-0.05-50-0 1 2443 10 27 132 77 0.2533 0.0776 449 149
462-1-1-0.05-50-0 1 2443 10 27 132 76 0.2533 0.0776 449 149
462-1-1-0.05-50-0 1 2443 10 27 132 75 0.2533 0.0776 449 149
462-1-1-0.05-50-0 1 2444 10 27 132 78 0.2533 0.0776 449 149
462-1-1-0.05-50-0 1 2444 36 43 18 45 0.8162 0.8316 165 123
462-1-1-0.05-50-0 1 2444 1 10 38 132 0.2520 0.2533 409 449
462-1-1-0.05-50-0 1 2444 10 27 131 77 0.2533 0.0776 449 149
462-1-1-0.05-50-0 1 2444 1 1 38 38 0.2520 0.2520 409 409
462-1-1-0.05-50-0 1 2444 1 1 37 37 0.2520 0.2520 409 409
462-1-1-0.05-50-0 1 2445 1 10 37 129 0.2520 0.2533 409 449
462-1-1-0.05-50-0 1 2445 1 8 37 19 0.2520 0.2506 409 303
462-1-1-0.05-50-0 1 2445 10 27 128 75 0.2533 0.0776 449 149
462-1-1-0.05-50-0 1 2445 10 27 128 74 0.2533 0.0776 449 149
462-1-1-0.05-50-0 1 2446 1 10 37 132 0.2520 0.2533 409 449
462-1-1-0.05-50-0 1 2446 10 27 131 73 0.2533 0.0776 449 149
462-1-1-0.05-50-0 1 2447 14 13 11 144 0.8451 0.8878 105 151
462-1-1-0.05-50-0 1 2447 10 27 132 75 0.2533 0.0776 449 149
462-1-1-0.05-50-0 1 2447 1 10 36 132 0.2520 0.2533 409 449
462-1-1-0.05-50-0 1 2448 14 25 11 93 0.8451 0.9430 105 125
462-1-1-0.05-50-0 1 2448 10 27 130 74 0.2533 0.0776 449 149
462-1-1-0.05-50-0 1 2448 19 34 7 1 0.8072 0.7448 134 168
462-1-1-0.05-50-0 1 2448 37 16 5 5 0.8481 0.2228 127 149
462-1-1-0.05-50-0 1 2449 40 3 56 1 0.9739 0.4813 104 321
462-1-1-0.05-50-0 1 2449 43 12 41 3 0.8316 0.1896 123 325
462-1-1-0.05-50-0 1 2449 10 27 127 74 0.2533 0.0776 449 149
462-1-1-0.05-50-0 1 2450 10 27 132 74 0.2533 0.0776 449 149
462-1-1-0.05-50-0 1 2450 10 27 132 73 0.2533 0.0776 449 149
462-1-1-0.05-50-0 1 2450 10 27 132 72 0.2533 0.0776 449 149
462-1-1-0.05-50-0 1 2450 10 27 132 71 0.2533 0.0776 449 149
462-1-1-0.05-50-0 1 2451 10 27 136 69 0.2533 0.0776 449 149
462-1-1-0.05-50-0 1 2451 10 27 136 68 0.2533 0.0776 449 149
462-1-1-0.05-50-0 1 2451 10 27 136 67 0.2533 0.0776 449 149
462-1-1-0.05-50-0 1 2452 10 27 136 67 0.2533 0.0776 449 149
462-1-1-0.05-50-0 1 2452 10 27 136 66 0.2533 0.0776 449 149
462-1-1-0.05-50-0 1 2452 36 36 18 18 0.8162 0.8162 165 165
462-1-1-0.05-50-0 1 2452 1 1 39 39 0.2520 0.2520 409 409
462-1-1-0.05-50-0 1 2452 37 50 4 7 0.8481 0.2147 127 147
462-1-1-0.05-50-0 1 2452 1 1 38 38 0.2520 0.2520 409 409
462-1-1-0.05-50-0 1 2453 40 33 61 1 0.9739 0.6893 104 191
462-1-1-0.05-50-0 1 2453 1 10 34 141 0.2520 0.2533 409 449
462-1-1-0.05-50-0 1 2453 19 38 6 2 0.8072 0.6163 134 270
462-1-1-0.05-50-0 1 2453 40 32 61 1 0.9739 0.6514 104 215
462-1-1-0.05-50-0 1 2453 1 10 34 140 0.2520 0.2533 409 449
462-1-1-0.05-50-0 1 2454 10 27 137 67 0.2533 0.0776 449 149
462-1-1-0.05-50-0 1 2454 1 16 36 7 0.2520 0.2228 409 149
462-1-1-0.05-50-0 1 2454 10 27 137 66 0.2533 0.0776 449 149
462-1-1-0.05-50-0 1 2454 10 27 137 65 0.2533 0.0776 449 149
462-1-1-0.05-50-0 1 2455 43 49 39 1 0.8316 0.1842 123 136
462-1-1-0.05-50-0 1 2455 20 38 86 1 0.9922 0.6163 102 270
462-1-1-0.05-50-0 1 2455 10 27 140 66 0.2533 0.0776 449 149
462-1-1-0.05-50-0 1 2455 10 27 140 65 0.2533 0.0776 449 149
462-1-1-0.05-50-0 1 2455 10 27 140 64 0.2533 0.0776 449 149
462-1-1-0.05-50-0 1 2456 43 24 39 1 0.8316 0.1940 123 254
462-1-1-0.05-50-0 1 2456 10 27 139 62 0.2533 0.0776 449 149
462-1-1-0.05-50-0 1 2456 37 50 6 7 0.8481 0.2147 127 147
462-1-1-0.05-50-0 1 2456 40 17 56 1 0.9739 0.6398 104 197
462-1-1-0.05-50-0 1 2456 10 27 139 61 0.2533 0.0776 449 149
462-1-1-0.05-50-0 1 2456 10 27 139 60 0.2533 0.0776 449 149
462-1-1-0.05-50-0 1 2457 1 1 39 39 0.2520 0.2520 409 409
462-1-1-0.05-50-0 1 2457 10 27 139 60 0.2533 0.0776 449 149
462-1-1-0.05-50-0 1 2457 10 27 139 59 0.2533 0.0776 449 149
462-1-1-0.05-50-0 1 2458 20 29 87 1 0.9922 0.6728 102 177
462-1-1-0.05-50-0 1 2458 36 43 19 38 0.8162 0.8316 165 123
462-1-1-0.05-50-0 1 2458 1 8 39 17 0.2520 0.2506 409 303
462-1-1-0.05-50-0 1 2458 10 27 141 58 0.2533 0.0776 449 149
462-1-1-0.05-50-0 1 2458 1 10 39 141 0.2520 0.2533 409 449
462-1-1-0.05-50-0 1 2459 10 27 139 59 0.2533 0.0776 449 149
462-1-1-0.05-50-0 1 2459 1 10 41 139 0.2520 0.2533 409 449
462-1-1-0.05-50-0 1 2459 19 19 4 4 0.8072 0.8072 134 134
462-1-1-0.05-50-0 1 2459 10 27 138 58 0.2533 0.0776 449 149
462-1-1-0.05-50-0 1 2459 1 1 41 41 0.2520 0.2520 409 409
462-1-1-0.05-50-0 1 2459 10 27 138 57 0.2533 0.0776 449 149
462-1-1-0.05-50-0 1 2459 10 27 138 56 0.2533 0.0776 449 149
462-1-1-0.05-50-0 1 2460 10 27 136 57 0.2533 0.0776 449 149
462-1-1-0.05-50-0 1 2460 20 21 95 1 0.9922 0.4184 102 158
462-1-1-0.05-50-0 1 2460 10 27 136 56 0.2533 0.0776 449 149
462-1-1-0.05-50-0 1 2461 10 27 137 54 0.2533 0.0776 449 149
462-1-1-0.05-50-0 1 2461 10 27 137 53 0.2533 0.0776 449 149
462-1-1-0.05-50-0 1 2461 36 43 18 35 0.8162 0.8316 165 123
462-1-1-0.05-50-0 1 2461 1 10 41 137 0.2520 0.2533 409 449
462-1-1-0.05-50-0 1 2461 1 10 41 136 0.2520 0.2533 409 449
462-1-1-0.05-50-0 1 2462 1 10 42 137 0.2520 0.2533 409 449
462-1-1-0.05-50-0 1 2462 1 10 42 136 0.2520 0.2533 409 449
462-1-1-0.05-50-0 1 2462 10 27 135 51 0.2533 0.0776 449 149
462-1-1-0.05-50-0 1 2462 1 10 42 135 0.2520 0.2533 409 449
462-1-1-0.05-50-0 1 2462 37 18 6 6 0.8481 0.2181 127 226
462-1-1-0.05-50-0 1 2462 10 27 134 50 0.2533 0.0776 449 149
462-1-1-0.05-50-0 1 2462 10 27 134 49 0.2533 0.0776 449 149
462-1-1-0.05-50-0 1 2463 10 27 140 49 0.2533 0.0776 449 149
462-1-1-0.05-50-0 1 2463 10 27 140 48 0.2533 0.0776 449 149
462-1-1-0.05-50-0 1 2463 10 27 140 47 0.2533 0.0776 449 149
462-1-1-0.05-50-0 1 2464 10 27 146 50 0.2533 0.0776 449 149
462-1-1-0.05-50-0 1 2464 14 25 7 101 0.8451 0.9430 105 125
462-1-1-0.05-50-0 1 2464 10 27 146 49 0.2533 0.0776 449 149
462-1-1-0.05-50-0 1 2464 10 27 146 48 0.2533 0.0776 449 149
462-1-1-0.05-50-0 1 2464 14 43 7 34 0.8451 0.8316 105 123
462-1-1-0.05-50-0 1 2464 10 27 146 47 0.2533 0.0776 449 149
462-1-1-0.05-50-0 1 2464 14 41 7 51 0.8451 0.9621 105 105
462-1-1-0.05-50-0 1 2464 36 36 19 19 0.8162 0.8162 165 165
462-1-1-0.05-50-0 1 2465 10 27 147 46 0.2533 0.0776 449 149
462-1-1-0.05-50-0 1 2465 10 27 147 45 0.2533 0.0776 449 149
462-1-1-0.05-50-0 1 2465 1 8 44 20 0.2520 0.2506 409 303
462-1-1-0.05-50-0 1 2465 10 27 147 44 0.2533 0.0776 449 149
462-1-1-0.05-50-0 1 2465 10 27 147 43 0.2533 0.0776 449 149
462-1-1-0.05-50-0 1 2465 10 27 147 42 0.2533 0.0776 449 149
462-1-1-0.05-50-0 1 2465 40 34 58 2 0.9739 0.7448 104 168
462-1-1-0.05-50-0 1 2466 10 27 147 40 0.2533 0.0776 449 149
462-1-1-0.05-50-0 1 2466 10 27 147 39 0.2533 0.0776 449 149
462-1-1-0.05-50-0 1 2466 10 27 147 38 0.2533 0.0776 449 149
462-1-1-0.05-50-0 1 2466 1 10 47 147 0.2520 0.2533 409 449
462-1-1-0.05-50-0 1 2466 14 13 6 151 0.8451 0.8878 105 151
462-1-1-0.05-50-0 1 2466 36 43 18 34 0.8162 0.8316 165 123
462-1-1-0.05-50-0 1 2466 36 43 18 33 0.8162 0.8316 165 123
462-1-1-0.05-50-0 1 2466 10 27 146 37 0.2533 0.0776 449 149
462-1-1-0.05-50-0 1 2467 10 27 150 36 0.2533 0.0776 449 149
462-1-1-0.05-50-0 1 2467 1 1 47 47 0.2520 0.2520 409 409
462-1-1-0.05-50-0 1 2467 10 27 150 35 0.2533 0.0776 449 149
462-1-1-0.05-50-0 1 2467 36 43 18 34 0.8162 0.8316 165 123
462-1-1-0.05-50-0 1 2467 1 10 46 150 0.2520 0.2533 409 449
462-1-1-0.05-50-0 1 2468 10 27 153 33 0.2533 0.0776 449 149
462-1-1-0.05-50-0 1 2468 1 10 44 153 0.2520 0.2533 409 449
462-1-1-0.05-50-0 1 2468 10 27 152 32 0.2533 0.0776 449 149
462-1-1-0.05-50-0 1 2468 10 27 152 31 0.2533 0.0776 449 149
462-1-1-0.05-50-0 1 2468 37 16 4 6 0.8481 0.2228 127 149
462-1-1-0.05-50-0 1 2468 1 18 44 8 0.2520 0.2181 409 226
462-1-1-0.05-50-0 1 2468 10 27 152 30 0.2533 0.0776 449 149
462-1-1-0.05-50-0 1 2469 10 27 158 27 0.2533 0.0776 449 149
462-1-1-0.05-50-0 1 2469 40 34 60 2 0.9739 0.7448 104 168
462-1-1-0.05-50-0 1 2469 10 27 158 26 0.2533 0.0776 449 149
462-1-1-0.05-50-0 1 2469 41 22 45 2 0.9621 0.0160 105 311
462-1-1-0.05-50-0 1 2470 36 36 19 19 0.8162 0.8162 165 165
462-1-1-0.05-50-0 1 2470 37 50 4 11 0.8481 0.2147 127 147
462-1-1-0.05-50-0 1 2470 1 1 43 43 0.2520 0.2520 409 409
462-1-1-0.05-50-0 1 2470 25 22 104 2 0.9430 0.0160 125 311
462-1-1-0.05-50-0 1 2470 10 27 165 24 0.2533 0.0776 449 149
462-1-1-0.05-50-0 1 2471 1 1 40 40 0.2520 0.2520 409 409
462-1-1-0.05-50-0 1 2471 10 27 166 24 0.2533 0.0776 449 149
462-1-1-0.05-50-0 1 2471 10 27 166 23 0.2533 0.0776 449 149
462-1-1-0.05-50-0 1 2471 36 36 17 17 0.8162 0.8162 165 165
462-1-1-0.05-50-0 1 2472 10 27 170 24 0.2533 0.0776 449 149
462-1-1-0.05-50-0 1 2472 1 1 39 39 0.2520 0.2520 409 409
462-1-1-0.05-50-0 1 2472 1 1 38 38 0.2520 0.2520 409 409
462-1-1-0.05-50-0 1 2472 40 34 65 1 0.9739 0.7448 104 168
462-1-1-0.05-50-0 1 2472 10 27 170 23 0.2533 0.0776 449 149
462-1-1-0.05-50-0 1 2472 10 27 170 22 0.2533 0.0776 449 149
462-1-1-0.05-50-0 1 2473 36 43 17 32 0.8162 0.8316 165 123
462-1-1-0.05-50-0 1 2473 36 32 17 1 0.8162 0.6514 165 215
462-1-1-0.05-50-0 1 2473 1 8 40 21 0.2520 0.2506 409 303
462-1-1-0.05-50-0 1 2473 36 36 17 17 0.8162 0.8162 165 165
462-1-1-0.05-50-0 1 2473 1 10 40 169 0.2520 0.2533 409 449
462-1-1-0.05-50-0 1 2473 37 16 5 6 0.8481 0.2228 127 149
462-1-1-0.05-50-0 1 2473 10 27 168 21 0.2533 0.0776 449 149
462-1-1-0.05-50-0 1 2473 10 27 168 20 0.2533 0.0776 449 149
462-1-1-0.05-50-0 1 2474 37 18 5 7 0.8481 0.2181 127 226
462-1-1-0.05-50-0 1 2474 14 47 7 102 0.8451 0.9293 105 103
462-1-1-0.05-50-0 1 2474 40 9 64 1 0.9739 0.6134 104 161
462-1-1-0.05-50-0 1 2474 41 22 48 1 0.9621 0.0160 105 311
462-1-1-0.05-50-0 1 2475 10 27 161 20 0.2533 0.0776 449 149
462-1-1-0.05-50-0 1 2475 10 27 161 19 0.2533 0.0776 449 149
462-1-1-0.05-50-0 1 2475 10 27 161 18 0.2533 0.0776 449 149
462-1-1-0.05-50-0 1 2475 1 10 42 161 0.2520 0.2533 409 449
462-1-1-0.05-50-0 1 2476 10 27 162 17 0.2533 0.0776 449 149
462-1-1-0.05-50-0 1 2476 36 43 16 30 0.8162 0.8316 165 123
462-1-1-0.05-50-0 1 2476 1 10 42 162 0.2520 0.2533 409 449
462-1-1-0.05-50-0 1 2477 10 27 164 19 0.2533 0.0776 449 149
462-1-1-0.05-50-0 1 2477 48 27 3 18 0.1153 0.0776 334 149
462-1-1-0.05-50-0 1 2477 10 27 164 17 0.2533 0.0776 449 149
462-1-1-0.05-50-0 1 2477 36 43 16 29 0.8162 0.8316 165 123
462-1-1-0.05-50-0 1 2478 10 27 166 16 0.2533 0.0776 449 149
462-1-1-0.05-50-0 1 2478 10 27 166 15 0.2533 0.0776 449 149
462-1-1-0.05-50-0 1 2478 1 10 43 166 0.2520 0.2533 409 449
462-1-1-0.05-50-0 1 2478 10 27 165 14 0.2533 0.0776 449 149
462-1-1-0.05-50-0 1 2478 10 27 165 13 0.2533 0.0776 449 149
462-1-1-0.05-50-0 1 2478 10 27 165 12 0.2533 0.0776 449 149
462-1-1-0.05-50-0 1 2478 10 27 165 11 0.2533 0.0776 449 149
462-1-1-0.05-50-0 1 2479 10 27 166 10 0.2533 0.0776 449 149
462-1-1-0.05-50-0 1 2479 1 10 41 166 0.2520 0.2533 409 449
462-1-1-0.05-50-0 1 2479 50 48 9 3 0.2147 0.1153 147 334
462-1-1-0.05-50-0 1 2479 10 27 165 9 0.2533 0.0776 449 149
462-1-1-0.05-50-0 1 2480 1 10 40 173 0.2520 0.2533 409 449
462-1-1-0.05-50-0 1 2480 1 1 40 40 0.2520 0.2520 409 409
462-1-1-0.05-50-0 1 2481 1 1 39 39 0.2520 0.2520 409 409
462-1-1-0.05-50-0 1 2481 10 27 176 9 0.2533 0.0776 449 149
462-1-1-0.05-50-0 1 2481 10 27 176 8 0.2533 0.0776 449 149
462-1-1-0.05-50-0 1 2481 10 27 176 7 0.2533 0.0776 449 149
462-1-1-0.05-50-0 1 2481 1 1 38 38 0.2520 0.2520 409 409
462-1-1-0.05-50-0 1 2482 10 27 178 6 0.2533 0.0776 449 149
462-1-1-0.05-50-0 1 2482 10 27 178 5 0.2533 0.0776 449 149
462-1-1-0.05-50-0 1 2482 1 10 39 178 0.2520 0.2533 409 449
462-1-1-0.05-50-0 1 2482 36 43 19 31 0.8162 0.8316 165 123
462-1-1-0.05-50-0 1 2482 10 27 177 4 0.2533 0.0776 449 149
462-1-1-0.05-50-0 1 2483 1 50 43 9 0.2520 0.2147 409 147
462-1-1-0.05-50-0 1 2483 1 10 43 184 0.2520 0.2533 409 449
462-1-1-0.05-50-0 1 2483 40 21 63 1 0.9739 0.4184 104 158
462-1-1-0.05-50-0 1 2484 40 45 61 1 0.9739 0.3816 104 173
462-1-1-0.05-50-0 1 2484 1 10 43 186 0.2520 0.2533 409 449
462-1-1-0.05-50-0 1 2484 1 10 43 185 0.2520 0.2533 409 449
462-1-1-0.05-50-0 1 2484 10 27 184 4 0.2533 0.0776 449 149
462-1-1-0.05-50-0 1 2484 36 43 22 30 0.8162 0.8316 165 123
462-1-1-0.05-50-0 1 2484 40 6 61 1 0.9739 0.4266 104 249
462-1-1-0.05-50-0 1 2484 36 26 22 1 0.8162 0.8171 165 141
462-1-1-0.05-50-0 1 2485 1 10 45 184 0.2520 0.2533 409 449
462-1-1-0.05-50-0 1 2485 36 36 22 22 0.8162 0.8162 165 165
462-1-1-0.05-50-0 1 2485 1 10 45 183 0.2520 0.2533 409 449
462-1-1-0.05-50-0 1 2485 1 10 45 182 0.2520 0.2533 409 449
462-1-1-0.05-50-0 1 2485 10 27 181 3 0.2533 0.0776 449 149
462-1-1-0.05-50-0 1 2486 36 36 23 23 0.8162 0.8162 165 165
462-1-1-0.05-50-0 1 2488 43 24 27 2 0.8316 0.1940 123 254
462-1-1-0.05-50-0 1 2488 36 36 20 20 0.8162 0.8162 165 165
462-1-1-0.05-50-0 1 2489 36 14 18 8 0.8162 0.8451 165 105
462-1-1-0.05-50-0 1 2489 1 10 47 198 0.2520 0.2533 409 449
462-1-1-0.05-50-0 1 2489 36 43 18 29 0.8162 0.8316 165 123
462-1-1-0.05-50-0 1 2489 10 27 197 3 0.2533 0.0776 449 149
462-1-1-0.05-50-0 1 2490 1 10 46 199 0.2520 0.2533 409 449
462-1-1-0.05-50-0 1 2490 1 10 46 198 0.2520 0.2533 409 449
462-1-1-0.05-50-0 1 2490 1 10 46 197 0.2520 0.2533 409 449
462-1-1-0.05-50-0 1 2491 10 27 197 3 0.2533 0.0776 449 149
462-1-1-0.05-50-0 1 2491 14 40 7 59 0.8451 0.9739 105 104
462-1-1-0.05-50-0 1 2491 1 8 49 29 0.2520 0.2506 409 303
462-1-1-0.05-50-0 1 2492 10 27 203 3 0.2533 0.0776 449 149
462-1-1-0.05-50-0 1 2492 10 27 203 2 0.2533 0.0776 449 149
462-1-1-0.05-50-0 1 2492 1 10 47 203 0.2520 0.2533 409 449
462-1-1-0.05-50-0 1 2492 10 27 202 1 0.2533 0.0776 449 149
462-1-1-0.05-50-0 1 2492 41 5 50 2 0.9621 0.0007 105 226
462-1-1-0.05-50-0 1 2493 1 1 47 47 0.2520 0.2520 409 409
462-1-1-0.05-50-0 1 2493 1 10 46 204 0.2520 0.2533 409 449
462-1-1-0.05-50-0 1 2493 1 10 46 203 0.2520 0.2533 409 449
462-1-1-0.05-50-0 1 2493 36 43 22 28 0.8162 0.8316 165 123
462-1-1-0.05-50-0 1 2494 1 10 46 205 0.2520 0.2533 409 449
462-1-1-0.05-50-0 1 2494 36 14 22 6 0.8162 0.8451 165 105
462-1-1-0.05-50-0 1 2494 43 12 28 2 0.8316 0.1896 123 325
462-1-1-0.05-50-0 1 2494 1 10 46 204 0.2520 0.2533 409 449
462-1-1-0.05-50-0 1 2495 41 5 46 1 0.9621 0.0007 105 226
462-1-1-0.05-50-0 1 2495 23 23 8 8 0.1698 0.1698 476 476
462-1-1-0.05-50-0 1 2495 40 44 58 1 0.9739 0.7034 104 118
462-1-1-0.05-50-0 1 2495 1 10 47 209 0.2520 0.2533 409 449
462-1-1-0.05-50-0 1 2495 36 43 23 27 0.8162 0.8316 165 123
462-1-1-0.05-50-0 1 2496 36 36 21 21 0.8162 0.8162 165 165
462-1-1-0.05-50-0 1 2497 20 17 102 1 0.9922 0.6398 102 197
462-1-1-0.05-50-0 1 2497 1 1 48 48 0.2520 0.2520 409 409
462-1-1-0.05-50-0 1 2498 1 10 46 212 0.2520 0.2533 409 449
462-1-1-0.05-50-0 1 2498 37 16 4 8 0.8481 0.2228 127 149
462-1-1-0.05-50-0 1 2498 14 47 4 66 0.8451 0.9293 105 103
462-1-1-0.05-50-0 1 2498 37 48 4 3 0.8481 0.1153 127 334
462-1-1-0.05-50-0 1 2499 20 44 102 1 0.9922 0.7034 102 118
462-1-1-0.05-50-0 1 2499 1 1 44 44 0.2520 0.2520 409 409
462-1-1-0.05-50-0 1 2499 20 38 102 1 0.9922 0.6163 102 270
462-1-1-0.05-50-0 1 2500 1 10 43 222 0.2520 0.2533 409 449
462-1-1-0.05-50-0 1 2500 1 10 43 221 0.2520 0.2533 409 449
462-1-1-0.05-50-0 1 2500 1 10 43 220 0.2520 0.2533 409 449
462-1-1-0.05-50-0 1 2500 23 23 8 8 0.1698 0.1698 476 476
462-1-1-0.05-50-0 1 2500 1 10 43 219 0.2520 0.2533 409 449
462-1-1-0.05-50-0 1 2500 37 16 4 7 0.8481 0.2228 127 149
462-1-1-0.05-50-0 1 2500 36 36 23 23 0.8162 0.8162 165 165
