463-1-1-0.05-50-0 1 2302 36 43 164 119 0.8162 0.8316 165 123
463-1-1-0.05-50-0 1 2302 36 26 164 95 0.8162 0.8171 165 141
463-1-1-0.05-50-0 1 2302 2 17 146 1 0.8198 0.6398 167 197
463-1-1-0.05-50-0 1 2302 36 43 164 118 0.8162 0.8316 165 123
463-1-1-0.05-50-0 1 2302 36 2 164 146 0.8162 0.8198 165 167
463-1-1-0.05-50-0 1 2303 14 2 49 146 0.8451 0.8198 105 167
463-1-1-0.05-50-0 1 2303 36 2 162 145 0.8162 0.8198 165 167
463-1-1-0.05-50-0 1 2303 36 34 162 166 0.8162 0.7448 165 168
463-1-1-0.05-50-0 1 2304 14 36 53 165 0.8451 0.8162 105 165
463-1-1-0.05-50-0 1 2304 19 15 14 121 0.8072 0.7918 134 149
463-1-1-0.05-50-0 1 2304 36 43 164 115 0.8162 0.8316 165 123
463-1-1-0.05-50-0 1 2304 36 15 164 120 0.8162 0.7918 165 149
463-1-1-0.05-50-0 1 2304 19 19 14 14 0.8072 0.8072 134 134
463-1-1-0.05-50-0 1 2305 14 26 52 98 0.8451 0.8171 105 141
463-1-1-0.05-50-0 1 2305 36 19 165 14 0.8162 0.8072 165 134
463-1-1-0.05-50-0 1 2305 14 47 52 77 0.8451 0.9293 105 103
463-1-1-0.05-50-0 1 2306 36 36 165 165 0.8162 0.8162 165 165
463-1-1-0.05-50-0 1 2306 36 2 164 141 0.8162 0.8198 165 167
463-1-1-0.05-50-0 1 2306 36 26 164 97 0.8162 0.8171 165 141
463-1-1-0.05-50-0 1 2306 36 36 164 164 0.8162 0.8162 165 165
463-1-1-0.05-50-0 1 2306 14 36 56 163 0.8451 0.8162 105 165
463-1-1-0.05-50-0 1 2306 36 2 162 140 0.8162 0.8198 165 167
463-1-1-0.05-50-0 1 2306 36 15 162 124 0.8162 0.7918 165 149
463-1-1-0.05-50-0 1 2306 19 42 12 31 0.8072 0.7447 134 106
463-1-1-0.05-50-0 1 2307 36 2 160 139 0.8162 0.8198 165 167
463-1-1-0.05-50-0 1 2307 36 42 160 30 0.8162 0.7447 165 106
463-1-1-0.05-50-0 1 2307 7 31 83 2 0.9267 0.5626 106 252
463-1-1-0.05-50-0 1 2307 36 15 160 119 0.8162 0.7918 165 149
463-1-1-0.05-50-0 1 2307 36 34 160 162 0.8162 0.7448 165 168
463-1-1-0.05-50-0 1 2307 36 15 160 118 0.8162 0.7918 165 149
463-1-1-0.05-50-0 1 2308 14 15 55 117 0.8451 0.7918 105 149
463-1-1-0.05-50-0 1 2308 43 12 119 1 0.8316 0.1896 123 325
463-1-1-0.05-50-0 1 2309 36 37 163 122 0.8162 0.8481 165 127
463-1-1-0.05-50-0 1 2309 20 28 23 2 0.9922 0.3846 102 311
463-1-1-0.05-50-0 1 2309 36 34 163 168 0.8162 0.7448 165 168
463-1-1-0.05-50-0 1 2309 19 34 12 167 0.8072 0.7448 134 168
463-1-1-0.05-50-0 1 2309 37 16 121 1 0.8481 0.2228 127 149
463-1-1-0.05-50-0 1 2309 36 14 163 56 0.8162 0.8451 165 105
463-1-1-0.05-50-0 1 2309 2 31 136 1 0.8198 0.5626 167 252
463-1-1-0.05-50-0 1 2310 2 17 133 1 0.8198 0.6398 167 197
463-1-1-0.05-50-0 1 2310 36 14 161 53 0.8162 0.8451 165 105
463-1-1-0.05-50-0 1 2310 14 14 52 52 0.8451 0.8451 105 105
463-1-1-0.05-50-0 1 2310 36 15 161 113 0.8162 0.7918 165 149
463-1-1-0.05-50-0 1 2311 19 15 12 116 0.8072 0.7918 134 149
463-1-1-0.05-50-0 1 2311 14 47 50 75 0.8451 0.9293 105 103
463-1-1-0.05-50-0 1 2311 36 34 165 168 0.8162 0.7448 165 168
463-1-1-0.05-50-0 1 2311 36 2 165 131 0.8162 0.8198 165 167
463-1-1-0.05-50-0 1 2311 36 36 165 165 0.8162 0.8162 165 165
463-1-1-0.05-50-0 1 2311 36 36 164 164 0.8162 0.8162 165 165
463-1-1-0.05-50-0 1 2311 14 2 50 130 0.8451 0.8198 105 167
463-1-1-0.05-50-0 1 2311 36 26 163 107 0.8162 0.8171 165 141
463-1-1-0.05-50-0 1 2312 36 37 165 123 0.8162 0.8481 165 127
463-1-1-0.05-50-0 1 2312 36 36 165 165 0.8162 0.8162 165 165
463-1-1-0.05-50-0 1 2312 36 15 164 113 0.8162 0.7918 165 149
463-1-1-0.05-50-0 1 2312 36 15 164 112 0.8162 0.7918 165 149
463-1-1-0.05-50-0 1 2312 14 25 51 125 0.8451 0.9430 105 125
463-1-1-0.05-50-0 1 2312 26 28 109 2 0.8171 0.3846 141 311
463-1-1-0.05-50-0 1 2312 15 28 111 1 0.7918 0.3846 149 311
463-1-1-0.05-50-0 1 2312 26 45 109 1 0.8171 0.3816 141 173
463-1-1-0.05-50-0 1 2313 34 11 164 1 0.7448 0.0504 168 384
463-1-1-0.05-50-0 1 2313 14 37 56 118 0.8451 0.8481 105 127
463-1-1-0.05-50-0 1 2313 36 36 165 165 0.8162 0.8162 165 165
463-1-1-0.05-50-0 1 2314 36 36 163 163 0.8162 0.8162 165 165
463-1-1-0.05-50-0 1 2314 36 14 162 58 0.8162 0.8451 165 105
463-1-1-0.05-50-0 1 2314 36 26 162 112 0.8162 0.8171 165 141
463-1-1-0.05-50-0 1 2314 36 15 162 106 0.8162 0.7918 165 149
463-1-1-0.05-50-0 1 2314 36 43 162 114 0.8162 0.8316 165 123
463-1-1-0.05-50-0 1 2315 36 2 165 123 0.8162 0.8198 165 167
463-1-1-0.05-50-0 1 2315 36 15 165 108 0.8162 0.7918 165 149
463-1-1-0.05-50-0 1 2315 2 9 122 1 0.8198 0.6134 167 161
463-1-1-0.05-50-0 1 2315 14 43 57 112 0.8451 0.8316 105 123
463-1-1-0.05-50-0 1 2316 36 43 165 113 0.8162 0.8316 165 123
463-1-1-0.05-50-0 1 2316 36 36 165 165 0.8162 0.8162 165 165
463-1-1-0.05-50-0 1 2316 36 2 164 121 0.8162 0.8198 165 167
463-1-1-0.05-50-0 1 2316 36 43 164 112 0.8162 0.8316 165 123
463-1-1-0.05-50-0 1 2316 36 15 164 113 0.8162 0.7918 165 149
463-1-1-0.05-50-0 1 2316 43 49 111 1 0.8316 0.1842 123 136
463-1-1-0.05-50-0 1 2316 14 13 58 134 0.8451 0.8878 105 151
463-1-1-0.05-50-0 1 2316 14 41 58 92 0.8451 0.9621 105 105
463-1-1-0.05-50-0 1 2316 36 15 164 112 0.8162 0.7918 165 149
463-1-1-0.05-50-0 1 2317 36 26 165 108 0.8162 0.8171 165 141
463-1-1-0.05-50-0 1 2317 36 15 165 114 0.8162 0.7918 165 149
463-1-1-0.05-50-0 1 2317 36 36 165 165 0.8162 0.8162 165 165
463-1-1-0.05-50-0 1 2317 19 15 14 113 0.8072 0.7918 134 149
463-1-1-0.05-50-0 1 2317 14 7 59 80 0.8451 0.9267 105 106
463-1-1-0.05-50-0 1 2318 41 35 87 1 0.9621 0.0354 105 158
463-1-1-0.05-50-0 1 2318 36 15 162 113 0.8162 0.7918 165 149
463-1-1-0.05-50-0 1 2318 14 26 60 110 0.8451 0.8171 105 141
463-1-1-0.05-50-0 1 2318 36 36 162 162 0.8162 0.8162 165 165
463-1-1-0.05-50-0 1 2319 19 15 15 111 0.8072 0.7918 134 149
463-1-1-0.05-50-0 1 2319 36 43 165 104 0.8162 0.8316 165 123
463-1-1-0.05-50-0 1 2319 36 36 165 165 0.8162 0.8162 165 165
463-1-1-0.05-50-0 1 2319 36 34 164 167 0.8162 0.7448 165 168
463-1-1-0.05-50-0 1 2319 36 43 164 103 0.8162 0.8316 165 123
463-1-1-0.05-50-0 1 2319 36 43 164 102 0.8162 0.8316 165 123
463-1-1-0.05-50-0 1 2319 36 36 164 164 0.8162 0.8162 165 165
463-1-1-0.05-50-0 1 2319 36 2 163 123 0.8162 0.8198 165 167
463-1-1-0.05-50-0 1 2319 36 36 163 163 0.8162 0.8162 165 165
463-1-1-0.05-50-0 1 2320 36 2 162 122 0.8162 0.8198 165 167
463-1-1-0.05-50-0 1 2320 14 19 61 16 0.8451 0.8072 105 134
463-1-1-0.05-50-0 1 2320 19 34 15 168 0.8072 0.7448 134 168
463-1-1-0.05-50-0 1 2320 36 43 162 101 0.8162 0.8316 165 123
463-1-1-0.05-50-0 1 2321 14 15 60 109 0.8451 0.7918 105 149
463-1-1-0.05-50-0 1 2321 14 2 60 121 0.8451 0.8198 105 167
463-1-1-0.05-50-0 1 2321 36 36 157 157 0.8162 0.8162 165 165
463-1-1-0.05-50-0 1 2321 14 7 60 73 0.8451 0.9267 105 106
463-1-1-0.05-50-0 1 2321 36 43 156 101 0.8162 0.8316 165 123
463-1-1-0.05-50-0 1 2321 14 15 60 108 0.8451 0.7918 105 149
463-1-1-0.05-50-0 1 2321 14 47 60 66 0.8451 0.9293 105 103
463-1-1-0.05-50-0 1 2322 19 34 15 168 0.8072 0.7448 134 168
463-1-1-0.05-50-0 1 2322 15 50 109 3 0.7918 0.2147 149 147
463-1-1-0.05-50-0 1 2322 15 50 109 2 0.7918 0.2147 149 147
463-1-1-0.05-50-0 1 2322 36 34 156 167 0.8162 0.7448 165 168
463-1-1-0.05-50-0 1 2322 14 15 62 109 0.8451 0.7918 105 149
463-1-1-0.05-50-0 1 2322 36 37 156 116 0.8162 0.8481 165 127
463-1-1-0.05-50-0 1 2323 36 2 163 121 0.8162 0.8198 165 167
463-1-1-0.05-50-0 1 2323 2 44 120 1 0.8198 0.7034 167 118
463-1-1-0.05-50-0 1 2323 36 14 163 65 0.8162 0.8451 165 105
463-1-1-0.05-50-0 1 2323 14 37 64 112 0.8451 0.8481 105 127
463-1-1-0.05-50-0 1 2323 36 36 163 163 0.8162 0.8162 165 165
463-1-1-0.05-50-0 1 2323 36 34 162 164 0.8162 0.7448 165 168
463-1-1-0.05-50-0 1 2323 36 26 162 113 0.8162 0.8171 165 141
463-1-1-0.05-50-0 1 2323 15 50 108 1 0.7918 0.2147 149 147
463-1-1-0.05-50-0 1 2324 37 24 110 1 0.8481 0.1940 127 254
463-1-1-0.05-50-0 1 2324 36 15 158 103 0.8162 0.7918 165 149
463-1-1-0.05-50-0 1 2324 41 22 91 1 0.9621 0.0160 105 311
463-1-1-0.05-50-0 1 2324 36 34 158 164 0.8162 0.7448 165 168
463-1-1-0.05-50-0 1 2324 25 11 110 2 0.9430 0.0504 125 384
463-1-1-0.05-50-0 1 2324 36 34 158 163 0.8162 0.7448 165 168
463-1-1-0.05-50-0 1 2324 34 11 162 1 0.7448 0.0504 168 384
463-1-1-0.05-50-0 1 2325 25 35 112 1 0.9430 0.0354 125 158
463-1-1-0.05-50-0 1 2325 19 15 15 97 0.8072 0.7918 134 149
463-1-1-0.05-50-0 1 2325 36 14 161 65 0.8162 0.8451 165 105
463-1-1-0.05-50-0 1 2325 19 15 15 96 0.8072 0.7918 134 149
463-1-1-0.05-50-0 1 2325 36 2 161 129 0.8162 0.8198 165 167
463-1-1-0.05-50-0 1 2326 14 14 68 68 0.8451 0.8451 105 105
463-1-1-0.05-50-0 1 2326 36 14 161 67 0.8162 0.8451 165 105
463-1-1-0.05-50-0 1 2326 36 34 161 159 0.8162 0.7448 165 168
463-1-1-0.05-50-0 1 2327 36 36 164 164 0.8162 0.8162 165 165
463-1-1-0.05-50-0 1 2327 36 15 163 94 0.8162 0.7918 165 149
463-1-1-0.05-50-0 1 2327 15 49 93 1 0.7918 0.1842 149 136
463-1-1-0.05-50-0 1 2328 36 15 164 90 0.8162 0.7918 165 149
463-1-1-0.05-50-0 1 2328 36 34 164 152 0.8162 0.7448 165 168
463-1-1-0.05-50-0 1 2328 15 8 89 1 0.7918 0.2506 149 303
463-1-1-0.05-50-0 1 2328 36 37 164 111 0.8162 0.8481 165 127
463-1-1-0.05-50-0 1 2328 34 4 151 1 0.7448 0.0723 168 351
463-1-1-0.05-50-0 1 2328 36 2 164 121 0.8162 0.8198 165 167
463-1-1-0.05-50-0 1 2328 36 36 164 164 0.8162 0.8162 165 165
463-1-1-0.05-50-0 1 2329 19 34 13 155 0.8072 0.7448 134 168
463-1-1-0.05-50-0 1 2329 36 19 164 13 0.8162 0.8072 165 134
463-1-1-0.05-50-0 1 2329 14 41 61 95 0.8451 0.9621 105 105
463-1-1-0.05-50-0 1 2329 36 34 164 154 0.8162 0.7448 165 168
463-1-1-0.05-50-0 1 2329 36 34 164 153 0.8162 0.7448 165 168
463-1-1-0.05-50-0 1 2330 19 42 14 28 0.8072 0.7447 134 106
463-1-1-0.05-50-0 1 2330 36 34 162 154 0.8162 0.7448 165 168
463-1-1-0.05-50-0 1 2330 14 13 61 139 0.8451 0.8878 105 151
463-1-1-0.05-50-0 1 2331 36 14 165 61 0.8162 0.8451 165 105
463-1-1-0.05-50-0 1 2331 19 15 12 94 0.8072 0.7918 134 149
463-1-1-0.05-50-0 1 2331 14 14 60 60 0.8451 0.8451 105 105
463-1-1-0.05-50-0 1 2331 36 36 165 165 0.8162 0.8162 165 165
463-1-1-0.05-50-0 1 2331 36 37 164 116 0.8162 0.8481 165 127
463-1-1-0.05-50-0 1 2331 36 15 164 93 0.8162 0.7918 165 149
463-1-1-0.05-50-0 1 2331 36 34 164 151 0.8162 0.7448 165 168
463-1-1-0.05-50-0 1 2331 36 2 164 108 0.8162 0.8198 165 167
463-1-1-0.05-50-0 1 2331 36 37 164 115 0.8162 0.8481 165 127
463-1-1-0.05-50-0 1 2332 15 46 92 1 0.7918 0.3451 149 327
463-1-1-0.05-50-0 1 2332 37 23 110 1 0.8481 0.1698 127 476
463-1-1-0.05-50-0 1 2332 36 14 165 53 0.8162 0.8451 165 105
463-1-1-0.05-50-0 1 2332 36 15 165 92 0.8162 0.7918 165 149
463-1-1-0.05-50-0 1 2332 36 34 165 155 0.8162 0.7448 165 168
463-1-1-0.05-50-0 1 2333 36 14 162 52 0.8162 0.8451 165 105
463-1-1-0.05-50-0 1 2333 36 36 162 162 0.8162 0.8162 165 165
463-1-1-0.05-50-0 1 2333 36 34 161 155 0.8162 0.7448 165 168
463-1-1-0.05-50-0 1 2333 36 36 161 161 0.8162 0.8162 165 165
463-1-1-0.05-50-0 1 2333 36 37 160 113 0.8162 0.8481 165 127
463-1-1-0.05-50-0 1 2333 36 43 160 107 0.8162 0.8316 165 123
463-1-1-0.05-50-0 1 2334 36 14 161 50 0.8162 0.8451 165 105
463-1-1-0.05-50-0 1 2334 36 14 161 49 0.8162 0.8451 165 105
463-1-1-0.05-50-0 1 2334 41 35 100 1 0.9621 0.0354 105 158
463-1-1-0.05-50-0 1 2335 15 1 95 1 0.7918 0.2520 149 409
463-1-1-0.05-50-0 1 2335 34 22 160 2 0.7448 0.0160 168 311
463-1-1-0.05-50-0 1 2335 25 22 112 1 0.9430 0.0160 125 311
463-1-1-0.05-50-0 1 2335 36 19 160 13 0.8162 0.8072 165 134
463-1-1-0.05-50-0 1 2335 36 43 160 103 0.8162 0.8316 165 123
463-1-1-0.05-50-0 1 2335 36 26 160 124 0.8162 0.8171 165 141
463-1-1-0.05-50-0 1 2335 36 37 160 120 0.8162 0.8481 165 127
463-1-1-0.05-50-0 1 2336 14 15 49 94 0.8451 0.7918 105 149
463-1-1-0.05-50-0 1 2336 36 42 157 25 0.8162 0.7447 165 106
463-1-1-0.05-50-0 1 2336 36 36 157 157 0.8162 0.8162 165 165
463-1-1-0.05-50-0 1 2336 36 15 156 93 0.8162 0.7918 165 149
463-1-1-0.05-50-0 1 2336 36 15 156 92 0.8162 0.7918 165 149
463-1-1-0.05-50-0 1 2336 14 47 49 67 0.8451 0.9293 105 103
463-1-1-0.05-50-0 1 2337 36 43 154 101 0.8162 0.8316 165 123
463-1-1-0.05-50-0 1 2337 36 2 154 97 0.8162 0.8198 165 167
463-1-1-0.05-50-0 1 2338 36 37 154 127 0.8162 0.8481 165 127
463-1-1-0.05-50-0 1 2338 36 15 154 102 0.8162 0.7918 165 149
463-1-1-0.05-50-0 1 2338 14 34 52 166 0.8451 0.7448 105 168
463-1-1-0.05-50-0 1 2338 36 43 154 100 0.8162 0.8316 165 123
463-1-1-0.05-50-0 1 2339 36 2 156 101 0.8162 0.8198 165 167
463-1-1-0.05-50-0 1 2339 36 2 156 100 0.8162 0.8198 165 167
463-1-1-0.05-50-0 1 2339 36 15 156 103 0.8162 0.7918 165 149
463-1-1-0.05-50-0 1 2339 36 37 156 126 0.8162 0.8481 165 127
463-1-1-0.05-50-0 1 2339 36 15 156 102 0.8162 0.7918 165 149
463-1-1-0.05-50-0 1 2339 36 19 156 13 0.8162 0.8072 165 134
463-1-1-0.05-50-0 1 2340 36 15 153 109 0.8162 0.7918 165 149
463-1-1-0.05-50-0 1 2340 37 39 127 1 0.8481 0.2187 127 309
463-1-1-0.05-50-0 1 2340 36 15 153 108 0.8162 0.7918 165 149
463-1-1-0.05-50-0 1 2340 36 37 153 127 0.8162 0.8481 165 127
463-1-1-0.05-50-0 1 2340 36 43 153 100 0.8162 0.8316 165 123
463-1-1-0.05-50-0 1 2341 19 15 12 104 0.8072 0.7918 134 149
463-1-1-0.05-50-0 1 2341 14 13 50 121 0.8451 0.8878 105 151
463-1-1-0.05-50-0 1 2341 34 5 159 2 0.7448 0.0007 168 226
463-1-1-0.05-50-0 1 2341 36 15 153 103 0.8162 0.7918 165 149
463-1-1-0.05-50-0 1 2341 14 34 50 159 0.8451 0.7448 105 168
463-1-1-0.05-50-0 1 2341 14 36 50 153 0.8451 0.8162 105 165
463-1-1-0.05-50-0 1 2341 36 2 152 98 0.8162 0.8198 165 167
463-1-1-0.05-50-0 1 2341 36 34 152 158 0.8162 0.7448 165 168
463-1-1-0.05-50-0 1 2342 2 17 99 1 0.8198 0.6398 167 197
463-1-1-0.05-50-0 1 2342 36 26 146 117 0.8162 0.8171 165 141
463-1-1-0.05-50-0 1 2343 36 43 150 97 0.8162 0.8316 165 123
463-1-1-0.05-50-0 1 2343 36 15 150 103 0.8162 0.7918 165 149
463-1-1-0.05-50-0 1 2343 36 34 150 157 0.8162 0.7448 165 168
463-1-1-0.05-50-0 1 2343 36 26 150 119 0.8162 0.8171 165 141
463-1-1-0.05-50-0 1 2343 14 36 49 150 0.8451 0.8162 105 165
463-1-1-0.05-50-0 1 2343 36 2 149 93 0.8162 0.8198 165 167
463-1-1-0.05-50-0 1 2343 36 2 149 92 0.8162 0.8198 165 167
463-1-1-0.05-50-0 1 2343 14 34 49 156 0.8451 0.7448 105 168
463-1-1-0.05-50-0 1 2343 36 34 149 155 0.8162 0.7448 165 168
463-1-1-0.05-50-0 1 2344 37 18 124 1 0.8481 0.2181 127 226
463-1-1-0.05-50-0 1 2344 36 2 157 90 0.8162 0.8198 165 167
463-1-1-0.05-50-0 1 2344 36 36 157 157 0.8162 0.8162 165 165
463-1-1-0.05-50-0 1 2344 34 48 155 1 0.7448 0.1153 168 334
463-1-1-0.05-50-0 1 2344 36 2 156 89 0.8162 0.8198 165 167
463-1-1-0.05-50-0 1 2344 36 14 156 49 0.8162 0.8451 165 105
463-1-1-0.05-50-0 1 2345 36 34 157 151 0.8162 0.7448 165 168
463-1-1-0.05-50-0 1 2345 36 36 157 157 0.8162 0.8162 165 165
463-1-1-0.05-50-0 1 2345 36 43 156 100 0.8162 0.8316 165 123
463-1-1-0.05-50-0 1 2345 36 37 156 118 0.8162 0.8481 165 127
463-1-1-0.05-50-0 1 2345 14 20 47 16 0.8451 0.9922 105 102
463-1-1-0.05-50-0 1 2345 14 26 47 122 0.8451 0.8171 105 141
463-1-1-0.05-50-0 1 2346 42 8 24 1 0.7447 0.2506 106 303
463-1-1-0.05-50-0 1 2346 36 26 158 119 0.8162 0.8171 165 141
463-1-1-0.05-50-0 1 2346 36 43 158 98 0.8162 0.8316 165 123
463-1-1-0.05-50-0 1 2347 14 15 48 105 0.8451 0.7918 105 149
463-1-1-0.05-50-0 1 2347 14 34 48 149 0.8451 0.7448 105 168
463-1-1-0.05-50-0 1 2347 36 15 161 104 0.8162 0.7918 165 149
463-1-1-0.05-50-0 1 2347 34 27 148 3 0.7448 0.0776 168 149
463-1-1-0.05-50-0 1 2347 36 36 161 161 0.8162 0.8162 165 165
463-1-1-0.05-50-0 1 2347 34 27 148 2 0.7448 0.0776 168 149
463-1-1-0.05-50-0 1 2347 14 14 48 48 0.8451 0.8451 105 105
463-1-1-0.05-50-0 1 2348 36 37 161 124 0.8162 0.8481 165 127
463-1-1-0.05-50-0 1 2348 36 14 161 47 0.8162 0.8451 165 105
463-1-1-0.05-50-0 1 2348 36 19 161 12 0.8162 0.8072 165 134
463-1-1-0.05-50-0 1 2348 34 27 153 1 0.7448 0.0776 168 149
463-1-1-0.05-50-0 1 2348 36 43 161 97 0.8162 0.8316 165 123
463-1-1-0.05-50-0 1 2348 36 42 161 27 0.8162 0.7447 165 106
463-1-1-0.05-50-0 1 2348 36 15 161 111 0.8162 0.7918 165 149
463-1-1-0.05-50-0 1 2349 14 43 49 96 0.8451 0.8316 105 123
463-1-1-0.05-50-0 1 2349 36 36 162 162 0.8162 0.8162 165 165
463-1-1-0.05-50-0 1 2349 36 14 161 49 0.8162 0.8451 165 105
463-1-1-0.05-50-0 1 2349 36 15 161 115 0.8162 0.7918 165 149
463-1-1-0.05-50-0 1 2350 14 2 48 84 0.8451 0.8198 105 167
463-1-1-0.05-50-0 1 2350 36 43 158 97 0.8162 0.8316 165 123
463-1-1-0.05-50-0 1 2350 36 34 158 154 0.8162 0.7448 165 168
463-1-1-0.05-50-0 1 2350 36 2 158 83 0.8162 0.8198 165 167
463-1-1-0.05-50-0 1 2350 14 34 48 153 0.8451 0.7448 105 168
463-1-1-0.05-50-0 1 2351 14 26 46 128 0.8451 0.8171 105 141
463-1-1-0.05-50-0 1 2351 36 2 159 80 0.8162 0.8198 165 167
463-1-1-0.05-50-0 1 2351 36 15 159 111 0.8162 0.7918 165 149
463-1-1-0.05-50-0 1 2351 14 37 46 116 0.8451 0.8481 105 127
463-1-1-0.05-50-0 1 2351 36 26 159 127 0.8162 0.8171 165 141
463-1-1-0.05-50-0 1 2352 19 19 15 15 0.8072 0.8072 134 134
463-1-1-0.05-50-0 1 2352 36 36 165 165 0.8162 0.8162 165 165
463-1-1-0.05-50-0 1 2352 14 14 48 48 0.8451 0.8451 105 105
463-1-1-0.05-50-0 1 2352 36 36 164 164 0.8162 0.8162 165 165
463-1-1-0.05-50-0 1 2352 41 5 104 2 0.9621 0.0007 105 226
463-1-1-0.05-50-0 1 2352 14 34 47 155 0.8451 0.7448 105 168
463-1-1-0.05-50-0 1 2352 41 22 104 1 0.9621 0.0160 105 311
463-1-1-0.05-50-0 1 2352 36 15 163 109 0.8162 0.7918 165 149
463-1-1-0.05-50-0 1 2352 15 45 108 1 0.7918 0.3816 149 173
463-1-1-0.05-50-0 1 2353 36 36 159 159 0.8162 0.8162 165 165
463-1-1-0.05-50-0 1 2353 41 4 105 1 0.9621 0.0723 105 351
463-1-1-0.05-50-0 1 2353 14 47 48 69 0.8451 0.9293 105 103
463-1-1-0.05-50-0 1 2353 19 34 15 155 0.8072 0.7448 134 168
463-1-1-0.05-50-0 1 2353 36 2 158 80 0.8162 0.8198 165 167
463-1-1-0.05-50-0 1 2353 19 34 15 154 0.8072 0.7448 134 168
463-1-1-0.05-50-0 1 2353 19 34 15 153 0.8072 0.7448 134 168
463-1-1-0.05-50-0 1 2353 36 15 158 110 0.8162 0.7918 165 149
463-1-1-0.05-50-0 1 2353 36 15 158 109 0.8162 0.7918 165 149
463-1-1-0.05-50-0 1 2353 36 26 158 127 0.8162 0.8171 165 141
463-1-1-0.05-50-0 1 2354 36 36 163 163 0.8162 0.8162 165 165
463-1-1-0.05-50-0 1 2354 36 36 162 162 0.8162 0.8162 165 165
463-1-1-0.05-50-0 1 2354 36 14 161 51 0.8162 0.8451 165 105
463-1-1-0.05-50-0 1 2354 36 36 161 161 0.8162 0.8162 165 165
463-1-1-0.05-50-0 1 2354 36 34 160 150 0.8162 0.7448 165 168
463-1-1-0.05-50-0 1 2354 36 15 160 102 0.8162 0.7918 165 149
463-1-1-0.05-50-0 1 2354 36 42 160 22 0.8162 0.7447 165 106
463-1-1-0.05-50-0 1 2355 36 36 155 155 0.8162 0.8162 165 165
463-1-1-0.05-50-0 1 2355 19 34 15 148 0.8072 0.7448 134 168
463-1-1-0.05-50-0 1 2355 36 14 154 51 0.8162 0.8451 165 105
463-1-1-0.05-50-0 1 2355 36 36 154 154 0.8162 0.8162 165 165
463-1-1-0.05-50-0 1 2355 14 37 50 121 0.8451 0.8481 105 127
463-1-1-0.05-50-0 1 2356 41 22 105 1 0.9621 0.0160 105 311
463-1-1-0.05-50-0 1 2357 36 43 150 97 0.8162 0.8316 165 123
463-1-1-0.05-50-0 1 2357 36 43 150 96 0.8162 0.8316 165 123
463-1-1-0.05-50-0 1 2357 20 46 19 1 0.9922 0.3451 102 327
463-1-1-0.05-50-0 1 2357 14 36 51 150 0.8451 0.8162 105 165
463-1-1-0.05-50-0 1 2357 36 34 149 146 0.8162 0.7448 165 168
463-1-1-0.05-50-0 1 2358 15 18 104 1 0.7918 0.2181 149 226
463-1-1-0.05-50-0 1 2358 36 34 150 145 0.8162 0.7448 165 168
463-1-1-0.05-50-0 1 2358 2 38 85 1 0.8198 0.6163 167 270
463-1-1-0.05-50-0 1 2358 36 43 150 98 0.8162 0.8316 165 123
463-1-1-0.05-50-0 1 2359 14 15 49 105 0.8451 0.7918 105 149
463-1-1-0.05-50-0 1 2359 36 15 150 104 0.8162 0.7918 165 149
463-1-1-0.05-50-0 1 2359 14 43 49 96 0.8451 0.8316 105 123
463-1-1-0.05-50-0 1 2360 14 36 50 155 0.8451 0.8162 105 165
463-1-1-0.05-50-0 1 2360 15 46 102 2 0.7918 0.3451 149 327
463-1-1-0.05-50-0 1 2360 36 43 154 91 0.8162 0.8316 165 123
463-1-1-0.05-50-0 1 2360 14 36 50 154 0.8451 0.8162 105 165
463-1-1-0.05-50-0 1 2360 14 41 50 100 0.8451 0.9621 105 105
463-1-1-0.05-50-0 1 2361 36 42 153 22 0.8162 0.7447 165 106
463-1-1-0.05-50-0 1 2361 19 19 17 17 0.8072 0.8072 134 134
463-1-1-0.05-50-0 1 2361 14 26 48 139 0.8451 0.8171 105 141
463-1-1-0.05-50-0 1 2361 36 36 153 153 0.8162 0.8162 165 165
463-1-1-0.05-50-0 1 2362 34 48 149 1 0.7448 0.1153 168 334
463-1-1-0.05-50-0 1 2362 19 34 18 149 0.8072 0.7448 134 168
463-1-1-0.05-50-0 1 2362 36 15 146 103 0.8162 0.7918 165 149
463-1-1-0.05-50-0 1 2363 36 36 148 148 0.8162 0.8162 165 165
463-1-1-0.05-50-0 1 2363 36 37 147 119 0.8162 0.8481 165 127
463-1-1-0.05-50-0 1 2363 14 37 51 118 0.8451 0.8481 105 127
463-1-1-0.05-50-0 1 2364 41 5 97 2 0.9621 0.0007 105 226
463-1-1-0.05-50-0 1 2364 36 36 151 151 0.8162 0.8162 165 165
463-1-1-0.05-50-0 1 2364 26 46 132 1 0.8171 0.3451 141 327
463-1-1-0.05-50-0 1 2364 36 26 150 132 0.8162 0.8171 165 141
463-1-1-0.05-50-0 1 2364 36 36 150 150 0.8162 0.8162 165 165
463-1-1-0.05-50-0 1 2364 14 2 49 80 0.8451 0.8198 105 167
463-1-1-0.05-50-0 1 2365 19 34 19 150 0.8072 0.7448 134 168
463-1-1-0.05-50-0 1 2365 20 33 21 1 0.9922 0.6893 102 191
463-1-1-0.05-50-0 1 2366 36 37 143 125 0.8162 0.8481 165 127
463-1-1-0.05-50-0 1 2366 14 26 47 134 0.8451 0.8171 105 141
463-1-1-0.05-50-0 1 2366 14 20 47 21 0.8451 0.9922 105 102
463-1-1-0.05-50-0 1 2366 36 34 143 152 0.8162 0.7448 165 168
463-1-1-0.05-50-0 1 2366 2 44 81 1 0.8198 0.7034 167 118
463-1-1-0.05-50-0 1 2366 36 19 143 20 0.8162 0.8072 165 134
463-1-1-0.05-50-0 1 2367 19 15 17 101 0.8072 0.7918 134 149
463-1-1-0.05-50-0 1 2367 36 26 145 136 0.8162 0.8171 165 141
463-1-1-0.05-50-0 1 2367 36 34 145 151 0.8162 0.7448 165 168
463-1-1-0.05-50-0 1 2368 36 14 145 41 0.8162 0.8451 165 105
463-1-1-0.05-50-0 1 2368 36 15 145 103 0.8162 0.7918 165 149
463-1-1-0.05-50-0 1 2368 14 25 40 109 0.8451 0.9430 105 125
463-1-1-0.05-50-0 1 2368 36 26 145 135 0.8162 0.8171 165 141
463-1-1-0.05-50-0 1 2368 36 19 145 16 0.8162 0.8072 165 134
463-1-1-0.05-50-0 1 2368 14 36 40 145 0.8451 0.8162 105 165
463-1-1-0.05-50-0 1 2369 36 14 144 39 0.8162 0.8451 165 105
463-1-1-0.05-50-0 1 2369 36 37 144 127 0.8162 0.8481 165 127
463-1-1-0.05-50-0 1 2369 36 26 144 133 0.8162 0.8171 165 141
463-1-1-0.05-50-0 1 2369 36 37 144 126 0.8162 0.8481 165 127
463-1-1-0.05-50-0 1 2369 36 36 144 144 0.8162 0.8162 165 165
463-1-1-0.05-50-0 1 2369 36 43 143 87 0.8162 0.8316 165 123
463-1-1-0.05-50-0 1 2369 36 26 143 132 0.8162 0.8171 165 141
463-1-1-0.05-50-0 1 2370 36 34 149 154 0.8162 0.7448 165 168
463-1-1-0.05-50-0 1 2370 36 36 149 149 0.8162 0.8162 165 165
463-1-1-0.05-50-0 1 2370 36 37 148 127 0.8162 0.8481 165 127
463-1-1-0.05-50-0 1 2370 36 2 148 81 0.8162 0.8198 165 167
463-1-1-0.05-50-0 1 2371 36 26 150 127 0.8162 0.8171 165 141
463-1-1-0.05-50-0 1 2371 36 15 150 100 0.8162 0.7918 165 149
463-1-1-0.05-50-0 1 2371 36 26 150 126 0.8162 0.8171 165 141
463-1-1-0.05-50-0 1 2371 15 39 99 1 0.7918 0.2187 149 309
463-1-1-0.05-50-0 1 2371 36 37 150 127 0.8162 0.8481 165 127
463-1-1-0.05-50-0 1 2371 26 28 125 2 0.8171 0.3846 141 311
463-1-1-0.05-50-0 1 2372 34 27 154 3 0.7448 0.0776 168 149
463-1-1-0.05-50-0 1 2372 14 43 37 90 0.8451 0.8316 105 123
463-1-1-0.05-50-0 1 2372 36 43 154 89 0.8162 0.8316 165 123
463-1-1-0.05-50-0 1 2372 36 43 154 88 0.8162 0.8316 165 123
463-1-1-0.05-50-0 1 2372 36 36 154 154 0.8162 0.8162 165 165
463-1-1-0.05-50-0 1 2372 36 36 153 153 0.8162 0.8162 165 165
463-1-1-0.05-50-0 1 2373 36 15 151 101 0.8162 0.7918 165 149
463-1-1-0.05-50-0 1 2373 36 15 151 100 0.8162 0.7918 165 149
463-1-1-0.05-50-0 1 2373 36 34 151 159 0.8162 0.7448 165 168
463-1-1-0.05-50-0 1 2373 15 28 99 1 0.7918 0.3846 149 311
463-1-1-0.05-50-0 1 2373 19 34 14 158 0.8072 0.7448 134 168
463-1-1-0.05-50-0 1 2373 36 34 151 157 0.8162 0.7448 165 168
463-1-1-0.05-50-0 1 2373 36 37 151 126 0.8162 0.8481 165 127
463-1-1-0.05-50-0 1 2374 20 30 27 2 0.9922 0.6008 102 266
463-1-1-0.05-50-0 1 2374 2 30 85 1 0.8198 0.6008 167 266
463-1-1-0.05-50-0 1 2374 36 34 145 157 0.8162 0.7448 165 168
463-1-1-0.05-50-0 1 2374 36 36 145 145 0.8162 0.8162 165 165
463-1-1-0.05-50-0 1 2375 36 37 147 127 0.8162 0.8481 165 127
463-1-1-0.05-50-0 1 2375 2 3 85 1 0.8198 0.4813 167 321
463-1-1-0.05-50-0 1 2376 36 36 156 156 0.8162 0.8162 165 165
463-1-1-0.05-50-0 1 2377 34 27 163 2 0.7448 0.0776 168 149
463-1-1-0.05-50-0 1 2377 14 36 35 161 0.8451 0.8162 105 165
463-1-1-0.05-50-0 1 2377 36 2 160 83 0.8162 0.8198 165 167
463-1-1-0.05-50-0 1 2377 36 34 160 163 0.8162 0.7448 165 168
463-1-1-0.05-50-0 1 2377 36 34 160 162 0.8162 0.7448 165 168
463-1-1-0.05-50-0 1 2378 36 26 163 140 0.8162 0.8171 165 141
463-1-1-0.05-50-0 1 2378 36 36 163 163 0.8162 0.8162 165 165
463-1-1-0.05-50-0 1 2378 19 15 17 108 0.8072 0.7918 134 149
463-1-1-0.05-50-0 1 2378 36 15 162 107 0.8162 0.7918 165 149
463-1-1-0.05-50-0 1 2378 19 15 17 106 0.8072 0.7918 134 149
463-1-1-0.05-50-0 1 2378 36 36 162 162 0.8162 0.8162 165 165
463-1-1-0.05-50-0 1 2379 2 9 79 1 0.8198 0.6134 167 161
463-1-1-0.05-50-0 1 2379 36 2 165 79 0.8162 0.8198 165 167
463-1-1-0.05-50-0 1 2379 36 34 165 167 0.8162 0.7448 165 168
463-1-1-0.05-50-0 1 2379 34 5 166 1 0.7448 0.0007 168 226
463-1-1-0.05-50-0 1 2379 15 3 108 1 0.7918 0.4813 149 321
463-1-1-0.05-50-0 1 2380 36 34 165 168 0.8162 0.7448 165 168
463-1-1-0.05-50-0 1 2380 19 34 19 167 0.8072 0.7448 134 168
463-1-1-0.05-50-0 1 2380 36 14 165 36 0.8162 0.8451 165 105
463-1-1-0.05-50-0 1 2380 34 27 166 1 0.7448 0.0776 168 149
463-1-1-0.05-50-0 1 2380 14 47 35 68 0.8451 0.9293 105 103
463-1-1-0.05-50-0 1 2380 43 12 82 1 0.8316 0.1896 123 325
463-1-1-0.05-50-0 1 2380 36 34 165 166 0.8162 0.7448 165 168
463-1-1-0.05-50-0 1 2380 36 26 165 141 0.8162 0.8171 165 141
463-1-1-0.05-50-0 1 2381 36 26 162 137 0.8162 0.8171 165 141
463-1-1-0.05-50-0 1 2381 36 26 162 136 0.8162 0.8171 165 141
463-1-1-0.05-50-0 1 2381 14 15 35 108 0.8451 0.7918 105 149
463-1-1-0.05-50-0 1 2381 36 36 162 162 0.8162 0.8162 165 165
463-1-1-0.05-50-0 1 2382 36 43 161 81 0.8162 0.8316 165 123
463-1-1-0.05-50-0 1 2382 36 37 161 123 0.8162 0.8481 165 127
463-1-1-0.05-50-0 1 2382 36 26 161 132 0.8162 0.8171 165 141
463-1-1-0.05-50-0 1 2382 36 26 161 131 0.8162 0.8171 165 141
463-1-1-0.05-50-0 1 2382 14 37 35 122 0.8451 0.8481 105 127
463-1-1-0.05-50-0 1 2382 36 34 161 168 0.8162 0.7448 165 168
463-1-1-0.05-50-0 1 2382 36 37 161 121 0.8162 0.8481 165 127
463-1-1-0.05-50-0 1 2382 36 37 161 120 0.8162 0.8481 165 127
463-1-1-0.05-50-0 1 2382 36 36 161 161 0.8162 0.8162 165 165
463-1-1-0.05-50-0 1 2383 36 26 161 132 0.8162 0.8171 165 141
463-1-1-0.05-50-0 1 2383 36 34 161 166 0.8162 0.7448 165 168
463-1-1-0.05-50-0 1 2383 36 26 161 131 0.8162 0.8171 165 141
463-1-1-0.05-50-0 1 2383 19 15 19 111 0.8072 0.7918 134 149
463-1-1-0.05-50-0 1 2383 19 15 19 110 0.8072 0.7918 134 149
463-1-1-0.05-50-0 1 2383 36 26 161 130 0.8162 0.8171 165 141
463-1-1-0.05-50-0 1 2383 36 15 161 109 0.8162 0.7918 165 149
463-1-1-0.05-50-0 1 2383 36 34 161 165 0.8162 0.7448 165 168
463-1-1-0.05-50-0 1 2384 36 36 164 164 0.8162 0.8162 165 165
463-1-1-0.05-50-0 1 2384 19 34 19 168 0.8072 0.7448 134 168
463-1-1-0.05-50-0 1 2384 36 34 163 167 0.8162 0.7448 165 168
463-1-1-0.05-50-0 1 2384 36 34 163 166 0.8162 0.7448 165 168
463-1-1-0.05-50-0 1 2384 36 43 163 83 0.8162 0.8316 165 123
463-1-1-0.05-50-0 1 2384 43 24 82 1 0.8316 0.1940 123 254
463-1-1-0.05-50-0 1 2384 19 15 19 107 0.8072 0.7918 134 149
463-1-1-0.05-50-0 1 2385 14 36 33 164 0.8451 0.8162 105 165
463-1-1-0.05-50-0 1 2385 36 19 163 19 0.8162 0.8072 165 134
463-1-1-0.05-50-0 1 2385 36 37 163 125 0.8162 0.8481 165 127
463-1-1-0.05-50-0 1 2385 20 33 22 1 0.9922 0.6893 102 191
463-1-1-0.05-50-0 1 2385 36 34 163 167 0.8162 0.7448 165 168
463-1-1-0.05-50-0 1 2385 14 13 33 143 0.8451 0.8878 105 151
463-1-1-0.05-50-0 1 2385 36 37 163 124 0.8162 0.8481 165 127
463-1-1-0.05-50-0 1 2386 43 49 88 1 0.8316 0.1842 123 136
463-1-1-0.05-50-0 1 2386 36 34 162 162 0.8162 0.7448 165 168
463-1-1-0.05-50-0 1 2386 36 2 162 82 0.8162 0.8198 165 167
463-1-1-0.05-50-0 1 2386 36 34 162 161 0.8162 0.7448 165 168
463-1-1-0.05-50-0 1 2386 19 34 16 160 0.8072 0.7448 134 168
463-1-1-0.05-50-0 1 2387 36 37 160 124 0.8162 0.8481 165 127
463-1-1-0.05-50-0 1 2387 36 36 160 160 0.8162 0.8162 165 165
463-1-1-0.05-50-0 1 2387 36 43 159 87 0.8162 0.8316 165 123
463-1-1-0.05-50-0 1 2387 19 34 15 160 0.8072 0.7448 134 168
463-1-1-0.05-50-0 1 2387 2 3 79 1 0.8198 0.4813 167 321
463-1-1-0.05-50-0 1 2387 36 34 159 159 0.8162 0.7448 165 168
463-1-1-0.05-50-0 1 2388 36 34 159 161 0.8162 0.7448 165 168
463-1-1-0.05-50-0 1 2388 36 36 159 159 0.8162 0.8162 165 165
463-1-1-0.05-50-0 1 2388 36 26 158 129 0.8162 0.8171 165 141
463-1-1-0.05-50-0 1 2388 19 15 15 109 0.8072 0.7918 134 149
463-1-1-0.05-50-0 1 2389 14 2 30 82 0.8451 0.8198 105 167
463-1-1-0.05-50-0 1 2389 19 34 16 156 0.8072 0.7448 134 168
463-1-1-0.05-50-0 1 2389 36 37 165 123 0.8162 0.8481 165 127
463-1-1-0.05-50-0 1 2390 36 34 162 153 0.8162 0.7448 165 168
463-1-1-0.05-50-0 1 2390 19 42 17 20 0.8072 0.7447 134 106
463-1-1-0.05-50-0 1 2390 34 27 152 1 0.7448 0.0776 168 149
463-1-1-0.05-50-0 1 2390 36 26 162 122 0.8162 0.8171 165 141
463-1-1-0.05-50-0 1 2390 36 14 162 34 0.8162 0.8451 165 105
463-1-1-0.05-50-0 1 2390 19 15 17 109 0.8072 0.7918 134 149
463-1-1-0.05-50-0 1 2390 19 34 17 152 0.8072 0.7448 134 168
463-1-1-0.05-50-0 1 2391 36 43 162 92 0.8162 0.8316 165 123
463-1-1-0.05-50-0 1 2391 36 26 162 122 0.8162 0.8171 165 141
463-1-1-0.05-50-0 1 2391 14 37 33 119 0.8451 0.8481 105 127
463-1-1-0.05-50-0 1 2391 36 36 162 162 0.8162 0.8162 165 165
463-1-1-0.05-50-0 1 2392 19 15 18 116 0.8072 0.7918 134 149
463-1-1-0.05-50-0 1 2392 14 36 34 161 0.8451 0.8162 105 165
463-1-1-0.05-50-0 1 2392 25 22 118 1 0.9430 0.0160 125 311
463-1-1-0.05-50-0 1 2392 36 14 160 34 0.8162 0.8451 165 105
463-1-1-0.05-50-0 1 2392 20 17 17 1 0.9922 0.6398 102 197
463-1-1-0.05-50-0 1 2392 37 49 118 1 0.8481 0.1842 127 136
463-1-1-0.05-50-0 1 2394 14 41 35 84 0.8451 0.9621 105 105
463-1-1-0.05-50-0 1 2394 36 42 163 21 0.8162 0.7447 165 106
463-1-1-0.05-50-0 1 2394 14 34 35 144 0.8451 0.7448 105 168
463-1-1-0.05-50-0 1 2394 36 34 163 143 0.8162 0.7448 165 168
463-1-1-0.05-50-0 1 2395 36 15 154 117 0.8162 0.7918 165 149
463-1-1-0.05-50-0 1 2395 36 26 154 118 0.8162 0.8171 165 141
463-1-1-0.05-50-0 1 2395 36 36 154 154 0.8162 0.8162 165 165
463-1-1-0.05-50-0 1 2395 14 36 36 153 0.8451 0.8162 105 165
463-1-1-0.05-50-0 1 2395 42 1 19 1 0.7447 0.2520 106 409
463-1-1-0.05-50-0 1 2396 36 42 156 20 0.8162 0.7447 165 106
463-1-1-0.05-50-0 1 2396 36 37 156 122 0.8162 0.8481 165 127
463-1-1-0.05-50-0 1 2396 14 25 38 118 0.8451 0.9430 105 125
463-1-1-0.05-50-0 1 2396 36 2 156 75 0.8162 0.8198 165 167
463-1-1-0.05-50-0 1 2396 36 37 156 121 0.8162 0.8481 165 127
463-1-1-0.05-50-0 1 2396 14 34 38 145 0.8451 0.7448 105 168
463-1-1-0.05-50-0 1 2397 36 15 156 124 0.8162 0.7918 165 149
463-1-1-0.05-50-0 1 2397 19 34 18 144 0.8072 0.7448 134 168
463-1-1-0.05-50-0 1 2397 14 36 37 156 0.8451 0.8162 105 165
463-1-1-0.05-50-0 1 2397 14 15 37 123 0.8451 0.7918 105 149
463-1-1-0.05-50-0 1 2398 36 2 156 76 0.8162 0.8198 165 167
463-1-1-0.05-50-0 1 2398 36 15 156 121 0.8162 0.7918 165 149
463-1-1-0.05-50-0 1 2398 36 37 156 122 0.8162 0.8481 165 127
463-1-1-0.05-50-0 1 2398 36 2 156 75 0.8162 0.8198 165 167
463-1-1-0.05-50-0 1 2398 41 4 93 1 0.9621 0.0723 105 351
463-1-1-0.05-50-0 1 2399 14 36 35 162 0.8451 0.8162 105 165
463-1-1-0.05-50-0 1 2399 36 36 161 161 0.8162 0.8162 165 165
463-1-1-0.05-50-0 1 2399 36 34 160 136 0.8162 0.7448 165 168
463-1-1-0.05-50-0 1 2399 36 26 160 121 0.8162 0.8171 165 141
463-1-1-0.05-50-0 1 2399 14 20 35 21 0.8451 0.9922 105 102
463-1-1-0.05-50-0 1 2400 36 36 165 165 0.8162 0.8162 165 165
463-1-1-0.05-50-0 1 2400 36 37 164 126 0.8162 0.8481 165 127
463-1-1-0.05-50-0 1 2400 37 24 125 1 0.8481 0.1940 127 254
463-1-1-0.05-50-0 1 2401 36 43 165 98 0.8162 0.8316 165 123
463-1-1-0.05-50-0 1 2401 36 15 165 129 0.8162 0.7918 165 149
463-1-1-0.05-50-0 1 2401 36 43 165 97 0.8162 0.8316 165 123
463-1-1-0.05-50-0 1 2401 36 26 165 120 0.8162 0.8171 165 141
463-1-1-0.05-50-0 1 2401 36 36 165 165 0.8162 0.8162 165 165
463-1-1-0.05-50-0 1 2402 14 37 39 119 0.8451 0.8481 105 127
463-1-1-0.05-50-0 1 2402 36 34 165 139 0.8162 0.7448 165 168
463-1-1-0.05-50-0 1 2402 36 15 165 128 0.8162 0.7918 165 149
463-1-1-0.05-50-0 1 2403 36 42 165 20 0.8162 0.7447 165 106
463-1-1-0.05-50-0 1 2403 14 34 39 140 0.8451 0.7448 105 168
463-1-1-0.05-50-0 1 2403 36 15 165 125 0.8162 0.7918 165 149
463-1-1-0.05-50-0 1 2403 36 34 165 139 0.8162 0.7448 165 168
463-1-1-0.05-50-0 1 2403 36 34 165 138 0.8162 0.7448 165 168
463-1-1-0.05-50-0 1 2403 36 36 165 165 0.8162 0.8162 165 165
463-1-1-0.05-50-0 1 2404 15 8 127 1 0.7918 0.2506 149 303
463-1-1-0.05-50-0 1 2404 14 13 39 137 0.8451 0.8878 105 151
463-1-1-0.05-50-0 1 2404 19 34 22 141 0.8072 0.7448 134 168
463-1-1-0.05-50-0 1 2404 36 26 162 126 0.8162 0.8171 165 141
463-1-1-0.05-50-0 1 2405 36 34 161 137 0.8162 0.7448 165 168
463-1-1-0.05-50-0 1 2405 36 34 161 136 0.8162 0.7448 165 168
463-1-1-0.05-50-0 1 2405 14 47 41 84 0.8451 0.9293 105 103
463-1-1-0.05-50-0 1 2405 36 37 161 115 0.8162 0.8481 165 127
463-1-1-0.05-50-0 1 2405 36 15 161 128 0.8162 0.7918 165 149
463-1-1-0.05-50-0 1 2406 36 42 161 20 0.8162 0.7447 165 106
463-1-1-0.05-50-0 1 2406 36 15 161 128 0.8162 0.7918 165 149
463-1-1-0.05-50-0 1 2406 36 34 161 134 0.8162 0.7448 165 168
463-1-1-0.05-50-0 1 2406 36 36 161 161 0.8162 0.8162 165 165
463-1-1-0.05-50-0 1 2406 36 26 160 130 0.8162 0.8171 165 141
463-1-1-0.05-50-0 1 2406 36 34 160 133 0.8162 0.7448 165 168
463-1-1-0.05-50-0 1 2406 36 37 160 118 0.8162 0.8481 165 127
463-1-1-0.05-50-0 1 2407 36 2 164 78 0.8162 0.8198 165 167
463-1-1-0.05-50-0 1 2407 36 37 164 120 0.8162 0.8481 165 127
463-1-1-0.05-50-0 1 2408 36 37 162 124 0.8162 0.8481 165 127
463-1-1-0.05-50-0 1 2409 19 15 26 137 0.8072 0.7918 134 149
463-1-1-0.05-50-0 1 2409 26 21 131 1 0.8171 0.4184 141 158
463-1-1-0.05-50-0 1 2409 36 36 165 165 0.8162 0.8162 165 165
463-1-1-0.05-50-0 1 2409 36 34 164 129 0.8162 0.7448 165 168
463-1-1-0.05-50-0 1 2409 36 37 164 125 0.8162 0.8481 165 127
463-1-1-0.05-50-0 1 2409 36 34 164 128 0.8162 0.7448 165 168
463-1-1-0.05-50-0 1 2410 36 15 163 135 0.8162 0.7918 165 149
463-1-1-0.05-50-0 1 2410 14 14 40 40 0.8451 0.8451 105 105
463-1-1-0.05-50-0 1 2410 36 34 163 130 0.8162 0.7448 165 168
463-1-1-0.05-50-0 1 2411 34 27 134 1 0.7448 0.0776 168 149
463-1-1-0.05-50-0 1 2411 36 37 165 127 0.8162 0.8481 165 127
463-1-1-0.05-50-0 1 2411 36 36 165 165 0.8162 0.8162 165 165
463-1-1-0.05-50-0 1 2412 36 14 160 40 0.8162 0.8451 165 105
463-1-1-0.05-50-0 1 2412 2 44 76 1 0.8198 0.7034 167 118
463-1-1-0.05-50-0 1 2412 36 2 160 76 0.8162 0.8198 165 167
463-1-1-0.05-50-0 1 2412 36 15 160 132 0.8162 0.7918 165 149
463-1-1-0.05-50-0 1 2412 36 36 160 160 0.8162 0.8162 165 165
463-1-1-0.05-50-0 1 2413 36 36 158 158 0.8162 0.8162 165 165
463-1-1-0.05-50-0 1 2413 37 18 124 2 0.8481 0.2181 127 226
463-1-1-0.05-50-0 1 2413 26 46 138 1 0.8171 0.3451 141 327
463-1-1-0.05-50-0 1 2413 14 47 40 77 0.8451 0.9293 105 103
463-1-1-0.05-50-0 1 2414 37 50 121 1 0.8481 0.2147 127 147
463-1-1-0.05-50-0 1 2414 36 15 165 141 0.8162 0.7918 165 149
463-1-1-0.05-50-0 1 2414 36 15 165 140 0.8162 0.7918 165 149
463-1-1-0.05-50-0 1 2414 19 34 29 138 0.8072 0.7448 134 168
463-1-1-0.05-50-0 1 2415 36 15 165 139 0.8162 0.7918 165 149
463-1-1-0.05-50-0 1 2415 14 37 45 121 0.8451 0.8481 105 127
463-1-1-0.05-50-0 1 2415 15 18 138 1 0.7918 0.2181 149 226
463-1-1-0.05-50-0 1 2415 36 42 165 20 0.8162 0.7447 165 106
463-1-1-0.05-50-0 1 2415 36 36 165 165 0.8162 0.8162 165 165
463-1-1-0.05-50-0 1 2415 19 15 32 138 0.8072 0.7918 134 149
463-1-1-0.05-50-0 1 2416 36 15 165 130 0.8162 0.7918 165 149
463-1-1-0.05-50-0 1 2416 36 37 165 120 0.8162 0.8481 165 127
463-1-1-0.05-50-0 1 2416 36 43 165 110 0.8162 0.8316 165 123
463-1-1-0.05-50-0 1 2416 14 36 45 165 0.8451 0.8162 105 165
463-1-1-0.05-50-0 1 2416 36 14 164 45 0.8162 0.8451 165 105
463-1-1-0.05-50-0 1 2417 14 37 43 118 0.8451 0.8481 105 127
463-1-1-0.05-50-0 1 2417 36 2 165 81 0.8162 0.8198 165 167
463-1-1-0.05-50-0 1 2417 36 15 165 131 0.8162 0.7918 165 149
463-1-1-0.05-50-0 1 2417 15 23 130 1 0.7918 0.1698 149 476
463-1-1-0.05-50-0 1 2417 36 37 165 117 0.8162 0.8481 165 127
463-1-1-0.05-50-0 1 2417 36 36 165 165 0.8162 0.8162 165 165
463-1-1-0.05-50-0 1 2417 36 36 164 164 0.8162 0.8162 165 165
463-1-1-0.05-50-0 1 2418 15 18 131 1 0.7918 0.2181 149 226
463-1-1-0.05-50-0 1 2418 2 44 85 1 0.8198 0.7034 167 118
463-1-1-0.05-50-0 1 2418 36 37 160 118 0.8162 0.8481 165 127
463-1-1-0.05-50-0 1 2418 36 37 160 117 0.8162 0.8481 165 127
463-1-1-0.05-50-0 1 2418 36 34 160 147 0.8162 0.7448 165 168
463-1-1-0.05-50-0 1 2419 36 15 157 130 0.8162 0.7918 165 149
463-1-1-0.05-50-0 1 2419 36 14 157 47 0.8162 0.8451 165 105
463-1-1-0.05-50-0 1 2419 36 43 157 111 0.8162 0.8316 165 123
463-1-1-0.05-50-0 1 2419 36 15 157 129 0.8162 0.7918 165 149
463-1-1-0.05-50-0 1 2419 36 26 157 134 0.8162 0.8171 165 141
463-1-1-0.05-50-0 1 2420 36 15 153 125 0.8162 0.7918 165 149
463-1-1-0.05-50-0 1 2420 36 43 153 107 0.8162 0.8316 165 123
463-1-1-0.05-50-0 1 2420 34 48 157 1 0.7448 0.1153 168 334
463-1-1-0.05-50-0 1 2420 36 26 153 138 0.8162 0.8171 165 141
463-1-1-0.05-50-0 1 2421 36 34 155 160 0.8162 0.7448 165 168
463-1-1-0.05-50-0 1 2421 14 26 46 141 0.8451 0.8171 105 141
463-1-1-0.05-50-0 1 2421 36 26 155 140 0.8162 0.8171 165 141
463-1-1-0.05-50-0 1 2421 36 43 155 109 0.8162 0.8316 165 123
463-1-1-0.05-50-0 1 2422 36 43 162 110 0.8162 0.8316 165 123
463-1-1-0.05-50-0 1 2422 36 37 162 125 0.8162 0.8481 165 127
463-1-1-0.05-50-0 1 2422 36 2 162 85 0.8162 0.8198 165 167
463-1-1-0.05-50-0 1 2422 26 28 139 1 0.8171 0.3846 141 311
463-1-1-0.05-50-0 1 2422 14 7 48 87 0.8451 0.9267 105 106
463-1-1-0.05-50-0 1 2422 36 37 162 124 0.8162 0.8481 165 127
463-1-1-0.05-50-0 1 2422 2 32 84 1 0.8198 0.6514 167 215
463-1-1-0.05-50-0 1 2423 36 26 165 140 0.8162 0.8171 165 141
463-1-1-0.05-50-0 1 2423 14 2 48 84 0.8451 0.8198 105 167
463-1-1-0.05-50-0 1 2423 14 41 48 105 0.8451 0.9621 105 105
463-1-1-0.05-50-0 1 2423 36 43 165 111 0.8162 0.8316 165 123
463-1-1-0.05-50-0 1 2424 14 36 48 165 0.8451 0.8162 105 165
463-1-1-0.05-50-0 1 2424 36 34 164 160 0.8162 0.7448 165 168
463-1-1-0.05-50-0 1 2424 36 36 164 164 0.8162 0.8162 165 165
463-1-1-0.05-50-0 1 2424 14 41 48 105 0.8451 0.9621 105 105
463-1-1-0.05-50-0 1 2425 36 36 165 165 0.8162 0.8162 165 165
463-1-1-0.05-50-0 1 2425 14 37 48 127 0.8451 0.8481 105 127
463-1-1-0.05-50-0 1 2425 19 15 26 127 0.8072 0.7918 134 149
463-1-1-0.05-50-0 1 2425 19 19 26 26 0.8072 0.8072 134 134
463-1-1-0.05-50-0 1 2425 36 19 164 25 0.8162 0.8072 165 134
463-1-1-0.05-50-0 1 2425 36 34 164 156 0.8162 0.7448 165 168
463-1-1-0.05-50-0 1 2426 14 13 47 151 0.8451 0.8878 105 151
463-1-1-0.05-50-0 1 2426 14 34 47 153 0.8451 0.7448 105 168
463-1-1-0.05-50-0 1 2426 14 41 47 104 0.8451 0.9621 105 105
463-1-1-0.05-50-0 1 2427 36 34 165 147 0.8162 0.7448 165 168
463-1-1-0.05-50-0 1 2427 14 25 46 124 0.8451 0.9430 105 125
463-1-1-0.05-50-0 1 2427 36 36 165 165 0.8162 0.8162 165 165
463-1-1-0.05-50-0 1 2427 36 14 164 46 0.8162 0.8451 165 105
463-1-1-0.05-50-0 1 2428 36 34 165 147 0.8162 0.7448 165 168
463-1-1-0.05-50-0 1 2428 36 26 165 141 0.8162 0.8171 165 141
463-1-1-0.05-50-0 1 2428 36 15 165 131 0.8162 0.7918 165 149
463-1-1-0.05-50-0 1 2429 36 26 165 138 0.8162 0.8171 165 141
463-1-1-0.05-50-0 1 2429 36 37 165 117 0.8162 0.8481 165 127
463-1-1-0.05-50-0 1 2429 14 2 48 80 0.8451 0.8198 105 167
463-1-1-0.05-50-0 1 2429 36 43 165 107 0.8162 0.8316 165 123
463-1-1-0.05-50-0 1 2430 14 13 49 146 0.8451 0.8878 105 151
463-1-1-0.05-50-0 1 2430 26 46 140 1 0.8171 0.3451 141 327
463-1-1-0.05-50-0 1 2431 15 1 123 1 0.7918 0.2520 149 409
463-1-1-0.05-50-0 1 2431 36 34 165 141 0.8162 0.7448 165 168
463-1-1-0.05-50-0 1 2431 36 36 165 165 0.8162 0.8162 165 165
463-1-1-0.05-50-0 1 2431 15 45 123 1 0.7918 0.3816 149 173
463-1-1-0.05-50-0 1 2431 36 37 164 111 0.8162 0.8481 165 127
463-1-1-0.05-50-0 1 2431 14 13 47 149 0.8451 0.8878 105 151
463-1-1-0.05-50-0 1 2431 14 20 47 17 0.8451 0.9922 105 102
463-1-1-0.05-50-0 1 2432 36 36 165 165 0.8162 0.8162 165 165
463-1-1-0.05-50-0 1 2432 36 37 164 106 0.8162 0.8481 165 127
463-1-1-0.05-50-0 1 2432 19 15 22 120 0.8072 0.7918 134 149
463-1-1-0.05-50-0 1 2433 36 26 165 141 0.8162 0.8171 165 141
463-1-1-0.05-50-0 1 2433 14 13 42 146 0.8451 0.8878 105 151
463-1-1-0.05-50-0 1 2433 19 15 23 123 0.8072 0.7918 134 149
463-1-1-0.05-50-0 1 2433 36 14 165 42 0.8162 0.8451 165 105
463-1-1-0.05-50-0 1 2433 20 9 15 2 0.9922 0.6134 102 161
463-1-1-0.05-50-0 1 2434 2 6 74 1 0.8198 0.4266 167 249
463-1-1-0.05-50-0 1 2434 19 15 25 120 0.8072 0.7918 134 149
463-1-1-0.05-50-0 1 2434 14 34 41 146 0.8451 0.7448 105 168
463-1-1-0.05-50-0 1 2434 19 34 25 145 0.8072 0.7448 134 168
463-1-1-0.05-50-0 1 2435 36 37 165 114 0.8162 0.8481 165 127
463-1-1-0.05-50-0 1 2435 19 15 25 124 0.8072 0.7918 134 149
463-1-1-0.05-50-0 1 2435 36 34 165 149 0.8162 0.7448 165 168
463-1-1-0.05-50-0 1 2435 14 43 42 104 0.8451 0.8316 105 123
463-1-1-0.05-50-0 1 2436 36 37 160 110 0.8162 0.8481 165 127
463-1-1-0.05-50-0 1 2436 14 36 44 160 0.8451 0.8162 105 165
463-1-1-0.05-50-0 1 2436 15 16 123 1 0.7918 0.2228 149 149
463-1-1-0.05-50-0 1 2436 14 26 44 138 0.8451 0.8171 105 141
463-1-1-0.05-50-0 1 2436 36 26 159 137 0.8162 0.8171 165 141
463-1-1-0.05-50-0 1 2436 36 14 159 44 0.8162 0.8451 165 105
463-1-1-0.05-50-0 1 2437 34 27 155 2 0.7448 0.0776 168 149
463-1-1-0.05-50-0 1 2437 36 2 161 66 0.8162 0.8198 165 167
463-1-1-0.05-50-0 1 2437 36 36 161 161 0.8162 0.8162 165 165
463-1-1-0.05-50-0 1 2437 34 27 155 1 0.7448 0.0776 168 149
463-1-1-0.05-50-0 1 2438 36 15 160 128 0.8162 0.7918 165 149
463-1-1-0.05-50-0 1 2438 36 26 160 140 0.8162 0.8171 165 141
463-1-1-0.05-50-0 1 2438 14 7 44 95 0.8451 0.9267 105 106
463-1-1-0.05-50-0 1 2438 41 4 100 1 0.9621 0.0723 105 351
463-1-1-0.05-50-0 1 2438 36 36 160 160 0.8162 0.8162 165 165
463-1-1-0.05-50-0 1 2438 36 37 159 111 0.8162 0.8481 165 127
463-1-1-0.05-50-0 1 2438 36 34 159 153 0.8162 0.7448 165 168
463-1-1-0.05-50-0 1 2438 36 36 159 159 0.8162 0.8162 165 165
463-1-1-0.05-50-0 1 2438 36 43 158 99 0.8162 0.8316 165 123
463-1-1-0.05-50-0 1 2438 19 19 24 24 0.8072 0.8072 134 134
463-1-1-0.05-50-0 1 2438 36 36 158 158 0.8162 0.8162 165 165
463-1-1-0.05-50-0 1 2439 19 34 24 147 0.8072 0.7448 134 168
463-1-1-0.05-50-0 1 2439 36 15 164 129 0.8162 0.7918 165 149
463-1-1-0.05-50-0 1 2439 36 36 164 164 0.8162 0.8162 165 165
463-1-1-0.05-50-0 1 2439 36 26 163 141 0.8162 0.8171 165 141
463-1-1-0.05-50-0 1 2439 36 43 163 97 0.8162 0.8316 165 123
463-1-1-0.05-50-0 1 2440 14 37 41 121 0.8451 0.8481 105 127
463-1-1-0.05-50-0 1 2440 41 4 104 1 0.9621 0.0723 105 351
463-1-1-0.05-50-0 1 2440 19 15 25 130 0.8072 0.7918 134 149
463-1-1-0.05-50-0 1 2440 36 43 165 95 0.8162 0.8316 165 123
463-1-1-0.05-50-0 1 2441 36 34 165 144 0.8162 0.7448 165 168
463-1-1-0.05-50-0 1 2442 36 36 165 165 0.8162 0.8162 165 165
463-1-1-0.05-50-0 1 2442 36 34 164 138 0.8162 0.7448 165 168
463-1-1-0.05-50-0 1 2442 36 15 164 133 0.8162 0.7918 165 149
463-1-1-0.05-50-0 1 2442 36 26 164 138 0.8162 0.8171 165 141
463-1-1-0.05-50-0 1 2442 36 15 164 132 0.8162 0.7918 165 149
463-1-1-0.05-50-0 1 2442 36 15 164 131 0.8162 0.7918 165 149
463-1-1-0.05-50-0 1 2442 36 37 164 127 0.8162 0.8481 165 127
463-1-1-0.05-50-0 1 2443 36 26 163 141 0.8162 0.8171 165 141
463-1-1-0.05-50-0 1 2443 36 14 163 47 0.8162 0.8451 165 105
463-1-1-0.05-50-0 1 2443 14 25 46 115 0.8451 0.9430 105 125
463-1-1-0.05-50-0 1 2443 15 50 130 1 0.7918 0.2147 149 147
463-1-1-0.05-50-0 1 2444 15 8 132 1 0.7918 0.2506 149 303
463-1-1-0.05-50-0 1 2444 36 37 164 127 0.8162 0.8481 165 127
463-1-1-0.05-50-0 1 2444 36 37 164 126 0.8162 0.8481 165 127
463-1-1-0.05-50-0 1 2444 14 19 45 28 0.8451 0.8072 105 134
463-1-1-0.05-50-0 1 2444 19 19 27 27 0.8072 0.8072 134 134
463-1-1-0.05-50-0 1 2444 36 37 164 125 0.8162 0.8481 165 127
463-1-1-0.05-50-0 1 2444 36 26 164 141 0.8162 0.8171 165 141
463-1-1-0.05-50-0 1 2445 36 26 162 141 0.8162 0.8171 165 141
463-1-1-0.05-50-0 1 2445 37 16 127 1 0.8481 0.2228 127 149
463-1-1-0.05-50-0 1 2445 36 36 162 162 0.8162 0.8162 165 165
463-1-1-0.05-50-0 1 2445 19 34 25 143 0.8072 0.7448 134 168
463-1-1-0.05-50-0 1 2446 36 34 165 144 0.8162 0.7448 165 168
463-1-1-0.05-50-0 1 2446 36 43 165 101 0.8162 0.8316 165 123
463-1-1-0.05-50-0 1 2446 36 19 165 22 0.8162 0.8072 165 134
463-1-1-0.05-50-0 1 2447 36 26 165 141 0.8162 0.8171 165 141
463-1-1-0.05-50-0 1 2447 19 34 22 147 0.8072 0.7448 134 168
463-1-1-0.05-50-0 1 2447 36 19 165 22 0.8162 0.8072 165 134
463-1-1-0.05-50-0 1 2447 36 26 165 140 0.8162 0.8171 165 141
463-1-1-0.05-50-0 1 2447 14 47 42 100 0.8451 0.9293 105 103
463-1-1-0.05-50-0 1 2448 36 15 165 131 0.8162 0.7918 165 149
463-1-1-0.05-50-0 1 2448 36 43 165 100 0.8162 0.8316 165 123
463-1-1-0.05-50-0 1 2448 36 42 165 19 0.8162 0.7447 165 106
463-1-1-0.05-50-0 1 2448 37 18 127 2 0.8481 0.2181 127 226
463-1-1-0.05-50-0 1 2448 15 6 130 1 0.7918 0.4266 149 249
463-1-1-0.05-50-0 1 2448 14 25 40 120 0.8451 0.9430 105 125
463-1-1-0.05-50-0 1 2448 36 26 165 137 0.8162 0.8171 165 141
463-1-1-0.05-50-0 1 2448 26 45 136 1 0.8171 0.3816 141 173
463-1-1-0.05-50-0 1 2449 36 34 163 150 0.8162 0.7448 165 168
463-1-1-0.05-50-0 1 2449 36 15 163 130 0.8162 0.7918 165 149
463-1-1-0.05-50-0 1 2450 37 18 127 2 0.8481 0.2181 127 226
463-1-1-0.05-50-0 1 2450 36 15 164 132 0.8162 0.7918 165 149
463-1-1-0.05-50-0 1 2450 36 2 164 63 0.8162 0.8198 165 167
463-1-1-0.05-50-0 1 2450 14 36 38 164 0.8451 0.8162 105 165
463-1-1-0.05-50-0 1 2450 36 15 163 131 0.8162 0.7918 165 149
463-1-1-0.05-50-0 1 2451 7 31 100 1 0.9267 0.5626 106 252
463-1-1-0.05-50-0 1 2451 36 26 162 137 0.8162 0.8171 165 141
463-1-1-0.05-50-0 1 2451 36 37 162 125 0.8162 0.8481 165 127
463-1-1-0.05-50-0 1 2451 36 36 162 162 0.8162 0.8162 165 165
463-1-1-0.05-50-0 1 2451 36 14 161 38 0.8162 0.8451 165 105
463-1-1-0.05-50-0 1 2452 36 34 164 156 0.8162 0.7448 165 168
463-1-1-0.05-50-0 1 2452 36 2 164 57 0.8162 0.8198 165 167
463-1-1-0.05-50-0 1 2452 36 14 164 39 0.8162 0.8451 165 105
463-1-1-0.05-50-0 1 2452 36 34 164 155 0.8162 0.7448 165 168
463-1-1-0.05-50-0 1 2453 41 22 99 1 0.9621 0.0160 105 311
463-1-1-0.05-50-0 1 2453 36 14 165 40 0.8162 0.8451 165 105
463-1-1-0.05-50-0 1 2453 36 26 165 136 0.8162 0.8171 165 141
463-1-1-0.05-50-0 1 2453 36 15 165 128 0.8162 0.7918 165 149
463-1-1-0.05-50-0 1 2453 36 43 165 108 0.8162 0.8316 165 123
463-1-1-0.05-50-0 1 2454 36 15 165 130 0.8162 0.7918 165 149
463-1-1-0.05-50-0 1 2454 36 36 165 165 0.8162 0.8162 165 165
463-1-1-0.05-50-0 1 2454 36 26 164 136 0.8162 0.8171 165 141
463-1-1-0.05-50-0 1 2454 36 14 164 39 0.8162 0.8451 165 105
463-1-1-0.05-50-0 1 2454 36 15 164 129 0.8162 0.7918 165 149
463-1-1-0.05-50-0 1 2455 36 15 165 129 0.8162 0.7918 165 149
463-1-1-0.05-50-0 1 2455 36 26 165 140 0.8162 0.8171 165 141
463-1-1-0.05-50-0 1 2455 26 6 139 1 0.8171 0.4266 141 249
463-1-1-0.05-50-0 1 2455 36 34 165 158 0.8162 0.7448 165 168
463-1-1-0.05-50-0 1 2455 36 43 165 104 0.8162 0.8316 165 123
463-1-1-0.05-50-0 1 2455 36 26 165 139 0.8162 0.8171 165 141
463-1-1-0.05-50-0 1 2456 36 34 164 158 0.8162 0.7448 165 168
463-1-1-0.05-50-0 1 2456 36 36 164 164 0.8162 0.8162 165 165
463-1-1-0.05-50-0 1 2456 36 15 163 125 0.8162 0.7918 165 149
463-1-1-0.05-50-0 1 2456 19 15 17 124 0.8072 0.7918 134 149
463-1-1-0.05-50-0 1 2457 36 34 165 162 0.8162 0.7448 165 168
463-1-1-0.05-50-0 1 2457 19 34 17 161 0.8072 0.7448 134 168
463-1-1-0.05-50-0 1 2457 14 25 42 109 0.8451 0.9430 105 125
463-1-1-0.05-50-0 1 2457 36 36 165 165 0.8162 0.8162 165 165
463-1-1-0.05-50-0 1 2457 36 26 164 141 0.8162 0.8171 165 141
463-1-1-0.05-50-0 1 2457 36 36 164 164 0.8162 0.8162 165 165
463-1-1-0.05-50-0 1 2457 36 34 163 160 0.8162 0.7448 165 168
463-1-1-0.05-50-0 1 2457 36 43 163 105 0.8162 0.8316 165 123
463-1-1-0.05-50-0 1 2458 36 26 162 139 0.8162 0.8171 165 141
463-1-1-0.05-50-0 1 2458 14 26 41 138 0.8451 0.8171 105 141
463-1-1-0.05-50-0 1 2458 36 36 162 162 0.8162 0.8162 165 165
463-1-1-0.05-50-0 1 2458 36 34 161 164 0.8162 0.7448 165 168
463-1-1-0.05-50-0 1 2458 36 37 161 127 0.8162 0.8481 165 127
463-1-1-0.05-50-0 1 2458 14 34 41 163 0.8451 0.7448 105 168
463-1-1-0.05-50-0 1 2459 36 26 161 139 0.8162 0.8171 165 141
463-1-1-0.05-50-0 1 2459 36 37 161 127 0.8162 0.8481 165 127
463-1-1-0.05-50-0 1 2459 36 36 161 161 0.8162 0.8162 165 165
463-1-1-0.05-50-0 1 2459 36 34 160 163 0.8162 0.7448 165 168
463-1-1-0.05-50-0 1 2459 14 37 41 126 0.8451 0.8481 105 127
463-1-1-0.05-50-0 1 2459 15 23 123 1 0.7918 0.1698 149 476
463-1-1-0.05-50-0 1 2460 36 36 162 162 0.8162 0.8162 165 165
463-1-1-0.05-50-0 1 2460 14 26 42 141 0.8451 0.8171 105 141
463-1-1-0.05-50-0 1 2460 36 37 161 127 0.8162 0.8481 165 127
463-1-1-0.05-50-0 1 2461 36 36 162 162 0.8162 0.8162 165 165
463-1-1-0.05-50-0 1 2461 36 36 161 161 0.8162 0.8162 165 165
463-1-1-0.05-50-0 1 2461 36 34 160 162 0.8162 0.7448 165 168
463-1-1-0.05-50-0 1 2462 36 34 155 158 0.8162 0.7448 165 168
463-1-1-0.05-50-0 1 2462 36 36 155 155 0.8162 0.8162 165 165
463-1-1-0.05-50-0 1 2462 19 15 16 128 0.8072 0.7918 134 149
463-1-1-0.05-50-0 1 2462 14 36 42 154 0.8451 0.8162 105 165
463-1-1-0.05-50-0 1 2462 36 15 153 127 0.8162 0.7918 165 149
463-1-1-0.05-50-0 1 2463 36 36 156 156 0.8162 0.8162 165 165
463-1-1-0.05-50-0 1 2463 14 15 40 127 0.8451 0.7918 105 149
463-1-1-0.05-50-0 1 2463 36 43 155 111 0.8162 0.8316 165 123
463-1-1-0.05-50-0 1 2463 36 2 155 64 0.8162 0.8198 165 167
463-1-1-0.05-50-0 1 2464 36 34 162 161 0.8162 0.7448 165 168
463-1-1-0.05-50-0 1 2464 19 15 15 125 0.8072 0.7918 134 149
463-1-1-0.05-50-0 1 2464 36 26 162 138 0.8162 0.8171 165 141
463-1-1-0.05-50-0 1 2464 20 45 16 1 0.9922 0.3816 102 173
463-1-1-0.05-50-0 1 2465 36 26 164 138 0.8162 0.8171 165 141
463-1-1-0.05-50-0 1 2465 2 17 66 2 0.8198 0.6398 167 197
463-1-1-0.05-50-0 1 2465 19 42 14 18 0.8072 0.7447 134 106
463-1-1-0.05-50-0 1 2465 14 34 46 157 0.8451 0.7448 105 168
463-1-1-0.05-50-0 1 2466 36 26 165 141 0.8162 0.8171 165 141
463-1-1-0.05-50-0 1 2466 36 15 165 121 0.8162 0.7918 165 149
463-1-1-0.05-50-0 1 2466 34 48 161 1 0.7448 0.1153 168 334
463-1-1-0.05-50-0 1 2467 36 34 164 168 0.8162 0.7448 165 168
463-1-1-0.05-50-0 1 2467 36 34 164 167 0.8162 0.7448 165 168
463-1-1-0.05-50-0 1 2467 36 26 164 136 0.8162 0.8171 165 141
463-1-1-0.05-50-0 1 2467 14 47 46 103 0.8451 0.9293 105 103
463-1-1-0.05-50-0 1 2467 36 34 164 166 0.8162 0.7448 165 168
463-1-1-0.05-50-0 1 2467 14 26 46 135 0.8451 0.8171 105 141
463-1-1-0.05-50-0 1 2467 15 46 116 2 0.7918 0.3451 149 327
463-1-1-0.05-50-0 1 2468 34 11 168 1 0.7448 0.0504 168 384
463-1-1-0.05-50-0 1 2468 36 34 165 168 0.8162 0.7448 165 168
463-1-1-0.05-50-0 1 2468 36 15 165 115 0.8162 0.7918 165 149
463-1-1-0.05-50-0 1 2468 14 41 46 97 0.8451 0.9621 105 105
463-1-1-0.05-50-0 1 2468 36 26 165 138 0.8162 0.8171 165 141
463-1-1-0.05-50-0 1 2468 36 2 165 68 0.8162 0.8198 165 167
463-1-1-0.05-50-0 1 2469 2 17 67 1 0.8198 0.6398 167 197
463-1-1-0.05-50-0 1 2469 36 34 162 168 0.8162 0.7448 165 168
463-1-1-0.05-50-0 1 2470 14 37 49 127 0.8451 0.8481 105 127
463-1-1-0.05-50-0 1 2470 36 14 165 49 0.8162 0.8451 165 105
463-1-1-0.05-50-0 1 2470 14 34 48 168 0.8451 0.7448 105 168
463-1-1-0.05-50-0 1 2470 36 15 165 117 0.8162 0.7918 165 149
463-1-1-0.05-50-0 1 2470 36 26 165 139 0.8162 0.8171 165 141
463-1-1-0.05-50-0 1 2470 36 34 165 167 0.8162 0.7448 165 168
463-1-1-0.05-50-0 1 2471 36 15 165 115 0.8162 0.7918 165 149
463-1-1-0.05-50-0 1 2471 36 37 165 124 0.8162 0.8481 165 127
463-1-1-0.05-50-0 1 2471 36 34 165 168 0.8162 0.7448 165 168
463-1-1-0.05-50-0 1 2472 36 43 161 112 0.8162 0.8316 165 123
463-1-1-0.05-50-0 1 2472 19 15 14 116 0.8072 0.7918 134 149
463-1-1-0.05-50-0 1 2472 42 8 17 1 0.7447 0.2506 106 303
463-1-1-0.05-50-0 1 2472 36 26 161 131 0.8162 0.8171 165 141
463-1-1-0.05-50-0 1 2473 14 26 49 131 0.8451 0.8171 105 141
463-1-1-0.05-50-0 1 2473 26 46 130 1 0.8171 0.3451 141 327
463-1-1-0.05-50-0 1 2473 36 43 165 112 0.8162 0.8316 165 123
463-1-1-0.05-50-0 1 2473 19 34 13 168 0.8072 0.7448 134 168
463-1-1-0.05-50-0 1 2473 36 37 165 127 0.8162 0.8481 165 127
463-1-1-0.05-50-0 1 2473 36 34 165 167 0.8162 0.7448 165 168
463-1-1-0.05-50-0 1 2474 36 36 165 165 0.8162 0.8162 165 165
463-1-1-0.05-50-0 1 2474 2 38 66 2 0.8198 0.6163 167 270
463-1-1-0.05-50-0 1 2474 14 34 51 162 0.8451 0.7448 105 168
463-1-1-0.05-50-0 1 2474 14 15 51 119 0.8451 0.7918 105 149
463-1-1-0.05-50-0 1 2474 36 34 164 161 0.8162 0.7448 165 168
463-1-1-0.05-50-0 1 2474 36 43 164 113 0.8162 0.8316 165 123
463-1-1-0.05-50-0 1 2474 36 43 164 112 0.8162 0.8316 165 123
463-1-1-0.05-50-0 1 2475 14 34 53 164 0.8451 0.7448 105 168
463-1-1-0.05-50-0 1 2475 36 42 163 15 0.8162 0.7447 165 106
463-1-1-0.05-50-0 1 2475 36 36 163 163 0.8162 0.8162 165 165
463-1-1-0.05-50-0 1 2475 2 21 64 1 0.8198 0.4184 167 158
463-1-1-0.05-50-0 1 2475 36 36 162 162 0.8162 0.8162 165 165
463-1-1-0.05-50-0 1 2475 36 36 161 161 0.8162 0.8162 165 165
463-1-1-0.05-50-0 1 2475 36 37 160 123 0.8162 0.8481 165 127
463-1-1-0.05-50-0 1 2475 36 42 160 14 0.8162 0.7447 165 106
463-1-1-0.05-50-0 1 2476 36 43 162 111 0.8162 0.8316 165 123
463-1-1-0.05-50-0 1 2476 34 4 165 1 0.7448 0.0723 168 351
463-1-1-0.05-50-0 1 2476 36 34 162 165 0.8162 0.7448 165 168
463-1-1-0.05-50-0 1 2476 36 42 162 13 0.8162 0.7447 165 106
463-1-1-0.05-50-0 1 2476 14 2 51 61 0.8451 0.8198 105 167
463-1-1-0.05-50-0 1 2476 14 7 51 105 0.8451 0.9267 105 106
463-1-1-0.05-50-0 1 2476 36 14 162 51 0.8162 0.8451 165 105
463-1-1-0.05-50-0 1 2477 15 46 117 1 0.7918 0.3451 149 327
463-1-1-0.05-50-0 1 2477 14 36 53 164 0.8451 0.8162 105 165
463-1-1-0.05-50-0 1 2477 36 43 163 111 0.8162 0.8316 165 123
463-1-1-0.05-50-0 1 2477 36 26 163 130 0.8162 0.8171 165 141
463-1-1-0.05-50-0 1 2477 36 36 163 163 0.8162 0.8162 165 165
463-1-1-0.05-50-0 1 2477 36 34 162 168 0.8162 0.7448 165 168
463-1-1-0.05-50-0 1 2478 2 30 62 1 0.8198 0.6008 167 266
463-1-1-0.05-50-0 1 2478 14 14 58 58 0.8451 0.8451 105 105
463-1-1-0.05-50-0 1 2479 15 16 119 1 0.7918 0.2228 149 149
463-1-1-0.05-50-0 1 2479 36 37 163 111 0.8162 0.8481 165 127
463-1-1-0.05-50-0 1 2479 34 11 160 1 0.7448 0.0504 168 384
463-1-1-0.05-50-0 1 2479 36 36 163 163 0.8162 0.8162 165 165
463-1-1-0.05-50-0 1 2480 36 15 163 118 0.8162 0.7918 165 149
463-1-1-0.05-50-0 1 2480 36 36 163 163 0.8162 0.8162 165 165
463-1-1-0.05-50-0 1 2480 36 15 162 117 0.8162 0.7918 165 149
463-1-1-0.05-50-0 1 2480 19 15 16 116 0.8072 0.7918 134 149
463-1-1-0.05-50-0 1 2480 14 36 57 162 0.8451 0.8162 105 165
463-1-1-0.05-50-0 1 2480 36 36 161 161 0.8162 0.8162 165 165
463-1-1-0.05-50-0 1 2480 36 36 160 160 0.8162 0.8162 165 165
463-1-1-0.05-50-0 1 2480 36 37 159 107 0.8162 0.8481 165 127
463-1-1-0.05-50-0 1 2481 34 4 165 1 0.7448 0.0723 168 351
463-1-1-0.05-50-0 1 2481 36 43 165 115 0.8162 0.8316 165 123
463-1-1-0.05-50-0 1 2481 14 13 56 139 0.8451 0.8878 105 151
463-1-1-0.05-50-0 1 2481 36 37 165 108 0.8162 0.8481 165 127
463-1-1-0.05-50-0 1 2482 14 7 56 99 0.8451 0.9267 105 106
463-1-1-0.05-50-0 1 2482 36 37 163 112 0.8162 0.8481 165 127
463-1-1-0.05-50-0 1 2482 15 39 107 1 0.7918 0.2187 149 309
463-1-1-0.05-50-0 1 2482 36 37 163 111 0.8162 0.8481 165 127
463-1-1-0.05-50-0 1 2482 19 34 16 168 0.8072 0.7448 134 168
463-1-1-0.05-50-0 1 2482 14 7 56 98 0.8451 0.9267 105 106
463-1-1-0.05-50-0 1 2483 2 38 69 1 0.8198 0.6163 167 270
463-1-1-0.05-50-0 1 2483 36 34 165 168 0.8162 0.7448 165 168
463-1-1-0.05-50-0 1 2483 36 36 165 165 0.8162 0.8162 165 165
463-1-1-0.05-50-0 1 2483 14 43 54 116 0.8451 0.8316 105 123
463-1-1-0.05-50-0 1 2483 36 15 164 112 0.8162 0.7918 165 149
463-1-1-0.05-50-0 1 2483 43 49 115 1 0.8316 0.1842 123 136
463-1-1-0.05-50-0 1 2484 2 33 70 5 0.8198 0.6893 167 191
463-1-1-0.05-50-0 1 2484 36 14 161 53 0.8162 0.8451 165 105
463-1-1-0.05-50-0 1 2484 2 6 70 1 0.8198 0.4266 167 249
463-1-1-0.05-50-0 1 2484 14 34 52 168 0.8451 0.7448 105 168
463-1-1-0.05-50-0 1 2484 36 26 161 141 0.8162 0.8171 165 141
463-1-1-0.05-50-0 1 2484 36 15 161 114 0.8162 0.7918 165 149
463-1-1-0.05-50-0 1 2485 36 14 162 52 0.8162 0.8451 165 105
463-1-1-0.05-50-0 1 2485 15 21 114 1 0.7918 0.4184 149 158
463-1-1-0.05-50-0 1 2485 14 47 51 86 0.8451 0.9293 105 103
463-1-1-0.05-50-0 1 2485 36 15 162 114 0.8162 0.7918 165 149
463-1-1-0.05-50-0 1 2486 36 34 163 167 0.8162 0.7448 165 168
463-1-1-0.05-50-0 1 2486 36 36 163 163 0.8162 0.8162 165 165
463-1-1-0.05-50-0 1 2486 36 36 162 162 0.8162 0.8162 165 165
463-1-1-0.05-50-0 1 2486 36 37 161 113 0.8162 0.8481 165 127
463-1-1-0.05-50-0 1 2486 36 34 161 166 0.8162 0.7448 165 168
463-1-1-0.05-50-0 1 2487 36 26 161 138 0.8162 0.8171 165 141
463-1-1-0.05-50-0 1 2487 37 18 113 1 0.8481 0.2181 127 226
463-1-1-0.05-50-0 1 2487 36 15 161 117 0.8162 0.7918 165 149
463-1-1-0.05-50-0 1 2487 36 37 161 113 0.8162 0.8481 165 127
463-1-1-0.05-50-0 1 2487 20 33 8 4 0.9922 0.6893 102 191
463-1-1-0.05-50-0 1 2487 2 33 66 3 0.8198 0.6893 167 191
463-1-1-0.05-50-0 1 2488 36 34 161 167 0.8162 0.7448 165 168
463-1-1-0.05-50-0 1 2488 36 14 161 52 0.8162 0.8451 165 105
463-1-1-0.05-50-0 1 2488 15 45 113 3 0.7918 0.3816 149 173
463-1-1-0.05-50-0 1 2489 36 14 160 53 0.8162 0.8451 165 105
463-1-1-0.05-50-0 1 2489 26 45 141 2 0.8171 0.3816 141 173
463-1-1-0.05-50-0 1 2489 36 36 160 160 0.8162 0.8162 165 165
463-1-1-0.05-50-0 1 2489 19 34 13 165 0.8072 0.7448 134 168
463-1-1-0.05-50-0 1 2489 36 15 159 116 0.8162 0.7918 165 149
463-1-1-0.05-50-0 1 2489 2 33 73 1 0.8198 0.6893 167 191
463-1-1-0.05-50-0 1 2489 36 36 159 159 0.8162 0.8162 165 165
463-1-1-0.05-50-0 1 2490 36 2 154 68 0.8162 0.8198 165 167
463-1-1-0.05-50-0 1 2490 36 37 154 106 0.8162 0.8481 165 127
463-1-1-0.05-50-0 1 2490 19 34 15 164 0.8072 0.7448 134 168
463-1-1-0.05-50-0 1 2490 34 5 163 1 0.7448 0.0007 168 226
463-1-1-0.05-50-0 1 2490 15 21 117 1 0.7918 0.4184 149 158
463-1-1-0.05-50-0 1 2490 15 45 117 1 0.7918 0.3816 149 173
463-1-1-0.05-50-0 1 2491 14 13 54 149 0.8451 0.8878 105 151
463-1-1-0.05-50-0 1 2491 26 46 140 1 0.8171 0.3451 141 327
463-1-1-0.05-50-0 1 2491 36 26 146 140 0.8162 0.8171 165 141
463-1-1-0.05-50-0 1 2491 36 34 146 168 0.8162 0.7448 165 168
463-1-1-0.05-50-0 1 2491 36 26 146 139 0.8162 0.8171 165 141
463-1-1-0.05-50-0 1 2492 36 19 152 16 0.8162 0.8072 165 134
463-1-1-0.05-50-0 1 2492 19 15 15 116 0.8072 0.7918 134 149
463-1-1-0.05-50-0 1 2492 36 2 152 71 0.8162 0.8198 165 167
463-1-1-0.05-50-0 1 2493 36 2 149 70 0.8162 0.8198 165 167
463-1-1-0.05-50-0 1 2493 36 36 149 149 0.8162 0.8162 165 165
463-1-1-0.05-50-0 1 2493 36 15 148 112 0.8162 0.7918 165 149
463-1-1-0.05-50-0 1 2493 36 2 148 69 0.8162 0.8198 165 167
463-1-1-0.05-50-0 1 2493 19 15 14 111 0.8072 0.7918 134 149
463-1-1-0.05-50-0 1 2493 36 26 148 137 0.8162 0.8171 165 141
463-1-1-0.05-50-0 1 2494 36 34 148 165 0.8162 0.7448 165 168
463-1-1-0.05-50-0 1 2494 19 34 13 164 0.8072 0.7448 134 168
463-1-1-0.05-50-0 1 2494 14 26 56 140 0.8451 0.8171 105 141
463-1-1-0.05-50-0 1 2494 36 43 148 123 0.8162 0.8316 165 123
463-1-1-0.05-50-0 1 2494 36 37 148 105 0.8162 0.8481 165 127
463-1-1-0.05-50-0 1 2494 36 15 148 117 0.8162 0.7918 165 149
463-1-1-0.05-50-0 1 2494 14 15 56 116 0.8451 0.7918 105 149
463-1-1-0.05-50-0 1 2495 36 37 160 98 0.8162 0.8481 165 127
463-1-1-0.05-50-0 1 2495 36 34 160 162 0.8162 0.7448 165 168
463-1-1-0.05-50-0 1 2495 36 26 160 139 0.8162 0.8171 165 141
463-1-1-0.05-50-0 1 2495 14 34 59 161 0.8451 0.7448 105 168
463-1-1-0.05-50-0 1 2495 36 43 160 122 0.8162 0.8316 165 123
463-1-1-0.05-50-0 1 2495 19 34 13 160 0.8072 0.7448 134 168
463-1-1-0.05-50-0 1 2496 36 15 165 119 0.8162 0.7918 165 149
463-1-1-0.05-50-0 1 2496 14 43 59 122 0.8451 0.8316 105 123
463-1-1-0.05-50-0 1 2496 2 38 75 2 0.8198 0.6163 167 270
463-1-1-0.05-50-0 1 2496 36 37 165 98 0.8162 0.8481 165 127
463-1-1-0.05-50-0 1 2497 36 43 165 123 0.8162 0.8316 165 123
463-1-1-0.05-50-0 1 2497 36 14 165 59 0.8162 0.8451 165 105
463-1-1-0.05-50-0 1 2497 36 2 165 72 0.8162 0.8198 165 167
463-1-1-0.05-50-0 1 2497 36 37 165 97 0.8162 0.8481 165 127
463-1-1-0.05-50-0 1 2497 14 26 58 139 0.8451 0.8171 105 141
463-1-1-0.05-50-0 1 2497 14 37 58 96 0.8451 0.8481 105 127
463-1-1-0.05-50-0 1 2498 41 35 100 1 0.9621 0.0354 105 158
463-1-1-0.05-50-0 1 2498 19 19 13 13 0.8072 0.8072 134 134
463-1-1-0.05-50-0 1 2498 41 5 100 1 0.9621 0.0007 105 226
463-1-1-0.05-50-0 1 2498 36 43 165 120 0.8162 0.8316 165 123
463-1-1-0.05-50-0 1 2499 14 2 59 62 0.8451 0.8198 105 167
463-1-1-0.05-50-0 1 2499 36 43 162 119 0.8162 0.8316 165 123
463-1-1-0.05-50-0 1 2499 19 15 12 129 0.8072 0.7918 134 149
463-1-1-0.05-50-0 1 2499 14 26 59 141 0.8451 0.8171 105 141
463-1-1-0.05-50-0 1 2499 19 34 12 161 0.8072 0.7448 134 168
463-1-1-0.05-50-0 1 2499 36 36 162 162 0.8162 0.8162 165 165
463-1-1-0.05-50-0 1 2500 36 37 162 98 0.8162 0.8481 165 127
463-1-1-0.05-50-0 1 2500 36 43 162 121 0.8162 0.8316 165 123
463-1-1-0.05-50-0 1 2500 36 26 162 138 0.8162 0.8171 165 141
463-1-1-0.05-50-0 1 2500 36 26 162 137 0.8162 0.8171 165 141
