464-1-1-0.05-50-0 1 2302 14 2 95 135 0.8451 0.8198 105 167
464-1-1-0.05-50-0 1 2302 14 13 95 151 0.8451 0.8878 105 151
464-1-1-0.05-50-0 1 2302 36 26 31 138 0.8162 0.8171 165 141
464-1-1-0.05-50-0 1 2302 14 7 95 101 0.8451 0.9267 105 106
464-1-1-0.05-50-0 1 2303 14 14 93 93 0.8451 0.8451 105 105
464-1-1-0.05-50-0 1 2303 14 25 92 78 0.8451 0.9430 105 125
464-1-1-0.05-50-0 1 2303 2 30 134 1 0.8198 0.6008 167 266
464-1-1-0.05-50-0 1 2303 14 36 92 34 0.8451 0.8162 105 165
464-1-1-0.05-50-0 1 2304 36 37 31 73 0.8162 0.8481 165 127
464-1-1-0.05-50-0 1 2304 1 10 3 21 0.2520 0.2533 409 449
464-1-1-0.05-50-0 1 2304 14 2 93 134 0.8451 0.8198 105 167
464-1-1-0.05-50-0 1 2305 14 37 91 69 0.8451 0.8481 105 127
464-1-1-0.05-50-0 1 2305 14 7 91 101 0.8451 0.9267 105 106
464-1-1-0.05-50-0 1 2305 14 7 91 100 0.8451 0.9267 105 106
464-1-1-0.05-50-0 1 2305 10 27 20 4 0.2533 0.0776 449 149
464-1-1-0.05-50-0 1 2305 14 37 91 68 0.8451 0.8481 105 127
464-1-1-0.05-50-0 1 2306 14 13 90 151 0.8451 0.8878 105 151
464-1-1-0.05-50-0 1 2306 14 37 90 69 0.8451 0.8481 105 127
464-1-1-0.05-50-0 1 2306 14 14 90 90 0.8451 0.8451 105 105
464-1-1-0.05-50-0 1 2306 36 26 32 137 0.8162 0.8171 165 141
464-1-1-0.05-50-0 1 2306 14 41 89 55 0.8451 0.9621 105 105
464-1-1-0.05-50-0 1 2307 14 14 94 94 0.8451 0.8451 105 105
464-1-1-0.05-50-0 1 2307 26 6 137 1 0.8171 0.4266 141 249
464-1-1-0.05-50-0 1 2308 36 2 32 127 0.8162 0.8198 165 167
464-1-1-0.05-50-0 1 2308 10 27 22 3 0.2533 0.0776 449 149
464-1-1-0.05-50-0 1 2309 14 2 90 127 0.8451 0.8198 105 167
464-1-1-0.05-50-0 1 2309 14 14 90 90 0.8451 0.8451 105 105
464-1-1-0.05-50-0 1 2309 36 14 34 89 0.8162 0.8451 165 105
464-1-1-0.05-50-0 1 2310 36 26 35 136 0.8162 0.8171 165 141
464-1-1-0.05-50-0 1 2310 14 7 87 95 0.8451 0.9267 105 106
464-1-1-0.05-50-0 1 2310 14 26 87 135 0.8451 0.8171 105 141
464-1-1-0.05-50-0 1 2310 14 14 87 87 0.8451 0.8451 105 105
464-1-1-0.05-50-0 1 2310 36 26 35 134 0.8162 0.8171 165 141
464-1-1-0.05-50-0 1 2310 37 39 66 1 0.8481 0.2187 127 309
464-1-1-0.05-50-0 1 2310 25 35 80 1 0.9430 0.0354 125 158
464-1-1-0.05-50-0 1 2310 14 26 86 133 0.8451 0.8171 105 141
464-1-1-0.05-50-0 1 2311 14 2 85 119 0.8451 0.8198 105 167
464-1-1-0.05-50-0 1 2311 2 29 118 1 0.8198 0.6728 167 177
464-1-1-0.05-50-0 1 2311 36 2 36 118 0.8162 0.8198 165 167
464-1-1-0.05-50-0 1 2312 26 28 133 1 0.8171 0.3846 141 311
464-1-1-0.05-50-0 1 2312 40 38 10 2 0.9739 0.6163 104 270
464-1-1-0.05-50-0 1 2312 20 33 17 1 0.9922 0.6893 102 191
464-1-1-0.05-50-0 1 2312 14 7 87 96 0.8451 0.9267 105 106
464-1-1-0.05-50-0 1 2313 41 35 49 1 0.9621 0.0354 105 158
464-1-1-0.05-50-0 1 2314 36 14 41 89 0.8162 0.8451 165 105
464-1-1-0.05-50-0 1 2314 14 37 88 57 0.8451 0.8481 105 127
464-1-1-0.05-50-0 1 2314 36 26 41 130 0.8162 0.8171 165 141
464-1-1-0.05-50-0 1 2315 14 2 92 124 0.8451 0.8198 105 167
464-1-1-0.05-50-0 1 2315 36 2 42 123 0.8162 0.8198 165 167
464-1-1-0.05-50-0 1 2315 14 13 92 149 0.8451 0.8878 105 151
464-1-1-0.05-50-0 1 2315 36 43 42 71 0.8162 0.8316 165 123
464-1-1-0.05-50-0 1 2315 15 10 3 23 0.7918 0.2533 149 449
464-1-1-0.05-50-0 1 2316 10 27 22 2 0.2533 0.0776 449 149
464-1-1-0.05-50-0 1 2316 14 37 92 57 0.8451 0.8481 105 127
464-1-1-0.05-50-0 1 2317 36 26 45 125 0.8162 0.8171 165 141
464-1-1-0.05-50-0 1 2317 36 43 45 63 0.8162 0.8316 165 123
464-1-1-0.05-50-0 1 2317 36 2 45 131 0.8162 0.8198 165 167
464-1-1-0.05-50-0 1 2317 2 38 130 2 0.8198 0.6163 167 270
464-1-1-0.05-50-0 1 2317 40 38 9 1 0.9739 0.6163 104 270
464-1-1-0.05-50-0 1 2318 14 7 91 98 0.8451 0.9267 105 106
464-1-1-0.05-50-0 1 2318 37 50 56 1 0.8481 0.2147 127 147
464-1-1-0.05-50-0 1 2318 2 32 133 1 0.8198 0.6514 167 215
464-1-1-0.05-50-0 1 2318 41 11 49 1 0.9621 0.0504 105 384
464-1-1-0.05-50-0 1 2318 14 2 91 133 0.8451 0.8198 105 167
464-1-1-0.05-50-0 1 2318 36 2 45 132 0.8162 0.8198 165 167
464-1-1-0.05-50-0 1 2319 36 14 47 95 0.8162 0.8451 165 105
464-1-1-0.05-50-0 1 2319 14 2 94 130 0.8451 0.8198 105 167
464-1-1-0.05-50-0 1 2319 25 22 80 1 0.9430 0.0160 125 311
464-1-1-0.05-50-0 1 2319 14 2 94 129 0.8451 0.8198 105 167
464-1-1-0.05-50-0 1 2320 10 27 24 1 0.2533 0.0776 449 149
464-1-1-0.05-50-0 1 2320 14 13 94 148 0.8451 0.8878 105 151
464-1-1-0.05-50-0 1 2320 36 2 45 124 0.8162 0.8198 165 167
464-1-1-0.05-50-0 1 2321 14 36 96 47 0.8451 0.8162 105 165
464-1-1-0.05-50-0 1 2321 36 2 46 123 0.8162 0.8198 165 167
464-1-1-0.05-50-0 1 2321 36 26 46 122 0.8162 0.8171 165 141
464-1-1-0.05-50-0 1 2321 14 25 96 78 0.8451 0.9430 105 125
464-1-1-0.05-50-0 1 2322 14 7 98 105 0.8451 0.9267 105 106
464-1-1-0.05-50-0 1 2322 40 38 8 1 0.9739 0.6163 104 270
464-1-1-0.05-50-0 1 2323 36 36 49 49 0.8162 0.8162 165 165
464-1-1-0.05-50-0 1 2323 14 13 95 151 0.8451 0.8878 105 151
464-1-1-0.05-50-0 1 2324 36 37 50 60 0.8162 0.8481 165 127
464-1-1-0.05-50-0 1 2324 14 26 98 112 0.8451 0.8171 105 141
464-1-1-0.05-50-0 1 2325 14 13 101 150 0.8451 0.8878 105 151
464-1-1-0.05-50-0 1 2325 36 26 47 109 0.8162 0.8171 165 141
464-1-1-0.05-50-0 1 2325 36 14 47 101 0.8162 0.8451 165 105
464-1-1-0.05-50-0 1 2325 36 2 47 121 0.8162 0.8198 165 167
464-1-1-0.05-50-0 1 2326 36 14 43 101 0.8162 0.8451 165 105
464-1-1-0.05-50-0 1 2326 37 24 57 1 0.8481 0.1940 127 254
464-1-1-0.05-50-0 1 2326 36 2 43 119 0.8162 0.8198 165 167
464-1-1-0.05-50-0 1 2326 7 3 102 1 0.9267 0.4813 106 321
464-1-1-0.05-50-0 1 2326 36 26 43 109 0.8162 0.8171 165 141
464-1-1-0.05-50-0 1 2326 36 37 43 57 0.8162 0.8481 165 127
464-1-1-0.05-50-0 1 2326 40 15 8 5 0.9739 0.7918 104 149
464-1-1-0.05-50-0 1 2327 14 7 100 101 0.8451 0.9267 105 106
464-1-1-0.05-50-0 1 2327 14 7 100 100 0.8451 0.9267 105 106
464-1-1-0.05-50-0 1 2327 14 7 100 99 0.8451 0.9267 105 106
464-1-1-0.05-50-0 1 2327 14 13 100 149 0.8451 0.8878 105 151
464-1-1-0.05-50-0 1 2327 36 2 41 116 0.8162 0.8198 165 167
464-1-1-0.05-50-0 1 2327 36 26 41 111 0.8162 0.8171 165 141
464-1-1-0.05-50-0 1 2327 36 26 41 110 0.8162 0.8171 165 141
464-1-1-0.05-50-0 1 2328 14 26 98 110 0.8451 0.8171 105 141
464-1-1-0.05-50-0 1 2328 14 2 98 110 0.8451 0.8198 105 167
464-1-1-0.05-50-0 1 2328 1 10 7 18 0.2520 0.2533 409 449
464-1-1-0.05-50-0 1 2328 14 13 98 147 0.8451 0.8878 105 151
464-1-1-0.05-50-0 1 2329 14 37 99 59 0.8451 0.8481 105 127
464-1-1-0.05-50-0 1 2329 14 7 99 100 0.8451 0.9267 105 106
464-1-1-0.05-50-0 1 2330 14 25 100 83 0.8451 0.9430 105 125
464-1-1-0.05-50-0 1 2330 40 44 8 1 0.9739 0.7034 104 118
464-1-1-0.05-50-0 1 2331 36 26 45 109 0.8162 0.8171 165 141
464-1-1-0.05-50-0 1 2331 36 26 45 108 0.8162 0.8171 165 141
464-1-1-0.05-50-0 1 2331 14 7 96 100 0.8451 0.9267 105 106
464-1-1-0.05-50-0 1 2332 14 43 97 59 0.8451 0.8316 105 123
464-1-1-0.05-50-0 1 2332 36 2 45 116 0.8162 0.8198 165 167
464-1-1-0.05-50-0 1 2332 2 17 115 1 0.8198 0.6398 167 197
464-1-1-0.05-50-0 1 2333 36 43 42 56 0.8162 0.8316 165 123
464-1-1-0.05-50-0 1 2333 14 14 92 92 0.8451 0.8451 105 105
464-1-1-0.05-50-0 1 2333 14 2 91 117 0.8451 0.8198 105 167
464-1-1-0.05-50-0 1 2333 2 21 116 1 0.8198 0.4184 167 158
464-1-1-0.05-50-0 1 2334 36 26 41 104 0.8162 0.8171 165 141
464-1-1-0.05-50-0 1 2334 1 1 5 5 0.2520 0.2520 409 409
464-1-1-0.05-50-0 1 2334 14 26 89 103 0.8451 0.8171 105 141
464-1-1-0.05-50-0 1 2334 36 2 41 113 0.8162 0.8198 165 167
464-1-1-0.05-50-0 1 2334 14 43 89 54 0.8451 0.8316 105 123
464-1-1-0.05-50-0 1 2334 14 2 89 112 0.8451 0.8198 105 167
464-1-1-0.05-50-0 1 2335 14 41 89 55 0.8451 0.9621 105 105
464-1-1-0.05-50-0 1 2335 36 26 43 102 0.8162 0.8171 165 141
464-1-1-0.05-50-0 1 2335 36 14 43 89 0.8162 0.8451 165 105
464-1-1-0.05-50-0 1 2336 36 26 42 106 0.8162 0.8171 165 141
464-1-1-0.05-50-0 1 2336 14 25 88 77 0.8451 0.9430 105 125
464-1-1-0.05-50-0 1 2337 14 25 85 73 0.8451 0.9430 105 125
464-1-1-0.05-50-0 1 2337 2 9 121 1 0.8198 0.6134 167 161
464-1-1-0.05-50-0 1 2337 36 36 42 42 0.8162 0.8162 165 165
464-1-1-0.05-50-0 1 2337 14 37 85 57 0.8451 0.8481 105 127
464-1-1-0.05-50-0 1 2338 14 43 85 61 0.8451 0.8316 105 123
464-1-1-0.05-50-0 1 2338 36 2 43 121 0.8162 0.8198 165 167
464-1-1-0.05-50-0 1 2338 1 10 5 23 0.2520 0.2533 409 449
464-1-1-0.05-50-0 1 2338 2 29 120 1 0.8198 0.6728 167 177
464-1-1-0.05-50-0 1 2339 14 25 84 73 0.8451 0.9430 105 125
464-1-1-0.05-50-0 1 2339 14 14 84 84 0.8451 0.8451 105 105
464-1-1-0.05-50-0 1 2339 14 41 83 60 0.8451 0.9621 105 105
464-1-1-0.05-50-0 1 2340 36 2 43 123 0.8162 0.8198 165 167
464-1-1-0.05-50-0 1 2340 14 14 87 87 0.8451 0.8451 105 105
464-1-1-0.05-50-0 1 2341 14 13 87 147 0.8451 0.8878 105 151
464-1-1-0.05-50-0 1 2341 14 37 87 57 0.8451 0.8481 105 127
464-1-1-0.05-50-0 1 2341 41 4 61 2 0.9621 0.0723 105 351
464-1-1-0.05-50-0 1 2341 36 2 43 120 0.8162 0.8198 165 167
464-1-1-0.05-50-0 1 2341 36 2 43 119 0.8162 0.8198 165 167
464-1-1-0.05-50-0 1 2341 36 26 43 108 0.8162 0.8171 165 141
464-1-1-0.05-50-0 1 2342 2 44 119 1 0.8198 0.7034 167 118
464-1-1-0.05-50-0 1 2342 14 26 85 111 0.8451 0.8171 105 141
464-1-1-0.05-50-0 1 2343 41 4 59 1 0.9621 0.0723 105 351
464-1-1-0.05-50-0 1 2343 36 26 43 110 0.8162 0.8171 165 141
464-1-1-0.05-50-0 1 2344 14 41 79 57 0.8451 0.9621 105 105
464-1-1-0.05-50-0 1 2344 36 26 46 110 0.8162 0.8171 165 141
464-1-1-0.05-50-0 1 2344 36 37 46 56 0.8162 0.8481 165 127
464-1-1-0.05-50-0 1 2344 14 13 79 151 0.8451 0.8878 105 151
464-1-1-0.05-50-0 1 2345 36 43 48 58 0.8162 0.8316 165 123
464-1-1-0.05-50-0 1 2345 14 43 76 57 0.8451 0.8316 105 123
464-1-1-0.05-50-0 1 2345 36 2 48 116 0.8162 0.8198 165 167
464-1-1-0.05-50-0 1 2345 36 26 48 113 0.8162 0.8171 165 141
464-1-1-0.05-50-0 1 2345 14 14 76 76 0.8451 0.8451 105 105
464-1-1-0.05-50-0 1 2346 14 25 75 78 0.8451 0.9430 105 125
464-1-1-0.05-50-0 1 2346 2 31 119 1 0.8198 0.5626 167 252
464-1-1-0.05-50-0 1 2346 40 34 9 1 0.9739 0.7448 104 168
464-1-1-0.05-50-0 1 2346 36 26 52 113 0.8162 0.8171 165 141
464-1-1-0.05-50-0 1 2347 36 14 51 77 0.8162 0.8451 165 105
464-1-1-0.05-50-0 1 2347 14 26 76 107 0.8451 0.8171 105 141
464-1-1-0.05-50-0 1 2347 36 14 51 76 0.8162 0.8451 165 105
464-1-1-0.05-50-0 1 2347 14 41 75 54 0.8451 0.9621 105 105
464-1-1-0.05-50-0 1 2348 36 2 51 128 0.8162 0.8198 165 167
464-1-1-0.05-50-0 1 2348 14 43 77 60 0.8451 0.8316 105 123
464-1-1-0.05-50-0 1 2349 14 2 81 127 0.8451 0.8198 105 167
464-1-1-0.05-50-0 1 2349 14 2 81 126 0.8451 0.8198 105 167
464-1-1-0.05-50-0 1 2349 36 36 51 51 0.8162 0.8162 165 165
464-1-1-0.05-50-0 1 2350 1 10 6 23 0.2520 0.2533 409 449
464-1-1-0.05-50-0 1 2350 14 2 81 130 0.8451 0.8198 105 167
464-1-1-0.05-50-0 1 2350 36 37 49 55 0.8162 0.8481 165 127
464-1-1-0.05-50-0 1 2351 14 7 84 101 0.8451 0.9267 105 106
464-1-1-0.05-50-0 1 2351 41 4 57 1 0.9621 0.0723 105 351
464-1-1-0.05-50-0 1 2351 14 20 84 19 0.8451 0.9922 105 102
464-1-1-0.05-50-0 1 2351 36 43 49 60 0.8162 0.8316 165 123
464-1-1-0.05-50-0 1 2351 36 14 49 84 0.8162 0.8451 165 105
464-1-1-0.05-50-0 1 2351 36 26 49 105 0.8162 0.8171 165 141
464-1-1-0.05-50-0 1 2352 14 14 83 83 0.8451 0.8451 105 105
464-1-1-0.05-50-0 1 2352 36 14 53 82 0.8162 0.8451 165 105
464-1-1-0.05-50-0 1 2353 26 46 108 1 0.8171 0.3451 141 327
464-1-1-0.05-50-0 1 2353 14 26 80 108 0.8451 0.8171 105 141
464-1-1-0.05-50-0 1 2353 14 14 80 80 0.8451 0.8451 105 105
464-1-1-0.05-50-0 1 2353 14 37 79 59 0.8451 0.8481 105 127
464-1-1-0.05-50-0 1 2353 36 36 54 54 0.8162 0.8162 165 165
464-1-1-0.05-50-0 1 2353 14 41 79 57 0.8451 0.9621 105 105
464-1-1-0.05-50-0 1 2354 14 40 79 9 0.8451 0.9739 105 104
464-1-1-0.05-50-0 1 2354 36 43 53 62 0.8162 0.8316 165 123
464-1-1-0.05-50-0 1 2355 14 26 81 110 0.8451 0.8171 105 141
464-1-1-0.05-50-0 1 2355 14 7 81 106 0.8451 0.9267 105 106
464-1-1-0.05-50-0 1 2355 14 13 81 149 0.8451 0.8878 105 151
464-1-1-0.05-50-0 1 2355 36 2 52 135 0.8162 0.8198 165 167
464-1-1-0.05-50-0 1 2356 14 40 82 8 0.8451 0.9739 105 104
464-1-1-0.05-50-0 1 2357 43 12 60 1 0.8316 0.1896 123 325
464-1-1-0.05-50-0 1 2358 37 23 63 2 0.8481 0.1698 127 476
464-1-1-0.05-50-0 1 2358 36 26 51 115 0.8162 0.8171 165 141
464-1-1-0.05-50-0 1 2359 14 25 84 75 0.8451 0.9430 105 125
464-1-1-0.05-50-0 1 2359 14 26 84 107 0.8451 0.8171 105 141
464-1-1-0.05-50-0 1 2359 37 23 63 1 0.8481 0.1698 127 476
464-1-1-0.05-50-0 1 2359 37 48 63 1 0.8481 0.1153 127 334
464-1-1-0.05-50-0 1 2360 14 26 85 104 0.8451 0.8171 105 141
464-1-1-0.05-50-0 1 2360 37 16 65 1 0.8481 0.2228 127 149
464-1-1-0.05-50-0 1 2361 14 26 86 107 0.8451 0.8171 105 141
464-1-1-0.05-50-0 1 2361 14 43 86 59 0.8451 0.8316 105 123
464-1-1-0.05-50-0 1 2363 36 14 49 80 0.8162 0.8451 165 105
464-1-1-0.05-50-0 1 2363 26 6 106 1 0.8171 0.4266 141 249
464-1-1-0.05-50-0 1 2363 36 43 49 53 0.8162 0.8316 165 123
464-1-1-0.05-50-0 1 2363 14 26 79 106 0.8451 0.8171 105 141
464-1-1-0.05-50-0 1 2364 2 30 129 1 0.8198 0.6008 167 266
464-1-1-0.05-50-0 1 2364 36 14 51 80 0.8162 0.8451 165 105
464-1-1-0.05-50-0 1 2364 14 36 79 51 0.8451 0.8162 105 165
464-1-1-0.05-50-0 1 2365 37 23 62 1 0.8481 0.1698 127 476
464-1-1-0.05-50-0 1 2365 14 36 79 51 0.8451 0.8162 105 165
464-1-1-0.05-50-0 1 2366 36 37 54 64 0.8162 0.8481 165 127
464-1-1-0.05-50-0 1 2366 25 22 73 2 0.9430 0.0160 125 311
464-1-1-0.05-50-0 1 2367 14 43 75 53 0.8451 0.8316 105 123
464-1-1-0.05-50-0 1 2367 36 26 51 114 0.8162 0.8171 165 141
464-1-1-0.05-50-0 1 2367 36 2 51 132 0.8162 0.8198 165 167
464-1-1-0.05-50-0 1 2367 36 26 51 113 0.8162 0.8171 165 141
464-1-1-0.05-50-0 1 2367 36 37 51 67 0.8162 0.8481 165 127
464-1-1-0.05-50-0 1 2368 14 7 73 94 0.8451 0.9267 105 106
464-1-1-0.05-50-0 1 2368 14 37 73 68 0.8451 0.8481 105 127
464-1-1-0.05-50-0 1 2368 14 20 73 15 0.8451 0.9922 105 102
464-1-1-0.05-50-0 1 2369 2 32 122 1 0.8198 0.6514 167 215
464-1-1-0.05-50-0 1 2369 14 20 78 14 0.8451 0.9922 105 102
464-1-1-0.05-50-0 1 2369 14 13 78 151 0.8451 0.8878 105 151
464-1-1-0.05-50-0 1 2370 14 37 77 62 0.8451 0.8481 105 127
464-1-1-0.05-50-0 1 2370 36 37 51 61 0.8162 0.8481 165 127
464-1-1-0.05-50-0 1 2370 36 43 51 51 0.8162 0.8316 165 123
464-1-1-0.05-50-0 1 2370 14 25 77 76 0.8451 0.9430 105 125
464-1-1-0.05-50-0 1 2370 36 14 51 77 0.8162 0.8451 165 105
464-1-1-0.05-50-0 1 2371 14 2 79 122 0.8451 0.8198 105 167
464-1-1-0.05-50-0 1 2371 40 15 10 2 0.9739 0.7918 104 149
464-1-1-0.05-50-0 1 2372 14 36 80 55 0.8451 0.8162 105 165
464-1-1-0.05-50-0 1 2372 1 10 5 35 0.2520 0.2533 409 449
464-1-1-0.05-50-0 1 2373 36 43 57 49 0.8162 0.8316 165 123
464-1-1-0.05-50-0 1 2373 2 31 122 1 0.8198 0.5626 167 252
464-1-1-0.05-50-0 1 2373 14 2 79 122 0.8451 0.8198 105 167
464-1-1-0.05-50-0 1 2374 14 2 78 124 0.8451 0.8198 105 167
464-1-1-0.05-50-0 1 2374 14 43 78 48 0.8451 0.8316 105 123
464-1-1-0.05-50-0 1 2374 36 26 58 106 0.8162 0.8171 165 141
464-1-1-0.05-50-0 1 2374 14 26 78 105 0.8451 0.8171 105 141
464-1-1-0.05-50-0 1 2375 14 13 79 149 0.8451 0.8878 105 151
464-1-1-0.05-50-0 1 2375 14 13 79 148 0.8451 0.8878 105 151
464-1-1-0.05-50-0 1 2376 14 13 79 150 0.8451 0.8878 105 151
464-1-1-0.05-50-0 1 2376 14 2 79 122 0.8451 0.8198 105 167
464-1-1-0.05-50-0 1 2376 20 31 13 1 0.9922 0.5626 102 252
464-1-1-0.05-50-0 1 2376 10 27 40 1 0.2533 0.0776 449 149
464-1-1-0.05-50-0 1 2376 14 26 79 106 0.8451 0.8171 105 141
464-1-1-0.05-50-0 1 2377 36 2 68 122 0.8162 0.8198 165 167
464-1-1-0.05-50-0 1 2377 14 43 81 43 0.8451 0.8316 105 123
464-1-1-0.05-50-0 1 2378 14 7 82 89 0.8451 0.9267 105 106
464-1-1-0.05-50-0 1 2378 36 26 67 108 0.8162 0.8171 165 141
464-1-1-0.05-50-0 1 2379 14 19 84 3 0.8451 0.8072 105 134
464-1-1-0.05-50-0 1 2379 14 7 84 85 0.8451 0.9267 105 106
464-1-1-0.05-50-0 1 2379 14 2 84 123 0.8451 0.8198 105 167
464-1-1-0.05-50-0 1 2380 36 37 59 78 0.8162 0.8481 165 127
464-1-1-0.05-50-0 1 2380 36 36 59 59 0.8162 0.8162 165 165
464-1-1-0.05-50-0 1 2380 14 25 86 78 0.8451 0.9430 105 125
464-1-1-0.05-50-0 1 2380 14 20 86 14 0.8451 0.9922 105 102
464-1-1-0.05-50-0 1 2380 14 26 86 109 0.8451 0.8171 105 141
464-1-1-0.05-50-0 1 2381 36 2 59 120 0.8162 0.8198 165 167
464-1-1-0.05-50-0 1 2381 36 37 59 78 0.8162 0.8481 165 127
464-1-1-0.05-50-0 1 2381 14 26 90 111 0.8451 0.8171 105 141
464-1-1-0.05-50-0 1 2381 14 14 90 90 0.8451 0.8451 105 105
464-1-1-0.05-50-0 1 2381 36 2 59 119 0.8162 0.8198 165 167
464-1-1-0.05-50-0 1 2382 36 2 60 121 0.8162 0.8198 165 167
464-1-1-0.05-50-0 1 2382 2 30 120 1 0.8198 0.6008 167 266
464-1-1-0.05-50-0 1 2382 41 22 58 2 0.9621 0.0160 105 311
464-1-1-0.05-50-0 1 2382 14 37 88 79 0.8451 0.8481 105 127
464-1-1-0.05-50-0 1 2382 1 10 8 47 0.2520 0.2533 409 449
464-1-1-0.05-50-0 1 2383 43 12 50 1 0.8316 0.1896 123 325
464-1-1-0.05-50-0 1 2383 14 14 88 88 0.8451 0.8451 105 105
464-1-1-0.05-50-0 1 2383 41 4 56 1 0.9621 0.0723 105 351
464-1-1-0.05-50-0 1 2384 36 14 64 84 0.8162 0.8451 165 105
464-1-1-0.05-50-0 1 2384 36 14 64 83 0.8162 0.8451 165 105
464-1-1-0.05-50-0 1 2384 14 26 82 108 0.8451 0.8171 105 141
464-1-1-0.05-50-0 1 2384 14 2 82 124 0.8451 0.8198 105 167
464-1-1-0.05-50-0 1 2385 14 7 82 86 0.8451 0.9267 105 106
464-1-1-0.05-50-0 1 2385 14 25 82 72 0.8451 0.9430 105 125
464-1-1-0.05-50-0 1 2385 36 37 64 76 0.8162 0.8481 165 127
464-1-1-0.05-50-0 1 2386 14 37 84 73 0.8451 0.8481 105 127
464-1-1-0.05-50-0 1 2386 36 2 63 123 0.8162 0.8198 165 167
464-1-1-0.05-50-0 1 2386 36 26 63 113 0.8162 0.8171 165 141
464-1-1-0.05-50-0 1 2386 36 14 63 84 0.8162 0.8451 165 105
464-1-1-0.05-50-0 1 2387 14 14 85 85 0.8451 0.8451 105 105
464-1-1-0.05-50-0 1 2387 14 14 84 84 0.8451 0.8451 105 105
464-1-1-0.05-50-0 1 2388 14 2 86 128 0.8451 0.8198 105 167
464-1-1-0.05-50-0 1 2388 36 43 68 48 0.8162 0.8316 165 123
464-1-1-0.05-50-0 1 2388 14 2 86 127 0.8451 0.8198 105 167
464-1-1-0.05-50-0 1 2389 36 2 67 129 0.8162 0.8198 165 167
464-1-1-0.05-50-0 1 2389 14 7 89 87 0.8451 0.9267 105 106
464-1-1-0.05-50-0 1 2389 20 38 15 1 0.9922 0.6163 102 270
464-1-1-0.05-50-0 1 2389 7 31 86 1 0.9267 0.5626 106 252
464-1-1-0.05-50-0 1 2390 14 25 93 72 0.8451 0.9430 105 125
464-1-1-0.05-50-0 1 2390 40 42 9 1 0.9739 0.7447 104 106
464-1-1-0.05-50-0 1 2391 37 48 75 1 0.8481 0.1153 127 334
464-1-1-0.05-50-0 1 2391 14 14 94 94 0.8451 0.8451 105 105
464-1-1-0.05-50-0 1 2391 36 15 68 2 0.8162 0.7918 165 149
464-1-1-0.05-50-0 1 2392 36 43 63 48 0.8162 0.8316 165 123
464-1-1-0.05-50-0 1 2392 14 7 93 91 0.8451 0.9267 105 106
464-1-1-0.05-50-0 1 2392 36 2 63 136 0.8162 0.8198 165 167
464-1-1-0.05-50-0 1 2392 36 14 63 93 0.8162 0.8451 165 105
464-1-1-0.05-50-0 1 2393 1 10 5 53 0.2520 0.2533 409 449
464-1-1-0.05-50-0 1 2393 14 13 91 151 0.8451 0.8878 105 151
464-1-1-0.05-50-0 1 2393 25 11 69 2 0.9430 0.0504 125 384
464-1-1-0.05-50-0 1 2393 41 11 46 1 0.9621 0.0504 105 384
464-1-1-0.05-50-0 1 2393 1 10 5 52 0.2520 0.2533 409 449
464-1-1-0.05-50-0 1 2393 14 43 91 47 0.8451 0.8316 105 123
464-1-1-0.05-50-0 1 2393 36 2 64 140 0.8162 0.8198 165 167
464-1-1-0.05-50-0 1 2394 14 36 89 64 0.8451 0.8162 105 165
464-1-1-0.05-50-0 1 2394 14 26 89 105 0.8451 0.8171 105 141
464-1-1-0.05-50-0 1 2394 14 36 89 63 0.8451 0.8162 105 165
464-1-1-0.05-50-0 1 2394 14 26 89 104 0.8451 0.8171 105 141
464-1-1-0.05-50-0 1 2395 14 2 90 151 0.8451 0.8198 105 167
464-1-1-0.05-50-0 1 2395 7 31 101 2 0.9267 0.5626 106 252
464-1-1-0.05-50-0 1 2395 2 31 150 1 0.8198 0.5626 167 252
464-1-1-0.05-50-0 1 2396 14 13 84 150 0.8451 0.8878 105 151
464-1-1-0.05-50-0 1 2397 36 37 64 84 0.8162 0.8481 165 127
464-1-1-0.05-50-0 1 2397 14 2 85 147 0.8451 0.8198 105 167
464-1-1-0.05-50-0 1 2397 2 9 146 1 0.8198 0.6134 167 161
464-1-1-0.05-50-0 1 2397 14 41 85 47 0.8451 0.9621 105 105
464-1-1-0.05-50-0 1 2398 36 43 63 50 0.8162 0.8316 165 123
464-1-1-0.05-50-0 1 2399 26 21 104 1 0.8171 0.4184 141 158
464-1-1-0.05-50-0 1 2399 1 10 6 56 0.2520 0.2533 409 449
464-1-1-0.05-50-0 1 2399 36 43 59 49 0.8162 0.8316 165 123
464-1-1-0.05-50-0 1 2400 20 17 18 2 0.9922 0.6398 102 197
464-1-1-0.05-50-0 1 2400 14 25 78 78 0.8451 0.9430 105 125
464-1-1-0.05-50-0 1 2400 14 13 78 147 0.8451 0.8878 105 151
464-1-1-0.05-50-0 1 2401 14 36 79 59 0.8451 0.8162 105 165
464-1-1-0.05-50-0 1 2401 14 41 79 46 0.8451 0.9621 105 105
464-1-1-0.05-50-0 1 2401 2 17 155 1 0.8198 0.6398 167 197
464-1-1-0.05-50-0 1 2401 36 2 58 155 0.8162 0.8198 165 167
464-1-1-0.05-50-0 1 2402 36 26 55 113 0.8162 0.8171 165 141
464-1-1-0.05-50-0 1 2402 14 36 79 55 0.8451 0.8162 105 165
464-1-1-0.05-50-0 1 2402 14 7 79 102 0.8451 0.9267 105 106
464-1-1-0.05-50-0 1 2403 40 15 12 2 0.9739 0.7918 104 149
464-1-1-0.05-50-0 1 2403 36 2 57 152 0.8162 0.8198 165 167
464-1-1-0.05-50-0 1 2403 14 26 84 109 0.8451 0.8171 105 141
464-1-1-0.05-50-0 1 2403 14 36 84 57 0.8451 0.8162 105 165
464-1-1-0.05-50-0 1 2404 14 25 81 79 0.8451 0.9430 105 125
464-1-1-0.05-50-0 1 2404 14 7 81 102 0.8451 0.9267 105 106
464-1-1-0.05-50-0 1 2404 14 7 81 101 0.8451 0.9267 105 106
464-1-1-0.05-50-0 1 2404 14 14 81 81 0.8451 0.8451 105 105
464-1-1-0.05-50-0 1 2405 14 13 76 147 0.8451 0.8878 105 151
464-1-1-0.05-50-0 1 2405 36 26 62 105 0.8162 0.8171 165 141
464-1-1-0.05-50-0 1 2406 14 7 71 93 0.8451 0.9267 105 106
464-1-1-0.05-50-0 1 2406 36 2 61 156 0.8162 0.8198 165 167
464-1-1-0.05-50-0 1 2406 36 2 61 155 0.8162 0.8198 165 167
464-1-1-0.05-50-0 1 2406 14 13 71 145 0.8451 0.8878 105 151
464-1-1-0.05-50-0 1 2407 14 26 71 101 0.8451 0.8171 105 141
464-1-1-0.05-50-0 1 2407 14 25 71 82 0.8451 0.9430 105 125
464-1-1-0.05-50-0 1 2407 36 37 61 96 0.8162 0.8481 165 127
464-1-1-0.05-50-0 1 2407 25 11 81 1 0.9430 0.0504 125 384
464-1-1-0.05-50-0 1 2407 36 37 61 95 0.8162 0.8481 165 127
464-1-1-0.05-50-0 1 2408 36 37 62 97 0.8162 0.8481 165 127
464-1-1-0.05-50-0 1 2408 36 14 62 70 0.8162 0.8451 165 105
464-1-1-0.05-50-0 1 2408 14 13 69 140 0.8451 0.8878 105 151
464-1-1-0.05-50-0 1 2408 10 27 60 1 0.2533 0.0776 449 149
464-1-1-0.05-50-0 1 2409 36 2 62 143 0.8162 0.8198 165 167
464-1-1-0.05-50-0 1 2409 1 1 8 8 0.2520 0.2520 409 409
464-1-1-0.05-50-0 1 2410 14 13 70 136 0.8451 0.8878 105 151
464-1-1-0.05-50-0 1 2410 14 26 70 94 0.8451 0.8171 105 141
464-1-1-0.05-50-0 1 2410 14 13 70 135 0.8451 0.8878 105 151
464-1-1-0.05-50-0 1 2411 26 45 91 3 0.8171 0.3816 141 173
464-1-1-0.05-50-0 1 2411 14 26 68 91 0.8451 0.8171 105 141
464-1-1-0.05-50-0 1 2411 14 7 68 92 0.8451 0.9267 105 106
464-1-1-0.05-50-0 1 2411 26 45 90 2 0.8171 0.3816 141 173
464-1-1-0.05-50-0 1 2411 14 13 68 137 0.8451 0.8878 105 151
464-1-1-0.05-50-0 1 2411 36 26 59 90 0.8162 0.8171 165 141
464-1-1-0.05-50-0 1 2412 26 45 91 2 0.8171 0.3816 141 173
464-1-1-0.05-50-0 1 2412 36 2 59 156 0.8162 0.8198 165 167
464-1-1-0.05-50-0 1 2412 37 18 102 1 0.8481 0.2181 127 226
464-1-1-0.05-50-0 1 2412 36 2 59 155 0.8162 0.8198 165 167
464-1-1-0.05-50-0 1 2413 14 2 71 160 0.8451 0.8198 105 167
464-1-1-0.05-50-0 1 2413 36 36 58 58 0.8162 0.8162 165 165
464-1-1-0.05-50-0 1 2413 14 13 71 138 0.8451 0.8878 105 151
464-1-1-0.05-50-0 1 2414 14 25 72 79 0.8451 0.9430 105 125
464-1-1-0.05-50-0 1 2414 37 50 109 1 0.8481 0.2147 127 147
464-1-1-0.05-50-0 1 2414 36 37 55 109 0.8162 0.8481 165 127
464-1-1-0.05-50-0 1 2414 1 10 7 61 0.2520 0.2533 409 449
464-1-1-0.05-50-0 1 2415 36 2 56 162 0.8162 0.8198 165 167
464-1-1-0.05-50-0 1 2416 37 18 111 1 0.8481 0.2181 127 226
464-1-1-0.05-50-0 1 2416 26 45 101 1 0.8171 0.3816 141 173
464-1-1-0.05-50-0 1 2416 25 11 77 1 0.9430 0.0504 125 384
464-1-1-0.05-50-0 1 2417 26 28 98 1 0.8171 0.3846 141 311
464-1-1-0.05-50-0 1 2417 14 26 70 98 0.8451 0.8171 105 141
464-1-1-0.05-50-0 1 2417 36 2 51 167 0.8162 0.8198 165 167
464-1-1-0.05-50-0 1 2417 36 26 51 97 0.8162 0.8171 165 141
464-1-1-0.05-50-0 1 2418 37 16 112 1 0.8481 0.2228 127 149
464-1-1-0.05-50-0 1 2418 14 26 71 97 0.8451 0.8171 105 141
464-1-1-0.05-50-0 1 2418 14 25 71 77 0.8451 0.9430 105 125
464-1-1-0.05-50-0 1 2418 14 43 71 52 0.8451 0.8316 105 123
464-1-1-0.05-50-0 1 2420 14 13 70 134 0.8451 0.8878 105 151
464-1-1-0.05-50-0 1 2420 36 37 61 121 0.8162 0.8481 165 127
464-1-1-0.05-50-0 1 2420 36 36 61 61 0.8162 0.8162 165 165
464-1-1-0.05-50-0 1 2420 36 36 60 60 0.8162 0.8162 165 165
464-1-1-0.05-50-0 1 2420 37 48 120 1 0.8481 0.1153 127 334
464-1-1-0.05-50-0 1 2421 1 10 6 71 0.2520 0.2533 409 449
464-1-1-0.05-50-0 1 2421 36 14 57 72 0.8162 0.8451 165 105
464-1-1-0.05-50-0 1 2421 14 36 71 57 0.8451 0.8162 105 165
464-1-1-0.05-50-0 1 2421 36 36 56 56 0.8162 0.8162 165 165
464-1-1-0.05-50-0 1 2422 14 41 69 44 0.8451 0.9621 105 105
464-1-1-0.05-50-0 1 2423 14 26 75 96 0.8451 0.8171 105 141
464-1-1-0.05-50-0 1 2423 14 26 75 95 0.8451 0.8171 105 141
464-1-1-0.05-50-0 1 2423 14 7 75 106 0.8451 0.9267 105 106
464-1-1-0.05-50-0 1 2423 36 37 55 124 0.8162 0.8481 165 127
464-1-1-0.05-50-0 1 2423 36 36 55 55 0.8162 0.8162 165 165
464-1-1-0.05-50-0 1 2424 36 36 55 55 0.8162 0.8162 165 165
464-1-1-0.05-50-0 1 2424 14 25 76 76 0.8451 0.9430 105 125
464-1-1-0.05-50-0 1 2424 14 41 76 41 0.8451 0.9621 105 105
464-1-1-0.05-50-0 1 2424 14 37 76 123 0.8451 0.8481 105 127
464-1-1-0.05-50-0 1 2425 36 2 55 167 0.8162 0.8198 165 167
464-1-1-0.05-50-0 1 2425 26 46 99 1 0.8171 0.3451 141 327
464-1-1-0.05-50-0 1 2425 14 2 73 166 0.8451 0.8198 105 167
464-1-1-0.05-50-0 1 2425 14 26 73 99 0.8451 0.8171 105 141
464-1-1-0.05-50-0 1 2425 14 25 73 77 0.8451 0.9430 105 125
464-1-1-0.05-50-0 1 2426 14 2 75 160 0.8451 0.8198 105 167
464-1-1-0.05-50-0 1 2427 14 13 73 133 0.8451 0.8878 105 151
464-1-1-0.05-50-0 1 2427 14 37 73 127 0.8451 0.8481 105 127
464-1-1-0.05-50-0 1 2427 14 41 73 40 0.8451 0.9621 105 105
464-1-1-0.05-50-0 1 2428 20 45 26 1 0.9922 0.3816 102 173
464-1-1-0.05-50-0 1 2428 36 37 58 123 0.8162 0.8481 165 127
464-1-1-0.05-50-0 1 2429 14 37 72 121 0.8451 0.8481 105 127
464-1-1-0.05-50-0 1 2429 14 14 72 72 0.8451 0.8451 105 105
464-1-1-0.05-50-0 1 2430 37 50 122 1 0.8481 0.2147 127 147
464-1-1-0.05-50-0 1 2430 36 2 61 156 0.8162 0.8198 165 167
464-1-1-0.05-50-0 1 2430 14 36 70 61 0.8451 0.8162 105 165
464-1-1-0.05-50-0 1 2430 36 2 60 155 0.8162 0.8198 165 167
464-1-1-0.05-50-0 1 2432 14 13 67 122 0.8451 0.8878 105 151
464-1-1-0.05-50-0 1 2432 37 24 119 1 0.8481 0.1940 127 254
464-1-1-0.05-50-0 1 2432 14 25 67 72 0.8451 0.9430 105 125
464-1-1-0.05-50-0 1 2433 36 2 64 156 0.8162 0.8198 165 167
464-1-1-0.05-50-0 1 2433 14 25 68 74 0.8451 0.9430 105 125
464-1-1-0.05-50-0 1 2433 14 41 68 39 0.8451 0.9621 105 105
464-1-1-0.05-50-0 1 2435 37 48 119 2 0.8481 0.1153 127 334
464-1-1-0.05-50-0 1 2435 36 37 69 119 0.8162 0.8481 165 127
464-1-1-0.05-50-0 1 2436 14 43 65 51 0.8451 0.8316 105 123
464-1-1-0.05-50-0 1 2436 37 48 124 1 0.8481 0.1153 127 334
464-1-1-0.05-50-0 1 2436 14 20 65 22 0.8451 0.9922 105 102
464-1-1-0.05-50-0 1 2436 36 14 69 65 0.8162 0.8451 165 105
464-1-1-0.05-50-0 1 2436 36 2 69 153 0.8162 0.8198 165 167
464-1-1-0.05-50-0 1 2436 36 36 69 69 0.8162 0.8162 165 165
464-1-1-0.05-50-0 1 2437 14 2 67 149 0.8451 0.8198 105 167
464-1-1-0.05-50-0 1 2437 14 43 67 52 0.8451 0.8316 105 123
464-1-1-0.05-50-0 1 2438 14 43 67 52 0.8451 0.8316 105 123
464-1-1-0.05-50-0 1 2438 36 37 66 121 0.8162 0.8481 165 127
464-1-1-0.05-50-0 1 2438 36 14 66 67 0.8162 0.8451 165 105
464-1-1-0.05-50-0 1 2439 14 14 69 69 0.8451 0.8451 105 105
464-1-1-0.05-50-0 1 2439 36 36 65 65 0.8162 0.8162 165 165
464-1-1-0.05-50-0 1 2439 14 25 68 75 0.8451 0.9430 105 125
464-1-1-0.05-50-0 1 2439 15 10 2 75 0.7918 0.2533 149 449
464-1-1-0.05-50-0 1 2439 36 26 64 94 0.8162 0.8171 165 141
464-1-1-0.05-50-0 1 2439 14 14 68 68 0.8451 0.8451 105 105
464-1-1-0.05-50-0 1 2439 14 7 67 99 0.8451 0.9267 105 106
464-1-1-0.05-50-0 1 2440 14 20 71 22 0.8451 0.9922 105 102
464-1-1-0.05-50-0 1 2440 2 33 145 1 0.8198 0.6893 167 191
464-1-1-0.05-50-0 1 2440 36 37 61 112 0.8162 0.8481 165 127
464-1-1-0.05-50-0 1 2440 14 7 71 101 0.8451 0.9267 105 106
464-1-1-0.05-50-0 1 2441 14 25 73 75 0.8451 0.9430 105 125
464-1-1-0.05-50-0 1 2441 1 10 4 78 0.2520 0.2533 409 449
464-1-1-0.05-50-0 1 2442 2 38 144 1 0.8198 0.6163 167 270
464-1-1-0.05-50-0 1 2442 36 2 61 144 0.8162 0.8198 165 167
464-1-1-0.05-50-0 1 2442 14 14 74 74 0.8451 0.8451 105 105
464-1-1-0.05-50-0 1 2442 36 14 61 73 0.8162 0.8451 165 105
464-1-1-0.05-50-0 1 2443 37 23 123 3 0.8481 0.1698 127 476
464-1-1-0.05-50-0 1 2443 14 43 68 51 0.8451 0.8316 105 123
464-1-1-0.05-50-0 1 2443 36 2 59 146 0.8162 0.8198 165 167
464-1-1-0.05-50-0 1 2444 36 26 60 98 0.8162 0.8171 165 141
464-1-1-0.05-50-0 1 2444 36 36 60 60 0.8162 0.8162 165 165
464-1-1-0.05-50-0 1 2444 42 10 4 72 0.7447 0.2533 106 449
464-1-1-0.05-50-0 1 2444 14 25 70 71 0.8451 0.9430 105 125
464-1-1-0.05-50-0 1 2444 14 7 70 106 0.8451 0.9267 105 106
464-1-1-0.05-50-0 1 2444 36 43 59 50 0.8162 0.8316 165 123
464-1-1-0.05-50-0 1 2445 14 25 74 70 0.8451 0.9430 105 125
464-1-1-0.05-50-0 1 2445 14 26 74 98 0.8451 0.8171 105 141
464-1-1-0.05-50-0 1 2445 14 7 74 106 0.8451 0.9267 105 106
464-1-1-0.05-50-0 1 2446 14 37 77 124 0.8451 0.8481 105 127
464-1-1-0.05-50-0 1 2446 37 16 123 1 0.8481 0.2228 127 149
464-1-1-0.05-50-0 1 2446 2 30 151 1 0.8198 0.6008 167 266
464-1-1-0.05-50-0 1 2447 25 35 73 1 0.9430 0.0354 125 158
464-1-1-0.05-50-0 1 2447 36 43 57 49 0.8162 0.8316 165 123
464-1-1-0.05-50-0 1 2447 36 2 57 153 0.8162 0.8198 165 167
464-1-1-0.05-50-0 1 2448 37 23 126 2 0.8481 0.1698 127 476
464-1-1-0.05-50-0 1 2448 37 50 126 1 0.8481 0.2147 127 147
464-1-1-0.05-50-0 1 2448 14 37 76 126 0.8451 0.8481 105 127
464-1-1-0.05-50-0 1 2448 14 37 76 125 0.8451 0.8481 105 127
464-1-1-0.05-50-0 1 2448 14 7 76 106 0.8451 0.9267 105 106
464-1-1-0.05-50-0 1 2448 36 43 56 48 0.8162 0.8316 165 123
464-1-1-0.05-50-0 1 2448 36 26 56 108 0.8162 0.8171 165 141
464-1-1-0.05-50-0 1 2448 36 26 56 107 0.8162 0.8171 165 141
464-1-1-0.05-50-0 1 2449 14 42 77 4 0.8451 0.7447 105 106
464-1-1-0.05-50-0 1 2449 36 2 57 162 0.8162 0.8198 165 167
464-1-1-0.05-50-0 1 2449 36 14 57 77 0.8162 0.8451 165 105
464-1-1-0.05-50-0 1 2449 36 26 57 103 0.8162 0.8171 165 141
464-1-1-0.05-50-0 1 2450 37 23 118 1 0.8481 0.1698 127 476
464-1-1-0.05-50-0 1 2450 14 2 74 160 0.8451 0.8198 105 167
464-1-1-0.05-50-0 1 2450 14 36 74 52 0.8451 0.8162 105 165
464-1-1-0.05-50-0 1 2450 14 37 74 118 0.8451 0.8481 105 127
464-1-1-0.05-50-0 1 2451 14 2 72 158 0.8451 0.8198 105 167
464-1-1-0.05-50-0 1 2451 19 42 2 3 0.8072 0.7447 134 106
464-1-1-0.05-50-0 1 2451 14 2 72 157 0.8451 0.8198 105 167
464-1-1-0.05-50-0 1 2452 14 41 76 43 0.8451 0.9621 105 105
464-1-1-0.05-50-0 1 2452 36 2 53 150 0.8162 0.8198 165 167
464-1-1-0.05-50-0 1 2452 1 10 3 76 0.2520 0.2533 409 449
464-1-1-0.05-50-0 1 2452 14 40 76 4 0.8451 0.9739 105 104
464-1-1-0.05-50-0 1 2453 42 10 3 76 0.7447 0.2533 106 449
464-1-1-0.05-50-0 1 2453 36 14 54 77 0.8162 0.8451 165 105
464-1-1-0.05-50-0 1 2454 26 45 109 1 0.8171 0.3816 141 173
464-1-1-0.05-50-0 1 2454 14 20 78 22 0.8451 0.9922 105 102
464-1-1-0.05-50-0 1 2454 14 13 78 124 0.8451 0.8878 105 151
464-1-1-0.05-50-0 1 2454 14 25 78 83 0.8451 0.9430 105 125
464-1-1-0.05-50-0 1 2455 36 36 53 53 0.8162 0.8162 165 165
464-1-1-0.05-50-0 1 2455 36 26 52 110 0.8162 0.8171 165 141
464-1-1-0.05-50-0 1 2455 36 14 52 74 0.8162 0.8451 165 105
464-1-1-0.05-50-0 1 2456 2 30 148 1 0.8198 0.6008 167 266
464-1-1-0.05-50-0 1 2456 14 41 74 45 0.8451 0.9621 105 105
464-1-1-0.05-50-0 1 2457 36 26 49 116 0.8162 0.8171 165 141
464-1-1-0.05-50-0 1 2457 43 49 53 1 0.8316 0.1842 123 136
464-1-1-0.05-50-0 1 2458 14 7 76 103 0.8451 0.9267 105 106
464-1-1-0.05-50-0 1 2459 36 43 47 51 0.8162 0.8316 165 123
464-1-1-0.05-50-0 1 2459 14 37 81 102 0.8451 0.8481 105 127
464-1-1-0.05-50-0 1 2459 20 46 21 1 0.9922 0.3451 102 327
464-1-1-0.05-50-0 1 2459 14 41 81 50 0.8451 0.9621 105 105
464-1-1-0.05-50-0 1 2460 14 2 76 162 0.8451 0.8198 105 167
464-1-1-0.05-50-0 1 2461 14 25 75 90 0.8451 0.9430 105 125
464-1-1-0.05-50-0 1 2462 36 26 48 109 0.8162 0.8171 165 141
464-1-1-0.05-50-0 1 2462 14 13 76 126 0.8451 0.8878 105 151
464-1-1-0.05-50-0 1 2462 14 25 76 89 0.8451 0.9430 105 125
464-1-1-0.05-50-0 1 2463 37 48 95 1 0.8481 0.1153 127 334
464-1-1-0.05-50-0 1 2463 14 2 81 159 0.8451 0.8198 105 167
464-1-1-0.05-50-0 1 2463 36 26 49 109 0.8162 0.8171 165 141
464-1-1-0.05-50-0 1 2463 14 14 81 81 0.8451 0.8451 105 105
464-1-1-0.05-50-0 1 2464 36 43 50 61 0.8162 0.8316 165 123
464-1-1-0.05-50-0 1 2465 36 34 51 1 0.8162 0.7448 165 168
464-1-1-0.05-50-0 1 2465 14 36 84 51 0.8451 0.8162 105 165
464-1-1-0.05-50-0 1 2465 36 2 50 156 0.8162 0.8198 165 167
464-1-1-0.05-50-0 1 2466 37 50 101 1 0.8481 0.2147 127 147
464-1-1-0.05-50-0 1 2466 36 15 51 2 0.8162 0.7918 165 149
464-1-1-0.05-50-0 1 2467 14 36 90 53 0.8451 0.8162 105 165
464-1-1-0.05-50-0 1 2467 14 41 90 44 0.8451 0.9621 105 105
464-1-1-0.05-50-0 1 2467 36 2 52 150 0.8162 0.8198 165 167
464-1-1-0.05-50-0 1 2467 36 26 52 105 0.8162 0.8171 165 141
464-1-1-0.05-50-0 1 2467 20 6 21 1 0.9922 0.4266 102 249
464-1-1-0.05-50-0 1 2467 36 14 52 90 0.8162 0.8451 165 105
464-1-1-0.05-50-0 1 2468 36 2 52 147 0.8162 0.8198 165 167
464-1-1-0.05-50-0 1 2468 14 14 91 91 0.8451 0.8451 105 105
464-1-1-0.05-50-0 1 2468 36 26 52 105 0.8162 0.8171 165 141
464-1-1-0.05-50-0 1 2468 1 10 6 89 0.2520 0.2533 409 449
464-1-1-0.05-50-0 1 2469 14 37 91 111 0.8451 0.8481 105 127
464-1-1-0.05-50-0 1 2469 36 2 50 146 0.8162 0.8198 165 167
464-1-1-0.05-50-0 1 2469 36 26 50 108 0.8162 0.8171 165 141
464-1-1-0.05-50-0 1 2470 36 37 50 107 0.8162 0.8481 165 127
464-1-1-0.05-50-0 1 2470 20 6 25 1 0.9922 0.4266 102 249
464-1-1-0.05-50-0 1 2471 19 19 5 5 0.8072 0.8072 134 134
464-1-1-0.05-50-0 1 2471 36 2 49 149 0.8162 0.8198 165 167
464-1-1-0.05-50-0 1 2471 36 43 49 56 0.8162 0.8316 165 123
464-1-1-0.05-50-0 1 2471 36 2 49 148 0.8162 0.8198 165 167
464-1-1-0.05-50-0 1 2471 36 2 49 147 0.8162 0.8198 165 167
464-1-1-0.05-50-0 1 2471 14 20 92 25 0.8451 0.9922 105 102
464-1-1-0.05-50-0 1 2472 36 14 52 94 0.8162 0.8451 165 105
464-1-1-0.05-50-0 1 2472 2 30 138 1 0.8198 0.6008 167 266
464-1-1-0.05-50-0 1 2473 14 25 92 93 0.8451 0.9430 105 125
464-1-1-0.05-50-0 1 2473 37 16 109 2 0.8481 0.2228 127 149
464-1-1-0.05-50-0 1 2473 36 43 52 54 0.8162 0.8316 165 123
464-1-1-0.05-50-0 1 2473 14 2 92 139 0.8451 0.8198 105 167
464-1-1-0.05-50-0 1 2473 14 2 92 138 0.8451 0.8198 105 167
464-1-1-0.05-50-0 1 2474 36 2 52 138 0.8162 0.8198 165 167
464-1-1-0.05-50-0 1 2474 20 28 24 1 0.9922 0.3846 102 311
464-1-1-0.05-50-0 1 2474 14 14 90 90 0.8451 0.8451 105 105
464-1-1-0.05-50-0 1 2474 14 25 89 87 0.8451 0.9430 105 125
464-1-1-0.05-50-0 1 2475 1 10 10 97 0.2520 0.2533 409 449
464-1-1-0.05-50-0 1 2475 14 13 90 148 0.8451 0.8878 105 151
464-1-1-0.05-50-0 1 2475 36 14 51 90 0.8162 0.8451 165 105
464-1-1-0.05-50-0 1 2475 36 36 51 51 0.8162 0.8162 165 165
464-1-1-0.05-50-0 1 2475 14 14 89 89 0.8451 0.8451 105 105
464-1-1-0.05-50-0 1 2476 14 13 90 142 0.8451 0.8878 105 151
464-1-1-0.05-50-0 1 2476 2 9 140 1 0.8198 0.6134 167 161
464-1-1-0.05-50-0 1 2476 14 20 90 26 0.8451 0.9922 105 102
464-1-1-0.05-50-0 1 2476 14 13 90 141 0.8451 0.8878 105 151
464-1-1-0.05-50-0 1 2478 19 42 6 3 0.8072 0.7447 134 106
464-1-1-0.05-50-0 1 2478 36 37 52 105 0.8162 0.8481 165 127
464-1-1-0.05-50-0 1 2478 14 7 82 106 0.8451 0.9267 105 106
464-1-1-0.05-50-0 1 2478 14 40 82 4 0.8451 0.9739 105 104
464-1-1-0.05-50-0 1 2479 14 7 82 104 0.8451 0.9267 105 106
464-1-1-0.05-50-0 1 2479 37 16 108 2 0.8481 0.2228 127 149
464-1-1-0.05-50-0 1 2479 36 43 50 51 0.8162 0.8316 165 123
464-1-1-0.05-50-0 1 2479 14 14 82 82 0.8451 0.8451 105 105
464-1-1-0.05-50-0 1 2480 36 14 49 81 0.8162 0.8451 165 105
464-1-1-0.05-50-0 1 2480 14 26 80 141 0.8451 0.8171 105 141
464-1-1-0.05-50-0 1 2481 1 10 8 92 0.2520 0.2533 409 449
464-1-1-0.05-50-0 1 2481 14 20 84 27 0.8451 0.9922 105 102
464-1-1-0.05-50-0 1 2481 14 7 84 100 0.8451 0.9267 105 106
464-1-1-0.05-50-0 1 2481 36 26 46 139 0.8162 0.8171 165 141
464-1-1-0.05-50-0 1 2482 14 25 83 91 0.8451 0.9430 105 125
464-1-1-0.05-50-0 1 2482 20 45 27 1 0.9922 0.3816 102 173
464-1-1-0.05-50-0 1 2483 14 14 83 83 0.8451 0.8451 105 105
464-1-1-0.05-50-0 1 2483 2 32 148 1 0.8198 0.6514 167 215
464-1-1-0.05-50-0 1 2483 36 37 44 108 0.8162 0.8481 165 127
464-1-1-0.05-50-0 1 2483 14 26 82 139 0.8451 0.8171 105 141
464-1-1-0.05-50-0 1 2483 2 38 148 1 0.8198 0.6163 167 270
464-1-1-0.05-50-0 1 2484 14 14 82 82 0.8451 0.8451 105 105
464-1-1-0.05-50-0 1 2484 14 2 81 150 0.8451 0.8198 105 167
464-1-1-0.05-50-0 1 2484 1 10 9 87 0.2520 0.2533 409 449
464-1-1-0.05-50-0 1 2484 19 19 8 8 0.8072 0.8072 134 134
464-1-1-0.05-50-0 1 2484 36 37 42 108 0.8162 0.8481 165 127
464-1-1-0.05-50-0 1 2485 36 36 43 43 0.8162 0.8162 165 165
464-1-1-0.05-50-0 1 2485 14 26 77 141 0.8451 0.8171 105 141
464-1-1-0.05-50-0 1 2485 2 9 148 1 0.8198 0.6134 167 161
464-1-1-0.05-50-0 1 2485 14 25 77 84 0.8451 0.9430 105 125
464-1-1-0.05-50-0 1 2485 14 7 77 105 0.8451 0.9267 105 106
464-1-1-0.05-50-0 1 2485 1 10 8 84 0.2520 0.2533 409 449
464-1-1-0.05-50-0 1 2486 14 37 77 108 0.8451 0.8481 105 127
464-1-1-0.05-50-0 1 2486 14 36 77 44 0.8451 0.8162 105 165
464-1-1-0.05-50-0 1 2486 14 26 77 140 0.8451 0.8171 105 141
464-1-1-0.05-50-0 1 2487 14 26 80 141 0.8451 0.8171 105 141
464-1-1-0.05-50-0 1 2487 14 13 80 146 0.8451 0.8878 105 151
464-1-1-0.05-50-0 1 2487 14 26 80 140 0.8451 0.8171 105 141
464-1-1-0.05-50-0 1 2488 14 36 81 48 0.8451 0.8162 105 165
464-1-1-0.05-50-0 1 2488 1 10 8 86 0.2520 0.2533 409 449
464-1-1-0.05-50-0 1 2489 14 36 79 45 0.8451 0.8162 105 165
464-1-1-0.05-50-0 1 2489 14 43 79 50 0.8451 0.8316 105 123
464-1-1-0.05-50-0 1 2489 14 26 79 135 0.8451 0.8171 105 141
464-1-1-0.05-50-0 1 2489 14 7 79 105 0.8451 0.9267 105 106
464-1-1-0.05-50-0 1 2489 36 43 44 49 0.8162 0.8316 165 123
464-1-1-0.05-50-0 1 2489 14 2 79 158 0.8451 0.8198 105 167
464-1-1-0.05-50-0 1 2490 36 36 44 44 0.8162 0.8162 165 165
464-1-1-0.05-50-0 1 2491 14 13 79 142 0.8451 0.8878 105 151
464-1-1-0.05-50-0 1 2491 10 27 88 1 0.2533 0.0776 449 149
464-1-1-0.05-50-0 1 2491 14 7 79 106 0.8451 0.9267 105 106
464-1-1-0.05-50-0 1 2491 14 43 79 49 0.8451 0.8316 105 123
464-1-1-0.05-50-0 1 2492 14 43 80 48 0.8451 0.8316 105 123
464-1-1-0.05-50-0 1 2492 36 37 42 107 0.8162 0.8481 165 127
464-1-1-0.05-50-0 1 2492 36 26 42 137 0.8162 0.8171 165 141
464-1-1-0.05-50-0 1 2493 36 37 42 106 0.8162 0.8481 165 127
464-1-1-0.05-50-0 1 2493 14 20 81 25 0.8451 0.9922 105 102
464-1-1-0.05-50-0 1 2494 14 25 81 93 0.8451 0.9430 105 125
464-1-1-0.05-50-0 1 2494 14 25 81 92 0.8451 0.9430 105 125
464-1-1-0.05-50-0 1 2494 7 3 106 1 0.9267 0.4813 106 321
464-1-1-0.05-50-0 1 2494 14 43 81 48 0.8451 0.8316 105 123
464-1-1-0.05-50-0 1 2494 36 2 44 161 0.8162 0.8198 165 167
464-1-1-0.05-50-0 1 2494 14 25 81 91 0.8451 0.9430 105 125
464-1-1-0.05-50-0 1 2495 14 26 82 133 0.8451 0.8171 105 141
464-1-1-0.05-50-0 1 2495 14 2 82 158 0.8451 0.8198 105 167
464-1-1-0.05-50-0 1 2495 1 10 11 96 0.2520 0.2533 409 449
464-1-1-0.05-50-0 1 2495 14 13 82 145 0.8451 0.8878 105 151
464-1-1-0.05-50-0 1 2496 14 36 81 50 0.8451 0.8162 105 165
464-1-1-0.05-50-0 1 2496 26 21 133 1 0.8171 0.4184 141 158
464-1-1-0.05-50-0 1 2496 37 23 111 1 0.8481 0.1698 127 476
464-1-1-0.05-50-0 1 2497 14 43 82 51 0.8451 0.8316 105 123
464-1-1-0.05-50-0 1 2497 14 7 82 105 0.8451 0.9267 105 106
464-1-1-0.05-50-0 1 2498 36 14 49 85 0.8162 0.8451 165 105
464-1-1-0.05-50-0 1 2499 14 2 85 165 0.8451 0.8198 105 167
464-1-1-0.05-50-0 1 2499 36 26 49 130 0.8162 0.8171 165 141
464-1-1-0.05-50-0 1 2499 36 43 49 57 0.8162 0.8316 165 123
464-1-1-0.05-50-0 1 2499 14 36 85 49 0.8451 0.8162 105 165
464-1-1-0.05-50-0 1 2500 36 37 48 116 0.8162 0.8481 165 127
464-1-1-0.05-50-0 1 2500 36 43 48 54 0.8162 0.8316 165 123
464-1-1-0.05-50-0 1 2500 14 13 88 137 0.8451 0.8878 105 151
464-1-1-0.05-50-0 1 2500 26 46 127 1 0.8171 0.3451 141 327
