467-1-1-0.05-50-0 1 2302 1 8 228 290 0.2520 0.2506 409 303
467-1-1-0.05-50-0 1 2302 1 8 228 289 0.2520 0.2506 409 303
467-1-1-0.05-50-0 1 2302 1 1 228 228 0.2520 0.2520 409 409
467-1-1-0.05-50-0 1 2302 1 8 227 288 0.2520 0.2506 409 303
467-1-1-0.05-50-0 1 2302 36 2 111 92 0.8162 0.8198 165 167
467-1-1-0.05-50-0 1 2302 1 8 227 287 0.2520 0.2506 409 303
467-1-1-0.05-50-0 1 2303 1 8 227 291 0.2520 0.2506 409 303
467-1-1-0.05-50-0 1 2303 1 1 227 227 0.2520 0.2520 409 409
467-1-1-0.05-50-0 1 2303 1 8 226 290 0.2520 0.2506 409 303
467-1-1-0.05-50-0 1 2303 1 8 226 289 0.2520 0.2506 409 303
467-1-1-0.05-50-0 1 2303 17 8 2 288 0.6398 0.2506 197 303
467-1-1-0.05-50-0 1 2303 1 8 226 287 0.2520 0.2506 409 303
467-1-1-0.05-50-0 1 2303 1 8 226 286 0.2520 0.2506 409 303
467-1-1-0.05-50-0 1 2304 20 29 50 1 0.9922 0.6728 102 177
467-1-1-0.05-50-0 1 2304 36 36 117 117 0.8162 0.8162 165 165
467-1-1-0.05-50-0 1 2304 36 37 116 101 0.8162 0.8481 165 127
467-1-1-0.05-50-0 1 2304 36 2 116 90 0.8162 0.8198 165 167
467-1-1-0.05-50-0 1 2304 36 26 116 21 0.8162 0.8171 165 141
467-1-1-0.05-50-0 1 2304 1 8 231 288 0.2520 0.2506 409 303
467-1-1-0.05-50-0 1 2304 36 2 116 89 0.8162 0.8198 165 167
467-1-1-0.05-50-0 1 2304 1 8 231 287 0.2520 0.2506 409 303
467-1-1-0.05-50-0 1 2305 36 9 114 1 0.8162 0.6134 165 161
467-1-1-0.05-50-0 1 2305 1 8 229 295 0.2520 0.2506 409 303
467-1-1-0.05-50-0 1 2305 1 8 229 294 0.2520 0.2506 409 303
467-1-1-0.05-50-0 1 2305 19 17 7 3 0.8072 0.6398 134 197
467-1-1-0.05-50-0 1 2305 1 1 229 229 0.2520 0.2520 409 409
467-1-1-0.05-50-0 1 2305 2 17 89 2 0.8198 0.6398 167 197
467-1-1-0.05-50-0 1 2305 37 49 99 1 0.8481 0.1842 127 136
467-1-1-0.05-50-0 1 2306 1 1 226 226 0.2520 0.2520 409 409
467-1-1-0.05-50-0 1 2306 1 1 225 225 0.2520 0.2520 409 409
467-1-1-0.05-50-0 1 2306 1 8 224 298 0.2520 0.2506 409 303
467-1-1-0.05-50-0 1 2306 1 8 224 297 0.2520 0.2506 409 303
467-1-1-0.05-50-0 1 2307 1 8 221 300 0.2520 0.2506 409 303
467-1-1-0.05-50-0 1 2307 1 1 221 221 0.2520 0.2520 409 409
467-1-1-0.05-50-0 1 2307 1 8 220 299 0.2520 0.2506 409 303
467-1-1-0.05-50-0 1 2307 1 8 220 298 0.2520 0.2506 409 303
467-1-1-0.05-50-0 1 2307 1 1 220 220 0.2520 0.2520 409 409
467-1-1-0.05-50-0 1 2307 36 37 110 102 0.8162 0.8481 165 127
467-1-1-0.05-50-0 1 2308 1 8 223 298 0.2520 0.2506 409 303
467-1-1-0.05-50-0 1 2308 36 2 116 90 0.8162 0.8198 165 167
467-1-1-0.05-50-0 1 2308 36 43 116 87 0.8162 0.8316 165 123
467-1-1-0.05-50-0 1 2308 36 43 116 86 0.8162 0.8316 165 123
467-1-1-0.05-50-0 1 2309 40 17 39 1 0.9739 0.6398 104 197
467-1-1-0.05-50-0 1 2309 36 14 117 7 0.8162 0.8451 165 105
467-1-1-0.05-50-0 1 2309 36 43 117 85 0.8162 0.8316 165 123
467-1-1-0.05-50-0 1 2309 1 1 225 225 0.2520 0.2520 409 409
467-1-1-0.05-50-0 1 2309 36 37 117 98 0.8162 0.8481 165 127
467-1-1-0.05-50-0 1 2309 36 36 117 117 0.8162 0.8162 165 165
467-1-1-0.05-50-0 1 2310 36 2 117 90 0.8162 0.8198 165 167
467-1-1-0.05-50-0 1 2310 36 37 117 98 0.8162 0.8481 165 127
467-1-1-0.05-50-0 1 2310 1 1 227 227 0.2520 0.2520 409 409
467-1-1-0.05-50-0 1 2310 36 2 117 89 0.8162 0.8198 165 167
467-1-1-0.05-50-0 1 2310 1 1 226 226 0.2520 0.2520 409 409
467-1-1-0.05-50-0 1 2310 1 1 225 225 0.2520 0.2520 409 409
467-1-1-0.05-50-0 1 2310 1 8 224 302 0.2520 0.2506 409 303
467-1-1-0.05-50-0 1 2310 36 36 117 117 0.8162 0.8162 165 165
467-1-1-0.05-50-0 1 2311 19 19 9 9 0.8072 0.8072 134 134
467-1-1-0.05-50-0 1 2311 1 1 221 221 0.2520 0.2520 409 409
467-1-1-0.05-50-0 1 2311 1 8 220 303 0.2520 0.2506 409 303
467-1-1-0.05-50-0 1 2311 40 44 43 1 0.9739 0.7034 104 118
467-1-1-0.05-50-0 1 2311 36 36 115 115 0.8162 0.8162 165 165
467-1-1-0.05-50-0 1 2311 36 37 114 98 0.8162 0.8481 165 127
467-1-1-0.05-50-0 1 2311 1 1 220 220 0.2520 0.2520 409 409
467-1-1-0.05-50-0 1 2311 1 8 219 302 0.2520 0.2506 409 303
467-1-1-0.05-50-0 1 2312 41 5 102 2 0.9621 0.0007 105 226
467-1-1-0.05-50-0 1 2312 1 8 220 300 0.2520 0.2506 409 303
467-1-1-0.05-50-0 1 2312 19 42 8 2 0.8072 0.7447 134 106
467-1-1-0.05-50-0 1 2312 1 8 220 299 0.2520 0.2506 409 303
467-1-1-0.05-50-0 1 2312 41 5 102 1 0.9621 0.0007 105 226
467-1-1-0.05-50-0 1 2312 36 2 112 86 0.8162 0.8198 165 167
467-1-1-0.05-50-0 1 2313 1 8 225 303 0.2520 0.2506 409 303
467-1-1-0.05-50-0 1 2313 1 8 225 302 0.2520 0.2506 409 303
467-1-1-0.05-50-0 1 2313 36 36 111 111 0.8162 0.8162 165 165
467-1-1-0.05-50-0 1 2313 1 8 225 301 0.2520 0.2506 409 303
467-1-1-0.05-50-0 1 2313 1 1 225 225 0.2520 0.2520 409 409
467-1-1-0.05-50-0 1 2313 1 1 224 224 0.2520 0.2520 409 409
467-1-1-0.05-50-0 1 2313 36 43 110 80 0.8162 0.8316 165 123
467-1-1-0.05-50-0 1 2313 14 43 6 79 0.8451 0.8316 105 123
467-1-1-0.05-50-0 1 2314 36 36 112 112 0.8162 0.8162 165 165
467-1-1-0.05-50-0 1 2314 36 43 111 79 0.8162 0.8316 165 123
467-1-1-0.05-50-0 1 2314 1 1 225 225 0.2520 0.2520 409 409
467-1-1-0.05-50-0 1 2314 36 36 111 111 0.8162 0.8162 165 165
467-1-1-0.05-50-0 1 2314 1 1 224 224 0.2520 0.2520 409 409
467-1-1-0.05-50-0 1 2314 36 2 110 85 0.8162 0.8198 165 167
467-1-1-0.05-50-0 1 2314 1 1 223 223 0.2520 0.2520 409 409
467-1-1-0.05-50-0 1 2314 2 3 84 1 0.8198 0.4813 167 321
467-1-1-0.05-50-0 1 2315 1 8 221 303 0.2520 0.2506 409 303
467-1-1-0.05-50-0 1 2315 1 1 221 221 0.2520 0.2520 409 409
467-1-1-0.05-50-0 1 2315 36 36 114 114 0.8162 0.8162 165 165
467-1-1-0.05-50-0 1 2315 36 19 113 8 0.8162 0.8072 165 134
467-1-1-0.05-50-0 1 2315 1 8 220 302 0.2520 0.2506 409 303
467-1-1-0.05-50-0 1 2315 36 43 113 78 0.8162 0.8316 165 123
467-1-1-0.05-50-0 1 2315 1 1 220 220 0.2520 0.2520 409 409
467-1-1-0.05-50-0 1 2315 36 36 113 113 0.8162 0.8162 165 165
467-1-1-0.05-50-0 1 2315 1 8 219 301 0.2520 0.2506 409 303
467-1-1-0.05-50-0 1 2316 1 8 219 300 0.2520 0.2506 409 303
467-1-1-0.05-50-0 1 2316 1 8 219 299 0.2520 0.2506 409 303
467-1-1-0.05-50-0 1 2316 1 1 219 219 0.2520 0.2520 409 409
467-1-1-0.05-50-0 1 2316 1 8 218 298 0.2520 0.2506 409 303
467-1-1-0.05-50-0 1 2316 1 8 218 297 0.2520 0.2506 409 303
467-1-1-0.05-50-0 1 2316 1 8 218 296 0.2520 0.2506 409 303
467-1-1-0.05-50-0 1 2317 1 50 220 4 0.2520 0.2147 409 147
467-1-1-0.05-50-0 1 2317 1 1 220 220 0.2520 0.2520 409 409
467-1-1-0.05-50-0 1 2317 37 50 89 3 0.8481 0.2147 127 147
467-1-1-0.05-50-0 1 2317 36 37 115 89 0.8162 0.8481 165 127
467-1-1-0.05-50-0 1 2317 36 37 115 88 0.8162 0.8481 165 127
467-1-1-0.05-50-0 1 2317 1 1 219 219 0.2520 0.2520 409 409
467-1-1-0.05-50-0 1 2317 1 1 218 218 0.2520 0.2520 409 409
467-1-1-0.05-50-0 1 2317 36 36 115 115 0.8162 0.8162 165 165
467-1-1-0.05-50-0 1 2317 1 1 217 217 0.2520 0.2520 409 409
467-1-1-0.05-50-0 1 2317 40 42 53 1 0.9739 0.7447 104 106
467-1-1-0.05-50-0 1 2318 36 36 115 115 0.8162 0.8162 165 165
467-1-1-0.05-50-0 1 2318 1 1 215 215 0.2520 0.2520 409 409
467-1-1-0.05-50-0 1 2318 1 1 214 214 0.2520 0.2520 409 409
467-1-1-0.05-50-0 1 2318 36 36 114 114 0.8162 0.8162 165 165
467-1-1-0.05-50-0 1 2318 1 8 213 300 0.2520 0.2506 409 303
467-1-1-0.05-50-0 1 2318 1 1 213 213 0.2520 0.2520 409 409
467-1-1-0.05-50-0 1 2318 1 1 212 212 0.2520 0.2520 409 409
467-1-1-0.05-50-0 1 2318 36 37 113 91 0.8162 0.8481 165 127
467-1-1-0.05-50-0 1 2318 1 8 211 299 0.2520 0.2506 409 303
467-1-1-0.05-50-0 1 2319 1 1 209 209 0.2520 0.2520 409 409
467-1-1-0.05-50-0 1 2319 1 8 208 303 0.2520 0.2506 409 303
467-1-1-0.05-50-0 1 2319 1 1 208 208 0.2520 0.2520 409 409
467-1-1-0.05-50-0 1 2319 1 8 207 302 0.2520 0.2506 409 303
467-1-1-0.05-50-0 1 2319 36 2 115 83 0.8162 0.8198 165 167
467-1-1-0.05-50-0 1 2320 36 36 114 114 0.8162 0.8162 165 165
467-1-1-0.05-50-0 1 2320 1 8 205 303 0.2520 0.2506 409 303
467-1-1-0.05-50-0 1 2320 1 8 205 302 0.2520 0.2506 409 303
467-1-1-0.05-50-0 1 2320 1 1 205 205 0.2520 0.2520 409 409
467-1-1-0.05-50-0 1 2320 36 37 113 91 0.8162 0.8481 165 127
467-1-1-0.05-50-0 1 2320 36 43 113 84 0.8162 0.8316 165 123
467-1-1-0.05-50-0 1 2320 36 37 113 90 0.8162 0.8481 165 127
467-1-1-0.05-50-0 1 2321 1 8 210 299 0.2520 0.2506 409 303
467-1-1-0.05-50-0 1 2321 1 8 210 298 0.2520 0.2506 409 303
467-1-1-0.05-50-0 1 2321 1 8 210 297 0.2520 0.2506 409 303
467-1-1-0.05-50-0 1 2321 36 36 113 113 0.8162 0.8162 165 165
467-1-1-0.05-50-0 1 2322 20 6 36 1 0.9922 0.4266 102 249
467-1-1-0.05-50-0 1 2322 1 8 214 297 0.2520 0.2506 409 303
467-1-1-0.05-50-0 1 2322 1 8 214 296 0.2520 0.2506 409 303
467-1-1-0.05-50-0 1 2322 1 1 214 214 0.2520 0.2520 409 409
467-1-1-0.05-50-0 1 2322 1 8 213 295 0.2520 0.2506 409 303
467-1-1-0.05-50-0 1 2322 1 8 213 294 0.2520 0.2506 409 303
467-1-1-0.05-50-0 1 2323 1 8 214 297 0.2520 0.2506 409 303
467-1-1-0.05-50-0 1 2323 36 37 118 85 0.8162 0.8481 165 127
467-1-1-0.05-50-0 1 2323 36 36 118 118 0.8162 0.8162 165 165
467-1-1-0.05-50-0 1 2323 1 1 214 214 0.2520 0.2520 409 409
467-1-1-0.05-50-0 1 2323 36 36 117 117 0.8162 0.8162 165 165
467-1-1-0.05-50-0 1 2323 1 8 213 296 0.2520 0.2506 409 303
467-1-1-0.05-50-0 1 2324 36 2 112 78 0.8162 0.8198 165 167
467-1-1-0.05-50-0 1 2324 37 50 85 2 0.8481 0.2147 127 147
467-1-1-0.05-50-0 1 2324 1 8 208 293 0.2520 0.2506 409 303
467-1-1-0.05-50-0 1 2324 36 43 112 85 0.8162 0.8316 165 123
467-1-1-0.05-50-0 1 2324 36 2 112 77 0.8162 0.8198 165 167
467-1-1-0.05-50-0 1 2324 1 1 208 208 0.2520 0.2520 409 409
467-1-1-0.05-50-0 1 2324 1 1 207 207 0.2520 0.2520 409 409
467-1-1-0.05-50-0 1 2324 1 1 206 206 0.2520 0.2520 409 409
467-1-1-0.05-50-0 1 2325 1 1 209 209 0.2520 0.2520 409 409
467-1-1-0.05-50-0 1 2325 36 2 112 76 0.8162 0.8198 165 167
467-1-1-0.05-50-0 1 2325 1 8 208 301 0.2520 0.2506 409 303
467-1-1-0.05-50-0 1 2325 36 36 112 112 0.8162 0.8162 165 165
467-1-1-0.05-50-0 1 2325 1 1 208 208 0.2520 0.2520 409 409
467-1-1-0.05-50-0 1 2325 1 8 207 300 0.2520 0.2506 409 303
467-1-1-0.05-50-0 1 2325 36 37 111 84 0.8162 0.8481 165 127
467-1-1-0.05-50-0 1 2326 17 10 1 5 0.6398 0.2533 197 449
467-1-1-0.05-50-0 1 2326 1 8 208 303 0.2520 0.2506 409 303
467-1-1-0.05-50-0 1 2326 1 8 208 302 0.2520 0.2506 409 303
467-1-1-0.05-50-0 1 2326 36 43 108 83 0.8162 0.8316 165 123
467-1-1-0.05-50-0 1 2326 1 8 208 301 0.2520 0.2506 409 303
467-1-1-0.05-50-0 1 2326 1 8 208 300 0.2520 0.2506 409 303
467-1-1-0.05-50-0 1 2326 36 43 108 82 0.8162 0.8316 165 123
467-1-1-0.05-50-0 1 2326 1 1 208 208 0.2520 0.2520 409 409
467-1-1-0.05-50-0 1 2326 36 37 108 85 0.8162 0.8481 165 127
467-1-1-0.05-50-0 1 2327 1 8 210 303 0.2520 0.2506 409 303
467-1-1-0.05-50-0 1 2327 1 1 210 210 0.2520 0.2520 409 409
467-1-1-0.05-50-0 1 2327 36 2 111 74 0.8162 0.8198 165 167
467-1-1-0.05-50-0 1 2327 1 8 209 302 0.2520 0.2506 409 303
467-1-1-0.05-50-0 1 2327 36 37 111 84 0.8162 0.8481 165 127
467-1-1-0.05-50-0 1 2327 36 17 111 1 0.8162 0.6398 165 197
467-1-1-0.05-50-0 1 2327 1 8 209 301 0.2520 0.2506 409 303
467-1-1-0.05-50-0 1 2327 1 1 209 209 0.2520 0.2520 409 409
467-1-1-0.05-50-0 1 2327 1 8 208 300 0.2520 0.2506 409 303
467-1-1-0.05-50-0 1 2328 36 2 110 76 0.8162 0.8198 165 167
467-1-1-0.05-50-0 1 2328 1 8 202 296 0.2520 0.2506 409 303
467-1-1-0.05-50-0 1 2328 36 2 110 75 0.8162 0.8198 165 167
467-1-1-0.05-50-0 1 2328 1 8 202 295 0.2520 0.2506 409 303
467-1-1-0.05-50-0 1 2328 20 3 37 1 0.9922 0.4813 102 321
467-1-1-0.05-50-0 1 2328 1 8 202 294 0.2520 0.2506 409 303
467-1-1-0.05-50-0 1 2329 36 2 111 75 0.8162 0.8198 165 167
467-1-1-0.05-50-0 1 2329 1 1 205 205 0.2520 0.2520 409 409
467-1-1-0.05-50-0 1 2329 36 37 111 80 0.8162 0.8481 165 127
467-1-1-0.05-50-0 1 2329 1 8 204 297 0.2520 0.2506 409 303
467-1-1-0.05-50-0 1 2330 1 8 204 300 0.2520 0.2506 409 303
467-1-1-0.05-50-0 1 2330 10 27 5 149 0.2533 0.0776 449 149
467-1-1-0.05-50-0 1 2330 1 1 204 204 0.2520 0.2520 409 409
467-1-1-0.05-50-0 1 2330 36 37 112 81 0.8162 0.8481 165 127
467-1-1-0.05-50-0 1 2330 1 1 203 203 0.2520 0.2520 409 409
467-1-1-0.05-50-0 1 2330 1 1 202 202 0.2520 0.2520 409 409
467-1-1-0.05-50-0 1 2330 36 37 112 80 0.8162 0.8481 165 127
467-1-1-0.05-50-0 1 2331 1 8 202 296 0.2520 0.2506 409 303
467-1-1-0.05-50-0 1 2331 1 8 202 295 0.2520 0.2506 409 303
467-1-1-0.05-50-0 1 2331 41 22 93 2 0.9621 0.0160 105 311
467-1-1-0.05-50-0 1 2331 36 37 111 81 0.8162 0.8481 165 127
467-1-1-0.05-50-0 1 2331 2 33 81 1 0.8198 0.6893 167 191
467-1-1-0.05-50-0 1 2332 1 1 202 202 0.2520 0.2520 409 409
467-1-1-0.05-50-0 1 2332 1 8 201 290 0.2520 0.2506 409 303
467-1-1-0.05-50-0 1 2332 36 36 112 112 0.8162 0.8162 165 165
467-1-1-0.05-50-0 1 2332 1 1 201 201 0.2520 0.2520 409 409
467-1-1-0.05-50-0 1 2332 1 8 200 289 0.2520 0.2506 409 303
467-1-1-0.05-50-0 1 2332 1 1 200 200 0.2520 0.2520 409 409
467-1-1-0.05-50-0 1 2333 37 16 80 1 0.8481 0.2228 127 149
467-1-1-0.05-50-0 1 2333 1 50 205 1 0.2520 0.2147 409 147
467-1-1-0.05-50-0 1 2333 1 1 205 205 0.2520 0.2520 409 409
467-1-1-0.05-50-0 1 2333 25 35 123 1 0.9430 0.0354 125 158
467-1-1-0.05-50-0 1 2333 1 8 204 291 0.2520 0.2506 409 303
467-1-1-0.05-50-0 1 2333 1 8 204 290 0.2520 0.2506 409 303
467-1-1-0.05-50-0 1 2333 36 37 113 80 0.8162 0.8481 165 127
467-1-1-0.05-50-0 1 2333 19 19 12 12 0.8072 0.8072 134 134
467-1-1-0.05-50-0 1 2333 1 8 204 289 0.2520 0.2506 409 303
467-1-1-0.05-50-0 1 2334 1 8 212 286 0.2520 0.2506 409 303
467-1-1-0.05-50-0 1 2334 1 1 212 212 0.2520 0.2520 409 409
467-1-1-0.05-50-0 1 2334 1 1 211 211 0.2520 0.2520 409 409
467-1-1-0.05-50-0 1 2334 36 43 115 81 0.8162 0.8316 165 123
467-1-1-0.05-50-0 1 2334 36 37 115 79 0.8162 0.8481 165 127
467-1-1-0.05-50-0 1 2334 1 1 210 210 0.2520 0.2520 409 409
467-1-1-0.05-50-0 1 2334 1 1 209 209 0.2520 0.2520 409 409
467-1-1-0.05-50-0 1 2334 36 36 115 115 0.8162 0.8162 165 165
467-1-1-0.05-50-0 1 2335 36 26 116 19 0.8162 0.8171 165 141
467-1-1-0.05-50-0 1 2335 36 37 116 79 0.8162 0.8481 165 127
467-1-1-0.05-50-0 1 2335 1 8 208 283 0.2520 0.2506 409 303
467-1-1-0.05-50-0 1 2335 36 36 116 116 0.8162 0.8162 165 165
467-1-1-0.05-50-0 1 2335 36 43 115 82 0.8162 0.8316 165 123
467-1-1-0.05-50-0 1 2335 41 4 92 2 0.9621 0.0723 105 351
467-1-1-0.05-50-0 1 2335 1 8 208 282 0.2520 0.2506 409 303
467-1-1-0.05-50-0 1 2335 1 1 208 208 0.2520 0.2520 409 409
467-1-1-0.05-50-0 1 2336 1 1 209 209 0.2520 0.2520 409 409
467-1-1-0.05-50-0 1 2336 36 36 121 121 0.8162 0.8162 165 165
467-1-1-0.05-50-0 1 2336 1 1 208 208 0.2520 0.2520 409 409
467-1-1-0.05-50-0 1 2336 1 8 207 283 0.2520 0.2506 409 303
467-1-1-0.05-50-0 1 2336 1 1 207 207 0.2520 0.2520 409 409
467-1-1-0.05-50-0 1 2336 1 8 206 282 0.2520 0.2506 409 303
467-1-1-0.05-50-0 1 2336 1 1 206 206 0.2520 0.2520 409 409
467-1-1-0.05-50-0 1 2337 36 36 121 121 0.8162 0.8162 165 165
467-1-1-0.05-50-0 1 2337 1 8 207 278 0.2520 0.2506 409 303
467-1-1-0.05-50-0 1 2337 1 8 207 277 0.2520 0.2506 409 303
467-1-1-0.05-50-0 1 2337 1 1 207 207 0.2520 0.2520 409 409
467-1-1-0.05-50-0 1 2337 1 1 206 206 0.2520 0.2520 409 409
467-1-1-0.05-50-0 1 2337 36 37 120 74 0.8162 0.8481 165 127
467-1-1-0.05-50-0 1 2337 1 1 205 205 0.2520 0.2520 409 409
467-1-1-0.05-50-0 1 2337 1 1 204 204 0.2520 0.2520 409 409
467-1-1-0.05-50-0 1 2337 36 36 120 120 0.8162 0.8162 165 165
467-1-1-0.05-50-0 1 2338 36 36 113 113 0.8162 0.8162 165 165
467-1-1-0.05-50-0 1 2338 19 19 9 9 0.8072 0.8072 134 134
467-1-1-0.05-50-0 1 2338 1 8 201 282 0.2520 0.2506 409 303
467-1-1-0.05-50-0 1 2338 1 8 201 281 0.2520 0.2506 409 303
467-1-1-0.05-50-0 1 2338 36 37 112 74 0.8162 0.8481 165 127
467-1-1-0.05-50-0 1 2338 1 1 201 201 0.2520 0.2520 409 409
467-1-1-0.05-50-0 1 2339 36 26 118 19 0.8162 0.8171 165 141
467-1-1-0.05-50-0 1 2339 41 22 93 1 0.9621 0.0160 105 311
467-1-1-0.05-50-0 1 2339 1 1 202 202 0.2520 0.2520 409 409
467-1-1-0.05-50-0 1 2339 1 8 201 287 0.2520 0.2506 409 303
467-1-1-0.05-50-0 1 2339 36 2 118 87 0.8162 0.8198 165 167
467-1-1-0.05-50-0 1 2340 1 1 212 212 0.2520 0.2520 409 409
467-1-1-0.05-50-0 1 2340 1 8 211 294 0.2520 0.2506 409 303
467-1-1-0.05-50-0 1 2340 19 19 8 8 0.8072 0.8072 134 134
467-1-1-0.05-50-0 1 2340 10 27 4 143 0.2533 0.0776 449 149
467-1-1-0.05-50-0 1 2340 37 12 75 1 0.8481 0.1896 127 325
467-1-1-0.05-50-0 1 2340 1 1 211 211 0.2520 0.2520 409 409
467-1-1-0.05-50-0 1 2341 1 8 208 299 0.2520 0.2506 409 303
467-1-1-0.05-50-0 1 2341 1 1 208 208 0.2520 0.2520 409 409
467-1-1-0.05-50-0 1 2341 1 1 207 207 0.2520 0.2520 409 409
467-1-1-0.05-50-0 1 2341 1 1 206 206 0.2520 0.2520 409 409
467-1-1-0.05-50-0 1 2341 1 8 205 298 0.2520 0.2506 409 303
467-1-1-0.05-50-0 1 2341 1 8 205 297 0.2520 0.2506 409 303
467-1-1-0.05-50-0 1 2341 1 8 205 296 0.2520 0.2506 409 303
467-1-1-0.05-50-0 1 2341 37 48 78 1 0.8481 0.1153 127 334
467-1-1-0.05-50-0 1 2342 1 8 213 303 0.2520 0.2506 409 303
467-1-1-0.05-50-0 1 2342 1 1 213 213 0.2520 0.2520 409 409
467-1-1-0.05-50-0 1 2342 1 1 212 212 0.2520 0.2520 409 409
467-1-1-0.05-50-0 1 2342 36 43 112 79 0.8162 0.8316 165 123
467-1-1-0.05-50-0 1 2342 1 1 211 211 0.2520 0.2520 409 409
467-1-1-0.05-50-0 1 2342 36 37 112 79 0.8162 0.8481 165 127
467-1-1-0.05-50-0 1 2342 36 36 112 112 0.8162 0.8162 165 165
467-1-1-0.05-50-0 1 2343 36 36 111 111 0.8162 0.8162 165 165
467-1-1-0.05-50-0 1 2343 36 37 110 79 0.8162 0.8481 165 127
467-1-1-0.05-50-0 1 2343 1 8 206 303 0.2520 0.2506 409 303
467-1-1-0.05-50-0 1 2343 1 8 206 302 0.2520 0.2506 409 303
467-1-1-0.05-50-0 1 2343 1 8 206 301 0.2520 0.2506 409 303
467-1-1-0.05-50-0 1 2343 1 1 206 206 0.2520 0.2520 409 409
467-1-1-0.05-50-0 1 2343 36 37 110 78 0.8162 0.8481 165 127
467-1-1-0.05-50-0 1 2344 36 37 110 76 0.8162 0.8481 165 127
467-1-1-0.05-50-0 1 2344 1 8 208 302 0.2520 0.2506 409 303
467-1-1-0.05-50-0 1 2344 1 8 208 301 0.2520 0.2506 409 303
467-1-1-0.05-50-0 1 2344 1 1 208 208 0.2520 0.2520 409 409
467-1-1-0.05-50-0 1 2344 1 8 207 300 0.2520 0.2506 409 303
467-1-1-0.05-50-0 1 2344 43 49 81 1 0.8316 0.1842 123 136
467-1-1-0.05-50-0 1 2344 36 36 110 110 0.8162 0.8162 165 165
467-1-1-0.05-50-0 1 2345 1 8 216 303 0.2520 0.2506 409 303
467-1-1-0.05-50-0 1 2345 40 17 52 2 0.9739 0.6398 104 197
467-1-1-0.05-50-0 1 2345 1 8 216 302 0.2520 0.2506 409 303
467-1-1-0.05-50-0 1 2345 1 1 216 216 0.2520 0.2520 409 409
467-1-1-0.05-50-0 1 2345 1 1 215 215 0.2520 0.2520 409 409
467-1-1-0.05-50-0 1 2345 36 36 102 102 0.8162 0.8162 165 165
467-1-1-0.05-50-0 1 2345 1 8 214 301 0.2520 0.2506 409 303
467-1-1-0.05-50-0 1 2346 25 22 116 2 0.9430 0.0160 125 311
467-1-1-0.05-50-0 1 2346 25 22 116 1 0.9430 0.0160 125 311
467-1-1-0.05-50-0 1 2346 36 43 105 77 0.8162 0.8316 165 123
467-1-1-0.05-50-0 1 2346 1 8 213 296 0.2520 0.2506 409 303
467-1-1-0.05-50-0 1 2346 36 36 105 105 0.8162 0.8162 165 165
467-1-1-0.05-50-0 1 2346 1 1 213 213 0.2520 0.2520 409 409
467-1-1-0.05-50-0 1 2346 1 1 212 212 0.2520 0.2520 409 409
467-1-1-0.05-50-0 1 2346 10 27 5 149 0.2533 0.0776 449 149
467-1-1-0.05-50-0 1 2347 36 43 106 76 0.8162 0.8316 165 123
467-1-1-0.05-50-0 1 2347 1 1 208 208 0.2520 0.2520 409 409
467-1-1-0.05-50-0 1 2347 36 37 106 86 0.8162 0.8481 165 127
467-1-1-0.05-50-0 1 2347 1 8 207 294 0.2520 0.2506 409 303
467-1-1-0.05-50-0 1 2348 41 22 95 1 0.9621 0.0160 105 311
467-1-1-0.05-50-0 1 2348 40 17 51 1 0.9739 0.6398 104 197
467-1-1-0.05-50-0 1 2348 36 2 111 78 0.8162 0.8198 165 167
467-1-1-0.05-50-0 1 2349 1 8 214 303 0.2520 0.2506 409 303
467-1-1-0.05-50-0 1 2349 1 1 214 214 0.2520 0.2520 409 409
467-1-1-0.05-50-0 1 2349 1 8 213 302 0.2520 0.2506 409 303
467-1-1-0.05-50-0 1 2349 36 36 108 108 0.8162 0.8162 165 165
467-1-1-0.05-50-0 1 2349 1 8 213 301 0.2520 0.2506 409 303
467-1-1-0.05-50-0 1 2349 36 2 107 81 0.8162 0.8198 165 167
467-1-1-0.05-50-0 1 2349 36 2 107 80 0.8162 0.8198 165 167
467-1-1-0.05-50-0 1 2349 36 36 107 107 0.8162 0.8162 165 165
467-1-1-0.05-50-0 1 2349 1 1 213 213 0.2520 0.2520 409 409
467-1-1-0.05-50-0 1 2350 1 8 211 303 0.2520 0.2506 409 303
467-1-1-0.05-50-0 1 2350 1 1 211 211 0.2520 0.2520 409 409
467-1-1-0.05-50-0 1 2350 1 8 210 302 0.2520 0.2506 409 303
467-1-1-0.05-50-0 1 2350 36 37 105 82 0.8162 0.8481 165 127
467-1-1-0.05-50-0 1 2350 36 37 105 81 0.8162 0.8481 165 127
467-1-1-0.05-50-0 1 2350 1 1 210 210 0.2520 0.2520 409 409
467-1-1-0.05-50-0 1 2350 1 8 209 301 0.2520 0.2506 409 303
467-1-1-0.05-50-0 1 2351 1 10 211 5 0.2520 0.2533 409 449
467-1-1-0.05-50-0 1 2351 1 8 211 301 0.2520 0.2506 409 303
467-1-1-0.05-50-0 1 2351 1 1 211 211 0.2520 0.2520 409 409
467-1-1-0.05-50-0 1 2351 37 23 81 1 0.8481 0.1698 127 476
467-1-1-0.05-50-0 1 2351 1 1 210 210 0.2520 0.2520 409 409
467-1-1-0.05-50-0 1 2351 1 1 209 209 0.2520 0.2520 409 409
467-1-1-0.05-50-0 1 2351 1 1 208 208 0.2520 0.2520 409 409
467-1-1-0.05-50-0 1 2352 36 37 102 88 0.8162 0.8481 165 127
467-1-1-0.05-50-0 1 2352 36 36 102 102 0.8162 0.8162 165 165
467-1-1-0.05-50-0 1 2352 36 43 101 87 0.8162 0.8316 165 123
467-1-1-0.05-50-0 1 2352 36 43 101 86 0.8162 0.8316 165 123
467-1-1-0.05-50-0 1 2352 1 1 207 207 0.2520 0.2520 409 409
467-1-1-0.05-50-0 1 2352 1 8 206 303 0.2520 0.2506 409 303
467-1-1-0.05-50-0 1 2353 10 27 4 149 0.2533 0.0776 449 149
467-1-1-0.05-50-0 1 2353 1 1 200 200 0.2520 0.2520 409 409
467-1-1-0.05-50-0 1 2353 36 37 104 86 0.8162 0.8481 165 127
467-1-1-0.05-50-0 1 2354 1 8 211 303 0.2520 0.2506 409 303
467-1-1-0.05-50-0 1 2354 1 1 211 211 0.2520 0.2520 409 409
467-1-1-0.05-50-0 1 2354 36 2 108 81 0.8162 0.8198 165 167
467-1-1-0.05-50-0 1 2354 36 36 108 108 0.8162 0.8162 165 165
467-1-1-0.05-50-0 1 2354 1 1 210 210 0.2520 0.2520 409 409
467-1-1-0.05-50-0 1 2354 1 1 209 209 0.2520 0.2520 409 409
467-1-1-0.05-50-0 1 2355 36 37 106 90 0.8162 0.8481 165 127
467-1-1-0.05-50-0 1 2355 1 8 213 303 0.2520 0.2506 409 303
467-1-1-0.05-50-0 1 2355 1 8 213 302 0.2520 0.2506 409 303
467-1-1-0.05-50-0 1 2355 36 36 106 106 0.8162 0.8162 165 165
467-1-1-0.05-50-0 1 2355 36 2 105 82 0.8162 0.8198 165 167
467-1-1-0.05-50-0 1 2356 1 10 217 6 0.2520 0.2533 409 449
467-1-1-0.05-50-0 1 2356 1 1 217 217 0.2520 0.2520 409 409
467-1-1-0.05-50-0 1 2356 1 1 216 216 0.2520 0.2520 409 409
467-1-1-0.05-50-0 1 2357 40 42 45 1 0.9739 0.7447 104 106
467-1-1-0.05-50-0 1 2357 36 36 107 107 0.8162 0.8162 165 165
467-1-1-0.05-50-0 1 2357 19 32 9 1 0.8072 0.6514 134 215
467-1-1-0.05-50-0 1 2357 36 43 106 92 0.8162 0.8316 165 123
467-1-1-0.05-50-0 1 2357 1 8 215 300 0.2520 0.2506 409 303
467-1-1-0.05-50-0 1 2358 36 19 108 10 0.8162 0.8072 165 134
467-1-1-0.05-50-0 1 2358 1 1 209 209 0.2520 0.2520 409 409
467-1-1-0.05-50-0 1 2358 1 1 208 208 0.2520 0.2520 409 409
467-1-1-0.05-50-0 1 2358 36 37 108 91 0.8162 0.8481 165 127
467-1-1-0.05-50-0 1 2358 1 8 207 303 0.2520 0.2506 409 303
467-1-1-0.05-50-0 1 2358 36 2 108 87 0.8162 0.8198 165 167
467-1-1-0.05-50-0 1 2359 1 1 207 207 0.2520 0.2520 409 409
467-1-1-0.05-50-0 1 2359 1 1 206 206 0.2520 0.2520 409 409
467-1-1-0.05-50-0 1 2359 1 8 205 303 0.2520 0.2506 409 303
467-1-1-0.05-50-0 1 2359 1 1 205 205 0.2520 0.2520 409 409
467-1-1-0.05-50-0 1 2359 1 1 204 204 0.2520 0.2520 409 409
467-1-1-0.05-50-0 1 2359 1 8 203 302 0.2520 0.2506 409 303
467-1-1-0.05-50-0 1 2359 1 1 203 203 0.2520 0.2520 409 409
467-1-1-0.05-50-0 1 2359 1 1 202 202 0.2520 0.2520 409 409
467-1-1-0.05-50-0 1 2359 1 8 201 301 0.2520 0.2506 409 303
467-1-1-0.05-50-0 1 2359 36 37 106 90 0.8162 0.8481 165 127
467-1-1-0.05-50-0 1 2360 1 8 208 299 0.2520 0.2506 409 303
467-1-1-0.05-50-0 1 2360 1 1 208 208 0.2520 0.2520 409 409
467-1-1-0.05-50-0 1 2360 36 36 107 107 0.8162 0.8162 165 165
467-1-1-0.05-50-0 1 2360 14 43 1 94 0.8451 0.8316 105 123
467-1-1-0.05-50-0 1 2360 1 8 207 298 0.2520 0.2506 409 303
467-1-1-0.05-50-0 1 2360 2 38 88 1 0.8198 0.6163 167 270
467-1-1-0.05-50-0 1 2361 1 1 209 209 0.2520 0.2520 409 409
467-1-1-0.05-50-0 1 2361 36 36 104 104 0.8162 0.8162 165 165
467-1-1-0.05-50-0 1 2361 37 39 94 1 0.8481 0.2187 127 309
467-1-1-0.05-50-0 1 2361 1 8 208 290 0.2520 0.2506 409 303
467-1-1-0.05-50-0 1 2361 1 8 208 289 0.2520 0.2506 409 303
467-1-1-0.05-50-0 1 2361 41 4 88 2 0.9621 0.0723 105 351
467-1-1-0.05-50-0 1 2361 1 8 208 288 0.2520 0.2506 409 303
467-1-1-0.05-50-0 1 2361 1 8 208 287 0.2520 0.2506 409 303
467-1-1-0.05-50-0 1 2361 1 8 208 286 0.2520 0.2506 409 303
467-1-1-0.05-50-0 1 2362 1 8 213 289 0.2520 0.2506 409 303
467-1-1-0.05-50-0 1 2362 1 8 213 288 0.2520 0.2506 409 303
467-1-1-0.05-50-0 1 2362 36 36 104 104 0.8162 0.8162 165 165
467-1-1-0.05-50-0 1 2362 1 8 213 287 0.2520 0.2506 409 303
467-1-1-0.05-50-0 1 2363 1 8 214 287 0.2520 0.2506 409 303
467-1-1-0.05-50-0 1 2363 1 8 214 286 0.2520 0.2506 409 303
467-1-1-0.05-50-0 1 2364 1 8 214 293 0.2520 0.2506 409 303
467-1-1-0.05-50-0 1 2364 1 8 214 292 0.2520 0.2506 409 303
467-1-1-0.05-50-0 1 2364 1 8 214 291 0.2520 0.2506 409 303
467-1-1-0.05-50-0 1 2364 36 2 104 92 0.8162 0.8198 165 167
467-1-1-0.05-50-0 1 2364 36 43 104 101 0.8162 0.8316 165 123
467-1-1-0.05-50-0 1 2364 36 36 104 104 0.8162 0.8162 165 165
467-1-1-0.05-50-0 1 2364 41 22 91 1 0.9621 0.0160 105 311
467-1-1-0.05-50-0 1 2364 1 8 214 290 0.2520 0.2506 409 303
467-1-1-0.05-50-0 1 2365 36 43 99 102 0.8162 0.8316 165 123
467-1-1-0.05-50-0 1 2365 1 8 215 298 0.2520 0.2506 409 303
467-1-1-0.05-50-0 1 2365 1 1 215 215 0.2520 0.2520 409 409
467-1-1-0.05-50-0 1 2365 1 1 214 214 0.2520 0.2520 409 409
467-1-1-0.05-50-0 1 2366 1 8 214 302 0.2520 0.2506 409 303
467-1-1-0.05-50-0 1 2366 1 8 214 301 0.2520 0.2506 409 303
467-1-1-0.05-50-0 1 2366 1 8 214 300 0.2520 0.2506 409 303
467-1-1-0.05-50-0 1 2366 1 8 214 299 0.2520 0.2506 409 303
467-1-1-0.05-50-0 1 2366 36 37 97 99 0.8162 0.8481 165 127
467-1-1-0.05-50-0 1 2366 1 8 214 298 0.2520 0.2506 409 303
467-1-1-0.05-50-0 1 2366 1 8 214 297 0.2520 0.2506 409 303
467-1-1-0.05-50-0 1 2366 36 37 97 98 0.8162 0.8481 165 127
467-1-1-0.05-50-0 1 2367 40 38 37 1 0.9739 0.6163 104 270
467-1-1-0.05-50-0 1 2367 36 43 98 98 0.8162 0.8316 165 123
467-1-1-0.05-50-0 1 2367 1 1 216 216 0.2520 0.2520 409 409
467-1-1-0.05-50-0 1 2367 1 8 215 302 0.2520 0.2506 409 303
467-1-1-0.05-50-0 1 2367 1 8 215 301 0.2520 0.2506 409 303
467-1-1-0.05-50-0 1 2367 1 8 215 300 0.2520 0.2506 409 303
467-1-1-0.05-50-0 1 2367 1 8 215 299 0.2520 0.2506 409 303
467-1-1-0.05-50-0 1 2367 36 43 98 97 0.8162 0.8316 165 123
467-1-1-0.05-50-0 1 2367 36 37 98 100 0.8162 0.8481 165 127
467-1-1-0.05-50-0 1 2367 36 2 98 97 0.8162 0.8198 165 167
467-1-1-0.05-50-0 1 2367 1 8 215 298 0.2520 0.2506 409 303
467-1-1-0.05-50-0 1 2367 1 8 215 297 0.2520 0.2506 409 303
467-1-1-0.05-50-0 1 2368 1 1 227 227 0.2520 0.2520 409 409
467-1-1-0.05-50-0 1 2368 1 8 226 292 0.2520 0.2506 409 303
467-1-1-0.05-50-0 1 2368 36 36 99 99 0.8162 0.8162 165 165
467-1-1-0.05-50-0 1 2368 36 2 98 97 0.8162 0.8198 165 167
467-1-1-0.05-50-0 1 2368 1 8 226 291 0.2520 0.2506 409 303
467-1-1-0.05-50-0 1 2368 1 1 226 226 0.2520 0.2520 409 409
467-1-1-0.05-50-0 1 2368 36 43 98 99 0.8162 0.8316 165 123
467-1-1-0.05-50-0 1 2369 1 8 224 301 0.2520 0.2506 409 303
467-1-1-0.05-50-0 1 2369 1 1 224 224 0.2520 0.2520 409 409
467-1-1-0.05-50-0 1 2369 1 8 223 300 0.2520 0.2506 409 303
467-1-1-0.05-50-0 1 2369 1 8 223 299 0.2520 0.2506 409 303
467-1-1-0.05-50-0 1 2369 36 2 96 95 0.8162 0.8198 165 167
467-1-1-0.05-50-0 1 2369 36 37 96 102 0.8162 0.8481 165 127
467-1-1-0.05-50-0 1 2369 1 8 223 298 0.2520 0.2506 409 303
467-1-1-0.05-50-0 1 2369 1 8 223 297 0.2520 0.2506 409 303
467-1-1-0.05-50-0 1 2369 37 16 101 1 0.8481 0.2228 127 149
467-1-1-0.05-50-0 1 2369 36 43 96 99 0.8162 0.8316 165 123
467-1-1-0.05-50-0 1 2369 1 8 223 296 0.2520 0.2506 409 303
467-1-1-0.05-50-0 1 2370 1 8 224 299 0.2520 0.2506 409 303
467-1-1-0.05-50-0 1 2370 36 43 98 103 0.8162 0.8316 165 123
467-1-1-0.05-50-0 1 2370 36 43 98 102 0.8162 0.8316 165 123
467-1-1-0.05-50-0 1 2370 1 1 224 224 0.2520 0.2520 409 409
467-1-1-0.05-50-0 1 2371 1 8 226 303 0.2520 0.2506 409 303
467-1-1-0.05-50-0 1 2371 19 19 5 5 0.8072 0.8072 134 134
467-1-1-0.05-50-0 1 2371 1 8 226 302 0.2520 0.2506 409 303
467-1-1-0.05-50-0 1 2371 1 1 226 226 0.2520 0.2520 409 409
467-1-1-0.05-50-0 1 2371 1 8 225 301 0.2520 0.2506 409 303
467-1-1-0.05-50-0 1 2371 1 1 225 225 0.2520 0.2520 409 409
467-1-1-0.05-50-0 1 2371 1 8 224 300 0.2520 0.2506 409 303
467-1-1-0.05-50-0 1 2372 40 15 36 4 0.9739 0.7918 104 149
467-1-1-0.05-50-0 1 2372 36 2 93 96 0.8162 0.8198 165 167
467-1-1-0.05-50-0 1 2372 36 37 93 107 0.8162 0.8481 165 127
467-1-1-0.05-50-0 1 2372 1 1 224 224 0.2520 0.2520 409 409
467-1-1-0.05-50-0 1 2372 1 1 223 223 0.2520 0.2520 409 409
467-1-1-0.05-50-0 1 2372 1 8 222 303 0.2520 0.2506 409 303
467-1-1-0.05-50-0 1 2372 1 1 222 222 0.2520 0.2520 409 409
467-1-1-0.05-50-0 1 2372 1 8 221 302 0.2520 0.2506 409 303
467-1-1-0.05-50-0 1 2372 1 8 221 301 0.2520 0.2506 409 303
467-1-1-0.05-50-0 1 2373 36 26 96 25 0.8162 0.8171 165 141
467-1-1-0.05-50-0 1 2373 36 26 96 24 0.8162 0.8171 165 141
467-1-1-0.05-50-0 1 2373 1 1 222 222 0.2520 0.2520 409 409
467-1-1-0.05-50-0 1 2373 36 2 96 96 0.8162 0.8198 165 167
467-1-1-0.05-50-0 1 2373 1 1 221 221 0.2520 0.2520 409 409
467-1-1-0.05-50-0 1 2374 1 1 226 226 0.2520 0.2520 409 409
467-1-1-0.05-50-0 1 2374 1 1 225 225 0.2520 0.2520 409 409
467-1-1-0.05-50-0 1 2374 1 8 224 302 0.2520 0.2506 409 303
467-1-1-0.05-50-0 1 2374 1 8 224 301 0.2520 0.2506 409 303
467-1-1-0.05-50-0 1 2374 36 36 96 96 0.8162 0.8162 165 165
467-1-1-0.05-50-0 1 2374 1 1 224 224 0.2520 0.2520 409 409
467-1-1-0.05-50-0 1 2375 1 8 226 303 0.2520 0.2506 409 303
467-1-1-0.05-50-0 1 2375 36 36 94 94 0.8162 0.8162 165 165
467-1-1-0.05-50-0 1 2375 36 36 93 93 0.8162 0.8162 165 165
467-1-1-0.05-50-0 1 2375 1 1 226 226 0.2520 0.2520 409 409
467-1-1-0.05-50-0 1 2375 1 8 225 302 0.2520 0.2506 409 303
467-1-1-0.05-50-0 1 2375 36 26 92 24 0.8162 0.8171 165 141
467-1-1-0.05-50-0 1 2375 1 8 225 301 0.2520 0.2506 409 303
467-1-1-0.05-50-0 1 2375 1 8 225 300 0.2520 0.2506 409 303
467-1-1-0.05-50-0 1 2375 1 1 225 225 0.2520 0.2520 409 409
467-1-1-0.05-50-0 1 2376 1 8 225 303 0.2520 0.2506 409 303
467-1-1-0.05-50-0 1 2376 1 8 225 302 0.2520 0.2506 409 303
467-1-1-0.05-50-0 1 2376 1 1 225 225 0.2520 0.2520 409 409
467-1-1-0.05-50-0 1 2376 36 19 94 4 0.8162 0.8072 165 134
467-1-1-0.05-50-0 1 2376 1 1 224 224 0.2520 0.2520 409 409
467-1-1-0.05-50-0 1 2377 36 37 92 109 0.8162 0.8481 165 127
467-1-1-0.05-50-0 1 2377 36 37 92 108 0.8162 0.8481 165 127
467-1-1-0.05-50-0 1 2377 1 8 220 302 0.2520 0.2506 409 303
467-1-1-0.05-50-0 1 2377 1 10 220 6 0.2520 0.2533 409 449
467-1-1-0.05-50-0 1 2377 1 8 220 301 0.2520 0.2506 409 303
467-1-1-0.05-50-0 1 2377 1 8 220 300 0.2520 0.2506 409 303
467-1-1-0.05-50-0 1 2377 1 1 220 220 0.2520 0.2520 409 409
467-1-1-0.05-50-0 1 2378 1 8 220 303 0.2520 0.2506 409 303
467-1-1-0.05-50-0 1 2378 36 2 96 99 0.8162 0.8198 165 167
467-1-1-0.05-50-0 1 2378 1 8 220 302 0.2520 0.2506 409 303
467-1-1-0.05-50-0 1 2378 1 1 220 220 0.2520 0.2520 409 409
467-1-1-0.05-50-0 1 2378 1 8 219 301 0.2520 0.2506 409 303
467-1-1-0.05-50-0 1 2378 36 37 96 108 0.8162 0.8481 165 127
467-1-1-0.05-50-0 1 2379 1 1 219 219 0.2520 0.2520 409 409
467-1-1-0.05-50-0 1 2379 1 1 218 218 0.2520 0.2520 409 409
467-1-1-0.05-50-0 1 2379 1 10 217 4 0.2520 0.2533 409 449
467-1-1-0.05-50-0 1 2379 1 8 217 301 0.2520 0.2506 409 303
467-1-1-0.05-50-0 1 2380 1 18 229 1 0.2520 0.2181 409 226
467-1-1-0.05-50-0 1 2380 36 2 99 99 0.8162 0.8198 165 167
467-1-1-0.05-50-0 1 2380 36 2 99 98 0.8162 0.8198 165 167
467-1-1-0.05-50-0 1 2380 40 34 37 1 0.9739 0.7448 104 168
467-1-1-0.05-50-0 1 2380 1 8 229 302 0.2520 0.2506 409 303
467-1-1-0.05-50-0 1 2380 36 37 99 103 0.8162 0.8481 165 127
467-1-1-0.05-50-0 1 2380 1 1 229 229 0.2520 0.2520 409 409
467-1-1-0.05-50-0 1 2380 2 3 97 2 0.8198 0.4813 167 321
467-1-1-0.05-50-0 1 2381 36 36 99 99 0.8162 0.8162 165 165
467-1-1-0.05-50-0 1 2381 1 8 230 296 0.2520 0.2506 409 303
467-1-1-0.05-50-0 1 2381 1 8 230 295 0.2520 0.2506 409 303
467-1-1-0.05-50-0 1 2381 36 2 98 96 0.8162 0.8198 165 167
467-1-1-0.05-50-0 1 2381 1 8 230 294 0.2520 0.2506 409 303
467-1-1-0.05-50-0 1 2382 1 8 234 292 0.2520 0.2506 409 303
467-1-1-0.05-50-0 1 2382 40 3 37 1 0.9739 0.4813 104 321
467-1-1-0.05-50-0 1 2382 1 1 234 234 0.2520 0.2520 409 409
467-1-1-0.05-50-0 1 2382 36 43 96 94 0.8162 0.8316 165 123
467-1-1-0.05-50-0 1 2382 36 37 96 108 0.8162 0.8481 165 127
467-1-1-0.05-50-0 1 2382 26 6 24 2 0.8171 0.4266 141 249
467-1-1-0.05-50-0 1 2382 1 8 233 291 0.2520 0.2506 409 303
467-1-1-0.05-50-0 1 2382 1 8 233 290 0.2520 0.2506 409 303
467-1-1-0.05-50-0 1 2383 1 1 238 238 0.2520 0.2520 409 409
467-1-1-0.05-50-0 1 2383 1 1 237 237 0.2520 0.2520 409 409
467-1-1-0.05-50-0 1 2383 36 2 94 102 0.8162 0.8198 165 167
467-1-1-0.05-50-0 1 2383 36 37 94 109 0.8162 0.8481 165 127
467-1-1-0.05-50-0 1 2383 1 8 236 295 0.2520 0.2506 409 303
467-1-1-0.05-50-0 1 2383 1 8 236 294 0.2520 0.2506 409 303
467-1-1-0.05-50-0 1 2384 1 8 238 300 0.2520 0.2506 409 303
467-1-1-0.05-50-0 1 2384 40 32 42 1 0.9739 0.6514 104 215
467-1-1-0.05-50-0 1 2384 1 8 238 299 0.2520 0.2506 409 303
467-1-1-0.05-50-0 1 2384 1 1 238 238 0.2520 0.2520 409 409
467-1-1-0.05-50-0 1 2384 1 1 237 237 0.2520 0.2520 409 409
467-1-1-0.05-50-0 1 2384 1 1 236 236 0.2520 0.2520 409 409
467-1-1-0.05-50-0 1 2384 36 43 95 93 0.8162 0.8316 165 123
467-1-1-0.05-50-0 1 2384 1 8 235 298 0.2520 0.2506 409 303
467-1-1-0.05-50-0 1 2385 1 1 235 235 0.2520 0.2520 409 409
467-1-1-0.05-50-0 1 2386 1 8 236 291 0.2520 0.2506 409 303
467-1-1-0.05-50-0 1 2386 36 2 97 104 0.8162 0.8198 165 167
467-1-1-0.05-50-0 1 2386 1 8 236 290 0.2520 0.2506 409 303
467-1-1-0.05-50-0 1 2386 1 1 236 236 0.2520 0.2520 409 409
467-1-1-0.05-50-0 1 2386 1 8 235 289 0.2520 0.2506 409 303
467-1-1-0.05-50-0 1 2386 36 36 97 97 0.8162 0.8162 165 165
467-1-1-0.05-50-0 1 2386 10 27 5 148 0.2533 0.0776 449 149
467-1-1-0.05-50-0 1 2386 1 1 235 235 0.2520 0.2520 409 409
467-1-1-0.05-50-0 1 2386 36 36 96 96 0.8162 0.8162 165 165
467-1-1-0.05-50-0 1 2387 2 17 105 3 0.8198 0.6398 167 197
467-1-1-0.05-50-0 1 2387 1 1 236 236 0.2520 0.2520 409 409
467-1-1-0.05-50-0 1 2387 36 43 101 91 0.8162 0.8316 165 123
467-1-1-0.05-50-0 1 2387 36 43 101 90 0.8162 0.8316 165 123
467-1-1-0.05-50-0 1 2387 1 1 235 235 0.2520 0.2520 409 409
467-1-1-0.05-50-0 1 2387 1 8 234 293 0.2520 0.2506 409 303
467-1-1-0.05-50-0 1 2387 2 30 105 1 0.8198 0.6008 167 266
467-1-1-0.05-50-0 1 2387 1 1 234 234 0.2520 0.2520 409 409
467-1-1-0.05-50-0 1 2387 1 8 233 292 0.2520 0.2506 409 303
467-1-1-0.05-50-0 1 2387 1 1 233 233 0.2520 0.2520 409 409
467-1-1-0.05-50-0 1 2388 1 1 233 233 0.2520 0.2520 409 409
467-1-1-0.05-50-0 1 2388 36 37 100 113 0.8162 0.8481 165 127
467-1-1-0.05-50-0 1 2388 36 2 100 104 0.8162 0.8198 165 167
467-1-1-0.05-50-0 1 2388 1 1 232 232 0.2520 0.2520 409 409
467-1-1-0.05-50-0 1 2388 1 8 231 293 0.2520 0.2506 409 303
467-1-1-0.05-50-0 1 2388 1 8 231 292 0.2520 0.2506 409 303
467-1-1-0.05-50-0 1 2388 1 1 231 231 0.2520 0.2520 409 409
467-1-1-0.05-50-0 1 2389 20 17 40 2 0.9922 0.6398 102 197
467-1-1-0.05-50-0 1 2389 36 36 102 102 0.8162 0.8162 165 165
467-1-1-0.05-50-0 1 2389 36 36 101 101 0.8162 0.8162 165 165
467-1-1-0.05-50-0 1 2389 1 1 240 240 0.2520 0.2520 409 409
467-1-1-0.05-50-0 1 2389 1 8 239 295 0.2520 0.2506 409 303
467-1-1-0.05-50-0 1 2389 1 1 239 239 0.2520 0.2520 409 409
467-1-1-0.05-50-0 1 2389 1 1 238 238 0.2520 0.2520 409 409
467-1-1-0.05-50-0 1 2389 1 1 237 237 0.2520 0.2520 409 409
467-1-1-0.05-50-0 1 2390 1 8 235 302 0.2520 0.2506 409 303
467-1-1-0.05-50-0 1 2390 1 8 235 301 0.2520 0.2506 409 303
467-1-1-0.05-50-0 1 2390 1 8 235 300 0.2520 0.2506 409 303
467-1-1-0.05-50-0 1 2390 36 37 99 111 0.8162 0.8481 165 127
467-1-1-0.05-50-0 1 2390 1 8 235 299 0.2520 0.2506 409 303
467-1-1-0.05-50-0 1 2390 1 8 235 298 0.2520 0.2506 409 303
467-1-1-0.05-50-0 1 2390 1 1 235 235 0.2520 0.2520 409 409
467-1-1-0.05-50-0 1 2390 1 8 234 297 0.2520 0.2506 409 303
467-1-1-0.05-50-0 1 2390 1 8 234 296 0.2520 0.2506 409 303
467-1-1-0.05-50-0 1 2390 37 12 110 1 0.8481 0.1896 127 325
467-1-1-0.05-50-0 1 2391 1 8 233 299 0.2520 0.2506 409 303
467-1-1-0.05-50-0 1 2391 1 8 233 298 0.2520 0.2506 409 303
467-1-1-0.05-50-0 1 2391 1 1 233 233 0.2520 0.2520 409 409
467-1-1-0.05-50-0 1 2391 40 15 42 3 0.9739 0.7918 104 149
467-1-1-0.05-50-0 1 2391 1 8 232 297 0.2520 0.2506 409 303
467-1-1-0.05-50-0 1 2391 1 8 232 296 0.2520 0.2506 409 303
467-1-1-0.05-50-0 1 2391 36 43 101 95 0.8162 0.8316 165 123
467-1-1-0.05-50-0 1 2391 1 8 232 295 0.2520 0.2506 409 303
467-1-1-0.05-50-0 1 2391 36 36 101 101 0.8162 0.8162 165 165
467-1-1-0.05-50-0 1 2391 25 11 121 2 0.9430 0.0504 125 384
467-1-1-0.05-50-0 1 2392 1 8 233 303 0.2520 0.2506 409 303
467-1-1-0.05-50-0 1 2392 36 43 97 97 0.8162 0.8316 165 123
467-1-1-0.05-50-0 1 2392 40 38 43 1 0.9739 0.6163 104 270
467-1-1-0.05-50-0 1 2392 41 11 105 1 0.9621 0.0504 105 384
467-1-1-0.05-50-0 1 2393 36 37 98 118 0.8162 0.8481 165 127
467-1-1-0.05-50-0 1 2393 36 37 98 117 0.8162 0.8481 165 127
467-1-1-0.05-50-0 1 2393 1 1 232 232 0.2520 0.2520 409 409
467-1-1-0.05-50-0 1 2394 19 19 10 10 0.8072 0.8072 134 134
467-1-1-0.05-50-0 1 2394 36 43 100 90 0.8162 0.8316 165 123
467-1-1-0.05-50-0 1 2394 36 26 100 25 0.8162 0.8171 165 141
467-1-1-0.05-50-0 1 2394 1 8 242 303 0.2520 0.2506 409 303
467-1-1-0.05-50-0 1 2394 1 8 242 302 0.2520 0.2506 409 303
467-1-1-0.05-50-0 1 2394 36 43 100 89 0.8162 0.8316 165 123
467-1-1-0.05-50-0 1 2395 36 37 102 121 0.8162 0.8481 165 127
467-1-1-0.05-50-0 1 2395 36 37 102 120 0.8162 0.8481 165 127
467-1-1-0.05-50-0 1 2395 1 1 243 243 0.2520 0.2520 409 409
467-1-1-0.05-50-0 1 2395 20 17 41 1 0.9922 0.6398 102 197
467-1-1-0.05-50-0 1 2396 1 8 252 302 0.2520 0.2506 409 303
467-1-1-0.05-50-0 1 2396 36 43 102 85 0.8162 0.8316 165 123
467-1-1-0.05-50-0 1 2396 1 8 252 301 0.2520 0.2506 409 303
467-1-1-0.05-50-0 1 2396 36 2 102 113 0.8162 0.8198 165 167
467-1-1-0.05-50-0 1 2396 1 8 252 300 0.2520 0.2506 409 303
467-1-1-0.05-50-0 1 2396 20 6 45 1 0.9922 0.4266 102 249
467-1-1-0.05-50-0 1 2396 1 1 252 252 0.2520 0.2520 409 409
467-1-1-0.05-50-0 1 2396 36 36 102 102 0.8162 0.8162 165 165
467-1-1-0.05-50-0 1 2396 1 8 251 299 0.2520 0.2506 409 303
467-1-1-0.05-50-0 1 2396 1 8 251 298 0.2520 0.2506 409 303
467-1-1-0.05-50-0 1 2396 1 8 251 297 0.2520 0.2506 409 303
467-1-1-0.05-50-0 1 2397 36 43 104 86 0.8162 0.8316 165 123
467-1-1-0.05-50-0 1 2397 1 1 249 249 0.2520 0.2520 409 409
467-1-1-0.05-50-0 1 2397 1 1 248 248 0.2520 0.2520 409 409
467-1-1-0.05-50-0 1 2397 19 15 11 1 0.8072 0.7918 134 149
467-1-1-0.05-50-0 1 2397 36 43 104 85 0.8162 0.8316 165 123
467-1-1-0.05-50-0 1 2398 1 1 254 254 0.2520 0.2520 409 409
467-1-1-0.05-50-0 1 2398 1 8 253 300 0.2520 0.2506 409 303
467-1-1-0.05-50-0 1 2398 1 8 253 299 0.2520 0.2506 409 303
467-1-1-0.05-50-0 1 2398 1 1 253 253 0.2520 0.2520 409 409
467-1-1-0.05-50-0 1 2398 1 1 252 252 0.2520 0.2520 409 409
467-1-1-0.05-50-0 1 2398 1 1 251 251 0.2520 0.2520 409 409
467-1-1-0.05-50-0 1 2398 36 26 104 25 0.8162 0.8171 165 141
467-1-1-0.05-50-0 1 2398 36 2 104 116 0.8162 0.8198 165 167
467-1-1-0.05-50-0 1 2398 1 1 250 250 0.2520 0.2520 409 409
467-1-1-0.05-50-0 1 2398 36 2 104 115 0.8162 0.8198 165 167
467-1-1-0.05-50-0 1 2399 36 26 104 25 0.8162 0.8171 165 141
467-1-1-0.05-50-0 1 2399 36 36 104 104 0.8162 0.8162 165 165
467-1-1-0.05-50-0 1 2399 1 8 245 302 0.2520 0.2506 409 303
467-1-1-0.05-50-0 1 2399 1 8 245 301 0.2520 0.2506 409 303
467-1-1-0.05-50-0 1 2399 1 1 245 245 0.2520 0.2520 409 409
467-1-1-0.05-50-0 1 2399 1 8 244 300 0.2520 0.2506 409 303
467-1-1-0.05-50-0 1 2399 36 37 103 127 0.8162 0.8481 165 127
467-1-1-0.05-50-0 1 2399 36 36 103 103 0.8162 0.8162 165 165
467-1-1-0.05-50-0 1 2399 1 8 244 299 0.2520 0.2506 409 303
467-1-1-0.05-50-0 1 2399 2 6 116 1 0.8198 0.4266 167 249
467-1-1-0.05-50-0 1 2399 1 8 244 298 0.2520 0.2506 409 303
467-1-1-0.05-50-0 1 2400 1 1 245 245 0.2520 0.2520 409 409
467-1-1-0.05-50-0 1 2400 1 1 244 244 0.2520 0.2520 409 409
467-1-1-0.05-50-0 1 2400 1 8 243 294 0.2520 0.2506 409 303
467-1-1-0.05-50-0 1 2400 1 8 243 293 0.2520 0.2506 409 303
467-1-1-0.05-50-0 1 2400 1 1 243 243 0.2520 0.2520 409 409
467-1-1-0.05-50-0 1 2400 36 2 107 120 0.8162 0.8198 165 167
467-1-1-0.05-50-0 1 2400 36 43 107 86 0.8162 0.8316 165 123
467-1-1-0.05-50-0 1 2400 1 1 242 242 0.2520 0.2520 409 409
467-1-1-0.05-50-0 1 2400 1 1 241 241 0.2520 0.2520 409 409
467-1-1-0.05-50-0 1 2400 1 1 240 240 0.2520 0.2520 409 409
467-1-1-0.05-50-0 1 2400 41 4 100 2 0.9621 0.0723 105 351
467-1-1-0.05-50-0 1 2400 36 2 107 119 0.8162 0.8198 165 167
467-1-1-0.05-50-0 1 2400 1 8 239 292 0.2520 0.2506 409 303
467-1-1-0.05-50-0 1 2401 19 19 11 11 0.8072 0.8072 134 134
467-1-1-0.05-50-0 1 2401 1 1 239 239 0.2520 0.2520 409 409
467-1-1-0.05-50-0 1 2401 1 8 238 292 0.2520 0.2506 409 303
467-1-1-0.05-50-0 1 2401 1 10 238 3 0.2520 0.2533 409 449
467-1-1-0.05-50-0 1 2401 1 8 238 291 0.2520 0.2506 409 303
467-1-1-0.05-50-0 1 2402 1 1 238 238 0.2520 0.2520 409 409
467-1-1-0.05-50-0 1 2402 36 36 109 109 0.8162 0.8162 165 165
467-1-1-0.05-50-0 1 2402 36 36 108 108 0.8162 0.8162 165 165
467-1-1-0.05-50-0 1 2402 37 50 119 1 0.8481 0.2147 127 147
467-1-1-0.05-50-0 1 2402 1 1 237 237 0.2520 0.2520 409 409
467-1-1-0.05-50-0 1 2402 2 30 123 1 0.8198 0.6008 167 266
467-1-1-0.05-50-0 1 2402 1 1 236 236 0.2520 0.2520 409 409
467-1-1-0.05-50-0 1 2402 36 2 107 123 0.8162 0.8198 165 167
467-1-1-0.05-50-0 1 2403 1 8 235 292 0.2520 0.2506 409 303
467-1-1-0.05-50-0 1 2403 36 36 105 105 0.8162 0.8162 165 165
467-1-1-0.05-50-0 1 2403 26 28 23 2 0.8171 0.3846 141 311
467-1-1-0.05-50-0 1 2403 40 28 41 1 0.9739 0.3846 104 311
467-1-1-0.05-50-0 1 2403 1 8 235 291 0.2520 0.2506 409 303
467-1-1-0.05-50-0 1 2403 19 34 10 1 0.8072 0.7448 134 168
467-1-1-0.05-50-0 1 2403 36 2 104 124 0.8162 0.8198 165 167
467-1-1-0.05-50-0 1 2403 1 8 235 290 0.2520 0.2506 409 303
467-1-1-0.05-50-0 1 2404 36 43 108 88 0.8162 0.8316 165 123
467-1-1-0.05-50-0 1 2404 1 8 233 290 0.2520 0.2506 409 303
467-1-1-0.05-50-0 1 2404 1 1 233 233 0.2520 0.2520 409 409
467-1-1-0.05-50-0 1 2404 1 1 232 232 0.2520 0.2520 409 409
467-1-1-0.05-50-0 1 2404 36 43 108 87 0.8162 0.8316 165 123
467-1-1-0.05-50-0 1 2404 1 8 231 289 0.2520 0.2506 409 303
467-1-1-0.05-50-0 1 2404 1 8 231 288 0.2520 0.2506 409 303
467-1-1-0.05-50-0 1 2404 1 8 231 287 0.2520 0.2506 409 303
467-1-1-0.05-50-0 1 2405 36 2 117 126 0.8162 0.8198 165 167
467-1-1-0.05-50-0 1 2405 1 1 238 238 0.2520 0.2520 409 409
467-1-1-0.05-50-0 1 2405 36 37 117 123 0.8162 0.8481 165 127
467-1-1-0.05-50-0 1 2406 1 1 238 238 0.2520 0.2520 409 409
467-1-1-0.05-50-0 1 2406 37 12 121 1 0.8481 0.1896 127 325
467-1-1-0.05-50-0 1 2406 36 37 120 121 0.8162 0.8481 165 127
467-1-1-0.05-50-0 1 2406 36 37 120 120 0.8162 0.8481 165 127
467-1-1-0.05-50-0 1 2406 2 30 123 1 0.8198 0.6008 167 266
467-1-1-0.05-50-0 1 2406 1 8 237 303 0.2520 0.2506 409 303
467-1-1-0.05-50-0 1 2406 1 1 237 237 0.2520 0.2520 409 409
467-1-1-0.05-50-0 1 2406 2 17 123 1 0.8198 0.6398 167 197
467-1-1-0.05-50-0 1 2406 1 1 236 236 0.2520 0.2520 409 409
467-1-1-0.05-50-0 1 2407 1 1 231 231 0.2520 0.2520 409 409
467-1-1-0.05-50-0 1 2407 1 1 230 230 0.2520 0.2520 409 409
467-1-1-0.05-50-0 1 2407 1 1 229 229 0.2520 0.2520 409 409
467-1-1-0.05-50-0 1 2407 1 1 228 228 0.2520 0.2520 409 409
467-1-1-0.05-50-0 1 2407 36 37 126 119 0.8162 0.8481 165 127
467-1-1-0.05-50-0 1 2408 36 2 128 129 0.8162 0.8198 165 167
467-1-1-0.05-50-0 1 2408 1 1 230 230 0.2520 0.2520 409 409
467-1-1-0.05-50-0 1 2408 1 8 229 303 0.2520 0.2506 409 303
467-1-1-0.05-50-0 1 2408 1 8 229 302 0.2520 0.2506 409 303
467-1-1-0.05-50-0 1 2408 1 8 229 301 0.2520 0.2506 409 303
467-1-1-0.05-50-0 1 2408 1 8 229 300 0.2520 0.2506 409 303
467-1-1-0.05-50-0 1 2408 1 8 229 299 0.2520 0.2506 409 303
467-1-1-0.05-50-0 1 2409 1 8 237 303 0.2520 0.2506 409 303
467-1-1-0.05-50-0 1 2409 1 8 237 302 0.2520 0.2506 409 303
467-1-1-0.05-50-0 1 2409 36 36 133 133 0.8162 0.8162 165 165
467-1-1-0.05-50-0 1 2409 36 36 132 132 0.8162 0.8162 165 165
467-1-1-0.05-50-0 1 2409 1 8 237 301 0.2520 0.2506 409 303
467-1-1-0.05-50-0 1 2410 36 37 127 125 0.8162 0.8481 165 127
467-1-1-0.05-50-0 1 2410 36 2 127 130 0.8162 0.8198 165 167
467-1-1-0.05-50-0 1 2410 1 1 233 233 0.2520 0.2520 409 409
467-1-1-0.05-50-0 1 2410 1 8 232 300 0.2520 0.2506 409 303
467-1-1-0.05-50-0 1 2410 1 1 232 232 0.2520 0.2520 409 409
467-1-1-0.05-50-0 1 2410 1 1 231 231 0.2520 0.2520 409 409
467-1-1-0.05-50-0 1 2410 1 1 230 230 0.2520 0.2520 409 409
467-1-1-0.05-50-0 1 2410 36 37 127 124 0.8162 0.8481 165 127
467-1-1-0.05-50-0 1 2411 1 8 242 298 0.2520 0.2506 409 303
467-1-1-0.05-50-0 1 2411 1 1 242 242 0.2520 0.2520 409 409
467-1-1-0.05-50-0 1 2411 1 1 241 241 0.2520 0.2520 409 409
467-1-1-0.05-50-0 1 2411 2 44 123 3 0.8198 0.7034 167 118
467-1-1-0.05-50-0 1 2411 36 36 129 129 0.8162 0.8162 165 165
467-1-1-0.05-50-0 1 2411 36 2 128 123 0.8162 0.8198 165 167
467-1-1-0.05-50-0 1 2411 25 35 109 1 0.9430 0.0354 125 158
467-1-1-0.05-50-0 1 2411 36 19 128 8 0.8162 0.8072 165 134
467-1-1-0.05-50-0 1 2411 1 8 240 297 0.2520 0.2506 409 303
467-1-1-0.05-50-0 1 2411 36 37 128 124 0.8162 0.8481 165 127
467-1-1-0.05-50-0 1 2411 36 2 128 122 0.8162 0.8198 165 167
467-1-1-0.05-50-0 1 2412 20 30 52 1 0.9922 0.6008 102 266
467-1-1-0.05-50-0 1 2412 1 8 245 290 0.2520 0.2506 409 303
467-1-1-0.05-50-0 1 2412 36 37 127 127 0.8162 0.8481 165 127
467-1-1-0.05-50-0 1 2412 36 43 127 85 0.8162 0.8316 165 123
467-1-1-0.05-50-0 1 2412 37 23 126 2 0.8481 0.1698 127 476
467-1-1-0.05-50-0 1 2413 36 2 124 120 0.8162 0.8198 165 167
467-1-1-0.05-50-0 1 2413 1 8 248 286 0.2520 0.2506 409 303
467-1-1-0.05-50-0 1 2413 1 8 248 285 0.2520 0.2506 409 303
467-1-1-0.05-50-0 1 2413 40 44 48 2 0.9739 0.7034 104 118
467-1-1-0.05-50-0 1 2413 36 36 124 124 0.8162 0.8162 165 165
467-1-1-0.05-50-0 1 2413 36 36 123 123 0.8162 0.8162 165 165
467-1-1-0.05-50-0 1 2413 36 36 122 122 0.8162 0.8162 165 165
467-1-1-0.05-50-0 1 2414 37 23 123 1 0.8481 0.1698 127 476
467-1-1-0.05-50-0 1 2414 36 36 118 118 0.8162 0.8162 165 165
467-1-1-0.05-50-0 1 2414 36 2 117 124 0.8162 0.8198 165 167
467-1-1-0.05-50-0 1 2414 36 37 117 123 0.8162 0.8481 165 127
467-1-1-0.05-50-0 1 2414 1 8 249 292 0.2520 0.2506 409 303
467-1-1-0.05-50-0 1 2414 1 1 249 249 0.2520 0.2520 409 409
467-1-1-0.05-50-0 1 2415 36 36 117 117 0.8162 0.8162 165 165
467-1-1-0.05-50-0 1 2415 36 26 116 24 0.8162 0.8171 165 141
467-1-1-0.05-50-0 1 2415 36 2 116 126 0.8162 0.8198 165 167
467-1-1-0.05-50-0 1 2415 1 1 250 250 0.2520 0.2520 409 409
467-1-1-0.05-50-0 1 2415 1 8 249 296 0.2520 0.2506 409 303
467-1-1-0.05-50-0 1 2415 1 8 249 295 0.2520 0.2506 409 303
467-1-1-0.05-50-0 1 2415 1 1 249 249 0.2520 0.2520 409 409
467-1-1-0.05-50-0 1 2415 1 1 248 248 0.2520 0.2520 409 409
467-1-1-0.05-50-0 1 2415 1 8 247 294 0.2520 0.2506 409 303
467-1-1-0.05-50-0 1 2415 1 8 247 293 0.2520 0.2506 409 303
467-1-1-0.05-50-0 1 2416 36 43 111 94 0.8162 0.8316 165 123
467-1-1-0.05-50-0 1 2416 1 8 246 294 0.2520 0.2506 409 303
467-1-1-0.05-50-0 1 2416 1 8 246 293 0.2520 0.2506 409 303
467-1-1-0.05-50-0 1 2416 36 37 111 125 0.8162 0.8481 165 127
467-1-1-0.05-50-0 1 2416 1 1 246 246 0.2520 0.2520 409 409
467-1-1-0.05-50-0 1 2416 1 8 245 292 0.2520 0.2506 409 303
467-1-1-0.05-50-0 1 2416 1 1 245 245 0.2520 0.2520 409 409
467-1-1-0.05-50-0 1 2416 1 8 244 291 0.2520 0.2506 409 303
467-1-1-0.05-50-0 1 2417 1 1 251 251 0.2520 0.2520 409 409
467-1-1-0.05-50-0 1 2417 36 36 108 108 0.8162 0.8162 165 165
467-1-1-0.05-50-0 1 2417 1 8 250 289 0.2520 0.2506 409 303
467-1-1-0.05-50-0 1 2417 1 8 250 288 0.2520 0.2506 409 303
467-1-1-0.05-50-0 1 2417 36 37 107 124 0.8162 0.8481 165 127
467-1-1-0.05-50-0 1 2417 1 8 250 287 0.2520 0.2506 409 303
467-1-1-0.05-50-0 1 2417 36 2 107 124 0.8162 0.8198 165 167
467-1-1-0.05-50-0 1 2418 1 8 256 281 0.2520 0.2506 409 303
467-1-1-0.05-50-0 1 2418 1 1 256 256 0.2520 0.2520 409 409
467-1-1-0.05-50-0 1 2418 36 36 104 104 0.8162 0.8162 165 165
467-1-1-0.05-50-0 1 2418 1 1 255 255 0.2520 0.2520 409 409
467-1-1-0.05-50-0 1 2418 1 8 254 280 0.2520 0.2506 409 303
467-1-1-0.05-50-0 1 2418 1 8 254 279 0.2520 0.2506 409 303
467-1-1-0.05-50-0 1 2418 1 8 254 278 0.2520 0.2506 409 303
467-1-1-0.05-50-0 1 2419 36 43 105 91 0.8162 0.8316 165 123
467-1-1-0.05-50-0 1 2419 20 30 61 1 0.9922 0.6008 102 266
467-1-1-0.05-50-0 1 2419 1 8 253 276 0.2520 0.2506 409 303
467-1-1-0.05-50-0 1 2419 36 2 105 120 0.8162 0.8198 165 167
467-1-1-0.05-50-0 1 2419 1 8 253 275 0.2520 0.2506 409 303
467-1-1-0.05-50-0 1 2419 36 36 105 105 0.8162 0.8162 165 165
467-1-1-0.05-50-0 1 2419 1 8 253 274 0.2520 0.2506 409 303
467-1-1-0.05-50-0 1 2419 36 43 104 90 0.8162 0.8316 165 123
467-1-1-0.05-50-0 1 2420 36 2 101 117 0.8162 0.8198 165 167
467-1-1-0.05-50-0 1 2420 1 8 252 277 0.2520 0.2506 409 303
467-1-1-0.05-50-0 1 2420 25 35 109 1 0.9430 0.0354 125 158
467-1-1-0.05-50-0 1 2420 1 8 252 276 0.2520 0.2506 409 303
467-1-1-0.05-50-0 1 2420 1 8 252 275 0.2520 0.2506 409 303
467-1-1-0.05-50-0 1 2420 1 8 252 274 0.2520 0.2506 409 303
467-1-1-0.05-50-0 1 2420 1 8 252 273 0.2520 0.2506 409 303
467-1-1-0.05-50-0 1 2420 34 27 2 149 0.7448 0.0776 168 149
467-1-1-0.05-50-0 1 2420 36 37 101 123 0.8162 0.8481 165 127
467-1-1-0.05-50-0 1 2421 36 2 99 118 0.8162 0.8198 165 167
467-1-1-0.05-50-0 1 2421 41 4 102 1 0.9621 0.0723 105 351
467-1-1-0.05-50-0 1 2421 36 2 99 117 0.8162 0.8198 165 167
467-1-1-0.05-50-0 1 2421 1 1 254 254 0.2520 0.2520 409 409
467-1-1-0.05-50-0 1 2421 1 1 253 253 0.2520 0.2520 409 409
467-1-1-0.05-50-0 1 2421 36 37 99 124 0.8162 0.8481 165 127
467-1-1-0.05-50-0 1 2421 1 1 252 252 0.2520 0.2520 409 409
467-1-1-0.05-50-0 1 2421 20 21 59 1 0.9922 0.4184 102 158
467-1-1-0.05-50-0 1 2421 1 1 251 251 0.2520 0.2520 409 409
467-1-1-0.05-50-0 1 2422 1 8 252 268 0.2520 0.2506 409 303
467-1-1-0.05-50-0 1 2422 1 1 252 252 0.2520 0.2520 409 409
467-1-1-0.05-50-0 1 2422 36 43 97 89 0.8162 0.8316 165 123
467-1-1-0.05-50-0 1 2422 36 26 97 22 0.8162 0.8171 165 141
467-1-1-0.05-50-0 1 2422 1 1 251 251 0.2520 0.2520 409 409
467-1-1-0.05-50-0 1 2422 1 8 250 267 0.2520 0.2506 409 303
467-1-1-0.05-50-0 1 2422 1 1 250 250 0.2520 0.2520 409 409
467-1-1-0.05-50-0 1 2422 1 1 249 249 0.2520 0.2520 409 409
467-1-1-0.05-50-0 1 2423 1 1 253 253 0.2520 0.2520 409 409
467-1-1-0.05-50-0 1 2423 36 2 96 121 0.8162 0.8198 165 167
467-1-1-0.05-50-0 1 2423 1 8 252 264 0.2520 0.2506 409 303
467-1-1-0.05-50-0 1 2423 1 1 252 252 0.2520 0.2520 409 409
467-1-1-0.05-50-0 1 2423 36 43 96 90 0.8162 0.8316 165 123
467-1-1-0.05-50-0 1 2423 1 1 251 251 0.2520 0.2520 409 409
467-1-1-0.05-50-0 1 2424 1 8 253 265 0.2520 0.2506 409 303
467-1-1-0.05-50-0 1 2424 37 50 127 1 0.8481 0.2147 127 147
467-1-1-0.05-50-0 1 2424 1 1 253 253 0.2520 0.2520 409 409
467-1-1-0.05-50-0 1 2424 1 1 252 252 0.2520 0.2520 409 409
467-1-1-0.05-50-0 1 2424 10 27 8 146 0.2533 0.0776 449 149
467-1-1-0.05-50-0 1 2424 36 43 93 92 0.8162 0.8316 165 123
467-1-1-0.05-50-0 1 2424 36 2 93 118 0.8162 0.8198 165 167
467-1-1-0.05-50-0 1 2425 36 43 95 88 0.8162 0.8316 165 123
467-1-1-0.05-50-0 1 2425 36 43 95 87 0.8162 0.8316 165 123
467-1-1-0.05-50-0 1 2425 1 1 251 251 0.2520 0.2520 409 409
467-1-1-0.05-50-0 1 2425 1 1 250 250 0.2520 0.2520 409 409
467-1-1-0.05-50-0 1 2425 1 1 249 249 0.2520 0.2520 409 409
467-1-1-0.05-50-0 1 2426 1 1 248 248 0.2520 0.2520 409 409
467-1-1-0.05-50-0 1 2426 1 1 247 247 0.2520 0.2520 409 409
467-1-1-0.05-50-0 1 2426 20 46 60 1 0.9922 0.3451 102 327
467-1-1-0.05-50-0 1 2426 1 8 246 272 0.2520 0.2506 409 303
467-1-1-0.05-50-0 1 2426 1 8 246 271 0.2520 0.2506 409 303
467-1-1-0.05-50-0 1 2426 37 18 124 1 0.8481 0.2181 127 226
467-1-1-0.05-50-0 1 2426 40 15 51 1 0.9739 0.7918 104 149
467-1-1-0.05-50-0 1 2426 36 2 98 121 0.8162 0.8198 165 167
467-1-1-0.05-50-0 1 2426 37 24 124 1 0.8481 0.1940 127 254
467-1-1-0.05-50-0 1 2427 1 1 240 240 0.2520 0.2520 409 409
467-1-1-0.05-50-0 1 2427 36 37 101 127 0.8162 0.8481 165 127
467-1-1-0.05-50-0 1 2427 36 34 101 1 0.8162 0.7448 165 168
467-1-1-0.05-50-0 1 2427 1 8 239 273 0.2520 0.2506 409 303
467-1-1-0.05-50-0 1 2428 36 2 110 121 0.8162 0.8198 165 167
467-1-1-0.05-50-0 1 2428 36 37 110 125 0.8162 0.8481 165 127
467-1-1-0.05-50-0 1 2428 36 2 110 120 0.8162 0.8198 165 167
467-1-1-0.05-50-0 1 2428 1 1 240 240 0.2520 0.2520 409 409
467-1-1-0.05-50-0 1 2428 1 1 239 239 0.2520 0.2520 409 409
467-1-1-0.05-50-0 1 2428 36 36 110 110 0.8162 0.8162 165 165
467-1-1-0.05-50-0 1 2429 36 36 108 108 0.8162 0.8162 165 165
467-1-1-0.05-50-0 1 2429 1 1 231 231 0.2520 0.2520 409 409
467-1-1-0.05-50-0 1 2429 1 1 230 230 0.2520 0.2520 409 409
467-1-1-0.05-50-0 1 2429 1 8 229 267 0.2520 0.2506 409 303
467-1-1-0.05-50-0 1 2429 36 2 107 120 0.8162 0.8198 165 167
467-1-1-0.05-50-0 1 2429 36 36 107 107 0.8162 0.8162 165 165
467-1-1-0.05-50-0 1 2429 1 1 229 229 0.2520 0.2520 409 409
467-1-1-0.05-50-0 1 2430 1 1 227 227 0.2520 0.2520 409 409
467-1-1-0.05-50-0 1 2430 1 8 226 273 0.2520 0.2506 409 303
467-1-1-0.05-50-0 1 2430 1 1 226 226 0.2520 0.2520 409 409
467-1-1-0.05-50-0 1 2430 1 8 225 272 0.2520 0.2506 409 303
467-1-1-0.05-50-0 1 2430 1 1 225 225 0.2520 0.2520 409 409
467-1-1-0.05-50-0 1 2430 1 8 224 271 0.2520 0.2506 409 303
467-1-1-0.05-50-0 1 2430 36 2 108 124 0.8162 0.8198 165 167
467-1-1-0.05-50-0 1 2430 10 27 10 143 0.2533 0.0776 449 149
467-1-1-0.05-50-0 1 2430 1 1 224 224 0.2520 0.2520 409 409
467-1-1-0.05-50-0 1 2430 1 8 223 270 0.2520 0.2506 409 303
467-1-1-0.05-50-0 1 2431 1 1 226 226 0.2520 0.2520 409 409
467-1-1-0.05-50-0 1 2431 1 8 225 276 0.2520 0.2506 409 303
467-1-1-0.05-50-0 1 2431 1 8 225 275 0.2520 0.2506 409 303
467-1-1-0.05-50-0 1 2431 36 37 109 127 0.8162 0.8481 165 127
467-1-1-0.05-50-0 1 2431 36 37 109 126 0.8162 0.8481 165 127
467-1-1-0.05-50-0 1 2431 1 1 225 225 0.2520 0.2520 409 409
467-1-1-0.05-50-0 1 2431 1 8 224 274 0.2520 0.2506 409 303
467-1-1-0.05-50-0 1 2431 1 8 224 273 0.2520 0.2506 409 303
467-1-1-0.05-50-0 1 2431 36 26 109 26 0.8162 0.8171 165 141
467-1-1-0.05-50-0 1 2431 36 2 109 127 0.8162 0.8198 165 167
467-1-1-0.05-50-0 1 2431 1 8 224 272 0.2520 0.2506 409 303
467-1-1-0.05-50-0 1 2432 1 8 232 272 0.2520 0.2506 409 303
467-1-1-0.05-50-0 1 2432 1 8 232 271 0.2520 0.2506 409 303
467-1-1-0.05-50-0 1 2432 10 27 10 141 0.2533 0.0776 449 149
467-1-1-0.05-50-0 1 2432 1 1 232 232 0.2520 0.2520 409 409
467-1-1-0.05-50-0 1 2433 1 1 232 232 0.2520 0.2520 409 409
467-1-1-0.05-50-0 1 2433 1 8 231 281 0.2520 0.2506 409 303
467-1-1-0.05-50-0 1 2433 36 2 114 121 0.8162 0.8198 165 167
467-1-1-0.05-50-0 1 2433 1 10 231 11 0.2520 0.2533 409 449
467-1-1-0.05-50-0 1 2433 36 37 114 127 0.8162 0.8481 165 127
467-1-1-0.05-50-0 1 2433 1 1 231 231 0.2520 0.2520 409 409
467-1-1-0.05-50-0 1 2433 2 9 120 1 0.8198 0.6134 167 161
467-1-1-0.05-50-0 1 2433 1 1 230 230 0.2520 0.2520 409 409
467-1-1-0.05-50-0 1 2433 25 11 104 1 0.9430 0.0504 125 384
467-1-1-0.05-50-0 1 2434 1 8 231 282 0.2520 0.2506 409 303
467-1-1-0.05-50-0 1 2434 1 1 231 231 0.2520 0.2520 409 409
467-1-1-0.05-50-0 1 2434 36 37 115 126 0.8162 0.8481 165 127
467-1-1-0.05-50-0 1 2434 36 2 115 123 0.8162 0.8198 165 167
467-1-1-0.05-50-0 1 2434 36 43 115 86 0.8162 0.8316 165 123
467-1-1-0.05-50-0 1 2434 1 8 230 281 0.2520 0.2506 409 303
467-1-1-0.05-50-0 1 2434 1 1 230 230 0.2520 0.2520 409 409
467-1-1-0.05-50-0 1 2435 1 1 231 231 0.2520 0.2520 409 409
467-1-1-0.05-50-0 1 2435 1 1 230 230 0.2520 0.2520 409 409
467-1-1-0.05-50-0 1 2435 1 8 229 285 0.2520 0.2506 409 303
467-1-1-0.05-50-0 1 2435 1 8 229 284 0.2520 0.2506 409 303
467-1-1-0.05-50-0 1 2435 36 26 112 20 0.8162 0.8171 165 141
467-1-1-0.05-50-0 1 2435 1 8 229 283 0.2520 0.2506 409 303
467-1-1-0.05-50-0 1 2435 36 2 112 120 0.8162 0.8198 165 167
467-1-1-0.05-50-0 1 2435 36 36 112 112 0.8162 0.8162 165 165
467-1-1-0.05-50-0 1 2436 1 8 232 293 0.2520 0.2506 409 303
467-1-1-0.05-50-0 1 2436 1 8 232 292 0.2520 0.2506 409 303
467-1-1-0.05-50-0 1 2436 36 37 114 122 0.8162 0.8481 165 127
467-1-1-0.05-50-0 1 2436 1 1 232 232 0.2520 0.2520 409 409
467-1-1-0.05-50-0 1 2436 36 26 114 19 0.8162 0.8171 165 141
467-1-1-0.05-50-0 1 2436 1 1 231 231 0.2520 0.2520 409 409
467-1-1-0.05-50-0 1 2436 1 8 230 291 0.2520 0.2506 409 303
467-1-1-0.05-50-0 1 2437 1 8 228 292 0.2520 0.2506 409 303
467-1-1-0.05-50-0 1 2437 36 2 115 129 0.8162 0.8198 165 167
467-1-1-0.05-50-0 1 2437 1 1 228 228 0.2520 0.2520 409 409
467-1-1-0.05-50-0 1 2437 1 8 227 291 0.2520 0.2506 409 303
467-1-1-0.05-50-0 1 2437 2 3 128 1 0.8198 0.4813 167 321
467-1-1-0.05-50-0 1 2437 36 2 115 128 0.8162 0.8198 165 167
467-1-1-0.05-50-0 1 2437 1 8 227 290 0.2520 0.2506 409 303
467-1-1-0.05-50-0 1 2438 1 8 225 292 0.2520 0.2506 409 303
467-1-1-0.05-50-0 1 2438 37 12 121 1 0.8481 0.1896 127 325
467-1-1-0.05-50-0 1 2438 1 1 225 225 0.2520 0.2520 409 409
467-1-1-0.05-50-0 1 2438 1 1 224 224 0.2520 0.2520 409 409
467-1-1-0.05-50-0 1 2438 1 8 223 291 0.2520 0.2506 409 303
467-1-1-0.05-50-0 1 2439 2 31 135 2 0.8198 0.5626 167 252
467-1-1-0.05-50-0 1 2439 1 1 227 227 0.2520 0.2520 409 409
467-1-1-0.05-50-0 1 2439 36 26 112 21 0.8162 0.8171 165 141
467-1-1-0.05-50-0 1 2439 1 8 226 287 0.2520 0.2506 409 303
467-1-1-0.05-50-0 1 2439 10 27 17 145 0.2533 0.0776 449 149
467-1-1-0.05-50-0 1 2439 36 2 112 135 0.8162 0.8198 165 167
467-1-1-0.05-50-0 1 2439 1 8 226 286 0.2520 0.2506 409 303
467-1-1-0.05-50-0 1 2440 36 2 112 136 0.8162 0.8198 165 167
467-1-1-0.05-50-0 1 2440 36 2 112 135 0.8162 0.8198 165 167
467-1-1-0.05-50-0 1 2440 36 2 112 134 0.8162 0.8198 165 167
467-1-1-0.05-50-0 1 2440 2 9 133 1 0.8198 0.6134 167 161
467-1-1-0.05-50-0 1 2440 36 37 112 118 0.8162 0.8481 165 127
467-1-1-0.05-50-0 1 2440 1 8 220 288 0.2520 0.2506 409 303
467-1-1-0.05-50-0 1 2440 1 1 220 220 0.2520 0.2520 409 409
467-1-1-0.05-50-0 1 2440 36 36 112 112 0.8162 0.8162 165 165
467-1-1-0.05-50-0 1 2440 36 43 111 87 0.8162 0.8316 165 123
467-1-1-0.05-50-0 1 2440 1 8 219 287 0.2520 0.2506 409 303
467-1-1-0.05-50-0 1 2440 1 8 219 286 0.2520 0.2506 409 303
467-1-1-0.05-50-0 1 2441 1 8 216 289 0.2520 0.2506 409 303
467-1-1-0.05-50-0 1 2441 36 37 115 115 0.8162 0.8481 165 127
467-1-1-0.05-50-0 1 2441 1 8 216 288 0.2520 0.2506 409 303
467-1-1-0.05-50-0 1 2441 36 37 115 114 0.8162 0.8481 165 127
467-1-1-0.05-50-0 1 2441 7 3 102 1 0.9267 0.4813 106 321
467-1-1-0.05-50-0 1 2441 1 10 216 18 0.2520 0.2533 409 449
467-1-1-0.05-50-0 1 2442 1 8 218 290 0.2520 0.2506 409 303
467-1-1-0.05-50-0 1 2442 36 36 117 117 0.8162 0.8162 165 165
467-1-1-0.05-50-0 1 2443 1 1 218 218 0.2520 0.2520 409 409
467-1-1-0.05-50-0 1 2443 1 1 217 217 0.2520 0.2520 409 409
467-1-1-0.05-50-0 1 2443 36 2 119 135 0.8162 0.8198 165 167
467-1-1-0.05-50-0 1 2443 1 1 216 216 0.2520 0.2520 409 409
467-1-1-0.05-50-0 1 2443 1 1 215 215 0.2520 0.2520 409 409
467-1-1-0.05-50-0 1 2443 36 36 119 119 0.8162 0.8162 165 165
467-1-1-0.05-50-0 1 2444 1 8 217 295 0.2520 0.2506 409 303
467-1-1-0.05-50-0 1 2444 1 8 217 294 0.2520 0.2506 409 303
467-1-1-0.05-50-0 1 2444 36 2 119 131 0.8162 0.8198 165 167
467-1-1-0.05-50-0 1 2444 36 26 119 22 0.8162 0.8171 165 141
467-1-1-0.05-50-0 1 2444 1 8 217 293 0.2520 0.2506 409 303
467-1-1-0.05-50-0 1 2444 1 8 217 292 0.2520 0.2506 409 303
467-1-1-0.05-50-0 1 2444 1 8 217 291 0.2520 0.2506 409 303
467-1-1-0.05-50-0 1 2444 1 1 217 217 0.2520 0.2520 409 409
467-1-1-0.05-50-0 1 2445 1 8 223 291 0.2520 0.2506 409 303
467-1-1-0.05-50-0 1 2445 1 8 223 290 0.2520 0.2506 409 303
467-1-1-0.05-50-0 1 2445 1 8 223 289 0.2520 0.2506 409 303
467-1-1-0.05-50-0 1 2445 10 27 19 149 0.2533 0.0776 449 149
467-1-1-0.05-50-0 1 2445 1 23 223 1 0.2520 0.1698 409 476
467-1-1-0.05-50-0 1 2445 40 3 42 1 0.9739 0.4813 104 321
467-1-1-0.05-50-0 1 2445 1 1 223 223 0.2520 0.2520 409 409
467-1-1-0.05-50-0 1 2446 1 8 224 293 0.2520 0.2506 409 303
467-1-1-0.05-50-0 1 2446 1 8 224 292 0.2520 0.2506 409 303
467-1-1-0.05-50-0 1 2446 43 49 90 3 0.8316 0.1842 123 136
467-1-1-0.05-50-0 1 2446 1 8 224 291 0.2520 0.2506 409 303
467-1-1-0.05-50-0 1 2446 10 27 20 149 0.2533 0.0776 449 149
467-1-1-0.05-50-0 1 2446 36 36 119 119 0.8162 0.8162 165 165
467-1-1-0.05-50-0 1 2446 1 8 224 290 0.2520 0.2506 409 303
467-1-1-0.05-50-0 1 2446 36 2 118 132 0.8162 0.8198 165 167
467-1-1-0.05-50-0 1 2446 1 8 224 289 0.2520 0.2506 409 303
467-1-1-0.05-50-0 1 2446 1 1 224 224 0.2520 0.2520 409 409
467-1-1-0.05-50-0 1 2446 36 37 118 108 0.8162 0.8481 165 127
467-1-1-0.05-50-0 1 2447 37 16 103 2 0.8481 0.2228 127 149
467-1-1-0.05-50-0 1 2447 36 36 116 116 0.8162 0.8162 165 165
467-1-1-0.05-50-0 1 2447 1 8 223 289 0.2520 0.2506 409 303
467-1-1-0.05-50-0 1 2447 36 43 115 93 0.8162 0.8316 165 123
467-1-1-0.05-50-0 1 2447 1 8 223 288 0.2520 0.2506 409 303
467-1-1-0.05-50-0 1 2447 36 2 115 137 0.8162 0.8198 165 167
467-1-1-0.05-50-0 1 2448 1 8 225 292 0.2520 0.2506 409 303
467-1-1-0.05-50-0 1 2448 1 8 225 291 0.2520 0.2506 409 303
467-1-1-0.05-50-0 1 2448 2 29 137 1 0.8198 0.6728 167 177
467-1-1-0.05-50-0 1 2448 1 1 225 225 0.2520 0.2520 409 409
467-1-1-0.05-50-0 1 2448 1 1 224 224 0.2520 0.2520 409 409
467-1-1-0.05-50-0 1 2448 10 27 21 149 0.2533 0.0776 449 149
467-1-1-0.05-50-0 1 2449 19 19 7 7 0.8072 0.8072 134 134
467-1-1-0.05-50-0 1 2449 1 1 224 224 0.2520 0.2520 409 409
467-1-1-0.05-50-0 1 2449 36 43 124 96 0.8162 0.8316 165 123
467-1-1-0.05-50-0 1 2450 1 8 226 289 0.2520 0.2506 409 303
467-1-1-0.05-50-0 1 2450 36 36 130 130 0.8162 0.8162 165 165
467-1-1-0.05-50-0 1 2450 36 37 129 104 0.8162 0.8481 165 127
467-1-1-0.05-50-0 1 2450 36 43 129 91 0.8162 0.8316 165 123
467-1-1-0.05-50-0 1 2450 36 37 129 103 0.8162 0.8481 165 127
467-1-1-0.05-50-0 1 2450 1 1 226 226 0.2520 0.2520 409 409
467-1-1-0.05-50-0 1 2450 43 24 90 1 0.8316 0.1940 123 254
467-1-1-0.05-50-0 1 2450 1 8 225 288 0.2520 0.2506 409 303
467-1-1-0.05-50-0 1 2450 1 8 225 287 0.2520 0.2506 409 303
467-1-1-0.05-50-0 1 2451 1 8 231 288 0.2520 0.2506 409 303
467-1-1-0.05-50-0 1 2451 36 43 133 87 0.8162 0.8316 165 123
467-1-1-0.05-50-0 1 2451 1 1 231 231 0.2520 0.2520 409 409
467-1-1-0.05-50-0 1 2451 36 37 133 106 0.8162 0.8481 165 127
467-1-1-0.05-50-0 1 2451 7 31 106 1 0.9267 0.5626 106 252
467-1-1-0.05-50-0 1 2451 1 1 230 230 0.2520 0.2520 409 409
467-1-1-0.05-50-0 1 2451 36 37 133 105 0.8162 0.8481 165 127
467-1-1-0.05-50-0 1 2451 36 2 133 153 0.8162 0.8198 165 167
467-1-1-0.05-50-0 1 2451 43 49 86 3 0.8316 0.1842 123 136
467-1-1-0.05-50-0 1 2451 36 36 133 133 0.8162 0.8162 165 165
467-1-1-0.05-50-0 1 2451 1 8 229 287 0.2520 0.2506 409 303
467-1-1-0.05-50-0 1 2451 1 8 229 286 0.2520 0.2506 409 303
467-1-1-0.05-50-0 1 2451 36 2 132 152 0.8162 0.8198 165 167
467-1-1-0.05-50-0 1 2451 1 1 229 229 0.2520 0.2520 409 409
467-1-1-0.05-50-0 1 2452 1 8 234 291 0.2520 0.2506 409 303
467-1-1-0.05-50-0 1 2452 43 49 84 1 0.8316 0.1842 123 136
467-1-1-0.05-50-0 1 2452 37 16 103 1 0.8481 0.2228 127 149
467-1-1-0.05-50-0 1 2452 36 36 135 135 0.8162 0.8162 165 165
467-1-1-0.05-50-0 1 2453 36 37 137 104 0.8162 0.8481 165 127
467-1-1-0.05-50-0 1 2453 36 37 137 103 0.8162 0.8481 165 127
467-1-1-0.05-50-0 1 2453 26 6 27 1 0.8171 0.4266 141 249
467-1-1-0.05-50-0 1 2453 1 8 243 299 0.2520 0.2506 409 303
467-1-1-0.05-50-0 1 2453 1 8 243 298 0.2520 0.2506 409 303
467-1-1-0.05-50-0 1 2453 36 36 137 137 0.8162 0.8162 165 165
467-1-1-0.05-50-0 1 2453 1 1 243 243 0.2520 0.2520 409 409
467-1-1-0.05-50-0 1 2453 1 8 242 297 0.2520 0.2506 409 303
467-1-1-0.05-50-0 1 2453 1 8 242 296 0.2520 0.2506 409 303
467-1-1-0.05-50-0 1 2453 36 43 136 85 0.8162 0.8316 165 123
467-1-1-0.05-50-0 1 2453 1 8 242 295 0.2520 0.2506 409 303
467-1-1-0.05-50-0 1 2454 36 2 139 148 0.8162 0.8198 165 167
467-1-1-0.05-50-0 1 2454 1 8 246 303 0.2520 0.2506 409 303
467-1-1-0.05-50-0 1 2454 1 1 246 246 0.2520 0.2520 409 409
467-1-1-0.05-50-0 1 2454 36 37 139 103 0.8162 0.8481 165 127
467-1-1-0.05-50-0 1 2454 1 1 245 245 0.2520 0.2520 409 409
467-1-1-0.05-50-0 1 2454 1 8 244 302 0.2520 0.2506 409 303
467-1-1-0.05-50-0 1 2454 1 8 244 301 0.2520 0.2506 409 303
467-1-1-0.05-50-0 1 2455 1 1 245 245 0.2520 0.2520 409 409
467-1-1-0.05-50-0 1 2455 1 8 244 300 0.2520 0.2506 409 303
467-1-1-0.05-50-0 1 2455 41 4 105 2 0.9621 0.0723 105 351
467-1-1-0.05-50-0 1 2455 1 8 244 299 0.2520 0.2506 409 303
467-1-1-0.05-50-0 1 2455 1 8 244 298 0.2520 0.2506 409 303
467-1-1-0.05-50-0 1 2455 37 24 103 1 0.8481 0.1940 127 254
467-1-1-0.05-50-0 1 2455 1 8 244 297 0.2520 0.2506 409 303
467-1-1-0.05-50-0 1 2455 1 1 244 244 0.2520 0.2520 409 409
467-1-1-0.05-50-0 1 2455 1 1 243 243 0.2520 0.2520 409 409
467-1-1-0.05-50-0 1 2456 1 1 240 240 0.2520 0.2520 409 409
467-1-1-0.05-50-0 1 2456 1 8 239 298 0.2520 0.2506 409 303
467-1-1-0.05-50-0 1 2456 1 10 239 20 0.2520 0.2533 409 449
467-1-1-0.05-50-0 1 2456 36 26 141 29 0.8162 0.8171 165 141
467-1-1-0.05-50-0 1 2456 36 26 141 28 0.8162 0.8171 165 141
467-1-1-0.05-50-0 1 2456 36 43 141 83 0.8162 0.8316 165 123
467-1-1-0.05-50-0 1 2456 1 8 239 297 0.2520 0.2506 409 303
467-1-1-0.05-50-0 1 2456 1 1 239 239 0.2520 0.2520 409 409
467-1-1-0.05-50-0 1 2456 26 45 27 1 0.8171 0.3816 141 173
467-1-1-0.05-50-0 1 2456 36 43 141 82 0.8162 0.8316 165 123
467-1-1-0.05-50-0 1 2456 36 37 141 103 0.8162 0.8481 165 127
467-1-1-0.05-50-0 1 2456 1 1 238 238 0.2520 0.2520 409 409
467-1-1-0.05-50-0 1 2456 1 8 237 296 0.2520 0.2506 409 303
467-1-1-0.05-50-0 1 2457 36 2 142 146 0.8162 0.8198 165 167
467-1-1-0.05-50-0 1 2457 1 8 238 295 0.2520 0.2506 409 303
467-1-1-0.05-50-0 1 2457 1 8 238 294 0.2520 0.2506 409 303
467-1-1-0.05-50-0 1 2457 36 2 142 145 0.8162 0.8198 165 167
467-1-1-0.05-50-0 1 2457 1 8 238 293 0.2520 0.2506 409 303
467-1-1-0.05-50-0 1 2457 10 27 18 149 0.2533 0.0776 449 149
467-1-1-0.05-50-0 1 2457 43 12 81 1 0.8316 0.1896 123 325
467-1-1-0.05-50-0 1 2457 1 1 238 238 0.2520 0.2520 409 409
467-1-1-0.05-50-0 1 2457 20 6 45 1 0.9922 0.4266 102 249
467-1-1-0.05-50-0 1 2457 36 36 142 142 0.8162 0.8162 165 165
467-1-1-0.05-50-0 1 2458 1 8 233 290 0.2520 0.2506 409 303
467-1-1-0.05-50-0 1 2458 36 2 141 144 0.8162 0.8198 165 167
467-1-1-0.05-50-0 1 2458 1 1 233 233 0.2520 0.2520 409 409
467-1-1-0.05-50-0 1 2458 1 1 232 232 0.2520 0.2520 409 409
467-1-1-0.05-50-0 1 2459 36 26 141 27 0.8162 0.8171 165 141
467-1-1-0.05-50-0 1 2459 1 1 230 230 0.2520 0.2520 409 409
467-1-1-0.05-50-0 1 2459 1 1 229 229 0.2520 0.2520 409 409
467-1-1-0.05-50-0 1 2459 36 36 141 141 0.8162 0.8162 165 165
467-1-1-0.05-50-0 1 2460 1 1 229 229 0.2520 0.2520 409 409
467-1-1-0.05-50-0 1 2460 1 1 228 228 0.2520 0.2520 409 409
467-1-1-0.05-50-0 1 2460 19 19 8 8 0.8072 0.8072 134 134
467-1-1-0.05-50-0 1 2460 36 37 143 97 0.8162 0.8481 165 127
467-1-1-0.05-50-0 1 2460 1 1 227 227 0.2520 0.2520 409 409
467-1-1-0.05-50-0 1 2460 36 43 143 80 0.8162 0.8316 165 123
467-1-1-0.05-50-0 1 2460 36 37 143 96 0.8162 0.8481 165 127
467-1-1-0.05-50-0 1 2460 37 12 95 1 0.8481 0.1896 127 325
467-1-1-0.05-50-0 1 2461 36 43 142 76 0.8162 0.8316 165 123
467-1-1-0.05-50-0 1 2461 36 26 142 25 0.8162 0.8171 165 141
467-1-1-0.05-50-0 1 2461 1 1 226 226 0.2520 0.2520 409 409
467-1-1-0.05-50-0 1 2461 1 8 225 302 0.2520 0.2506 409 303
467-1-1-0.05-50-0 1 2461 36 36 142 142 0.8162 0.8162 165 165
467-1-1-0.05-50-0 1 2462 1 8 228 302 0.2520 0.2506 409 303
467-1-1-0.05-50-0 1 2462 36 43 146 75 0.8162 0.8316 165 123
467-1-1-0.05-50-0 1 2462 1 8 228 301 0.2520 0.2506 409 303
467-1-1-0.05-50-0 1 2462 36 36 146 146 0.8162 0.8162 165 165
467-1-1-0.05-50-0 1 2462 1 8 228 300 0.2520 0.2506 409 303
467-1-1-0.05-50-0 1 2462 36 2 145 150 0.8162 0.8198 165 167
467-1-1-0.05-50-0 1 2463 36 2 149 148 0.8162 0.8198 165 167
467-1-1-0.05-50-0 1 2463 1 1 224 224 0.2520 0.2520 409 409
467-1-1-0.05-50-0 1 2463 1 1 223 223 0.2520 0.2520 409 409
467-1-1-0.05-50-0 1 2463 1 10 222 19 0.2520 0.2533 409 449
467-1-1-0.05-50-0 1 2463 36 36 149 149 0.8162 0.8162 165 165
467-1-1-0.05-50-0 1 2463 36 19 148 8 0.8162 0.8072 165 134
467-1-1-0.05-50-0 1 2463 1 1 222 222 0.2520 0.2520 409 409
467-1-1-0.05-50-0 1 2464 36 2 145 147 0.8162 0.8198 165 167
467-1-1-0.05-50-0 1 2464 1 1 221 221 0.2520 0.2520 409 409
467-1-1-0.05-50-0 1 2464 10 27 18 149 0.2533 0.0776 449 149
467-1-1-0.05-50-0 1 2464 1 1 220 220 0.2520 0.2520 409 409
467-1-1-0.05-50-0 1 2464 1 1 219 219 0.2520 0.2520 409 409
467-1-1-0.05-50-0 1 2464 1 1 218 218 0.2520 0.2520 409 409
467-1-1-0.05-50-0 1 2464 36 2 145 146 0.8162 0.8198 165 167
467-1-1-0.05-50-0 1 2464 1 10 217 18 0.2520 0.2533 409 449
467-1-1-0.05-50-0 1 2464 36 37 145 100 0.8162 0.8481 165 127
467-1-1-0.05-50-0 1 2465 36 37 142 100 0.8162 0.8481 165 127
467-1-1-0.05-50-0 1 2465 1 1 217 217 0.2520 0.2520 409 409
467-1-1-0.05-50-0 1 2465 1 8 216 303 0.2520 0.2506 409 303
467-1-1-0.05-50-0 1 2465 1 8 216 302 0.2520 0.2506 409 303
467-1-1-0.05-50-0 1 2465 1 8 216 301 0.2520 0.2506 409 303
467-1-1-0.05-50-0 1 2465 1 8 216 300 0.2520 0.2506 409 303
467-1-1-0.05-50-0 1 2465 1 8 216 299 0.2520 0.2506 409 303
467-1-1-0.05-50-0 1 2465 10 27 18 146 0.2533 0.0776 449 149
467-1-1-0.05-50-0 1 2465 36 36 142 142 0.8162 0.8162 165 165
467-1-1-0.05-50-0 1 2465 41 5 102 2 0.9621 0.0007 105 226
467-1-1-0.05-50-0 1 2466 10 27 15 146 0.2533 0.0776 449 149
467-1-1-0.05-50-0 1 2466 1 1 216 216 0.2520 0.2520 409 409
467-1-1-0.05-50-0 1 2466 1 8 215 297 0.2520 0.2506 409 303
467-1-1-0.05-50-0 1 2466 41 11 105 1 0.9621 0.0504 105 384
467-1-1-0.05-50-0 1 2466 36 2 146 134 0.8162 0.8198 165 167
467-1-1-0.05-50-0 1 2466 1 1 215 215 0.2520 0.2520 409 409
467-1-1-0.05-50-0 1 2467 36 36 145 145 0.8162 0.8162 165 165
467-1-1-0.05-50-0 1 2467 10 27 14 147 0.2533 0.0776 449 149
467-1-1-0.05-50-0 1 2467 10 27 14 146 0.2533 0.0776 449 149
467-1-1-0.05-50-0 1 2467 36 36 144 144 0.8162 0.8162 165 165
467-1-1-0.05-50-0 1 2467 1 8 215 302 0.2520 0.2506 409 303
467-1-1-0.05-50-0 1 2467 1 8 215 301 0.2520 0.2506 409 303
467-1-1-0.05-50-0 1 2467 37 18 103 1 0.8481 0.2181 127 226
467-1-1-0.05-50-0 1 2468 26 46 22 4 0.8171 0.3451 141 327
467-1-1-0.05-50-0 1 2468 36 43 143 78 0.8162 0.8316 165 123
467-1-1-0.05-50-0 1 2468 1 1 217 217 0.2520 0.2520 409 409
467-1-1-0.05-50-0 1 2468 36 37 143 107 0.8162 0.8481 165 127
467-1-1-0.05-50-0 1 2468 36 37 143 106 0.8162 0.8481 165 127
467-1-1-0.05-50-0 1 2468 1 8 216 303 0.2520 0.2506 409 303
467-1-1-0.05-50-0 1 2469 10 27 15 145 0.2533 0.0776 449 149
467-1-1-0.05-50-0 1 2469 1 8 216 303 0.2520 0.2506 409 303
467-1-1-0.05-50-0 1 2469 1 1 216 216 0.2520 0.2520 409 409
467-1-1-0.05-50-0 1 2469 1 1 215 215 0.2520 0.2520 409 409
467-1-1-0.05-50-0 1 2469 1 1 214 214 0.2520 0.2520 409 409
467-1-1-0.05-50-0 1 2469 20 28 52 1 0.9922 0.3846 102 311
467-1-1-0.05-50-0 1 2469 1 1 213 213 0.2520 0.2520 409 409
467-1-1-0.05-50-0 1 2469 36 2 141 126 0.8162 0.8198 165 167
467-1-1-0.05-50-0 1 2469 36 2 141 125 0.8162 0.8198 165 167
467-1-1-0.05-50-0 1 2469 1 8 212 302 0.2520 0.2506 409 303
467-1-1-0.05-50-0 1 2469 1 8 212 301 0.2520 0.2506 409 303
467-1-1-0.05-50-0 1 2469 36 36 141 141 0.8162 0.8162 165 165
467-1-1-0.05-50-0 1 2470 41 5 104 2 0.9621 0.0007 105 226
467-1-1-0.05-50-0 1 2470 1 1 207 207 0.2520 0.2520 409 409
467-1-1-0.05-50-0 1 2470 1 8 206 303 0.2520 0.2506 409 303
467-1-1-0.05-50-0 1 2470 1 8 206 302 0.2520 0.2506 409 303
467-1-1-0.05-50-0 1 2470 20 33 54 1 0.9922 0.6893 102 191
467-1-1-0.05-50-0 1 2470 1 8 206 301 0.2520 0.2506 409 303
467-1-1-0.05-50-0 1 2470 1 1 206 206 0.2520 0.2520 409 409
467-1-1-0.05-50-0 1 2470 1 8 205 300 0.2520 0.2506 409 303
467-1-1-0.05-50-0 1 2470 36 37 143 101 0.8162 0.8481 165 127
467-1-1-0.05-50-0 1 2470 40 15 37 1 0.9739 0.7918 104 149
467-1-1-0.05-50-0 1 2470 36 37 143 100 0.8162 0.8481 165 127
467-1-1-0.05-50-0 1 2470 1 1 205 205 0.2520 0.2520 409 409
467-1-1-0.05-50-0 1 2470 36 37 143 99 0.8162 0.8481 165 127
467-1-1-0.05-50-0 1 2471 1 8 208 303 0.2520 0.2506 409 303
467-1-1-0.05-50-0 1 2471 1 1 208 208 0.2520 0.2520 409 409
467-1-1-0.05-50-0 1 2471 36 19 144 8 0.8162 0.8072 165 134
467-1-1-0.05-50-0 1 2471 20 46 53 3 0.9922 0.3451 102 327
467-1-1-0.05-50-0 1 2471 1 1 207 207 0.2520 0.2520 409 409
467-1-1-0.05-50-0 1 2471 36 19 144 7 0.8162 0.8072 165 134
467-1-1-0.05-50-0 1 2472 1 1 208 208 0.2520 0.2520 409 409
467-1-1-0.05-50-0 1 2472 1 1 207 207 0.2520 0.2520 409 409
467-1-1-0.05-50-0 1 2472 1 8 206 299 0.2520 0.2506 409 303
467-1-1-0.05-50-0 1 2472 36 43 147 77 0.8162 0.8316 165 123
467-1-1-0.05-50-0 1 2472 1 1 206 206 0.2520 0.2520 409 409
467-1-1-0.05-50-0 1 2472 41 4 105 2 0.9621 0.0723 105 351
467-1-1-0.05-50-0 1 2472 36 36 147 147 0.8162 0.8162 165 165
467-1-1-0.05-50-0 1 2473 21 1 1 209 0.4184 0.2520 158 409
467-1-1-0.05-50-0 1 2473 36 36 147 147 0.8162 0.8162 165 165
467-1-1-0.05-50-0 1 2473 41 5 99 1 0.9621 0.0007 105 226
467-1-1-0.05-50-0 1 2473 36 36 146 146 0.8162 0.8162 165 165
467-1-1-0.05-50-0 1 2473 1 1 208 208 0.2520 0.2520 409 409
467-1-1-0.05-50-0 1 2473 1 1 207 207 0.2520 0.2520 409 409
467-1-1-0.05-50-0 1 2473 1 8 206 303 0.2520 0.2506 409 303
467-1-1-0.05-50-0 1 2473 1 8 206 302 0.2520 0.2506 409 303
467-1-1-0.05-50-0 1 2474 1 8 207 303 0.2520 0.2506 409 303
467-1-1-0.05-50-0 1 2474 20 46 52 2 0.9922 0.3451 102 327
467-1-1-0.05-50-0 1 2474 1 8 207 302 0.2520 0.2506 409 303
467-1-1-0.05-50-0 1 2474 1 8 207 301 0.2520 0.2506 409 303
467-1-1-0.05-50-0 1 2474 1 8 207 300 0.2520 0.2506 409 303
467-1-1-0.05-50-0 1 2474 36 2 145 124 0.8162 0.8198 165 167
467-1-1-0.05-50-0 1 2474 1 1 207 207 0.2520 0.2520 409 409
467-1-1-0.05-50-0 1 2475 36 36 147 147 0.8162 0.8162 165 165
467-1-1-0.05-50-0 1 2475 1 8 210 303 0.2520 0.2506 409 303
467-1-1-0.05-50-0 1 2475 1 8 210 302 0.2520 0.2506 409 303
467-1-1-0.05-50-0 1 2475 1 8 210 301 0.2520 0.2506 409 303
467-1-1-0.05-50-0 1 2475 36 19 146 6 0.8162 0.8072 165 134
467-1-1-0.05-50-0 1 2475 1 1 210 210 0.2520 0.2520 409 409
467-1-1-0.05-50-0 1 2475 21 8 1 300 0.4184 0.2506 158 303
467-1-1-0.05-50-0 1 2475 1 8 209 299 0.2520 0.2506 409 303
467-1-1-0.05-50-0 1 2475 1 1 209 209 0.2520 0.2520 409 409
467-1-1-0.05-50-0 1 2475 1 1 208 208 0.2520 0.2520 409 409
467-1-1-0.05-50-0 1 2476 1 8 215 303 0.2520 0.2506 409 303
467-1-1-0.05-50-0 1 2476 10 27 18 148 0.2533 0.0776 449 149
467-1-1-0.05-50-0 1 2476 36 2 144 127 0.8162 0.8198 165 167
467-1-1-0.05-50-0 1 2476 36 36 144 144 0.8162 0.8162 165 165
467-1-1-0.05-50-0 1 2476 41 4 98 2 0.9621 0.0723 105 351
467-1-1-0.05-50-0 1 2476 1 8 215 302 0.2520 0.2506 409 303
467-1-1-0.05-50-0 1 2476 1 8 215 301 0.2520 0.2506 409 303
467-1-1-0.05-50-0 1 2477 41 4 98 2 0.9621 0.0723 105 351
467-1-1-0.05-50-0 1 2477 36 37 143 107 0.8162 0.8481 165 127
467-1-1-0.05-50-0 1 2477 36 37 143 106 0.8162 0.8481 165 127
467-1-1-0.05-50-0 1 2477 36 36 143 143 0.8162 0.8162 165 165
467-1-1-0.05-50-0 1 2477 1 8 220 302 0.2520 0.2506 409 303
467-1-1-0.05-50-0 1 2477 1 1 220 220 0.2520 0.2520 409 409
467-1-1-0.05-50-0 1 2477 41 4 98 1 0.9621 0.0723 105 351
467-1-1-0.05-50-0 1 2477 1 10 219 17 0.2520 0.2533 409 449
467-1-1-0.05-50-0 1 2477 1 1 219 219 0.2520 0.2520 409 409
467-1-1-0.05-50-0 1 2478 36 43 144 81 0.8162 0.8316 165 123
467-1-1-0.05-50-0 1 2478 1 8 226 302 0.2520 0.2506 409 303
467-1-1-0.05-50-0 1 2478 10 27 16 149 0.2533 0.0776 449 149
467-1-1-0.05-50-0 1 2478 1 1 226 226 0.2520 0.2520 409 409
467-1-1-0.05-50-0 1 2478 1 1 225 225 0.2520 0.2520 409 409
467-1-1-0.05-50-0 1 2478 40 28 34 1 0.9739 0.3846 104 311
467-1-1-0.05-50-0 1 2478 20 44 49 1 0.9922 0.7034 102 118
467-1-1-0.05-50-0 1 2479 1 1 227 227 0.2520 0.2520 409 409
467-1-1-0.05-50-0 1 2479 10 27 18 149 0.2533 0.0776 449 149
467-1-1-0.05-50-0 1 2479 36 43 147 82 0.8162 0.8316 165 123
467-1-1-0.05-50-0 1 2479 36 43 147 81 0.8162 0.8316 165 123
467-1-1-0.05-50-0 1 2479 26 21 18 1 0.8171 0.4184 141 158
467-1-1-0.05-50-0 1 2479 36 37 147 104 0.8162 0.8481 165 127
467-1-1-0.05-50-0 1 2480 26 46 19 1 0.8171 0.3451 141 327
467-1-1-0.05-50-0 1 2480 36 43 145 79 0.8162 0.8316 165 123
467-1-1-0.05-50-0 1 2480 1 8 226 303 0.2520 0.2506 409 303
467-1-1-0.05-50-0 1 2480 1 1 226 226 0.2520 0.2520 409 409
467-1-1-0.05-50-0 1 2480 36 37 145 104 0.8162 0.8481 165 127
467-1-1-0.05-50-0 1 2480 1 8 225 302 0.2520 0.2506 409 303
467-1-1-0.05-50-0 1 2481 1 1 229 229 0.2520 0.2520 409 409
467-1-1-0.05-50-0 1 2481 36 2 148 134 0.8162 0.8198 165 167
467-1-1-0.05-50-0 1 2481 1 1 228 228 0.2520 0.2520 409 409
467-1-1-0.05-50-0 1 2481 1 1 227 227 0.2520 0.2520 409 409
467-1-1-0.05-50-0 1 2481 1 8 226 298 0.2520 0.2506 409 303
467-1-1-0.05-50-0 1 2482 1 8 234 289 0.2520 0.2506 409 303
467-1-1-0.05-50-0 1 2482 1 1 234 234 0.2520 0.2520 409 409
467-1-1-0.05-50-0 1 2482 36 36 148 148 0.8162 0.8162 165 165
467-1-1-0.05-50-0 1 2482 36 2 147 132 0.8162 0.8198 165 167
467-1-1-0.05-50-0 1 2482 1 8 233 288 0.2520 0.2506 409 303
467-1-1-0.05-50-0 1 2482 36 36 147 147 0.8162 0.8162 165 165
467-1-1-0.05-50-0 1 2482 1 8 233 287 0.2520 0.2506 409 303
467-1-1-0.05-50-0 1 2483 1 1 226 226 0.2520 0.2520 409 409
467-1-1-0.05-50-0 1 2483 2 17 134 1 0.8198 0.6398 167 197
467-1-1-0.05-50-0 1 2483 1 8 225 298 0.2520 0.2506 409 303
467-1-1-0.05-50-0 1 2483 36 36 143 143 0.8162 0.8162 165 165
467-1-1-0.05-50-0 1 2483 41 11 105 1 0.9621 0.0504 105 384
467-1-1-0.05-50-0 1 2483 36 36 142 142 0.8162 0.8162 165 165
467-1-1-0.05-50-0 1 2483 1 8 225 297 0.2520 0.2506 409 303
467-1-1-0.05-50-0 1 2483 1 8 225 296 0.2520 0.2506 409 303
467-1-1-0.05-50-0 1 2483 36 37 141 99 0.8162 0.8481 165 127
467-1-1-0.05-50-0 1 2484 1 1 218 218 0.2520 0.2520 409 409
467-1-1-0.05-50-0 1 2484 36 2 150 131 0.8162 0.8198 165 167
467-1-1-0.05-50-0 1 2484 1 1 217 217 0.2520 0.2520 409 409
467-1-1-0.05-50-0 1 2484 1 8 216 303 0.2520 0.2506 409 303
467-1-1-0.05-50-0 1 2484 36 36 150 150 0.8162 0.8162 165 165
467-1-1-0.05-50-0 1 2484 36 2 149 130 0.8162 0.8198 165 167
467-1-1-0.05-50-0 1 2484 1 8 216 302 0.2520 0.2506 409 303
467-1-1-0.05-50-0 1 2485 36 37 153 96 0.8162 0.8481 165 127
467-1-1-0.05-50-0 1 2485 1 8 220 301 0.2520 0.2506 409 303
467-1-1-0.05-50-0 1 2485 1 8 220 300 0.2520 0.2506 409 303
467-1-1-0.05-50-0 1 2485 36 37 153 95 0.8162 0.8481 165 127
467-1-1-0.05-50-0 1 2485 1 1 220 220 0.2520 0.2520 409 409
467-1-1-0.05-50-0 1 2485 1 8 219 299 0.2520 0.2506 409 303
467-1-1-0.05-50-0 1 2485 36 37 153 94 0.8162 0.8481 165 127
467-1-1-0.05-50-0 1 2485 36 37 153 93 0.8162 0.8481 165 127
467-1-1-0.05-50-0 1 2486 37 48 90 1 0.8481 0.1153 127 334
467-1-1-0.05-50-0 1 2486 1 8 223 303 0.2520 0.2506 409 303
467-1-1-0.05-50-0 1 2486 1 1 223 223 0.2520 0.2520 409 409
467-1-1-0.05-50-0 1 2486 1 8 222 302 0.2520 0.2506 409 303
467-1-1-0.05-50-0 1 2487 36 36 150 150 0.8162 0.8162 165 165
467-1-1-0.05-50-0 1 2487 1 8 226 303 0.2520 0.2506 409 303
467-1-1-0.05-50-0 1 2487 1 8 226 302 0.2520 0.2506 409 303
467-1-1-0.05-50-0 1 2487 36 2 149 127 0.8162 0.8198 165 167
467-1-1-0.05-50-0 1 2487 36 2 149 126 0.8162 0.8198 165 167
467-1-1-0.05-50-0 1 2487 36 2 149 125 0.8162 0.8198 165 167
467-1-1-0.05-50-0 1 2487 1 1 226 226 0.2520 0.2520 409 409
467-1-1-0.05-50-0 1 2487 36 43 149 73 0.8162 0.8316 165 123
467-1-1-0.05-50-0 1 2487 1 1 225 225 0.2520 0.2520 409 409
467-1-1-0.05-50-0 1 2487 1 8 224 301 0.2520 0.2506 409 303
467-1-1-0.05-50-0 1 2487 37 39 90 1 0.8481 0.2187 127 309
467-1-1-0.05-50-0 1 2488 20 9 44 1 0.9922 0.6134 102 161
467-1-1-0.05-50-0 1 2488 1 8 224 303 0.2520 0.2506 409 303
467-1-1-0.05-50-0 1 2488 1 8 224 302 0.2520 0.2506 409 303
467-1-1-0.05-50-0 1 2488 1 1 224 224 0.2520 0.2520 409 409
467-1-1-0.05-50-0 1 2488 36 2 147 130 0.8162 0.8198 165 167
467-1-1-0.05-50-0 1 2488 1 8 223 301 0.2520 0.2506 409 303
467-1-1-0.05-50-0 1 2488 1 1 223 223 0.2520 0.2520 409 409
467-1-1-0.05-50-0 1 2488 36 2 147 129 0.8162 0.8198 165 167
467-1-1-0.05-50-0 1 2489 1 1 226 226 0.2520 0.2520 409 409
467-1-1-0.05-50-0 1 2489 1 8 225 303 0.2520 0.2506 409 303
467-1-1-0.05-50-0 1 2489 1 8 225 302 0.2520 0.2506 409 303
467-1-1-0.05-50-0 1 2489 1 1 225 225 0.2520 0.2520 409 409
467-1-1-0.05-50-0 1 2489 1 8 224 301 0.2520 0.2506 409 303
467-1-1-0.05-50-0 1 2489 1 8 224 300 0.2520 0.2506 409 303
467-1-1-0.05-50-0 1 2489 41 35 102 1 0.9621 0.0354 105 158
467-1-1-0.05-50-0 1 2490 20 6 47 1 0.9922 0.4266 102 249
467-1-1-0.05-50-0 1 2490 36 36 150 150 0.8162 0.8162 165 165
467-1-1-0.05-50-0 1 2490 1 1 223 223 0.2520 0.2520 409 409
467-1-1-0.05-50-0 1 2490 1 1 222 222 0.2520 0.2520 409 409
467-1-1-0.05-50-0 1 2490 36 2 149 130 0.8162 0.8198 165 167
467-1-1-0.05-50-0 1 2490 36 37 149 91 0.8162 0.8481 165 127
467-1-1-0.05-50-0 1 2490 1 8 221 298 0.2520 0.2506 409 303
467-1-1-0.05-50-0 1 2491 1 1 220 220 0.2520 0.2520 409 409
467-1-1-0.05-50-0 1 2491 36 43 154 67 0.8162 0.8316 165 123
467-1-1-0.05-50-0 1 2491 1 1 219 219 0.2520 0.2520 409 409
467-1-1-0.05-50-0 1 2491 1 8 218 299 0.2520 0.2506 409 303
467-1-1-0.05-50-0 1 2491 36 37 154 92 0.8162 0.8481 165 127
467-1-1-0.05-50-0 1 2491 1 39 218 1 0.2520 0.2187 409 309
467-1-1-0.05-50-0 1 2491 36 2 154 128 0.8162 0.8198 165 167
467-1-1-0.05-50-0 1 2492 1 1 215 215 0.2520 0.2520 409 409
467-1-1-0.05-50-0 1 2492 1 1 214 214 0.2520 0.2520 409 409
467-1-1-0.05-50-0 1 2492 36 37 151 90 0.8162 0.8481 165 127
467-1-1-0.05-50-0 1 2492 1 1 213 213 0.2520 0.2520 409 409
467-1-1-0.05-50-0 1 2492 1 1 212 212 0.2520 0.2520 409 409
467-1-1-0.05-50-0 1 2492 1 8 211 301 0.2520 0.2506 409 303
467-1-1-0.05-50-0 1 2492 1 8 211 300 0.2520 0.2506 409 303
467-1-1-0.05-50-0 1 2492 1 8 211 299 0.2520 0.2506 409 303
467-1-1-0.05-50-0 1 2492 1 8 211 298 0.2520 0.2506 409 303
467-1-1-0.05-50-0 1 2492 1 8 211 297 0.2520 0.2506 409 303
467-1-1-0.05-50-0 1 2493 1 8 218 296 0.2520 0.2506 409 303
467-1-1-0.05-50-0 1 2493 1 8 218 295 0.2520 0.2506 409 303
467-1-1-0.05-50-0 1 2493 1 8 218 294 0.2520 0.2506 409 303
467-1-1-0.05-50-0 1 2493 1 1 218 218 0.2520 0.2520 409 409
467-1-1-0.05-50-0 1 2493 1 1 217 217 0.2520 0.2520 409 409
467-1-1-0.05-50-0 1 2493 1 8 216 293 0.2520 0.2506 409 303
467-1-1-0.05-50-0 1 2493 1 8 216 292 0.2520 0.2506 409 303
467-1-1-0.05-50-0 1 2494 1 8 211 292 0.2520 0.2506 409 303
467-1-1-0.05-50-0 1 2494 1 1 211 211 0.2520 0.2520 409 409
467-1-1-0.05-50-0 1 2494 1 1 210 210 0.2520 0.2520 409 409
467-1-1-0.05-50-0 1 2494 36 36 152 152 0.8162 0.8162 165 165
467-1-1-0.05-50-0 1 2494 36 36 151 151 0.8162 0.8162 165 165
467-1-1-0.05-50-0 1 2494 36 36 150 150 0.8162 0.8162 165 165
467-1-1-0.05-50-0 1 2494 36 2 149 123 0.8162 0.8198 165 167
467-1-1-0.05-50-0 1 2494 1 8 209 291 0.2520 0.2506 409 303
467-1-1-0.05-50-0 1 2494 36 36 149 149 0.8162 0.8162 165 165
467-1-1-0.05-50-0 1 2494 1 1 209 209 0.2520 0.2520 409 409
467-1-1-0.05-50-0 1 2495 15 1 2 214 0.7918 0.2520 149 409
467-1-1-0.05-50-0 1 2495 1 1 213 213 0.2520 0.2520 409 409
467-1-1-0.05-50-0 1 2495 1 1 212 212 0.2520 0.2520 409 409
467-1-1-0.05-50-0 1 2495 1 8 211 289 0.2520 0.2506 409 303
467-1-1-0.05-50-0 1 2495 1 10 211 17 0.2520 0.2533 409 449
467-1-1-0.05-50-0 1 2495 1 1 211 211 0.2520 0.2520 409 409
467-1-1-0.05-50-0 1 2495 36 2 150 124 0.8162 0.8198 165 167
467-1-1-0.05-50-0 1 2495 36 2 150 123 0.8162 0.8198 165 167
467-1-1-0.05-50-0 1 2496 1 1 215 215 0.2520 0.2520 409 409
467-1-1-0.05-50-0 1 2496 1 8 214 289 0.2520 0.2506 409 303
467-1-1-0.05-50-0 1 2496 1 1 214 214 0.2520 0.2520 409 409
467-1-1-0.05-50-0 1 2496 36 36 150 150 0.8162 0.8162 165 165
467-1-1-0.05-50-0 1 2496 1 1 213 213 0.2520 0.2520 409 409
467-1-1-0.05-50-0 1 2496 1 1 212 212 0.2520 0.2520 409 409
467-1-1-0.05-50-0 1 2497 1 8 214 291 0.2520 0.2506 409 303
467-1-1-0.05-50-0 1 2497 36 43 152 68 0.8162 0.8316 165 123
467-1-1-0.05-50-0 1 2497 1 1 214 214 0.2520 0.2520 409 409
467-1-1-0.05-50-0 1 2497 36 2 152 119 0.8162 0.8198 165 167
467-1-1-0.05-50-0 1 2497 1 1 213 213 0.2520 0.2520 409 409
467-1-1-0.05-50-0 1 2497 1 8 212 290 0.2520 0.2506 409 303
467-1-1-0.05-50-0 1 2498 36 43 157 67 0.8162 0.8316 165 123
467-1-1-0.05-50-0 1 2498 36 37 157 90 0.8162 0.8481 165 127
467-1-1-0.05-50-0 1 2498 40 34 37 2 0.9739 0.7448 104 168
467-1-1-0.05-50-0 1 2498 36 37 157 89 0.8162 0.8481 165 127
467-1-1-0.05-50-0 1 2498 1 8 213 288 0.2520 0.2506 409 303
467-1-1-0.05-50-0 1 2498 41 22 90 1 0.9621 0.0160 105 311
467-1-1-0.05-50-0 1 2498 1 8 213 287 0.2520 0.2506 409 303
467-1-1-0.05-50-0 1 2498 36 37 157 88 0.8162 0.8481 165 127
467-1-1-0.05-50-0 1 2498 36 2 157 113 0.8162 0.8198 165 167
467-1-1-0.05-50-0 1 2499 36 43 161 70 0.8162 0.8316 165 123
467-1-1-0.05-50-0 1 2499 36 2 161 112 0.8162 0.8198 165 167
467-1-1-0.05-50-0 1 2499 36 36 161 161 0.8162 0.8162 165 165
467-1-1-0.05-50-0 1 2499 1 8 213 288 0.2520 0.2506 409 303
467-1-1-0.05-50-0 1 2499 1 8 213 287 0.2520 0.2506 409 303
467-1-1-0.05-50-0 1 2499 36 37 160 87 0.8162 0.8481 165 127
467-1-1-0.05-50-0 1 2499 36 43 160 69 0.8162 0.8316 165 123
467-1-1-0.05-50-0 1 2499 1 8 213 286 0.2520 0.2506 409 303
467-1-1-0.05-50-0 1 2500 1 1 215 215 0.2520 0.2520 409 409
467-1-1-0.05-50-0 1 2500 1 1 214 214 0.2520 0.2520 409 409
467-1-1-0.05-50-0 1 2500 1 1 213 213 0.2520 0.2520 409 409
467-1-1-0.05-50-0 1 2500 36 43 162 67 0.8162 0.8316 165 123
467-1-1-0.05-50-0 1 2500 10 27 17 149 0.2533 0.0776 449 149
467-1-1-0.05-50-0 1 2500 36 37 162 85 0.8162 0.8481 165 127
467-1-1-0.05-50-0 1 2500 1 8 212 286 0.2520 0.2506 409 303
467-1-1-0.05-50-0 1 2500 1 1 212 212 0.2520 0.2520 409 409
