469-0-1-0.05-50-0 0 2302 11 11 23 23 0.0504 0.0504 384 384
469-0-1-0.05-50-0 0 2302 10 33 3 2 0.2533 0.6893 449 191
469-0-1-0.05-50-0 0 2302 16 11 25 22 0.2228 0.0504 149 384
469-0-1-0.05-50-0 0 2303 48 16 8 27 0.1153 0.2228 334 149
469-0-1-0.05-50-0 0 2303 8 26 7 5 0.2506 0.8171 303 141
469-0-1-0.05-50-0 0 2303 1 11 1 19 0.2520 0.0504 409 384
469-0-1-0.05-50-0 0 2304 11 11 18 18 0.0504 0.0504 384 384
469-0-1-0.05-50-0 0 2304 35 35 12 12 0.0354 0.0354 158 158
469-0-1-0.05-50-0 0 2304 10 16 4 30 0.2533 0.2228 449 149
469-0-1-0.05-50-0 0 2305 29 36 9 3 0.6728 0.8162 177 165
469-0-1-0.05-50-0 0 2305 11 14 15 5 0.0504 0.8451 384 105
469-0-1-0.05-50-0 0 2305 11 31 15 6 0.0504 0.5626 384 252
469-0-1-0.05-50-0 0 2306 31 16 5 29 0.5626 0.2228 252 149
469-0-1-0.05-50-0 0 2306 46 47 7 2 0.3451 0.9293 327 103
469-0-1-0.05-50-0 0 2306 38 26 10 5 0.6163 0.8171 270 141
469-0-1-0.05-50-0 0 2307 8 35 6 11 0.2506 0.0354 303 158
469-0-1-0.05-50-0 0 2307 16 31 24 5 0.2228 0.5626 149 252
469-0-1-0.05-50-0 0 2308 16 38 24 10 0.2228 0.6163 149 270
469-0-1-0.05-50-0 0 2308 46 38 8 9 0.3451 0.6163 327 270
469-0-1-0.05-50-0 0 2309 16 16 24 24 0.2228 0.2228 149 149
469-0-1-0.05-50-0 0 2309 16 26 23 5 0.2228 0.8171 149 141
469-0-1-0.05-50-0 0 2310 8 11 6 15 0.2506 0.0504 303 384
469-0-1-0.05-50-0 0 2310 48 30 6 3 0.1153 0.6008 334 266
469-0-1-0.05-50-0 0 2311 38 8 9 6 0.6163 0.2506 270 303
469-0-1-0.05-50-0 0 2311 11 10 14 6 0.0504 0.2533 384 449
469-0-1-0.05-50-0 0 2312 48 38 7 9 0.1153 0.6163 334 270
469-0-1-0.05-50-0 0 2312 14 50 3 2 0.8451 0.2147 105 147
469-0-1-0.05-50-0 0 2313 11 16 14 22 0.0504 0.2228 384 149
469-0-1-0.05-50-0 0 2313 16 11 21 14 0.2228 0.0504 149 384
469-0-1-0.05-50-0 0 2314 49 38 10 8 0.1842 0.6163 136 270
469-0-1-0.05-50-0 0 2314 48 29 7 12 0.1153 0.6728 334 177
469-0-1-0.05-50-0 0 2315 49 46 10 6 0.1842 0.3451 136 327
469-0-1-0.05-50-0 0 2315 49 11 10 14 0.1842 0.0504 136 384
469-0-1-0.05-50-0 0 2316 16 16 20 20 0.2228 0.2228 149 149
469-0-1-0.05-50-0 0 2316 33 40 5 6 0.6893 0.9739 191 104
469-0-1-0.05-50-0 0 2317 16 35 19 10 0.2228 0.0354 149 158
469-0-1-0.05-50-0 0 2317 33 16 5 19 0.6893 0.2228 191 149
469-0-1-0.05-50-0 0 2318 11 49 13 9 0.0504 0.1842 384 136
469-0-1-0.05-50-0 0 2318 39 38 4 9 0.2187 0.6163 309 270
469-0-1-0.05-50-0 0 2319 10 26 6 4 0.2533 0.8171 449 141
469-0-1-0.05-50-0 0 2319 1 41 5 1 0.2520 0.9621 409 105
469-0-1-0.05-50-0 0 2320 26 33 3 5 0.8171 0.6893 141 191
469-0-1-0.05-50-0 0 2320 16 16 18 18 0.2228 0.2228 149 149
469-0-1-0.05-50-0 0 2321 39 29 5 12 0.2187 0.6728 309 177
469-0-1-0.05-50-0 0 2321 48 16 7 19 0.1153 0.2228 334 149
469-0-1-0.05-50-0 0 2321 6 21 2 3 0.4266 0.4184 249 158
469-0-1-0.05-50-0 0 2322 31 10 5 7 0.5626 0.2533 252 449
469-0-1-0.05-50-0 0 2322 11 49 14 9 0.0504 0.1842 384 136
469-0-1-0.05-50-0 0 2322 48 49 7 8 0.1153 0.1842 334 136
469-0-1-0.05-50-0 0 2323 8 11 4 15 0.2506 0.0504 303 384
469-0-1-0.05-50-0 0 2323 49 10 7 8 0.1842 0.2533 136 449
469-0-1-0.05-50-0 0 2323 1 48 4 9 0.2520 0.1153 409 334
469-0-1-0.05-50-0 0 2324 10 6 7 2 0.2533 0.4266 449 249
469-0-1-0.05-50-0 0 2324 49 1 7 4 0.1842 0.2520 136 409
469-0-1-0.05-50-0 0 2324 14 35 3 11 0.8451 0.0354 105 158
469-0-1-0.05-50-0 0 2325 48 35 8 10 0.1153 0.0354 334 158
469-0-1-0.05-50-0 0 2325 34 10 2 7 0.7448 0.2533 168 449
469-0-1-0.05-50-0 0 2325 33 35 4 9 0.6893 0.0354 191 158
469-0-1-0.05-50-0 0 2326 36 31 3 6 0.8162 0.5626 165 252
469-0-1-0.05-50-0 0 2326 46 40 4 5 0.3451 0.9739 327 104
469-0-1-0.05-50-0 0 2326 40 33 4 4 0.9739 0.6893 104 191
469-0-1-0.05-50-0 0 2327 28 5 5 5 0.3846 0.0007 311 226
469-0-1-0.05-50-0 0 2327 11 10 16 9 0.0504 0.2533 384 449
469-0-1-0.05-50-0 0 2327 29 33 11 4 0.6728 0.6893 177 191
469-0-1-0.05-50-0 0 2328 11 1 17 4 0.0504 0.2520 384 409
469-0-1-0.05-50-0 0 2328 46 21 4 3 0.3451 0.4184 327 158
469-0-1-0.05-50-0 0 2328 34 16 2 23 0.7448 0.2228 168 149
469-0-1-0.05-50-0 0 2329 48 48 12 12 0.1153 0.1153 334 334
469-0-1-0.05-50-0 0 2329 11 6 15 2 0.0504 0.4266 384 249
469-0-1-0.05-50-0 0 2329 16 48 22 11 0.2228 0.1153 149 334
469-0-1-0.05-50-0 0 2330 16 11 21 15 0.2228 0.0504 149 384
469-0-1-0.05-50-0 0 2330 49 16 7 21 0.1842 0.2228 136 149
469-0-1-0.05-50-0 0 2330 3 1 3 3 0.4813 0.2520 321 409
469-0-1-0.05-50-0 0 2331 31 49 7 7 0.5626 0.1842 252 136
469-0-1-0.05-50-0 0 2331 15 29 5 10 0.7918 0.6728 149 177
469-0-1-0.05-50-0 0 2331 48 15 9 5 0.1153 0.7918 334 149
469-0-1-0.05-50-0 0 2332 3 15 3 4 0.4813 0.7918 321 149
469-0-1-0.05-50-0 0 2332 1 28 3 5 0.2520 0.3846 409 311
469-0-1-0.05-50-0 0 2332 39 11 4 13 0.2187 0.0504 309 384
469-0-1-0.05-50-0 0 2333 29 11 10 12 0.6728 0.0504 177 384
469-0-1-0.05-50-0 0 2333 21 16 4 21 0.4184 0.2228 158 149
469-0-1-0.05-50-0 0 2333 39 14 3 1 0.2187 0.8451 309 105
469-0-1-0.05-50-0 0 2334 8 10 5 13 0.2506 0.2533 303 449
469-0-1-0.05-50-0 0 2334 50 34 1 4 0.2147 0.7448 147 168
469-0-1-0.05-50-0 0 2334 10 48 12 11 0.2533 0.1153 449 334
469-0-1-0.05-50-0 0 2335 10 16 12 25 0.2533 0.2228 449 149
469-0-1-0.05-50-0 0 2335 10 36 12 4 0.2533 0.8162 449 165
469-0-1-0.05-50-0 0 2335 48 35 12 6 0.1153 0.0354 334 158
469-0-1-0.05-50-0 0 2336 16 28 25 4 0.2228 0.3846 149 311
469-0-1-0.05-50-0 0 2336 16 16 25 25 0.2228 0.2228 149 149
469-0-1-0.05-50-0 0 2336 47 10 1 11 0.9293 0.2533 103 449
469-0-1-0.05-50-0 0 2337 49 48 8 12 0.1842 0.1153 136 334
469-0-1-0.05-50-0 0 2337 36 16 3 24 0.8162 0.2228 165 149
469-0-1-0.05-50-0 0 2337 11 11 11 11 0.0504 0.0504 384 384
469-0-1-0.05-50-0 0 2338 10 29 10 9 0.2533 0.6728 449 177
469-0-1-0.05-50-0 0 2338 11 24 12 1 0.0504 0.1940 384 254
469-0-1-0.05-50-0 0 2338 3 48 4 11 0.4813 0.1153 321 334
469-0-1-0.05-50-0 0 2339 16 29 22 8 0.2228 0.6728 149 177
469-0-1-0.05-50-0 0 2339 16 26 22 2 0.2228 0.8171 149 141
469-0-1-0.05-50-0 0 2339 38 31 13 7 0.6163 0.5626 270 252
469-0-1-0.05-50-0 0 2340 21 48 7 12 0.4184 0.1153 158 334
469-0-1-0.05-50-0 0 2340 8 10 6 10 0.2506 0.2533 303 449
469-0-1-0.05-50-0 0 2340 16 34 23 3 0.2228 0.7448 149 168
469-0-1-0.05-50-0 0 2341 21 28 8 4 0.4184 0.3846 158 311
469-0-1-0.05-50-0 0 2341 16 35 23 7 0.2228 0.0354 149 158
469-0-1-0.05-50-0 0 2341 16 48 23 12 0.2228 0.1153 149 334
469-0-1-0.05-50-0 0 2342 3 8 7 7 0.4813 0.2506 321 303
469-0-1-0.05-50-0 0 2342 3 36 7 2 0.4813 0.8162 321 165
469-0-1-0.05-50-0 0 2342 11 2 12 1 0.0504 0.8198 384 167
469-0-1-0.05-50-0 0 2343 10 48 10 12 0.2533 0.1153 449 334
469-0-1-0.05-50-0 0 2343 49 28 8 3 0.1842 0.3846 136 311
469-0-1-0.05-50-0 0 2343 9 16 4 23 0.6134 0.2228 161 149
469-0-1-0.05-50-0 0 2344 10 16 11 23 0.2533 0.2228 449 149
469-0-1-0.05-50-0 0 2344 38 48 12 12 0.6163 0.1153 270 334
469-0-1-0.05-50-0 0 2344 16 33 22 4 0.2228 0.6893 149 191
469-0-1-0.05-50-0 0 2345 21 42 7 2 0.4184 0.7447 158 106
469-0-1-0.05-50-0 0 2345 17 16 2 24 0.6398 0.2228 197 149
469-0-1-0.05-50-0 0 2345 10 9 11 4 0.2533 0.6134 449 161
469-0-1-0.05-50-0 0 2346 11 38 11 12 0.0504 0.6163 384 270
469-0-1-0.05-50-0 0 2346 22 21 4 7 0.0160 0.4184 311 158
469-0-1-0.05-50-0 0 2346 15 38 2 11 0.7918 0.6163 149 270
469-0-1-0.05-50-0 0 2347 29 16 12 24 0.6728 0.2228 177 149
469-0-1-0.05-50-0 0 2347 29 8 12 6 0.6728 0.2506 177 303
469-0-1-0.05-50-0 0 2347 16 29 23 12 0.2228 0.6728 149 177
469-0-1-0.05-50-0 0 2348 11 48 11 10 0.0504 0.1153 384 334
469-0-1-0.05-50-0 0 2348 38 16 11 23 0.6163 0.2228 270 149
469-0-1-0.05-50-0 0 2348 49 5 8 6 0.1842 0.0007 136 226
469-0-1-0.05-50-0 0 2349 49 9 9 3 0.1842 0.6134 136 161
469-0-1-0.05-50-0 0 2349 11 43 11 1 0.0504 0.8316 384 123
469-0-1-0.05-50-0 0 2349 48 22 10 5 0.1153 0.0160 334 311
469-0-1-0.05-50-0 0 2350 38 26 12 3 0.6163 0.8171 270 141
469-0-1-0.05-50-0 0 2350 21 11 7 11 0.4184 0.0504 158 384
469-0-1-0.05-50-0 0 2350 21 38 7 12 0.4184 0.6163 158 270
469-0-1-0.05-50-0 0 2351 16 16 22 22 0.2228 0.2228 149 149
469-0-1-0.05-50-0 0 2351 45 11 1 10 0.3816 0.0504 173 384
469-0-1-0.05-50-0 0 2351 21 6 7 2 0.4184 0.4266 158 249
469-0-1-0.05-50-0 0 2352 49 17 8 2 0.1842 0.6398 136 197
469-0-1-0.05-50-0 0 2352 8 48 6 9 0.2506 0.1153 303 334
469-0-1-0.05-50-0 0 2352 5 31 5 7 0.0007 0.5626 226 252
469-0-1-0.05-50-0 0 2353 10 28 10 1 0.2533 0.3846 449 311
469-0-1-0.05-50-0 0 2353 34 9 1 3 0.7448 0.6134 168 161
469-0-1-0.05-50-0 0 2353 42 3 3 6 0.7447 0.4813 106 321
469-0-1-0.05-50-0 0 2354 43 15 1 3 0.8316 0.7918 123 149
469-0-1-0.05-50-0 0 2354 21 8 8 6 0.4184 0.2506 158 303
469-0-1-0.05-50-0 0 2354 29 31 10 7 0.6728 0.5626 177 252
469-0-1-0.05-50-0 0 2355 16 21 19 9 0.2228 0.4184 149 158
469-0-1-0.05-50-0 0 2355 15 10 3 11 0.7918 0.2533 149 449
469-0-1-0.05-50-0 0 2355 8 49 5 10 0.2506 0.1842 303 136
469-0-1-0.05-50-0 0 2356 29 16 9 21 0.6728 0.2228 177 149
469-0-1-0.05-50-0 0 2356 11 15 7 3 0.0504 0.7918 384 149
469-0-1-0.05-50-0 0 2357 29 49 10 8 0.6728 0.1842 177 136
469-0-1-0.05-50-0 0 2357 48 35 9 5 0.1153 0.0354 334 158
469-0-1-0.05-50-0 0 2358 16 16 24 24 0.2228 0.2228 149 149
469-0-1-0.05-50-0 0 2358 16 38 23 10 0.2228 0.6163 149 270
469-0-1-0.05-50-0 0 2359 31 16 7 24 0.5626 0.2228 252 149
469-0-1-0.05-50-0 0 2359 45 22 2 5 0.3816 0.0160 173 311
469-0-1-0.05-50-0 0 2360 39 9 5 4 0.2187 0.6134 309 161
469-0-1-0.05-50-0 0 2360 43 11 3 8 0.8316 0.0504 123 384
469-0-1-0.05-50-0 0 2361 9 48 3 11 0.6134 0.1153 161 334
469-0-1-0.05-50-0 0 2361 42 48 5 10 0.7447 0.1153 106 334
469-0-1-0.05-50-0 0 2361 38 16 11 25 0.6163 0.2228 270 149
469-0-1-0.05-50-0 0 2362 31 10 7 10 0.5626 0.2533 252 449
469-0-1-0.05-50-0 0 2362 16 48 24 9 0.2228 0.1153 149 334
469-0-1-0.05-50-0 0 2363 10 16 8 26 0.2533 0.2228 449 149
469-0-1-0.05-50-0 0 2363 11 36 8 2 0.0504 0.8162 384 165
469-0-1-0.05-50-0 0 2363 42 31 5 8 0.7447 0.5626 106 252
469-0-1-0.05-50-0 0 2364 26 29 2 10 0.8171 0.6728 141 177
469-0-1-0.05-50-0 0 2364 17 3 2 5 0.6398 0.4813 197 321
469-0-1-0.05-50-0 0 2365 29 49 8 6 0.6728 0.1842 177 136
469-0-1-0.05-50-0 0 2365 49 21 5 6 0.1842 0.4184 136 158
469-0-1-0.05-50-0 0 2366 5 1 4 3 0.0007 0.2520 226 409
469-0-1-0.05-50-0 0 2366 29 27 7 2 0.6728 0.0776 177 149
469-0-1-0.05-50-0 0 2367 36 39 1 6 0.8162 0.2187 165 309
469-0-1-0.05-50-0 0 2367 39 1 5 2 0.2187 0.2520 309 409
469-0-1-0.05-50-0 0 2368 48 1 11 1 0.1153 0.2520 334 409
469-0-1-0.05-50-0 0 2368 45 4 2 2 0.3816 0.0723 173 351
469-0-1-0.05-50-0 0 2369 49 16 4 26 0.1842 0.2228 136 149
469-0-1-0.05-50-0 0 2369 45 11 2 9 0.3816 0.0504 173 384
469-0-1-0.05-50-0 0 2370 10 11 6 9 0.2533 0.0504 449 384
469-0-1-0.05-50-0 0 2370 38 30 11 3 0.6163 0.6008 270 266
469-0-1-0.05-50-0 0 2371 39 48 6 10 0.2187 0.1153 309 334
469-0-1-0.05-50-0 0 2371 17 42 2 4 0.6398 0.7447 197 106
469-0-1-0.05-50-0 0 2372 43 30 5 2 0.8316 0.6008 123 266
469-0-1-0.05-50-0 0 2372 22 38 11 11 0.0160 0.6163 311 270
469-0-1-0.05-50-0 0 2373 45 16 3 30 0.3816 0.2228 173 149
469-0-1-0.05-50-0 0 2373 31 39 3 6 0.5626 0.2187 252 309
469-0-1-0.05-50-0 0 2374 6 48 2 10 0.4266 0.1153 249 334
469-0-1-0.05-50-0 0 2374 49 26 4 2 0.1842 0.8171 136 141
469-0-1-0.05-50-0 0 2375 42 38 2 10 0.7447 0.6163 106 270
469-0-1-0.05-50-0 0 2375 17 48 2 10 0.6398 0.1153 197 334
469-0-1-0.05-50-0 0 2375 10 46 7 4 0.2533 0.3451 449 327
469-0-1-0.05-50-0 0 2376 49 16 4 30 0.1842 0.2228 136 149
469-0-1-0.05-50-0 0 2376 16 50 29 1 0.2228 0.2147 149 147
469-0-1-0.05-50-0 0 2376 9 11 5 10 0.6134 0.0504 161 384
469-0-1-0.05-50-0 0 2377 48 21 9 2 0.1153 0.4184 334 158
469-0-1-0.05-50-0 0 2377 6 16 3 33 0.4266 0.2228 249 149
469-0-1-0.05-50-0 0 2377 11 16 8 32 0.0504 0.2228 384 149
469-0-1-0.05-50-0 0 2378 31 16 4 33 0.5626 0.2228 252 149
469-0-1-0.05-50-0 0 2378 15 11 1 8 0.7918 0.0504 149 384
469-0-1-0.05-50-0 0 2378 45 49 2 6 0.3816 0.1842 173 136
469-0-1-0.05-50-0 0 2379 48 39 10 4 0.1153 0.2187 334 309
469-0-1-0.05-50-0 0 2379 5 35 7 4 0.0007 0.0354 226 158
469-0-1-0.05-50-0 0 2379 8 16 7 33 0.2506 0.2228 303 149
469-0-1-0.05-50-0 0 2380 5 13 7 2 0.0007 0.8878 226 151
469-0-1-0.05-50-0 0 2380 22 49 9 5 0.0160 0.1842 311 136
469-0-1-0.05-50-0 0 2380 38 38 10 10 0.6163 0.6163 270 270
469-0-1-0.05-50-0 0 2381 16 48 31 12 0.2228 0.1153 149 334
469-0-1-0.05-50-0 0 2381 48 39 11 3 0.1153 0.2187 334 309
469-0-1-0.05-50-0 0 2381 42 48 3 11 0.7447 0.1153 106 334
469-0-1-0.05-50-0 0 2382 42 31 3 6 0.7447 0.5626 106 252
469-0-1-0.05-50-0 0 2382 16 38 32 12 0.2228 0.6163 149 270
469-0-1-0.05-50-0 0 2382 46 16 2 32 0.3451 0.2228 327 149
469-0-1-0.05-50-0 0 2383 16 15 32 3 0.2228 0.7918 149 149
469-0-1-0.05-50-0 0 2383 39 17 2 4 0.2187 0.6398 309 197
469-0-1-0.05-50-0 0 2383 16 38 32 11 0.2228 0.6163 149 270
469-0-1-0.05-50-0 0 2384 9 16 6 32 0.6134 0.2228 161 149
469-0-1-0.05-50-0 0 2384 11 31 9 5 0.0504 0.5626 384 252
469-0-1-0.05-50-0 0 2384 4 46 2 2 0.0723 0.3451 351 327
469-0-1-0.05-50-0 0 2385 16 16 35 35 0.2228 0.2228 149 149
469-0-1-0.05-50-0 0 2385 11 16 9 34 0.0504 0.2228 384 149
469-0-1-0.05-50-0 0 2385 19 29 1 7 0.8072 0.6728 134 177
469-0-1-0.05-50-0 0 2386 11 10 9 10 0.0504 0.2533 384 449
469-0-1-0.05-50-0 0 2386 16 22 33 11 0.2228 0.0160 149 311
469-0-1-0.05-50-0 0 2386 38 11 10 9 0.6163 0.0504 270 384
469-0-1-0.05-50-0 0 2387 13 42 2 2 0.8878 0.7447 151 106
469-0-1-0.05-50-0 0 2387 22 22 10 10 0.0160 0.0160 311 311
469-0-1-0.05-50-0 0 2387 22 16 9 33 0.0160 0.2228 311 149
469-0-1-0.05-50-0 0 2388 3 16 3 31 0.4813 0.2228 321 149
469-0-1-0.05-50-0 0 2388 21 9 3 6 0.4184 0.6134 158 161
469-0-1-0.05-50-0 0 2388 48 16 13 30 0.1153 0.2228 334 149
469-0-1-0.05-50-0 0 2389 31 21 5 3 0.5626 0.4184 252 158
469-0-1-0.05-50-0 0 2389 48 15 13 2 0.1153 0.7918 334 149
469-0-1-0.05-50-0 0 2389 43 16 9 27 0.8316 0.2228 123 149
469-0-1-0.05-50-0 0 2390 29 22 7 9 0.6728 0.0160 177 311
469-0-1-0.05-50-0 0 2390 48 10 14 7 0.1153 0.2533 334 449
469-0-1-0.05-50-0 0 2390 11 48 9 14 0.0504 0.1153 384 334
469-0-1-0.05-50-0 0 2391 16 5 27 14 0.2228 0.0007 149 226
469-0-1-0.05-50-0 0 2391 43 16 9 27 0.8316 0.2228 123 149
469-0-1-0.05-50-0 0 2391 22 3 8 5 0.0160 0.4813 311 321
469-0-1-0.05-50-0 0 2392 3 49 4 2 0.4813 0.1842 321 136
469-0-1-0.05-50-0 0 2392 10 38 7 9 0.2533 0.6163 449 270
469-0-1-0.05-50-0 0 2392 3 4 4 1 0.4813 0.0723 321 351
469-0-1-0.05-50-0 0 2393 5 16 12 27 0.0007 0.2228 226 149
469-0-1-0.05-50-0 0 2393 31 16 7 26 0.5626 0.2228 252 149
469-0-1-0.05-50-0 0 2393 22 9 10 6 0.0160 0.6134 311 161
469-0-1-0.05-50-0 0 2394 22 3 10 4 0.0160 0.4813 311 321
469-0-1-0.05-50-0 0 2394 48 22 16 10 0.1153 0.0160 334 311
469-0-1-0.05-50-0 0 2394 13 39 1 2 0.8878 0.2187 151 309
469-0-1-0.05-50-0 0 2395 27 10 1 6 0.0776 0.2533 149 449
469-0-1-0.05-50-0 0 2395 34 22 2 9 0.7448 0.0160 168 311
469-0-1-0.05-50-0 0 2395 29 11 5 7 0.6728 0.0504 177 384
469-0-1-0.05-50-0 0 2396 5 43 11 9 0.0007 0.8316 226 123
469-0-1-0.05-50-0 0 2396 31 16 8 28 0.5626 0.2228 252 149
469-0-1-0.05-50-0 0 2396 5 48 11 16 0.0007 0.1153 226 334
469-0-1-0.05-50-0 0 2397 5 16 11 28 0.0007 0.2228 226 149
469-0-1-0.05-50-0 0 2397 11 38 6 7 0.0504 0.6163 384 270
469-0-1-0.05-50-0 0 2397 22 16 8 27 0.0160 0.2228 311 149
469-0-1-0.05-50-0 0 2398 48 16 16 25 0.1153 0.2228 334 149
469-0-1-0.05-50-0 0 2398 30 43 2 9 0.6008 0.8316 266 123
469-0-1-0.05-50-0 0 2399 8 16 8 25 0.2506 0.2228 303 149
469-0-1-0.05-50-0 0 2399 43 16 8 24 0.8316 0.2228 123 149
469-0-1-0.05-50-0 0 2400 22 5 9 10 0.0160 0.0007 311 226
469-0-1-0.05-50-0 0 2400 38 41 7 1 0.6163 0.9621 270 105
469-0-1-0.05-50-0 0 2400 5 16 9 24 0.0007 0.2228 226 149
469-0-1-0.05-50-0 0 2401 13 9 1 5 0.8878 0.6134 151 161
469-0-1-0.05-50-0 0 2401 16 2 23 5 0.2228 0.8198 149 167
469-0-1-0.05-50-0 0 2402 6 22 5 11 0.4266 0.0160 249 311
469-0-1-0.05-50-0 0 2402 28 43 4 9 0.3846 0.8316 311 123
469-0-1-0.05-50-0 0 2403 22 11 10 6 0.0160 0.0504 311 384
469-0-1-0.05-50-0 0 2403 48 30 14 3 0.1153 0.6008 334 266
469-0-1-0.05-50-0 0 2404 16 21 24 3 0.2228 0.4184 149 158
469-0-1-0.05-50-0 0 2404 4 38 7 9 0.0723 0.6163 351 270
469-0-1-0.05-50-0 0 2405 16 22 24 9 0.2228 0.0160 149 311
469-0-1-0.05-50-0 0 2405 16 16 24 24 0.2228 0.2228 149 149
469-0-1-0.05-50-0 0 2406 22 48 9 17 0.0160 0.1153 311 334
469-0-1-0.05-50-0 0 2406 22 21 9 2 0.0160 0.4184 311 158
469-0-1-0.05-50-0 0 2407 11 43 6 9 0.0504 0.8316 384 123
469-0-1-0.05-50-0 0 2407 2 31 4 7 0.8198 0.5626 167 252
469-0-1-0.05-50-0 0 2408 9 35 5 4 0.6134 0.0354 161 158
469-0-1-0.05-50-0 0 2408 16 5 24 8 0.2228 0.0007 149 226
469-0-1-0.05-50-0 0 2409 48 48 15 15 0.1153 0.1153 334 334
469-0-1-0.05-50-0 0 2409 5 6 7 5 0.0007 0.4266 226 249
469-0-1-0.05-50-0 0 2410 5 8 6 7 0.0007 0.2506 226 303
469-0-1-0.05-50-0 0 2410 16 4 24 8 0.2228 0.0723 149 351
469-0-1-0.05-50-0 0 2411 35 16 3 24 0.0354 0.2228 158 149
469-0-1-0.05-50-0 0 2411 31 4 7 7 0.5626 0.0723 252 351
469-0-1-0.05-50-0 0 2412 28 8 2 7 0.3846 0.2506 311 303
469-0-1-0.05-50-0 0 2412 5 8 4 6 0.0007 0.2506 226 303
469-0-1-0.05-50-0 0 2413 48 13 12 1 0.1153 0.8878 334 151
469-0-1-0.05-50-0 0 2413 48 30 12 3 0.1153 0.6008 334 266
469-0-1-0.05-50-0 0 2414 38 10 8 2 0.6163 0.2533 270 449
469-0-1-0.05-50-0 0 2414 9 5 6 4 0.6134 0.0007 161 226
469-0-1-0.05-50-0 0 2415 31 29 7 3 0.5626 0.6728 252 177
469-0-1-0.05-50-0 0 2415 4 39 4 1 0.0723 0.2187 351 309
469-0-1-0.05-50-0 0 2416 22 9 10 6 0.0160 0.6134 311 161
469-0-1-0.05-50-0 0 2416 4 16 4 25 0.0723 0.2228 351 149
469-0-1-0.05-50-0 0 2417 31 43 6 12 0.5626 0.8316 252 123
469-0-1-0.05-50-0 0 2417 43 16 11 25 0.8316 0.2228 123 149
469-0-1-0.05-50-0 0 2418 16 22 25 11 0.2228 0.0160 149 311
469-0-1-0.05-50-0 0 2418 48 16 15 25 0.1153 0.2228 334 149
469-0-1-0.05-50-0 0 2419 48 8 14 7 0.1153 0.2506 334 303
469-0-1-0.05-50-0 0 2419 35 4 1 4 0.0354 0.0723 158 351
469-0-1-0.05-50-0 0 2420 48 9 17 7 0.1153 0.6134 334 161
469-0-1-0.05-50-0 0 2420 30 48 2 17 0.6008 0.1153 266 334
469-0-1-0.05-50-0 0 2421 28 9 4 6 0.3846 0.6134 311 161
469-0-1-0.05-50-0 0 2421 16 8 24 6 0.2228 0.2506 149 303
469-0-1-0.05-50-0 0 2422 11 28 10 4 0.0504 0.3846 384 311
469-0-1-0.05-50-0 0 2422 22 43 9 11 0.0160 0.8316 311 123
469-0-1-0.05-50-0 0 2423 23 16 1 24 0.1698 0.2228 476 149
469-0-1-0.05-50-0 0 2423 3 16 3 23 0.4813 0.2228 321 149
469-0-1-0.05-50-0 0 2424 15 16 3 22 0.7918 0.2228 149 149
469-0-1-0.05-50-0 0 2424 9 31 5 6 0.6134 0.5626 161 252
469-0-1-0.05-50-0 0 2425 49 18 4 2 0.1842 0.2181 136 226
469-0-1-0.05-50-0 0 2425 11 16 10 22 0.0504 0.2228 384 149
469-0-1-0.05-50-0 0 2426 4 31 2 4 0.0723 0.5626 351 252
469-0-1-0.05-50-0 0 2426 48 8 15 6 0.1153 0.2506 334 303
469-0-1-0.05-50-0 0 2427 16 9 22 5 0.2228 0.6134 149 161
469-0-1-0.05-50-0 0 2427 28 3 3 3 0.3846 0.4813 311 321
469-0-1-0.05-50-0 0 2428 16 16 21 21 0.2228 0.2228 149 149
469-0-1-0.05-50-0 0 2428 43 15 9 3 0.8316 0.7918 123 149
469-0-1-0.05-50-0 0 2429 29 48 3 20 0.6728 0.1153 177 334
469-0-1-0.05-50-0 0 2429 12 43 2 10 0.1896 0.8316 325 123
469-0-1-0.05-50-0 0 2430 16 16 19 19 0.2228 0.2228 149 149
469-0-1-0.05-50-0 0 2430 10 48 1 18 0.2533 0.1153 449 334
469-0-1-0.05-50-0 0 2431 2 23 2 1 0.8198 0.1698 167 476
469-0-1-0.05-50-0 0 2431 22 43 7 11 0.0160 0.8316 311 123
469-0-1-0.05-50-0 0 2432 43 28 10 3 0.8316 0.3846 123 311
469-0-1-0.05-50-0 0 2432 22 16 7 18 0.0160 0.2228 311 149
469-0-1-0.05-50-0 0 2433 12 43 2 10 0.1896 0.8316 325 123
469-0-1-0.05-50-0 0 2433 11 18 15 2 0.0504 0.2181 384 226
469-0-1-0.05-50-0 0 2434 38 48 10 14 0.6163 0.1153 270 334
469-0-1-0.05-50-0 0 2434 4 49 1 4 0.0723 0.1842 351 136
469-0-1-0.05-50-0 0 2435 18 11 1 16 0.2181 0.0504 226 384
469-0-1-0.05-50-0 0 2435 48 48 14 14 0.1153 0.1153 334 334
469-0-1-0.05-50-0 0 2436 43 38 10 8 0.8316 0.6163 123 270
469-0-1-0.05-50-0 0 2436 38 43 7 10 0.6163 0.8316 270 123
469-0-1-0.05-50-0 0 2437 6 9 9 6 0.4266 0.6134 249 161
469-0-1-0.05-50-0 0 2437 22 15 10 2 0.0160 0.7918 311 149
469-0-1-0.05-50-0 0 2438 48 43 13 9 0.1153 0.8316 334 123
469-0-1-0.05-50-0 0 2438 48 43 13 8 0.1153 0.8316 334 123
469-0-1-0.05-50-0 0 2439 16 29 21 4 0.2228 0.6728 149 177
469-0-1-0.05-50-0 0 2439 6 16 12 21 0.4266 0.2228 249 149
469-0-1-0.05-50-0 0 2440 22 48 11 14 0.0160 0.1153 311 334
469-0-1-0.05-50-0 0 2440 11 2 14 2 0.0504 0.8198 384 167
469-0-1-0.05-50-0 0 2441 11 43 14 6 0.0504 0.8316 384 123
469-0-1-0.05-50-0 0 2441 22 22 12 12 0.0160 0.0160 311 311
469-0-1-0.05-50-0 0 2442 16 16 18 18 0.2228 0.2228 149 149
469-0-1-0.05-50-0 0 2442 43 35 6 2 0.8316 0.0354 123 158
469-0-1-0.05-50-0 0 2443 5 21 4 2 0.0007 0.4184 226 158
469-0-1-0.05-50-0 0 2443 16 22 16 12 0.2228 0.0160 149 311
469-0-1-0.05-50-0 0 2444 16 32 16 1 0.2228 0.6514 149 215
469-0-1-0.05-50-0 0 2444 16 49 16 4 0.2228 0.1842 149 136
469-0-1-0.05-50-0 0 2445 38 16 9 17 0.6163 0.2228 270 149
469-0-1-0.05-50-0 0 2445 38 16 9 16 0.6163 0.2228 270 149
469-0-1-0.05-50-0 0 2445 12 16 3 15 0.1896 0.2228 325 149
469-0-1-0.05-50-0 0 2446 34 11 5 17 0.7448 0.0504 168 384
469-0-1-0.05-50-0 0 2446 43 18 8 1 0.8316 0.2181 123 226
469-0-1-0.05-50-0 0 2446 9 48 5 14 0.6134 0.1153 161 334
469-0-1-0.05-50-0 0 2447 19 48 1 13 0.8072 0.1153 134 334
469-0-1-0.05-50-0 0 2447 3 22 2 13 0.4813 0.0160 321 311
469-0-1-0.05-50-0 0 2447 8 38 6 9 0.2506 0.6163 303 270
469-0-1-0.05-50-0 0 2448 49 1 3 4 0.1842 0.2520 136 409
469-0-1-0.05-50-0 0 2448 6 5 19 3 0.4266 0.0007 249 226
469-0-1-0.05-50-0 0 2448 6 11 19 15 0.4266 0.0504 249 384
469-0-1-0.05-50-0 0 2449 9 11 7 14 0.6134 0.0504 161 384
469-0-1-0.05-50-0 0 2449 48 9 12 7 0.1153 0.6134 334 161
469-0-1-0.05-50-0 0 2449 19 43 1 8 0.8072 0.8316 134 123
469-0-1-0.05-50-0 0 2450 48 16 14 12 0.1153 0.2228 334 149
469-0-1-0.05-50-0 0 2450 9 12 6 3 0.6134 0.1896 161 325
469-0-1-0.05-50-0 0 2450 9 22 6 12 0.6134 0.0160 161 311
469-0-1-0.05-50-0 0 2451 22 6 11 21 0.0160 0.4266 311 249
469-0-1-0.05-50-0 0 2451 35 6 5 20 0.0354 0.4266 158 249
469-0-1-0.05-50-0 0 2452 49 6 4 19 0.1842 0.4266 136 249
469-0-1-0.05-50-0 0 2452 8 22 7 11 0.2506 0.0160 303 311
469-0-1-0.05-50-0 0 2452 31 6 4 18 0.5626 0.4266 252 249
469-0-1-0.05-50-0 0 2453 31 16 4 10 0.5626 0.2228 252 149
469-0-1-0.05-50-0 0 2453 34 35 4 7 0.7448 0.0354 168 158
469-0-1-0.05-50-0 0 2453 9 8 6 8 0.6134 0.2506 161 303
469-0-1-0.05-50-0 0 2454 11 48 11 16 0.0504 0.1153 384 334
469-0-1-0.05-50-0 0 2454 49 44 4 1 0.1842 0.7034 136 118
469-0-1-0.05-50-0 0 2454 8 8 7 7 0.2506 0.2506 303 303
469-0-1-0.05-50-0 0 2455 12 6 3 17 0.1896 0.4266 325 249
469-0-1-0.05-50-0 0 2455 16 8 8 7 0.2228 0.2506 149 303
469-0-1-0.05-50-0 0 2455 35 48 6 15 0.0354 0.1153 158 334
469-0-1-0.05-50-0 0 2456 11 49 14 4 0.0504 0.1842 384 136
469-0-1-0.05-50-0 0 2456 34 31 4 4 0.7448 0.5626 168 252
469-0-1-0.05-50-0 0 2456 16 3 9 3 0.2228 0.4813 149 321
469-0-1-0.05-50-0 0 2457 43 31 7 3 0.8316 0.5626 123 252
469-0-1-0.05-50-0 0 2457 16 9 8 8 0.2228 0.6134 149 161
469-0-1-0.05-50-0 0 2457 45 10 6 1 0.3816 0.2533 173 449
469-0-1-0.05-50-0 0 2458 48 6 19 19 0.1153 0.4266 334 249
469-0-1-0.05-50-0 0 2458 6 39 18 2 0.4266 0.2187 249 309
469-0-1-0.05-50-0 0 2458 1 45 3 5 0.2520 0.3816 409 173
469-0-1-0.05-50-0 0 2459 1 35 3 8 0.2520 0.0354 409 158
469-0-1-0.05-50-0 0 2459 17 14 1 1 0.6398 0.8451 197 105
469-0-1-0.05-50-0 0 2459 49 38 2 11 0.1842 0.6163 136 270
469-0-1-0.05-50-0 0 2460 12 22 3 11 0.1896 0.0160 325 311
469-0-1-0.05-50-0 0 2460 34 2 6 3 0.7448 0.8198 168 167
469-0-1-0.05-50-0 0 2460 11 1 17 3 0.0504 0.2520 384 409
469-0-1-0.05-50-0 0 2461 34 43 6 7 0.7448 0.8316 168 123
469-0-1-0.05-50-0 0 2461 48 38 18 12 0.1153 0.6163 334 270
469-0-1-0.05-50-0 0 2461 43 28 6 8 0.8316 0.3846 123 311
469-0-1-0.05-50-0 0 2462 35 43 9 6 0.0354 0.8316 158 123
469-0-1-0.05-50-0 0 2462 11 6 17 19 0.0504 0.4266 384 249
469-0-1-0.05-50-0 0 2462 11 3 17 4 0.0504 0.4813 384 321
469-0-1-0.05-50-0 0 2463 22 6 10 19 0.0160 0.4266 311 249
469-0-1-0.05-50-0 0 2463 22 22 10 10 0.0160 0.0160 311 311
469-0-1-0.05-50-0 0 2463 11 19 16 4 0.0504 0.8072 384 134
469-0-1-0.05-50-0 0 2464 6 43 18 4 0.4266 0.8316 249 123
469-0-1-0.05-50-0 0 2464 30 8 4 9 0.6008 0.2506 266 303
469-0-1-0.05-50-0 0 2464 22 35 9 10 0.0160 0.0354 311 158
469-0-1-0.05-50-0 0 2465 48 6 15 18 0.1153 0.4266 334 249
469-0-1-0.05-50-0 0 2465 35 16 9 8 0.0354 0.2228 158 149
469-0-1-0.05-50-0 0 2465 43 16 3 7 0.8316 0.2228 123 149
469-0-1-0.05-50-0 0 2466 6 15 17 2 0.4266 0.7918 249 149
469-0-1-0.05-50-0 0 2466 9 34 5 7 0.6134 0.7448 161 168
469-0-1-0.05-50-0 0 2467 11 3 18 4 0.0504 0.4813 384 321
469-0-1-0.05-50-0 0 2467 6 1 16 1 0.4266 0.2520 249 409
469-0-1-0.05-50-0 0 2468 6 11 17 19 0.4266 0.0504 249 384
469-0-1-0.05-50-0 0 2468 6 22 17 8 0.4266 0.0160 249 311
469-0-1-0.05-50-0 0 2469 35 6 9 18 0.0354 0.4266 158 249
469-0-1-0.05-50-0 0 2469 11 9 20 7 0.0504 0.6134 384 161
469-0-1-0.05-50-0 0 2470 48 6 16 17 0.1153 0.4266 334 249
469-0-1-0.05-50-0 0 2470 48 48 16 16 0.1153 0.1153 334 334
469-0-1-0.05-50-0 0 2470 5 38 2 8 0.0007 0.6163 226 270
469-0-1-0.05-50-0 0 2471 28 39 8 3 0.3846 0.2187 311 309
469-0-1-0.05-50-0 0 2471 49 28 2 8 0.1842 0.3846 136 311
469-0-1-0.05-50-0 0 2471 30 11 4 20 0.6008 0.0504 266 384
469-0-1-0.05-50-0 0 2472 11 22 18 7 0.0504 0.0160 384 311
469-0-1-0.05-50-0 0 2472 16 22 8 6 0.2228 0.0160 149 311
469-0-1-0.05-50-0 0 2472 6 28 16 8 0.4266 0.3846 249 311
469-0-1-0.05-50-0 0 2473 28 34 8 9 0.3846 0.7448 311 168
469-0-1-0.05-50-0 0 2473 11 9 20 10 0.0504 0.6134 384 161
469-0-1-0.05-50-0 0 2473 6 16 16 9 0.4266 0.2228 249 149
469-0-1-0.05-50-0 0 2474 22 28 5 8 0.0160 0.3846 311 311
469-0-1-0.05-50-0 0 2474 35 16 9 7 0.0354 0.2228 158 149
469-0-1-0.05-50-0 0 2474 15 6 2 16 0.7918 0.4266 149 249
469-0-1-0.05-50-0 0 2475 29 28 6 7 0.6728 0.3846 177 311
469-0-1-0.05-50-0 0 2475 8 9 9 9 0.2506 0.6134 303 161
469-0-1-0.05-50-0 0 2475 9 3 8 7 0.6134 0.4813 161 321
469-0-1-0.05-50-0 0 2476 11 34 19 7 0.0504 0.7448 384 168
469-0-1-0.05-50-0 0 2476 34 3 6 6 0.7448 0.4813 168 321
469-0-1-0.05-50-0 0 2476 35 29 10 7 0.0354 0.6728 158 177
469-0-1-0.05-50-0 0 2477 8 22 10 5 0.2506 0.0160 303 311
469-0-1-0.05-50-0 0 2477 9 6 10 14 0.6134 0.4266 161 249
469-0-1-0.05-50-0 0 2477 28 23 7 1 0.3846 0.1698 311 476
469-0-1-0.05-50-0 0 2478 35 11 10 20 0.0354 0.0504 158 384
469-0-1-0.05-50-0 0 2478 29 6 6 13 0.6728 0.4266 177 249
469-0-1-0.05-50-0 0 2478 12 27 4 2 0.1896 0.0776 325 149
469-0-1-0.05-50-0 0 2479 34 35 6 11 0.7448 0.0354 168 158
469-0-1-0.05-50-0 0 2479 22 6 5 11 0.0160 0.4266 311 249
469-0-1-0.05-50-0 0 2479 34 35 6 10 0.7448 0.0354 168 158
469-0-1-0.05-50-0 0 2480 8 2 9 3 0.2506 0.8198 303 167
469-0-1-0.05-50-0 0 2480 11 3 20 6 0.0504 0.4813 384 321
469-0-1-0.05-50-0 0 2480 35 3 9 5 0.0354 0.4813 158 321
469-0-1-0.05-50-0 0 2481 16 28 6 11 0.2228 0.3846 149 311
469-0-1-0.05-50-0 0 2481 8 1 8 2 0.2506 0.2520 303 409
469-0-1-0.05-50-0 0 2481 48 8 23 8 0.1153 0.2506 334 303
469-0-1-0.05-50-0 0 2482 39 35 4 9 0.2187 0.0354 309 158
469-0-1-0.05-50-0 0 2482 19 12 5 3 0.8072 0.1896 134 325
469-0-1-0.05-50-0 0 2482 2 6 2 12 0.8198 0.4266 167 249
469-0-1-0.05-50-0 0 2483 48 48 26 26 0.1153 0.1153 334 334
469-0-1-0.05-50-0 0 2483 22 16 6 7 0.0160 0.2228 311 149
469-0-1-0.05-50-0 0 2483 35 19 8 6 0.0354 0.8072 158 134
469-0-1-0.05-50-0 0 2484 35 48 8 25 0.0354 0.1153 158 334
469-0-1-0.05-50-0 0 2484 35 19 8 5 0.0354 0.8072 158 134
469-0-1-0.05-50-0 0 2484 28 11 11 20 0.3846 0.0504 311 384
469-0-1-0.05-50-0 0 2485 28 29 11 7 0.3846 0.6728 311 177
469-0-1-0.05-50-0 0 2485 28 11 11 19 0.3846 0.0504 311 384
469-0-1-0.05-50-0 0 2485 48 38 25 6 0.1153 0.6163 334 270
469-0-1-0.05-50-0 0 2486 28 28 12 12 0.3846 0.3846 311 311
469-0-1-0.05-50-0 0 2486 35 11 8 20 0.0354 0.0504 158 384
469-0-1-0.05-50-0 0 2486 11 11 19 19 0.0504 0.0504 384 384
469-0-1-0.05-50-0 0 2487 28 12 11 2 0.3846 0.1896 311 325
469-0-1-0.05-50-0 0 2487 22 8 8 10 0.0160 0.2506 311 303
469-0-1-0.05-50-0 0 2487 43 2 5 1 0.8316 0.8198 123 167
469-0-1-0.05-50-0 0 2488 22 11 7 18 0.0160 0.0504 311 384
469-0-1-0.05-50-0 0 2488 35 3 9 5 0.0354 0.4813 158 321
469-0-1-0.05-50-0 0 2488 6 8 8 11 0.4266 0.2506 249 303
469-0-1-0.05-50-0 0 2489 48 18 24 1 0.1153 0.2181 334 226
469-0-1-0.05-50-0 0 2489 31 35 1 8 0.5626 0.0354 252 158
469-0-1-0.05-50-0 0 2489 38 11 5 17 0.6163 0.0504 270 384
469-0-1-0.05-50-0 0 2490 6 6 8 8 0.4266 0.4266 249 249
469-0-1-0.05-50-0 0 2490 28 35 12 7 0.3846 0.0354 311 158
469-0-1-0.05-50-0 0 2490 1 43 1 6 0.2520 0.8316 409 123
469-0-1-0.05-50-0 0 2491 9 49 8 2 0.6134 0.1842 161 136
469-0-1-0.05-50-0 0 2491 17 35 2 7 0.6398 0.0354 197 158
469-0-1-0.05-50-0 0 2491 48 3 25 4 0.1153 0.4813 334 321
469-0-1-0.05-50-0 0 2492 19 35 5 6 0.8072 0.0354 134 158
469-0-1-0.05-50-0 0 2492 6 8 9 9 0.4266 0.2506 249 303
469-0-1-0.05-50-0 0 2492 22 48 7 25 0.0160 0.1153 311 334
469-0-1-0.05-50-0 0 2493 8 6 8 9 0.2506 0.4266 303 249
469-0-1-0.05-50-0 0 2493 39 48 3 25 0.2187 0.1153 309 334
469-0-1-0.05-50-0 0 2493 8 49 8 1 0.2506 0.1842 303 136
469-0-1-0.05-50-0 0 2494 35 44 5 2 0.0354 0.7034 158 118
469-0-1-0.05-50-0 0 2494 19 34 4 11 0.8072 0.7448 134 168
469-0-1-0.05-50-0 0 2494 9 44 8 1 0.6134 0.7034 161 118
469-0-1-0.05-50-0 0 2495 48 43 25 8 0.1153 0.8316 334 123
469-0-1-0.05-50-0 0 2495 6 11 11 19 0.4266 0.0504 249 384
469-0-1-0.05-50-0 0 2495 12 22 3 6 0.1896 0.0160 325 311
469-0-1-0.05-50-0 0 2496 16 43 7 7 0.2228 0.8316 149 123
469-0-1-0.05-50-0 0 2496 35 22 5 5 0.0354 0.0160 158 311
469-0-1-0.05-50-0 0 2496 35 48 5 23 0.0354 0.1153 158 334
469-0-1-0.05-50-0 0 2497 34 31 12 1 0.7448 0.5626 168 252
469-0-1-0.05-50-0 0 2497 8 48 9 23 0.2506 0.1153 303 334
469-0-1-0.05-50-0 0 2497 9 28 6 15 0.6134 0.3846 161 311
469-0-1-0.05-50-0 0 2498 9 35 6 4 0.6134 0.0354 161 158
469-0-1-0.05-50-0 0 2498 11 11 20 20 0.0504 0.0504 384 384
469-0-1-0.05-50-0 0 2498 11 48 19 22 0.0504 0.1153 384 334
469-0-1-0.05-50-0 0 2499 39 48 5 20 0.2187 0.1153 309 334
469-0-1-0.05-50-0 0 2499 16 29 7 10 0.2228 0.6728 149 177
469-0-1-0.05-50-0 0 2499 8 21 9 3 0.2506 0.4184 303 158
469-0-1-0.05-50-0 0 2500 3 22 4 4 0.4813 0.0160 321 311
469-0-1-0.05-50-0 0 2500 11 38 20 5 0.0504 0.6163 384 270
469-0-1-0.05-50-0 0 2500 16 11 7 20 0.2228 0.0504 149 384
