47-0-1-0.05-50-0 0 2302 27 48 5 38 0.0776 0.1153 149 334
47-0-1-0.05-50-0 0 2302 22 50 14 7 0.0160 0.2147 311 147
47-0-1-0.05-50-0 0 2303 5 23 12 3 0.0007 0.1698 226 476
47-0-1-0.05-50-0 0 2303 48 29 39 2 0.1153 0.6728 334 177
47-0-1-0.05-50-0 0 2304 39 22 5 14 0.2187 0.0160 309 311
47-0-1-0.05-50-0 0 2304 5 48 13 38 0.0007 0.1153 226 334
47-0-1-0.05-50-0 0 2305 48 48 39 39 0.1153 0.1153 334 334
47-0-1-0.05-50-0 0 2305 50 44 8 2 0.2147 0.7034 147 118
47-0-1-0.05-50-0 0 2306 48 37 40 5 0.1153 0.8481 334 127
47-0-1-0.05-50-0 0 2306 31 7 10 4 0.5626 0.9267 252 106
47-0-1-0.05-50-0 0 2307 48 24 43 4 0.1153 0.1940 334 254
47-0-1-0.05-50-0 0 2307 48 28 43 2 0.1153 0.3846 334 311
47-0-1-0.05-50-0 0 2308 48 39 43 5 0.1153 0.2187 334 309
47-0-1-0.05-50-0 0 2308 48 48 43 43 0.1153 0.1153 334 334
47-0-1-0.05-50-0 0 2309 31 22 10 11 0.5626 0.0160 252 311
47-0-1-0.05-50-0 0 2309 37 48 4 39 0.8481 0.1153 127 334
47-0-1-0.05-50-0 0 2310 48 48 36 36 0.1153 0.1153 334 334
47-0-1-0.05-50-0 0 2310 23 48 2 35 0.1698 0.1153 476 334
47-0-1-0.05-50-0 0 2311 43 5 3 13 0.8316 0.0007 123 226
47-0-1-0.05-50-0 0 2311 36 22 1 11 0.8162 0.0160 165 311
47-0-1-0.05-50-0 0 2312 37 48 3 36 0.8481 0.1153 127 334
47-0-1-0.05-50-0 0 2312 3 48 6 35 0.4813 0.1153 321 334
47-0-1-0.05-50-0 0 2313 9 31 4 12 0.6134 0.5626 161 252
47-0-1-0.05-50-0 0 2313 48 27 36 3 0.1153 0.0776 334 149
47-0-1-0.05-50-0 0 2314 50 5 6 13 0.2147 0.0007 147 226
47-0-1-0.05-50-0 0 2314 34 48 3 36 0.7448 0.1153 168 334
47-0-1-0.05-50-0 0 2315 48 27 36 2 0.1153 0.0776 334 149
47-0-1-0.05-50-0 0 2315 16 33 3 1 0.2228 0.6893 149 191
47-0-1-0.05-50-0 0 2316 38 5 8 14 0.6163 0.0007 270 226
47-0-1-0.05-50-0 0 2316 48 34 38 3 0.1153 0.7448 334 168
47-0-1-0.05-50-0 0 2317 27 18 2 3 0.0776 0.2181 149 226
47-0-1-0.05-50-0 0 2317 48 5 37 13 0.1153 0.0007 334 226
47-0-1-0.05-50-0 0 2318 50 5 7 12 0.2147 0.0007 147 226
47-0-1-0.05-50-0 0 2318 31 27 11 2 0.5626 0.0776 252 149
47-0-1-0.05-50-0 0 2319 36 22 1 11 0.8162 0.0160 165 311
47-0-1-0.05-50-0 0 2319 9 48 7 41 0.6134 0.1153 161 334
47-0-1-0.05-50-0 0 2319 34 23 3 3 0.7448 0.1698 168 476
47-0-1-0.05-50-0 0 2320 16 23 5 2 0.2228 0.1698 149 476
47-0-1-0.05-50-0 0 2320 9 48 6 42 0.6134 0.1153 161 334
47-0-1-0.05-50-0 0 2320 39 39 5 5 0.2187 0.2187 309 309
47-0-1-0.05-50-0 0 2321 31 38 13 10 0.5626 0.6163 252 270
47-0-1-0.05-50-0 0 2321 48 4 44 1 0.1153 0.0723 334 351
47-0-1-0.05-50-0 0 2321 31 48 13 44 0.5626 0.1153 252 334
47-0-1-0.05-50-0 0 2322 22 48 12 45 0.0160 0.1153 311 334
47-0-1-0.05-50-0 0 2322 27 9 1 4 0.0776 0.6134 149 161
47-0-1-0.05-50-0 0 2323 43 39 4 4 0.8316 0.2187 123 309
47-0-1-0.05-50-0 0 2323 31 22 12 13 0.5626 0.0160 252 311
47-0-1-0.05-50-0 0 2324 37 48 6 44 0.8481 0.1153 127 334
47-0-1-0.05-50-0 0 2324 39 48 3 43 0.2187 0.1153 309 334
47-0-1-0.05-50-0 0 2325 5 34 14 3 0.0007 0.7448 226 168
47-0-1-0.05-50-0 0 2325 24 5 5 14 0.1940 0.0007 254 226
47-0-1-0.05-50-0 0 2326 31 35 11 1 0.5626 0.0354 252 158
47-0-1-0.05-50-0 0 2326 48 48 41 41 0.1153 0.1153 334 334
47-0-1-0.05-50-0 0 2327 43 22 5 12 0.8316 0.0160 123 311
47-0-1-0.05-50-0 0 2327 50 37 8 6 0.2147 0.8481 147 127
47-0-1-0.05-50-0 0 2328 38 48 10 38 0.6163 0.1153 270 334
47-0-1-0.05-50-0 0 2328 5 39 14 4 0.0007 0.2187 226 309
47-0-1-0.05-50-0 0 2329 37 50 6 11 0.8481 0.2147 127 147
47-0-1-0.05-50-0 0 2329 16 24 4 5 0.2228 0.1940 149 254
47-0-1-0.05-50-0 0 2330 5 31 14 8 0.0007 0.5626 226 252
47-0-1-0.05-50-0 0 2330 42 48 2 37 0.7447 0.1153 106 334
47-0-1-0.05-50-0 0 2331 48 42 34 2 0.1153 0.7447 334 106
47-0-1-0.05-50-0 0 2331 48 22 34 9 0.1153 0.0160 334 311
47-0-1-0.05-50-0 0 2332 48 23 33 1 0.1153 0.1698 334 476
47-0-1-0.05-50-0 0 2332 22 31 7 7 0.0160 0.5626 311 252
47-0-1-0.05-50-0 0 2333 48 28 35 2 0.1153 0.3846 334 311
47-0-1-0.05-50-0 0 2333 31 37 6 6 0.5626 0.8481 252 127
47-0-1-0.05-50-0 0 2334 3 43 7 7 0.4813 0.8316 321 123
47-0-1-0.05-50-0 0 2334 50 16 10 6 0.2147 0.2228 147 149
47-0-1-0.05-50-0 0 2334 7 22 4 7 0.9267 0.0160 106 311
47-0-1-0.05-50-0 0 2335 24 43 4 6 0.1940 0.8316 254 123
47-0-1-0.05-50-0 0 2335 3 10 8 4 0.4813 0.2533 321 449
47-0-1-0.05-50-0 0 2336 48 7 34 5 0.1153 0.9267 334 106
47-0-1-0.05-50-0 0 2336 43 5 5 14 0.8316 0.0007 123 226
47-0-1-0.05-50-0 0 2337 31 48 5 34 0.5626 0.1153 252 334
47-0-1-0.05-50-0 0 2337 48 5 33 15 0.1153 0.0007 334 226
47-0-1-0.05-50-0 0 2338 50 3 13 8 0.2147 0.4813 147 321
47-0-1-0.05-50-0 0 2338 16 48 5 35 0.2228 0.1153 149 334
47-0-1-0.05-50-0 0 2339 10 38 2 10 0.2533 0.6163 449 270
47-0-1-0.05-50-0 0 2339 50 48 13 34 0.2147 0.1153 147 334
47-0-1-0.05-50-0 0 2340 22 48 5 34 0.0160 0.1153 311 334
47-0-1-0.05-50-0 0 2340 50 34 14 3 0.2147 0.7448 147 168
47-0-1-0.05-50-0 0 2341 5 38 16 9 0.0007 0.6163 226 270
47-0-1-0.05-50-0 0 2341 48 33 32 4 0.1153 0.6893 334 191
47-0-1-0.05-50-0 0 2342 39 5 4 15 0.2187 0.0007 309 226
47-0-1-0.05-50-0 0 2342 7 48 2 32 0.9267 0.1153 106 334
47-0-1-0.05-50-0 0 2343 24 37 4 5 0.1940 0.8481 254 127
47-0-1-0.05-50-0 0 2343 43 34 8 3 0.8316 0.7448 123 168
47-0-1-0.05-50-0 0 2344 33 48 3 29 0.6893 0.1153 191 334
47-0-1-0.05-50-0 0 2344 39 9 5 4 0.2187 0.6134 309 161
47-0-1-0.05-50-0 0 2345 18 24 4 4 0.2181 0.1940 226 254
47-0-1-0.05-50-0 0 2345 37 48 4 31 0.8481 0.1153 127 334
47-0-1-0.05-50-0 0 2346 16 18 4 4 0.2228 0.2181 149 226
47-0-1-0.05-50-0 0 2346 1 50 2 16 0.2520 0.2147 409 147
47-0-1-0.05-50-0 0 2346 5 48 15 33 0.0007 0.1153 226 334
47-0-1-0.05-50-0 0 2347 43 50 9 13 0.8316 0.2147 123 147
47-0-1-0.05-50-0 0 2347 5 48 16 33 0.0007 0.1153 226 334
47-0-1-0.05-50-0 0 2347 38 39 11 5 0.6163 0.2187 270 309
47-0-1-0.05-50-0 0 2348 5 3 16 9 0.0007 0.4813 226 321
47-0-1-0.05-50-0 0 2348 3 34 8 2 0.4813 0.7448 321 168
47-0-1-0.05-50-0 0 2348 3 48 8 33 0.4813 0.1153 321 334
47-0-1-0.05-50-0 0 2349 9 50 3 16 0.6134 0.2147 161 147
47-0-1-0.05-50-0 0 2349 37 48 4 32 0.8481 0.1153 127 334
47-0-1-0.05-50-0 0 2349 5 3 19 8 0.0007 0.4813 226 321
47-0-1-0.05-50-0 0 2350 18 39 3 4 0.2181 0.2187 226 309
47-0-1-0.05-50-0 0 2350 43 18 7 3 0.8316 0.2181 123 226
47-0-1-0.05-50-0 0 2351 5 43 18 8 0.0007 0.8316 226 123
47-0-1-0.05-50-0 0 2351 5 50 18 15 0.0007 0.2147 226 147
47-0-1-0.05-50-0 0 2352 48 5 29 18 0.1153 0.0007 334 226
47-0-1-0.05-50-0 0 2352 33 50 2 17 0.6893 0.2147 191 147
47-0-1-0.05-50-0 0 2353 1 5 1 15 0.2520 0.0007 409 226
47-0-1-0.05-50-0 0 2353 38 48 16 27 0.6163 0.1153 270 334
47-0-1-0.05-50-0 0 2354 10 18 5 3 0.2533 0.2181 449 226
47-0-1-0.05-50-0 0 2354 48 38 25 17 0.1153 0.6163 334 270
47-0-1-0.05-50-0 0 2354 43 50 7 17 0.8316 0.2147 123 147
47-0-1-0.05-50-0 0 2355 33 38 4 17 0.6893 0.6163 191 270
47-0-1-0.05-50-0 0 2355 24 18 5 2 0.1940 0.2181 254 226
47-0-1-0.05-50-0 0 2355 50 5 16 15 0.2147 0.0007 147 226
47-0-1-0.05-50-0 0 2356 28 50 2 18 0.3846 0.2147 311 147
47-0-1-0.05-50-0 0 2356 5 43 15 8 0.0007 0.8316 226 123
47-0-1-0.05-50-0 0 2356 2 37 4 8 0.8198 0.8481 167 127
47-0-1-0.05-50-0 0 2357 24 48 6 27 0.1940 0.1153 254 334
47-0-1-0.05-50-0 0 2357 3 38 6 16 0.4813 0.6163 321 270
47-0-1-0.05-50-0 0 2357 50 48 17 26 0.2147 0.1153 147 334
47-0-1-0.05-50-0 0 2358 50 24 18 6 0.2147 0.1940 147 254
47-0-1-0.05-50-0 0 2358 43 37 9 7 0.8316 0.8481 123 127
47-0-1-0.05-50-0 0 2358 50 10 18 6 0.2147 0.2533 147 449
47-0-1-0.05-50-0 0 2359 50 38 19 18 0.2147 0.6163 147 270
47-0-1-0.05-50-0 0 2359 38 43 17 9 0.6163 0.8316 270 123
47-0-1-0.05-50-0 0 2359 43 50 8 19 0.8316 0.2147 123 147
47-0-1-0.05-50-0 0 2360 48 33 26 3 0.1153 0.6893 334 191
47-0-1-0.05-50-0 0 2360 43 38 7 18 0.8316 0.6163 123 270
47-0-1-0.05-50-0 0 2360 50 5 16 18 0.2147 0.0007 147 226
47-0-1-0.05-50-0 0 2361 28 43 3 7 0.3846 0.8316 311 123
47-0-1-0.05-50-0 0 2361 34 50 1 16 0.7448 0.2147 168 147
47-0-1-0.05-50-0 0 2361 22 50 6 15 0.0160 0.2147 311 147
47-0-1-0.05-50-0 0 2362 10 9 8 6 0.2533 0.6134 449 161
47-0-1-0.05-50-0 0 2362 24 5 5 17 0.1940 0.0007 254 226
47-0-1-0.05-50-0 0 2362 34 37 1 7 0.7448 0.8481 168 127
47-0-1-0.05-50-0 0 2363 6 37 1 7 0.4266 0.8481 249 127
47-0-1-0.05-50-0 0 2363 48 48 23 23 0.1153 0.1153 334 334
47-0-1-0.05-50-0 0 2363 9 38 5 13 0.6134 0.6163 161 270
47-0-1-0.05-50-0 0 2364 28 48 5 23 0.3846 0.1153 311 334
47-0-1-0.05-50-0 0 2364 24 38 5 11 0.1940 0.6163 254 270
47-0-1-0.05-50-0 0 2364 5 50 16 13 0.0007 0.2147 226 147
47-0-1-0.05-50-0 0 2365 16 37 5 6 0.2228 0.8481 149 127
47-0-1-0.05-50-0 0 2365 16 50 5 12 0.2228 0.2147 149 147
47-0-1-0.05-50-0 0 2365 5 28 18 5 0.0007 0.3846 226 311
47-0-1-0.05-50-0 0 2366 8 37 5 6 0.2506 0.8481 303 127
47-0-1-0.05-50-0 0 2366 31 37 15 5 0.5626 0.8481 252 127
47-0-1-0.05-50-0 0 2366 5 48 19 20 0.0007 0.1153 226 334
47-0-1-0.05-50-0 0 2367 37 31 3 15 0.8481 0.5626 127 252
47-0-1-0.05-50-0 0 2367 22 22 7 7 0.0160 0.0160 311 311
47-0-1-0.05-50-0 0 2367 17 39 2 5 0.6398 0.2187 197 309
47-0-1-0.05-50-0 0 2368 50 48 11 20 0.2147 0.1153 147 334
47-0-1-0.05-50-0 0 2368 5 22 20 6 0.0007 0.0160 226 311
47-0-1-0.05-50-0 0 2368 50 48 11 19 0.2147 0.1153 147 334
47-0-1-0.05-50-0 0 2369 31 5 15 20 0.5626 0.0007 252 226
47-0-1-0.05-50-0 0 2369 39 48 4 18 0.2187 0.1153 309 334
47-0-1-0.05-50-0 0 2369 16 31 7 15 0.2228 0.5626 149 252
47-0-1-0.05-50-0 0 2370 38 48 18 16 0.6163 0.1153 270 334
47-0-1-0.05-50-0 0 2370 48 22 15 4 0.1153 0.0160 334 311
47-0-1-0.05-50-0 0 2370 28 29 4 1 0.3846 0.6728 311 177
47-0-1-0.05-50-0 0 2371 28 8 4 5 0.3846 0.2506 311 303
47-0-1-0.05-50-0 0 2371 50 48 13 16 0.2147 0.1153 147 334
47-0-1-0.05-50-0 0 2371 2 43 8 9 0.8198 0.8316 167 123
47-0-1-0.05-50-0 0 2372 31 50 16 13 0.5626 0.2147 252 147
47-0-1-0.05-50-0 0 2372 38 8 19 4 0.6163 0.2506 270 303
47-0-1-0.05-50-0 0 2372 38 48 19 16 0.6163 0.1153 270 334
47-0-1-0.05-50-0 0 2373 2 39 8 4 0.8198 0.2187 167 309
47-0-1-0.05-50-0 0 2373 28 31 5 15 0.3846 0.5626 311 252
47-0-1-0.05-50-0 0 2373 10 34 7 1 0.2533 0.7448 449 168
47-0-1-0.05-50-0 0 2374 31 5 13 18 0.5626 0.0007 252 226
47-0-1-0.05-50-0 0 2374 11 48 3 14 0.0504 0.1153 384 334
47-0-1-0.05-50-0 0 2374 31 28 13 5 0.5626 0.3846 252 311
47-0-1-0.05-50-0 0 2375 38 10 22 7 0.6163 0.2533 270 449
47-0-1-0.05-50-0 0 2375 3 3 6 6 0.4813 0.4813 321 321
47-0-1-0.05-50-0 0 2375 2 39 7 3 0.8198 0.2187 167 309
47-0-1-0.05-50-0 0 2376 38 43 23 5 0.6163 0.8316 270 123
47-0-1-0.05-50-0 0 2376 38 9 23 5 0.6163 0.6134 270 161
47-0-1-0.05-50-0 0 2376 22 24 6 5 0.0160 0.1940 311 254
47-0-1-0.05-50-0 0 2377 28 22 4 6 0.3846 0.0160 311 311
47-0-1-0.05-50-0 0 2377 36 5 2 19 0.8162 0.0007 165 226
47-0-1-0.05-50-0 0 2377 48 18 13 1 0.1153 0.2181 334 226
47-0-1-0.05-50-0 0 2378 37 41 3 3 0.8481 0.9621 127 105
47-0-1-0.05-50-0 0 2378 28 5 5 17 0.3846 0.0007 311 226
47-0-1-0.05-50-0 0 2378 5 3 16 6 0.0007 0.4813 226 321
47-0-1-0.05-50-0 0 2379 5 33 16 2 0.0007 0.6893 226 191
47-0-1-0.05-50-0 0 2379 36 6 2 2 0.8162 0.4266 165 249
47-0-1-0.05-50-0 0 2379 48 41 14 2 0.1153 0.9621 334 105
47-0-1-0.05-50-0 0 2380 43 24 5 6 0.8316 0.1940 123 254
47-0-1-0.05-50-0 0 2380 50 10 10 8 0.2147 0.2533 147 449
47-0-1-0.05-50-0 0 2380 10 48 7 15 0.2533 0.1153 449 334
47-0-1-0.05-50-0 0 2381 5 43 17 5 0.0007 0.8316 226 123
47-0-1-0.05-50-0 0 2381 31 17 13 3 0.5626 0.6398 252 197
47-0-1-0.05-50-0 0 2381 2 38 12 22 0.8198 0.6163 167 270
47-0-1-0.05-50-0 0 2382 39 5 4 16 0.2187 0.0007 309 226
47-0-1-0.05-50-0 0 2382 2 2 12 12 0.8198 0.8198 167 167
47-0-1-0.05-50-0 0 2382 5 2 15 11 0.0007 0.8198 226 167
47-0-1-0.05-50-0 0 2383 16 2 8 11 0.2228 0.8198 149 167
47-0-1-0.05-50-0 0 2383 3 9 4 3 0.4813 0.6134 321 161
47-0-1-0.05-50-0 0 2383 10 48 8 15 0.2533 0.1153 449 334
47-0-1-0.05-50-0 0 2384 26 47 2 1 0.8171 0.9293 141 103
47-0-1-0.05-50-0 0 2384 31 48 14 14 0.5626 0.1153 252 334
47-0-1-0.05-50-0 0 2384 50 33 11 1 0.2147 0.6893 147 191
47-0-1-0.05-50-0 0 2385 38 16 23 8 0.6163 0.2228 270 149
47-0-1-0.05-50-0 0 2385 31 28 13 4 0.5626 0.3846 252 311
47-0-1-0.05-50-0 0 2386 16 26 8 2 0.2228 0.8171 149 141
47-0-1-0.05-50-0 0 2386 50 16 12 8 0.2147 0.2228 147 149
47-0-1-0.05-50-0 0 2386 38 11 23 2 0.6163 0.0504 270 384
47-0-1-0.05-50-0 0 2387 11 22 1 4 0.0504 0.0160 384 311
47-0-1-0.05-50-0 0 2387 31 10 14 8 0.5626 0.2533 252 449
47-0-1-0.05-50-0 0 2387 5 5 15 15 0.0007 0.0007 226 226
47-0-1-0.05-50-0 0 2388 37 5 2 14 0.8481 0.0007 127 226
47-0-1-0.05-50-0 0 2388 38 50 24 12 0.6163 0.2147 270 147
47-0-1-0.05-50-0 0 2389 38 50 26 11 0.6163 0.2147 270 147
47-0-1-0.05-50-0 0 2389 3 5 5 13 0.4813 0.0007 321 226
47-0-1-0.05-50-0 0 2390 48 50 13 10 0.1153 0.2147 334 147
47-0-1-0.05-50-0 0 2390 25 2 1 10 0.9430 0.8198 125 167
47-0-1-0.05-50-0 0 2391 48 43 13 5 0.1153 0.8316 334 123
47-0-1-0.05-50-0 0 2391 10 5 6 14 0.2533 0.0007 449 226
47-0-1-0.05-50-0 0 2392 48 38 13 27 0.1153 0.6163 334 270
47-0-1-0.05-50-0 0 2392 10 43 5 3 0.2533 0.8316 449 123
47-0-1-0.05-50-0 0 2393 38 24 26 5 0.6163 0.1940 270 254
47-0-1-0.05-50-0 0 2393 5 50 13 11 0.0007 0.2147 226 147
47-0-1-0.05-50-0 0 2394 5 28 13 3 0.0007 0.3846 226 311
47-0-1-0.05-50-0 0 2394 31 47 14 5 0.5626 0.9293 252 103
47-0-1-0.05-50-0 0 2395 41 2 2 10 0.9621 0.8198 105 167
47-0-1-0.05-50-0 0 2395 5 50 14 10 0.0007 0.2147 226 147
47-0-1-0.05-50-0 0 2396 17 38 1 27 0.6398 0.6163 197 270
47-0-1-0.05-50-0 0 2396 47 39 5 4 0.9293 0.2187 103 309
47-0-1-0.05-50-0 0 2396 2 5 11 14 0.8198 0.0007 167 226
47-0-1-0.05-50-0 0 2397 26 3 4 7 0.8171 0.4813 141 321
47-0-1-0.05-50-0 0 2397 10 5 4 12 0.2533 0.0007 449 226
47-0-1-0.05-50-0 0 2397 38 38 27 27 0.6163 0.6163 270 270
47-0-1-0.05-50-0 0 2398 24 38 6 28 0.1940 0.6163 254 270
47-0-1-0.05-50-0 0 2398 6 11 1 1 0.4266 0.0504 249 384
47-0-1-0.05-50-0 0 2398 38 26 27 4 0.6163 0.8171 270 141
47-0-1-0.05-50-0 0 2399 24 2 6 11 0.1940 0.8198 254 167
47-0-1-0.05-50-0 0 2399 3 10 7 3 0.4813 0.2533 321 449
47-0-1-0.05-50-0 0 2400 26 3 3 7 0.8171 0.4813 141 321
47-0-1-0.05-50-0 0 2400 28 47 2 4 0.3846 0.9293 311 103
47-0-1-0.05-50-0 0 2400 8 10 5 2 0.2506 0.2533 303 449
47-0-1-0.05-50-0 0 2401 24 47 6 2 0.1940 0.9293 254 103
47-0-1-0.05-50-0 0 2401 2 31 11 11 0.8198 0.5626 167 252
47-0-1-0.05-50-0 0 2402 23 34 1 2 0.1698 0.7448 476 168
47-0-1-0.05-50-0 0 2402 37 21 1 1 0.8481 0.4184 127 158
47-0-1-0.05-50-0 0 2403 8 38 5 26 0.2506 0.6163 303 270
47-0-1-0.05-50-0 0 2403 31 43 9 7 0.5626 0.8316 252 123
47-0-1-0.05-50-0 0 2404 48 48 15 15 0.1153 0.1153 334 334
47-0-1-0.05-50-0 0 2404 38 39 23 6 0.6163 0.2187 270 309
47-0-1-0.05-50-0 0 2405 43 31 11 8 0.8316 0.5626 123 252
47-0-1-0.05-50-0 0 2405 38 2 24 13 0.6163 0.8198 270 167
47-0-1-0.05-50-0 0 2406 31 31 8 8 0.5626 0.5626 252 252
47-0-1-0.05-50-0 0 2406 24 5 7 10 0.1940 0.0007 254 226
47-0-1-0.05-50-0 0 2407 48 31 13 7 0.1153 0.5626 334 252
47-0-1-0.05-50-0 0 2407 23 24 1 7 0.1698 0.1940 476 254
47-0-1-0.05-50-0 0 2408 48 2 14 13 0.1153 0.8198 334 167
47-0-1-0.05-50-0 0 2408 38 38 24 24 0.6163 0.6163 270 270
47-0-1-0.05-50-0 0 2409 24 24 7 7 0.1940 0.1940 254 254
47-0-1-0.05-50-0 0 2409 16 43 6 14 0.2228 0.8316 149 123
47-0-1-0.05-50-0 0 2410 2 10 12 5 0.8198 0.2533 167 449
47-0-1-0.05-50-0 0 2410 37 8 3 4 0.8481 0.2506 127 303
47-0-1-0.05-50-0 0 2410 2 38 12 24 0.8198 0.6163 167 270
47-0-1-0.05-50-0 0 2411 2 48 12 15 0.8198 0.1153 167 334
47-0-1-0.05-50-0 0 2411 22 25 8 2 0.0160 0.9430 311 125
47-0-1-0.05-50-0 0 2411 38 31 23 3 0.6163 0.5626 270 252
47-0-1-0.05-50-0 0 2412 48 4 15 2 0.1153 0.0723 334 351
47-0-1-0.05-50-0 0 2412 24 10 7 4 0.1940 0.2533 254 449
47-0-1-0.05-50-0 0 2412 2 48 12 15 0.8198 0.1153 167 334
47-0-1-0.05-50-0 0 2413 48 5 15 8 0.1153 0.0007 334 226
47-0-1-0.05-50-0 0 2413 5 38 7 22 0.0007 0.6163 226 270
47-0-1-0.05-50-0 0 2413 46 12 1 2 0.3451 0.1896 327 325
47-0-1-0.05-50-0 0 2414 38 38 20 20 0.6163 0.6163 270 270
47-0-1-0.05-50-0 0 2414 48 43 15 17 0.1153 0.8316 334 123
47-0-1-0.05-50-0 0 2414 48 37 15 3 0.1153 0.8481 334 127
47-0-1-0.05-50-0 0 2415 22 24 11 8 0.0160 0.1940 311 254
47-0-1-0.05-50-0 0 2415 2 38 16 22 0.8198 0.6163 167 270
47-0-1-0.05-50-0 0 2415 9 9 9 9 0.6134 0.6134 161 161
47-0-1-0.05-50-0 0 2416 3 43 6 19 0.4813 0.8316 321 123
47-0-1-0.05-50-0 0 2416 28 48 1 17 0.3846 0.1153 311 334
47-0-1-0.05-50-0 0 2416 2 50 16 8 0.8198 0.2147 167 147
47-0-1-0.05-50-0 0 2417 38 43 21 17 0.6163 0.8316 270 123
47-0-1-0.05-50-0 0 2417 43 5 16 9 0.8316 0.0007 123 226
47-0-1-0.05-50-0 0 2417 9 46 10 2 0.6134 0.3451 161 327
47-0-1-0.05-50-0 0 2418 18 37 2 3 0.2181 0.8481 226 127
47-0-1-0.05-50-0 0 2418 39 50 5 7 0.2187 0.2147 309 147
47-0-1-0.05-50-0 0 2418 48 39 16 5 0.1153 0.2187 334 309
47-0-1-0.05-50-0 0 2419 5 3 8 6 0.0007 0.4813 226 321
47-0-1-0.05-50-0 0 2419 38 33 24 2 0.6163 0.6893 270 191
47-0-1-0.05-50-0 0 2419 26 43 3 17 0.8171 0.8316 141 123
47-0-1-0.05-50-0 0 2420 39 31 4 5 0.2187 0.5626 309 252
47-0-1-0.05-50-0 0 2420 24 48 9 17 0.1940 0.1153 254 334
47-0-1-0.05-50-0 0 2420 5 43 8 19 0.0007 0.8316 226 123
47-0-1-0.05-50-0 0 2421 38 48 23 15 0.6163 0.1153 270 334
47-0-1-0.05-50-0 0 2421 17 9 2 7 0.6398 0.6134 197 161
47-0-1-0.05-50-0 0 2421 36 38 5 23 0.8162 0.6163 165 270
47-0-1-0.05-50-0 0 2422 16 43 7 17 0.2228 0.8316 149 123
47-0-1-0.05-50-0 0 2422 41 38 2 21 0.9621 0.6163 105 270
47-0-1-0.05-50-0 0 2422 2 18 11 2 0.8198 0.2181 167 226
47-0-1-0.05-50-0 0 2423 16 43 7 14 0.2228 0.8316 149 123
47-0-1-0.05-50-0 0 2423 43 24 13 9 0.8316 0.1940 123 254
47-0-1-0.05-50-0 0 2423 2 38 12 21 0.8198 0.6163 167 270
47-0-1-0.05-50-0 0 2424 9 37 6 3 0.6134 0.8481 161 127
47-0-1-0.05-50-0 0 2424 22 2 9 13 0.0160 0.8198 311 167
47-0-1-0.05-50-0 0 2424 9 36 6 5 0.6134 0.8162 161 165
47-0-1-0.05-50-0 0 2425 38 26 24 2 0.6163 0.8171 270 141
47-0-1-0.05-50-0 0 2425 31 22 3 9 0.5626 0.0160 252 311
47-0-1-0.05-50-0 0 2425 32 41 1 2 0.6514 0.9621 215 105
47-0-1-0.05-50-0 0 2426 38 9 22 7 0.6163 0.6134 270 161
47-0-1-0.05-50-0 0 2426 48 5 21 11 0.1153 0.0007 334 226
47-0-1-0.05-50-0 0 2426 8 5 4 10 0.2506 0.0007 303 226
47-0-1-0.05-50-0 0 2427 48 39 21 5 0.1153 0.2187 334 309
47-0-1-0.05-50-0 0 2427 50 36 7 6 0.2147 0.8162 147 165
47-0-1-0.05-50-0 0 2427 43 16 13 7 0.8316 0.2228 123 149
47-0-1-0.05-50-0 0 2428 11 48 1 21 0.0504 0.1153 384 334
47-0-1-0.05-50-0 0 2428 9 3 6 6 0.6134 0.4813 161 321
47-0-1-0.05-50-0 0 2428 43 5 12 11 0.8316 0.0007 123 226
47-0-1-0.05-50-0 0 2429 24 38 7 20 0.1940 0.6163 254 270
47-0-1-0.05-50-0 0 2429 9 2 6 18 0.6134 0.8198 161 167
47-0-1-0.05-50-0 0 2429 2 9 17 6 0.8198 0.6134 167 161
47-0-1-0.05-50-0 0 2430 5 8 10 4 0.0007 0.2506 226 303
47-0-1-0.05-50-0 0 2430 44 24 3 7 0.7034 0.1940 118 254
47-0-1-0.05-50-0 0 2430 2 48 17 18 0.8198 0.1153 167 334
47-0-1-0.05-50-0 0 2431 36 38 5 20 0.8162 0.6163 165 270
47-0-1-0.05-50-0 0 2431 2 10 19 3 0.8198 0.2533 167 449
47-0-1-0.05-50-0 0 2431 44 24 3 7 0.7034 0.1940 118 254
47-0-1-0.05-50-0 0 2432 16 2 9 20 0.2228 0.8198 149 167
47-0-1-0.05-50-0 0 2432 24 48 6 18 0.1940 0.1153 254 334
47-0-1-0.05-50-0 0 2432 50 2 7 19 0.2147 0.8198 147 167
47-0-1-0.05-50-0 0 2433 36 38 6 20 0.8162 0.6163 165 270
47-0-1-0.05-50-0 0 2433 36 48 6 16 0.8162 0.1153 165 334
47-0-1-0.05-50-0 0 2433 9 38 5 19 0.6134 0.6163 161 270
47-0-1-0.05-50-0 0 2434 2 2 17 17 0.8198 0.8198 167 167
47-0-1-0.05-50-0 0 2434 39 24 6 6 0.2187 0.1940 309 254
47-0-1-0.05-50-0 0 2434 26 44 2 5 0.8171 0.7034 141 118
47-0-1-0.05-50-0 0 2435 38 48 18 16 0.6163 0.1153 270 334
47-0-1-0.05-50-0 0 2435 24 22 5 10 0.1940 0.0160 254 311
47-0-1-0.05-50-0 0 2435 25 50 1 9 0.9430 0.2147 125 147
47-0-1-0.05-50-0 0 2436 9 34 4 1 0.6134 0.7448 161 168
47-0-1-0.05-50-0 0 2436 48 43 16 14 0.1153 0.8316 334 123
47-0-1-0.05-50-0 0 2436 2 43 15 13 0.8198 0.8316 167 123
47-0-1-0.05-50-0 0 2437 21 5 2 7 0.4184 0.0007 158 226
47-0-1-0.05-50-0 0 2437 36 48 7 17 0.8162 0.1153 165 334
47-0-1-0.05-50-0 0 2437 35 2 1 16 0.0354 0.8198 158 167
47-0-1-0.05-50-0 0 2438 22 38 11 19 0.0160 0.6163 311 270
47-0-1-0.05-50-0 0 2438 38 24 18 9 0.6163 0.1940 270 254
47-0-1-0.05-50-0 0 2438 22 43 11 10 0.0160 0.8316 311 123
47-0-1-0.05-50-0 0 2439 2 28 15 1 0.8198 0.3846 167 311
47-0-1-0.05-50-0 0 2439 37 43 4 8 0.8481 0.8316 127 123
47-0-1-0.05-50-0 0 2439 38 16 18 6 0.6163 0.2228 270 149
47-0-1-0.05-50-0 0 2440 47 25 2 1 0.9293 0.9430 103 125
47-0-1-0.05-50-0 0 2440 14 48 3 19 0.8451 0.1153 105 334
47-0-1-0.05-50-0 0 2440 43 2 7 14 0.8316 0.8198 123 167
47-0-1-0.05-50-0 0 2441 16 36 5 5 0.2228 0.8162 149 165
47-0-1-0.05-50-0 0 2441 38 37 17 4 0.6163 0.8481 270 127
47-0-1-0.05-50-0 0 2441 2 24 13 10 0.8198 0.1940 167 254
47-0-1-0.05-50-0 0 2442 36 22 5 12 0.8162 0.0160 165 311
47-0-1-0.05-50-0 0 2442 39 2 4 15 0.2187 0.8198 309 167
47-0-1-0.05-50-0 0 2442 36 2 5 14 0.8162 0.8198 165 167
47-0-1-0.05-50-0 0 2443 33 50 4 9 0.6893 0.2147 191 147
47-0-1-0.05-50-0 0 2443 22 5 13 7 0.0160 0.0007 311 226
47-0-1-0.05-50-0 0 2443 24 22 9 13 0.1940 0.0160 254 311
47-0-1-0.05-50-0 0 2444 24 36 9 5 0.1940 0.8162 254 165
47-0-1-0.05-50-0 0 2444 24 38 9 17 0.1940 0.6163 254 270
47-0-1-0.05-50-0 0 2444 48 24 18 9 0.1153 0.1940 334 254
47-0-1-0.05-50-0 0 2445 22 37 14 4 0.0160 0.8481 311 127
47-0-1-0.05-50-0 0 2445 3 48 8 16 0.4813 0.1153 321 334
47-0-1-0.05-50-0 0 2445 2 44 14 1 0.8198 0.7034 167 118
47-0-1-0.05-50-0 0 2446 37 38 3 15 0.8481 0.6163 127 270
47-0-1-0.05-50-0 0 2446 35 2 1 15 0.0354 0.8198 158 167
47-0-1-0.05-50-0 0 2446 22 3 15 8 0.0160 0.4813 311 321
47-0-1-0.05-50-0 0 2447 3 2 7 15 0.4813 0.8198 321 167
47-0-1-0.05-50-0 0 2447 21 2 3 14 0.4184 0.8198 158 167
47-0-1-0.05-50-0 0 2447 43 16 7 5 0.8316 0.2228 123 149
47-0-1-0.05-50-0 0 2448 22 9 15 6 0.0160 0.6134 311 161
47-0-1-0.05-50-0 0 2448 4 22 1 15 0.0723 0.0160 351 311
47-0-1-0.05-50-0 0 2449 3 43 8 6 0.4813 0.8316 321 123
47-0-1-0.05-50-0 0 2449 2 48 13 17 0.8198 0.1153 167 334
47-0-1-0.05-50-0 0 2449 19 2 1 13 0.8072 0.8198 134 167
47-0-1-0.05-50-0 0 2450 31 22 5 16 0.5626 0.0160 252 311
47-0-1-0.05-50-0 0 2450 5 5 5 5 0.0007 0.0007 226 226
47-0-1-0.05-50-0 0 2450 2 39 12 6 0.8198 0.2187 167 309
47-0-1-0.05-50-0 0 2451 22 44 15 2 0.0160 0.7034 311 118
47-0-1-0.05-50-0 0 2451 48 32 17 1 0.1153 0.6514 334 215
47-0-1-0.05-50-0 0 2451 50 31 7 5 0.2147 0.5626 147 252
47-0-1-0.05-50-0 0 2452 38 48 9 17 0.6163 0.1153 270 334
47-0-1-0.05-50-0 0 2452 2 22 13 15 0.8198 0.0160 167 311
47-0-1-0.05-50-0 0 2453 8 3 2 11 0.2506 0.4813 303 321
47-0-1-0.05-50-0 0 2453 24 38 11 8 0.1940 0.6163 254 270
47-0-1-0.05-50-0 0 2454 1 2 2 10 0.2520 0.8198 409 167
47-0-1-0.05-50-0 0 2454 50 14 7 2 0.2147 0.8451 147 105
47-0-1-0.05-50-0 0 2455 5 18 5 4 0.0007 0.2181 226 226
47-0-1-0.05-50-0 0 2455 36 35 9 1 0.8162 0.0354 165 158
47-0-1-0.05-50-0 0 2455 3 1 12 2 0.4813 0.2520 321 409
47-0-1-0.05-50-0 0 2456 17 22 2 18 0.6398 0.0160 197 311
47-0-1-0.05-50-0 0 2456 38 47 7 4 0.6163 0.9293 270 103
47-0-1-0.05-50-0 0 2457 5 43 5 8 0.0007 0.8316 226 123
47-0-1-0.05-50-0 0 2457 24 36 12 9 0.1940 0.8162 254 165
47-0-1-0.05-50-0 0 2458 24 31 12 4 0.1940 0.5626 254 252
47-0-1-0.05-50-0 0 2458 16 50 6 6 0.2228 0.2147 149 147
47-0-1-0.05-50-0 0 2459 22 24 17 12 0.0160 0.1940 311 254
47-0-1-0.05-50-0 0 2459 36 22 9 17 0.8162 0.0160 165 311
47-0-1-0.05-50-0 0 2459 5 22 7 16 0.0007 0.0160 226 311
47-0-1-0.05-50-0 0 2460 22 22 15 15 0.0160 0.0160 311 311
47-0-1-0.05-50-0 0 2460 5 43 7 6 0.0007 0.8316 226 123
47-0-1-0.05-50-0 0 2460 48 5 17 7 0.1153 0.0007 334 226
47-0-1-0.05-50-0 0 2461 13 16 1 5 0.8878 0.2228 151 149
47-0-1-0.05-50-0 0 2461 16 44 4 1 0.2228 0.7034 149 118
47-0-1-0.05-50-0 0 2462 38 48 11 18 0.6163 0.1153 270 334
47-0-1-0.05-50-0 0 2462 36 22 10 15 0.8162 0.0160 165 311
47-0-1-0.05-50-0 0 2463 50 2 5 12 0.2147 0.8198 147 167
47-0-1-0.05-50-0 0 2463 48 38 18 11 0.1153 0.6163 334 270
47-0-1-0.05-50-0 0 2463 33 48 6 18 0.6893 0.1153 191 334
47-0-1-0.05-50-0 0 2464 33 36 7 10 0.6893 0.8162 191 165
47-0-1-0.05-50-0 0 2464 16 18 4 6 0.2228 0.2181 149 226
47-0-1-0.05-50-0 0 2464 37 38 2 10 0.8481 0.6163 127 270
47-0-1-0.05-50-0 0 2465 3 2 11 10 0.4813 0.8198 321 167
47-0-1-0.05-50-0 0 2465 36 43 9 8 0.8162 0.8316 165 123
47-0-1-0.05-50-0 0 2465 11 5 1 6 0.0504 0.0007 384 226
47-0-1-0.05-50-0 0 2466 9 39 10 6 0.6134 0.2187 161 309
47-0-1-0.05-50-0 0 2466 36 16 9 5 0.8162 0.2228 165 149
47-0-1-0.05-50-0 0 2466 22 17 16 4 0.0160 0.6398 311 197
47-0-1-0.05-50-0 0 2467 24 48 10 21 0.1940 0.1153 254 334
47-0-1-0.05-50-0 0 2467 31 33 3 8 0.5626 0.6893 252 191
47-0-1-0.05-50-0 0 2467 48 22 20 16 0.1153 0.0160 334 311
47-0-1-0.05-50-0 0 2468 10 3 1 11 0.2533 0.4813 449 321
47-0-1-0.05-50-0 0 2468 38 38 9 9 0.6163 0.6163 270 270
47-0-1-0.05-50-0 0 2468 24 39 10 3 0.1940 0.2187 254 309
47-0-1-0.05-50-0 0 2469 5 43 7 8 0.0007 0.8316 226 123
47-0-1-0.05-50-0 0 2469 36 36 7 7 0.8162 0.8162 165 165
47-0-1-0.05-50-0 0 2469 3 2 9 8 0.4813 0.8198 321 167
47-0-1-0.05-50-0 0 2470 3 33 11 6 0.4813 0.6893 321 191
47-0-1-0.05-50-0 0 2470 9 9 12 12 0.6134 0.6134 161 161
47-0-1-0.05-50-0 0 2471 3 5 11 7 0.4813 0.0007 321 226
47-0-1-0.05-50-0 0 2471 16 48 3 22 0.2228 0.1153 149 334
47-0-1-0.05-50-0 0 2472 24 24 10 10 0.1940 0.1940 254 254
47-0-1-0.05-50-0 0 2472 18 45 8 1 0.2181 0.3816 226 173
47-0-1-0.05-50-0 0 2473 48 24 20 10 0.1153 0.1940 334 254
47-0-1-0.05-50-0 0 2473 36 18 6 8 0.8162 0.2181 165 226
47-0-1-0.05-50-0 0 2474 36 3 6 11 0.8162 0.4813 165 321
47-0-1-0.05-50-0 0 2474 48 48 19 19 0.1153 0.1153 334 334
47-0-1-0.05-50-0 0 2475 43 50 8 5 0.8316 0.2147 123 147
47-0-1-0.05-50-0 0 2475 33 37 5 3 0.6893 0.8481 191 127
47-0-1-0.05-50-0 0 2476 3 48 10 20 0.4813 0.1153 321 334
47-0-1-0.05-50-0 0 2476 18 48 9 19 0.2181 0.1153 226 334
47-0-1-0.05-50-0 0 2477 48 22 18 16 0.1153 0.0160 334 311
47-0-1-0.05-50-0 0 2477 38 48 7 18 0.6163 0.1153 270 334
47-0-1-0.05-50-0 0 2478 5 5 7 7 0.0007 0.0007 226 226
47-0-1-0.05-50-0 0 2478 48 5 16 6 0.1153 0.0007 334 226
47-0-1-0.05-50-0 0 2479 48 3 17 9 0.1153 0.4813 334 321
47-0-1-0.05-50-0 0 2479 48 43 17 6 0.1153 0.8316 334 123
47-0-1-0.05-50-0 0 2480 16 5 3 4 0.2228 0.0007 149 226
47-0-1-0.05-50-0 0 2480 2 9 5 12 0.8198 0.6134 167 161
47-0-1-0.05-50-0 0 2481 9 9 11 11 0.6134 0.6134 161 161
47-0-1-0.05-50-0 0 2481 9 48 10 13 0.6134 0.1153 161 334
47-0-1-0.05-50-0 0 2482 3 36 8 8 0.4813 0.8162 321 165
47-0-1-0.05-50-0 0 2482 24 48 10 12 0.1940 0.1153 254 334
47-0-1-0.05-50-0 0 2483 22 38 18 8 0.0160 0.6163 311 270
47-0-1-0.05-50-0 0 2483 5 2 3 6 0.0007 0.8198 226 167
47-0-1-0.05-50-0 0 2484 22 9 19 8 0.0160 0.6134 311 161
47-0-1-0.05-50-0 0 2484 43 18 10 8 0.8316 0.2181 123 226
47-0-1-0.05-50-0 0 2485 18 42 9 1 0.2181 0.7447 226 106
47-0-1-0.05-50-0 0 2485 36 22 6 20 0.8162 0.0160 165 311
47-0-1-0.05-50-0 0 2486 21 38 2 7 0.4184 0.6163 158 270
47-0-1-0.05-50-0 0 2486 22 39 19 4 0.0160 0.2187 311 309
47-0-1-0.05-50-0 0 2487 30 36 1 6 0.6008 0.8162 266 165
47-0-1-0.05-50-0 0 2487 3 48 7 12 0.4813 0.1153 321 334
47-0-1-0.05-50-0 0 2488 50 3 5 7 0.2147 0.4813 147 321
47-0-1-0.05-50-0 0 2488 43 48 10 12 0.8316 0.1153 123 334
47-0-1-0.05-50-0 0 2489 37 8 2 2 0.8481 0.2506 127 303
47-0-1-0.05-50-0 0 2489 36 43 4 11 0.8162 0.8316 165 123
47-0-1-0.05-50-0 0 2490 24 48 12 13 0.1940 0.1153 254 334
47-0-1-0.05-50-0 0 2490 22 17 22 1 0.0160 0.6398 311 197
47-0-1-0.05-50-0 0 2491 24 43 12 10 0.1940 0.8316 254 123
47-0-1-0.05-50-0 0 2491 39 2 3 7 0.2187 0.8198 309 167
47-0-1-0.05-50-0 0 2492 38 18 6 10 0.6163 0.2181 270 226
47-0-1-0.05-50-0 0 2492 5 24 5 12 0.0007 0.1940 226 254
47-0-1-0.05-50-0 0 2493 22 22 22 22 0.0160 0.0160 311 311
47-0-1-0.05-50-0 0 2493 2 48 5 15 0.8198 0.1153 167 334
47-0-1-0.05-50-0 0 2494 22 36 20 5 0.0160 0.8162 311 165
47-0-1-0.05-50-0 0 2494 22 24 20 10 0.0160 0.1940 311 254
47-0-1-0.05-50-0 0 2495 50 13 3 4 0.2147 0.8878 147 151
47-0-1-0.05-50-0 0 2495 38 24 6 9 0.6163 0.1940 270 254
47-0-1-0.05-50-0 0 2496 16 18 8 9 0.2228 0.2181 149 226
47-0-1-0.05-50-0 0 2496 3 18 6 8 0.4813 0.2181 321 226
47-0-1-0.05-50-0 0 2497 9 18 8 6 0.6134 0.2181 161 226
47-0-1-0.05-50-0 0 2497 22 3 26 7 0.0160 0.4813 311 321
47-0-1-0.05-50-0 0 2498 48 18 14 5 0.1153 0.2181 334 226
47-0-1-0.05-50-0 0 2498 5 9 6 9 0.0007 0.6134 226 161
47-0-1-0.05-50-0 0 2499 48 50 13 5 0.1153 0.2147 334 147
47-0-1-0.05-50-0 0 2499 21 2 4 3 0.4184 0.8198 158 167
47-0-1-0.05-50-0 0 2500 24 9 10 10 0.1940 0.6134 254 161
47-0-1-0.05-50-0 0 2500 22 22 24 24 0.0160 0.0160 311 311
