471-0-1-0.05-50-0 0 2302 35 33 9 2 0.0354 0.6893 158 191
471-0-1-0.05-50-0 0 2303 47 17 1 3 0.9293 0.6398 103 197
471-0-1-0.05-50-0 0 2304 11 4 11 5 0.0504 0.0723 384 351
471-0-1-0.05-50-0 0 2305 12 8 1 16 0.1896 0.2506 325 303
471-0-1-0.05-50-0 0 2306 10 8 2 15 0.2533 0.2506 449 303
471-0-1-0.05-50-0 0 2306 19 22 3 2 0.8072 0.0160 134 311
471-0-1-0.05-50-0 0 2307 47 11 1 12 0.9293 0.0504 103 384
471-0-1-0.05-50-0 0 2307 33 26 1 2 0.6893 0.8171 191 141
471-0-1-0.05-50-0 0 2308 35 9 7 2 0.0354 0.6134 158 161
471-0-1-0.05-50-0 0 2308 11 11 11 11 0.0504 0.0504 384 384
471-0-1-0.05-50-0 0 2309 11 32 10 1 0.0504 0.6514 384 215
471-0-1-0.05-50-0 0 2309 8 13 13 1 0.2506 0.8878 303 151
471-0-1-0.05-50-0 0 2310 16 22 9 2 0.2228 0.0160 149 311
471-0-1-0.05-50-0 0 2310 8 8 16 16 0.2506 0.2506 303 303
471-0-1-0.05-50-0 0 2311 4 43 3 3 0.0723 0.8316 351 123
471-0-1-0.05-50-0 0 2311 28 44 12 3 0.3846 0.7034 311 118
471-0-1-0.05-50-0 0 2312 42 35 2 7 0.7447 0.0354 106 158
471-0-1-0.05-50-0 0 2312 31 28 1 11 0.5626 0.3846 252 311
471-0-1-0.05-50-0 0 2313 5 11 2 9 0.0007 0.0504 226 384
471-0-1-0.05-50-0 0 2313 28 16 10 11 0.3846 0.2228 311 149
471-0-1-0.05-50-0 0 2314 24 11 9 8 0.1940 0.0504 254 384
471-0-1-0.05-50-0 0 2314 15 16 2 10 0.7918 0.2228 149 149
471-0-1-0.05-50-0 0 2315 8 24 19 10 0.2506 0.1940 303 254
471-0-1-0.05-50-0 0 2315 1 28 1 13 0.2520 0.3846 409 311
471-0-1-0.05-50-0 0 2316 44 28 4 12 0.7034 0.3846 118 311
471-0-1-0.05-50-0 0 2316 44 8 4 19 0.7034 0.2506 118 303
471-0-1-0.05-50-0 0 2317 8 47 17 2 0.2506 0.9293 303 103
471-0-1-0.05-50-0 0 2317 8 16 17 10 0.2506 0.2228 303 149
471-0-1-0.05-50-0 0 2318 3 28 1 8 0.4813 0.3846 321 311
471-0-1-0.05-50-0 0 2318 8 39 18 7 0.2506 0.2187 303 309
471-0-1-0.05-50-0 0 2319 47 11 2 9 0.9293 0.0504 103 384
471-0-1-0.05-50-0 0 2319 11 35 8 6 0.0504 0.0354 384 158
471-0-1-0.05-50-0 0 2320 21 8 3 20 0.4184 0.2506 158 303
471-0-1-0.05-50-0 0 2320 24 8 10 19 0.1940 0.2506 254 303
471-0-1-0.05-50-0 0 2321 19 8 8 17 0.8072 0.2506 134 303
471-0-1-0.05-50-0 0 2321 39 47 7 3 0.2187 0.9293 309 103
471-0-1-0.05-50-0 0 2322 24 28 13 9 0.1940 0.3846 254 311
471-0-1-0.05-50-0 0 2322 44 26 7 1 0.7034 0.8171 118 141
471-0-1-0.05-50-0 0 2323 24 16 11 8 0.1940 0.2228 254 149
471-0-1-0.05-50-0 0 2323 39 44 8 7 0.2187 0.7034 309 118
471-0-1-0.05-50-0 0 2324 24 41 10 2 0.1940 0.9621 254 105
471-0-1-0.05-50-0 0 2324 4 24 2 10 0.0723 0.1940 351 254
471-0-1-0.05-50-0 0 2325 16 8 5 15 0.2228 0.2506 149 303
471-0-1-0.05-50-0 0 2325 47 8 2 14 0.9293 0.2506 103 303
471-0-1-0.05-50-0 0 2326 28 8 7 13 0.3846 0.2506 311 303
471-0-1-0.05-50-0 0 2326 11 44 10 6 0.0504 0.7034 384 118
471-0-1-0.05-50-0 0 2327 1 2 1 5 0.2520 0.8198 409 167
471-0-1-0.05-50-0 0 2327 9 39 2 10 0.6134 0.2187 161 309
471-0-1-0.05-50-0 0 2328 8 24 12 11 0.2506 0.1940 303 254
471-0-1-0.05-50-0 0 2328 11 16 8 6 0.0504 0.2228 384 149
471-0-1-0.05-50-0 0 2329 8 2 12 4 0.2506 0.8198 303 167
471-0-1-0.05-50-0 0 2329 24 11 10 8 0.1940 0.0504 254 384
471-0-1-0.05-50-0 0 2330 9 41 2 2 0.6134 0.9621 161 105
471-0-1-0.05-50-0 0 2330 21 39 4 8 0.4184 0.2187 158 309
471-0-1-0.05-50-0 0 2331 16 11 5 8 0.2228 0.0504 149 384
471-0-1-0.05-50-0 0 2331 8 31 13 1 0.2506 0.5626 303 252
471-0-1-0.05-50-0 0 2332 35 12 4 4 0.0354 0.1896 158 325
471-0-1-0.05-50-0 0 2332 4 16 4 5 0.0723 0.2228 351 149
471-0-1-0.05-50-0 0 2333 22 19 3 11 0.0160 0.8072 311 134
471-0-1-0.05-50-0 0 2333 8 8 14 14 0.2506 0.2506 303 303
471-0-1-0.05-50-0 0 2334 17 8 1 13 0.6398 0.2506 197 303
471-0-1-0.05-50-0 0 2334 5 8 8 12 0.0007 0.2506 226 303
471-0-1-0.05-50-0 0 2335 27 24 2 12 0.0776 0.1940 149 254
471-0-1-0.05-50-0 0 2335 28 36 9 2 0.3846 0.8162 311 165
471-0-1-0.05-50-0 0 2336 11 1 6 1 0.0504 0.2520 384 409
471-0-1-0.05-50-0 0 2336 37 27 2 2 0.8481 0.0776 127 149
471-0-1-0.05-50-0 0 2337 30 2 1 10 0.6008 0.8198 266 167
471-0-1-0.05-50-0 0 2337 44 16 4 4 0.7034 0.2228 118 149
471-0-1-0.05-50-0 0 2338 2 16 10 3 0.8198 0.2228 167 149
471-0-1-0.05-50-0 0 2338 43 11 3 6 0.8316 0.0504 123 384
471-0-1-0.05-50-0 0 2339 39 11 8 4 0.2187 0.0504 309 384
471-0-1-0.05-50-0 0 2339 15 47 2 4 0.7918 0.9293 149 103
471-0-1-0.05-50-0 0 2340 43 2 3 9 0.8316 0.8198 123 167
471-0-1-0.05-50-0 0 2340 24 35 12 3 0.1940 0.0354 254 158
471-0-1-0.05-50-0 0 2341 43 4 3 5 0.8316 0.0723 123 351
471-0-1-0.05-50-0 0 2341 5 42 11 2 0.0007 0.7447 226 106
471-0-1-0.05-50-0 0 2342 19 5 7 12 0.8072 0.0007 134 226
471-0-1-0.05-50-0 0 2342 12 8 3 12 0.1896 0.2506 325 303
471-0-1-0.05-50-0 0 2343 50 24 1 10 0.2147 0.1940 147 254
471-0-1-0.05-50-0 0 2343 8 22 11 8 0.2506 0.0160 303 311
471-0-1-0.05-50-0 0 2344 44 44 5 5 0.7034 0.7034 118 118
471-0-1-0.05-50-0 0 2344 39 5 12 10 0.2187 0.0007 309 226
471-0-1-0.05-50-0 0 2345 30 27 1 4 0.6008 0.0776 266 149
471-0-1-0.05-50-0 0 2345 21 28 6 10 0.4184 0.3846 158 311
471-0-1-0.05-50-0 0 2346 26 4 2 6 0.8171 0.0723 141 351
471-0-1-0.05-50-0 0 2346 9 28 3 10 0.6134 0.3846 161 311
471-0-1-0.05-50-0 0 2347 39 5 14 8 0.2187 0.0007 309 226
471-0-1-0.05-50-0 0 2347 16 8 2 13 0.2228 0.2506 149 303
471-0-1-0.05-50-0 0 2348 22 28 7 11 0.0160 0.3846 311 311
471-0-1-0.05-50-0 0 2348 44 24 5 10 0.7034 0.1940 118 254
471-0-1-0.05-50-0 0 2349 28 4 9 4 0.3846 0.0723 311 351
471-0-1-0.05-50-0 0 2349 43 22 3 8 0.8316 0.0160 123 311
471-0-1-0.05-50-0 0 2350 28 7 9 2 0.3846 0.9267 311 106
471-0-1-0.05-50-0 0 2350 8 39 13 16 0.2506 0.2187 303 309
471-0-1-0.05-50-0 0 2351 24 8 10 13 0.1940 0.2506 254 303
471-0-1-0.05-50-0 0 2351 8 8 12 12 0.2506 0.2506 303 303
471-0-1-0.05-50-0 0 2352 24 22 11 7 0.1940 0.0160 254 311
471-0-1-0.05-50-0 0 2352 21 39 7 18 0.4184 0.2187 158 309
471-0-1-0.05-50-0 0 2353 34 44 3 7 0.7448 0.7034 168 118
471-0-1-0.05-50-0 0 2353 5 39 7 17 0.0007 0.2187 226 309
471-0-1-0.05-50-0 0 2354 26 39 3 15 0.8171 0.2187 141 309
471-0-1-0.05-50-0 0 2354 28 22 9 5 0.3846 0.0160 311 311
471-0-1-0.05-50-0 0 2355 24 9 10 1 0.1940 0.6134 254 161
471-0-1-0.05-50-0 0 2355 28 19 9 6 0.3846 0.8072 311 134
471-0-1-0.05-50-0 0 2356 22 44 4 8 0.0160 0.7034 311 118
471-0-1-0.05-50-0 0 2356 24 17 10 1 0.1940 0.6398 254 197
471-0-1-0.05-50-0 0 2357 43 36 2 2 0.8316 0.8162 123 165
471-0-1-0.05-50-0 0 2357 11 8 1 10 0.0504 0.2506 384 303
471-0-1-0.05-50-0 0 2358 19 26 5 3 0.8072 0.8171 134 141
471-0-1-0.05-50-0 0 2358 5 21 7 10 0.0007 0.4184 226 158
471-0-1-0.05-50-0 0 2359 2 18 8 4 0.8198 0.2181 167 226
471-0-1-0.05-50-0 0 2359 37 5 3 5 0.8481 0.0007 127 226
471-0-1-0.05-50-0 0 2360 42 24 4 12 0.7447 0.1940 106 254
471-0-1-0.05-50-0 0 2360 8 39 10 11 0.2506 0.2187 303 309
471-0-1-0.05-50-0 0 2361 19 44 4 6 0.8072 0.7034 134 118
471-0-1-0.05-50-0 0 2361 2 39 8 10 0.8198 0.2187 167 309
471-0-1-0.05-50-0 0 2362 40 8 1 10 0.9739 0.2506 104 303
471-0-1-0.05-50-0 0 2362 28 33 4 3 0.3846 0.6893 311 191
471-0-1-0.05-50-0 0 2363 39 22 9 4 0.2187 0.0160 309 311
471-0-1-0.05-50-0 0 2363 21 8 10 10 0.4184 0.2506 158 303
471-0-1-0.05-50-0 0 2364 8 2 9 11 0.2506 0.8198 303 167
471-0-1-0.05-50-0 0 2364 19 19 4 4 0.8072 0.8072 134 134
471-0-1-0.05-50-0 0 2365 40 18 2 4 0.9739 0.2181 104 226
471-0-1-0.05-50-0 0 2365 4 19 3 3 0.0723 0.8072 351 134
471-0-1-0.05-50-0 0 2366 44 10 5 4 0.7034 0.2533 118 449
471-0-1-0.05-50-0 0 2366 42 3 3 3 0.7447 0.4813 106 321
471-0-1-0.05-50-0 0 2367 19 19 2 2 0.8072 0.8072 134 134
471-0-1-0.05-50-0 0 2367 44 8 5 9 0.7034 0.2506 118 303
471-0-1-0.05-50-0 0 2368 28 2 4 11 0.3846 0.8198 311 167
471-0-1-0.05-50-0 0 2368 11 39 1 12 0.0504 0.2187 384 309
471-0-1-0.05-50-0 0 2369 28 21 4 6 0.3846 0.4184 311 158
471-0-1-0.05-50-0 0 2369 23 2 1 12 0.1698 0.8198 476 167
471-0-1-0.05-50-0 0 2370 16 5 4 6 0.2228 0.0007 149 226
471-0-1-0.05-50-0 0 2370 8 23 8 1 0.2506 0.1698 303 476
471-0-1-0.05-50-0 0 2371 21 24 6 16 0.4184 0.1940 158 254
471-0-1-0.05-50-0 0 2371 43 15 2 1 0.8316 0.7918 123 149
471-0-1-0.05-50-0 0 2372 39 39 11 11 0.2187 0.2187 309 309
471-0-1-0.05-50-0 0 2372 18 3 2 2 0.2181 0.4813 226 321
471-0-1-0.05-50-0 0 2373 35 2 5 12 0.0354 0.8198 158 167
471-0-1-0.05-50-0 0 2373 8 4 8 5 0.2506 0.0723 303 351
471-0-1-0.05-50-0 0 2374 10 44 6 6 0.2533 0.7034 449 118
471-0-1-0.05-50-0 0 2374 42 2 3 10 0.7447 0.8198 106 167
471-0-1-0.05-50-0 0 2375 24 38 19 2 0.1940 0.6163 254 270
471-0-1-0.05-50-0 0 2375 8 5 9 5 0.2506 0.0007 303 226
471-0-1-0.05-50-0 0 2376 44 22 5 3 0.7034 0.0160 118 311
471-0-1-0.05-50-0 0 2376 28 16 5 5 0.3846 0.2228 311 149
471-0-1-0.05-50-0 0 2377 37 3 3 1 0.8481 0.4813 127 321
471-0-1-0.05-50-0 0 2377 2 2 10 10 0.8198 0.8198 167 167
471-0-1-0.05-50-0 0 2378 2 21 9 8 0.8198 0.4184 167 158
471-0-1-0.05-50-0 0 2378 44 34 4 4 0.7034 0.7448 118 168
471-0-1-0.05-50-0 0 2379 44 45 4 1 0.7034 0.3816 118 173
471-0-1-0.05-50-0 0 2379 14 39 1 11 0.8451 0.2187 105 309
471-0-1-0.05-50-0 0 2380 8 27 8 4 0.2506 0.0776 303 149
471-0-1-0.05-50-0 0 2380 2 39 8 11 0.8198 0.2187 167 309
471-0-1-0.05-50-0 0 2381 2 27 8 3 0.8198 0.0776 167 149
471-0-1-0.05-50-0 0 2381 21 10 7 5 0.4184 0.2533 158 449
471-0-1-0.05-50-0 0 2382 21 40 8 4 0.4184 0.9739 158 104
471-0-1-0.05-50-0 0 2382 21 8 8 9 0.4184 0.2506 158 303
471-0-1-0.05-50-0 0 2383 8 44 7 4 0.2506 0.7034 303 118
471-0-1-0.05-50-0 0 2383 22 34 2 3 0.0160 0.7448 311 168
471-0-1-0.05-50-0 0 2384 36 39 2 9 0.8162 0.2187 165 309
471-0-1-0.05-50-0 0 2384 39 21 8 8 0.2187 0.4184 309 158
471-0-1-0.05-50-0 0 2385 32 39 1 8 0.6514 0.2187 215 309
471-0-1-0.05-50-0 0 2385 2 40 8 3 0.8198 0.9739 167 104
471-0-1-0.05-50-0 0 2386 31 10 1 4 0.5626 0.2533 252 449
471-0-1-0.05-50-0 0 2386 28 22 3 3 0.3846 0.0160 311 311
471-0-1-0.05-50-0 0 2387 24 21 17 5 0.1940 0.4184 254 158
471-0-1-0.05-50-0 0 2387 24 21 17 4 0.1940 0.4184 254 158
471-0-1-0.05-50-0 0 2388 24 16 17 6 0.1940 0.2228 254 149
471-0-1-0.05-50-0 0 2388 18 24 2 17 0.2181 0.1940 226 254
471-0-1-0.05-50-0 0 2389 8 10 5 4 0.2506 0.2533 303 449
471-0-1-0.05-50-0 0 2389 39 12 8 3 0.2187 0.1896 309 325
471-0-1-0.05-50-0 0 2390 16 44 5 3 0.2228 0.7034 149 118
471-0-1-0.05-50-0 0 2390 23 44 2 2 0.1698 0.7034 476 118
471-0-1-0.05-50-0 0 2391 22 6 2 4 0.0160 0.4266 311 249
471-0-1-0.05-50-0 0 2391 2 28 7 4 0.8198 0.3846 167 311
471-0-1-0.05-50-0 0 2392 35 23 6 2 0.0354 0.1698 158 476
471-0-1-0.05-50-0 0 2392 16 16 5 5 0.2228 0.2228 149 149
471-0-1-0.05-50-0 0 2393 35 24 6 18 0.0354 0.1940 158 254
471-0-1-0.05-50-0 0 2393 18 39 3 8 0.2181 0.2187 226 309
471-0-1-0.05-50-0 0 2394 34 22 2 2 0.7448 0.0160 168 311
471-0-1-0.05-50-0 0 2394 36 40 5 5 0.8162 0.9739 165 104
471-0-1-0.05-50-0 0 2395 8 8 6 6 0.2506 0.2506 303 303
471-0-1-0.05-50-0 0 2395 33 28 6 3 0.6893 0.3846 191 311
471-0-1-0.05-50-0 0 2396 33 35 5 6 0.6893 0.0354 191 158
471-0-1-0.05-50-0 0 2396 11 31 2 1 0.0504 0.5626 384 252
471-0-1-0.05-50-0 0 2397 39 34 7 2 0.2187 0.7448 309 168
471-0-1-0.05-50-0 0 2397 35 37 5 2 0.0354 0.8481 158 127
471-0-1-0.05-50-0 0 2398 5 16 3 4 0.0007 0.2228 226 149
471-0-1-0.05-50-0 0 2398 24 33 15 5 0.1940 0.6893 254 191
471-0-1-0.05-50-0 0 2399 8 12 5 2 0.2506 0.1896 303 325
471-0-1-0.05-50-0 0 2399 16 36 3 7 0.2228 0.8162 149 165
471-0-1-0.05-50-0 0 2400 22 26 2 1 0.0160 0.8171 311 141
471-0-1-0.05-50-0 0 2400 42 43 6 3 0.7447 0.8316 106 123
471-0-1-0.05-50-0 0 2401 22 24 3 22 0.0160 0.1940 311 254
471-0-1-0.05-50-0 0 2401 4 35 11 6 0.0723 0.0354 351 158
471-0-1-0.05-50-0 0 2402 24 6 19 3 0.1940 0.4266 254 249
471-0-1-0.05-50-0 0 2402 24 33 19 5 0.1940 0.6893 254 191
471-0-1-0.05-50-0 0 2403 43 42 3 10 0.8316 0.7447 123 106
471-0-1-0.05-50-0 0 2403 40 4 5 10 0.9739 0.0723 104 351
471-0-1-0.05-50-0 0 2404 21 2 8 5 0.4184 0.8198 158 167
471-0-1-0.05-50-0 0 2404 8 8 4 4 0.2506 0.2506 303 303
471-0-1-0.05-50-0 0 2405 43 24 3 20 0.8316 0.1940 123 254
471-0-1-0.05-50-0 0 2405 2 40 4 7 0.8198 0.9739 167 104
471-0-1-0.05-50-0 0 2406 5 41 3 3 0.0007 0.9621 226 105
471-0-1-0.05-50-0 0 2406 46 24 2 19 0.3451 0.1940 327 254
471-0-1-0.05-50-0 0 2407 6 24 2 18 0.4266 0.1940 249 254
471-0-1-0.05-50-0 0 2407 27 35 2 5 0.0776 0.0354 149 158
471-0-1-0.05-50-0 0 2408 24 24 19 19 0.1940 0.1940 254 254
471-0-1-0.05-50-0 0 2408 24 35 18 6 0.1940 0.0354 254 158
471-0-1-0.05-50-0 0 2409 41 4 2 8 0.9621 0.0723 105 351
471-0-1-0.05-50-0 0 2409 36 24 10 18 0.8162 0.1940 165 254
471-0-1-0.05-50-0 0 2410 35 24 5 19 0.0354 0.1940 158 254
471-0-1-0.05-50-0 0 2410 21 24 9 18 0.4184 0.1940 158 254
471-0-1-0.05-50-0 0 2411 42 36 10 11 0.7447 0.8162 106 165
471-0-1-0.05-50-0 0 2411 36 16 10 5 0.8162 0.2228 165 149
471-0-1-0.05-50-0 0 2412 5 27 3 5 0.0007 0.0776 226 149
471-0-1-0.05-50-0 0 2412 41 24 2 15 0.9621 0.1940 105 254
471-0-1-0.05-50-0 0 2413 24 4 14 7 0.1940 0.0723 254 351
471-0-1-0.05-50-0 0 2413 46 42 3 6 0.3451 0.7447 327 106
471-0-1-0.05-50-0 0 2414 18 24 5 15 0.2181 0.1940 226 254
471-0-1-0.05-50-0 0 2414 36 40 8 3 0.8162 0.9739 165 104
471-0-1-0.05-50-0 0 2415 46 2 3 5 0.3451 0.8198 327 167
471-0-1-0.05-50-0 0 2415 18 46 5 3 0.2181 0.3451 226 327
471-0-1-0.05-50-0 0 2416 11 43 3 4 0.0504 0.8316 384 123
471-0-1-0.05-50-0 0 2416 34 11 1 3 0.7448 0.0504 168 384
471-0-1-0.05-50-0 0 2417 24 35 13 5 0.1940 0.0354 254 158
471-0-1-0.05-50-0 0 2417 22 42 1 5 0.0160 0.7447 311 106
471-0-1-0.05-50-0 0 2418 4 24 8 13 0.0723 0.1940 351 254
471-0-1-0.05-50-0 0 2418 18 4 3 8 0.2181 0.0723 226 351
471-0-1-0.05-50-0 0 2419 8 38 3 2 0.2506 0.6163 303 270
471-0-1-0.05-50-0 0 2419 27 21 3 11 0.0776 0.4184 149 158
471-0-1-0.05-50-0 0 2420 43 4 4 8 0.8316 0.0723 123 351
471-0-1-0.05-50-0 0 2420 42 40 4 2 0.7447 0.9739 106 104
471-0-1-0.05-50-0 0 2421 18 15 4 3 0.2181 0.7918 226 149
471-0-1-0.05-50-0 0 2421 24 24 17 17 0.1940 0.1940 254 254
471-0-1-0.05-50-0 0 2422 37 18 1 4 0.8481 0.2181 127 226
471-0-1-0.05-50-0 0 2422 8 35 3 7 0.2506 0.0354 303 158
471-0-1-0.05-50-0 0 2423 21 8 12 2 0.4184 0.2506 158 303
471-0-1-0.05-50-0 0 2423 4 10 6 4 0.0723 0.2533 351 449
471-0-1-0.05-50-0 0 2424 43 39 4 1 0.8316 0.2187 123 309
471-0-1-0.05-50-0 0 2424 21 18 13 2 0.4184 0.2181 158 226
471-0-1-0.05-50-0 0 2425 24 46 18 3 0.1940 0.3451 254 327
471-0-1-0.05-50-0 0 2425 23 36 3 8 0.1698 0.8162 476 165
471-0-1-0.05-50-0 0 2426 24 5 19 5 0.1940 0.0007 254 226
471-0-1-0.05-50-0 0 2426 11 6 3 1 0.0504 0.4266 384 249
471-0-1-0.05-50-0 0 2427 35 2 5 5 0.0354 0.8198 158 167
471-0-1-0.05-50-0 0 2427 19 42 2 6 0.8072 0.7447 134 106
471-0-1-0.05-50-0 0 2428 27 23 2 3 0.0776 0.1698 149 476
471-0-1-0.05-50-0 0 2428 34 9 4 1 0.7448 0.6134 168 161
471-0-1-0.05-50-0 0 2429 19 21 3 12 0.8072 0.4184 134 158
471-0-1-0.05-50-0 0 2429 21 46 11 1 0.4184 0.3451 158 327
471-0-1-0.05-50-0 0 2430 35 24 5 19 0.0354 0.1940 158 254
471-0-1-0.05-50-0 0 2430 5 42 3 6 0.0007 0.7447 226 106
471-0-1-0.05-50-0 0 2431 43 24 5 17 0.8316 0.1940 123 254
471-0-1-0.05-50-0 0 2431 21 15 11 3 0.4184 0.7918 158 149
471-0-1-0.05-50-0 0 2432 13 15 2 2 0.8878 0.7918 151 149
471-0-1-0.05-50-0 0 2432 36 36 4 4 0.8162 0.8162 165 165
471-0-1-0.05-50-0 0 2433 2 24 4 17 0.8198 0.1940 167 254
471-0-1-0.05-50-0 0 2433 38 4 1 8 0.6163 0.0723 270 351
471-0-1-0.05-50-0 0 2434 27 24 4 15 0.0776 0.1940 149 254
471-0-1-0.05-50-0 0 2435 35 21 4 11 0.0354 0.4184 158 158
471-0-1-0.05-50-0 0 2436 10 4 5 7 0.2533 0.0723 449 351
471-0-1-0.05-50-0 0 2437 29 10 1 5 0.6728 0.2533 177 449
471-0-1-0.05-50-0 0 2438 24 21 15 10 0.1940 0.4184 254 158
471-0-1-0.05-50-0 0 2439 16 3 3 3 0.2228 0.4813 149 321
471-0-1-0.05-50-0 0 2440 4 40 6 1 0.0723 0.9739 351 104
471-0-1-0.05-50-0 0 2441 2 4 7 5 0.8198 0.0723 167 351
471-0-1-0.05-50-0 0 2442 47 24 3 15 0.9293 0.1940 103 254
471-0-1-0.05-50-0 0 2442 24 24 14 14 0.1940 0.1940 254 254
471-0-1-0.05-50-0 0 2443 24 21 13 9 0.1940 0.4184 254 158
471-0-1-0.05-50-0 0 2444 10 11 5 2 0.2533 0.0504 449 384
471-0-1-0.05-50-0 0 2444 6 24 3 14 0.4266 0.1940 249 254
471-0-1-0.05-50-0 0 2445 13 24 2 14 0.8878 0.1940 151 254
471-0-1-0.05-50-0 0 2445 4 43 4 4 0.0723 0.8316 351 123
471-0-1-0.05-50-0 0 2446 21 42 8 4 0.4184 0.7447 158 106
471-0-1-0.05-50-0 0 2446 4 43 4 4 0.0723 0.8316 351 123
471-0-1-0.05-50-0 0 2447 43 10 3 6 0.8316 0.2533 123 449
471-0-1-0.05-50-0 0 2447 16 27 3 6 0.2228 0.0776 149 149
471-0-1-0.05-50-0 0 2448 24 30 12 3 0.1940 0.6008 254 266
471-0-1-0.05-50-0 0 2448 29 2 2 8 0.6728 0.8198 177 167
471-0-1-0.05-50-0 0 2449 43 27 3 4 0.8316 0.0776 123 149
471-0-1-0.05-50-0 0 2449 4 21 4 10 0.0723 0.4184 351 158
471-0-1-0.05-50-0 0 2450 33 9 2 1 0.6893 0.6134 191 161
471-0-1-0.05-50-0 0 2451 45 11 2 3 0.3816 0.0504 173 384
471-0-1-0.05-50-0 0 2452 19 27 2 3 0.8072 0.0776 134 149
471-0-1-0.05-50-0 0 2453 47 32 7 1 0.9293 0.6514 103 215
471-0-1-0.05-50-0 0 2453 24 37 17 3 0.1940 0.8481 254 127
471-0-1-0.05-50-0 0 2454 6 45 4 1 0.4266 0.3816 249 173
471-0-1-0.05-50-0 0 2455 35 47 5 8 0.0354 0.9293 158 103
471-0-1-0.05-50-0 0 2455 6 34 5 3 0.4266 0.7448 249 168
471-0-1-0.05-50-0 0 2456 10 49 4 4 0.2533 0.1842 449 136
471-0-1-0.05-50-0 0 2456 24 47 15 8 0.1940 0.9293 254 103
471-0-1-0.05-50-0 0 2457 4 23 5 1 0.0723 0.1698 351 476
471-0-1-0.05-50-0 0 2457 6 49 5 3 0.4266 0.1842 249 136
471-0-1-0.05-50-0 0 2458 11 47 3 8 0.0504 0.9293 384 103
471-0-1-0.05-50-0 0 2458 2 49 3 2 0.8198 0.1842 167 136
471-0-1-0.05-50-0 0 2459 24 11 17 3 0.1940 0.0504 254 384
471-0-1-0.05-50-0 0 2460 4 10 4 4 0.0723 0.2533 351 449
471-0-1-0.05-50-0 0 2461 11 24 2 18 0.0504 0.1940 384 254
471-0-1-0.05-50-0 0 2461 27 5 3 3 0.0776 0.0007 149 226
471-0-1-0.05-50-0 0 2462 4 24 4 16 0.0723 0.1940 351 254
471-0-1-0.05-50-0 0 2463 35 33 7 4 0.0354 0.6893 158 191
471-0-1-0.05-50-0 0 2463 27 5 3 2 0.0776 0.0007 149 226
471-0-1-0.05-50-0 0 2464 27 47 3 6 0.0776 0.9293 149 103
471-0-1-0.05-50-0 0 2465 36 37 4 1 0.8162 0.8481 165 127
471-0-1-0.05-50-0 0 2466 24 47 13 6 0.1940 0.9293 254 103
471-0-1-0.05-50-0 0 2467 43 24 6 14 0.8316 0.1940 123 254
471-0-1-0.05-50-0 0 2467 47 42 5 2 0.9293 0.7447 103 106
471-0-1-0.05-50-0 0 2468 4 33 3 3 0.0723 0.6893 351 191
471-0-1-0.05-50-0 0 2468 47 43 5 6 0.9293 0.8316 103 123
471-0-1-0.05-50-0 0 2469 43 34 6 5 0.8316 0.7448 123 168
471-0-1-0.05-50-0 0 2469 6 22 7 2 0.4266 0.0160 249 311
471-0-1-0.05-50-0 0 2470 35 10 10 8 0.0354 0.2533 158 449
471-0-1-0.05-50-0 0 2470 39 34 1 4 0.2187 0.7448 309 168
471-0-1-0.05-50-0 0 2471 6 43 7 6 0.4266 0.8316 249 123
471-0-1-0.05-50-0 0 2471 24 36 16 4 0.1940 0.8162 254 165
471-0-1-0.05-50-0 0 2472 36 28 3 1 0.8162 0.3846 165 311
471-0-1-0.05-50-0 0 2472 6 36 6 3 0.4266 0.8162 249 165
471-0-1-0.05-50-0 0 2473 9 10 3 7 0.6134 0.2533 161 449
471-0-1-0.05-50-0 0 2473 7 31 4 3 0.9267 0.5626 106 252
471-0-1-0.05-50-0 0 2474 47 35 7 11 0.9293 0.0354 103 158
471-0-1-0.05-50-0 0 2474 6 30 7 6 0.4266 0.6008 249 266
471-0-1-0.05-50-0 0 2475 47 35 6 10 0.9293 0.0354 103 158
471-0-1-0.05-50-0 0 2475 36 9 2 3 0.8162 0.6134 165 161
471-0-1-0.05-50-0 0 2476 31 9 2 2 0.5626 0.6134 252 161
471-0-1-0.05-50-0 0 2476 35 35 9 9 0.0354 0.0354 158 158
471-0-1-0.05-50-0 0 2477 24 43 17 8 0.1940 0.8316 254 123
471-0-1-0.05-50-0 0 2477 27 10 3 6 0.0776 0.2533 149 449
471-0-1-0.05-50-0 0 2478 3 31 5 2 0.4813 0.5626 321 252
471-0-1-0.05-50-0 0 2478 35 3 8 5 0.0354 0.4813 158 321
471-0-1-0.05-50-0 0 2479 10 7 6 3 0.2533 0.9267 449 106
471-0-1-0.05-50-0 0 2479 4 37 4 1 0.0723 0.8481 351 127
471-0-1-0.05-50-0 0 2480 24 33 14 4 0.1940 0.6893 254 191
471-0-1-0.05-50-0 0 2481 34 31 2 1 0.7448 0.5626 168 252
471-0-1-0.05-50-0 0 2482 33 47 2 6 0.6893 0.9293 191 103
471-0-1-0.05-50-0 0 2483 3 29 3 5 0.4813 0.6728 321 177
471-0-1-0.05-50-0 0 2484 29 10 4 7 0.6728 0.2533 177 449
471-0-1-0.05-50-0 0 2485 29 43 4 6 0.6728 0.8316 177 123
471-0-1-0.05-50-0 0 2486 10 34 5 4 0.2533 0.7448 449 168
471-0-1-0.05-50-0 0 2487 11 10 7 5 0.0504 0.2533 384 449
471-0-1-0.05-50-0 0 2488 24 39 11 2 0.1940 0.2187 254 309
471-0-1-0.05-50-0 0 2489 24 35 12 7 0.1940 0.0354 254 158
471-0-1-0.05-50-0 0 2490 6 47 5 7 0.4266 0.9293 249 103
471-0-1-0.05-50-0 0 2491 10 49 4 2 0.2533 0.1842 449 136
471-0-1-0.05-50-0 0 2491 11 47 8 7 0.0504 0.9293 384 103
471-0-1-0.05-50-0 0 2492 43 35 6 7 0.8316 0.0354 123 158
471-0-1-0.05-50-0 0 2493 47 4 7 4 0.9293 0.0723 103 351
471-0-1-0.05-50-0 0 2494 10 24 4 11 0.2533 0.1940 449 254
471-0-1-0.05-50-0 0 2495 1 47 2 8 0.2520 0.9293 409 103
471-0-1-0.05-50-0 0 2496 3 8 4 2 0.4813 0.2506 321 303
471-0-1-0.05-50-0 0 2497 44 21 2 5 0.7034 0.4184 118 158
471-0-1-0.05-50-0 0 2498 11 21 6 3 0.0504 0.4184 384 158
471-0-1-0.05-50-0 0 2498 43 24 9 12 0.8316 0.1940 123 254
471-0-1-0.05-50-0 0 2499 43 11 9 8 0.8316 0.0504 123 384
471-0-1-0.05-50-0 0 2499 11 3 7 7 0.0504 0.4813 384 321
471-0-1-0.05-50-0 0 2500 19 27 2 5 0.8072 0.0776 134 149
471-0-1-0.05-50-0 0 2500 30 3 3 6 0.6008 0.4813 266 321
