472-0-1-0.05-50-0 0 2302 28 39 2 12 0.3846 0.2187 311 309
472-0-1-0.05-50-0 0 2302 17 39 22 11 0.6398 0.2187 197 309
472-0-1-0.05-50-0 0 2303 10 17 9 24 0.2533 0.6398 449 197
472-0-1-0.05-50-0 0 2303 25 34 3 1 0.9430 0.7448 125 168
472-0-1-0.05-50-0 0 2304 17 29 24 9 0.6398 0.6728 197 177
472-0-1-0.05-50-0 0 2304 17 12 24 8 0.6398 0.1896 197 325
472-0-1-0.05-50-0 0 2305 17 20 24 3 0.6398 0.9922 197 102
472-0-1-0.05-50-0 0 2305 49 39 1 12 0.1842 0.2187 136 309
472-0-1-0.05-50-0 0 2306 17 46 26 4 0.6398 0.3451 197 327
472-0-1-0.05-50-0 0 2306 10 21 9 8 0.2533 0.4184 449 158
472-0-1-0.05-50-0 0 2307 33 21 3 7 0.6893 0.4184 191 158
472-0-1-0.05-50-0 0 2307 8 17 2 26 0.2506 0.6398 303 197
472-0-1-0.05-50-0 0 2308 17 23 25 3 0.6398 0.1698 197 476
472-0-1-0.05-50-0 0 2308 29 17 9 25 0.6728 0.6398 177 197
472-0-1-0.05-50-0 0 2309 15 17 2 24 0.7918 0.6398 149 197
472-0-1-0.05-50-0 0 2309 17 17 23 23 0.6398 0.6398 197 197
472-0-1-0.05-50-0 0 2310 14 17 1 23 0.8451 0.6398 105 197
472-0-1-0.05-50-0 0 2310 15 10 2 10 0.7918 0.2533 149 449
472-0-1-0.05-50-0 0 2311 6 12 6 7 0.4266 0.1896 249 325
472-0-1-0.05-50-0 0 2311 10 46 9 2 0.2533 0.3451 449 327
472-0-1-0.05-50-0 0 2312 32 10 2 10 0.6514 0.2533 215 449
472-0-1-0.05-50-0 0 2312 28 33 2 4 0.3846 0.6893 311 191
472-0-1-0.05-50-0 0 2313 29 17 9 21 0.6728 0.6398 177 197
472-0-1-0.05-50-0 0 2313 39 17 13 20 0.2187 0.6398 309 197
472-0-1-0.05-50-0 0 2314 17 29 21 10 0.6398 0.6728 197 177
472-0-1-0.05-50-0 0 2314 21 17 9 21 0.4184 0.6398 158 197
472-0-1-0.05-50-0 0 2315 33 12 3 7 0.6893 0.1896 191 325
472-0-1-0.05-50-0 0 2315 29 21 10 10 0.6728 0.4184 177 158
472-0-1-0.05-50-0 0 2316 22 17 3 22 0.0160 0.6398 311 197
472-0-1-0.05-50-0 0 2316 10 17 9 21 0.2533 0.6398 449 197
472-0-1-0.05-50-0 0 2317 39 26 14 7 0.2187 0.8171 309 141
472-0-1-0.05-50-0 0 2317 21 27 10 7 0.4184 0.0776 158 149
472-0-1-0.05-50-0 0 2318 49 39 1 14 0.1842 0.2187 136 309
472-0-1-0.05-50-0 0 2318 39 17 13 23 0.2187 0.6398 309 197
472-0-1-0.05-50-0 0 2319 32 29 3 8 0.6514 0.6728 215 177
472-0-1-0.05-50-0 0 2319 31 20 2 2 0.5626 0.9922 252 102
472-0-1-0.05-50-0 0 2320 32 10 3 9 0.6514 0.2533 215 449
472-0-1-0.05-50-0 0 2320 17 6 19 7 0.6398 0.4266 197 249
472-0-1-0.05-50-0 0 2321 39 10 10 8 0.2187 0.2533 309 449
472-0-1-0.05-50-0 0 2321 17 39 20 10 0.6398 0.2187 197 309
472-0-1-0.05-50-0 0 2322 27 17 10 21 0.0776 0.6398 149 197
472-0-1-0.05-50-0 0 2322 21 10 14 7 0.4184 0.2533 158 449
472-0-1-0.05-50-0 0 2323 17 31 21 3 0.6398 0.5626 197 252
472-0-1-0.05-50-0 0 2323 22 25 6 3 0.0160 0.9430 311 125
472-0-1-0.05-50-0 0 2324 23 25 4 3 0.1698 0.9430 476 125
472-0-1-0.05-50-0 0 2324 14 10 3 7 0.8451 0.2533 105 449
472-0-1-0.05-50-0 0 2325 12 6 7 6 0.1896 0.4266 325 249
472-0-1-0.05-50-0 0 2325 5 17 1 20 0.0007 0.6398 226 197
472-0-1-0.05-50-0 0 2326 12 41 7 3 0.1896 0.9621 325 105
472-0-1-0.05-50-0 0 2326 18 27 3 10 0.2181 0.0776 226 149
472-0-1-0.05-50-0 0 2327 14 23 3 4 0.8451 0.1698 105 476
472-0-1-0.05-50-0 0 2327 25 29 2 7 0.9430 0.6728 125 177
472-0-1-0.05-50-0 0 2328 46 46 4 4 0.3451 0.3451 327 327
472-0-1-0.05-50-0 0 2328 17 17 19 19 0.6398 0.6398 197 197
472-0-1-0.05-50-0 0 2329 32 27 1 10 0.6514 0.0776 215 149
472-0-1-0.05-50-0 0 2329 17 16 17 1 0.6398 0.2228 197 149
472-0-1-0.05-50-0 0 2330 27 15 9 5 0.0776 0.7918 149 149
472-0-1-0.05-50-0 0 2330 17 1 18 3 0.6398 0.2520 197 409
472-0-1-0.05-50-0 0 2331 8 39 1 6 0.2506 0.2187 303 309
472-0-1-0.05-50-0 0 2331 22 15 7 4 0.0160 0.7918 311 149
472-0-1-0.05-50-0 0 2332 10 22 5 7 0.2533 0.0160 449 311
472-0-1-0.05-50-0 0 2332 26 21 5 15 0.8171 0.4184 141 158
472-0-1-0.05-50-0 0 2333 18 40 2 1 0.2181 0.9739 226 104
472-0-1-0.05-50-0 0 2333 21 17 15 19 0.4184 0.6398 158 197
472-0-1-0.05-50-0 0 2334 27 17 10 18 0.0776 0.6398 149 197
472-0-1-0.05-50-0 0 2334 17 29 17 6 0.6398 0.6728 197 177
472-0-1-0.05-50-0 0 2335 17 17 17 17 0.6398 0.6398 197 197
472-0-1-0.05-50-0 0 2335 27 6 10 8 0.0776 0.4266 149 249
472-0-1-0.05-50-0 0 2336 27 29 10 5 0.0776 0.6728 149 177
472-0-1-0.05-50-0 0 2336 21 26 14 5 0.4184 0.8171 158 141
472-0-1-0.05-50-0 0 2337 29 21 4 14 0.6728 0.4184 177 158
472-0-1-0.05-50-0 0 2337 41 40 1 1 0.9621 0.9739 105 104
472-0-1-0.05-50-0 0 2338 14 21 2 12 0.8451 0.4184 105 158
472-0-1-0.05-50-0 0 2339 6 10 7 4 0.4266 0.2533 249 449
472-0-1-0.05-50-0 0 2339 15 21 4 11 0.7918 0.4184 149 158
472-0-1-0.05-50-0 0 2340 31 17 3 14 0.5626 0.6398 252 197
472-0-1-0.05-50-0 0 2340 21 23 11 5 0.4184 0.1698 158 476
472-0-1-0.05-50-0 0 2341 17 17 12 12 0.6398 0.6398 197 197
472-0-1-0.05-50-0 0 2341 21 13 12 2 0.4184 0.8878 158 151
472-0-1-0.05-50-0 0 2342 12 41 9 2 0.1896 0.9621 325 105
472-0-1-0.05-50-0 0 2342 17 27 10 10 0.6398 0.0776 197 149
472-0-1-0.05-50-0 0 2343 6 46 6 2 0.4266 0.3451 249 327
472-0-1-0.05-50-0 0 2343 48 31 4 5 0.1153 0.5626 334 252
472-0-1-0.05-50-0 0 2344 22 10 7 4 0.0160 0.2533 311 449
472-0-1-0.05-50-0 0 2344 44 23 1 7 0.7034 0.1698 118 476
472-0-1-0.05-50-0 0 2345 22 21 7 13 0.0160 0.4184 311 158
472-0-1-0.05-50-0 0 2345 31 11 4 2 0.5626 0.0504 252 384
472-0-1-0.05-50-0 0 2346 48 27 5 10 0.1153 0.0776 334 149
472-0-1-0.05-50-0 0 2346 12 22 11 8 0.1896 0.0160 325 311
472-0-1-0.05-50-0 0 2347 19 27 1 10 0.8072 0.0776 134 149
472-0-1-0.05-50-0 0 2347 21 21 11 11 0.4184 0.4184 158 158
472-0-1-0.05-50-0 0 2348 10 22 5 7 0.2533 0.0160 449 311
472-0-1-0.05-50-0 0 2348 17 27 11 10 0.6398 0.0776 197 149
472-0-1-0.05-50-0 0 2349 29 44 4 2 0.6728 0.7034 177 118
472-0-1-0.05-50-0 0 2349 48 12 6 9 0.1153 0.1896 334 325
472-0-1-0.05-50-0 0 2350 17 26 12 5 0.6398 0.8171 197 141
472-0-1-0.05-50-0 0 2350 48 21 5 11 0.1153 0.4184 334 158
472-0-1-0.05-50-0 0 2351 39 15 4 3 0.2187 0.7918 309 149
472-0-1-0.05-50-0 0 2351 22 36 7 1 0.0160 0.8162 311 165
472-0-1-0.05-50-0 0 2352 4 18 2 3 0.0723 0.2181 351 226
472-0-1-0.05-50-0 0 2352 12 22 10 6 0.1896 0.0160 325 311
472-0-1-0.05-50-0 0 2353 17 15 13 2 0.6398 0.7918 197 149
472-0-1-0.05-50-0 0 2353 48 17 6 13 0.1153 0.6398 334 197
472-0-1-0.05-50-0 0 2354 24 19 1 2 0.1940 0.8072 254 134
472-0-1-0.05-50-0 0 2354 21 6 10 6 0.4184 0.4266 158 249
472-0-1-0.05-50-0 0 2355 39 25 5 2 0.2187 0.9430 309 125
472-0-1-0.05-50-0 0 2355 14 29 4 2 0.8451 0.6728 105 177
472-0-1-0.05-50-0 0 2356 27 39 13 5 0.0776 0.2187 149 309
472-0-1-0.05-50-0 0 2356 25 27 1 13 0.9430 0.0776 125 149
472-0-1-0.05-50-0 0 2357 6 27 5 13 0.4266 0.0776 249 149
472-0-1-0.05-50-0 0 2357 27 12 12 10 0.0776 0.1896 149 325
472-0-1-0.05-50-0 0 2358 23 14 9 4 0.1698 0.8451 476 105
472-0-1-0.05-50-0 0 2358 12 27 9 12 0.1896 0.0776 325 149
472-0-1-0.05-50-0 0 2359 26 14 5 3 0.8171 0.8451 141 105
472-0-1-0.05-50-0 0 2359 17 21 12 8 0.6398 0.4184 197 158
472-0-1-0.05-50-0 0 2360 17 21 11 7 0.6398 0.4184 197 158
472-0-1-0.05-50-0 0 2360 6 23 6 12 0.4266 0.1698 249 476
472-0-1-0.05-50-0 0 2361 46 15 2 1 0.3451 0.7918 327 149
472-0-1-0.05-50-0 0 2361 23 27 13 13 0.1698 0.0776 476 149
472-0-1-0.05-50-0 0 2362 48 27 5 12 0.1153 0.0776 334 149
472-0-1-0.05-50-0 0 2362 17 27 12 11 0.6398 0.0776 197 149
472-0-1-0.05-50-0 0 2363 3 14 3 3 0.4813 0.8451 321 105
472-0-1-0.05-50-0 0 2363 23 27 13 10 0.1698 0.0776 476 149
472-0-1-0.05-50-0 0 2364 6 17 6 12 0.4266 0.6398 249 197
472-0-1-0.05-50-0 0 2364 26 23 5 14 0.8171 0.1698 141 476
472-0-1-0.05-50-0 0 2365 23 22 13 3 0.1698 0.0160 476 311
472-0-1-0.05-50-0 0 2365 17 17 11 11 0.6398 0.6398 197 197
472-0-1-0.05-50-0 0 2366 12 46 9 2 0.1896 0.3451 325 327
472-0-1-0.05-50-0 0 2366 21 10 10 5 0.4184 0.2533 158 449
472-0-1-0.05-50-0 0 2367 4 48 5 4 0.0723 0.1153 351 334
472-0-1-0.05-50-0 0 2367 4 23 5 13 0.0723 0.1698 351 476
472-0-1-0.05-50-0 0 2368 12 14 13 2 0.1896 0.8451 325 105
472-0-1-0.05-50-0 0 2368 26 17 11 10 0.8171 0.6398 141 197
472-0-1-0.05-50-0 0 2369 48 26 3 11 0.1153 0.8171 334 141
472-0-1-0.05-50-0 0 2369 26 19 10 3 0.8171 0.8072 141 134
472-0-1-0.05-50-0 0 2370 12 8 12 3 0.1896 0.2506 325 303
472-0-1-0.05-50-0 0 2370 4 21 7 12 0.0723 0.4184 351 158
472-0-1-0.05-50-0 0 2371 26 21 10 11 0.8171 0.4184 141 158
472-0-1-0.05-50-0 0 2371 12 6 12 7 0.1896 0.4266 325 249
472-0-1-0.05-50-0 0 2372 31 6 5 7 0.5626 0.4266 252 249
472-0-1-0.05-50-0 0 2372 4 21 7 10 0.0723 0.4184 351 158
472-0-1-0.05-50-0 0 2373 46 18 5 4 0.3451 0.2181 327 226
472-0-1-0.05-50-0 0 2373 23 48 12 3 0.1698 0.1153 476 334
472-0-1-0.05-50-0 0 2374 26 46 10 5 0.8171 0.3451 141 327
472-0-1-0.05-50-0 0 2374 23 21 12 8 0.1698 0.4184 476 158
472-0-1-0.05-50-0 0 2375 6 46 6 5 0.4266 0.3451 249 327
472-0-1-0.05-50-0 0 2375 24 26 2 10 0.1940 0.8171 254 141
472-0-1-0.05-50-0 0 2376 39 21 5 8 0.2187 0.4184 309 158
472-0-1-0.05-50-0 0 2376 17 27 9 9 0.6398 0.0776 197 149
472-0-1-0.05-50-0 0 2377 12 26 14 7 0.1896 0.8171 325 141
472-0-1-0.05-50-0 0 2377 26 13 6 1 0.8171 0.8878 141 151
472-0-1-0.05-50-0 0 2378 27 39 7 6 0.0776 0.2187 149 309
472-0-1-0.05-50-0 0 2378 21 4 7 8 0.4184 0.0723 158 351
472-0-1-0.05-50-0 0 2379 23 12 15 14 0.1698 0.1896 476 325
472-0-1-0.05-50-0 0 2379 23 4 15 7 0.1698 0.0723 476 351
472-0-1-0.05-50-0 0 2380 26 46 6 4 0.8171 0.3451 141 327
472-0-1-0.05-50-0 0 2380 21 37 7 1 0.4184 0.8481 158 127
472-0-1-0.05-50-0 0 2381 21 21 7 7 0.4184 0.4184 158 158
472-0-1-0.05-50-0 0 2381 29 26 1 6 0.6728 0.8171 177 141
472-0-1-0.05-50-0 0 2382 23 17 17 10 0.1698 0.6398 476 197
472-0-1-0.05-50-0 0 2382 12 23 15 17 0.1896 0.1698 325 476
472-0-1-0.05-50-0 0 2383 21 27 7 8 0.4184 0.0776 158 149
472-0-1-0.05-50-0 0 2383 23 6 17 6 0.1698 0.4266 476 249
472-0-1-0.05-50-0 0 2384 12 18 14 4 0.1896 0.2181 325 226
472-0-1-0.05-50-0 0 2384 17 12 10 14 0.6398 0.1896 197 325
472-0-1-0.05-50-0 0 2385 29 45 1 4 0.6728 0.3816 177 173
472-0-1-0.05-50-0 0 2385 46 23 4 16 0.3451 0.1698 327 476
472-0-1-0.05-50-0 0 2386 23 12 16 13 0.1698 0.1896 476 325
472-0-1-0.05-50-0 0 2386 23 47 16 1 0.1698 0.9293 476 103
472-0-1-0.05-50-0 0 2387 1 12 2 12 0.2520 0.1896 409 325
472-0-1-0.05-50-0 0 2387 44 27 6 9 0.7034 0.0776 118 149
472-0-1-0.05-50-0 0 2388 17 31 8 9 0.6398 0.5626 197 252
472-0-1-0.05-50-0 0 2388 4 19 7 2 0.0723 0.8072 351 134
472-0-1-0.05-50-0 0 2389 23 12 12 12 0.1698 0.1896 476 325
472-0-1-0.05-50-0 0 2389 20 21 3 9 0.9922 0.4184 102 158
472-0-1-0.05-50-0 0 2390 4 21 8 9 0.0723 0.4184 351 158
472-0-1-0.05-50-0 0 2390 12 10 10 3 0.1896 0.2533 325 449
472-0-1-0.05-50-0 0 2391 26 12 6 10 0.8171 0.1896 141 325
472-0-1-0.05-50-0 0 2391 26 28 6 1 0.8171 0.3846 141 311
472-0-1-0.05-50-0 0 2392 17 1 11 3 0.6398 0.2520 197 409
472-0-1-0.05-50-0 0 2392 12 16 9 4 0.1896 0.2228 325 149
472-0-1-0.05-50-0 0 2393 22 46 5 4 0.0160 0.3451 311 327
472-0-1-0.05-50-0 0 2393 12 27 10 9 0.1896 0.0776 325 149
472-0-1-0.05-50-0 0 2394 27 17 8 10 0.0776 0.6398 149 197
472-0-1-0.05-50-0 0 2394 17 6 9 12 0.6398 0.4266 197 249
472-0-1-0.05-50-0 0 2395 27 27 8 8 0.0776 0.0776 149 149
472-0-1-0.05-50-0 0 2395 23 18 11 3 0.1698 0.2181 476 226
472-0-1-0.05-50-0 0 2396 12 23 11 11 0.1896 0.1698 325 476
472-0-1-0.05-50-0 0 2396 26 23 9 10 0.8171 0.1698 141 476
472-0-1-0.05-50-0 0 2396 39 30 9 4 0.2187 0.6008 309 266
472-0-1-0.05-50-0 0 2397 23 34 10 2 0.1698 0.7448 476 168
472-0-1-0.05-50-0 0 2397 24 12 2 12 0.1940 0.1896 254 325
472-0-1-0.05-50-0 0 2397 21 21 8 8 0.4184 0.4184 158 158
472-0-1-0.05-50-0 0 2398 5 22 1 9 0.0007 0.0160 226 311
472-0-1-0.05-50-0 0 2398 10 39 3 9 0.2533 0.2187 449 309
472-0-1-0.05-50-0 0 2399 17 28 12 2 0.6398 0.3846 197 311
472-0-1-0.05-50-0 0 2399 4 44 7 9 0.0723 0.7034 351 118
472-0-1-0.05-50-0 0 2399 4 26 7 11 0.0723 0.8171 351 141
472-0-1-0.05-50-0 0 2400 8 21 3 7 0.2506 0.4184 303 158
472-0-1-0.05-50-0 0 2400 27 31 10 13 0.0776 0.5626 149 252
472-0-1-0.05-50-0 0 2400 44 27 8 10 0.7034 0.0776 118 149
472-0-1-0.05-50-0 0 2401 27 14 9 3 0.0776 0.8451 149 105
472-0-1-0.05-50-0 0 2401 27 4 9 9 0.0776 0.0723 149 351
472-0-1-0.05-50-0 0 2401 26 6 11 15 0.8171 0.4266 141 249
472-0-1-0.05-50-0 0 2402 4 4 8 8 0.0723 0.0723 351 351
472-0-1-0.05-50-0 0 2402 17 44 11 8 0.6398 0.7034 197 118
472-0-1-0.05-50-0 0 2402 1 4 4 7 0.2520 0.0723 409 351
472-0-1-0.05-50-0 0 2403 44 12 7 13 0.7034 0.1896 118 325
472-0-1-0.05-50-0 0 2403 22 31 9 13 0.0160 0.5626 311 252
472-0-1-0.05-50-0 0 2403 26 39 12 8 0.8171 0.2187 141 309
472-0-1-0.05-50-0 0 2404 1 26 5 12 0.2520 0.8171 409 141
472-0-1-0.05-50-0 0 2404 12 5 12 4 0.1896 0.0007 325 226
472-0-1-0.05-50-0 0 2404 12 27 12 7 0.1896 0.0776 325 149
472-0-1-0.05-50-0 0 2405 6 10 20 2 0.4266 0.2533 249 449
472-0-1-0.05-50-0 0 2405 31 17 12 12 0.5626 0.6398 252 197
472-0-1-0.05-50-0 0 2406 6 31 19 12 0.4266 0.5626 249 252
472-0-1-0.05-50-0 0 2406 46 17 2 11 0.3451 0.6398 327 197
472-0-1-0.05-50-0 0 2407 23 21 9 3 0.1698 0.4184 476 158
472-0-1-0.05-50-0 0 2407 12 6 9 20 0.1896 0.4266 325 249
472-0-1-0.05-50-0 0 2408 31 26 11 10 0.5626 0.8171 252 141
472-0-1-0.05-50-0 0 2408 34 17 1 8 0.7448 0.6398 168 197
472-0-1-0.05-50-0 0 2409 6 19 17 1 0.4266 0.8072 249 134
472-0-1-0.05-50-0 0 2409 39 3 12 3 0.2187 0.4813 309 321
472-0-1-0.05-50-0 0 2410 12 5 9 4 0.1896 0.0007 325 226
472-0-1-0.05-50-0 0 2410 44 23 6 7 0.7034 0.1698 118 476
472-0-1-0.05-50-0 0 2411 6 12 18 10 0.4266 0.1896 249 325
472-0-1-0.05-50-0 0 2411 27 30 5 2 0.0776 0.6008 149 266
472-0-1-0.05-50-0 0 2412 27 27 5 5 0.0776 0.0776 149 149
472-0-1-0.05-50-0 0 2412 44 31 8 10 0.7034 0.5626 118 252
472-0-1-0.05-50-0 0 2413 39 36 13 2 0.2187 0.8162 309 165
472-0-1-0.05-50-0 0 2413 39 6 13 16 0.2187 0.4266 309 249
472-0-1-0.05-50-0 0 2414 17 17 7 7 0.6398 0.6398 197 197
472-0-1-0.05-50-0 0 2414 12 26 10 6 0.1896 0.8171 325 141
472-0-1-0.05-50-0 0 2415 32 4 3 7 0.6514 0.0723 215 351
472-0-1-0.05-50-0 0 2415 5 17 3 5 0.0007 0.6398 226 197
472-0-1-0.05-50-0 0 2416 34 21 3 1 0.7448 0.4184 168 158
472-0-1-0.05-50-0 0 2416 23 32 7 2 0.1698 0.6514 476 215
472-0-1-0.05-50-0 0 2417 44 27 10 6 0.7034 0.0776 118 149
472-0-1-0.05-50-0 0 2417 31 23 11 7 0.5626 0.1698 252 476
472-0-1-0.05-50-0 0 2418 1 4 3 8 0.2520 0.0723 409 351
472-0-1-0.05-50-0 0 2418 4 31 7 11 0.0723 0.5626 351 252
472-0-1-0.05-50-0 0 2419 46 5 3 2 0.3451 0.0007 327 226
472-0-1-0.05-50-0 0 2419 3 18 4 1 0.4813 0.2181 321 226
472-0-1-0.05-50-0 0 2420 3 23 4 9 0.4813 0.1698 321 476
472-0-1-0.05-50-0 0 2420 26 22 5 10 0.8171 0.0160 141 311
472-0-1-0.05-50-0 0 2421 6 10 17 1 0.4266 0.2533 249 449
472-0-1-0.05-50-0 0 2421 35 31 1 10 0.0354 0.5626 158 252
472-0-1-0.05-50-0 0 2422 31 27 8 3 0.5626 0.0776 252 149
472-0-1-0.05-50-0 0 2422 22 39 8 13 0.0160 0.2187 311 309
472-0-1-0.05-50-0 0 2423 44 31 11 9 0.7034 0.5626 118 252
472-0-1-0.05-50-0 0 2423 22 4 8 6 0.0160 0.0723 311 351
472-0-1-0.05-50-0 0 2424 38 31 1 9 0.6163 0.5626 270 252
472-0-1-0.05-50-0 0 2424 3 36 4 1 0.4813 0.8162 321 165
472-0-1-0.05-50-0 0 2425 44 4 11 6 0.7034 0.0723 118 351
472-0-1-0.05-50-0 0 2425 34 17 4 3 0.7448 0.6398 168 197
472-0-1-0.05-50-0 0 2426 6 22 19 8 0.4266 0.0160 249 311
472-0-1-0.05-50-0 0 2426 4 39 4 13 0.0723 0.2187 351 309
472-0-1-0.05-50-0 0 2427 45 31 1 8 0.3816 0.5626 173 252
472-0-1-0.05-50-0 0 2427 39 6 12 19 0.2187 0.4266 309 249
472-0-1-0.05-50-0 0 2428 26 34 4 4 0.8171 0.7448 141 168
472-0-1-0.05-50-0 0 2428 6 4 19 4 0.4266 0.0723 249 351
472-0-1-0.05-50-0 0 2429 22 39 7 11 0.0160 0.2187 311 309
472-0-1-0.05-50-0 0 2429 39 5 10 5 0.2187 0.0007 309 226
472-0-1-0.05-50-0 0 2430 26 39 4 13 0.8171 0.2187 141 309
472-0-1-0.05-50-0 0 2430 44 34 14 3 0.7034 0.7448 118 168
472-0-1-0.05-50-0 0 2431 44 39 14 10 0.7034 0.2187 118 309
472-0-1-0.05-50-0 0 2432 39 39 10 10 0.2187 0.2187 309 309
472-0-1-0.05-50-0 0 2433 12 6 5 16 0.1896 0.4266 325 249
472-0-1-0.05-50-0 0 2434 6 22 16 6 0.4266 0.0160 249 311
472-0-1-0.05-50-0 0 2435 6 31 17 8 0.4266 0.5626 249 252
472-0-1-0.05-50-0 0 2435 12 1 6 4 0.1896 0.2520 325 409
472-0-1-0.05-50-0 0 2436 6 39 17 9 0.4266 0.2187 249 309
472-0-1-0.05-50-0 0 2436 22 6 5 17 0.0160 0.4266 311 249
472-0-1-0.05-50-0 0 2437 12 4 6 4 0.1896 0.0723 325 351
472-0-1-0.05-50-0 0 2438 6 44 17 18 0.4266 0.7034 249 118
472-0-1-0.05-50-0 0 2438 1 6 3 17 0.2520 0.4266 409 249
472-0-1-0.05-50-0 0 2439 22 6 5 16 0.0160 0.4266 311 249
472-0-1-0.05-50-0 0 2439 6 31 15 6 0.4266 0.5626 249 252
472-0-1-0.05-50-0 0 2440 39 44 10 16 0.2187 0.7034 309 118
472-0-1-0.05-50-0 0 2440 22 6 4 15 0.0160 0.4266 311 249
472-0-1-0.05-50-0 0 2441 39 39 11 11 0.2187 0.2187 309 309
472-0-1-0.05-50-0 0 2441 44 23 14 7 0.7034 0.1698 118 476
472-0-1-0.05-50-0 0 2442 6 6 13 13 0.4266 0.4266 249 249
472-0-1-0.05-50-0 0 2442 12 5 8 5 0.1896 0.0007 325 226
472-0-1-0.05-50-0 0 2443 12 31 8 6 0.1896 0.5626 325 252
472-0-1-0.05-50-0 0 2443 3 25 2 2 0.4813 0.9430 321 125
472-0-1-0.05-50-0 0 2444 45 3 1 3 0.3816 0.4813 173 321
472-0-1-0.05-50-0 0 2444 46 21 3 1 0.3451 0.4184 327 158
472-0-1-0.05-50-0 0 2445 44 23 13 5 0.7034 0.1698 118 476
472-0-1-0.05-50-0 0 2445 44 46 13 3 0.7034 0.3451 118 327
472-0-1-0.05-50-0 0 2446 44 47 13 1 0.7034 0.9293 118 103
472-0-1-0.05-50-0 0 2446 6 26 9 6 0.4266 0.8171 249 141
472-0-1-0.05-50-0 0 2447 22 12 7 7 0.0160 0.1896 311 325
472-0-1-0.05-50-0 0 2447 45 10 2 3 0.3816 0.2533 173 449
472-0-1-0.05-50-0 0 2448 44 3 13 2 0.7034 0.4813 118 321
472-0-1-0.05-50-0 0 2449 26 45 4 2 0.8171 0.3816 141 173
472-0-1-0.05-50-0 0 2450 15 5 2 7 0.7918 0.0007 149 226
472-0-1-0.05-50-0 0 2451 6 22 7 6 0.4266 0.0160 249 311
472-0-1-0.05-50-0 0 2452 6 39 8 10 0.4266 0.2187 249 309
472-0-1-0.05-50-0 0 2452 14 44 2 11 0.8451 0.7034 105 118
472-0-1-0.05-50-0 0 2453 33 13 3 2 0.6893 0.8878 191 151
472-0-1-0.05-50-0 0 2454 6 13 6 1 0.4266 0.8878 249 151
472-0-1-0.05-50-0 0 2455 39 42 10 5 0.2187 0.7447 309 106
472-0-1-0.05-50-0 0 2456 22 34 3 5 0.0160 0.7448 311 168
472-0-1-0.05-50-0 0 2457 34 15 3 1 0.7448 0.7918 168 149
472-0-1-0.05-50-0 0 2458 19 44 1 8 0.8072 0.7034 134 118
472-0-1-0.05-50-0 0 2459 44 19 7 1 0.7034 0.8072 118 134
472-0-1-0.05-50-0 0 2460 4 16 3 2 0.0723 0.2228 351 149
472-0-1-0.05-50-0 0 2461 6 5 10 9 0.4266 0.0007 249 226
472-0-1-0.05-50-0 0 2462 33 44 3 7 0.6893 0.7034 191 118
472-0-1-0.05-50-0 0 2463 26 44 4 6 0.8171 0.7034 141 118
472-0-1-0.05-50-0 0 2464 4 31 4 8 0.0723 0.5626 351 252
472-0-1-0.05-50-0 0 2464 50 29 1 3 0.2147 0.6728 147 177
472-0-1-0.05-50-0 0 2465 40 42 2 5 0.9739 0.7447 104 106
472-0-1-0.05-50-0 0 2465 6 26 13 5 0.4266 0.8171 249 141
472-0-1-0.05-50-0 0 2466 44 22 8 3 0.7034 0.0160 118 311
472-0-1-0.05-50-0 0 2466 33 49 4 1 0.6893 0.1842 191 136
472-0-1-0.05-50-0 0 2467 44 4 6 4 0.7034 0.0723 118 351
472-0-1-0.05-50-0 0 2467 45 39 1 14 0.3816 0.2187 173 309
472-0-1-0.05-50-0 0 2468 23 45 2 1 0.1698 0.3816 476 173
472-0-1-0.05-50-0 0 2468 4 46 2 6 0.0723 0.3451 351 327
472-0-1-0.05-50-0 0 2469 31 12 9 6 0.5626 0.1896 252 325
472-0-1-0.05-50-0 0 2469 42 39 4 14 0.7447 0.2187 106 309
472-0-1-0.05-50-0 0 2470 44 26 6 3 0.7034 0.8171 118 141
472-0-1-0.05-50-0 0 2471 29 31 2 9 0.6728 0.5626 177 252
472-0-1-0.05-50-0 0 2472 12 39 5 12 0.1896 0.2187 325 309
472-0-1-0.05-50-0 0 2472 5 44 9 6 0.0007 0.7034 226 118
472-0-1-0.05-50-0 0 2473 5 31 10 7 0.0007 0.5626 226 252
472-0-1-0.05-50-0 0 2473 42 44 4 6 0.7447 0.7034 106 118
472-0-1-0.05-50-0 0 2474 33 34 4 6 0.6893 0.7448 191 168
472-0-1-0.05-50-0 0 2474 5 14 10 2 0.0007 0.8451 226 105
472-0-1-0.05-50-0 0 2475 39 44 10 6 0.2187 0.7034 309 118
472-0-1-0.05-50-0 0 2475 6 5 16 10 0.4266 0.0007 249 226
472-0-1-0.05-50-0 0 2476 5 34 10 4 0.0007 0.7448 226 168
472-0-1-0.05-50-0 0 2476 4 6 2 14 0.0723 0.4266 351 249
472-0-1-0.05-50-0 0 2477 42 3 4 4 0.7447 0.4813 106 321
472-0-1-0.05-50-0 0 2477 6 12 13 6 0.4266 0.1896 249 325
472-0-1-0.05-50-0 0 2478 40 31 4 8 0.9739 0.5626 104 252
472-0-1-0.05-50-0 0 2478 40 5 4 12 0.9739 0.0007 104 226
472-0-1-0.05-50-0 0 2479 48 39 3 7 0.1153 0.2187 334 309
472-0-1-0.05-50-0 0 2479 48 34 3 3 0.1153 0.7448 334 168
472-0-1-0.05-50-0 0 2480 40 12 3 4 0.9739 0.1896 104 325
472-0-1-0.05-50-0 0 2480 23 4 3 3 0.1698 0.0723 476 351
472-0-1-0.05-50-0 0 2481 39 5 7 11 0.2187 0.0007 309 226
472-0-1-0.05-50-0 0 2481 34 39 2 7 0.7448 0.2187 168 309
472-0-1-0.05-50-0 0 2482 33 22 4 3 0.6893 0.0160 191 311
472-0-1-0.05-50-0 0 2482 22 6 2 17 0.0160 0.4266 311 249
472-0-1-0.05-50-0 0 2483 14 16 3 3 0.8451 0.2228 105 149
472-0-1-0.05-50-0 0 2483 40 34 3 2 0.9739 0.7448 104 168
472-0-1-0.05-50-0 0 2484 4 5 4 12 0.0723 0.0007 351 226
472-0-1-0.05-50-0 0 2484 3 40 1 3 0.4813 0.9739 321 104
472-0-1-0.05-50-0 0 2485 6 5 17 11 0.4266 0.0007 249 226
472-0-1-0.05-50-0 0 2486 5 6 10 17 0.0007 0.4266 226 249
472-0-1-0.05-50-0 0 2487 31 44 8 6 0.5626 0.7034 252 118
472-0-1-0.05-50-0 0 2488 18 6 1 18 0.2181 0.4266 226 249
472-0-1-0.05-50-0 0 2489 31 6 7 16 0.5626 0.4266 252 249
472-0-1-0.05-50-0 0 2490 26 6 3 17 0.8171 0.4266 141 249
472-0-1-0.05-50-0 0 2490 12 30 3 1 0.1896 0.6008 325 266
472-0-1-0.05-50-0 0 2491 5 31 11 7 0.0007 0.5626 226 252
472-0-1-0.05-50-0 0 2491 39 42 11 5 0.2187 0.7447 309 106
472-0-1-0.05-50-0 0 2492 6 39 17 12 0.4266 0.2187 249 309
472-0-1-0.05-50-0 0 2492 44 1 5 1 0.7034 0.2520 118 409
472-0-1-0.05-50-0 0 2493 12 5 5 12 0.1896 0.0007 325 226
472-0-1-0.05-50-0 0 2493 8 6 1 18 0.2506 0.4266 303 249
472-0-1-0.05-50-0 0 2494 6 12 17 5 0.4266 0.1896 249 325
472-0-1-0.05-50-0 0 2494 6 39 17 10 0.4266 0.2187 249 309
472-0-1-0.05-50-0 0 2495 44 14 5 3 0.7034 0.8451 118 105
472-0-1-0.05-50-0 0 2495 14 46 2 7 0.8451 0.3451 105 327
472-0-1-0.05-50-0 0 2496 8 37 1 4 0.2506 0.8481 303 127
472-0-1-0.05-50-0 0 2496 5 40 13 3 0.0007 0.9739 226 104
472-0-1-0.05-50-0 0 2497 31 42 6 5 0.5626 0.7447 252 106
472-0-1-0.05-50-0 0 2497 33 19 4 1 0.6893 0.8072 191 134
472-0-1-0.05-50-0 0 2498 3 12 1 4 0.4813 0.1896 321 325
472-0-1-0.05-50-0 0 2498 16 40 4 2 0.2228 0.9739 149 104
472-0-1-0.05-50-0 0 2499 16 5 4 12 0.2228 0.0007 149 226
472-0-1-0.05-50-0 0 2499 16 6 4 16 0.2228 0.4266 149 249
472-0-1-0.05-50-0 0 2500 14 48 2 5 0.8451 0.1153 105 334
472-0-1-0.05-50-0 0 2500 39 42 10 4 0.2187 0.7447 309 106
