474-0-1-0.05-50-0 0 2302 23 35 4 11 0.1698 0.0354 476 158
474-0-1-0.05-50-0 0 2302 30 26 5 17 0.6008 0.8171 266 141
474-0-1-0.05-50-0 0 2303 15 26 5 15 0.7918 0.8171 149 141
474-0-1-0.05-50-0 0 2303 18 48 4 21 0.2181 0.1153 226 334
474-0-1-0.05-50-0 0 2304 48 35 21 11 0.1153 0.0354 334 158
474-0-1-0.05-50-0 0 2304 23 30 4 6 0.1698 0.6008 476 266
474-0-1-0.05-50-0 0 2305 48 34 22 1 0.1153 0.7448 334 168
474-0-1-0.05-50-0 0 2305 18 26 5 16 0.2181 0.8171 226 141
474-0-1-0.05-50-0 0 2306 26 26 14 14 0.8171 0.8171 141 141
474-0-1-0.05-50-0 0 2306 48 18 22 5 0.1153 0.2181 334 226
474-0-1-0.05-50-0 0 2307 7 26 6 13 0.9267 0.8171 106 141
474-0-1-0.05-50-0 0 2307 10 18 3 4 0.2533 0.2181 449 226
474-0-1-0.05-50-0 0 2308 8 26 1 12 0.2506 0.8171 303 141
474-0-1-0.05-50-0 0 2308 9 28 7 7 0.6134 0.3846 161 311
474-0-1-0.05-50-0 0 2309 30 35 5 11 0.6008 0.0354 266 158
474-0-1-0.05-50-0 0 2309 48 15 22 7 0.1153 0.7918 334 149
474-0-1-0.05-50-0 0 2310 48 35 21 12 0.1153 0.0354 334 158
474-0-1-0.05-50-0 0 2310 23 18 6 3 0.1698 0.2181 476 226
474-0-1-0.05-50-0 0 2311 3 15 4 7 0.4813 0.7918 321 149
474-0-1-0.05-50-0 0 2311 26 26 14 14 0.8171 0.8171 141 141
474-0-1-0.05-50-0 0 2312 23 30 7 4 0.1698 0.6008 476 266
474-0-1-0.05-50-0 0 2312 23 21 7 1 0.1698 0.4184 476 158
474-0-1-0.05-50-0 0 2313 7 10 6 3 0.9267 0.2533 106 449
474-0-1-0.05-50-0 0 2313 44 23 2 7 0.7034 0.1698 118 476
474-0-1-0.05-50-0 0 2314 18 12 1 4 0.2181 0.1896 226 325
474-0-1-0.05-50-0 0 2314 23 48 6 22 0.1698 0.1153 476 334
474-0-1-0.05-50-0 0 2315 15 35 6 13 0.7918 0.0354 149 158
474-0-1-0.05-50-0 0 2315 50 38 3 3 0.2147 0.6163 147 270
474-0-1-0.05-50-0 0 2316 9 15 7 6 0.6134 0.7918 161 149
474-0-1-0.05-50-0 0 2316 3 15 4 5 0.4813 0.7918 321 149
474-0-1-0.05-50-0 0 2317 48 16 22 2 0.1153 0.2228 334 149
474-0-1-0.05-50-0 0 2317 48 9 22 7 0.1153 0.6134 334 161
474-0-1-0.05-50-0 0 2318 44 35 3 12 0.7034 0.0354 118 158
474-0-1-0.05-50-0 0 2318 40 48 1 22 0.9739 0.1153 104 334
474-0-1-0.05-50-0 0 2319 48 35 21 11 0.1153 0.0354 334 158
474-0-1-0.05-50-0 0 2319 23 50 8 2 0.1698 0.2147 476 147
474-0-1-0.05-50-0 0 2320 48 35 25 10 0.1153 0.0354 334 158
474-0-1-0.05-50-0 0 2320 27 48 5 25 0.0776 0.1153 149 334
474-0-1-0.05-50-0 0 2321 31 15 7 5 0.5626 0.7918 252 149
474-0-1-0.05-50-0 0 2321 26 31 16 7 0.8171 0.5626 141 252
474-0-1-0.05-50-0 0 2322 30 44 4 2 0.6008 0.7034 266 118
474-0-1-0.05-50-0 0 2322 26 48 15 30 0.8171 0.1153 141 334
474-0-1-0.05-50-0 0 2323 13 26 2 15 0.8878 0.8171 151 141
474-0-1-0.05-50-0 0 2323 49 48 12 31 0.1842 0.1153 136 334
474-0-1-0.05-50-0 0 2324 48 8 31 5 0.1153 0.2506 334 303
474-0-1-0.05-50-0 0 2324 48 31 31 3 0.1153 0.5626 334 252
474-0-1-0.05-50-0 0 2325 7 43 7 3 0.9267 0.8316 106 123
474-0-1-0.05-50-0 0 2325 12 35 4 8 0.1896 0.0354 325 158
474-0-1-0.05-50-0 0 2326 9 14 5 1 0.6134 0.8451 161 105
474-0-1-0.05-50-0 0 2326 35 23 7 13 0.0354 0.1698 158 476
474-0-1-0.05-50-0 0 2327 28 35 2 7 0.3846 0.0354 311 158
474-0-1-0.05-50-0 0 2327 35 31 6 2 0.0354 0.5626 158 252
474-0-1-0.05-50-0 0 2328 23 26 14 14 0.1698 0.8171 476 141
474-0-1-0.05-50-0 0 2328 48 28 35 2 0.1153 0.3846 334 311
474-0-1-0.05-50-0 0 2329 8 29 4 1 0.2506 0.6728 303 177
474-0-1-0.05-50-0 0 2329 49 48 13 36 0.1842 0.1153 136 334
474-0-1-0.05-50-0 0 2330 16 23 2 14 0.2228 0.1698 149 476
474-0-1-0.05-50-0 0 2330 43 9 1 6 0.8316 0.6134 123 161
474-0-1-0.05-50-0 0 2331 3 48 5 36 0.4813 0.1153 321 334
474-0-1-0.05-50-0 0 2331 35 23 6 14 0.0354 0.1698 158 476
474-0-1-0.05-50-0 0 2332 3 3 6 6 0.4813 0.4813 321 321
474-0-1-0.05-50-0 0 2332 12 26 6 14 0.1896 0.8171 325 141
474-0-1-0.05-50-0 0 2333 48 49 32 14 0.1153 0.1842 334 136
474-0-1-0.05-50-0 0 2333 23 39 11 1 0.1698 0.2187 476 309
474-0-1-0.05-50-0 0 2334 35 49 7 14 0.0354 0.1842 158 136
474-0-1-0.05-50-0 0 2334 48 35 34 7 0.1153 0.0354 334 158
474-0-1-0.05-50-0 0 2335 8 35 5 7 0.2506 0.0354 303 158
474-0-1-0.05-50-0 0 2335 30 15 4 4 0.6008 0.7918 266 149
474-0-1-0.05-50-0 0 2336 48 7 33 5 0.1153 0.9267 334 106
474-0-1-0.05-50-0 0 2336 35 49 5 11 0.0354 0.1842 158 136
474-0-1-0.05-50-0 0 2337 7 30 3 4 0.9267 0.6008 106 266
474-0-1-0.05-50-0 0 2337 23 48 11 31 0.1698 0.1153 476 334
474-0-1-0.05-50-0 0 2338 48 12 30 6 0.1153 0.1896 334 325
474-0-1-0.05-50-0 0 2338 48 16 30 2 0.1153 0.2228 334 149
474-0-1-0.05-50-0 0 2339 3 27 8 9 0.4813 0.0776 321 149
474-0-1-0.05-50-0 0 2339 49 48 10 27 0.1842 0.1153 136 334
474-0-1-0.05-50-0 0 2340 12 29 5 1 0.1896 0.6728 325 177
474-0-1-0.05-50-0 0 2340 3 23 8 12 0.4813 0.1698 321 476
474-0-1-0.05-50-0 0 2341 12 9 5 6 0.1896 0.6134 325 161
474-0-1-0.05-50-0 0 2341 48 48 29 29 0.1153 0.1153 334 334
474-0-1-0.05-50-0 0 2342 31 35 3 7 0.5626 0.0354 252 158
474-0-1-0.05-50-0 0 2342 3 48 8 29 0.4813 0.1153 321 334
474-0-1-0.05-50-0 0 2343 23 9 14 6 0.1698 0.6134 476 161
474-0-1-0.05-50-0 0 2343 9 26 5 15 0.6134 0.8171 161 141
474-0-1-0.05-50-0 0 2343 48 49 30 11 0.1153 0.1842 334 136
474-0-1-0.05-50-0 0 2344 48 48 29 29 0.1153 0.1153 334 334
474-0-1-0.05-50-0 0 2344 14 48 2 28 0.8451 0.1153 105 334
474-0-1-0.05-50-0 0 2344 12 49 8 12 0.1896 0.1842 325 136
474-0-1-0.05-50-0 0 2345 48 3 27 9 0.1153 0.4813 334 321
474-0-1-0.05-50-0 0 2345 49 27 10 7 0.1842 0.0776 136 149
474-0-1-0.05-50-0 0 2345 48 45 27 1 0.1153 0.3816 334 173
474-0-1-0.05-50-0 0 2346 3 49 8 9 0.4813 0.1842 321 136
474-0-1-0.05-50-0 0 2346 35 23 7 15 0.0354 0.1698 158 476
474-0-1-0.05-50-0 0 2347 14 12 3 8 0.8451 0.1896 105 325
474-0-1-0.05-50-0 0 2347 23 27 13 5 0.1698 0.0776 476 149
474-0-1-0.05-50-0 0 2348 23 4 14 3 0.1698 0.0723 476 351
474-0-1-0.05-50-0 0 2348 10 48 1 30 0.2533 0.1153 449 334
474-0-1-0.05-50-0 0 2349 23 48 14 30 0.1698 0.1153 476 334
474-0-1-0.05-50-0 0 2349 26 43 15 2 0.8171 0.8316 141 123
474-0-1-0.05-50-0 0 2349 23 48 14 29 0.1698 0.1153 476 334
474-0-1-0.05-50-0 0 2350 15 48 5 30 0.7918 0.1153 149 334
474-0-1-0.05-50-0 0 2350 32 23 3 15 0.6514 0.1698 215 476
474-0-1-0.05-50-0 0 2350 8 48 11 29 0.2506 0.1153 303 334
474-0-1-0.05-50-0 0 2351 23 19 13 2 0.1698 0.8072 476 134
474-0-1-0.05-50-0 0 2351 14 25 3 4 0.8451 0.9430 105 125
474-0-1-0.05-50-0 0 2351 10 44 1 4 0.2533 0.7034 449 118
474-0-1-0.05-50-0 0 2352 15 48 5 27 0.7918 0.1153 149 334
474-0-1-0.05-50-0 0 2352 23 27 13 3 0.1698 0.0776 476 149
474-0-1-0.05-50-0 0 2352 15 31 5 6 0.7918 0.5626 149 252
474-0-1-0.05-50-0 0 2353 3 40 11 4 0.4813 0.9739 321 104
474-0-1-0.05-50-0 0 2353 32 9 4 4 0.6514 0.6134 215 161
474-0-1-0.05-50-0 0 2353 12 48 8 26 0.1896 0.1153 325 334
474-0-1-0.05-50-0 0 2354 40 26 3 15 0.9739 0.8171 104 141
474-0-1-0.05-50-0 0 2354 26 48 14 24 0.8171 0.1153 141 334
474-0-1-0.05-50-0 0 2355 3 26 10 13 0.4813 0.8171 321 141
474-0-1-0.05-50-0 0 2355 48 26 23 12 0.1153 0.8171 334 141
474-0-1-0.05-50-0 0 2356 48 14 22 5 0.1153 0.8451 334 105
474-0-1-0.05-50-0 0 2356 23 48 11 22 0.1698 0.1153 476 334
474-0-1-0.05-50-0 0 2357 26 15 11 6 0.8171 0.7918 141 149
474-0-1-0.05-50-0 0 2357 23 14 13 4 0.1698 0.8451 476 105
474-0-1-0.05-50-0 0 2357 8 4 12 1 0.2506 0.0723 303 351
474-0-1-0.05-50-0 0 2358 48 26 23 11 0.1153 0.8171 334 141
474-0-1-0.05-50-0 0 2358 3 31 12 7 0.4813 0.5626 321 252
474-0-1-0.05-50-0 0 2358 3 5 12 1 0.4813 0.0007 321 226
474-0-1-0.05-50-0 0 2359 23 28 13 4 0.1698 0.3846 476 311
474-0-1-0.05-50-0 0 2359 48 49 24 10 0.1153 0.1842 334 136
474-0-1-0.05-50-0 0 2359 48 48 24 24 0.1153 0.1153 334 334
474-0-1-0.05-50-0 0 2360 9 23 4 14 0.6134 0.1698 161 476
474-0-1-0.05-50-0 0 2360 48 32 22 4 0.1153 0.6514 334 215
474-0-1-0.05-50-0 0 2361 35 8 6 13 0.0354 0.2506 158 303
474-0-1-0.05-50-0 0 2361 2 26 1 12 0.8198 0.8171 167 141
474-0-1-0.05-50-0 0 2362 8 19 12 1 0.2506 0.8072 303 134
474-0-1-0.05-50-0 0 2362 23 48 12 23 0.1698 0.1153 476 334
474-0-1-0.05-50-0 0 2363 31 25 7 5 0.5626 0.9430 252 125
474-0-1-0.05-50-0 0 2363 27 23 3 13 0.0776 0.1698 149 476
474-0-1-0.05-50-0 0 2363 3 12 11 10 0.4813 0.1896 321 325
474-0-1-0.05-50-0 0 2364 49 48 12 26 0.1842 0.1153 136 334
474-0-1-0.05-50-0 0 2364 9 39 3 3 0.6134 0.2187 161 309
474-0-1-0.05-50-0 0 2364 49 12 12 10 0.1842 0.1896 136 325
474-0-1-0.05-50-0 0 2365 49 8 14 14 0.1842 0.2506 136 303
474-0-1-0.05-50-0 0 2365 48 49 25 14 0.1153 0.1842 334 136
474-0-1-0.05-50-0 0 2365 23 32 11 3 0.1698 0.6514 476 215
474-0-1-0.05-50-0 0 2366 48 9 25 3 0.1153 0.6134 334 161
474-0-1-0.05-50-0 0 2366 48 44 25 4 0.1153 0.7034 334 118
474-0-1-0.05-50-0 0 2366 48 8 25 12 0.1153 0.2506 334 303
474-0-1-0.05-50-0 0 2367 9 49 2 14 0.6134 0.1842 161 136
474-0-1-0.05-50-0 0 2367 23 31 9 6 0.1698 0.5626 476 252
474-0-1-0.05-50-0 0 2368 48 34 25 3 0.1153 0.7448 334 168
474-0-1-0.05-50-0 0 2368 26 44 11 4 0.8171 0.7034 141 118
474-0-1-0.05-50-0 0 2369 38 35 1 7 0.6163 0.0354 270 158
474-0-1-0.05-50-0 0 2369 8 23 11 8 0.2506 0.1698 303 476
474-0-1-0.05-50-0 0 2369 48 23 25 7 0.1153 0.1698 334 476
474-0-1-0.05-50-0 0 2370 41 25 3 6 0.9621 0.9430 105 125
474-0-1-0.05-50-0 0 2370 35 25 6 5 0.0354 0.9430 158 125
474-0-1-0.05-50-0 0 2371 14 48 2 25 0.8451 0.1153 105 334
474-0-1-0.05-50-0 0 2371 48 35 24 5 0.1153 0.0354 334 158
474-0-1-0.05-50-0 0 2372 16 35 4 4 0.2228 0.0354 149 158
474-0-1-0.05-50-0 0 2372 40 12 1 11 0.9739 0.1896 104 325
474-0-1-0.05-50-0 0 2373 48 12 24 11 0.1153 0.1896 334 325
474-0-1-0.05-50-0 0 2373 3 28 12 3 0.4813 0.3846 321 311
474-0-1-0.05-50-0 0 2374 12 26 10 8 0.1896 0.8171 325 141
474-0-1-0.05-50-0 0 2374 26 25 7 4 0.8171 0.9430 141 125
474-0-1-0.05-50-0 0 2374 25 15 3 3 0.9430 0.7918 125 149
474-0-1-0.05-50-0 0 2375 12 8 9 12 0.1896 0.2506 325 303
474-0-1-0.05-50-0 0 2375 26 31 7 6 0.8171 0.5626 141 252
474-0-1-0.05-50-0 0 2376 28 3 4 11 0.3846 0.4813 311 321
474-0-1-0.05-50-0 0 2376 28 49 4 18 0.3846 0.1842 311 136
474-0-1-0.05-50-0 0 2377 31 8 5 11 0.5626 0.2506 252 303
474-0-1-0.05-50-0 0 2377 23 48 9 25 0.1698 0.1153 476 334
474-0-1-0.05-50-0 0 2378 14 8 3 12 0.8451 0.2506 105 303
474-0-1-0.05-50-0 0 2378 26 12 7 11 0.8171 0.1896 141 325
474-0-1-0.05-50-0 0 2379 12 41 11 3 0.1896 0.9621 325 105
474-0-1-0.05-50-0 0 2379 25 49 3 16 0.9430 0.1842 125 136
474-0-1-0.05-50-0 0 2379 23 48 9 27 0.1698 0.1153 476 334
474-0-1-0.05-50-0 0 2380 49 16 15 3 0.1842 0.2228 136 149
474-0-1-0.05-50-0 0 2380 12 27 12 4 0.1896 0.0776 325 149
474-0-1-0.05-50-0 0 2381 49 31 16 4 0.1842 0.5626 136 252
474-0-1-0.05-50-0 0 2381 48 26 24 8 0.1153 0.8171 334 141
474-0-1-0.05-50-0 0 2382 48 7 23 4 0.1153 0.9267 334 106
474-0-1-0.05-50-0 0 2382 23 26 11 6 0.1698 0.8171 476 141
474-0-1-0.05-50-0 0 2383 2 25 4 3 0.8198 0.9430 167 125
474-0-1-0.05-50-0 0 2383 49 49 14 14 0.1842 0.1842 136 136
474-0-1-0.05-50-0 0 2383 16 8 3 11 0.2228 0.2506 149 303
474-0-1-0.05-50-0 0 2384 3 49 12 13 0.4813 0.1842 321 136
474-0-1-0.05-50-0 0 2384 48 44 26 5 0.1153 0.7034 334 118
474-0-1-0.05-50-0 0 2384 23 40 11 1 0.1698 0.9739 476 104
474-0-1-0.05-50-0 0 2385 48 8 29 9 0.1153 0.2506 334 303
474-0-1-0.05-50-0 0 2385 29 15 3 4 0.6728 0.7918 177 149
474-0-1-0.05-50-0 0 2385 20 48 3 29 0.9922 0.1153 102 334
474-0-1-0.05-50-0 0 2386 32 12 6 11 0.6514 0.1896 215 325
474-0-1-0.05-50-0 0 2386 48 2 29 6 0.1153 0.8198 334 167
474-0-1-0.05-50-0 0 2386 49 15 12 3 0.1842 0.7918 136 149
474-0-1-0.05-50-0 0 2387 48 12 29 10 0.1153 0.1896 334 325
474-0-1-0.05-50-0 0 2387 48 39 29 2 0.1153 0.2187 334 309
474-0-1-0.05-50-0 0 2387 3 3 12 12 0.4813 0.4813 321 321
474-0-1-0.05-50-0 0 2388 12 27 10 4 0.1896 0.0776 325 149
474-0-1-0.05-50-0 0 2388 48 48 33 33 0.1153 0.1153 334 334
474-0-1-0.05-50-0 0 2388 23 3 10 11 0.1698 0.4813 476 321
474-0-1-0.05-50-0 0 2389 44 48 2 32 0.7034 0.1153 118 334
474-0-1-0.05-50-0 0 2389 12 2 11 6 0.1896 0.8198 325 167
474-0-1-0.05-50-0 0 2389 27 48 3 31 0.0776 0.1153 149 334
474-0-1-0.05-50-0 0 2390 32 49 8 11 0.6514 0.1842 215 136
474-0-1-0.05-50-0 0 2390 3 2 11 5 0.4813 0.8198 321 167
474-0-1-0.05-50-0 0 2390 38 3 1 11 0.6163 0.4813 270 321
474-0-1-0.05-50-0 0 2391 12 8 12 10 0.1896 0.2506 325 303
474-0-1-0.05-50-0 0 2391 32 35 7 4 0.6514 0.0354 215 158
474-0-1-0.05-50-0 0 2391 38 19 1 2 0.6163 0.8072 270 134
474-0-1-0.05-50-0 0 2392 49 7 10 5 0.1842 0.9267 136 106
474-0-1-0.05-50-0 0 2392 23 2 10 4 0.1698 0.8198 476 167
474-0-1-0.05-50-0 0 2392 34 12 1 12 0.7448 0.1896 168 325
474-0-1-0.05-50-0 0 2393 41 30 3 2 0.9621 0.6008 105 266
474-0-1-0.05-50-0 0 2393 49 23 11 9 0.1842 0.1698 136 476
474-0-1-0.05-50-0 0 2393 7 15 4 3 0.9267 0.7918 106 149
474-0-1-0.05-50-0 0 2394 21 28 1 6 0.4184 0.3846 158 311
474-0-1-0.05-50-0 0 2394 25 49 5 12 0.9430 0.1842 125 136
474-0-1-0.05-50-0 0 2394 48 26 28 9 0.1153 0.8171 334 141
474-0-1-0.05-50-0 0 2395 31 25 5 5 0.5626 0.9430 252 125
474-0-1-0.05-50-0 0 2395 48 3 29 12 0.1153 0.4813 334 321
474-0-1-0.05-50-0 0 2395 49 38 12 1 0.1842 0.6163 136 270
474-0-1-0.05-50-0 0 2396 23 28 9 5 0.1698 0.3846 476 311
474-0-1-0.05-50-0 0 2396 19 48 1 29 0.8072 0.1153 134 334
474-0-1-0.05-50-0 0 2396 48 48 28 28 0.1153 0.1153 334 334
474-0-1-0.05-50-0 0 2397 16 28 4 4 0.2228 0.3846 149 311
474-0-1-0.05-50-0 0 2397 48 49 28 12 0.1153 0.1842 334 136
474-0-1-0.05-50-0 0 2397 48 41 28 3 0.1153 0.9621 334 105
474-0-1-0.05-50-0 0 2398 8 32 13 5 0.2506 0.6514 303 215
474-0-1-0.05-50-0 0 2398 39 48 2 29 0.2187 0.1153 309 334
474-0-1-0.05-50-0 0 2398 23 49 9 12 0.1698 0.1842 476 136
474-0-1-0.05-50-0 0 2399 48 8 28 13 0.1153 0.2506 334 303
474-0-1-0.05-50-0 0 2399 48 30 28 1 0.1153 0.6008 334 266
474-0-1-0.05-50-0 0 2399 23 28 10 3 0.1698 0.3846 476 311
474-0-1-0.05-50-0 0 2400 49 48 12 29 0.1842 0.1153 136 334
474-0-1-0.05-50-0 0 2400 35 23 2 11 0.0354 0.1698 158 476
474-0-1-0.05-50-0 0 2400 16 7 5 4 0.2228 0.9267 149 106
474-0-1-0.05-50-0 0 2401 16 31 5 6 0.2228 0.5626 149 252
474-0-1-0.05-50-0 0 2401 3 16 10 5 0.4813 0.2228 321 149
474-0-1-0.05-50-0 0 2401 49 31 13 5 0.1842 0.5626 136 252
474-0-1-0.05-50-0 0 2402 34 49 2 13 0.7448 0.1842 168 136
474-0-1-0.05-50-0 0 2402 23 14 9 6 0.1698 0.8451 476 105
474-0-1-0.05-50-0 0 2402 15 23 3 9 0.7918 0.1698 149 476
474-0-1-0.05-50-0 0 2403 25 49 4 13 0.9430 0.1842 125 136
474-0-1-0.05-50-0 0 2403 48 3 28 10 0.1153 0.4813 334 321
474-0-1-0.05-50-0 0 2404 49 14 12 6 0.1842 0.8451 136 105
474-0-1-0.05-50-0 0 2404 8 26 13 9 0.2506 0.8171 303 141
474-0-1-0.05-50-0 0 2404 48 48 31 31 0.1153 0.1153 334 334
474-0-1-0.05-50-0 0 2405 29 40 5 1 0.6728 0.9739 177 104
474-0-1-0.05-50-0 0 2405 48 48 33 33 0.1153 0.1153 334 334
474-0-1-0.05-50-0 0 2405 48 25 32 5 0.1153 0.9430 334 125
474-0-1-0.05-50-0 0 2406 49 48 12 31 0.1842 0.1153 136 334
474-0-1-0.05-50-0 0 2406 8 12 15 8 0.2506 0.1896 303 325
474-0-1-0.05-50-0 0 2406 49 26 12 10 0.1842 0.8171 136 141
474-0-1-0.05-50-0 0 2407 8 34 15 2 0.2506 0.7448 303 168
474-0-1-0.05-50-0 0 2407 26 25 9 4 0.8171 0.9430 141 125
474-0-1-0.05-50-0 0 2407 23 16 8 3 0.1698 0.2228 476 149
474-0-1-0.05-50-0 0 2408 8 8 16 16 0.2506 0.2506 303 303
474-0-1-0.05-50-0 0 2408 3 48 8 34 0.4813 0.1153 321 334
474-0-1-0.05-50-0 0 2408 48 49 33 14 0.1153 0.1842 334 136
474-0-1-0.05-50-0 0 2409 29 48 6 36 0.6728 0.1153 177 334
474-0-1-0.05-50-0 0 2409 8 3 14 9 0.2506 0.4813 303 321
474-0-1-0.05-50-0 0 2409 29 28 6 3 0.6728 0.3846 177 311
474-0-1-0.05-50-0 0 2410 26 2 8 4 0.8171 0.8198 141 167
474-0-1-0.05-50-0 0 2410 3 48 8 36 0.4813 0.1153 321 334
474-0-1-0.05-50-0 0 2410 8 3 15 8 0.2506 0.4813 303 321
474-0-1-0.05-50-0 0 2411 48 12 34 6 0.1153 0.1896 334 325
474-0-1-0.05-50-0 0 2411 49 48 12 34 0.1842 0.1153 136 334
474-0-1-0.05-50-0 0 2411 8 31 17 3 0.2506 0.5626 303 252
474-0-1-0.05-50-0 0 2412 6 24 1 1 0.4266 0.1940 249 254
474-0-1-0.05-50-0 0 2412 8 48 19 31 0.2506 0.1153 303 334
474-0-1-0.05-50-0 0 2412 49 8 12 19 0.1842 0.2506 136 303
474-0-1-0.05-50-0 0 2413 1 19 1 1 0.2520 0.8072 409 134
474-0-1-0.05-50-0 0 2413 48 14 30 5 0.1153 0.8451 334 105
474-0-1-0.05-50-0 0 2413 26 8 7 19 0.8171 0.2506 141 303
474-0-1-0.05-50-0 0 2414 15 47 4 1 0.7918 0.9293 149 103
474-0-1-0.05-50-0 0 2414 23 38 7 1 0.1698 0.6163 476 270
474-0-1-0.05-50-0 0 2414 48 43 31 3 0.1153 0.8316 334 123
474-0-1-0.05-50-0 0 2415 15 48 5 30 0.7918 0.1153 149 334
474-0-1-0.05-50-0 0 2415 3 39 8 3 0.4813 0.2187 321 309
474-0-1-0.05-50-0 0 2415 8 43 19 2 0.2506 0.8316 303 123
474-0-1-0.05-50-0 0 2416 12 31 6 2 0.1896 0.5626 325 252
474-0-1-0.05-50-0 0 2416 49 48 12 28 0.1842 0.1153 136 334
474-0-1-0.05-50-0 0 2416 23 32 7 5 0.1698 0.6514 476 215
474-0-1-0.05-50-0 0 2417 31 14 1 4 0.5626 0.8451 252 105
474-0-1-0.05-50-0 0 2417 8 35 20 5 0.2506 0.0354 303 158
474-0-1-0.05-50-0 0 2418 29 8 7 19 0.6728 0.2506 177 303
474-0-1-0.05-50-0 0 2418 8 8 18 18 0.2506 0.2506 303 303
474-0-1-0.05-50-0 0 2419 48 43 26 1 0.1153 0.8316 334 123
474-0-1-0.05-50-0 0 2419 8 49 17 11 0.2506 0.1842 303 136
474-0-1-0.05-50-0 0 2420 6 28 1 3 0.4266 0.3846 249 311
474-0-1-0.05-50-0 0 2420 32 48 5 26 0.6514 0.1153 215 334
474-0-1-0.05-50-0 0 2421 15 15 6 6 0.7918 0.7918 149 149
474-0-1-0.05-50-0 0 2421 48 27 24 2 0.1153 0.0776 334 149
474-0-1-0.05-50-0 0 2422 31 23 1 8 0.5626 0.1698 252 476
474-0-1-0.05-50-0 0 2422 39 48 4 25 0.2187 0.1153 309 334
474-0-1-0.05-50-0 0 2423 32 14 4 3 0.6514 0.8451 215 105
474-0-1-0.05-50-0 0 2423 20 23 2 7 0.9922 0.1698 102 476
474-0-1-0.05-50-0 0 2424 26 32 10 6 0.8171 0.6514 141 215
474-0-1-0.05-50-0 0 2424 49 10 10 4 0.1842 0.2533 136 449
474-0-1-0.05-50-0 0 2425 8 23 18 7 0.2506 0.1698 303 476
474-0-1-0.05-50-0 0 2425 17 48 1 23 0.6398 0.1153 197 334
474-0-1-0.05-50-0 0 2426 49 3 11 9 0.1842 0.4813 136 321
474-0-1-0.05-50-0 0 2426 26 48 10 21 0.8171 0.1153 141 334
474-0-1-0.05-50-0 0 2427 8 13 18 1 0.2506 0.8878 303 151
474-0-1-0.05-50-0 0 2427 48 7 21 3 0.1153 0.9267 334 106
474-0-1-0.05-50-0 0 2428 8 15 19 5 0.2506 0.7918 303 149
474-0-1-0.05-50-0 0 2428 34 39 1 4 0.7448 0.2187 168 309
474-0-1-0.05-50-0 0 2429 12 8 4 19 0.1896 0.2506 325 303
474-0-1-0.05-50-0 0 2429 7 3 3 11 0.9267 0.4813 106 321
474-0-1-0.05-50-0 0 2430 26 26 9 9 0.8171 0.8171 141 141
474-0-1-0.05-50-0 0 2430 49 8 11 16 0.1842 0.2506 136 303
474-0-1-0.05-50-0 0 2431 39 12 3 4 0.2187 0.1896 309 325
474-0-1-0.05-50-0 0 2431 49 7 9 3 0.1842 0.9267 136 106
474-0-1-0.05-50-0 0 2432 29 3 6 9 0.6728 0.4813 177 321
474-0-1-0.05-50-0 0 2432 1 26 5 8 0.2520 0.8171 409 141
474-0-1-0.05-50-0 0 2433 36 3 1 8 0.8162 0.4813 165 321
474-0-1-0.05-50-0 0 2433 20 8 4 16 0.9922 0.2506 102 303
474-0-1-0.05-50-0 0 2434 48 48 20 20 0.1153 0.1153 334 334
474-0-1-0.05-50-0 0 2434 15 27 4 2 0.7918 0.0776 149 149
474-0-1-0.05-50-0 0 2435 1 26 5 6 0.2520 0.8171 409 141
474-0-1-0.05-50-0 0 2435 23 20 7 4 0.1698 0.9922 476 102
474-0-1-0.05-50-0 0 2436 3 29 9 5 0.4813 0.6728 321 177
474-0-1-0.05-50-0 0 2436 12 48 4 19 0.1896 0.1153 325 334
474-0-1-0.05-50-0 0 2437 10 26 4 5 0.2533 0.8171 449 141
474-0-1-0.05-50-0 0 2437 15 12 5 4 0.7918 0.1896 149 325
474-0-1-0.05-50-0 0 2438 44 8 7 17 0.7034 0.2506 118 303
474-0-1-0.05-50-0 0 2438 48 3 19 9 0.1153 0.4813 334 321
474-0-1-0.05-50-0 0 2439 8 23 17 8 0.2506 0.1698 303 476
474-0-1-0.05-50-0 0 2439 48 8 18 17 0.1153 0.2506 334 303
474-0-1-0.05-50-0 0 2440 49 44 10 8 0.1842 0.7034 136 118
474-0-1-0.05-50-0 0 2440 29 44 5 7 0.6728 0.7034 177 118
474-0-1-0.05-50-0 0 2441 49 39 10 4 0.1842 0.2187 136 309
474-0-1-0.05-50-0 0 2441 8 15 16 5 0.2506 0.7918 303 149
474-0-1-0.05-50-0 0 2442 3 10 10 3 0.4813 0.2533 321 449
474-0-1-0.05-50-0 0 2442 14 15 3 4 0.8451 0.7918 105 149
474-0-1-0.05-50-0 0 2443 19 15 2 4 0.8072 0.7918 134 149
474-0-1-0.05-50-0 0 2443 12 48 5 19 0.1896 0.1153 325 334
474-0-1-0.05-50-0 0 2444 49 44 12 6 0.1842 0.7034 136 118
474-0-1-0.05-50-0 0 2444 30 1 4 8 0.6008 0.2520 266 409
474-0-1-0.05-50-0 0 2445 29 49 6 12 0.6728 0.1842 177 136
474-0-1-0.05-50-0 0 2445 48 15 19 5 0.1153 0.7918 334 149
474-0-1-0.05-50-0 0 2446 28 39 3 4 0.3846 0.2187 311 309
474-0-1-0.05-50-0 0 2446 3 39 10 3 0.4813 0.2187 321 309
474-0-1-0.05-50-0 0 2447 3 44 10 5 0.4813 0.7034 321 118
474-0-1-0.05-50-0 0 2447 48 2 19 1 0.1153 0.8198 334 167
474-0-1-0.05-50-0 0 2448 44 42 4 1 0.7034 0.7447 118 106
474-0-1-0.05-50-0 0 2448 23 32 4 3 0.1698 0.6514 476 215
474-0-1-0.05-50-0 0 2449 28 26 2 7 0.3846 0.8171 311 141
474-0-1-0.05-50-0 0 2449 8 16 19 4 0.2506 0.2228 303 149
474-0-1-0.05-50-0 0 2450 8 49 16 12 0.2506 0.1842 303 136
474-0-1-0.05-50-0 0 2450 23 30 4 5 0.1698 0.6008 476 266
474-0-1-0.05-50-0 0 2451 40 30 1 6 0.9739 0.6008 104 266
474-0-1-0.05-50-0 0 2451 48 16 21 3 0.1153 0.2228 334 149
474-0-1-0.05-50-0 0 2452 48 26 22 6 0.1153 0.8171 334 141
474-0-1-0.05-50-0 0 2452 26 48 5 22 0.8171 0.1153 141 334
474-0-1-0.05-50-0 0 2453 13 5 2 1 0.8878 0.0007 151 226
474-0-1-0.05-50-0 0 2453 26 29 5 7 0.8171 0.6728 141 177
474-0-1-0.05-50-0 0 2454 48 30 21 6 0.1153 0.6008 334 266
474-0-1-0.05-50-0 0 2454 8 12 14 5 0.2506 0.1896 303 325
474-0-1-0.05-50-0 0 2455 6 15 4 3 0.4266 0.7918 249 149
474-0-1-0.05-50-0 0 2455 10 8 4 15 0.2533 0.2506 449 303
474-0-1-0.05-50-0 0 2456 49 8 11 14 0.1842 0.2506 136 303
474-0-1-0.05-50-0 0 2456 8 35 13 6 0.2506 0.0354 303 158
474-0-1-0.05-50-0 0 2457 30 49 5 12 0.6008 0.1842 266 136
474-0-1-0.05-50-0 0 2457 41 34 1 1 0.9621 0.7448 105 168
474-0-1-0.05-50-0 0 2458 48 30 22 5 0.1153 0.6008 334 266
474-0-1-0.05-50-0 0 2458 20 35 3 4 0.9922 0.0354 102 158
474-0-1-0.05-50-0 0 2459 12 8 4 14 0.1896 0.2506 325 303
474-0-1-0.05-50-0 0 2459 49 26 10 6 0.1842 0.8171 136 141
474-0-1-0.05-50-0 0 2460 48 26 21 5 0.1153 0.8171 334 141
474-0-1-0.05-50-0 0 2460 23 48 3 21 0.1698 0.1153 476 334
474-0-1-0.05-50-0 0 2461 12 49 5 8 0.1896 0.1842 325 136
474-0-1-0.05-50-0 0 2461 12 1 5 6 0.1896 0.2520 325 409
474-0-1-0.05-50-0 0 2462 44 29 6 5 0.7034 0.6728 118 177
474-0-1-0.05-50-0 0 2462 15 6 4 4 0.7918 0.4266 149 249
474-0-1-0.05-50-0 0 2463 35 8 6 15 0.0354 0.2506 158 303
474-0-1-0.05-50-0 0 2463 42 49 1 7 0.7447 0.1842 106 136
474-0-1-0.05-50-0 0 2464 3 44 10 6 0.4813 0.7034 321 118
474-0-1-0.05-50-0 0 2464 35 48 7 20 0.0354 0.1153 158 334
474-0-1-0.05-50-0 0 2465 48 48 21 21 0.1153 0.1153 334 334
474-0-1-0.05-50-0 0 2465 15 48 5 20 0.7918 0.1153 149 334
474-0-1-0.05-50-0 0 2466 47 48 2 19 0.9293 0.1153 103 334
474-0-1-0.05-50-0 0 2466 48 15 18 5 0.1153 0.7918 334 149
474-0-1-0.05-50-0 0 2467 1 1 6 6 0.2520 0.2520 409 409
474-0-1-0.05-50-0 0 2467 19 48 3 18 0.8072 0.1153 134 334
474-0-1-0.05-50-0 0 2468 48 49 16 6 0.1153 0.1842 334 136
474-0-1-0.05-50-0 0 2468 48 19 16 3 0.1153 0.8072 334 134
474-0-1-0.05-50-0 0 2469 13 47 4 2 0.8878 0.9293 151 103
474-0-1-0.05-50-0 0 2469 39 25 4 1 0.2187 0.9430 309 125
474-0-1-0.05-50-0 0 2470 49 3 5 7 0.1842 0.4813 136 321
474-0-1-0.05-50-0 0 2470 6 4 4 1 0.4266 0.0723 249 351
474-0-1-0.05-50-0 0 2471 8 35 20 9 0.2506 0.0354 303 158
474-0-1-0.05-50-0 0 2471 44 47 7 1 0.7034 0.9293 118 103
474-0-1-0.05-50-0 0 2472 49 8 4 20 0.1842 0.2506 136 303
474-0-1-0.05-50-0 0 2472 8 8 19 19 0.2506 0.2506 303 303
474-0-1-0.05-50-0 0 2473 35 30 8 8 0.0354 0.6008 158 266
474-0-1-0.05-50-0 0 2473 20 48 2 19 0.9922 0.1153 102 334
474-0-1-0.05-50-0 0 2474 35 35 9 9 0.0354 0.0354 158 158
474-0-1-0.05-50-0 0 2474 29 5 4 3 0.6728 0.0007 177 226
474-0-1-0.05-50-0 0 2475 8 10 18 6 0.2506 0.2533 303 449
474-0-1-0.05-50-0 0 2475 35 48 6 18 0.0354 0.1153 158 334
474-0-1-0.05-50-0 0 2476 13 49 7 4 0.8878 0.1842 151 136
474-0-1-0.05-50-0 0 2476 48 8 18 18 0.1153 0.2506 334 303
474-0-1-0.05-50-0 0 2477 29 30 3 7 0.6728 0.6008 177 266
474-0-1-0.05-50-0 0 2477 10 27 6 1 0.2533 0.0776 449 149
474-0-1-0.05-50-0 0 2478 35 8 6 19 0.0354 0.2506 158 303
474-0-1-0.05-50-0 0 2478 10 5 5 2 0.2533 0.0007 449 226
474-0-1-0.05-50-0 0 2479 16 16 3 3 0.2228 0.2228 149 149
474-0-1-0.05-50-0 0 2479 8 8 18 18 0.2506 0.2506 303 303
474-0-1-0.05-50-0 0 2480 1 39 11 4 0.2520 0.2187 409 309
474-0-1-0.05-50-0 0 2480 44 35 6 7 0.7034 0.0354 118 158
474-0-1-0.05-50-0 0 2481 8 35 16 6 0.2506 0.0354 303 158
474-0-1-0.05-50-0 0 2481 48 35 18 5 0.1153 0.0354 334 158
474-0-1-0.05-50-0 0 2482 39 39 3 3 0.2187 0.2187 309 309
474-0-1-0.05-50-0 0 2482 29 12 4 3 0.6728 0.1896 177 325
474-0-1-0.05-50-0 0 2483 8 8 16 16 0.2506 0.2506 303 303
474-0-1-0.05-50-0 0 2483 31 3 2 6 0.5626 0.4813 252 321
474-0-1-0.05-50-0 0 2484 42 44 1 7 0.7447 0.7034 106 118
474-0-1-0.05-50-0 0 2484 30 8 5 15 0.6008 0.2506 266 303
474-0-1-0.05-50-0 0 2485 13 28 9 1 0.8878 0.3846 151 311
474-0-1-0.05-50-0 0 2485 42 32 1 4 0.7447 0.6514 106 215
474-0-1-0.05-50-0 0 2486 29 1 4 13 0.6728 0.2520 177 409
474-0-1-0.05-50-0 0 2486 19 29 3 4 0.8072 0.6728 134 177
474-0-1-0.05-50-0 0 2487 44 32 6 3 0.7034 0.6514 118 215
474-0-1-0.05-50-0 0 2487 23 8 5 15 0.1698 0.2506 476 303
474-0-1-0.05-50-0 0 2488 13 48 8 20 0.8878 0.1153 151 334
474-0-1-0.05-50-0 0 2488 8 49 14 4 0.2506 0.1842 303 136
474-0-1-0.05-50-0 0 2489 22 8 1 14 0.0160 0.2506 311 303
474-0-1-0.05-50-0 0 2489 48 30 17 8 0.1153 0.6008 334 266
474-0-1-0.05-50-0 0 2490 8 49 12 2 0.2506 0.1842 303 136
474-0-1-0.05-50-0 0 2490 20 45 2 2 0.9922 0.3816 102 173
474-0-1-0.05-50-0 0 2491 49 6 1 2 0.1842 0.4266 136 249
474-0-1-0.05-50-0 0 2491 10 1 5 10 0.2533 0.2520 449 409
474-0-1-0.05-50-0 0 2492 44 3 6 4 0.7034 0.4813 118 321
474-0-1-0.05-50-0 0 2492 1 48 9 19 0.2520 0.1153 409 334
474-0-1-0.05-50-0 0 2493 5 16 4 1 0.0007 0.2228 226 149
474-0-1-0.05-50-0 0 2493 48 44 19 6 0.1153 0.7034 334 118
474-0-1-0.05-50-0 0 2494 30 48 6 19 0.6008 0.1153 266 334
474-0-1-0.05-50-0 0 2494 30 13 6 9 0.6008 0.8878 266 151
474-0-1-0.05-50-0 0 2495 35 8 6 13 0.0354 0.2506 158 303
474-0-1-0.05-50-0 0 2495 48 8 18 12 0.1153 0.2506 334 303
474-0-1-0.05-50-0 0 2496 13 30 8 5 0.8878 0.6008 151 266
474-0-1-0.05-50-0 0 2496 19 1 3 9 0.8072 0.2520 134 409
474-0-1-0.05-50-0 0 2497 2 48 1 19 0.8198 0.1153 167 334
474-0-1-0.05-50-0 0 2497 15 8 4 11 0.7918 0.2506 149 303
474-0-1-0.05-50-0 0 2498 43 19 3 3 0.8316 0.8072 123 134
474-0-1-0.05-50-0 0 2498 32 13 3 8 0.6514 0.8878 215 151
474-0-1-0.05-50-0 0 2499 43 29 3 3 0.8316 0.6728 123 177
474-0-1-0.05-50-0 0 2499 27 13 1 7 0.0776 0.8878 149 151
474-0-1-0.05-50-0 0 2500 5 48 7 16 0.0007 0.1153 226 334
474-0-1-0.05-50-0 0 2500 44 6 4 2 0.7034 0.4266 118 249
