477-0-1-0.05-50-0 0 2302 46 30 9 9 0.3451 0.6008 327 266
477-0-1-0.05-50-0 0 2302 22 16 25 10 0.0160 0.2228 311 149
477-0-1-0.05-50-0 0 2303 34 22 12 25 0.7448 0.0160 168 311
477-0-1-0.05-50-0 0 2303 1 20 5 2 0.2520 0.9922 409 102
477-0-1-0.05-50-0 0 2304 34 39 12 6 0.7448 0.2187 168 309
477-0-1-0.05-50-0 0 2304 22 28 27 13 0.0160 0.3846 311 311
477-0-1-0.05-50-0 0 2305 22 22 29 29 0.0160 0.0160 311 311
477-0-1-0.05-50-0 0 2305 25 3 1 6 0.9430 0.4813 125 321
477-0-1-0.05-50-0 0 2306 35 46 7 9 0.0354 0.3451 158 327
477-0-1-0.05-50-0 0 2306 16 30 9 9 0.2228 0.6008 149 266
477-0-1-0.05-50-0 0 2306 16 28 9 13 0.2228 0.3846 149 311
477-0-1-0.05-50-0 0 2307 16 14 9 1 0.2228 0.8451 149 105
477-0-1-0.05-50-0 0 2307 39 28 7 12 0.2187 0.3846 309 311
477-0-1-0.05-50-0 0 2308 34 34 16 16 0.7448 0.7448 168 168
477-0-1-0.05-50-0 0 2308 11 46 4 8 0.0504 0.3451 384 327
477-0-1-0.05-50-0 0 2308 25 22 1 32 0.9430 0.0160 125 311
477-0-1-0.05-50-0 0 2309 27 27 3 3 0.0776 0.0776 149 149
477-0-1-0.05-50-0 0 2309 28 22 12 30 0.3846 0.0160 311 311
477-0-1-0.05-50-0 0 2309 35 16 9 9 0.0354 0.2228 158 149
477-0-1-0.05-50-0 0 2310 30 34 13 15 0.6008 0.7448 266 168
477-0-1-0.05-50-0 0 2310 25 3 1 5 0.9430 0.4813 125 321
477-0-1-0.05-50-0 0 2310 16 17 8 3 0.2228 0.6398 149 197
477-0-1-0.05-50-0 0 2311 30 4 13 8 0.6008 0.0723 266 351
477-0-1-0.05-50-0 0 2311 22 13 32 5 0.0160 0.8878 311 151
477-0-1-0.05-50-0 0 2311 13 22 4 32 0.8878 0.0160 151 311
477-0-1-0.05-50-0 0 2312 17 22 2 32 0.6398 0.0160 197 311
477-0-1-0.05-50-0 0 2312 34 42 14 4 0.7448 0.7447 168 106
477-0-1-0.05-50-0 0 2312 4 22 7 31 0.0723 0.0160 351 311
477-0-1-0.05-50-0 0 2313 39 16 5 10 0.2187 0.2228 309 149
477-0-1-0.05-50-0 0 2313 22 30 31 13 0.0160 0.6008 311 266
477-0-1-0.05-50-0 0 2313 35 30 10 12 0.0354 0.6008 158 266
477-0-1-0.05-50-0 0 2314 46 46 9 9 0.3451 0.3451 327 327
477-0-1-0.05-50-0 0 2314 46 17 8 3 0.3451 0.6398 327 197
477-0-1-0.05-50-0 0 2314 17 22 2 32 0.6398 0.0160 197 311
477-0-1-0.05-50-0 0 2315 34 35 12 10 0.7448 0.0354 168 158
477-0-1-0.05-50-0 0 2315 46 46 10 10 0.3451 0.3451 327 327
477-0-1-0.05-50-0 0 2315 35 35 9 9 0.0354 0.0354 158 158
477-0-1-0.05-50-0 0 2316 28 28 15 15 0.3846 0.3846 311 311
477-0-1-0.05-50-0 0 2316 35 1 9 5 0.0354 0.2520 158 409
477-0-1-0.05-50-0 0 2317 28 46 14 9 0.3846 0.3451 311 327
477-0-1-0.05-50-0 0 2317 9 28 1 14 0.6134 0.3846 161 311
477-0-1-0.05-50-0 0 2318 18 4 4 7 0.2181 0.0723 226 351
477-0-1-0.05-50-0 0 2318 46 39 8 4 0.3451 0.2187 327 309
477-0-1-0.05-50-0 0 2319 30 22 8 32 0.6008 0.0160 266 311
477-0-1-0.05-50-0 0 2319 30 46 8 8 0.6008 0.3451 266 327
477-0-1-0.05-50-0 0 2320 16 4 15 5 0.2228 0.0723 149 351
477-0-1-0.05-50-0 0 2320 4 28 4 13 0.0723 0.3846 351 311
477-0-1-0.05-50-0 0 2320 3 27 4 2 0.4813 0.0776 321 149
477-0-1-0.05-50-0 0 2321 22 30 31 8 0.0160 0.6008 311 266
477-0-1-0.05-50-0 0 2321 34 46 12 7 0.7448 0.3451 168 327
477-0-1-0.05-50-0 0 2321 42 28 4 12 0.7447 0.3846 106 311
477-0-1-0.05-50-0 0 2322 22 11 33 3 0.0160 0.0504 311 384
477-0-1-0.05-50-0 0 2322 30 22 8 33 0.6008 0.0160 266 311
477-0-1-0.05-50-0 0 2323 18 28 5 11 0.2181 0.3846 226 311
477-0-1-0.05-50-0 0 2323 4 42 3 5 0.0723 0.7447 351 106
477-0-1-0.05-50-0 0 2324 24 30 3 9 0.1940 0.6008 254 266
477-0-1-0.05-50-0 0 2324 16 30 16 8 0.2228 0.6008 149 266
477-0-1-0.05-50-0 0 2324 22 28 37 9 0.0160 0.3846 311 311
477-0-1-0.05-50-0 0 2325 16 46 16 8 0.2228 0.3451 149 327
477-0-1-0.05-50-0 0 2325 50 24 2 3 0.2147 0.1940 147 254
477-0-1-0.05-50-0 0 2325 22 42 37 5 0.0160 0.7447 311 106
477-0-1-0.05-50-0 0 2326 16 18 19 5 0.2228 0.2181 149 226
477-0-1-0.05-50-0 0 2326 22 35 34 11 0.0160 0.0354 311 158
477-0-1-0.05-50-0 0 2326 24 22 2 34 0.1940 0.0160 254 311
477-0-1-0.05-50-0 0 2327 16 13 19 3 0.2228 0.8878 149 151
477-0-1-0.05-50-0 0 2327 22 30 34 7 0.0160 0.6008 311 266
477-0-1-0.05-50-0 0 2327 24 22 2 34 0.1940 0.0160 254 311
477-0-1-0.05-50-0 0 2328 13 22 2 34 0.8878 0.0160 151 311
477-0-1-0.05-50-0 0 2328 22 35 33 13 0.0160 0.0354 311 158
477-0-1-0.05-50-0 0 2328 34 35 12 12 0.7448 0.0354 168 158
477-0-1-0.05-50-0 0 2329 22 1 36 5 0.0160 0.2520 311 409
477-0-1-0.05-50-0 0 2329 37 16 4 18 0.8481 0.2228 127 149
477-0-1-0.05-50-0 0 2330 3 9 5 1 0.4813 0.6134 321 161
477-0-1-0.05-50-0 0 2330 42 39 4 1 0.7447 0.2187 106 309
477-0-1-0.05-50-0 0 2330 3 16 5 17 0.4813 0.2228 321 149
477-0-1-0.05-50-0 0 2331 27 16 1 16 0.0776 0.2228 149 149
477-0-1-0.05-50-0 0 2331 22 19 34 2 0.0160 0.8072 311 134
477-0-1-0.05-50-0 0 2332 22 28 35 7 0.0160 0.3846 311 311
477-0-1-0.05-50-0 0 2332 28 28 6 6 0.3846 0.3846 311 311
477-0-1-0.05-50-0 0 2333 28 46 5 10 0.3846 0.3451 311 327
477-0-1-0.05-50-0 0 2333 8 1 2 5 0.2506 0.2520 303 409
477-0-1-0.05-50-0 0 2334 22 22 33 33 0.0160 0.0160 311 311
477-0-1-0.05-50-0 0 2334 19 13 1 2 0.8072 0.8878 134 151
477-0-1-0.05-50-0 0 2335 22 1 32 4 0.0160 0.2520 311 409
477-0-1-0.05-50-0 0 2335 34 35 12 10 0.7448 0.0354 168 158
477-0-1-0.05-50-0 0 2336 22 16 32 15 0.0160 0.2228 311 149
477-0-1-0.05-50-0 0 2336 4 34 4 12 0.0723 0.7448 351 168
477-0-1-0.05-50-0 0 2337 22 46 31 8 0.0160 0.3451 311 327
477-0-1-0.05-50-0 0 2337 34 46 11 7 0.7448 0.3451 168 327
477-0-1-0.05-50-0 0 2338 1 3 3 4 0.2520 0.4813 409 321
477-0-1-0.05-50-0 0 2338 18 27 6 1 0.2181 0.0776 226 149
477-0-1-0.05-50-0 0 2339 28 46 5 5 0.3846 0.3451 311 327
477-0-1-0.05-50-0 0 2339 35 18 14 6 0.0354 0.2181 158 226
477-0-1-0.05-50-0 0 2340 35 4 14 6 0.0354 0.0723 158 351
477-0-1-0.05-50-0 0 2340 16 22 17 33 0.2228 0.0160 149 311
477-0-1-0.05-50-0 0 2341 16 34 17 11 0.2228 0.7448 149 168
477-0-1-0.05-50-0 0 2341 16 35 17 15 0.2228 0.0354 149 158
477-0-1-0.05-50-0 0 2341 22 22 31 31 0.0160 0.0160 311 311
477-0-1-0.05-50-0 0 2342 28 3 4 4 0.3846 0.4813 311 321
477-0-1-0.05-50-0 0 2342 11 46 1 5 0.0504 0.3451 384 327
477-0-1-0.05-50-0 0 2342 50 34 3 11 0.2147 0.7448 147 168
477-0-1-0.05-50-0 0 2343 7 8 8 4 0.9267 0.2506 106 303
477-0-1-0.05-50-0 0 2343 3 22 3 31 0.4813 0.0160 321 311
477-0-1-0.05-50-0 0 2343 16 16 18 18 0.2228 0.2228 149 149
477-0-1-0.05-50-0 0 2344 46 7 4 9 0.3451 0.9267 327 106
477-0-1-0.05-50-0 0 2344 50 22 4 30 0.2147 0.0160 147 311
477-0-1-0.05-50-0 0 2344 4 36 6 1 0.0723 0.8162 351 165
477-0-1-0.05-50-0 0 2345 7 4 8 6 0.9267 0.0723 106 351
477-0-1-0.05-50-0 0 2345 22 34 29 11 0.0160 0.7448 311 168
477-0-1-0.05-50-0 0 2345 35 22 15 29 0.0354 0.0160 158 311
477-0-1-0.05-50-0 0 2346 18 13 7 3 0.2181 0.8878 226 151
477-0-1-0.05-50-0 0 2346 43 8 1 4 0.8316 0.2506 123 303
477-0-1-0.05-50-0 0 2346 16 37 16 6 0.2228 0.8481 149 127
477-0-1-0.05-50-0 0 2347 30 28 7 3 0.6008 0.3846 266 311
477-0-1-0.05-50-0 0 2347 35 37 17 5 0.0354 0.8481 158 127
477-0-1-0.05-50-0 0 2347 22 7 31 8 0.0160 0.9267 311 106
477-0-1-0.05-50-0 0 2348 37 35 5 17 0.8481 0.0354 127 158
477-0-1-0.05-50-0 0 2348 50 18 4 7 0.2147 0.2181 147 226
477-0-1-0.05-50-0 0 2348 28 10 2 5 0.3846 0.2533 311 449
477-0-1-0.05-50-0 0 2349 7 22 7 31 0.9267 0.0160 106 311
477-0-1-0.05-50-0 0 2349 35 37 17 5 0.0354 0.8481 158 127
477-0-1-0.05-50-0 0 2349 34 24 10 1 0.7448 0.1940 168 254
477-0-1-0.05-50-0 0 2350 46 34 3 9 0.3451 0.7448 327 168
477-0-1-0.05-50-0 0 2350 3 35 4 17 0.4813 0.0354 321 158
477-0-1-0.05-50-0 0 2350 22 42 34 3 0.0160 0.7447 311 106
477-0-1-0.05-50-0 0 2351 3 50 4 3 0.4813 0.2147 321 147
477-0-1-0.05-50-0 0 2351 35 35 18 18 0.0354 0.0354 158 158
477-0-1-0.05-50-0 0 2351 22 46 35 3 0.0160 0.3451 311 327
477-0-1-0.05-50-0 0 2352 26 35 3 19 0.8171 0.0354 141 158
477-0-1-0.05-50-0 0 2352 30 22 9 34 0.6008 0.0160 266 311
477-0-1-0.05-50-0 0 2352 22 26 33 3 0.0160 0.8171 311 141
477-0-1-0.05-50-0 0 2353 26 22 2 33 0.8171 0.0160 141 311
477-0-1-0.05-50-0 0 2353 18 22 6 32 0.2181 0.0160 226 311
477-0-1-0.05-50-0 0 2353 22 44 31 1 0.0160 0.7034 311 118
477-0-1-0.05-50-0 0 2354 18 31 7 3 0.2181 0.5626 226 252
477-0-1-0.05-50-0 0 2354 30 18 8 7 0.6008 0.2181 266 226
477-0-1-0.05-50-0 0 2354 22 16 32 15 0.0160 0.2228 311 149
477-0-1-0.05-50-0 0 2355 30 42 8 4 0.6008 0.7447 266 106
477-0-1-0.05-50-0 0 2355 34 31 8 2 0.7448 0.5626 168 252
477-0-1-0.05-50-0 0 2355 10 1 4 4 0.2533 0.2520 449 409
477-0-1-0.05-50-0 0 2356 10 16 4 17 0.2533 0.2228 449 149
477-0-1-0.05-50-0 0 2356 28 22 4 35 0.3846 0.0160 311 311
477-0-1-0.05-50-0 0 2356 7 37 8 7 0.9267 0.8481 106 127
477-0-1-0.05-50-0 0 2357 30 35 9 25 0.6008 0.0354 266 158
477-0-1-0.05-50-0 0 2357 35 37 24 7 0.0354 0.8481 158 127
477-0-1-0.05-50-0 0 2357 27 34 1 8 0.0776 0.7448 149 168
477-0-1-0.05-50-0 0 2358 22 35 35 24 0.0160 0.0354 311 158
477-0-1-0.05-50-0 0 2358 8 35 2 23 0.2506 0.0354 303 158
477-0-1-0.05-50-0 0 2358 39 1 1 3 0.2187 0.2520 309 409
477-0-1-0.05-50-0 0 2359 10 7 5 8 0.2533 0.9267 449 106
477-0-1-0.05-50-0 0 2359 16 7 16 7 0.2228 0.9267 149 106
477-0-1-0.05-50-0 0 2359 35 21 24 3 0.0354 0.4184 158 158
477-0-1-0.05-50-0 0 2360 35 7 23 6 0.0354 0.9267 158 106
477-0-1-0.05-50-0 0 2360 46 35 5 23 0.3451 0.0354 327 158
477-0-1-0.05-50-0 0 2360 22 10 35 5 0.0160 0.2533 311 449
477-0-1-0.05-50-0 0 2361 10 34 4 8 0.2533 0.7448 449 168
477-0-1-0.05-50-0 0 2361 7 8 5 2 0.9267 0.2506 106 303
477-0-1-0.05-50-0 0 2361 22 30 32 11 0.0160 0.6008 311 266
477-0-1-0.05-50-0 0 2362 35 37 26 6 0.0354 0.8481 158 127
477-0-1-0.05-50-0 0 2362 22 10 33 4 0.0160 0.2533 311 449
477-0-1-0.05-50-0 0 2362 1 22 4 33 0.2520 0.0160 409 311
477-0-1-0.05-50-0 0 2363 3 35 5 28 0.4813 0.0354 321 158
477-0-1-0.05-50-0 0 2363 35 16 27 21 0.0354 0.2228 158 149
477-0-1-0.05-50-0 0 2363 35 12 27 1 0.0354 0.1896 158 325
477-0-1-0.05-50-0 0 2364 16 28 21 5 0.2228 0.3846 149 311
477-0-1-0.05-50-0 0 2364 34 46 7 3 0.7448 0.3451 168 327
477-0-1-0.05-50-0 0 2364 16 42 21 2 0.2228 0.7447 149 106
477-0-1-0.05-50-0 0 2365 35 22 27 33 0.0354 0.0160 158 311
477-0-1-0.05-50-0 0 2365 35 22 27 32 0.0354 0.0160 158 311
477-0-1-0.05-50-0 0 2365 35 34 27 7 0.0354 0.7448 158 168
477-0-1-0.05-50-0 0 2366 16 22 21 31 0.2228 0.0160 149 311
477-0-1-0.05-50-0 0 2366 48 35 1 29 0.1153 0.0354 334 158
477-0-1-0.05-50-0 0 2366 34 30 6 12 0.7448 0.6008 168 266
477-0-1-0.05-50-0 0 2367 35 46 26 2 0.0354 0.3451 158 327
477-0-1-0.05-50-0 0 2367 16 22 22 30 0.2228 0.0160 149 311
477-0-1-0.05-50-0 0 2367 21 22 3 29 0.4184 0.0160 158 311
477-0-1-0.05-50-0 0 2368 4 29 4 1 0.0723 0.6728 351 177
477-0-1-0.05-50-0 0 2368 22 35 28 26 0.0160 0.0354 311 158
477-0-1-0.05-50-0 0 2368 35 1 25 4 0.0354 0.2520 158 409
477-0-1-0.05-50-0 0 2369 16 16 25 25 0.2228 0.2228 149 149
477-0-1-0.05-50-0 0 2369 28 22 4 26 0.3846 0.0160 311 311
477-0-1-0.05-50-0 0 2369 18 35 2 26 0.2181 0.0354 226 158
477-0-1-0.05-50-0 0 2370 16 30 25 12 0.2228 0.6008 149 266
477-0-1-0.05-50-0 0 2370 22 22 27 27 0.0160 0.0160 311 311
477-0-1-0.05-50-0 0 2370 10 1 3 3 0.2533 0.2520 449 409
477-0-1-0.05-50-0 0 2371 22 3 26 4 0.0160 0.4813 311 321
477-0-1-0.05-50-0 0 2371 4 50 4 2 0.0723 0.2147 351 147
477-0-1-0.05-50-0 0 2371 1 35 2 26 0.2520 0.0354 409 158
477-0-1-0.05-50-0 0 2372 16 42 28 1 0.2228 0.7447 149 106
477-0-1-0.05-50-0 0 2372 37 16 7 28 0.8481 0.2228 127 149
477-0-1-0.05-50-0 0 2372 8 22 1 28 0.2506 0.0160 303 311
477-0-1-0.05-50-0 0 2373 29 30 1 9 0.6728 0.6008 177 266
477-0-1-0.05-50-0 0 2373 35 30 28 8 0.0354 0.6008 158 266
477-0-1-0.05-50-0 0 2373 16 4 28 4 0.2228 0.0723 149 351
477-0-1-0.05-50-0 0 2374 35 11 29 3 0.0354 0.0504 158 384
477-0-1-0.05-50-0 0 2374 16 34 30 6 0.2228 0.7448 149 168
477-0-1-0.05-50-0 0 2374 28 22 7 29 0.3846 0.0160 311 311
477-0-1-0.05-50-0 0 2375 16 35 32 31 0.2228 0.0354 149 158
477-0-1-0.05-50-0 0 2375 22 35 29 30 0.0160 0.0354 311 158
477-0-1-0.05-50-0 0 2375 22 13 29 3 0.0160 0.8878 311 151
477-0-1-0.05-50-0 0 2376 29 22 1 26 0.6728 0.0160 177 311
477-0-1-0.05-50-0 0 2376 22 16 25 32 0.0160 0.2228 311 149
477-0-1-0.05-50-0 0 2376 35 1 29 2 0.0354 0.2520 158 409
477-0-1-0.05-50-0 0 2377 30 18 8 4 0.6008 0.2181 266 226
477-0-1-0.05-50-0 0 2377 35 35 31 31 0.0354 0.0354 158 158
477-0-1-0.05-50-0 0 2377 16 3 29 3 0.2228 0.4813 149 321
477-0-1-0.05-50-0 0 2378 7 35 6 30 0.9267 0.0354 106 158
477-0-1-0.05-50-0 0 2378 14 22 1 29 0.8451 0.0160 105 311
477-0-1-0.05-50-0 0 2378 16 37 28 8 0.2228 0.8481 149 127
477-0-1-0.05-50-0 0 2379 22 28 28 6 0.0160 0.3846 311 311
477-0-1-0.05-50-0 0 2379 16 16 29 29 0.2228 0.2228 149 149
477-0-1-0.05-50-0 0 2379 4 30 3 9 0.0723 0.6008 351 266
477-0-1-0.05-50-0 0 2380 22 35 26 27 0.0160 0.0354 311 158
477-0-1-0.05-50-0 0 2380 7 35 6 26 0.9267 0.0354 106 158
477-0-1-0.05-50-0 0 2381 30 35 7 24 0.6008 0.0354 266 158
477-0-1-0.05-50-0 0 2381 43 16 2 29 0.8316 0.2228 123 149
477-0-1-0.05-50-0 0 2382 29 21 2 5 0.6728 0.4184 177 158
477-0-1-0.05-50-0 0 2382 22 21 26 4 0.0160 0.4184 311 158
477-0-1-0.05-50-0 0 2383 46 37 1 8 0.3451 0.8481 327 127
477-0-1-0.05-50-0 0 2383 4 22 4 29 0.0723 0.0160 351 311
477-0-1-0.05-50-0 0 2383 16 16 30 30 0.2228 0.2228 149 149
477-0-1-0.05-50-0 0 2384 37 35 8 25 0.8481 0.0354 127 158
477-0-1-0.05-50-0 0 2384 34 35 6 24 0.7448 0.0354 168 158
477-0-1-0.05-50-0 0 2384 4 16 4 30 0.0723 0.2228 351 149
477-0-1-0.05-50-0 0 2385 22 26 28 2 0.0160 0.8171 311 141
477-0-1-0.05-50-0 0 2385 16 7 29 5 0.2228 0.9267 149 106
477-0-1-0.05-50-0 0 2385 17 13 2 5 0.6398 0.8878 197 151
477-0-1-0.05-50-0 0 2386 37 16 7 30 0.8481 0.2228 127 149
477-0-1-0.05-50-0 0 2386 35 16 25 29 0.0354 0.2228 158 149
477-0-1-0.05-50-0 0 2387 24 22 1 33 0.1940 0.0160 254 311
477-0-1-0.05-50-0 0 2387 22 35 32 22 0.0160 0.0354 311 158
477-0-1-0.05-50-0 0 2388 16 30 28 7 0.2228 0.6008 149 266
477-0-1-0.05-50-0 0 2388 35 29 22 1 0.0354 0.6728 158 177
477-0-1-0.05-50-0 0 2389 22 17 33 1 0.0160 0.6398 311 197
477-0-1-0.05-50-0 0 2389 18 24 5 2 0.2181 0.1940 226 254
477-0-1-0.05-50-0 0 2390 16 22 28 34 0.2228 0.0160 149 311
477-0-1-0.05-50-0 0 2390 32 16 5 28 0.6514 0.2228 215 149
477-0-1-0.05-50-0 0 2390 35 37 26 8 0.0354 0.8481 158 127
477-0-1-0.05-50-0 0 2391 35 11 27 1 0.0354 0.0504 158 384
477-0-1-0.05-50-0 0 2391 16 35 27 27 0.2228 0.0354 149 158
477-0-1-0.05-50-0 0 2391 7 16 4 27 0.9267 0.2228 106 149
477-0-1-0.05-50-0 0 2392 35 30 25 5 0.0354 0.6008 158 266
477-0-1-0.05-50-0 0 2392 34 4 6 5 0.7448 0.0723 168 351
477-0-1-0.05-50-0 0 2393 22 30 32 4 0.0160 0.6008 311 266
477-0-1-0.05-50-0 0 2393 26 35 3 26 0.8171 0.0354 141 158
477-0-1-0.05-50-0 0 2394 35 16 24 27 0.0354 0.2228 158 149
477-0-1-0.05-50-0 0 2394 22 16 35 26 0.0160 0.2228 311 149
477-0-1-0.05-50-0 0 2395 7 28 6 6 0.9267 0.3846 106 311
477-0-1-0.05-50-0 0 2395 28 35 5 25 0.3846 0.0354 311 158
477-0-1-0.05-50-0 0 2395 21 16 4 26 0.4184 0.2228 158 149
477-0-1-0.05-50-0 0 2396 21 22 4 37 0.4184 0.0160 158 311
477-0-1-0.05-50-0 0 2396 22 16 36 26 0.0160 0.2228 311 149
477-0-1-0.05-50-0 0 2396 18 35 7 26 0.2181 0.0354 226 158
477-0-1-0.05-50-0 0 2397 35 18 27 8 0.0354 0.2181 158 226
477-0-1-0.05-50-0 0 2397 16 22 24 36 0.2228 0.0160 149 311
477-0-1-0.05-50-0 0 2397 21 22 4 35 0.4184 0.0160 158 311
477-0-1-0.05-50-0 0 2398 22 16 34 22 0.0160 0.2228 311 149
477-0-1-0.05-50-0 0 2398 22 18 34 8 0.0160 0.2181 311 226
477-0-1-0.05-50-0 0 2398 35 35 29 29 0.0354 0.0354 158 158
477-0-1-0.05-50-0 0 2399 22 35 36 28 0.0160 0.0354 311 158
477-0-1-0.05-50-0 0 2399 22 22 36 36 0.0160 0.0160 311 311
477-0-1-0.05-50-0 0 2399 13 22 4 35 0.8878 0.0160 151 311
477-0-1-0.05-50-0 0 2400 30 22 5 34 0.6008 0.0160 266 311
477-0-1-0.05-50-0 0 2400 35 26 28 3 0.0354 0.8171 158 141
477-0-1-0.05-50-0 0 2400 22 28 33 4 0.0160 0.3846 311 311
477-0-1-0.05-50-0 0 2401 22 16 33 24 0.0160 0.2228 311 149
477-0-1-0.05-50-0 0 2401 35 16 31 23 0.0354 0.2228 158 149
477-0-1-0.05-50-0 0 2401 22 16 33 22 0.0160 0.2228 311 149
477-0-1-0.05-50-0 0 2402 16 19 22 1 0.2228 0.8072 149 134
477-0-1-0.05-50-0 0 2402 35 1 31 1 0.0354 0.2520 158 409
477-0-1-0.05-50-0 0 2402 37 35 9 31 0.8481 0.0354 127 158
477-0-1-0.05-50-0 0 2403 7 22 6 34 0.9267 0.0160 106 311
477-0-1-0.05-50-0 0 2403 34 16 6 21 0.7448 0.2228 168 149
477-0-1-0.05-50-0 0 2403 37 16 10 20 0.8481 0.2228 127 149
477-0-1-0.05-50-0 0 2404 45 4 2 7 0.3816 0.0723 173 351
477-0-1-0.05-50-0 0 2404 21 4 5 6 0.4184 0.0723 158 351
477-0-1-0.05-50-0 0 2404 35 16 31 18 0.0354 0.2228 158 149
477-0-1-0.05-50-0 0 2405 7 22 6 31 0.9267 0.0160 106 311
477-0-1-0.05-50-0 0 2405 22 35 30 32 0.0160 0.0354 311 158
477-0-1-0.05-50-0 0 2405 22 16 30 19 0.0160 0.2228 311 149
477-0-1-0.05-50-0 0 2406 18 48 8 1 0.2181 0.1153 226 334
477-0-1-0.05-50-0 0 2406 16 35 18 33 0.2228 0.0354 149 158
477-0-1-0.05-50-0 0 2406 22 35 30 32 0.0160 0.0354 311 158
477-0-1-0.05-50-0 0 2407 45 35 3 30 0.3816 0.0354 173 158
477-0-1-0.05-50-0 0 2407 30 43 7 1 0.6008 0.8316 266 123
477-0-1-0.05-50-0 0 2407 18 14 8 1 0.2181 0.8451 226 105
477-0-1-0.05-50-0 0 2408 22 16 33 19 0.0160 0.2228 311 149
477-0-1-0.05-50-0 0 2408 35 24 30 1 0.0354 0.1940 158 254
477-0-1-0.05-50-0 0 2408 35 35 30 30 0.0354 0.0354 158 158
477-0-1-0.05-50-0 0 2409 4 37 5 9 0.0723 0.8481 351 127
477-0-1-0.05-50-0 0 2409 22 16 34 20 0.0160 0.2228 311 149
477-0-1-0.05-50-0 0 2409 22 16 34 19 0.0160 0.2228 311 149
477-0-1-0.05-50-0 0 2410 22 22 33 33 0.0160 0.0160 311 311
477-0-1-0.05-50-0 0 2410 22 30 32 7 0.0160 0.6008 311 266
477-0-1-0.05-50-0 0 2410 7 13 5 7 0.9267 0.8878 106 151
477-0-1-0.05-50-0 0 2411 21 22 5 31 0.4184 0.0160 158 311
477-0-1-0.05-50-0 0 2411 22 16 30 18 0.0160 0.2228 311 149
477-0-1-0.05-50-0 0 2411 23 38 4 1 0.1698 0.6163 476 270
477-0-1-0.05-50-0 0 2412 34 26 9 6 0.7448 0.8171 168 141
477-0-1-0.05-50-0 0 2412 22 4 29 6 0.0160 0.0723 311 351
477-0-1-0.05-50-0 0 2412 35 37 30 6 0.0354 0.8481 158 127
477-0-1-0.05-50-0 0 2413 18 21 6 5 0.2181 0.4184 226 158
477-0-1-0.05-50-0 0 2413 28 35 2 31 0.3846 0.0354 311 158
477-0-1-0.05-50-0 0 2413 18 35 6 30 0.2181 0.0354 226 158
477-0-1-0.05-50-0 0 2414 22 22 31 31 0.0160 0.0160 311 311
477-0-1-0.05-50-0 0 2414 35 34 29 10 0.0354 0.7448 158 168
477-0-1-0.05-50-0 0 2414 35 18 29 7 0.0354 0.2181 158 226
477-0-1-0.05-50-0 0 2415 16 35 19 30 0.2228 0.0354 149 158
477-0-1-0.05-50-0 0 2415 35 34 29 10 0.0354 0.7448 158 168
477-0-1-0.05-50-0 0 2415 22 21 29 5 0.0160 0.4184 311 158
477-0-1-0.05-50-0 0 2416 4 4 4 4 0.0723 0.0723 351 351
477-0-1-0.05-50-0 0 2416 22 18 29 7 0.0160 0.2181 311 226
477-0-1-0.05-50-0 0 2417 28 32 2 5 0.3846 0.6514 311 215
477-0-1-0.05-50-0 0 2417 10 47 3 2 0.2533 0.9293 449 103
477-0-1-0.05-50-0 0 2418 22 35 27 28 0.0160 0.0354 311 158
477-0-1-0.05-50-0 0 2418 13 7 3 5 0.8878 0.9267 151 106
477-0-1-0.05-50-0 0 2419 22 34 29 8 0.0160 0.7448 311 168
477-0-1-0.05-50-0 0 2419 18 22 8 29 0.2181 0.0160 226 311
477-0-1-0.05-50-0 0 2420 16 28 19 2 0.2228 0.3846 149 311
477-0-1-0.05-50-0 0 2420 10 37 3 5 0.2533 0.8481 449 127
477-0-1-0.05-50-0 0 2421 27 35 1 30 0.0776 0.0354 149 158
477-0-1-0.05-50-0 0 2421 16 22 18 29 0.2228 0.0160 149 311
477-0-1-0.05-50-0 0 2422 22 35 30 30 0.0160 0.0354 311 158
477-0-1-0.05-50-0 0 2422 23 23 5 5 0.1698 0.1698 476 476
477-0-1-0.05-50-0 0 2422 26 32 4 4 0.8171 0.6514 141 215
477-0-1-0.05-50-0 0 2423 22 35 29 29 0.0160 0.0354 311 158
477-0-1-0.05-50-0 0 2423 35 21 28 2 0.0354 0.4184 158 158
477-0-1-0.05-50-0 0 2423 30 35 8 28 0.6008 0.0354 266 158
477-0-1-0.05-50-0 0 2424 16 16 19 19 0.2228 0.2228 149 149
477-0-1-0.05-50-0 0 2424 35 7 28 4 0.0354 0.9267 158 106
477-0-1-0.05-50-0 0 2424 16 22 18 33 0.2228 0.0160 149 311
477-0-1-0.05-50-0 0 2425 22 16 32 17 0.0160 0.2228 311 149
477-0-1-0.05-50-0 0 2425 35 35 29 29 0.0354 0.0354 158 158
477-0-1-0.05-50-0 0 2425 30 22 9 32 0.6008 0.0160 266 311
477-0-1-0.05-50-0 0 2426 3 22 2 31 0.4813 0.0160 321 311
477-0-1-0.05-50-0 0 2426 16 16 16 16 0.2228 0.2228 149 149
477-0-1-0.05-50-0 0 2427 22 18 30 7 0.0160 0.2181 311 226
477-0-1-0.05-50-0 0 2427 26 34 4 11 0.8171 0.7448 141 168
477-0-1-0.05-50-0 0 2427 16 30 16 10 0.2228 0.6008 149 266
477-0-1-0.05-50-0 0 2428 16 26 16 4 0.2228 0.8171 149 141
477-0-1-0.05-50-0 0 2428 35 22 24 30 0.0354 0.0160 158 311
477-0-1-0.05-50-0 0 2428 35 22 24 29 0.0354 0.0160 158 311
477-0-1-0.05-50-0 0 2429 22 22 26 26 0.0160 0.0160 311 311
477-0-1-0.05-50-0 0 2429 4 22 4 25 0.0723 0.0160 351 311
477-0-1-0.05-50-0 0 2430 22 30 24 8 0.0160 0.6008 311 266
477-0-1-0.05-50-0 0 2430 37 29 3 2 0.8481 0.6728 127 177
477-0-1-0.05-50-0 0 2431 35 22 24 24 0.0354 0.0160 158 311
477-0-1-0.05-50-0 0 2431 35 3 24 2 0.0354 0.4813 158 321
477-0-1-0.05-50-0 0 2432 35 35 25 25 0.0354 0.0354 158 158
477-0-1-0.05-50-0 0 2432 22 34 24 13 0.0160 0.7448 311 168
477-0-1-0.05-50-0 0 2433 22 32 23 3 0.0160 0.6514 311 215
477-0-1-0.05-50-0 0 2433 22 34 23 12 0.0160 0.7448 311 168
477-0-1-0.05-50-0 0 2434 35 16 27 15 0.0354 0.2228 158 149
477-0-1-0.05-50-0 0 2434 26 16 3 14 0.8171 0.2228 141 149
477-0-1-0.05-50-0 0 2435 16 23 13 8 0.2228 0.1698 149 476
477-0-1-0.05-50-0 0 2435 35 22 28 23 0.0354 0.0160 158 311
477-0-1-0.05-50-0 0 2435 35 22 28 22 0.0354 0.0160 158 311
477-0-1-0.05-50-0 0 2436 45 22 5 20 0.3816 0.0160 173 311
477-0-1-0.05-50-0 0 2436 37 16 2 13 0.8481 0.2228 127 149
477-0-1-0.05-50-0 0 2437 47 16 3 13 0.9293 0.2228 103 149
477-0-1-0.05-50-0 0 2437 16 35 12 27 0.2228 0.0354 149 158
477-0-1-0.05-50-0 0 2438 28 46 2 1 0.3846 0.3451 311 327
477-0-1-0.05-50-0 0 2438 27 35 1 27 0.0776 0.0354 149 158
477-0-1-0.05-50-0 0 2438 35 26 26 4 0.0354 0.8171 158 141
477-0-1-0.05-50-0 0 2439 16 7 12 5 0.2228 0.9267 149 106
477-0-1-0.05-50-0 0 2439 10 45 10 8 0.2533 0.3816 449 173
477-0-1-0.05-50-0 0 2440 32 34 4 8 0.6514 0.7448 215 168
477-0-1-0.05-50-0 0 2440 21 7 1 2 0.4184 0.9267 158 106
477-0-1-0.05-50-0 0 2441 23 35 8 25 0.1698 0.0354 476 158
477-0-1-0.05-50-0 0 2441 45 16 6 10 0.3816 0.2228 173 149
477-0-1-0.05-50-0 0 2442 29 30 2 10 0.6728 0.6008 177 266
477-0-1-0.05-50-0 0 2442 18 10 8 10 0.2181 0.2533 226 449
477-0-1-0.05-50-0 0 2443 39 10 2 9 0.2187 0.2533 309 449
477-0-1-0.05-50-0 0 2443 30 10 10 8 0.6008 0.2533 266 449
477-0-1-0.05-50-0 0 2444 35 23 28 9 0.0354 0.1698 158 476
477-0-1-0.05-50-0 0 2444 30 35 10 28 0.6008 0.0354 266 158
477-0-1-0.05-50-0 0 2445 42 10 2 6 0.7447 0.2533 106 449
477-0-1-0.05-50-0 0 2445 22 37 19 2 0.0160 0.8481 311 127
477-0-1-0.05-50-0 0 2446 26 34 4 8 0.8171 0.7448 141 168
477-0-1-0.05-50-0 0 2446 18 22 10 19 0.2181 0.0160 226 311
477-0-1-0.05-50-0 0 2447 22 35 19 26 0.0160 0.0354 311 158
477-0-1-0.05-50-0 0 2447 44 45 1 7 0.7034 0.3816 118 173
477-0-1-0.05-50-0 0 2448 23 22 7 21 0.1698 0.0160 476 311
477-0-1-0.05-50-0 0 2448 5 50 1 1 0.0007 0.2147 226 147
477-0-1-0.05-50-0 0 2449 3 16 2 8 0.4813 0.2228 321 149
477-0-1-0.05-50-0 0 2449 31 17 2 1 0.5626 0.6398 252 197
477-0-1-0.05-50-0 0 2450 2 45 3 6 0.8198 0.3816 167 173
477-0-1-0.05-50-0 0 2450 21 18 1 11 0.4184 0.2181 158 226
477-0-1-0.05-50-0 0 2451 10 23 7 7 0.2533 0.1698 449 476
477-0-1-0.05-50-0 0 2451 18 18 10 10 0.2181 0.2181 226 226
477-0-1-0.05-50-0 0 2451 19 35 1 27 0.8072 0.0354 134 158
477-0-1-0.05-50-0 0 2452 22 21 24 1 0.0160 0.4184 311 158
477-0-1-0.05-50-0 0 2452 35 13 26 3 0.0354 0.8878 158 151
477-0-1-0.05-50-0 0 2452 49 30 3 12 0.1842 0.6008 136 266
477-0-1-0.05-50-0 0 2453 3 22 3 24 0.4813 0.0160 321 311
477-0-1-0.05-50-0 0 2453 42 35 2 28 0.7447 0.0354 106 158
477-0-1-0.05-50-0 0 2453 32 35 6 27 0.6514 0.0354 215 158
477-0-1-0.05-50-0 0 2454 34 22 10 24 0.7448 0.0160 168 311
477-0-1-0.05-50-0 0 2454 29 30 3 12 0.6728 0.6008 177 266
477-0-1-0.05-50-0 0 2454 34 23 10 6 0.7448 0.1698 168 476
477-0-1-0.05-50-0 0 2455 39 34 2 10 0.2187 0.7448 309 168
477-0-1-0.05-50-0 0 2455 20 2 1 4 0.9922 0.8198 102 167
477-0-1-0.05-50-0 0 2455 22 34 25 9 0.0160 0.7448 311 168
477-0-1-0.05-50-0 0 2456 15 29 2 2 0.7918 0.6728 149 177
477-0-1-0.05-50-0 0 2456 35 22 26 26 0.0354 0.0160 158 311
477-0-1-0.05-50-0 0 2456 35 30 26 11 0.0354 0.6008 158 266
477-0-1-0.05-50-0 0 2457 34 45 8 4 0.7448 0.3816 168 173
477-0-1-0.05-50-0 0 2457 13 22 3 25 0.8878 0.0160 151 311
477-0-1-0.05-50-0 0 2457 35 35 26 26 0.0354 0.0354 158 158
477-0-1-0.05-50-0 0 2458 31 16 1 5 0.5626 0.2228 252 149
477-0-1-0.05-50-0 0 2458 22 30 25 10 0.0160 0.6008 311 266
477-0-1-0.05-50-0 0 2458 48 23 7 4 0.1153 0.1698 334 476
477-0-1-0.05-50-0 0 2459 48 32 7 7 0.1153 0.6514 334 215
477-0-1-0.05-50-0 0 2459 35 35 28 28 0.0354 0.0354 158 158
477-0-1-0.05-50-0 0 2459 34 3 9 6 0.7448 0.4813 168 321
477-0-1-0.05-50-0 0 2460 22 31 23 1 0.0160 0.5626 311 252
477-0-1-0.05-50-0 0 2460 22 22 23 23 0.0160 0.0160 311 311
477-0-1-0.05-50-0 0 2460 2 30 3 7 0.8198 0.6008 167 266
477-0-1-0.05-50-0 0 2461 40 22 3 24 0.9739 0.0160 104 311
477-0-1-0.05-50-0 0 2461 34 35 10 26 0.7448 0.0354 168 158
477-0-1-0.05-50-0 0 2461 3 28 6 6 0.4813 0.3846 321 311
477-0-1-0.05-50-0 0 2462 2 30 3 7 0.8198 0.6008 167 266
477-0-1-0.05-50-0 0 2462 22 22 23 23 0.0160 0.0160 311 311
477-0-1-0.05-50-0 0 2462 49 35 4 26 0.1842 0.0354 136 158
477-0-1-0.05-50-0 0 2463 45 32 4 7 0.3816 0.6514 173 215
477-0-1-0.05-50-0 0 2463 48 47 8 1 0.1153 0.9293 334 103
477-0-1-0.05-50-0 0 2463 48 22 8 23 0.1153 0.0160 334 311
477-0-1-0.05-50-0 0 2464 35 34 27 14 0.0354 0.7448 158 168
477-0-1-0.05-50-0 0 2464 9 35 1 27 0.6134 0.0354 161 158
477-0-1-0.05-50-0 0 2464 35 35 26 26 0.0354 0.0354 158 158
477-0-1-0.05-50-0 0 2465 26 10 8 8 0.8171 0.2533 141 449
477-0-1-0.05-50-0 0 2465 42 10 4 7 0.7447 0.2533 106 449
477-0-1-0.05-50-0 0 2465 39 34 2 14 0.2187 0.7448 309 168
477-0-1-0.05-50-0 0 2466 18 16 8 5 0.2181 0.2228 226 149
477-0-1-0.05-50-0 0 2466 48 45 8 4 0.1153 0.3816 334 173
477-0-1-0.05-50-0 0 2467 22 7 19 5 0.0160 0.9267 311 106
477-0-1-0.05-50-0 0 2467 34 18 13 8 0.7448 0.2181 168 226
477-0-1-0.05-50-0 0 2467 10 30 7 5 0.2533 0.6008 449 266
477-0-1-0.05-50-0 0 2468 2 26 4 9 0.8198 0.8171 167 141
477-0-1-0.05-50-0 0 2468 22 26 20 8 0.0160 0.8171 311 141
477-0-1-0.05-50-0 0 2469 35 30 24 4 0.0354 0.6008 158 266
477-0-1-0.05-50-0 0 2469 22 42 21 4 0.0160 0.7447 311 106
477-0-1-0.05-50-0 0 2469 28 22 6 21 0.3846 0.0160 311 311
477-0-1-0.05-50-0 0 2470 22 34 21 13 0.0160 0.7448 311 168
477-0-1-0.05-50-0 0 2470 35 5 25 4 0.0354 0.0007 158 226
477-0-1-0.05-50-0 0 2470 22 35 21 25 0.0160 0.0354 311 158
477-0-1-0.05-50-0 0 2471 18 7 7 4 0.2181 0.9267 226 106
477-0-1-0.05-50-0 0 2471 16 34 4 13 0.2228 0.7448 149 168
477-0-1-0.05-50-0 0 2471 49 5 3 3 0.1842 0.0007 136 226
477-0-1-0.05-50-0 0 2472 18 34 7 11 0.2181 0.7448 226 168
477-0-1-0.05-50-0 0 2472 48 34 7 10 0.1153 0.7448 334 168
477-0-1-0.05-50-0 0 2472 35 18 26 7 0.0354 0.2181 158 226
477-0-1-0.05-50-0 0 2473 22 47 22 2 0.0160 0.9293 311 103
477-0-1-0.05-50-0 0 2473 26 22 6 22 0.8171 0.0160 141 311
477-0-1-0.05-50-0 0 2474 2 34 5 9 0.8198 0.7448 167 168
477-0-1-0.05-50-0 0 2474 13 35 6 28 0.8878 0.0354 151 158
477-0-1-0.05-50-0 0 2475 34 29 8 2 0.7448 0.6728 168 177
477-0-1-0.05-50-0 0 2475 3 10 3 9 0.4813 0.2533 321 449
477-0-1-0.05-50-0 0 2476 22 10 23 7 0.0160 0.2533 311 449
477-0-1-0.05-50-0 0 2476 34 35 6 27 0.7448 0.0354 168 158
477-0-1-0.05-50-0 0 2477 22 35 24 25 0.0160 0.0354 311 158
477-0-1-0.05-50-0 0 2477 22 16 24 6 0.0160 0.2228 311 149
477-0-1-0.05-50-0 0 2478 7 31 2 2 0.9267 0.5626 106 252
477-0-1-0.05-50-0 0 2478 34 3 7 5 0.7448 0.4813 168 321
477-0-1-0.05-50-0 0 2479 18 10 5 6 0.2181 0.2533 226 449
477-0-1-0.05-50-0 0 2479 22 35 25 25 0.0160 0.0354 311 158
477-0-1-0.05-50-0 0 2480 49 48 6 10 0.1842 0.1153 136 334
477-0-1-0.05-50-0 0 2480 35 40 25 5 0.0354 0.9739 158 104
477-0-1-0.05-50-0 0 2480 26 7 7 2 0.8171 0.9267 141 106
477-0-1-0.05-50-0 0 2481 22 48 28 9 0.0160 0.1153 311 334
477-0-1-0.05-50-0 0 2481 22 22 28 28 0.0160 0.0160 311 311
477-0-1-0.05-50-0 0 2482 40 22 4 27 0.9739 0.0160 104 311
477-0-1-0.05-50-0 0 2482 22 22 26 26 0.0160 0.0160 311 311
477-0-1-0.05-50-0 0 2482 10 27 5 2 0.2533 0.0776 449 149
477-0-1-0.05-50-0 0 2483 32 10 4 5 0.6514 0.2533 215 449
477-0-1-0.05-50-0 0 2483 9 32 2 4 0.6134 0.6514 161 215
477-0-1-0.05-50-0 0 2483 28 35 3 29 0.3846 0.0354 311 158
477-0-1-0.05-50-0 0 2484 33 35 5 29 0.6893 0.0354 191 158
477-0-1-0.05-50-0 0 2484 34 35 10 28 0.7448 0.0354 168 158
477-0-1-0.05-50-0 0 2484 35 6 27 2 0.0354 0.4266 158 249
477-0-1-0.05-50-0 0 2485 10 38 3 1 0.2533 0.6163 449 270
477-0-1-0.05-50-0 0 2485 9 3 2 2 0.6134 0.4813 161 321
477-0-1-0.05-50-0 0 2486 35 15 26 1 0.0354 0.7918 158 149
477-0-1-0.05-50-0 0 2486 48 10 7 3 0.1153 0.2533 334 449
477-0-1-0.05-50-0 0 2486 2 31 2 2 0.8198 0.5626 167 252
477-0-1-0.05-50-0 0 2487 49 39 10 1 0.1842 0.2187 136 309
477-0-1-0.05-50-0 0 2487 16 46 7 1 0.2228 0.3451 149 327
477-0-1-0.05-50-0 0 2487 17 30 4 2 0.6398 0.6008 197 266
477-0-1-0.05-50-0 0 2488 28 22 5 21 0.3846 0.0160 311 311
477-0-1-0.05-50-0 0 2488 16 47 7 4 0.2228 0.9293 149 103
477-0-1-0.05-50-0 0 2488 48 35 6 29 0.1153 0.0354 334 158
477-0-1-0.05-50-0 0 2489 18 22 4 19 0.2181 0.0160 226 311
477-0-1-0.05-50-0 0 2489 35 6 28 2 0.0354 0.4266 158 249
477-0-1-0.05-50-0 0 2489 48 23 7 4 0.1153 0.1698 334 476
477-0-1-0.05-50-0 0 2490 22 34 18 11 0.0160 0.7448 311 168
477-0-1-0.05-50-0 0 2490 24 40 2 4 0.1940 0.9739 254 104
477-0-1-0.05-50-0 0 2490 33 10 6 2 0.6893 0.2533 191 449
477-0-1-0.05-50-0 0 2491 16 48 7 7 0.2228 0.1153 149 334
477-0-1-0.05-50-0 0 2491 3 35 3 27 0.4813 0.0354 321 158
477-0-1-0.05-50-0 0 2492 34 22 8 18 0.7448 0.0160 168 311
477-0-1-0.05-50-0 0 2492 35 35 27 27 0.0354 0.0354 158 158
477-0-1-0.05-50-0 0 2493 6 22 1 18 0.4266 0.0160 249 311
477-0-1-0.05-50-0 0 2493 34 30 8 1 0.7448 0.6008 168 266
477-0-1-0.05-50-0 0 2494 18 49 4 11 0.2181 0.1842 226 136
477-0-1-0.05-50-0 0 2494 47 49 6 10 0.9293 0.1842 103 136
477-0-1-0.05-50-0 0 2494 26 9 9 4 0.8171 0.6134 141 161
477-0-1-0.05-50-0 0 2495 34 35 9 30 0.7448 0.0354 168 158
477-0-1-0.05-50-0 0 2495 35 35 29 29 0.0354 0.0354 158 158
477-0-1-0.05-50-0 0 2496 23 34 3 9 0.1698 0.7448 476 168
477-0-1-0.05-50-0 0 2496 32 28 4 4 0.6514 0.3846 215 311
477-0-1-0.05-50-0 0 2497 47 17 6 5 0.9293 0.6398 103 197
477-0-1-0.05-50-0 0 2497 26 12 8 2 0.8171 0.1896 141 325
477-0-1-0.05-50-0 0 2498 35 35 28 28 0.0354 0.0354 158 158
477-0-1-0.05-50-0 0 2498 32 49 4 9 0.6514 0.1842 215 136
477-0-1-0.05-50-0 0 2499 7 5 2 2 0.9267 0.0007 106 226
477-0-1-0.05-50-0 0 2499 16 22 7 17 0.2228 0.0160 149 311
477-0-1-0.05-50-0 0 2500 35 26 29 8 0.0354 0.8171 158 141
477-0-1-0.05-50-0 0 2500 28 35 2 29 0.3846 0.0354 311 158
