49-0-1-0.05-50-0 0 2302 32 10 10 4 0.6514 0.2533 215 449
49-0-1-0.05-50-0 0 2302 47 32 1 10 0.9293 0.6514 103 215
49-0-1-0.05-50-0 0 2303 46 16 11 13 0.3451 0.2228 327 149
49-0-1-0.05-50-0 0 2303 41 32 5 9 0.9621 0.6514 105 215
49-0-1-0.05-50-0 0 2304 41 11 6 9 0.9621 0.0504 105 384
49-0-1-0.05-50-0 0 2304 46 32 10 8 0.3451 0.6514 327 215
49-0-1-0.05-50-0 0 2305 37 18 8 10 0.8481 0.2181 127 226
49-0-1-0.05-50-0 0 2305 26 18 2 9 0.8171 0.2181 141 226
49-0-1-0.05-50-0 0 2306 8 6 2 5 0.2506 0.4266 303 249
49-0-1-0.05-50-0 0 2306 46 5 10 9 0.3451 0.0007 327 226
49-0-1-0.05-50-0 0 2307 45 45 6 6 0.3816 0.3816 173 173
49-0-1-0.05-50-0 0 2307 45 32 5 8 0.3816 0.6514 173 215
49-0-1-0.05-50-0 0 2308 17 46 1 10 0.6398 0.3451 197 327
49-0-1-0.05-50-0 0 2308 11 36 7 2 0.0504 0.8162 384 165
49-0-1-0.05-50-0 0 2309 41 10 5 3 0.9621 0.2533 105 449
49-0-1-0.05-50-0 0 2309 15 11 1 7 0.7918 0.0504 149 384
49-0-1-0.05-50-0 0 2310 46 46 11 11 0.3451 0.3451 327 327
49-0-1-0.05-50-0 0 2310 25 18 3 7 0.9430 0.2181 125 226
49-0-1-0.05-50-0 0 2311 11 5 7 7 0.0504 0.0007 384 226
49-0-1-0.05-50-0 0 2311 45 35 6 1 0.3816 0.0354 173 158
49-0-1-0.05-50-0 0 2312 45 46 6 10 0.3816 0.3451 173 327
49-0-1-0.05-50-0 0 2312 45 45 6 6 0.3816 0.3816 173 173
49-0-1-0.05-50-0 0 2313 27 5 3 8 0.0776 0.0007 149 226
49-0-1-0.05-50-0 0 2313 31 45 4 5 0.5626 0.3816 252 173
49-0-1-0.05-50-0 0 2314 41 22 5 1 0.9621 0.0160 105 311
49-0-1-0.05-50-0 0 2314 46 14 10 2 0.3451 0.8451 327 105
49-0-1-0.05-50-0 0 2315 25 11 3 8 0.9430 0.0504 125 384
49-0-1-0.05-50-0 0 2315 46 31 10 5 0.3451 0.5626 327 252
49-0-1-0.05-50-0 0 2316 12 43 3 4 0.1896 0.8316 325 123
49-0-1-0.05-50-0 0 2316 16 45 8 4 0.2228 0.3816 149 173
49-0-1-0.05-50-0 0 2317 32 43 4 3 0.6514 0.8316 215 123
49-0-1-0.05-50-0 0 2317 37 5 5 7 0.8481 0.0007 127 226
49-0-1-0.05-50-0 0 2318 41 46 5 10 0.9621 0.3451 105 327
49-0-1-0.05-50-0 0 2318 31 37 5 5 0.5626 0.8481 252 127
49-0-1-0.05-50-0 0 2319 27 5 3 6 0.0776 0.0007 149 226
49-0-1-0.05-50-0 0 2319 32 16 4 8 0.6514 0.2228 215 149
49-0-1-0.05-50-0 0 2320 5 30 6 4 0.0007 0.6008 226 266
49-0-1-0.05-50-0 0 2320 25 16 3 7 0.9430 0.2228 125 149
49-0-1-0.05-50-0 0 2321 34 47 5 2 0.7448 0.9293 168 103
49-0-1-0.05-50-0 0 2321 34 31 5 6 0.7448 0.5626 168 252
49-0-1-0.05-50-0 0 2322 6 32 7 4 0.4266 0.6514 249 215
49-0-1-0.05-50-0 0 2322 5 11 5 10 0.0007 0.0504 226 384
49-0-1-0.05-50-0 0 2323 26 18 5 7 0.8171 0.2181 141 226
49-0-1-0.05-50-0 0 2323 34 47 5 1 0.7448 0.9293 168 103
49-0-1-0.05-50-0 0 2324 45 10 3 5 0.3816 0.2533 173 449
49-0-1-0.05-50-0 0 2324 27 30 3 6 0.0776 0.6008 149 266
49-0-1-0.05-50-0 0 2325 10 11 3 8 0.2533 0.0504 449 384
49-0-1-0.05-50-0 0 2325 12 11 4 7 0.1896 0.0504 325 384
49-0-1-0.05-50-0 0 2326 30 26 5 7 0.6008 0.8171 266 141
49-0-1-0.05-50-0 0 2326 44 11 1 7 0.7034 0.0504 118 384
49-0-1-0.05-50-0 0 2327 7 41 4 4 0.9267 0.9621 106 105
49-0-1-0.05-50-0 0 2327 41 11 3 6 0.9621 0.0504 105 384
49-0-1-0.05-50-0 0 2328 31 43 3 3 0.5626 0.8316 252 123
49-0-1-0.05-50-0 0 2328 46 10 9 3 0.3451 0.2533 327 449
49-0-1-0.05-50-0 0 2329 2 34 2 4 0.8198 0.7448 167 168
49-0-1-0.05-50-0 0 2329 15 34 1 3 0.7918 0.7448 149 168
49-0-1-0.05-50-0 0 2330 5 20 6 2 0.0007 0.9922 226 102
49-0-1-0.05-50-0 0 2330 27 5 3 6 0.0776 0.0007 149 226
49-0-1-0.05-50-0 0 2331 37 25 6 3 0.8481 0.9430 127 125
49-0-1-0.05-50-0 0 2331 16 45 10 3 0.2228 0.3816 149 173
49-0-1-0.05-50-0 0 2332 27 46 3 12 0.0776 0.3451 149 327
49-0-1-0.05-50-0 0 2332 34 18 2 5 0.7448 0.2181 168 226
49-0-1-0.05-50-0 0 2333 26 18 4 4 0.8171 0.2181 141 226
49-0-1-0.05-50-0 0 2333 41 11 6 5 0.9621 0.0504 105 384
49-0-1-0.05-50-0 0 2334 11 12 4 4 0.0504 0.1896 384 325
49-0-1-0.05-50-0 0 2334 34 26 2 4 0.7448 0.8171 168 141
49-0-1-0.05-50-0 0 2335 13 5 3 7 0.8878 0.0007 151 226
49-0-1-0.05-50-0 0 2335 42 37 1 5 0.7447 0.8481 106 127
49-0-1-0.05-50-0 0 2336 32 12 3 3 0.6514 0.1896 215 325
49-0-1-0.05-50-0 0 2336 46 46 11 11 0.3451 0.3451 327 327
49-0-1-0.05-50-0 0 2337 9 1 3 5 0.6134 0.2520 161 409
49-0-1-0.05-50-0 0 2337 31 23 5 1 0.5626 0.1698 252 476
49-0-1-0.05-50-0 0 2338 26 46 3 10 0.8171 0.3451 141 327
49-0-1-0.05-50-0 0 2338 16 16 13 13 0.2228 0.2228 149 149
49-0-1-0.05-50-0 0 2339 10 18 2 3 0.2533 0.2181 449 226
49-0-1-0.05-50-0 0 2339 18 16 2 12 0.2181 0.2228 226 149
49-0-1-0.05-50-0 0 2340 45 41 2 6 0.3816 0.9621 173 105
49-0-1-0.05-50-0 0 2340 16 40 11 2 0.2228 0.9739 149 104
49-0-1-0.05-50-0 0 2341 45 1 2 5 0.3816 0.2520 173 409
49-0-1-0.05-50-0 0 2341 16 16 13 13 0.2228 0.2228 149 149
49-0-1-0.05-50-0 0 2342 6 7 6 5 0.4266 0.9267 249 106
49-0-1-0.05-50-0 0 2342 1 30 3 4 0.2520 0.6008 409 266
49-0-1-0.05-50-0 0 2343 41 16 7 12 0.9621 0.2228 105 149
49-0-1-0.05-50-0 0 2343 46 46 11 11 0.3451 0.3451 327 327
49-0-1-0.05-50-0 0 2344 27 21 2 2 0.0776 0.4184 149 158
49-0-1-0.05-50-0 0 2344 18 40 2 1 0.2181 0.9739 226 104
49-0-1-0.05-50-0 0 2345 43 8 3 2 0.8316 0.2506 123 303
49-0-1-0.05-50-0 0 2345 9 26 4 4 0.6134 0.8171 161 141
49-0-1-0.05-50-0 0 2346 5 9 5 4 0.0007 0.6134 226 161
49-0-1-0.05-50-0 0 2346 5 7 5 4 0.0007 0.9267 226 106
49-0-1-0.05-50-0 0 2347 6 16 7 13 0.4266 0.2228 249 149
49-0-1-0.05-50-0 0 2347 1 8 4 2 0.2520 0.2506 409 303
49-0-1-0.05-50-0 0 2348 50 2 2 1 0.2147 0.8198 147 167
49-0-1-0.05-50-0 0 2348 41 41 7 7 0.9621 0.9621 105 105
49-0-1-0.05-50-0 0 2349 16 9 13 3 0.2228 0.6134 149 161
49-0-1-0.05-50-0 0 2349 26 32 3 5 0.8171 0.6514 141 215
49-0-1-0.05-50-0 0 2350 30 26 3 3 0.6008 0.8171 266 141
49-0-1-0.05-50-0 0 2350 7 7 6 6 0.9267 0.9267 106 106
49-0-1-0.05-50-0 0 2351 50 41 3 7 0.2147 0.9621 147 105
49-0-1-0.05-50-0 0 2351 21 21 3 3 0.4184 0.4184 158 158
49-0-1-0.05-50-0 0 2352 18 11 1 6 0.2181 0.0504 226 384
49-0-1-0.05-50-0 0 2352 37 32 6 4 0.8481 0.6514 127 215
49-0-1-0.05-50-0 0 2353 16 37 11 5 0.2228 0.8481 149 127
49-0-1-0.05-50-0 0 2353 8 37 1 4 0.2506 0.8481 303 127
49-0-1-0.05-50-0 0 2354 11 16 6 12 0.0504 0.2228 384 149
49-0-1-0.05-50-0 0 2354 50 16 3 11 0.2147 0.2228 147 149
49-0-1-0.05-50-0 0 2355 45 16 3 10 0.3816 0.2228 173 149
49-0-1-0.05-50-0 0 2355 12 28 3 5 0.1896 0.3846 325 311
49-0-1-0.05-50-0 0 2356 16 40 9 2 0.2228 0.9739 149 104
49-0-1-0.05-50-0 0 2356 16 16 9 9 0.2228 0.2228 149 149
49-0-1-0.05-50-0 0 2357 28 18 4 1 0.3846 0.2181 311 226
49-0-1-0.05-50-0 0 2357 7 37 3 4 0.9267 0.8481 106 127
49-0-1-0.05-50-0 0 2358 25 7 5 3 0.9430 0.9267 125 106
49-0-1-0.05-50-0 0 2358 6 37 6 3 0.4266 0.8481 249 127
49-0-1-0.05-50-0 0 2359 46 11 9 6 0.3451 0.0504 327 384
49-0-1-0.05-50-0 0 2359 2 1 1 5 0.8198 0.2520 167 409
49-0-1-0.05-50-0 0 2360 41 28 5 3 0.9621 0.3846 105 311
49-0-1-0.05-50-0 0 2361 13 30 9 2 0.8878 0.6008 151 266
49-0-1-0.05-50-0 0 2362 45 41 3 6 0.3816 0.9621 173 105
49-0-1-0.05-50-0 0 2363 13 4 10 1 0.8878 0.0723 151 351
49-0-1-0.05-50-0 0 2363 16 12 7 4 0.2228 0.1896 149 325
49-0-1-0.05-50-0 0 2364 13 12 10 3 0.8878 0.1896 151 325
49-0-1-0.05-50-0 0 2364 11 6 6 8 0.0504 0.4266 384 249
49-0-1-0.05-50-0 0 2365 16 13 7 8 0.2228 0.8878 149 151
49-0-1-0.05-50-0 0 2365 45 46 3 16 0.3816 0.3451 173 327
49-0-1-0.05-50-0 0 2366 5 27 7 4 0.0007 0.0776 226 149
49-0-1-0.05-50-0 0 2366 36 25 1 9 0.8162 0.9430 165 125
49-0-1-0.05-50-0 0 2367 11 23 6 2 0.0504 0.1698 384 476
49-0-1-0.05-50-0 0 2367 27 49 3 1 0.0776 0.1842 149 136
49-0-1-0.05-50-0 0 2368 20 1 1 3 0.9922 0.2520 102 409
49-0-1-0.05-50-0 0 2369 25 13 7 6 0.9430 0.8878 125 151
49-0-1-0.05-50-0 0 2369 15 15 2 2 0.7918 0.7918 149 149
49-0-1-0.05-50-0 0 2370 11 16 6 8 0.0504 0.2228 384 149
49-0-1-0.05-50-0 0 2370 31 28 2 2 0.5626 0.3846 252 311
49-0-1-0.05-50-0 0 2371 39 46 2 18 0.2187 0.3451 309 327
49-0-1-0.05-50-0 0 2371 25 11 6 6 0.9430 0.0504 125 384
49-0-1-0.05-50-0 0 2372 13 46 4 16 0.8878 0.3451 151 327
49-0-1-0.05-50-0 0 2373 41 41 6 6 0.9621 0.9621 105 105
49-0-1-0.05-50-0 0 2374 22 2 3 3 0.0160 0.8198 311 167
49-0-1-0.05-50-0 0 2375 46 39 16 4 0.3451 0.2187 327 309
49-0-1-0.05-50-0 0 2376 25 46 5 17 0.9430 0.3451 125 327
49-0-1-0.05-50-0 0 2376 28 46 1 16 0.3846 0.3451 311 327
49-0-1-0.05-50-0 0 2377 20 25 3 5 0.9922 0.9430 102 125
49-0-1-0.05-50-0 0 2377 1 5 2 10 0.2520 0.0007 409 226
49-0-1-0.05-50-0 0 2378 5 16 9 8 0.0007 0.2228 226 149
49-0-1-0.05-50-0 0 2378 25 32 4 2 0.9430 0.6514 125 215
49-0-1-0.05-50-0 0 2379 31 25 4 4 0.5626 0.9430 252 125
49-0-1-0.05-50-0 0 2379 22 27 5 3 0.0160 0.0776 311 149
49-0-1-0.05-50-0 0 2380 39 13 3 3 0.2187 0.8878 309 151
49-0-1-0.05-50-0 0 2381 11 44 7 3 0.0504 0.7034 384 118
49-0-1-0.05-50-0 0 2382 45 44 3 3 0.3816 0.7034 173 118
49-0-1-0.05-50-0 0 2383 16 32 5 1 0.2228 0.6514 149 215
49-0-1-0.05-50-0 0 2384 1 20 1 3 0.2520 0.9922 409 102
49-0-1-0.05-50-0 0 2385 42 50 1 3 0.7447 0.2147 106 147
49-0-1-0.05-50-0 0 2385 45 27 3 2 0.3816 0.0776 173 149
49-0-1-0.05-50-0 0 2386 44 41 2 3 0.7034 0.9621 118 105
49-0-1-0.05-50-0 0 2386 37 10 2 2 0.8481 0.2533 127 449
49-0-1-0.05-50-0 0 2387 1 13 1 2 0.2520 0.8878 409 151
49-0-1-0.05-50-0 0 2387 41 19 3 4 0.9621 0.8072 105 134
49-0-1-0.05-50-0 0 2388 46 20 17 3 0.3451 0.9922 327 102
49-0-1-0.05-50-0 0 2388 46 19 17 3 0.3451 0.8072 327 134
49-0-1-0.05-50-0 0 2389 22 1 4 2 0.0160 0.2520 311 409
49-0-1-0.05-50-0 0 2389 25 26 6 2 0.9430 0.8171 125 141
49-0-1-0.05-50-0 0 2390 45 12 2 4 0.3816 0.1896 173 325
49-0-1-0.05-50-0 0 2390 2 17 1 3 0.8198 0.6398 167 197
49-0-1-0.05-50-0 0 2391 6 43 11 1 0.4266 0.8316 249 123
49-0-1-0.05-50-0 0 2391 18 12 1 3 0.2181 0.1896 226 325
49-0-1-0.05-50-0 0 2392 5 22 5 4 0.0007 0.0160 226 311
49-0-1-0.05-50-0 0 2392 46 13 20 1 0.3451 0.8878 327 151
49-0-1-0.05-50-0 0 2393 46 6 22 14 0.3451 0.4266 327 249
49-0-1-0.05-50-0 0 2393 46 16 22 6 0.3451 0.2228 327 149
49-0-1-0.05-50-0 0 2394 6 16 12 6 0.4266 0.2228 249 149
49-0-1-0.05-50-0 0 2394 12 50 1 2 0.1896 0.2147 325 147
49-0-1-0.05-50-0 0 2395 22 25 3 7 0.0160 0.9430 311 125
49-0-1-0.05-50-0 0 2395 46 8 23 3 0.3451 0.2506 327 303
49-0-1-0.05-50-0 0 2396 6 6 12 12 0.4266 0.4266 249 249
49-0-1-0.05-50-0 0 2396 46 31 22 4 0.3451 0.5626 327 252
49-0-1-0.05-50-0 0 2397 19 5 4 4 0.8072 0.0007 134 226
49-0-1-0.05-50-0 0 2397 27 46 1 22 0.0776 0.3451 149 327
49-0-1-0.05-50-0 0 2398 19 10 4 3 0.8072 0.2533 134 449
49-0-1-0.05-50-0 0 2398 5 17 3 2 0.0007 0.6398 226 197
49-0-1-0.05-50-0 0 2399 50 3 2 7 0.2147 0.4813 147 321
49-0-1-0.05-50-0 0 2399 25 46 6 23 0.9430 0.3451 125 327
49-0-1-0.05-50-0 0 2400 3 11 6 8 0.4813 0.0504 321 384
49-0-1-0.05-50-0 0 2400 5 16 3 4 0.0007 0.2228 226 149
49-0-1-0.05-50-0 0 2401 11 41 7 6 0.0504 0.9621 384 105
49-0-1-0.05-50-0 0 2401 41 5 5 3 0.9621 0.0007 105 226
49-0-1-0.05-50-0 0 2402 46 20 22 4 0.3451 0.9922 327 102
49-0-1-0.05-50-0 0 2402 2 6 3 14 0.8198 0.4266 167 249
49-0-1-0.05-50-0 0 2403 22 39 3 3 0.0160 0.2187 311 309
49-0-1-0.05-50-0 0 2403 1 11 2 7 0.2520 0.0504 409 384
49-0-1-0.05-50-0 0 2404 18 31 4 3 0.2181 0.5626 226 252
49-0-1-0.05-50-0 0 2404 46 2 23 3 0.3451 0.8198 327 167
49-0-1-0.05-50-0 0 2405 3 7 4 1 0.4813 0.9267 321 106
49-0-1-0.05-50-0 0 2405 46 25 24 6 0.3451 0.9430 327 125
49-0-1-0.05-50-0 0 2406 6 41 14 7 0.4266 0.9621 249 105
49-0-1-0.05-50-0 0 2406 11 46 6 22 0.0504 0.3451 384 327
49-0-1-0.05-50-0 0 2407 25 46 5 22 0.9430 0.3451 125 327
49-0-1-0.05-50-0 0 2407 15 11 5 6 0.7918 0.0504 149 384
49-0-1-0.05-50-0 0 2408 19 35 2 2 0.8072 0.0354 134 158
49-0-1-0.05-50-0 0 2408 37 15 5 5 0.8481 0.7918 127 149
49-0-1-0.05-50-0 0 2409 18 6 2 16 0.2181 0.4266 226 249
49-0-1-0.05-50-0 0 2409 18 6 2 15 0.2181 0.4266 226 249
49-0-1-0.05-50-0 0 2410 11 39 5 4 0.0504 0.2187 384 309
49-0-1-0.05-50-0 0 2410 12 19 1 4 0.1896 0.8072 325 134
49-0-1-0.05-50-0 0 2411 44 46 3 25 0.7034 0.3451 118 327
49-0-1-0.05-50-0 0 2411 2 1 2 4 0.8198 0.2520 167 409
49-0-1-0.05-50-0 0 2412 16 46 5 24 0.2228 0.3451 149 327
49-0-1-0.05-50-0 0 2412 31 6 2 16 0.5626 0.4266 252 249
49-0-1-0.05-50-0 0 2413 46 27 23 2 0.3451 0.0776 327 149
49-0-1-0.05-50-0 0 2413 6 37 15 6 0.4266 0.8481 249 127
49-0-1-0.05-50-0 0 2414 6 11 16 5 0.4266 0.0504 249 384
49-0-1-0.05-50-0 0 2414 46 37 22 7 0.3451 0.8481 327 127
49-0-1-0.05-50-0 0 2415 25 46 7 23 0.9430 0.3451 125 327
49-0-1-0.05-50-0 0 2415 6 8 18 3 0.4266 0.2506 249 303
49-0-1-0.05-50-0 0 2416 16 31 4 2 0.2228 0.5626 149 252
49-0-1-0.05-50-0 0 2416 44 22 3 2 0.7034 0.0160 118 311
49-0-1-0.05-50-0 0 2417 44 15 3 3 0.7034 0.7918 118 149
49-0-1-0.05-50-0 0 2417 37 41 6 3 0.8481 0.9621 127 105
49-0-1-0.05-50-0 0 2418 41 16 2 5 0.9621 0.2228 105 149
49-0-1-0.05-50-0 0 2418 46 46 24 24 0.3451 0.3451 327 327
49-0-1-0.05-50-0 0 2419 19 6 5 20 0.8072 0.4266 134 249
49-0-1-0.05-50-0 0 2419 38 11 2 4 0.6163 0.0504 270 384
49-0-1-0.05-50-0 0 2420 50 46 12 25 0.2147 0.3451 147 327
49-0-1-0.05-50-0 0 2420 37 17 6 2 0.8481 0.6398 127 197
49-0-1-0.05-50-0 0 2421 27 50 2 12 0.0776 0.2147 149 147
49-0-1-0.05-50-0 0 2421 3 46 7 22 0.4813 0.3451 321 327
49-0-1-0.05-50-0 0 2422 6 46 17 20 0.4266 0.3451 249 327
49-0-1-0.05-50-0 0 2422 11 3 4 7 0.0504 0.4813 384 321
49-0-1-0.05-50-0 0 2423 10 50 3 11 0.2533 0.2147 449 147
49-0-1-0.05-50-0 0 2423 22 37 1 8 0.0160 0.8481 311 127
49-0-1-0.05-50-0 0 2424 6 6 19 19 0.4266 0.4266 249 249
49-0-1-0.05-50-0 0 2424 50 46 9 21 0.2147 0.3451 147 327
49-0-1-0.05-50-0 0 2425 15 46 3 19 0.7918 0.3451 149 327
49-0-1-0.05-50-0 0 2425 6 46 19 18 0.4266 0.3451 249 327
49-0-1-0.05-50-0 0 2426 21 38 2 3 0.4184 0.6163 158 270
49-0-1-0.05-50-0 0 2426 25 46 6 17 0.9430 0.3451 125 327
49-0-1-0.05-50-0 0 2427 44 46 5 16 0.7034 0.3451 118 327
49-0-1-0.05-50-0 0 2427 45 1 4 9 0.3816 0.2520 173 409
49-0-1-0.05-50-0 0 2428 16 50 4 10 0.2228 0.2147 149 147
49-0-1-0.05-50-0 0 2428 18 19 4 6 0.2181 0.8072 226 134
49-0-1-0.05-50-0 0 2429 15 19 4 5 0.7918 0.8072 149 134
49-0-1-0.05-50-0 0 2429 46 6 14 19 0.3451 0.4266 327 249
49-0-1-0.05-50-0 0 2430 18 46 3 14 0.2181 0.3451 226 327
49-0-1-0.05-50-0 0 2430 25 28 6 3 0.9430 0.3846 125 311
49-0-1-0.05-50-0 0 2431 50 6 9 19 0.2147 0.4266 147 249
49-0-1-0.05-50-0 0 2431 46 44 14 7 0.3451 0.7034 327 118
49-0-1-0.05-50-0 0 2432 8 3 5 6 0.2506 0.4813 303 321
49-0-1-0.05-50-0 0 2432 38 22 1 1 0.6163 0.0160 270 311
49-0-1-0.05-50-0 0 2433 14 6 2 17 0.8451 0.4266 105 249
49-0-1-0.05-50-0 0 2433 15 25 4 5 0.7918 0.9430 149 125
49-0-1-0.05-50-0 0 2434 44 46 8 14 0.7034 0.3451 118 327
49-0-1-0.05-50-0 0 2434 44 11 8 3 0.7034 0.0504 118 384
49-0-1-0.05-50-0 0 2435 10 27 3 3 0.2533 0.0776 449 149
49-0-1-0.05-50-0 0 2435 44 46 8 13 0.7034 0.3451 118 327
49-0-1-0.05-50-0 0 2436 3 18 6 3 0.4813 0.2181 321 226
49-0-1-0.05-50-0 0 2436 25 39 5 3 0.9430 0.2187 125 309
49-0-1-0.05-50-0 0 2437 3 21 7 3 0.4813 0.4184 321 158
49-0-1-0.05-50-0 0 2437 6 25 18 4 0.4266 0.9430 249 125
49-0-1-0.05-50-0 0 2438 28 8 3 5 0.3846 0.2506 311 303
49-0-1-0.05-50-0 0 2438 19 6 4 18 0.8072 0.4266 134 249
49-0-1-0.05-50-0 0 2439 16 25 6 3 0.2228 0.9430 149 125
49-0-1-0.05-50-0 0 2439 46 1 10 7 0.3451 0.2520 327 409
49-0-1-0.05-50-0 0 2440 5 50 1 12 0.0007 0.2147 226 147
49-0-1-0.05-50-0 0 2440 6 3 20 6 0.4266 0.4813 249 321
49-0-1-0.05-50-0 0 2441 46 45 10 1 0.3451 0.3816 327 173
49-0-1-0.05-50-0 0 2441 50 2 12 5 0.2147 0.8198 147 167
49-0-1-0.05-50-0 0 2442 6 3 21 5 0.4266 0.4813 249 321
49-0-1-0.05-50-0 0 2442 11 46 7 10 0.0504 0.3451 384 327
49-0-1-0.05-50-0 0 2443 10 16 4 7 0.2533 0.2228 449 149
49-0-1-0.05-50-0 0 2443 46 16 9 6 0.3451 0.2228 327 149
49-0-1-0.05-50-0 0 2444 1 8 6 6 0.2520 0.2506 409 303
49-0-1-0.05-50-0 0 2444 28 15 5 3 0.3846 0.7918 311 149
49-0-1-0.05-50-0 0 2445 50 6 12 20 0.2147 0.4266 147 249
49-0-1-0.05-50-0 0 2445 10 27 5 4 0.2533 0.0776 449 149
49-0-1-0.05-50-0 0 2446 36 44 1 9 0.8162 0.7034 165 118
49-0-1-0.05-50-0 0 2446 50 27 13 3 0.2147 0.0776 147 149
49-0-1-0.05-50-0 0 2447 8 11 5 7 0.2506 0.0504 303 384
49-0-1-0.05-50-0 0 2447 44 12 6 2 0.7034 0.1896 118 325
49-0-1-0.05-50-0 0 2448 50 16 14 4 0.2147 0.2228 147 149
49-0-1-0.05-50-0 0 2448 50 6 14 20 0.2147 0.4266 147 249
49-0-1-0.05-50-0 0 2449 21 2 4 4 0.4184 0.8198 158 167
49-0-1-0.05-50-0 0 2449 8 10 3 4 0.2506 0.2533 303 449
49-0-1-0.05-50-0 0 2450 31 10 2 2 0.5626 0.2533 252 449
49-0-1-0.05-50-0 0 2450 21 8 4 4 0.4184 0.2506 158 303
49-0-1-0.05-50-0 0 2451 6 11 23 11 0.4266 0.0504 249 384
49-0-1-0.05-50-0 0 2451 50 50 15 15 0.2147 0.2147 147 147
49-0-1-0.05-50-0 0 2452 6 5 25 1 0.4266 0.0007 249 226
49-0-1-0.05-50-0 0 2452 13 6 4 25 0.8878 0.4266 151 249
49-0-1-0.05-50-0 0 2453 21 28 7 7 0.4184 0.3846 158 311
49-0-1-0.05-50-0 0 2453 38 11 1 10 0.6163 0.0504 270 384
49-0-1-0.05-50-0 0 2454 2 28 5 6 0.8198 0.3846 167 311
49-0-1-0.05-50-0 0 2454 37 37 8 8 0.8481 0.8481 127 127
49-0-1-0.05-50-0 0 2455 47 1 4 5 0.9293 0.2520 103 409
49-0-1-0.05-50-0 0 2455 11 37 9 7 0.0504 0.8481 384 127
49-0-1-0.05-50-0 0 2456 50 6 14 22 0.2147 0.4266 147 249
49-0-1-0.05-50-0 0 2456 37 7 6 3 0.8481 0.9267 127 106
49-0-1-0.05-50-0 0 2457 50 27 13 4 0.2147 0.0776 147 149
49-0-1-0.05-50-0 0 2457 25 44 3 7 0.9430 0.7034 125 118
49-0-1-0.05-50-0 0 2458 6 6 21 21 0.4266 0.4266 249 249
49-0-1-0.05-50-0 0 2458 27 14 3 2 0.0776 0.8451 149 105
49-0-1-0.05-50-0 0 2459 37 6 6 20 0.8481 0.4266 127 249
49-0-1-0.05-50-0 0 2459 2 31 6 3 0.8198 0.5626 167 252
49-0-1-0.05-50-0 0 2460 13 29 3 5 0.8878 0.6728 151 177
49-0-1-0.05-50-0 0 2460 21 5 7 3 0.4184 0.0007 158 226
49-0-1-0.05-50-0 0 2461 6 1 19 6 0.4266 0.2520 249 409
49-0-1-0.05-50-0 0 2461 28 27 4 3 0.3846 0.0776 311 149
49-0-1-0.05-50-0 0 2462 37 37 8 8 0.8481 0.8481 127 127
49-0-1-0.05-50-0 0 2462 6 31 19 2 0.4266 0.5626 249 252
49-0-1-0.05-50-0 0 2463 28 3 4 2 0.3846 0.4813 311 321
49-0-1-0.05-50-0 0 2463 44 11 6 8 0.7034 0.0504 118 384
49-0-1-0.05-50-0 0 2464 19 31 1 1 0.8072 0.5626 134 252
49-0-1-0.05-50-0 0 2464 50 6 12 20 0.2147 0.4266 147 249
49-0-1-0.05-50-0 0 2465 6 44 17 5 0.4266 0.7034 249 118
49-0-1-0.05-50-0 0 2465 29 1 5 6 0.6728 0.2520 177 409
49-0-1-0.05-50-0 0 2466 12 21 1 6 0.1896 0.4184 325 158
49-0-1-0.05-50-0 0 2466 25 50 7 12 0.9430 0.2147 125 147
49-0-1-0.05-50-0 0 2467 47 25 7 8 0.9293 0.9430 103 125
49-0-1-0.05-50-0 0 2467 44 37 4 9 0.7034 0.8481 118 127
49-0-1-0.05-50-0 0 2468 7 5 4 2 0.9267 0.0007 106 226
49-0-1-0.05-50-0 0 2468 46 28 9 4 0.3451 0.3846 327 311
49-0-1-0.05-50-0 0 2469 21 6 6 17 0.4184 0.4266 158 249
49-0-1-0.05-50-0 0 2469 47 29 7 4 0.9293 0.6728 103 177
49-0-1-0.05-50-0 0 2470 47 21 7 5 0.9293 0.4184 103 158
49-0-1-0.05-50-0 0 2470 22 46 1 9 0.0160 0.3451 311 327
49-0-1-0.05-50-0 0 2471 25 28 8 3 0.9430 0.3846 125 311
49-0-1-0.05-50-0 0 2471 25 49 8 1 0.9430 0.1842 125 136
49-0-1-0.05-50-0 0 2472 1 46 9 9 0.2520 0.3451 409 327
49-0-1-0.05-50-0 0 2472 15 11 4 5 0.7918 0.0504 149 384
49-0-1-0.05-50-0 0 2473 37 6 10 18 0.8481 0.4266 127 249
49-0-1-0.05-50-0 0 2473 6 50 17 11 0.4266 0.2147 249 147
49-0-1-0.05-50-0 0 2474 11 1 5 9 0.0504 0.2520 384 409
49-0-1-0.05-50-0 0 2474 1 50 8 10 0.2520 0.2147 409 147
49-0-1-0.05-50-0 0 2475 6 11 19 4 0.4266 0.0504 249 384
49-0-1-0.05-50-0 0 2475 6 37 19 9 0.4266 0.8481 249 127
49-0-1-0.05-50-0 0 2476 7 7 4 4 0.9267 0.9267 106 106
49-0-1-0.05-50-0 0 2476 17 6 2 19 0.6398 0.4266 197 249
49-0-1-0.05-50-0 0 2477 37 25 10 6 0.8481 0.9430 127 125
49-0-1-0.05-50-0 0 2477 6 6 21 21 0.4266 0.4266 249 249
49-0-1-0.05-50-0 0 2478 47 46 6 6 0.9293 0.3451 103 327
49-0-1-0.05-50-0 0 2478 15 6 3 20 0.7918 0.4266 149 249
49-0-1-0.05-50-0 0 2479 10 6 3 20 0.2533 0.4266 449 249
49-0-1-0.05-50-0 0 2479 26 14 1 3 0.8171 0.8451 141 105
49-0-1-0.05-50-0 0 2480 50 47 8 7 0.2147 0.9293 147 103
49-0-1-0.05-50-0 0 2480 1 6 9 18 0.2520 0.4266 409 249
49-0-1-0.05-50-0 0 2481 21 8 4 2 0.4184 0.2506 158 303
49-0-1-0.05-50-0 0 2481 10 46 3 5 0.2533 0.3451 449 327
49-0-1-0.05-50-0 0 2482 37 27 10 5 0.8481 0.0776 127 149
49-0-1-0.05-50-0 0 2482 50 15 8 3 0.2147 0.7918 147 149
49-0-1-0.05-50-0 0 2483 47 24 6 3 0.9293 0.1940 103 254
49-0-1-0.05-50-0 0 2483 37 28 10 2 0.8481 0.3846 127 311
49-0-1-0.05-50-0 0 2484 6 44 14 3 0.4266 0.7034 249 118
49-0-1-0.05-50-0 0 2484 16 24 1 2 0.2228 0.1940 149 254
49-0-1-0.05-50-0 0 2485 6 27 15 4 0.4266 0.0776 249 149
49-0-1-0.05-50-0 0 2485 1 22 12 2 0.2520 0.0160 409 311
49-0-1-0.05-50-0 0 2486 27 13 3 3 0.0776 0.8878 149 151
49-0-1-0.05-50-0 0 2486 1 47 12 8 0.2520 0.9293 409 103
49-0-1-0.05-50-0 0 2487 46 30 6 5 0.3451 0.6008 327 266
49-0-1-0.05-50-0 0 2487 48 6 1 17 0.1153 0.4266 334 249
49-0-1-0.05-50-0 0 2488 50 18 9 1 0.2147 0.2181 147 226
49-0-1-0.05-50-0 0 2488 1 38 12 2 0.2520 0.6163 409 270
49-0-1-0.05-50-0 0 2489 47 6 7 16 0.9293 0.4266 103 249
49-0-1-0.05-50-0 0 2489 7 1 3 12 0.9267 0.2520 106 409
49-0-1-0.05-50-0 0 2490 6 7 15 4 0.4266 0.9267 249 106
49-0-1-0.05-50-0 0 2490 38 6 2 15 0.6163 0.4266 270 249
49-0-1-0.05-50-0 0 2491 48 25 1 2 0.1153 0.9430 334 125
49-0-1-0.05-50-0 0 2491 50 50 9 9 0.2147 0.2147 147 147
49-0-1-0.05-50-0 0 2492 40 38 1 2 0.9739 0.6163 104 270
49-0-1-0.05-50-0 0 2492 1 23 13 2 0.2520 0.1698 409 476
49-0-1-0.05-50-0 0 2493 50 13 8 2 0.2147 0.8878 147 151
49-0-1-0.05-50-0 0 2493 26 1 1 13 0.8171 0.2520 141 409
49-0-1-0.05-50-0 0 2494 30 6 5 13 0.6008 0.4266 266 249
49-0-1-0.05-50-0 0 2494 28 38 2 1 0.3846 0.6163 311 270
49-0-1-0.05-50-0 0 2495 18 37 1 13 0.2181 0.8481 226 127
49-0-1-0.05-50-0 0 2495 6 6 13 13 0.4266 0.4266 249 249
49-0-1-0.05-50-0 0 2496 1 1 14 14 0.2520 0.2520 409 409
49-0-1-0.05-50-0 0 2496 22 1 3 13 0.0160 0.2520 311 409
49-0-1-0.05-50-0 0 2497 1 4 12 1 0.2520 0.0723 409 351
49-0-1-0.05-50-0 0 2497 44 6 2 13 0.7034 0.4266 118 249
49-0-1-0.05-50-0 0 2498 50 50 9 9 0.2147 0.2147 147 147
49-0-1-0.05-50-0 0 2498 37 3 13 1 0.8481 0.4813 127 321
49-0-1-0.05-50-0 0 2499 6 2 12 3 0.4266 0.8198 249 167
49-0-1-0.05-50-0 0 2499 37 37 13 13 0.8481 0.8481 127 127
49-0-1-0.05-50-0 0 2500 5 22 4 4 0.0007 0.0160 226 311
49-0-1-0.05-50-0 0 2500 27 28 5 2 0.0776 0.3846 149 311
