490-0-1-0.05-50-0 0 2302 5 20 39 7 0.0007 0.9922 226 102
490-0-1-0.05-50-0 0 2302 24 18 7 8 0.1940 0.2181 254 226
490-0-1-0.05-50-0 0 2303 5 44 40 9 0.0007 0.7034 226 118
490-0-1-0.05-50-0 0 2303 5 41 40 7 0.0007 0.9621 226 105
490-0-1-0.05-50-0 0 2304 5 15 40 2 0.0007 0.7918 226 149
490-0-1-0.05-50-0 0 2304 5 5 40 40 0.0007 0.0007 226 226
490-0-1-0.05-50-0 0 2305 20 21 5 4 0.9922 0.4184 102 158
490-0-1-0.05-50-0 0 2305 4 5 6 39 0.0723 0.0007 351 226
490-0-1-0.05-50-0 0 2306 40 20 2 5 0.9739 0.9922 104 102
490-0-1-0.05-50-0 0 2306 5 18 39 6 0.0007 0.2181 226 226
490-0-1-0.05-50-0 0 2307 27 5 5 38 0.0776 0.0007 149 226
490-0-1-0.05-50-0 0 2307 37 5 1 37 0.8481 0.0007 127 226
490-0-1-0.05-50-0 0 2308 5 23 36 1 0.0007 0.1698 226 476
490-0-1-0.05-50-0 0 2308 5 24 36 7 0.0007 0.1940 226 254
490-0-1-0.05-50-0 0 2309 17 5 4 36 0.6398 0.0007 197 226
490-0-1-0.05-50-0 0 2309 33 26 1 3 0.6893 0.8171 191 141
490-0-1-0.05-50-0 0 2310 5 4 35 8 0.0007 0.0723 226 351
490-0-1-0.05-50-0 0 2310 5 5 35 35 0.0007 0.0007 226 226
490-0-1-0.05-50-0 0 2311 35 17 1 4 0.0354 0.6398 158 197
490-0-1-0.05-50-0 0 2311 24 5 6 33 0.1940 0.0007 254 226
490-0-1-0.05-50-0 0 2312 47 5 1 35 0.9293 0.0007 103 226
490-0-1-0.05-50-0 0 2312 4 5 5 34 0.0723 0.0007 351 226
490-0-1-0.05-50-0 0 2313 5 5 33 33 0.0007 0.0007 226 226
490-0-1-0.05-50-0 0 2313 25 18 3 5 0.9430 0.2181 125 226
490-0-1-0.05-50-0 0 2314 4 4 5 5 0.0723 0.0723 351 351
490-0-1-0.05-50-0 0 2314 5 24 30 6 0.0007 0.1940 226 254
490-0-1-0.05-50-0 0 2315 32 11 1 2 0.6514 0.0504 215 384
490-0-1-0.05-50-0 0 2315 10 33 9 1 0.2533 0.6893 449 191
490-0-1-0.05-50-0 0 2316 24 21 5 3 0.1940 0.4184 254 158
490-0-1-0.05-50-0 0 2316 7 10 2 9 0.9267 0.2533 106 449
490-0-1-0.05-50-0 0 2317 16 21 1 2 0.2228 0.4184 149 158
490-0-1-0.05-50-0 0 2317 17 25 4 2 0.6398 0.9430 197 125
490-0-1-0.05-50-0 0 2318 5 14 33 2 0.0007 0.8451 226 105
490-0-1-0.05-50-0 0 2318 25 40 1 3 0.9430 0.9739 125 104
490-0-1-0.05-50-0 0 2319 2 5 4 31 0.8198 0.0007 167 226
490-0-1-0.05-50-0 0 2319 38 40 1 2 0.6163 0.9739 270 104
490-0-1-0.05-50-0 0 2320 18 22 4 2 0.2181 0.0160 226 311
490-0-1-0.05-50-0 0 2320 41 24 9 5 0.9621 0.1940 105 254
490-0-1-0.05-50-0 0 2321 5 27 29 8 0.0007 0.0776 226 149
490-0-1-0.05-50-0 0 2321 27 8 7 1 0.0776 0.2506 149 303
490-0-1-0.05-50-0 0 2322 5 26 31 2 0.0007 0.8171 226 141
490-0-1-0.05-50-0 0 2322 10 2 9 4 0.2533 0.8198 449 167
490-0-1-0.05-50-0 0 2323 5 2 32 3 0.0007 0.8198 226 167
490-0-1-0.05-50-0 0 2323 22 10 1 9 0.0160 0.2533 311 449
490-0-1-0.05-50-0 0 2324 17 5 5 32 0.6398 0.0007 197 226
490-0-1-0.05-50-0 0 2324 5 5 31 31 0.0007 0.0007 226 226
490-0-1-0.05-50-0 0 2325 40 41 1 10 0.9739 0.9621 104 105
490-0-1-0.05-50-0 0 2325 5 17 30 5 0.0007 0.6398 226 197
490-0-1-0.05-50-0 0 2326 4 26 5 2 0.0723 0.8171 351 141
490-0-1-0.05-50-0 0 2326 22 44 1 6 0.0160 0.7034 311 118
490-0-1-0.05-50-0 0 2327 4 20 4 5 0.0723 0.9922 351 102
490-0-1-0.05-50-0 0 2327 44 5 6 28 0.7034 0.0007 118 226
490-0-1-0.05-50-0 0 2328 20 5 4 27 0.9922 0.0007 102 226
490-0-1-0.05-50-0 0 2328 5 38 26 1 0.0007 0.6163 226 270
490-0-1-0.05-50-0 0 2329 10 12 10 1 0.2533 0.1896 449 325
490-0-1-0.05-50-0 0 2329 35 5 1 27 0.0354 0.0007 158 226
490-0-1-0.05-50-0 0 2330 11 5 3 26 0.0504 0.0007 384 226
490-0-1-0.05-50-0 0 2330 17 2 1 2 0.6398 0.8198 197 167
490-0-1-0.05-50-0 0 2331 20 40 4 2 0.9922 0.9739 102 104
490-0-1-0.05-50-0 0 2331 20 10 4 9 0.9922 0.2533 102 449
490-0-1-0.05-50-0 0 2332 7 5 5 26 0.9267 0.0007 106 226
490-0-1-0.05-50-0 0 2332 21 18 3 7 0.4184 0.2181 158 226
490-0-1-0.05-50-0 0 2333 50 41 1 9 0.2147 0.9621 147 105
490-0-1-0.05-50-0 0 2333 7 5 5 27 0.9267 0.0007 106 226
490-0-1-0.05-50-0 0 2334 47 5 1 25 0.9293 0.0007 103 226
490-0-1-0.05-50-0 0 2334 5 27 24 8 0.0007 0.0776 226 149
490-0-1-0.05-50-0 0 2335 4 32 7 3 0.0723 0.6514 351 215
490-0-1-0.05-50-0 0 2335 32 18 2 9 0.6514 0.2181 215 226
490-0-1-0.05-50-0 0 2336 5 41 25 10 0.0007 0.9621 226 105
490-0-1-0.05-50-0 0 2336 26 5 2 25 0.8171 0.0007 141 226
490-0-1-0.05-50-0 0 2337 5 27 23 8 0.0007 0.0776 226 149
490-0-1-0.05-50-0 0 2337 18 32 7 2 0.2181 0.6514 226 215
490-0-1-0.05-50-0 0 2338 42 5 3 24 0.7447 0.0007 106 226
490-0-1-0.05-50-0 0 2338 5 18 23 7 0.0007 0.2181 226 226
490-0-1-0.05-50-0 0 2339 10 40 7 1 0.2533 0.9739 449 104
490-0-1-0.05-50-0 0 2339 48 10 1 7 0.1153 0.2533 334 449
490-0-1-0.05-50-0 0 2340 32 18 1 6 0.6514 0.2181 215 226
490-0-1-0.05-50-0 0 2340 18 44 5 3 0.2181 0.7034 226 118
490-0-1-0.05-50-0 0 2341 5 18 25 5 0.0007 0.2181 226 226
490-0-1-0.05-50-0 0 2341 48 26 1 2 0.1153 0.8171 334 141
490-0-1-0.05-50-0 0 2342 32 5 2 25 0.6514 0.0007 215 226
490-0-1-0.05-50-0 0 2342 27 2 9 4 0.0776 0.8198 149 167
490-0-1-0.05-50-0 0 2343 41 5 9 25 0.9621 0.0007 105 226
490-0-1-0.05-50-0 0 2343 45 5 6 24 0.3816 0.0007 173 226
490-0-1-0.05-50-0 0 2344 45 5 5 23 0.3816 0.0007 173 226
490-0-1-0.05-50-0 0 2344 13 26 2 2 0.8878 0.8171 151 141
490-0-1-0.05-50-0 0 2345 10 27 5 9 0.2533 0.0776 449 149
490-0-1-0.05-50-0 0 2345 5 5 25 25 0.0007 0.0007 226 226
490-0-1-0.05-50-0 0 2346 4 18 7 4 0.0723 0.2181 351 226
490-0-1-0.05-50-0 0 2346 10 13 5 2 0.2533 0.8878 449 151
490-0-1-0.05-50-0 0 2347 27 5 10 24 0.0776 0.0007 149 226
490-0-1-0.05-50-0 0 2347 26 17 1 2 0.8171 0.6398 141 197
490-0-1-0.05-50-0 0 2348 4 7 7 2 0.0723 0.9267 351 106
490-0-1-0.05-50-0 0 2348 5 11 24 7 0.0007 0.0504 226 384
490-0-1-0.05-50-0 0 2349 5 42 24 3 0.0007 0.7447 226 106
490-0-1-0.05-50-0 0 2349 41 30 10 2 0.9621 0.6008 105 266
490-0-1-0.05-50-0 0 2350 21 2 7 4 0.4184 0.8198 158 167
490-0-1-0.05-50-0 0 2350 41 45 10 4 0.9621 0.3816 105 173
490-0-1-0.05-50-0 0 2351 5 27 25 13 0.0007 0.0776 226 149
490-0-1-0.05-50-0 0 2351 27 25 12 2 0.0776 0.9430 149 125
490-0-1-0.05-50-0 0 2352 11 5 4 25 0.0504 0.0007 384 226
490-0-1-0.05-50-0 0 2352 27 20 12 5 0.0776 0.9922 149 102
490-0-1-0.05-50-0 0 2353 27 24 13 2 0.0776 0.1940 149 254
490-0-1-0.05-50-0 0 2353 45 20 3 4 0.3816 0.9922 173 102
490-0-1-0.05-50-0 0 2354 13 27 3 15 0.8878 0.0776 151 149
490-0-1-0.05-50-0 0 2354 48 24 1 1 0.1153 0.1940 334 254
490-0-1-0.05-50-0 0 2355 45 5 4 27 0.3816 0.0007 173 226
490-0-1-0.05-50-0 0 2355 11 7 3 2 0.0504 0.9267 384 106
490-0-1-0.05-50-0 0 2356 27 45 16 4 0.0776 0.3816 149 173
490-0-1-0.05-50-0 0 2356 50 4 1 4 0.2147 0.0723 147 351
490-0-1-0.05-50-0 0 2357 5 5 28 28 0.0007 0.0007 226 226
490-0-1-0.05-50-0 0 2357 30 27 3 17 0.6008 0.0776 266 149
490-0-1-0.05-50-0 0 2358 11 2 3 5 0.0504 0.8198 384 167
490-0-1-0.05-50-0 0 2358 38 2 2 4 0.6163 0.8198 270 167
490-0-1-0.05-50-0 0 2359 5 22 30 1 0.0007 0.0160 226 311
490-0-1-0.05-50-0 0 2359 45 5 4 30 0.3816 0.0007 173 226
490-0-1-0.05-50-0 0 2360 5 3 27 4 0.0007 0.4813 226 321
490-0-1-0.05-50-0 0 2360 10 27 8 15 0.2533 0.0776 449 149
490-0-1-0.05-50-0 0 2361 42 5 5 31 0.7447 0.0007 106 226
490-0-1-0.05-50-0 0 2361 45 27 4 12 0.3816 0.0776 173 149
490-0-1-0.05-50-0 0 2362 48 21 1 10 0.1153 0.4184 334 158
490-0-1-0.05-50-0 0 2362 39 21 1 9 0.2187 0.4184 309 158
490-0-1-0.05-50-0 0 2363 41 5 18 32 0.9621 0.0007 105 226
490-0-1-0.05-50-0 0 2363 41 21 18 8 0.9621 0.4184 105 158
490-0-1-0.05-50-0 0 2364 41 41 18 18 0.9621 0.9621 105 105
490-0-1-0.05-50-0 0 2364 44 41 5 17 0.7034 0.9621 118 105
490-0-1-0.05-50-0 0 2365 40 5 1 30 0.9739 0.0007 104 226
490-0-1-0.05-50-0 0 2365 27 42 12 7 0.0776 0.7447 149 106
490-0-1-0.05-50-0 0 2366 20 41 4 16 0.9922 0.9621 102 105
490-0-1-0.05-50-0 0 2366 30 42 2 6 0.6008 0.7447 266 106
490-0-1-0.05-50-0 0 2367 13 45 8 3 0.8878 0.3816 151 173
490-0-1-0.05-50-0 0 2367 41 45 14 2 0.9621 0.3816 105 173
490-0-1-0.05-50-0 0 2368 40 27 1 14 0.9739 0.0776 104 149
490-0-1-0.05-50-0 0 2368 20 41 5 13 0.9922 0.9621 102 105
490-0-1-0.05-50-0 0 2369 20 27 5 13 0.9922 0.0776 102 149
490-0-1-0.05-50-0 0 2369 10 41 10 12 0.2533 0.9621 449 105
490-0-1-0.05-50-0 0 2370 34 4 1 7 0.7448 0.0723 168 351
490-0-1-0.05-50-0 0 2370 41 11 12 4 0.9621 0.0504 105 384
490-0-1-0.05-50-0 0 2371 13 5 8 21 0.8878 0.0007 151 226
490-0-1-0.05-50-0 0 2371 18 42 5 8 0.2181 0.7447 226 106
490-0-1-0.05-50-0 0 2372 41 13 12 8 0.9621 0.8878 105 151
490-0-1-0.05-50-0 0 2372 4 11 7 2 0.0723 0.0504 351 384
490-0-1-0.05-50-0 0 2373 45 46 2 2 0.3816 0.3451 173 327
490-0-1-0.05-50-0 0 2373 41 21 11 10 0.9621 0.4184 105 158
490-0-1-0.05-50-0 0 2374 42 41 8 11 0.7447 0.9621 106 105
490-0-1-0.05-50-0 0 2374 7 10 4 11 0.9267 0.2533 106 449
490-0-1-0.05-50-0 0 2375 50 27 3 13 0.2147 0.0776 147 149
490-0-1-0.05-50-0 0 2375 15 34 2 2 0.7918 0.7448 149 168
490-0-1-0.05-50-0 0 2376 13 5 7 20 0.8878 0.0007 151 226
490-0-1-0.05-50-0 0 2376 20 42 5 9 0.9922 0.7447 102 106
490-0-1-0.05-50-0 0 2377 46 21 2 10 0.3451 0.4184 327 158
490-0-1-0.05-50-0 0 2377 41 5 10 19 0.9621 0.0007 105 226
490-0-1-0.05-50-0 0 2378 27 13 13 7 0.0776 0.8878 149 151
490-0-1-0.05-50-0 0 2378 41 45 9 2 0.9621 0.3816 105 173
490-0-1-0.05-50-0 0 2379 19 5 1 17 0.8072 0.0007 134 226
490-0-1-0.05-50-0 0 2379 18 11 7 1 0.2181 0.0504 226 384
490-0-1-0.05-50-0 0 2380 44 21 8 9 0.7034 0.4184 118 158
490-0-1-0.05-50-0 0 2380 5 10 16 11 0.0007 0.2533 226 449
490-0-1-0.05-50-0 0 2381 5 42 14 8 0.0007 0.7447 226 106
490-0-1-0.05-50-0 0 2381 46 18 1 6 0.3451 0.2181 327 226
490-0-1-0.05-50-0 0 2382 41 41 9 9 0.9621 0.9621 105 105
490-0-1-0.05-50-0 0 2382 15 20 2 9 0.7918 0.9922 149 102
490-0-1-0.05-50-0 0 2383 5 5 15 15 0.0007 0.0007 226 226
490-0-1-0.05-50-0 0 2383 17 5 2 14 0.6398 0.0007 197 226
490-0-1-0.05-50-0 0 2384 5 27 14 15 0.0007 0.0776 226 149
490-0-1-0.05-50-0 0 2384 18 21 7 6 0.2181 0.4184 226 158
490-0-1-0.05-50-0 0 2385 20 18 8 7 0.9922 0.2181 102 226
490-0-1-0.05-50-0 0 2385 4 19 11 1 0.0723 0.8072 351 134
490-0-1-0.05-50-0 0 2386 41 10 10 10 0.9621 0.2533 105 449
490-0-1-0.05-50-0 0 2386 45 5 4 15 0.3816 0.0007 173 226
490-0-1-0.05-50-0 0 2387 7 5 3 14 0.9267 0.0007 106 226
490-0-1-0.05-50-0 0 2387 27 2 17 2 0.0776 0.8198 149 167
490-0-1-0.05-50-0 0 2388 13 4 7 11 0.8878 0.0723 151 351
490-0-1-0.05-50-0 0 2388 42 4 7 10 0.7447 0.0723 106 351
490-0-1-0.05-50-0 0 2389 3 45 2 4 0.4813 0.3816 321 173
490-0-1-0.05-50-0 0 2389 8 20 4 9 0.2506 0.9922 303 102
490-0-1-0.05-50-0 0 2390 20 44 8 8 0.9922 0.7034 102 118
490-0-1-0.05-50-0 0 2390 38 42 1 7 0.6163 0.7447 270 106
490-0-1-0.05-50-0 0 2391 44 5 8 15 0.7034 0.0007 118 226
490-0-1-0.05-50-0 0 2391 44 4 8 12 0.7034 0.0723 118 351
490-0-1-0.05-50-0 0 2392 7 4 2 11 0.9267 0.0723 106 351
490-0-1-0.05-50-0 0 2392 4 10 10 5 0.0723 0.2533 351 449
490-0-1-0.05-50-0 0 2393 20 5 7 15 0.9922 0.0007 102 226
490-0-1-0.05-50-0 0 2393 13 5 8 14 0.8878 0.0007 151 226
490-0-1-0.05-50-0 0 2394 18 44 4 8 0.2181 0.7034 226 118
490-0-1-0.05-50-0 0 2394 4 5 11 12 0.0723 0.0007 351 226
490-0-1-0.05-50-0 0 2395 36 8 1 4 0.8162 0.2506 165 303
490-0-1-0.05-50-0 0 2395 21 27 4 19 0.4184 0.0776 158 149
490-0-1-0.05-50-0 0 2396 36 12 1 1 0.8162 0.1896 165 325
490-0-1-0.05-50-0 0 2396 5 27 9 18 0.0007 0.0776 226 149
490-0-1-0.05-50-0 0 2397 4 8 10 4 0.0723 0.2506 351 303
490-0-1-0.05-50-0 0 2397 40 15 2 10 0.9739 0.7918 104 149
490-0-1-0.05-50-0 0 2398 15 44 10 6 0.7918 0.7034 149 118
490-0-1-0.05-50-0 0 2398 27 20 16 9 0.0776 0.9922 149 102
490-0-1-0.05-50-0 0 2399 10 13 6 7 0.2533 0.8878 449 151
490-0-1-0.05-50-0 0 2399 41 13 10 6 0.9621 0.8878 105 151
490-0-1-0.05-50-0 0 2400 21 5 4 13 0.4184 0.0007 158 226
490-0-1-0.05-50-0 0 2400 29 44 6 5 0.6728 0.7034 177 118
490-0-1-0.05-50-0 0 2401 18 8 4 5 0.2181 0.2506 226 303
490-0-1-0.05-50-0 0 2401 20 27 8 17 0.9922 0.0776 102 149
490-0-1-0.05-50-0 0 2402 41 15 11 10 0.9621 0.7918 105 149
490-0-1-0.05-50-0 0 2402 41 20 11 8 0.9621 0.9922 105 102
490-0-1-0.05-50-0 0 2403 41 29 12 5 0.9621 0.6728 105 177
490-0-1-0.05-50-0 0 2403 5 41 17 12 0.0007 0.9621 226 105
490-0-1-0.05-50-0 0 2404 41 20 11 8 0.9621 0.9922 105 102
490-0-1-0.05-50-0 0 2404 27 27 15 15 0.0776 0.0776 149 149
490-0-1-0.05-50-0 0 2405 5 13 16 6 0.0007 0.8878 226 151
490-0-1-0.05-50-0 0 2405 10 2 10 4 0.2533 0.8198 449 167
490-0-1-0.05-50-0 0 2406 21 10 5 10 0.4184 0.2533 158 449
490-0-1-0.05-50-0 0 2406 41 10 11 9 0.9621 0.2533 105 449
490-0-1-0.05-50-0 0 2407 15 4 9 6 0.7918 0.0723 149 351
490-0-1-0.05-50-0 0 2407 18 27 6 13 0.2181 0.0776 226 149
490-0-1-0.05-50-0 0 2408 5 41 14 11 0.0007 0.9621 226 105
490-0-1-0.05-50-0 0 2408 27 21 13 5 0.0776 0.4184 149 158
490-0-1-0.05-50-0 0 2409 13 21 7 5 0.8878 0.4184 151 158
490-0-1-0.05-50-0 0 2409 20 5 8 14 0.9922 0.0007 102 226
490-0-1-0.05-50-0 0 2410 18 3 7 4 0.2181 0.4813 226 321
490-0-1-0.05-50-0 0 2410 3 45 3 5 0.4813 0.3816 321 173
490-0-1-0.05-50-0 0 2411 15 17 9 4 0.7918 0.6398 149 197
490-0-1-0.05-50-0 0 2411 40 17 4 3 0.9739 0.6398 104 197
490-0-1-0.05-50-0 0 2412 10 15 9 9 0.2533 0.7918 449 149
490-0-1-0.05-50-0 0 2412 44 3 3 3 0.7034 0.4813 118 321
490-0-1-0.05-50-0 0 2413 45 41 3 9 0.3816 0.9621 173 105
490-0-1-0.05-50-0 0 2413 15 27 8 10 0.7918 0.0776 149 149
490-0-1-0.05-50-0 0 2414 21 13 4 7 0.4184 0.8878 158 151
490-0-1-0.05-50-0 0 2414 8 3 5 2 0.2506 0.4813 303 321
490-0-1-0.05-50-0 0 2415 27 20 10 7 0.0776 0.9922 149 102
490-0-1-0.05-50-0 0 2415 3 41 1 9 0.4813 0.9621 321 105
490-0-1-0.05-50-0 0 2416 5 2 10 4 0.0007 0.8198 226 167
490-0-1-0.05-50-0 0 2416 4 38 7 7 0.0723 0.6163 351 270
490-0-1-0.05-50-0 0 2417 40 8 7 5 0.9739 0.2506 104 303
490-0-1-0.05-50-0 0 2417 40 9 7 1 0.9739 0.6134 104 161
490-0-1-0.05-50-0 0 2418 47 40 2 7 0.9293 0.9739 103 104
490-0-1-0.05-50-0 0 2418 40 21 6 4 0.9739 0.4184 104 158
490-0-1-0.05-50-0 0 2419 13 29 8 3 0.8878 0.6728 151 177
490-0-1-0.05-50-0 0 2419 38 44 8 3 0.6163 0.7034 270 118
490-0-1-0.05-50-0 0 2420 2 5 2 11 0.8198 0.0007 167 226
490-0-1-0.05-50-0 0 2420 4 5 7 10 0.0723 0.0007 351 226
490-0-1-0.05-50-0 0 2421 15 5 11 11 0.7918 0.0007 149 226
490-0-1-0.05-50-0 0 2421 40 38 6 8 0.9739 0.6163 104 270
490-0-1-0.05-50-0 0 2422 40 21 6 2 0.9739 0.4184 104 158
490-0-1-0.05-50-0 0 2422 26 5 1 10 0.8171 0.0007 141 226
490-0-1-0.05-50-0 0 2423 18 13 11 8 0.2181 0.8878 226 151
490-0-1-0.05-50-0 0 2423 10 7 12 1 0.2533 0.9267 449 106
490-0-1-0.05-50-0 0 2424 38 10 7 12 0.6163 0.2533 270 449
490-0-1-0.05-50-0 0 2424 8 4 6 7 0.2506 0.0723 303 351
490-0-1-0.05-50-0 0 2425 28 8 5 7 0.3846 0.2506 311 303
490-0-1-0.05-50-0 0 2425 8 30 6 7 0.2506 0.6008 303 266
490-0-1-0.05-50-0 0 2426 5 27 8 13 0.0007 0.0776 226 149
490-0-1-0.05-50-0 0 2426 40 5 5 8 0.9739 0.0007 104 226
490-0-1-0.05-50-0 0 2427 18 15 12 8 0.2181 0.7918 226 149
490-0-1-0.05-50-0 0 2427 42 19 4 3 0.7447 0.8072 106 134
490-0-1-0.05-50-0 0 2427 29 24 3 2 0.6728 0.1940 177 254
490-0-1-0.05-50-0 0 2428 38 41 9 7 0.6163 0.9621 270 105
490-0-1-0.05-50-0 0 2428 26 10 2 14 0.8171 0.2533 141 449
490-0-1-0.05-50-0 0 2428 27 41 11 6 0.0776 0.9621 149 105
490-0-1-0.05-50-0 0 2429 46 45 4 3 0.3451 0.3816 327 173
490-0-1-0.05-50-0 0 2429 13 44 8 5 0.8878 0.7034 151 118
490-0-1-0.05-50-0 0 2429 5 27 7 11 0.0007 0.0776 226 149
490-0-1-0.05-50-0 0 2430 38 44 8 4 0.6163 0.7034 270 118
490-0-1-0.05-50-0 0 2430 40 10 7 14 0.9739 0.2533 104 449
490-0-1-0.05-50-0 0 2430 10 46 13 3 0.2533 0.3451 449 327
490-0-1-0.05-50-0 0 2431 30 27 8 11 0.6008 0.0776 266 149
490-0-1-0.05-50-0 0 2431 8 42 5 6 0.2506 0.7447 303 106
490-0-1-0.05-50-0 0 2431 20 3 7 4 0.9922 0.4813 102 321
490-0-1-0.05-50-0 0 2432 26 40 3 7 0.8171 0.9739 141 104
490-0-1-0.05-50-0 0 2432 18 27 14 11 0.2181 0.0776 226 149
490-0-1-0.05-50-0 0 2432 27 18 10 14 0.0776 0.2181 149 226
490-0-1-0.05-50-0 0 2433 4 2 7 2 0.0723 0.8198 351 167
490-0-1-0.05-50-0 0 2433 4 27 7 12 0.0723 0.0776 351 149
490-0-1-0.05-50-0 0 2433 13 18 9 13 0.8878 0.2181 151 226
490-0-1-0.05-50-0 0 2434 40 18 6 12 0.9739 0.2181 104 226
490-0-1-0.05-50-0 0 2434 39 18 3 11 0.2187 0.2181 309 226
490-0-1-0.05-50-0 0 2434 29 38 2 9 0.6728 0.6163 177 270
490-0-1-0.05-50-0 0 2435 27 13 14 12 0.0776 0.8878 149 151
490-0-1-0.05-50-0 0 2435 30 30 12 12 0.6008 0.6008 266 266
490-0-1-0.05-50-0 0 2435 10 26 13 4 0.2533 0.8171 449 141
490-0-1-0.05-50-0 0 2436 5 38 11 9 0.0007 0.6163 226 270
490-0-1-0.05-50-0 0 2436 5 4 11 5 0.0007 0.0723 226 351
490-0-1-0.05-50-0 0 2436 30 38 10 8 0.6008 0.6163 266 270
490-0-1-0.05-50-0 0 2437 10 28 14 10 0.2533 0.3846 449 311
490-0-1-0.05-50-0 0 2437 40 37 5 2 0.9739 0.8481 104 127
490-0-1-0.05-50-0 0 2437 5 5 11 11 0.0007 0.0007 226 226
490-0-1-0.05-50-0 0 2438 17 5 5 9 0.6398 0.0007 197 226
490-0-1-0.05-50-0 0 2438 18 47 10 1 0.2181 0.9293 226 103
490-0-1-0.05-50-0 0 2438 44 9 4 2 0.7034 0.6134 118 161
490-0-1-0.05-50-0 0 2439 42 2 6 4 0.7447 0.8198 106 167
490-0-1-0.05-50-0 0 2439 10 18 14 10 0.2533 0.2181 449 226
490-0-1-0.05-50-0 0 2439 27 40 13 6 0.0776 0.9739 149 104
490-0-1-0.05-50-0 0 2440 18 10 9 14 0.2181 0.2533 226 449
490-0-1-0.05-50-0 0 2440 5 13 9 14 0.0007 0.8878 226 151
490-0-1-0.05-50-0 0 2441 10 15 13 6 0.2533 0.7918 449 149
490-0-1-0.05-50-0 0 2441 46 5 4 9 0.3451 0.0007 327 226
490-0-1-0.05-50-0 0 2441 5 30 8 7 0.0007 0.6008 226 266
490-0-1-0.05-50-0 0 2442 13 26 14 1 0.8878 0.8171 151 141
490-0-1-0.05-50-0 0 2442 40 28 5 9 0.9739 0.3846 104 311
490-0-1-0.05-50-0 0 2443 42 3 6 3 0.7447 0.4813 106 321
490-0-1-0.05-50-0 0 2443 46 20 5 8 0.3451 0.9922 327 102
490-0-1-0.05-50-0 0 2444 20 17 6 8 0.9922 0.6398 102 197
490-0-1-0.05-50-0 0 2444 27 5 17 9 0.0776 0.0007 149 226
490-0-1-0.05-50-0 0 2445 27 13 16 13 0.0776 0.8878 149 151
490-0-1-0.05-50-0 0 2445 17 13 7 12 0.6398 0.8878 197 151
490-0-1-0.05-50-0 0 2446 10 19 14 3 0.2533 0.8072 449 134
490-0-1-0.05-50-0 0 2446 20 10 6 14 0.9922 0.2533 102 449
490-0-1-0.05-50-0 0 2447 18 8 13 3 0.2181 0.2506 226 303
490-0-1-0.05-50-0 0 2447 27 27 16 16 0.0776 0.0776 149 149
490-0-1-0.05-50-0 0 2448 10 8 14 3 0.2533 0.2506 449 303
490-0-1-0.05-50-0 0 2448 27 40 15 4 0.0776 0.9739 149 104
490-0-1-0.05-50-0 0 2449 28 42 10 2 0.3846 0.7447 311 106
490-0-1-0.05-50-0 0 2449 27 38 15 5 0.0776 0.6163 149 270
490-0-1-0.05-50-0 0 2450 27 36 14 1 0.0776 0.8162 149 165
490-0-1-0.05-50-0 0 2450 16 17 5 7 0.2228 0.6398 149 197
490-0-1-0.05-50-0 0 2451 44 10 7 18 0.7034 0.2533 118 449
490-0-1-0.05-50-0 0 2451 9 10 1 17 0.6134 0.2533 161 449
490-0-1-0.05-50-0 0 2452 28 28 10 10 0.3846 0.3846 311 311
490-0-1-0.05-50-0 0 2452 44 46 8 4 0.7034 0.3451 118 327
490-0-1-0.05-50-0 0 2453 18 13 17 10 0.2181 0.8878 226 151
490-0-1-0.05-50-0 0 2453 13 5 9 5 0.8878 0.0007 151 226
490-0-1-0.05-50-0 0 2454 41 27 4 17 0.9621 0.0776 105 149
490-0-1-0.05-50-0 0 2454 20 28 5 8 0.9922 0.3846 102 311
490-0-1-0.05-50-0 0 2455 30 18 6 20 0.6008 0.2181 266 226
490-0-1-0.05-50-0 0 2455 10 21 18 1 0.2533 0.4184 449 158
490-0-1-0.05-50-0 0 2456 10 5 16 6 0.2533 0.0007 449 226
490-0-1-0.05-50-0 0 2456 13 38 10 3 0.8878 0.6163 151 270
490-0-1-0.05-50-0 0 2457 2 13 4 11 0.8198 0.8878 167 151
490-0-1-0.05-50-0 0 2457 46 18 3 19 0.3451 0.2181 327 226
490-0-1-0.05-50-0 0 2458 27 13 14 11 0.0776 0.8878 149 151
490-0-1-0.05-50-0 0 2458 18 41 19 3 0.2181 0.9621 226 105
490-0-1-0.05-50-0 0 2459 46 18 4 18 0.3451 0.2181 327 226
490-0-1-0.05-50-0 0 2459 30 17 3 6 0.6008 0.6398 266 197
490-0-1-0.05-50-0 0 2460 18 10 16 18 0.2181 0.2533 226 449
490-0-1-0.05-50-0 0 2460 18 4 16 3 0.2181 0.0723 226 351
490-0-1-0.05-50-0 0 2461 18 18 17 17 0.2181 0.2181 226 226
490-0-1-0.05-50-0 0 2461 27 17 16 4 0.0776 0.6398 149 197
490-0-1-0.05-50-0 0 2462 44 10 6 22 0.7034 0.2533 118 449
490-0-1-0.05-50-0 0 2462 41 10 2 21 0.9621 0.2533 105 449
490-0-1-0.05-50-0 0 2463 28 4 9 3 0.3846 0.0723 311 351
490-0-1-0.05-50-0 0 2463 28 39 9 3 0.3846 0.2187 311 309
490-0-1-0.05-50-0 0 2464 18 46 15 5 0.2181 0.3451 226 327
490-0-1-0.05-50-0 0 2464 18 27 15 17 0.2181 0.0776 226 149
490-0-1-0.05-50-0 0 2465 46 9 3 4 0.3451 0.6134 327 161
490-0-1-0.05-50-0 0 2465 13 18 11 14 0.8878 0.2181 151 226
490-0-1-0.05-50-0 0 2466 5 10 7 20 0.0007 0.2533 226 449
490-0-1-0.05-50-0 0 2466 18 27 15 18 0.2181 0.0776 226 149
490-0-1-0.05-50-0 0 2467 13 27 11 16 0.8878 0.0776 151 149
490-0-1-0.05-50-0 0 2467 44 47 6 1 0.7034 0.9293 118 103
490-0-1-0.05-50-0 0 2468 10 38 18 4 0.2533 0.6163 449 270
490-0-1-0.05-50-0 0 2468 27 10 15 18 0.0776 0.2533 149 449
490-0-1-0.05-50-0 0 2469 27 13 15 10 0.0776 0.8878 149 151
490-0-1-0.05-50-0 0 2469 18 5 16 5 0.2181 0.0007 226 226
490-0-1-0.05-50-0 0 2470 18 18 16 16 0.2181 0.2181 226 226
490-0-1-0.05-50-0 0 2470 48 27 1 15 0.1153 0.0776 334 149
490-0-1-0.05-50-0 0 2471 20 41 3 4 0.9922 0.9621 102 105
490-0-1-0.05-50-0 0 2471 13 13 8 8 0.8878 0.8878 151 151
490-0-1-0.05-50-0 0 2472 16 10 5 11 0.2228 0.2533 149 449
490-0-1-0.05-50-0 0 2472 38 10 2 10 0.6163 0.2533 270 449
490-0-1-0.05-50-0 0 2473 10 18 9 16 0.2533 0.2181 449 226
490-0-1-0.05-50-0 0 2473 27 27 13 13 0.0776 0.0776 149 149
490-0-1-0.05-50-0 0 2474 13 3 8 4 0.8878 0.4813 151 321
490-0-1-0.05-50-0 0 2474 44 18 7 16 0.7034 0.2181 118 226
490-0-1-0.05-50-0 0 2475 28 18 9 14 0.3846 0.2181 311 226
490-0-1-0.05-50-0 0 2475 44 27 8 11 0.7034 0.0776 118 149
490-0-1-0.05-50-0 0 2476 28 10 9 9 0.3846 0.2533 311 449
490-0-1-0.05-50-0 0 2476 44 44 6 6 0.7034 0.7034 118 118
490-0-1-0.05-50-0 0 2477 27 3 9 4 0.0776 0.4813 149 321
490-0-1-0.05-50-0 0 2477 35 10 4 8 0.0354 0.2533 158 449
490-0-1-0.05-50-0 0 2478 32 27 2 10 0.6514 0.0776 215 149
490-0-1-0.05-50-0 0 2478 28 13 9 7 0.3846 0.8878 311 151
490-0-1-0.05-50-0 0 2479 13 2 6 2 0.8878 0.8198 151 167
490-0-1-0.05-50-0 0 2479 48 27 1 9 0.1153 0.0776 334 149
490-0-1-0.05-50-0 0 2480 10 28 7 8 0.2533 0.3846 449 311
490-0-1-0.05-50-0 0 2480 5 28 6 7 0.0007 0.3846 226 311
490-0-1-0.05-50-0 0 2481 27 46 9 5 0.0776 0.3451 149 327
490-0-1-0.05-50-0 0 2481 18 18 14 14 0.2181 0.2181 226 226
490-0-1-0.05-50-0 0 2482 5 18 6 12 0.0007 0.2181 226 226
490-0-1-0.05-50-0 0 2482 27 23 8 4 0.0776 0.1698 149 476
490-0-1-0.05-50-0 0 2483 27 5 8 6 0.0776 0.0007 149 226
490-0-1-0.05-50-0 0 2483 20 20 11 11 0.9922 0.9922 102 102
490-0-1-0.05-50-0 0 2484 27 41 8 3 0.0776 0.9621 149 105
490-0-1-0.05-50-0 0 2484 17 13 2 8 0.6398 0.8878 197 151
490-0-1-0.05-50-0 0 2485 35 32 6 2 0.0354 0.6514 158 215
490-0-1-0.05-50-0 0 2485 44 27 7 8 0.7034 0.0776 118 149
490-0-1-0.05-50-0 0 2486 18 44 7 7 0.2181 0.7034 226 118
490-0-1-0.05-50-0 0 2487 30 46 1 5 0.6008 0.3451 266 327
490-0-1-0.05-50-0 0 2488 43 17 3 5 0.8316 0.6398 123 197
490-0-1-0.05-50-0 0 2488 20 44 9 5 0.9922 0.7034 102 118
490-0-1-0.05-50-0 0 2489 2 28 1 8 0.8198 0.3846 167 311
490-0-1-0.05-50-0 0 2489 3 18 4 6 0.4813 0.2181 321 226
490-0-1-0.05-50-0 0 2490 20 5 11 4 0.9922 0.0007 102 226
490-0-1-0.05-50-0 0 2491 20 10 11 3 0.9922 0.2533 102 449
490-0-1-0.05-50-0 0 2492 16 48 5 2 0.2228 0.1153 149 334
490-0-1-0.05-50-0 0 2492 13 43 5 5 0.8878 0.8316 151 123
490-0-1-0.05-50-0 0 2493 9 19 1 3 0.6134 0.8072 161 134
490-0-1-0.05-50-0 0 2494 13 8 5 6 0.8878 0.2506 151 303
490-0-1-0.05-50-0 0 2495 27 35 6 8 0.0776 0.0354 149 158
490-0-1-0.05-50-0 0 2496 46 5 5 7 0.3451 0.0007 327 226
490-0-1-0.05-50-0 0 2496 19 3 3 6 0.8072 0.4813 134 321
490-0-1-0.05-50-0 0 2497 17 2 5 3 0.6398 0.8198 197 167
490-0-1-0.05-50-0 0 2497 20 19 13 3 0.9922 0.8072 102 134
490-0-1-0.05-50-0 0 2498 28 5 5 9 0.3846 0.0007 311 226
490-0-1-0.05-50-0 0 2498 20 23 13 2 0.9922 0.1698 102 476
490-0-1-0.05-50-0 0 2499 35 20 6 12 0.0354 0.9922 158 102
490-0-1-0.05-50-0 0 2499 39 5 2 8 0.2187 0.0007 309 226
490-0-1-0.05-50-0 0 2500 19 8 2 6 0.8072 0.2506 134 303
490-0-1-0.05-50-0 0 2500 3 3 6 6 0.4813 0.4813 321 321
