491-0-1-0.05-50-0 0 2302 11 32 4 12 0.0504 0.6514 384 215
491-0-1-0.05-50-0 0 2302 24 6 19 5 0.1940 0.4266 254 249
491-0-1-0.05-50-0 0 2303 6 23 4 9 0.4266 0.1698 249 476
491-0-1-0.05-50-0 0 2303 50 24 3 16 0.2147 0.1940 147 254
491-0-1-0.05-50-0 0 2304 50 24 3 15 0.2147 0.1940 147 254
491-0-1-0.05-50-0 0 2304 7 3 2 3 0.9267 0.4813 106 321
491-0-1-0.05-50-0 0 2305 7 24 2 14 0.9267 0.1940 106 254
491-0-1-0.05-50-0 0 2305 19 44 3 3 0.8072 0.7034 134 118
491-0-1-0.05-50-0 0 2306 6 24 4 13 0.4266 0.1940 249 254
491-0-1-0.05-50-0 0 2306 23 20 9 5 0.1698 0.9922 476 102
491-0-1-0.05-50-0 0 2307 49 32 6 10 0.1842 0.6514 136 215
491-0-1-0.05-50-0 0 2307 20 42 4 16 0.9922 0.7447 102 106
491-0-1-0.05-50-0 0 2308 19 24 4 13 0.8072 0.1940 134 254
491-0-1-0.05-50-0 0 2308 46 23 3 9 0.3451 0.1698 327 476
491-0-1-0.05-50-0 0 2309 6 2 5 3 0.4266 0.8198 249 167
491-0-1-0.05-50-0 0 2309 48 6 4 5 0.1153 0.4266 334 249
491-0-1-0.05-50-0 0 2310 24 20 12 4 0.1940 0.9922 254 102
491-0-1-0.05-50-0 0 2310 39 42 6 15 0.2187 0.7447 309 106
491-0-1-0.05-50-0 0 2311 11 10 4 9 0.0504 0.2533 384 449
491-0-1-0.05-50-0 0 2311 48 16 5 3 0.1153 0.2228 334 149
491-0-1-0.05-50-0 0 2312 49 39 8 6 0.1842 0.2187 136 309
491-0-1-0.05-50-0 0 2312 30 42 12 14 0.6008 0.7447 266 106
491-0-1-0.05-50-0 0 2313 42 32 15 11 0.7447 0.6514 106 215
491-0-1-0.05-50-0 0 2313 10 11 11 5 0.2533 0.0504 449 384
491-0-1-0.05-50-0 0 2314 23 11 9 4 0.1698 0.0504 476 384
491-0-1-0.05-50-0 0 2314 32 10 11 10 0.6514 0.2533 215 449
491-0-1-0.05-50-0 0 2315 30 10 14 9 0.6008 0.2533 266 449
491-0-1-0.05-50-0 0 2315 42 6 16 3 0.7447 0.4266 106 249
491-0-1-0.05-50-0 0 2316 42 42 17 17 0.7447 0.7447 106 106
491-0-1-0.05-50-0 0 2316 6 42 2 16 0.4266 0.7447 249 106
491-0-1-0.05-50-0 0 2317 24 14 17 3 0.1940 0.8451 254 105
491-0-1-0.05-50-0 0 2317 16 48 2 7 0.2228 0.1153 149 334
491-0-1-0.05-50-0 0 2318 32 7 10 2 0.6514 0.9267 215 106
491-0-1-0.05-50-0 0 2318 21 42 1 15 0.4184 0.7447 158 106
491-0-1-0.05-50-0 0 2319 46 39 3 7 0.3451 0.2187 327 309
491-0-1-0.05-50-0 0 2319 23 42 9 14 0.1698 0.7447 476 106
491-0-1-0.05-50-0 0 2320 30 50 12 7 0.6008 0.2147 266 147
491-0-1-0.05-50-0 0 2320 32 32 10 10 0.6514 0.6514 215 215
491-0-1-0.05-50-0 0 2321 42 49 14 7 0.7447 0.1842 106 136
491-0-1-0.05-50-0 0 2321 49 15 6 4 0.1842 0.7918 136 149
491-0-1-0.05-50-0 0 2322 49 32 6 8 0.1842 0.6514 136 215
491-0-1-0.05-50-0 0 2322 48 11 7 3 0.1153 0.0504 334 384
491-0-1-0.05-50-0 0 2323 24 39 16 6 0.1940 0.2187 254 309
491-0-1-0.05-50-0 0 2323 42 46 12 3 0.7447 0.3451 106 327
491-0-1-0.05-50-0 0 2324 42 42 13 13 0.7447 0.7447 106 106
491-0-1-0.05-50-0 0 2324 30 20 10 5 0.6008 0.9922 266 102
491-0-1-0.05-50-0 0 2325 50 24 5 16 0.2147 0.1940 147 254
491-0-1-0.05-50-0 0 2325 48 42 6 12 0.1153 0.7447 334 106
491-0-1-0.05-50-0 0 2326 49 39 6 5 0.1842 0.2187 136 309
491-0-1-0.05-50-0 0 2326 24 30 15 11 0.1940 0.6008 254 266
491-0-1-0.05-50-0 0 2327 17 24 1 17 0.6398 0.1940 197 254
491-0-1-0.05-50-0 0 2327 49 2 6 2 0.1842 0.8198 136 167
491-0-1-0.05-50-0 0 2328 32 50 9 6 0.6514 0.2147 215 147
491-0-1-0.05-50-0 0 2328 10 3 9 2 0.2533 0.4813 449 321
491-0-1-0.05-50-0 0 2329 48 42 7 9 0.1153 0.7447 334 106
491-0-1-0.05-50-0 0 2329 34 15 1 7 0.7448 0.7918 168 149
491-0-1-0.05-50-0 0 2330 15 42 6 8 0.7918 0.7447 149 106
491-0-1-0.05-50-0 0 2330 49 46 7 2 0.1842 0.3451 136 327
491-0-1-0.05-50-0 0 2331 24 24 15 15 0.1940 0.1940 254 254
491-0-1-0.05-50-0 0 2331 20 39 2 4 0.9922 0.2187 102 309
491-0-1-0.05-50-0 0 2332 30 19 12 6 0.6008 0.8072 266 134
491-0-1-0.05-50-0 0 2332 23 24 8 15 0.1698 0.1940 476 254
491-0-1-0.05-50-0 0 2333 32 48 8 5 0.6514 0.1153 215 334
491-0-1-0.05-50-0 0 2333 32 23 8 8 0.6514 0.1698 215 476
491-0-1-0.05-50-0 0 2334 17 19 1 7 0.6398 0.8072 197 134
491-0-1-0.05-50-0 0 2334 39 42 3 7 0.2187 0.7447 309 106
491-0-1-0.05-50-0 0 2335 32 10 7 13 0.6514 0.2533 215 449
491-0-1-0.05-50-0 0 2335 24 32 13 7 0.1940 0.6514 254 215
491-0-1-0.05-50-0 0 2336 14 50 1 5 0.8451 0.2147 105 147
491-0-1-0.05-50-0 0 2336 23 24 10 13 0.1698 0.1940 476 254
491-0-1-0.05-50-0 0 2337 19 42 6 7 0.8072 0.7447 134 106
491-0-1-0.05-50-0 0 2337 50 19 4 6 0.2147 0.8072 147 134
491-0-1-0.05-50-0 0 2338 10 10 11 11 0.2533 0.2533 449 449
491-0-1-0.05-50-0 0 2338 32 23 7 10 0.6514 0.1698 215 476
491-0-1-0.05-50-0 0 2339 19 23 6 9 0.8072 0.1698 134 476
491-0-1-0.05-50-0 0 2339 38 38 7 7 0.6163 0.6163 270 270
491-0-1-0.05-50-0 0 2340 32 34 7 2 0.6514 0.7448 215 168
491-0-1-0.05-50-0 0 2340 10 19 10 6 0.2533 0.8072 449 134
491-0-1-0.05-50-0 0 2341 31 48 2 4 0.5626 0.1153 252 334
491-0-1-0.05-50-0 0 2341 49 19 12 5 0.1842 0.8072 136 134
491-0-1-0.05-50-0 0 2342 10 48 10 3 0.2533 0.1153 449 334
491-0-1-0.05-50-0 0 2342 30 42 9 6 0.6008 0.7447 266 106
491-0-1-0.05-50-0 0 2343 30 38 9 6 0.6008 0.6163 266 270
491-0-1-0.05-50-0 0 2343 42 23 5 8 0.7447 0.1698 106 476
491-0-1-0.05-50-0 0 2344 3 3 2 2 0.4813 0.4813 321 321
491-0-1-0.05-50-0 0 2344 38 30 5 9 0.6163 0.6008 270 266
491-0-1-0.05-50-0 0 2345 10 24 9 17 0.2533 0.1940 449 254
491-0-1-0.05-50-0 0 2345 15 20 7 3 0.7918 0.9922 149 102
491-0-1-0.05-50-0 0 2346 24 30 16 7 0.1940 0.6008 254 266
491-0-1-0.05-50-0 0 2346 24 49 16 13 0.1940 0.1842 254 136
491-0-1-0.05-50-0 0 2347 49 42 13 4 0.1842 0.7447 136 106
491-0-1-0.05-50-0 0 2347 15 17 7 1 0.7918 0.6398 149 197
491-0-1-0.05-50-0 0 2348 6 18 10 3 0.4266 0.2181 249 226
491-0-1-0.05-50-0 0 2348 32 30 4 8 0.6514 0.6008 215 266
491-0-1-0.05-50-0 0 2349 10 6 8 9 0.2533 0.4266 449 249
491-0-1-0.05-50-0 0 2349 49 11 14 3 0.1842 0.0504 136 384
491-0-1-0.05-50-0 0 2350 49 24 17 19 0.1842 0.1940 136 254
491-0-1-0.05-50-0 0 2350 50 47 5 1 0.2147 0.9293 147 103
491-0-1-0.05-50-0 0 2351 42 23 6 9 0.7447 0.1698 106 476
491-0-1-0.05-50-0 0 2351 49 36 18 3 0.1842 0.8162 136 165
491-0-1-0.05-50-0 0 2352 15 15 4 4 0.7918 0.7918 149 149
491-0-1-0.05-50-0 0 2352 20 23 2 8 0.9922 0.1698 102 476
491-0-1-0.05-50-0 0 2353 38 38 7 7 0.6163 0.6163 270 270
491-0-1-0.05-50-0 0 2353 15 49 4 18 0.7918 0.1842 149 136
491-0-1-0.05-50-0 0 2354 18 49 2 17 0.2181 0.1842 226 136
491-0-1-0.05-50-0 0 2354 24 42 19 6 0.1940 0.7447 254 106
491-0-1-0.05-50-0 0 2355 49 49 16 16 0.1842 0.1842 136 136
491-0-1-0.05-50-0 0 2355 44 33 1 1 0.7034 0.6893 118 191
491-0-1-0.05-50-0 0 2356 30 24 9 19 0.6008 0.1940 266 254
491-0-1-0.05-50-0 0 2356 24 38 18 6 0.1940 0.6163 254 270
491-0-1-0.05-50-0 0 2357 6 16 7 2 0.4266 0.2228 249 149
491-0-1-0.05-50-0 0 2357 24 2 18 1 0.1940 0.8198 254 167
491-0-1-0.05-50-0 0 2358 15 24 5 19 0.7918 0.1940 149 254
491-0-1-0.05-50-0 0 2358 38 27 6 3 0.6163 0.0776 270 149
491-0-1-0.05-50-0 0 2359 42 24 4 19 0.7447 0.1940 106 254
491-0-1-0.05-50-0 0 2359 30 49 9 19 0.6008 0.1842 266 136
491-0-1-0.05-50-0 0 2360 7 23 4 6 0.9267 0.1698 106 476
491-0-1-0.05-50-0 0 2360 36 49 4 18 0.8162 0.1842 165 136
491-0-1-0.05-50-0 0 2361 24 36 18 5 0.1940 0.8162 254 165
491-0-1-0.05-50-0 0 2361 38 38 8 8 0.6163 0.6163 270 270
491-0-1-0.05-50-0 0 2362 15 24 5 16 0.7918 0.1940 149 254
491-0-1-0.05-50-0 0 2362 10 1 6 1 0.2533 0.2520 449 409
491-0-1-0.05-50-0 0 2363 23 30 6 8 0.1698 0.6008 476 266
491-0-1-0.05-50-0 0 2363 31 20 1 1 0.5626 0.9922 252 102
491-0-1-0.05-50-0 0 2364 39 30 1 7 0.2187 0.6008 309 266
491-0-1-0.05-50-0 0 2364 10 24 6 17 0.2533 0.1940 449 254
491-0-1-0.05-50-0 0 2365 42 41 5 1 0.7447 0.9621 106 105
491-0-1-0.05-50-0 0 2365 23 19 6 1 0.1698 0.8072 476 134
491-0-1-0.05-50-0 0 2366 50 46 5 3 0.2147 0.3451 147 327
491-0-1-0.05-50-0 0 2366 18 15 2 4 0.2181 0.7918 226 149
491-0-1-0.05-50-0 0 2367 49 49 20 20 0.1842 0.1842 136 136
491-0-1-0.05-50-0 0 2367 24 32 16 6 0.1940 0.6514 254 215
491-0-1-0.05-50-0 0 2368 38 24 7 15 0.6163 0.1940 270 254
491-0-1-0.05-50-0 0 2368 42 49 5 19 0.7447 0.1842 106 136
491-0-1-0.05-50-0 0 2369 49 24 18 15 0.1842 0.1940 136 254
491-0-1-0.05-50-0 0 2369 50 46 6 1 0.2147 0.3451 147 327
491-0-1-0.05-50-0 0 2370 30 49 7 17 0.6008 0.1842 266 136
491-0-1-0.05-50-0 0 2370 24 32 14 5 0.1940 0.6514 254 215
491-0-1-0.05-50-0 0 2371 36 30 7 8 0.8162 0.6008 165 266
491-0-1-0.05-50-0 0 2371 11 30 1 7 0.0504 0.6008 384 266
491-0-1-0.05-50-0 0 2372 49 42 17 6 0.1842 0.7447 136 106
491-0-1-0.05-50-0 0 2372 10 30 9 6 0.2533 0.6008 449 266
491-0-1-0.05-50-0 0 2373 36 23 8 6 0.8162 0.1698 165 476
491-0-1-0.05-50-0 0 2373 49 42 16 6 0.1842 0.7447 136 106
491-0-1-0.05-50-0 0 2374 42 29 5 1 0.7447 0.6728 106 177
491-0-1-0.05-50-0 0 2374 11 27 1 2 0.0504 0.0776 384 149
491-0-1-0.05-50-0 0 2375 24 10 20 11 0.1940 0.2533 254 449
491-0-1-0.05-50-0 0 2375 36 6 9 8 0.8162 0.4266 165 249
491-0-1-0.05-50-0 0 2376 38 10 10 12 0.6163 0.2533 270 449
491-0-1-0.05-50-0 0 2376 18 24 3 20 0.2181 0.1940 226 254
491-0-1-0.05-50-0 0 2377 36 4 11 2 0.8162 0.0723 165 351
491-0-1-0.05-50-0 0 2377 24 10 17 11 0.1940 0.2533 254 449
491-0-1-0.05-50-0 0 2378 10 30 10 8 0.2533 0.6008 449 266
491-0-1-0.05-50-0 0 2378 31 6 4 6 0.5626 0.4266 252 249
491-0-1-0.05-50-0 0 2379 23 49 9 16 0.1698 0.1842 476 136
491-0-1-0.05-50-0 0 2379 18 31 3 4 0.2181 0.5626 226 252
491-0-1-0.05-50-0 0 2380 23 10 10 11 0.1698 0.2533 476 449
491-0-1-0.05-50-0 0 2380 50 38 10 11 0.2147 0.6163 147 270
491-0-1-0.05-50-0 0 2381 30 24 6 16 0.6008 0.1940 266 254
491-0-1-0.05-50-0 0 2381 49 34 16 3 0.1842 0.7448 136 168
491-0-1-0.05-50-0 0 2382 7 36 3 10 0.9267 0.8162 106 165
491-0-1-0.05-50-0 0 2382 24 10 16 10 0.1940 0.2533 254 449
491-0-1-0.05-50-0 0 2383 7 18 3 4 0.9267 0.2181 106 226
491-0-1-0.05-50-0 0 2383 50 49 12 19 0.2147 0.1842 147 136
491-0-1-0.05-50-0 0 2384 24 27 18 2 0.1940 0.0776 254 149
491-0-1-0.05-50-0 0 2384 24 42 18 5 0.1940 0.7447 254 106
491-0-1-0.05-50-0 0 2385 24 49 19 16 0.1940 0.1842 254 136
491-0-1-0.05-50-0 0 2385 24 34 19 2 0.1940 0.7448 254 168
491-0-1-0.05-50-0 0 2386 38 6 15 3 0.6163 0.4266 270 249
491-0-1-0.05-50-0 0 2386 15 47 3 1 0.7918 0.9293 149 103
491-0-1-0.05-50-0 0 2387 38 24 13 22 0.6163 0.1940 270 254
491-0-1-0.05-50-0 0 2387 49 38 14 13 0.1842 0.6163 136 270
491-0-1-0.05-50-0 0 2388 30 49 6 14 0.6008 0.1842 266 136
491-0-1-0.05-50-0 0 2388 49 38 13 12 0.1842 0.6163 136 270
491-0-1-0.05-50-0 0 2389 42 50 4 13 0.7447 0.2147 106 147
491-0-1-0.05-50-0 0 2389 49 41 13 1 0.1842 0.9621 136 105
491-0-1-0.05-50-0 0 2390 42 36 4 8 0.7447 0.8162 106 165
491-0-1-0.05-50-0 0 2390 48 6 2 3 0.1153 0.4266 334 249
491-0-1-0.05-50-0 0 2391 24 24 22 22 0.1940 0.1940 254 254
491-0-1-0.05-50-0 0 2391 36 43 7 1 0.8162 0.8316 165 123
491-0-1-0.05-50-0 0 2392 30 48 6 2 0.6008 0.1153 266 334
491-0-1-0.05-50-0 0 2392 30 23 6 8 0.6008 0.1698 266 476
491-0-1-0.05-50-0 0 2393 10 31 13 5 0.2533 0.5626 449 252
491-0-1-0.05-50-0 0 2393 23 24 7 22 0.1698 0.1940 476 254
491-0-1-0.05-50-0 0 2394 23 24 6 23 0.1698 0.1940 476 254
491-0-1-0.05-50-0 0 2394 31 23 3 6 0.5626 0.1698 252 476
491-0-1-0.05-50-0 0 2395 31 49 3 15 0.5626 0.1842 252 136
491-0-1-0.05-50-0 0 2395 24 5 21 2 0.1940 0.0007 254 226
491-0-1-0.05-50-0 0 2396 45 49 1 16 0.3816 0.1842 173 136
491-0-1-0.05-50-0 0 2396 36 38 9 13 0.8162 0.6163 165 270
491-0-1-0.05-50-0 0 2397 27 24 1 23 0.0776 0.1940 149 254
491-0-1-0.05-50-0 0 2397 49 24 16 22 0.1842 0.1940 136 254
491-0-1-0.05-50-0 0 2398 49 2 16 2 0.1842 0.8198 136 167
491-0-1-0.05-50-0 0 2398 38 23 14 7 0.6163 0.1698 270 476
491-0-1-0.05-50-0 0 2399 24 49 22 16 0.1940 0.1842 254 136
491-0-1-0.05-50-0 0 2399 38 24 15 22 0.6163 0.1940 270 254
491-0-1-0.05-50-0 0 2400 6 38 2 14 0.4266 0.6163 249 270
491-0-1-0.05-50-0 0 2400 24 32 22 5 0.1940 0.6514 254 215
491-0-1-0.05-50-0 0 2401 32 23 5 6 0.6514 0.1698 215 476
491-0-1-0.05-50-0 0 2401 24 31 21 3 0.1940 0.5626 254 252
491-0-1-0.05-50-0 0 2402 32 10 5 12 0.6514 0.2533 215 449
491-0-1-0.05-50-0 0 2402 28 50 1 16 0.3846 0.2147 311 147
491-0-1-0.05-50-0 0 2403 10 42 11 8 0.2533 0.7447 449 106
491-0-1-0.05-50-0 0 2403 36 38 9 14 0.8162 0.6163 165 270
491-0-1-0.05-50-0 0 2404 49 23 17 5 0.1842 0.1698 136 476
491-0-1-0.05-50-0 0 2404 24 24 22 22 0.1940 0.1940 254 254
491-0-1-0.05-50-0 0 2405 49 49 19 19 0.1842 0.1842 136 136
491-0-1-0.05-50-0 0 2405 11 30 1 6 0.0504 0.6008 384 266
491-0-1-0.05-50-0 0 2406 7 23 4 5 0.9267 0.1698 106 476
491-0-1-0.05-50-0 0 2406 34 23 4 4 0.7448 0.1698 168 476
491-0-1-0.05-50-0 0 2407 38 49 16 19 0.6163 0.1842 270 136
491-0-1-0.05-50-0 0 2407 24 32 20 5 0.1940 0.6514 254 215
491-0-1-0.05-50-0 0 2408 48 36 1 10 0.1153 0.8162 334 165
491-0-1-0.05-50-0 0 2408 36 24 9 21 0.8162 0.1940 165 254
491-0-1-0.05-50-0 0 2409 30 38 6 17 0.6008 0.6163 266 270
491-0-1-0.05-50-0 0 2409 10 30 11 6 0.2533 0.6008 449 266
491-0-1-0.05-50-0 0 2410 49 42 19 8 0.1842 0.7447 136 106
491-0-1-0.05-50-0 0 2410 42 30 7 5 0.7447 0.6008 106 266
491-0-1-0.05-50-0 0 2411 49 49 19 19 0.1842 0.1842 136 136
491-0-1-0.05-50-0 0 2411 37 50 3 17 0.8481 0.2147 127 147
491-0-1-0.05-50-0 0 2412 42 49 6 19 0.7447 0.1842 106 136
491-0-1-0.05-50-0 0 2412 44 24 2 15 0.7034 0.1940 118 254
491-0-1-0.05-50-0 0 2413 7 24 6 15 0.9267 0.1940 106 254
491-0-1-0.05-50-0 0 2413 38 49 14 17 0.6163 0.1842 270 136
491-0-1-0.05-50-0 0 2414 7 7 7 7 0.9267 0.9267 106 106
491-0-1-0.05-50-0 0 2414 5 49 2 16 0.0007 0.1842 226 136
491-0-1-0.05-50-0 0 2415 7 24 7 13 0.9267 0.1940 106 254
491-0-1-0.05-50-0 0 2415 50 26 18 1 0.2147 0.8171 147 141
491-0-1-0.05-50-0 0 2416 36 49 8 16 0.8162 0.1842 165 136
491-0-1-0.05-50-0 0 2416 50 49 18 15 0.2147 0.1842 147 136
491-0-1-0.05-50-0 0 2417 24 24 13 13 0.1940 0.1940 254 254
491-0-1-0.05-50-0 0 2417 50 34 17 4 0.2147 0.7448 147 168
491-0-1-0.05-50-0 0 2418 42 50 8 18 0.7447 0.2147 106 147
491-0-1-0.05-50-0 0 2418 7 38 6 14 0.9267 0.6163 106 270
491-0-1-0.05-50-0 0 2419 36 22 9 2 0.8162 0.0160 165 311
491-0-1-0.05-50-0 0 2419 23 1 5 1 0.1698 0.2520 476 409
491-0-1-0.05-50-0 0 2420 49 49 18 18 0.1842 0.1842 136 136
491-0-1-0.05-50-0 0 2420 14 24 1 11 0.8451 0.1940 105 254
491-0-1-0.05-50-0 0 2421 38 49 13 17 0.6163 0.1842 270 136
491-0-1-0.05-50-0 0 2421 14 50 2 15 0.8451 0.2147 105 147
491-0-1-0.05-50-0 0 2422 36 49 9 15 0.8162 0.1842 165 136
491-0-1-0.05-50-0 0 2422 50 38 14 13 0.2147 0.6163 147 270
491-0-1-0.05-50-0 0 2423 50 31 14 2 0.2147 0.5626 147 252
491-0-1-0.05-50-0 0 2423 7 10 7 15 0.9267 0.2533 106 449
491-0-1-0.05-50-0 0 2424 28 24 1 9 0.3846 0.1940 311 254
491-0-1-0.05-50-0 0 2424 44 10 3 14 0.7034 0.2533 118 449
491-0-1-0.05-50-0 0 2425 42 50 7 14 0.7447 0.2147 106 147
491-0-1-0.05-50-0 0 2425 44 32 3 8 0.7034 0.6514 118 215
491-0-1-0.05-50-0 0 2426 38 49 12 14 0.6163 0.1842 270 136
491-0-1-0.05-50-0 0 2426 38 9 12 2 0.6163 0.6134 270 161
491-0-1-0.05-50-0 0 2427 23 36 6 12 0.1698 0.8162 476 165
491-0-1-0.05-50-0 0 2427 32 10 7 12 0.6514 0.2533 215 449
491-0-1-0.05-50-0 0 2428 27 36 5 10 0.0776 0.8162 149 165
491-0-1-0.05-50-0 0 2428 10 23 14 6 0.2533 0.1698 449 476
491-0-1-0.05-50-0 0 2429 10 24 14 9 0.2533 0.1940 449 254
491-0-1-0.05-50-0 0 2429 37 5 2 4 0.8481 0.0007 127 226
491-0-1-0.05-50-0 0 2430 36 7 9 8 0.8162 0.9267 165 106
491-0-1-0.05-50-0 0 2430 38 38 10 10 0.6163 0.6163 270 270
491-0-1-0.05-50-0 0 2431 48 11 7 2 0.1153 0.0504 334 384
491-0-1-0.05-50-0 0 2431 28 42 2 7 0.3846 0.7447 311 106
491-0-1-0.05-50-0 0 2432 48 50 7 17 0.1153 0.2147 334 147
491-0-1-0.05-50-0 0 2432 22 24 3 10 0.0160 0.1940 311 254
491-0-1-0.05-50-0 0 2433 24 24 10 10 0.1940 0.1940 254 254
491-0-1-0.05-50-0 0 2433 22 10 3 14 0.0160 0.2533 311 449
491-0-1-0.05-50-0 0 2434 24 49 9 16 0.1940 0.1842 254 136
491-0-1-0.05-50-0 0 2434 38 48 9 10 0.6163 0.1153 270 334
491-0-1-0.05-50-0 0 2435 10 6 12 3 0.2533 0.4266 449 249
491-0-1-0.05-50-0 0 2435 32 50 4 16 0.6514 0.2147 215 147
491-0-1-0.05-50-0 0 2436 36 30 9 7 0.8162 0.6008 165 266
491-0-1-0.05-50-0 0 2436 7 36 7 9 0.9267 0.8162 106 165
491-0-1-0.05-50-0 0 2437 49 7 13 7 0.1842 0.9267 136 106
491-0-1-0.05-50-0 0 2437 44 7 3 6 0.7034 0.9267 118 106
491-0-1-0.05-50-0 0 2438 24 14 6 1 0.1940 0.8451 254 105
491-0-1-0.05-50-0 0 2438 50 50 13 13 0.2147 0.2147 147 147
491-0-1-0.05-50-0 0 2439 10 42 14 7 0.2533 0.7447 449 106
491-0-1-0.05-50-0 0 2439 10 10 14 14 0.2533 0.2533 449 449
491-0-1-0.05-50-0 0 2440 50 26 13 1 0.2147 0.8171 147 141
491-0-1-0.05-50-0 0 2440 38 50 12 13 0.6163 0.2147 270 147
491-0-1-0.05-50-0 0 2441 10 5 15 5 0.2533 0.0007 449 226
491-0-1-0.05-50-0 0 2441 10 32 15 6 0.2533 0.6514 449 215
491-0-1-0.05-50-0 0 2441 38 31 13 1 0.6163 0.5626 270 252
491-0-1-0.05-50-0 0 2442 32 23 5 6 0.6514 0.1698 215 476
491-0-1-0.05-50-0 0 2442 27 50 5 13 0.0776 0.2147 149 147
491-0-1-0.05-50-0 0 2442 10 36 15 8 0.2533 0.8162 449 165
491-0-1-0.05-50-0 0 2443 42 24 9 9 0.7447 0.1940 106 254
491-0-1-0.05-50-0 0 2443 30 38 7 13 0.6008 0.6163 266 270
491-0-1-0.05-50-0 0 2443 49 42 23 9 0.1842 0.7447 136 106
491-0-1-0.05-50-0 0 2444 10 50 13 13 0.2533 0.2147 449 147
491-0-1-0.05-50-0 0 2444 6 50 3 12 0.4266 0.2147 249 147
491-0-1-0.05-50-0 0 2444 10 10 13 13 0.2533 0.2533 449 449
491-0-1-0.05-50-0 0 2445 10 48 14 13 0.2533 0.1153 449 334
491-0-1-0.05-50-0 0 2445 48 38 12 12 0.1153 0.6163 334 270
491-0-1-0.05-50-0 0 2445 49 42 21 9 0.1842 0.7447 136 106
491-0-1-0.05-50-0 0 2446 48 48 12 12 0.1153 0.1153 334 334
491-0-1-0.05-50-0 0 2446 42 50 9 13 0.7447 0.2147 106 147
491-0-1-0.05-50-0 0 2446 36 10 5 16 0.8162 0.2533 165 449
491-0-1-0.05-50-0 0 2447 50 50 9 9 0.2147 0.2147 147 147
491-0-1-0.05-50-0 0 2447 30 38 7 10 0.6008 0.6163 266 270
491-0-1-0.05-50-0 0 2447 32 42 6 10 0.6514 0.7447 215 106
491-0-1-0.05-50-0 0 2448 49 50 23 9 0.1842 0.2147 136 147
491-0-1-0.05-50-0 0 2448 49 38 23 10 0.1842 0.6163 136 270
491-0-1-0.05-50-0 0 2449 43 30 1 8 0.8316 0.6008 123 266
491-0-1-0.05-50-0 0 2449 49 30 23 7 0.1842 0.6008 136 266
491-0-1-0.05-50-0 0 2450 38 44 10 4 0.6163 0.7034 270 118
491-0-1-0.05-50-0 0 2450 23 27 3 4 0.1698 0.0776 476 149
491-0-1-0.05-50-0 0 2451 42 49 6 21 0.7447 0.1842 106 136
491-0-1-0.05-50-0 0 2451 48 37 11 1 0.1153 0.8481 334 127
491-0-1-0.05-50-0 0 2452 49 10 20 16 0.1842 0.2533 136 449
491-0-1-0.05-50-0 0 2452 42 24 6 8 0.7447 0.1940 106 254
491-0-1-0.05-50-0 0 2453 48 42 13 5 0.1153 0.7447 334 106
491-0-1-0.05-50-0 0 2453 49 49 20 20 0.1842 0.1842 136 136
491-0-1-0.05-50-0 0 2454 38 12 12 2 0.6163 0.1896 270 325
491-0-1-0.05-50-0 0 2454 50 38 10 12 0.2147 0.6163 147 270
491-0-1-0.05-50-0 0 2455 36 10 5 16 0.8162 0.2533 165 449
491-0-1-0.05-50-0 0 2455 23 38 4 13 0.1698 0.6163 476 270
491-0-1-0.05-50-0 0 2456 23 24 4 7 0.1698 0.1940 476 254
491-0-1-0.05-50-0 0 2456 5 7 4 2 0.0007 0.9267 226 106
491-0-1-0.05-50-0 0 2457 11 22 1 4 0.0504 0.0160 384 311
491-0-1-0.05-50-0 0 2457 30 50 8 11 0.6008 0.2147 266 147
491-0-1-0.05-50-0 0 2458 32 2 4 3 0.6514 0.8198 215 167
491-0-1-0.05-50-0 0 2458 22 36 3 5 0.0160 0.8162 311 165
491-0-1-0.05-50-0 0 2459 38 48 13 14 0.6163 0.1153 270 334
491-0-1-0.05-50-0 0 2459 10 10 15 15 0.2533 0.2533 449 449
491-0-1-0.05-50-0 0 2459 4 23 5 4 0.0723 0.1698 351 476
491-0-1-0.05-50-0 0 2460 42 21 9 1 0.7447 0.4184 106 158
491-0-1-0.05-50-0 0 2460 49 4 17 5 0.1842 0.0723 136 351
491-0-1-0.05-50-0 0 2461 49 26 17 1 0.1842 0.8171 136 141
491-0-1-0.05-50-0 0 2461 44 42 5 9 0.7034 0.7447 118 106
491-0-1-0.05-50-0 0 2462 5 10 4 12 0.0007 0.2533 226 449
491-0-1-0.05-50-0 0 2462 28 10 4 11 0.3846 0.2533 311 449
491-0-1-0.05-50-0 0 2463 49 30 18 9 0.1842 0.6008 136 266
491-0-1-0.05-50-0 0 2463 22 22 3 3 0.0160 0.0160 311 311
491-0-1-0.05-50-0 0 2464 44 23 3 3 0.7034 0.1698 118 476
491-0-1-0.05-50-0 0 2464 3 24 3 9 0.4813 0.1940 321 254
491-0-1-0.05-50-0 0 2465 30 50 9 10 0.6008 0.2147 266 147
491-0-1-0.05-50-0 0 2465 49 24 20 8 0.1842 0.1940 136 254
491-0-1-0.05-50-0 0 2466 2 22 3 3 0.8198 0.0160 167 311
491-0-1-0.05-50-0 0 2466 38 24 11 7 0.6163 0.1940 270 254
491-0-1-0.05-50-0 0 2467 50 2 9 3 0.2147 0.8198 147 167
491-0-1-0.05-50-0 0 2467 48 50 12 9 0.1153 0.2147 334 147
491-0-1-0.05-50-0 0 2468 48 38 12 11 0.1153 0.6163 334 270
491-0-1-0.05-50-0 0 2468 49 24 16 7 0.1842 0.1940 136 254
491-0-1-0.05-50-0 0 2469 24 24 6 6 0.1940 0.1940 254 254
491-0-1-0.05-50-0 0 2469 38 24 11 5 0.6163 0.1940 270 254
491-0-1-0.05-50-0 0 2470 49 50 14 10 0.1842 0.2147 136 147
491-0-1-0.05-50-0 0 2470 10 3 12 3 0.2533 0.4813 449 321
491-0-1-0.05-50-0 0 2471 12 6 2 4 0.1896 0.4266 325 249
491-0-1-0.05-50-0 0 2471 30 38 10 14 0.6008 0.6163 266 270
491-0-1-0.05-50-0 0 2472 38 16 12 3 0.6163 0.2228 270 149
491-0-1-0.05-50-0 0 2472 4 30 6 11 0.0723 0.6008 351 266
491-0-1-0.05-50-0 0 2473 4 10 5 14 0.0723 0.2533 351 449
491-0-1-0.05-50-0 0 2473 10 36 13 4 0.2533 0.8162 449 165
491-0-1-0.05-50-0 0 2474 24 30 4 11 0.1940 0.6008 254 266
491-0-1-0.05-50-0 0 2474 44 38 3 12 0.7034 0.6163 118 270
491-0-1-0.05-50-0 0 2475 48 42 16 10 0.1153 0.7447 334 106
491-0-1-0.05-50-0 0 2475 1 48 1 16 0.2520 0.1153 409 334
491-0-1-0.05-50-0 0 2476 49 38 9 10 0.1842 0.6163 136 270
491-0-1-0.05-50-0 0 2476 48 50 14 10 0.1153 0.2147 334 147
491-0-1-0.05-50-0 0 2477 27 50 2 8 0.0776 0.2147 149 147
491-0-1-0.05-50-0 0 2477 32 50 1 7 0.6514 0.2147 215 147
491-0-1-0.05-50-0 0 2478 49 28 10 5 0.1842 0.3846 136 311
491-0-1-0.05-50-0 0 2478 10 16 16 3 0.2533 0.2228 449 149
491-0-1-0.05-50-0 0 2479 45 15 1 3 0.3816 0.7918 173 149
491-0-1-0.05-50-0 0 2479 5 17 3 5 0.0007 0.6398 226 197
491-0-1-0.05-50-0 0 2480 34 22 1 3 0.7448 0.0160 168 311
491-0-1-0.05-50-0 0 2480 49 11 12 3 0.1842 0.0504 136 384
491-0-1-0.05-50-0 0 2481 23 50 3 9 0.1698 0.2147 476 147
491-0-1-0.05-50-0 0 2481 48 48 13 13 0.1153 0.1153 334 334
491-0-1-0.05-50-0 0 2482 10 11 11 2 0.2533 0.0504 449 384
491-0-1-0.05-50-0 0 2482 4 26 8 2 0.0723 0.8171 351 141
491-0-1-0.05-50-0 0 2483 44 35 6 4 0.7034 0.0354 118 158
491-0-1-0.05-50-0 0 2483 6 35 2 3 0.4266 0.0354 249 158
491-0-1-0.05-50-0 0 2483 28 38 5 7 0.3846 0.6163 311 270
491-0-1-0.05-50-0 0 2484 23 23 3 3 0.1698 0.1698 476 476
491-0-1-0.05-50-0 0 2484 28 50 5 10 0.3846 0.2147 311 147
491-0-1-0.05-50-0 0 2485 36 3 4 2 0.8162 0.4813 165 321
491-0-1-0.05-50-0 0 2485 30 49 12 11 0.6008 0.1842 266 136
491-0-1-0.05-50-0 0 2486 30 7 12 1 0.6008 0.9267 266 106
491-0-1-0.05-50-0 0 2486 50 42 9 10 0.2147 0.7447 147 106
491-0-1-0.05-50-0 0 2487 42 49 10 12 0.7447 0.1842 106 136
491-0-1-0.05-50-0 0 2487 50 30 8 13 0.2147 0.6008 147 266
491-0-1-0.05-50-0 0 2488 23 36 4 4 0.1698 0.8162 476 165
491-0-1-0.05-50-0 0 2488 4 42 9 10 0.0723 0.7447 351 106
491-0-1-0.05-50-0 0 2488 5 30 3 11 0.0007 0.6008 226 266
491-0-1-0.05-50-0 0 2489 23 45 4 2 0.1698 0.3816 476 173
491-0-1-0.05-50-0 0 2489 23 17 4 5 0.1698 0.6398 476 197
491-0-1-0.05-50-0 0 2490 32 42 3 10 0.6514 0.7447 215 106
491-0-1-0.05-50-0 0 2490 50 12 8 5 0.2147 0.1896 147 325
491-0-1-0.05-50-0 0 2491 11 50 2 8 0.0504 0.2147 384 147
491-0-1-0.05-50-0 0 2491 23 42 4 9 0.1698 0.7447 476 106
491-0-1-0.05-50-0 0 2492 44 10 5 11 0.7034 0.2533 118 449
491-0-1-0.05-50-0 0 2492 38 28 7 7 0.6163 0.3846 270 311
491-0-1-0.05-50-0 0 2493 10 4 11 9 0.2533 0.0723 449 351
491-0-1-0.05-50-0 0 2493 42 34 9 1 0.7447 0.7448 106 168
491-0-1-0.05-50-0 0 2494 11 48 2 14 0.0504 0.1153 384 334
491-0-1-0.05-50-0 0 2494 30 5 11 3 0.6008 0.0007 266 226
491-0-1-0.05-50-0 0 2495 35 36 2 5 0.0354 0.8162 158 165
491-0-1-0.05-50-0 0 2495 10 38 10 8 0.2533 0.6163 449 270
491-0-1-0.05-50-0 0 2496 12 49 4 14 0.1896 0.1842 325 136
491-0-1-0.05-50-0 0 2496 42 42 9 9 0.7447 0.7447 106 106
491-0-1-0.05-50-0 0 2497 49 6 14 3 0.1842 0.4266 136 249
491-0-1-0.05-50-0 0 2497 48 12 14 4 0.1153 0.1896 334 325
491-0-1-0.05-50-0 0 2498 48 38 14 9 0.1153 0.6163 334 270
491-0-1-0.05-50-0 0 2498 17 48 4 14 0.6398 0.1153 197 334
491-0-1-0.05-50-0 0 2498 22 11 6 2 0.0160 0.0504 311 384
491-0-1-0.05-50-0 0 2499 22 1 6 3 0.0160 0.2520 311 409
491-0-1-0.05-50-0 0 2499 50 2 10 4 0.2147 0.8198 147 167
491-0-1-0.05-50-0 0 2499 49 10 15 9 0.1842 0.2533 136 449
491-0-1-0.05-50-0 0 2500 49 48 16 12 0.1842 0.1153 136 334
491-0-1-0.05-50-0 0 2500 49 50 16 12 0.1842 0.2147 136 147
491-0-1-0.05-50-0 0 2500 27 2 4 3 0.0776 0.8198 149 167
