492-0-1-0.05-50-0 0 2302 1 3 13 5 0.2520 0.4813 409 321
492-0-1-0.05-50-0 0 2302 16 23 9 3 0.2228 0.1698 149 476
492-0-1-0.05-50-0 0 2303 26 26 12 12 0.8171 0.8171 141 141
492-0-1-0.05-50-0 0 2303 24 50 8 21 0.1940 0.2147 254 147
492-0-1-0.05-50-0 0 2304 50 45 20 2 0.2147 0.3816 147 173
492-0-1-0.05-50-0 0 2304 50 1 20 14 0.2147 0.2520 147 409
492-0-1-0.05-50-0 0 2305 50 2 22 5 0.2147 0.8198 147 167
492-0-1-0.05-50-0 0 2305 50 35 22 7 0.2147 0.0354 147 158
492-0-1-0.05-50-0 0 2306 50 36 23 7 0.2147 0.8162 147 165
492-0-1-0.05-50-0 0 2306 41 26 3 11 0.9621 0.8171 105 141
492-0-1-0.05-50-0 0 2307 50 13 24 4 0.2147 0.8878 147 151
492-0-1-0.05-50-0 0 2307 26 16 10 10 0.8171 0.2228 141 149
492-0-1-0.05-50-0 0 2308 19 24 1 9 0.8072 0.1940 134 254
492-0-1-0.05-50-0 0 2308 21 18 7 3 0.4184 0.2181 158 226
492-0-1-0.05-50-0 0 2309 9 50 5 21 0.6134 0.2147 161 147
492-0-1-0.05-50-0 0 2309 37 30 2 1 0.8481 0.6008 127 266
492-0-1-0.05-50-0 0 2310 5 18 3 2 0.0007 0.2181 226 226
492-0-1-0.05-50-0 0 2310 6 1 6 14 0.4266 0.2520 249 409
492-0-1-0.05-50-0 0 2311 21 6 9 6 0.4184 0.4266 158 249
492-0-1-0.05-50-0 0 2311 17 16 1 9 0.6398 0.2228 197 149
492-0-1-0.05-50-0 0 2312 36 16 4 8 0.8162 0.2228 165 149
492-0-1-0.05-50-0 0 2312 35 35 6 6 0.0354 0.0354 158 158
492-0-1-0.05-50-0 0 2313 34 1 3 15 0.7448 0.2520 168 409
492-0-1-0.05-50-0 0 2313 5 25 3 1 0.0007 0.9430 226 125
492-0-1-0.05-50-0 0 2314 50 36 21 4 0.2147 0.8162 147 165
492-0-1-0.05-50-0 0 2314 50 1 21 15 0.2147 0.2520 147 409
492-0-1-0.05-50-0 0 2315 50 50 23 23 0.2147 0.2147 147 147
492-0-1-0.05-50-0 0 2315 5 1 4 13 0.0007 0.2520 226 409
492-0-1-0.05-50-0 0 2316 1 12 13 4 0.2520 0.1896 409 325
492-0-1-0.05-50-0 0 2316 37 1 1 13 0.8481 0.2520 127 409
492-0-1-0.05-50-0 0 2317 1 50 11 23 0.2520 0.2147 409 147
492-0-1-0.05-50-0 0 2317 16 29 5 6 0.2228 0.6728 149 177
492-0-1-0.05-50-0 0 2318 35 34 3 3 0.0354 0.7448 158 168
492-0-1-0.05-50-0 0 2318 23 50 5 20 0.1698 0.2147 476 147
492-0-1-0.05-50-0 0 2319 6 17 11 2 0.4266 0.6398 249 197
492-0-1-0.05-50-0 0 2319 28 50 1 18 0.3846 0.2147 311 147
492-0-1-0.05-50-0 0 2320 1 23 12 5 0.2520 0.1698 409 476
492-0-1-0.05-50-0 0 2320 26 9 14 4 0.8171 0.6134 141 161
492-0-1-0.05-50-0 0 2321 14 35 3 3 0.8451 0.0354 105 158
492-0-1-0.05-50-0 0 2321 17 26 1 13 0.6398 0.8171 197 141
492-0-1-0.05-50-0 0 2322 41 34 1 3 0.9621 0.7448 105 168
492-0-1-0.05-50-0 0 2322 9 50 3 14 0.6134 0.2147 161 147
492-0-1-0.05-50-0 0 2323 50 21 12 8 0.2147 0.4184 147 158
492-0-1-0.05-50-0 0 2323 5 40 7 4 0.0007 0.9739 226 104
492-0-1-0.05-50-0 0 2324 24 5 11 7 0.1940 0.0007 254 226
492-0-1-0.05-50-0 0 2324 13 26 2 16 0.8878 0.8171 151 141
492-0-1-0.05-50-0 0 2325 36 26 7 14 0.8162 0.8171 165 141
492-0-1-0.05-50-0 0 2325 12 21 4 6 0.1896 0.4184 325 158
492-0-1-0.05-50-0 0 2326 1 23 10 5 0.2520 0.1698 409 476
492-0-1-0.05-50-0 0 2326 5 36 6 6 0.0007 0.8162 226 165
492-0-1-0.05-50-0 0 2327 26 5 11 7 0.8171 0.0007 141 226
492-0-1-0.05-50-0 0 2327 50 26 15 11 0.2147 0.8171 147 141
492-0-1-0.05-50-0 0 2328 50 26 15 11 0.2147 0.8171 147 141
492-0-1-0.05-50-0 0 2328 36 26 5 10 0.8162 0.8171 165 141
492-0-1-0.05-50-0 0 2329 50 28 14 1 0.2147 0.3846 147 311
492-0-1-0.05-50-0 0 2329 3 6 4 10 0.4813 0.4266 321 249
492-0-1-0.05-50-0 0 2330 5 26 7 10 0.0007 0.8171 226 141
492-0-1-0.05-50-0 0 2330 16 26 4 9 0.2228 0.8171 149 141
492-0-1-0.05-50-0 0 2331 1 26 11 8 0.2520 0.8171 409 141
492-0-1-0.05-50-0 0 2331 24 26 14 7 0.1940 0.8171 254 141
492-0-1-0.05-50-0 0 2331 22 26 1 6 0.0160 0.8171 311 141
492-0-1-0.05-50-0 0 2332 48 10 10 7 0.1153 0.2533 334 449
492-0-1-0.05-50-0 0 2332 50 16 14 6 0.2147 0.2228 147 149
492-0-1-0.05-50-0 0 2332 9 16 2 5 0.6134 0.2228 161 149
492-0-1-0.05-50-0 0 2333 21 18 7 7 0.4184 0.2181 158 226
492-0-1-0.05-50-0 0 2333 24 10 14 6 0.1940 0.2533 254 449
492-0-1-0.05-50-0 0 2333 48 10 11 5 0.1153 0.2533 334 449
492-0-1-0.05-50-0 0 2334 26 18 5 6 0.8171 0.2181 141 226
492-0-1-0.05-50-0 0 2334 11 24 2 16 0.0504 0.1940 384 254
492-0-1-0.05-50-0 0 2334 21 21 7 7 0.4184 0.4184 158 158
492-0-1-0.05-50-0 0 2335 50 24 15 14 0.2147 0.1940 147 254
492-0-1-0.05-50-0 0 2335 1 35 12 2 0.2520 0.0354 409 158
492-0-1-0.05-50-0 0 2335 50 6 15 10 0.2147 0.4266 147 249
492-0-1-0.05-50-0 0 2336 22 24 1 16 0.0160 0.1940 311 254
492-0-1-0.05-50-0 0 2336 48 50 13 15 0.1153 0.2147 334 147
492-0-1-0.05-50-0 0 2337 1 48 13 13 0.2520 0.1153 409 334
492-0-1-0.05-50-0 0 2337 10 21 6 6 0.2533 0.4184 449 158
492-0-1-0.05-50-0 0 2338 24 19 14 3 0.1940 0.8072 254 134
492-0-1-0.05-50-0 0 2338 32 48 1 12 0.6514 0.1153 215 334
492-0-1-0.05-50-0 0 2339 19 50 2 16 0.8072 0.2147 134 147
492-0-1-0.05-50-0 0 2339 1 21 13 5 0.2520 0.4184 409 158
492-0-1-0.05-50-0 0 2340 48 50 10 14 0.1153 0.2147 334 147
492-0-1-0.05-50-0 0 2340 21 10 3 7 0.4184 0.2533 158 449
492-0-1-0.05-50-0 0 2341 24 24 15 15 0.1940 0.1940 254 254
492-0-1-0.05-50-0 0 2341 29 26 10 7 0.6728 0.8171 177 141
492-0-1-0.05-50-0 0 2342 19 12 2 6 0.8072 0.1896 134 325
492-0-1-0.05-50-0 0 2342 2 21 1 3 0.8198 0.4184 167 158
492-0-1-0.05-50-0 0 2343 18 29 5 9 0.2181 0.6728 226 177
492-0-1-0.05-50-0 0 2343 49 18 2 5 0.1842 0.2181 136 226
492-0-1-0.05-50-0 0 2344 40 18 5 4 0.9739 0.2181 104 226
492-0-1-0.05-50-0 0 2344 24 10 12 8 0.1940 0.2533 254 449
492-0-1-0.05-50-0 0 2345 40 6 6 7 0.9739 0.4266 104 249
492-0-1-0.05-50-0 0 2345 31 1 1 13 0.5626 0.2520 252 409
492-0-1-0.05-50-0 0 2346 40 7 6 2 0.9739 0.9267 104 106
492-0-1-0.05-50-0 0 2346 50 48 12 11 0.2147 0.1153 147 334
492-0-1-0.05-50-0 0 2347 50 10 12 7 0.2147 0.2533 147 449
492-0-1-0.05-50-0 0 2347 2 1 2 11 0.8198 0.2520 167 409
492-0-1-0.05-50-0 0 2348 24 10 12 6 0.1940 0.2533 254 449
492-0-1-0.05-50-0 0 2348 24 48 12 10 0.1940 0.1153 254 334
492-0-1-0.05-50-0 0 2349 48 48 9 9 0.1153 0.1153 334 334
492-0-1-0.05-50-0 0 2349 10 9 5 2 0.2533 0.6134 449 161
492-0-1-0.05-50-0 0 2350 20 1 2 10 0.9922 0.2520 102 409
492-0-1-0.05-50-0 0 2350 21 10 2 5 0.4184 0.2533 158 449
492-0-1-0.05-50-0 0 2351 3 13 3 4 0.4813 0.8878 321 151
492-0-1-0.05-50-0 0 2351 24 18 11 2 0.1940 0.2181 254 226
492-0-1-0.05-50-0 0 2352 50 36 12 4 0.2147 0.8162 147 165
492-0-1-0.05-50-0 0 2352 45 18 4 2 0.3816 0.2181 173 226
492-0-1-0.05-50-0 0 2353 20 23 1 2 0.9922 0.1698 102 476
492-0-1-0.05-50-0 0 2353 21 12 2 4 0.4184 0.1896 158 325
492-0-1-0.05-50-0 0 2354 1 6 7 7 0.2520 0.4266 409 249
492-0-1-0.05-50-0 0 2354 19 32 1 4 0.8072 0.6514 134 215
492-0-1-0.05-50-0 0 2355 2 30 2 1 0.8198 0.6008 167 266
492-0-1-0.05-50-0 0 2355 13 6 3 7 0.8878 0.4266 151 249
492-0-1-0.05-50-0 0 2356 12 48 4 8 0.1896 0.1153 325 334
492-0-1-0.05-50-0 0 2356 50 31 10 3 0.2147 0.5626 147 252
492-0-1-0.05-50-0 0 2357 29 49 8 2 0.6728 0.1842 177 136
492-0-1-0.05-50-0 0 2357 1 5 9 6 0.2520 0.0007 409 226
492-0-1-0.05-50-0 0 2358 10 14 3 2 0.2533 0.8451 449 105
492-0-1-0.05-50-0 0 2358 24 50 9 10 0.1940 0.2147 254 147
492-0-1-0.05-50-0 0 2359 3 40 5 8 0.4813 0.9739 321 104
492-0-1-0.05-50-0 0 2359 50 45 9 4 0.2147 0.3816 147 173
492-0-1-0.05-50-0 0 2360 23 6 3 5 0.1698 0.4266 476 249
492-0-1-0.05-50-0 0 2360 1 48 8 7 0.2520 0.1153 409 334
492-0-1-0.05-50-0 0 2361 29 6 8 3 0.6728 0.4266 177 249
492-0-1-0.05-50-0 0 2361 14 50 1 9 0.8451 0.2147 105 147
492-0-1-0.05-50-0 0 2362 34 3 2 5 0.7448 0.4813 168 321
492-0-1-0.05-50-0 0 2362 1 2 10 2 0.2520 0.8198 409 167
492-0-1-0.05-50-0 0 2363 7 44 1 3 0.9267 0.7034 106 118
492-0-1-0.05-50-0 0 2363 21 13 3 10 0.4184 0.8878 158 151
492-0-1-0.05-50-0 0 2364 45 34 4 2 0.3816 0.7448 173 168
492-0-1-0.05-50-0 0 2364 50 10 10 3 0.2147 0.2533 147 449
492-0-1-0.05-50-0 0 2365 3 32 4 3 0.4813 0.6514 321 215
492-0-1-0.05-50-0 0 2365 31 40 2 11 0.5626 0.9739 252 104
492-0-1-0.05-50-0 0 2366 3 3 4 4 0.4813 0.4813 321 321
492-0-1-0.05-50-0 0 2366 13 50 10 10 0.8878 0.2147 151 147
492-0-1-0.05-50-0 0 2367 29 49 5 3 0.6728 0.1842 177 136
492-0-1-0.05-50-0 0 2367 4 2 1 1 0.0723 0.8198 351 167
492-0-1-0.05-50-0 0 2368 44 30 3 2 0.7034 0.6008 118 266
492-0-1-0.05-50-0 0 2368 10 1 2 10 0.2533 0.2520 449 409
492-0-1-0.05-50-0 0 2369 30 48 1 7 0.6008 0.1153 266 334
492-0-1-0.05-50-0 0 2369 50 1 7 9 0.2147 0.2520 147 409
492-0-1-0.05-50-0 0 2370 21 21 2 2 0.4184 0.4184 158 158
492-0-1-0.05-50-0 0 2370 40 23 11 4 0.9739 0.1698 104 476
492-0-1-0.05-50-0 0 2371 41 12 1 8 0.9621 0.1896 105 325
492-0-1-0.05-50-0 0 2371 36 49 3 2 0.8162 0.1842 165 136
492-0-1-0.05-50-0 0 2372 29 40 8 11 0.6728 0.9739 177 104
492-0-1-0.05-50-0 0 2372 7 3 3 4 0.9267 0.4813 106 321
492-0-1-0.05-50-0 0 2373 6 23 1 3 0.4266 0.1698 249 476
492-0-1-0.05-50-0 0 2373 13 13 7 7 0.8878 0.8878 151 151
492-0-1-0.05-50-0 0 2374 3 24 2 8 0.4813 0.1940 321 254
492-0-1-0.05-50-0 0 2374 40 1 10 8 0.9739 0.2520 104 409
492-0-1-0.05-50-0 0 2375 39 43 1 2 0.2187 0.8316 309 123
492-0-1-0.05-50-0 0 2375 5 44 7 4 0.0007 0.7034 226 118
492-0-1-0.05-50-0 0 2376 48 5 6 6 0.1153 0.0007 334 226
492-0-1-0.05-50-0 0 2376 5 9 5 3 0.0007 0.6134 226 161
492-0-1-0.05-50-0 0 2377 48 23 8 2 0.1153 0.1698 334 476
492-0-1-0.05-50-0 0 2377 40 40 8 8 0.9739 0.9739 104 104
492-0-1-0.05-50-0 0 2378 1 16 8 3 0.2520 0.2228 409 149
492-0-1-0.05-50-0 0 2378 24 13 7 4 0.1940 0.8878 254 151
492-0-1-0.05-50-0 0 2379 50 7 11 3 0.2147 0.9267 147 106
492-0-1-0.05-50-0 0 2379 23 20 1 5 0.1698 0.9922 476 102
492-0-1-0.05-50-0 0 2380 24 40 6 7 0.1940 0.9739 254 104
492-0-1-0.05-50-0 0 2380 50 12 11 5 0.2147 0.1896 147 325
492-0-1-0.05-50-0 0 2381 44 50 5 12 0.7034 0.2147 118 147
492-0-1-0.05-50-0 0 2381 3 5 2 3 0.4813 0.0007 321 226
492-0-1-0.05-50-0 0 2382 19 50 1 11 0.8072 0.2147 134 147
492-0-1-0.05-50-0 0 2382 29 49 8 1 0.6728 0.1842 177 136
492-0-1-0.05-50-0 0 2383 12 48 4 6 0.1896 0.1153 325 334
492-0-1-0.05-50-0 0 2383 20 39 5 1 0.9922 0.2187 102 309
492-0-1-0.05-50-0 0 2384 24 13 7 3 0.1940 0.8878 254 151
492-0-1-0.05-50-0 0 2384 3 40 2 8 0.4813 0.9739 321 104
492-0-1-0.05-50-0 0 2385 44 25 6 2 0.7034 0.9430 118 125
492-0-1-0.05-50-0 0 2385 24 37 7 1 0.1940 0.8481 254 127
492-0-1-0.05-50-0 0 2386 6 44 3 6 0.4266 0.7034 249 118
492-0-1-0.05-50-0 0 2386 12 9 4 4 0.1896 0.6134 325 161
492-0-1-0.05-50-0 0 2387 46 50 6 9 0.3451 0.2147 327 147
492-0-1-0.05-50-0 0 2387 13 6 3 3 0.8878 0.4266 151 249
492-0-1-0.05-50-0 0 2388 7 1 3 11 0.9267 0.2520 106 409
492-0-1-0.05-50-0 0 2388 29 29 13 13 0.6728 0.6728 177 177
492-0-1-0.05-50-0 0 2389 50 26 9 5 0.2147 0.8171 147 141
492-0-1-0.05-50-0 0 2389 46 12 9 5 0.3451 0.1896 327 325
492-0-1-0.05-50-0 0 2390 24 48 8 3 0.1940 0.1153 254 334
492-0-1-0.05-50-0 0 2390 50 25 9 2 0.2147 0.9430 147 125
492-0-1-0.05-50-0 0 2391 45 29 6 18 0.3816 0.6728 173 177
492-0-1-0.05-50-0 0 2391 24 3 8 4 0.1940 0.4813 254 321
492-0-1-0.05-50-0 0 2392 7 20 2 8 0.9267 0.9922 106 102
492-0-1-0.05-50-0 0 2392 50 44 8 6 0.2147 0.7034 147 118
492-0-1-0.05-50-0 0 2393 50 1 9 10 0.2147 0.2520 147 409
492-0-1-0.05-50-0 0 2393 40 29 6 15 0.9739 0.6728 104 177
492-0-1-0.05-50-0 0 2394 26 29 4 14 0.8171 0.6728 141 177
492-0-1-0.05-50-0 0 2394 9 29 3 13 0.6134 0.6728 161 177
492-0-1-0.05-50-0 0 2395 2 6 2 3 0.8198 0.4266 167 249
492-0-1-0.05-50-0 0 2395 9 20 3 7 0.6134 0.9922 161 102
492-0-1-0.05-50-0 0 2396 13 29 3 12 0.8878 0.6728 151 177
492-0-1-0.05-50-0 0 2396 1 12 8 3 0.2520 0.1896 409 325
492-0-1-0.05-50-0 0 2397 29 12 11 2 0.6728 0.1896 177 325
492-0-1-0.05-50-0 0 2397 45 1 10 9 0.3816 0.2520 173 409
492-0-1-0.05-50-0 0 2398 1 1 8 8 0.2520 0.2520 409 409
492-0-1-0.05-50-0 0 2398 29 4 10 4 0.6728 0.0723 177 351
492-0-1-0.05-50-0 0 2399 46 40 11 5 0.3451 0.9739 327 104
492-0-1-0.05-50-0 0 2399 26 31 6 1 0.8171 0.5626 141 252
492-0-1-0.05-50-0 0 2400 45 24 11 9 0.3816 0.1940 173 254
492-0-1-0.05-50-0 0 2400 17 7 2 2 0.6398 0.9267 197 106
492-0-1-0.05-50-0 0 2401 13 46 4 12 0.8878 0.3451 151 327
492-0-1-0.05-50-0 0 2401 45 29 12 8 0.3816 0.6728 173 177
492-0-1-0.05-50-0 0 2402 50 50 9 9 0.2147 0.2147 147 147
492-0-1-0.05-50-0 0 2402 50 16 8 2 0.2147 0.2228 147 149
492-0-1-0.05-50-0 0 2403 30 19 1 1 0.6008 0.8072 266 134
492-0-1-0.05-50-0 0 2403 13 4 3 5 0.8878 0.0723 151 351
492-0-1-0.05-50-0 0 2404 45 30 12 1 0.3816 0.6008 173 266
492-0-1-0.05-50-0 0 2404 24 3 7 3 0.1940 0.4813 254 321
492-0-1-0.05-50-0 0 2405 29 45 5 12 0.6728 0.3816 177 173
492-0-1-0.05-50-0 0 2405 6 5 1 3 0.4266 0.0007 249 226
492-0-1-0.05-50-0 0 2406 26 46 6 12 0.8171 0.3451 141 327
492-0-1-0.05-50-0 0 2406 26 16 6 3 0.8171 0.2228 141 149
492-0-1-0.05-50-0 0 2407 7 50 3 8 0.9267 0.2147 106 147
492-0-1-0.05-50-0 0 2407 46 1 10 5 0.3451 0.2520 327 409
492-0-1-0.05-50-0 0 2408 4 24 2 9 0.0723 0.1940 351 254
492-0-1-0.05-50-0 0 2408 20 50 9 9 0.9922 0.2147 102 147
492-0-1-0.05-50-0 0 2409 24 13 8 2 0.1940 0.8878 254 151
492-0-1-0.05-50-0 0 2409 20 50 9 8 0.9922 0.2147 102 147
492-0-1-0.05-50-0 0 2410 7 44 5 8 0.9267 0.7034 106 118
492-0-1-0.05-50-0 0 2410 26 42 7 1 0.8171 0.7447 141 106
492-0-1-0.05-50-0 0 2411 24 26 7 9 0.1940 0.8171 254 141
492-0-1-0.05-50-0 0 2411 26 46 8 10 0.8171 0.3451 141 327
492-0-1-0.05-50-0 0 2412 29 5 6 4 0.6728 0.0007 177 226
492-0-1-0.05-50-0 0 2412 9 26 3 8 0.6134 0.8171 161 141
492-0-1-0.05-50-0 0 2413 41 17 1 5 0.9621 0.6398 105 197
492-0-1-0.05-50-0 0 2413 44 2 7 2 0.7034 0.8198 118 167
492-0-1-0.05-50-0 0 2414 20 2 6 1 0.9922 0.8198 102 167
492-0-1-0.05-50-0 0 2414 40 50 3 7 0.9739 0.2147 104 147
492-0-1-0.05-50-0 0 2415 7 50 8 6 0.9267 0.2147 106 147
492-0-1-0.05-50-0 0 2415 45 13 9 1 0.3816 0.8878 173 151
492-0-1-0.05-50-0 0 2416 26 26 9 9 0.8171 0.8171 141 141
492-0-1-0.05-50-0 0 2416 50 7 6 9 0.2147 0.9267 147 106
492-0-1-0.05-50-0 0 2417 26 8 7 2 0.8171 0.2506 141 303
492-0-1-0.05-50-0 0 2417 44 4 5 3 0.7034 0.0723 118 351
492-0-1-0.05-50-0 0 2418 7 45 9 8 0.9267 0.3816 106 173
492-0-1-0.05-50-0 0 2418 29 1 6 6 0.6728 0.2520 177 409
492-0-1-0.05-50-0 0 2419 1 48 5 5 0.2520 0.1153 409 334
492-0-1-0.05-50-0 0 2419 24 40 8 4 0.1940 0.9739 254 104
492-0-1-0.05-50-0 0 2420 5 50 3 5 0.0007 0.2147 226 147
492-0-1-0.05-50-0 0 2420 29 29 5 5 0.6728 0.6728 177 177
492-0-1-0.05-50-0 0 2421 26 47 8 1 0.8171 0.9293 141 103
492-0-1-0.05-50-0 0 2421 46 1 9 5 0.3451 0.2520 327 409
492-0-1-0.05-50-0 0 2422 45 44 8 6 0.3816 0.7034 173 118
492-0-1-0.05-50-0 0 2422 5 29 3 4 0.0007 0.6728 226 177
492-0-1-0.05-50-0 0 2423 16 44 3 5 0.2228 0.7034 149 118
492-0-1-0.05-50-0 0 2423 20 17 4 5 0.9922 0.6398 102 197
492-0-1-0.05-50-0 0 2424 26 24 7 10 0.8171 0.1940 141 254
492-0-1-0.05-50-0 0 2424 10 1 2 4 0.2533 0.2520 449 409
492-0-1-0.05-50-0 0 2425 45 44 8 4 0.3816 0.7034 173 118
492-0-1-0.05-50-0 0 2425 9 9 5 5 0.6134 0.6134 161 161
492-0-1-0.05-50-0 0 2426 9 24 4 10 0.6134 0.1940 161 254
492-0-1-0.05-50-0 0 2426 20 24 4 9 0.9922 0.1940 102 254
492-0-1-0.05-50-0 0 2427 26 46 7 14 0.8171 0.3451 141 327
492-0-1-0.05-50-0 0 2427 3 46 7 13 0.4813 0.3451 321 327
492-0-1-0.05-50-0 0 2428 3 16 7 4 0.4813 0.2228 321 149
492-0-1-0.05-50-0 0 2428 17 9 5 4 0.6398 0.6134 197 161
492-0-1-0.05-50-0 0 2429 46 45 11 12 0.3451 0.3816 327 173
492-0-1-0.05-50-0 0 2429 24 7 6 8 0.1940 0.9267 254 106
492-0-1-0.05-50-0 0 2430 29 50 3 6 0.6728 0.2147 177 147
492-0-1-0.05-50-0 0 2430 9 48 3 6 0.6134 0.1153 161 334
492-0-1-0.05-50-0 0 2431 7 3 8 5 0.9267 0.4813 106 321
492-0-1-0.05-50-0 0 2431 50 45 5 11 0.2147 0.3816 147 173
492-0-1-0.05-50-0 0 2432 10 17 3 9 0.2533 0.6398 449 197
492-0-1-0.05-50-0 0 2432 9 25 4 2 0.6134 0.9430 161 125
492-0-1-0.05-50-0 0 2433 50 45 8 10 0.2147 0.3816 147 173
492-0-1-0.05-50-0 0 2433 47 44 1 4 0.9293 0.7034 103 118
492-0-1-0.05-50-0 0 2434 46 19 7 1 0.3451 0.8072 327 134
492-0-1-0.05-50-0 0 2434 7 45 6 8 0.9267 0.3816 106 173
492-0-1-0.05-50-0 0 2435 20 24 3 8 0.9922 0.1940 102 254
492-0-1-0.05-50-0 0 2435 17 10 9 3 0.6398 0.2533 197 449
492-0-1-0.05-50-0 0 2436 50 17 7 7 0.2147 0.6398 147 197
492-0-1-0.05-50-0 0 2436 1 16 5 4 0.2520 0.2228 409 149
492-0-1-0.05-50-0 0 2437 44 17 3 6 0.7034 0.6398 118 197
492-0-1-0.05-50-0 0 2437 39 9 2 7 0.2187 0.6134 309 161
492-0-1-0.05-50-0 0 2438 45 24 7 7 0.3816 0.1940 173 254
492-0-1-0.05-50-0 0 2438 1 16 5 4 0.2520 0.2228 409 149
492-0-1-0.05-50-0 0 2439 20 9 3 7 0.9922 0.6134 102 161
492-0-1-0.05-50-0 0 2439 40 24 3 5 0.9739 0.1940 104 254
492-0-1-0.05-50-0 0 2440 33 9 1 6 0.6893 0.6134 191 161
492-0-1-0.05-50-0 0 2441 26 7 5 8 0.8171 0.9267 141 106
492-0-1-0.05-50-0 0 2441 37 20 1 3 0.8481 0.9922 127 102
492-0-1-0.05-50-0 0 2442 26 9 4 5 0.8171 0.6134 141 161
492-0-1-0.05-50-0 0 2442 10 29 4 4 0.2533 0.6728 449 177
492-0-1-0.05-50-0 0 2443 44 7 7 7 0.7034 0.9267 118 106
492-0-1-0.05-50-0 0 2443 44 9 7 4 0.7034 0.6134 118 161
492-0-1-0.05-50-0 0 2444 22 47 1 1 0.0160 0.9293 311 103
492-0-1-0.05-50-0 0 2444 7 46 6 8 0.9267 0.3451 106 327
492-0-1-0.05-50-0 0 2445 48 1 5 6 0.1153 0.2520 334 409
492-0-1-0.05-50-0 0 2445 22 45 1 8 0.0160 0.3816 311 173
492-0-1-0.05-50-0 0 2446 39 38 3 3 0.2187 0.6163 309 270
492-0-1-0.05-50-0 0 2446 45 9 8 5 0.3816 0.6134 173 161
492-0-1-0.05-50-0 0 2447 17 21 7 3 0.6398 0.4184 197 158
492-0-1-0.05-50-0 0 2447 9 10 4 3 0.6134 0.2533 161 449
492-0-1-0.05-50-0 0 2448 45 46 8 6 0.3816 0.3451 173 327
492-0-1-0.05-50-0 0 2448 1 7 5 7 0.2520 0.9267 409 106
492-0-1-0.05-50-0 0 2449 44 1 9 7 0.7034 0.2520 118 409
492-0-1-0.05-50-0 0 2449 17 36 9 1 0.6398 0.8162 197 165
492-0-1-0.05-50-0 0 2450 48 6 6 2 0.1153 0.4266 334 249
492-0-1-0.05-50-0 0 2450 45 23 8 3 0.3816 0.1698 173 476
492-0-1-0.05-50-0 0 2451 3 50 3 7 0.4813 0.2147 321 147
492-0-1-0.05-50-0 0 2451 45 50 8 6 0.3816 0.2147 173 147
492-0-1-0.05-50-0 0 2452 1 48 6 7 0.2520 0.1153 409 334
492-0-1-0.05-50-0 0 2453 21 12 3 1 0.4184 0.1896 158 325
492-0-1-0.05-50-0 0 2454 46 17 5 4 0.3451 0.6398 327 197
492-0-1-0.05-50-0 0 2454 9 37 5 4 0.6134 0.8481 161 127
492-0-1-0.05-50-0 0 2455 17 20 3 2 0.6398 0.9922 197 102
492-0-1-0.05-50-0 0 2455 7 45 7 11 0.9267 0.3816 106 173
492-0-1-0.05-50-0 0 2456 10 48 2 6 0.2533 0.1153 449 334
492-0-1-0.05-50-0 0 2456 44 1 6 9 0.7034 0.2520 118 409
492-0-1-0.05-50-0 0 2457 1 9 7 6 0.2520 0.6134 409 161
492-0-1-0.05-50-0 0 2457 7 45 9 10 0.9267 0.3816 106 173
492-0-1-0.05-50-0 0 2458 6 21 2 4 0.4266 0.4184 249 158
492-0-1-0.05-50-0 0 2458 37 6 3 2 0.8481 0.4266 127 249
492-0-1-0.05-50-0 0 2459 37 23 3 2 0.8481 0.1698 127 476
492-0-1-0.05-50-0 0 2459 46 48 7 6 0.3451 0.1153 327 334
492-0-1-0.05-50-0 0 2460 7 9 9 6 0.9267 0.6134 106 161
492-0-1-0.05-50-0 0 2460 25 48 1 4 0.9430 0.1153 125 334
492-0-1-0.05-50-0 0 2461 6 45 1 9 0.4266 0.3816 249 173
492-0-1-0.05-50-0 0 2461 24 37 6 2 0.1940 0.8481 254 127
492-0-1-0.05-50-0 0 2462 21 23 4 1 0.4184 0.1698 158 476
492-0-1-0.05-50-0 0 2462 9 45 7 9 0.6134 0.3816 161 173
492-0-1-0.05-50-0 0 2463 48 9 3 8 0.1153 0.6134 334 161
492-0-1-0.05-50-0 0 2463 46 44 5 7 0.3451 0.7034 327 118
492-0-1-0.05-50-0 0 2464 3 3 4 4 0.4813 0.4813 321 321
492-0-1-0.05-50-0 0 2464 45 38 10 3 0.3816 0.6163 173 270
492-0-1-0.05-50-0 0 2465 9 40 7 2 0.6134 0.9739 161 104
492-0-1-0.05-50-0 0 2465 44 46 6 6 0.7034 0.3451 118 327
492-0-1-0.05-50-0 0 2466 7 34 9 1 0.9267 0.7448 106 168
492-0-1-0.05-50-0 0 2466 48 24 3 6 0.1153 0.1940 334 254
492-0-1-0.05-50-0 0 2467 12 24 4 5 0.1896 0.1940 325 254
492-0-1-0.05-50-0 0 2468 24 21 4 4 0.1940 0.4184 254 158
492-0-1-0.05-50-0 0 2469 33 26 5 3 0.6893 0.8171 191 141
492-0-1-0.05-50-0 0 2470 9 44 7 6 0.6134 0.7034 161 118
492-0-1-0.05-50-0 0 2471 9 7 7 8 0.6134 0.9267 161 106
492-0-1-0.05-50-0 0 2471 24 44 5 6 0.1940 0.7034 254 118
492-0-1-0.05-50-0 0 2472 17 45 1 12 0.6398 0.3816 197 173
492-0-1-0.05-50-0 0 2472 3 37 3 2 0.4813 0.8481 321 127
492-0-1-0.05-50-0 0 2473 9 24 7 5 0.6134 0.1940 161 254
492-0-1-0.05-50-0 0 2473 34 33 2 7 0.7448 0.6893 168 191
492-0-1-0.05-50-0 0 2474 36 45 4 10 0.8162 0.3816 165 173
492-0-1-0.05-50-0 0 2474 5 46 2 3 0.0007 0.3451 226 327
492-0-1-0.05-50-0 0 2475 50 45 2 10 0.2147 0.3816 147 173
492-0-1-0.05-50-0 0 2475 9 40 7 2 0.6134 0.9739 161 104
492-0-1-0.05-50-0 0 2476 9 38 7 6 0.6134 0.6163 161 270
492-0-1-0.05-50-0 0 2476 33 45 6 9 0.6893 0.3816 191 173
492-0-1-0.05-50-0 0 2477 1 10 5 3 0.2520 0.2533 409 449
492-0-1-0.05-50-0 0 2477 39 50 6 2 0.2187 0.2147 309 147
492-0-1-0.05-50-0 0 2478 24 37 4 3 0.1940 0.8481 254 127
492-0-1-0.05-50-0 0 2478 21 29 2 2 0.4184 0.6728 158 177
492-0-1-0.05-50-0 0 2479 21 17 2 4 0.4184 0.6398 158 197
492-0-1-0.05-50-0 0 2479 19 34 1 2 0.8072 0.7448 134 168
492-0-1-0.05-50-0 0 2480 33 23 10 1 0.6893 0.1698 191 476
492-0-1-0.05-50-0 0 2480 44 12 8 9 0.7034 0.1896 118 325
492-0-1-0.05-50-0 0 2481 24 9 4 9 0.1940 0.6134 254 161
492-0-1-0.05-50-0 0 2481 12 35 8 2 0.1896 0.0354 325 158
492-0-1-0.05-50-0 0 2482 7 24 5 4 0.9267 0.1940 106 254
492-0-1-0.05-50-0 0 2482 48 45 1 11 0.1153 0.3816 334 173
492-0-1-0.05-50-0 0 2483 17 1 3 6 0.6398 0.2520 197 409
492-0-1-0.05-50-0 0 2483 12 21 9 3 0.1896 0.4184 325 158
492-0-1-0.05-50-0 0 2484 12 39 9 7 0.1896 0.2187 325 309
492-0-1-0.05-50-0 0 2484 9 9 7 7 0.6134 0.6134 161 161
492-0-1-0.05-50-0 0 2485 9 24 6 3 0.6134 0.1940 161 254
492-0-1-0.05-50-0 0 2485 19 44 2 10 0.8072 0.7034 134 118
492-0-1-0.05-50-0 0 2486 9 45 6 11 0.6134 0.3816 161 173
492-0-1-0.05-50-0 0 2486 19 44 2 9 0.8072 0.7034 134 118
492-0-1-0.05-50-0 0 2487 46 33 2 10 0.3451 0.6893 327 191
492-0-1-0.05-50-0 0 2487 45 38 10 8 0.3816 0.6163 173 270
492-0-1-0.05-50-0 0 2488 24 12 2 8 0.1940 0.1896 254 325
492-0-1-0.05-50-0 0 2488 1 12 5 7 0.2520 0.1896 409 325
492-0-1-0.05-50-0 0 2489 33 1 9 5 0.6893 0.2520 191 409
492-0-1-0.05-50-0 0 2489 26 26 6 6 0.8171 0.8171 141 141
492-0-1-0.05-50-0 0 2490 31 40 1 4 0.5626 0.9739 252 104
492-0-1-0.05-50-0 0 2490 30 30 2 2 0.6008 0.6008 266 266
492-0-1-0.05-50-0 0 2491 8 34 2 1 0.2506 0.7448 303 168
492-0-1-0.05-50-0 0 2491 40 12 3 6 0.9739 0.1896 104 325
492-0-1-0.05-50-0 0 2492 38 33 5 8 0.6163 0.6893 270 191
492-0-1-0.05-50-0 0 2492 38 45 5 12 0.6163 0.3816 270 173
492-0-1-0.05-50-0 0 2493 8 45 3 11 0.2506 0.3816 303 173
492-0-1-0.05-50-0 0 2493 45 7 10 5 0.3816 0.9267 173 106
492-0-1-0.05-50-0 0 2494 3 7 1 4 0.4813 0.9267 321 106
492-0-1-0.05-50-0 0 2494 9 12 9 5 0.6134 0.1896 161 325
492-0-1-0.05-50-0 0 2495 9 24 8 2 0.6134 0.1940 161 254
492-0-1-0.05-50-0 0 2495 45 1 10 7 0.3816 0.2520 173 409
492-0-1-0.05-50-0 0 2496 21 9 2 8 0.4184 0.6134 158 161
492-0-1-0.05-50-0 0 2496 26 45 7 11 0.8171 0.3816 141 173
492-0-1-0.05-50-0 0 2497 38 45 6 10 0.6163 0.3816 270 173
492-0-1-0.05-50-0 0 2497 12 33 4 8 0.1896 0.6893 325 191
492-0-1-0.05-50-0 0 2498 39 44 3 10 0.2187 0.7034 309 118
492-0-1-0.05-50-0 0 2498 26 44 8 9 0.8171 0.7034 141 118
492-0-1-0.05-50-0 0 2499 38 33 7 9 0.6163 0.6893 270 191
492-0-1-0.05-50-0 0 2499 45 38 10 7 0.3816 0.6163 173 270
492-0-1-0.05-50-0 0 2500 30 40 1 2 0.6008 0.9739 266 104
492-0-1-0.05-50-0 0 2500 33 8 8 3 0.6893 0.2506 191 303
