495-1-1-0.05-50-0 1 2302 36 36 130 130 0.8162 0.8162 165 165
495-1-1-0.05-50-0 1 2302 36 37 129 110 0.8162 0.8481 165 127
495-1-1-0.05-50-0 1 2302 1 1 10 10 0.2520 0.2520 409 409
495-1-1-0.05-50-0 1 2302 36 2 129 164 0.8162 0.8198 165 167
495-1-1-0.05-50-0 1 2303 36 43 131 115 0.8162 0.8316 165 123
495-1-1-0.05-50-0 1 2303 36 36 131 131 0.8162 0.8162 165 165
495-1-1-0.05-50-0 1 2303 48 27 2 146 0.1153 0.0776 334 149
495-1-1-0.05-50-0 1 2304 36 37 134 119 0.8162 0.8481 165 127
495-1-1-0.05-50-0 1 2304 36 2 134 167 0.8162 0.8198 165 167
495-1-1-0.05-50-0 1 2304 36 2 134 166 0.8162 0.8198 165 167
495-1-1-0.05-50-0 1 2304 36 2 134 165 0.8162 0.8198 165 167
495-1-1-0.05-50-0 1 2304 36 43 134 114 0.8162 0.8316 165 123
495-1-1-0.05-50-0 1 2305 36 2 133 161 0.8162 0.8198 165 167
495-1-1-0.05-50-0 1 2305 2 21 160 1 0.8198 0.4184 167 158
495-1-1-0.05-50-0 1 2305 37 16 123 1 0.8481 0.2228 127 149
495-1-1-0.05-50-0 1 2305 36 2 133 160 0.8162 0.8198 165 167
495-1-1-0.05-50-0 1 2305 14 26 6 60 0.8451 0.8171 105 141
495-1-1-0.05-50-0 1 2305 36 2 133 159 0.8162 0.8198 165 167
495-1-1-0.05-50-0 1 2305 48 27 2 147 0.1153 0.0776 334 149
495-1-1-0.05-50-0 1 2306 14 43 7 110 0.8451 0.8316 105 123
495-1-1-0.05-50-0 1 2306 36 36 136 136 0.8162 0.8162 165 165
495-1-1-0.05-50-0 1 2306 36 43 135 109 0.8162 0.8316 165 123
495-1-1-0.05-50-0 1 2306 36 37 135 127 0.8162 0.8481 165 127
495-1-1-0.05-50-0 1 2306 36 43 135 108 0.8162 0.8316 165 123
495-1-1-0.05-50-0 1 2307 37 16 124 1 0.8481 0.2228 127 149
495-1-1-0.05-50-0 1 2307 36 2 136 161 0.8162 0.8198 165 167
495-1-1-0.05-50-0 1 2307 36 43 136 103 0.8162 0.8316 165 123
495-1-1-0.05-50-0 1 2307 14 40 8 104 0.8451 0.9739 105 104
495-1-1-0.05-50-0 1 2307 36 2 136 160 0.8162 0.8198 165 167
495-1-1-0.05-50-0 1 2308 37 48 126 2 0.8481 0.1153 127 334
495-1-1-0.05-50-0 1 2308 36 37 131 126 0.8162 0.8481 165 127
495-1-1-0.05-50-0 1 2308 36 26 131 57 0.8162 0.8171 165 141
495-1-1-0.05-50-0 1 2308 41 4 104 2 0.9621 0.0723 105 351
495-1-1-0.05-50-0 1 2308 36 37 131 125 0.8162 0.8481 165 127
495-1-1-0.05-50-0 1 2309 41 35 103 1 0.9621 0.0354 105 158
495-1-1-0.05-50-0 1 2309 41 4 103 1 0.9621 0.0723 105 351
495-1-1-0.05-50-0 1 2309 36 36 132 132 0.8162 0.8162 165 165
495-1-1-0.05-50-0 1 2310 36 2 133 161 0.8162 0.8198 165 167
495-1-1-0.05-50-0 1 2310 37 18 123 1 0.8481 0.2181 127 226
495-1-1-0.05-50-0 1 2310 36 36 133 133 0.8162 0.8162 165 165
495-1-1-0.05-50-0 1 2310 36 43 132 95 0.8162 0.8316 165 123
495-1-1-0.05-50-0 1 2310 36 36 132 132 0.8162 0.8162 165 165
495-1-1-0.05-50-0 1 2311 1 10 14 3 0.2520 0.2533 409 449
495-1-1-0.05-50-0 1 2311 41 11 104 1 0.9621 0.0504 105 384
495-1-1-0.05-50-0 1 2311 36 36 128 128 0.8162 0.8162 165 165
495-1-1-0.05-50-0 1 2312 37 48 123 3 0.8481 0.1153 127 334
495-1-1-0.05-50-0 1 2313 36 43 133 92 0.8162 0.8316 165 123
495-1-1-0.05-50-0 1 2314 40 32 104 1 0.9739 0.6514 104 215
495-1-1-0.05-50-0 1 2314 36 43 134 93 0.8162 0.8316 165 123
495-1-1-0.05-50-0 1 2314 37 18 127 1 0.8481 0.2181 127 226
495-1-1-0.05-50-0 1 2315 36 37 139 126 0.8162 0.8481 165 127
495-1-1-0.05-50-0 1 2315 36 37 139 125 0.8162 0.8481 165 127
495-1-1-0.05-50-0 1 2316 41 5 97 2 0.9621 0.0007 105 226
495-1-1-0.05-50-0 1 2316 36 2 143 156 0.8162 0.8198 165 167
495-1-1-0.05-50-0 1 2317 14 2 5 157 0.8451 0.8198 105 167
495-1-1-0.05-50-0 1 2317 36 26 150 60 0.8162 0.8171 165 141
495-1-1-0.05-50-0 1 2317 36 36 150 150 0.8162 0.8162 165 165
495-1-1-0.05-50-0 1 2317 1 23 15 1 0.2520 0.1698 409 476
495-1-1-0.05-50-0 1 2317 36 2 149 156 0.8162 0.8198 165 167
495-1-1-0.05-50-0 1 2318 36 36 145 145 0.8162 0.8162 165 165
495-1-1-0.05-50-0 1 2318 14 7 5 100 0.8451 0.9267 105 106
495-1-1-0.05-50-0 1 2318 36 2 144 154 0.8162 0.8198 165 167
495-1-1-0.05-50-0 1 2318 36 43 144 86 0.8162 0.8316 165 123
495-1-1-0.05-50-0 1 2318 37 48 123 5 0.8481 0.1153 127 334
495-1-1-0.05-50-0 1 2318 36 2 144 153 0.8162 0.8198 165 167
495-1-1-0.05-50-0 1 2318 1 8 16 1 0.2520 0.2506 409 303
495-1-1-0.05-50-0 1 2319 40 15 100 1 0.9739 0.7918 104 149
495-1-1-0.05-50-0 1 2319 37 48 127 4 0.8481 0.1153 127 334
495-1-1-0.05-50-0 1 2319 36 2 142 153 0.8162 0.8198 165 167
495-1-1-0.05-50-0 1 2319 36 43 142 86 0.8162 0.8316 165 123
495-1-1-0.05-50-0 1 2320 36 2 142 152 0.8162 0.8198 165 167
495-1-1-0.05-50-0 1 2320 37 48 122 4 0.8481 0.1153 127 334
495-1-1-0.05-50-0 1 2320 36 14 142 5 0.8162 0.8451 165 105
495-1-1-0.05-50-0 1 2320 36 36 142 142 0.8162 0.8162 165 165
495-1-1-0.05-50-0 1 2321 36 2 142 146 0.8162 0.8198 165 167
495-1-1-0.05-50-0 1 2322 36 2 142 140 0.8162 0.8198 165 167
495-1-1-0.05-50-0 1 2323 36 36 138 138 0.8162 0.8162 165 165
495-1-1-0.05-50-0 1 2323 36 2 137 143 0.8162 0.8198 165 167
495-1-1-0.05-50-0 1 2323 37 16 125 2 0.8481 0.2228 127 149
495-1-1-0.05-50-0 1 2324 36 37 138 120 0.8162 0.8481 165 127
495-1-1-0.05-50-0 1 2324 2 6 141 1 0.8198 0.4266 167 249
495-1-1-0.05-50-0 1 2324 43 49 89 1 0.8316 0.1842 123 136
495-1-1-0.05-50-0 1 2324 36 2 138 141 0.8162 0.8198 165 167
495-1-1-0.05-50-0 1 2324 37 23 119 2 0.8481 0.1698 127 476
495-1-1-0.05-50-0 1 2325 1 1 21 21 0.2520 0.2520 409 409
495-1-1-0.05-50-0 1 2325 36 26 140 65 0.8162 0.8171 165 141
495-1-1-0.05-50-0 1 2325 1 1 20 20 0.2520 0.2520 409 409
495-1-1-0.05-50-0 1 2325 36 37 140 114 0.8162 0.8481 165 127
495-1-1-0.05-50-0 1 2326 36 2 141 135 0.8162 0.8198 165 167
495-1-1-0.05-50-0 1 2326 36 36 141 141 0.8162 0.8162 165 165
495-1-1-0.05-50-0 1 2326 37 23 116 1 0.8481 0.1698 127 476
495-1-1-0.05-50-0 1 2327 7 3 100 1 0.9267 0.4813 106 321
495-1-1-0.05-50-0 1 2327 36 36 145 145 0.8162 0.8162 165 165
495-1-1-0.05-50-0 1 2327 1 1 19 19 0.2520 0.2520 409 409
495-1-1-0.05-50-0 1 2328 36 37 149 120 0.8162 0.8481 165 127
495-1-1-0.05-50-0 1 2328 37 48 119 3 0.8481 0.1153 127 334
495-1-1-0.05-50-0 1 2328 37 48 119 2 0.8481 0.1153 127 334
495-1-1-0.05-50-0 1 2328 36 36 149 149 0.8162 0.8162 165 165
495-1-1-0.05-50-0 1 2328 36 36 148 148 0.8162 0.8162 165 165
495-1-1-0.05-50-0 1 2328 36 36 147 147 0.8162 0.8162 165 165
495-1-1-0.05-50-0 1 2328 10 27 2 149 0.2533 0.0776 449 149
495-1-1-0.05-50-0 1 2328 37 48 119 1 0.8481 0.1153 127 334
495-1-1-0.05-50-0 1 2329 37 50 117 2 0.8481 0.2147 127 147
495-1-1-0.05-50-0 1 2329 36 2 150 130 0.8162 0.8198 165 167
495-1-1-0.05-50-0 1 2329 36 26 150 61 0.8162 0.8171 165 141
495-1-1-0.05-50-0 1 2329 36 36 150 150 0.8162 0.8162 165 165
495-1-1-0.05-50-0 1 2329 36 36 149 149 0.8162 0.8162 165 165
495-1-1-0.05-50-0 1 2330 36 36 143 143 0.8162 0.8162 165 165
495-1-1-0.05-50-0 1 2330 36 43 142 84 0.8162 0.8316 165 123
495-1-1-0.05-50-0 1 2330 1 1 18 18 0.2520 0.2520 409 409
495-1-1-0.05-50-0 1 2330 36 43 142 83 0.8162 0.8316 165 123
495-1-1-0.05-50-0 1 2331 36 37 144 123 0.8162 0.8481 165 127
495-1-1-0.05-50-0 1 2331 36 2 144 130 0.8162 0.8198 165 167
495-1-1-0.05-50-0 1 2331 36 36 144 144 0.8162 0.8162 165 165
495-1-1-0.05-50-0 1 2331 36 2 143 129 0.8162 0.8198 165 167
495-1-1-0.05-50-0 1 2331 37 16 122 1 0.8481 0.2228 127 149
495-1-1-0.05-50-0 1 2332 36 14 149 6 0.8162 0.8451 165 105
495-1-1-0.05-50-0 1 2332 36 37 149 118 0.8162 0.8481 165 127
495-1-1-0.05-50-0 1 2332 36 26 149 63 0.8162 0.8171 165 141
495-1-1-0.05-50-0 1 2333 36 2 147 130 0.8162 0.8198 165 167
495-1-1-0.05-50-0 1 2334 25 22 125 1 0.9430 0.0160 125 311
495-1-1-0.05-50-0 1 2334 36 2 151 130 0.8162 0.8198 165 167
495-1-1-0.05-50-0 1 2334 36 37 151 125 0.8162 0.8481 165 127
495-1-1-0.05-50-0 1 2334 36 26 151 61 0.8162 0.8171 165 141
495-1-1-0.05-50-0 1 2334 36 43 151 86 0.8162 0.8316 165 123
495-1-1-0.05-50-0 1 2335 36 43 154 84 0.8162 0.8316 165 123
495-1-1-0.05-50-0 1 2335 41 4 104 2 0.9621 0.0723 105 351
495-1-1-0.05-50-0 1 2336 40 42 92 1 0.9739 0.7447 104 106
495-1-1-0.05-50-0 1 2336 36 37 159 127 0.8162 0.8481 165 127
495-1-1-0.05-50-0 1 2336 36 43 159 80 0.8162 0.8316 165 123
495-1-1-0.05-50-0 1 2337 36 2 156 134 0.8162 0.8198 165 167
495-1-1-0.05-50-0 1 2337 37 50 123 2 0.8481 0.2147 127 147
495-1-1-0.05-50-0 1 2337 36 37 156 123 0.8162 0.8481 165 127
495-1-1-0.05-50-0 1 2338 37 24 123 1 0.8481 0.1940 127 254
495-1-1-0.05-50-0 1 2339 36 36 157 157 0.8162 0.8162 165 165
495-1-1-0.05-50-0 1 2339 36 37 156 122 0.8162 0.8481 165 127
495-1-1-0.05-50-0 1 2339 36 2 156 138 0.8162 0.8198 165 167
495-1-1-0.05-50-0 1 2339 41 4 105 1 0.9621 0.0723 105 351
495-1-1-0.05-50-0 1 2339 36 43 156 75 0.8162 0.8316 165 123
495-1-1-0.05-50-0 1 2339 36 36 156 156 0.8162 0.8162 165 165
495-1-1-0.05-50-0 1 2339 36 36 155 155 0.8162 0.8162 165 165
495-1-1-0.05-50-0 1 2340 36 26 155 61 0.8162 0.8171 165 141
495-1-1-0.05-50-0 1 2340 36 36 155 155 0.8162 0.8162 165 165
495-1-1-0.05-50-0 1 2340 36 2 154 144 0.8162 0.8198 165 167
495-1-1-0.05-50-0 1 2340 36 36 154 154 0.8162 0.8162 165 165
495-1-1-0.05-50-0 1 2341 36 36 148 148 0.8162 0.8162 165 165
495-1-1-0.05-50-0 1 2341 36 36 147 147 0.8162 0.8162 165 165
495-1-1-0.05-50-0 1 2341 36 2 146 141 0.8162 0.8198 165 167
495-1-1-0.05-50-0 1 2341 43 24 79 1 0.8316 0.1940 123 254
495-1-1-0.05-50-0 1 2341 1 1 13 13 0.2520 0.2520 409 409
495-1-1-0.05-50-0 1 2342 36 36 147 147 0.8162 0.8162 165 165
495-1-1-0.05-50-0 1 2342 36 2 146 146 0.8162 0.8198 165 167
495-1-1-0.05-50-0 1 2342 36 43 146 81 0.8162 0.8316 165 123
495-1-1-0.05-50-0 1 2342 37 48 124 1 0.8481 0.1153 127 334
495-1-1-0.05-50-0 1 2342 36 37 146 124 0.8162 0.8481 165 127
495-1-1-0.05-50-0 1 2343 37 49 127 2 0.8481 0.1842 127 136
495-1-1-0.05-50-0 1 2344 36 37 149 126 0.8162 0.8481 165 127
495-1-1-0.05-50-0 1 2344 36 26 149 63 0.8162 0.8171 165 141
495-1-1-0.05-50-0 1 2344 37 24 125 1 0.8481 0.1940 127 254
495-1-1-0.05-50-0 1 2344 36 2 149 144 0.8162 0.8198 165 167
495-1-1-0.05-50-0 1 2345 7 31 83 1 0.9267 0.5626 106 252
495-1-1-0.05-50-0 1 2345 36 37 150 126 0.8162 0.8481 165 127
495-1-1-0.05-50-0 1 2345 36 2 150 139 0.8162 0.8198 165 167
495-1-1-0.05-50-0 1 2346 36 2 147 137 0.8162 0.8198 165 167
495-1-1-0.05-50-0 1 2346 36 43 147 81 0.8162 0.8316 165 123
495-1-1-0.05-50-0 1 2346 37 50 127 1 0.8481 0.2147 127 147
495-1-1-0.05-50-0 1 2347 36 37 144 125 0.8162 0.8481 165 127
495-1-1-0.05-50-0 1 2347 36 37 144 124 0.8162 0.8481 165 127
495-1-1-0.05-50-0 1 2347 36 36 144 144 0.8162 0.8162 165 165
495-1-1-0.05-50-0 1 2347 36 2 143 137 0.8162 0.8198 165 167
495-1-1-0.05-50-0 1 2348 36 37 137 127 0.8162 0.8481 165 127
495-1-1-0.05-50-0 1 2348 37 49 126 1 0.8481 0.1842 127 136
495-1-1-0.05-50-0 1 2348 40 30 100 1 0.9739 0.6008 104 266
495-1-1-0.05-50-0 1 2348 36 26 137 59 0.8162 0.8171 165 141
495-1-1-0.05-50-0 1 2348 36 2 137 147 0.8162 0.8198 165 167
495-1-1-0.05-50-0 1 2349 36 2 136 139 0.8162 0.8198 165 167
495-1-1-0.05-50-0 1 2350 14 25 7 123 0.8451 0.9430 105 125
495-1-1-0.05-50-0 1 2350 36 2 137 136 0.8162 0.8198 165 167
495-1-1-0.05-50-0 1 2351 36 26 140 54 0.8162 0.8171 165 141
495-1-1-0.05-50-0 1 2351 20 44 98 1 0.9922 0.7034 102 118
495-1-1-0.05-50-0 1 2351 36 2 140 133 0.8162 0.8198 165 167
495-1-1-0.05-50-0 1 2351 36 2 140 132 0.8162 0.8198 165 167
495-1-1-0.05-50-0 1 2351 36 36 140 140 0.8162 0.8162 165 165
495-1-1-0.05-50-0 1 2352 20 46 92 2 0.9922 0.3451 102 327
495-1-1-0.05-50-0 1 2353 36 37 142 121 0.8162 0.8481 165 127
495-1-1-0.05-50-0 1 2353 36 43 142 80 0.8162 0.8316 165 123
495-1-1-0.05-50-0 1 2353 36 36 142 142 0.8162 0.8162 165 165
495-1-1-0.05-50-0 1 2353 36 2 141 138 0.8162 0.8198 165 167
495-1-1-0.05-50-0 1 2353 36 36 141 141 0.8162 0.8162 165 165
495-1-1-0.05-50-0 1 2353 14 40 7 97 0.8451 0.9739 105 104
495-1-1-0.05-50-0 1 2354 37 50 123 1 0.8481 0.2147 127 147
495-1-1-0.05-50-0 1 2354 36 36 139 139 0.8162 0.8162 165 165
495-1-1-0.05-50-0 1 2354 26 46 54 1 0.8171 0.3451 141 327
495-1-1-0.05-50-0 1 2354 36 2 138 137 0.8162 0.8198 165 167
495-1-1-0.05-50-0 1 2355 1 1 17 17 0.2520 0.2520 409 409
495-1-1-0.05-50-0 1 2355 36 43 141 82 0.8162 0.8316 165 123
495-1-1-0.05-50-0 1 2355 37 23 123 1 0.8481 0.1698 127 476
495-1-1-0.05-50-0 1 2356 26 45 57 1 0.8171 0.3816 141 173
495-1-1-0.05-50-0 1 2356 1 8 16 3 0.2520 0.2506 409 303
495-1-1-0.05-50-0 1 2357 36 43 145 82 0.8162 0.8316 165 123
495-1-1-0.05-50-0 1 2357 36 36 145 145 0.8162 0.8162 165 165
495-1-1-0.05-50-0 1 2357 36 36 144 144 0.8162 0.8162 165 165
495-1-1-0.05-50-0 1 2357 36 37 143 123 0.8162 0.8481 165 127
495-1-1-0.05-50-0 1 2358 40 32 103 1 0.9739 0.6514 104 215
495-1-1-0.05-50-0 1 2358 41 5 104 1 0.9621 0.0007 105 226
495-1-1-0.05-50-0 1 2358 36 26 140 57 0.8162 0.8171 165 141
495-1-1-0.05-50-0 1 2359 14 43 8 79 0.8451 0.8316 105 123
495-1-1-0.05-50-0 1 2359 36 37 138 118 0.8162 0.8481 165 127
495-1-1-0.05-50-0 1 2360 20 44 92 1 0.9922 0.7034 102 118
495-1-1-0.05-50-0 1 2360 36 36 138 138 0.8162 0.8162 165 165
495-1-1-0.05-50-0 1 2361 14 36 10 138 0.8451 0.8162 105 165
495-1-1-0.05-50-0 1 2361 36 2 137 142 0.8162 0.8198 165 167
495-1-1-0.05-50-0 1 2361 1 1 15 15 0.2520 0.2520 409 409
495-1-1-0.05-50-0 1 2362 36 36 132 132 0.8162 0.8162 165 165
495-1-1-0.05-50-0 1 2362 20 6 94 1 0.9922 0.4266 102 249
495-1-1-0.05-50-0 1 2362 40 15 104 1 0.9739 0.7918 104 149
495-1-1-0.05-50-0 1 2364 36 43 137 76 0.8162 0.8316 165 123
495-1-1-0.05-50-0 1 2364 36 2 137 136 0.8162 0.8198 165 167
495-1-1-0.05-50-0 1 2364 36 37 137 124 0.8162 0.8481 165 127
495-1-1-0.05-50-0 1 2364 36 36 137 137 0.8162 0.8162 165 165
495-1-1-0.05-50-0 1 2365 36 43 134 77 0.8162 0.8316 165 123
495-1-1-0.05-50-0 1 2365 36 37 134 127 0.8162 0.8481 165 127
495-1-1-0.05-50-0 1 2365 36 37 134 126 0.8162 0.8481 165 127
495-1-1-0.05-50-0 1 2366 36 2 131 138 0.8162 0.8198 165 167
495-1-1-0.05-50-0 1 2367 36 36 137 137 0.8162 0.8162 165 165
495-1-1-0.05-50-0 1 2367 36 2 136 143 0.8162 0.8198 165 167
495-1-1-0.05-50-0 1 2367 14 7 10 100 0.8451 0.9267 105 106
495-1-1-0.05-50-0 1 2368 36 36 136 136 0.8162 0.8162 165 165
495-1-1-0.05-50-0 1 2368 36 26 135 69 0.8162 0.8171 165 141
495-1-1-0.05-50-0 1 2368 37 23 115 1 0.8481 0.1698 127 476
495-1-1-0.05-50-0 1 2368 36 26 135 68 0.8162 0.8171 165 141
495-1-1-0.05-50-0 1 2368 36 2 135 144 0.8162 0.8198 165 167
495-1-1-0.05-50-0 1 2368 36 2 135 143 0.8162 0.8198 165 167
495-1-1-0.05-50-0 1 2368 36 37 135 115 0.8162 0.8481 165 127
495-1-1-0.05-50-0 1 2369 14 13 10 145 0.8451 0.8878 105 151
495-1-1-0.05-50-0 1 2369 36 2 137 138 0.8162 0.8198 165 167
495-1-1-0.05-50-0 1 2369 37 12 119 1 0.8481 0.1896 127 325
495-1-1-0.05-50-0 1 2369 36 36 137 137 0.8162 0.8162 165 165
495-1-1-0.05-50-0 1 2369 36 26 136 70 0.8162 0.8171 165 141
495-1-1-0.05-50-0 1 2369 36 2 136 137 0.8162 0.8198 165 167
495-1-1-0.05-50-0 1 2369 36 2 136 136 0.8162 0.8198 165 167
495-1-1-0.05-50-0 1 2370 40 28 95 1 0.9739 0.3846 104 311
495-1-1-0.05-50-0 1 2370 36 36 136 136 0.8162 0.8162 165 165
495-1-1-0.05-50-0 1 2370 36 26 135 70 0.8162 0.8171 165 141
495-1-1-0.05-50-0 1 2370 36 26 135 69 0.8162 0.8171 165 141
495-1-1-0.05-50-0 1 2371 36 43 129 72 0.8162 0.8316 165 123
495-1-1-0.05-50-0 1 2371 36 2 129 136 0.8162 0.8198 165 167
495-1-1-0.05-50-0 1 2371 36 37 129 124 0.8162 0.8481 165 127
495-1-1-0.05-50-0 1 2371 41 4 101 1 0.9621 0.0723 105 351
495-1-1-0.05-50-0 1 2371 36 2 129 135 0.8162 0.8198 165 167
495-1-1-0.05-50-0 1 2371 36 26 129 69 0.8162 0.8171 165 141
495-1-1-0.05-50-0 1 2372 36 26 137 68 0.8162 0.8171 165 141
495-1-1-0.05-50-0 1 2372 36 37 137 126 0.8162 0.8481 165 127
495-1-1-0.05-50-0 1 2373 36 43 136 72 0.8162 0.8316 165 123
495-1-1-0.05-50-0 1 2373 36 2 136 133 0.8162 0.8198 165 167
495-1-1-0.05-50-0 1 2373 36 37 136 124 0.8162 0.8481 165 127
495-1-1-0.05-50-0 1 2373 36 2 136 132 0.8162 0.8198 165 167
495-1-1-0.05-50-0 1 2373 36 26 136 66 0.8162 0.8171 165 141
495-1-1-0.05-50-0 1 2373 36 36 136 136 0.8162 0.8162 165 165
495-1-1-0.05-50-0 1 2374 36 37 139 125 0.8162 0.8481 165 127
495-1-1-0.05-50-0 1 2374 36 37 139 124 0.8162 0.8481 165 127
495-1-1-0.05-50-0 1 2374 36 2 139 128 0.8162 0.8198 165 167
495-1-1-0.05-50-0 1 2374 41 5 100 1 0.9621 0.0007 105 226
495-1-1-0.05-50-0 1 2375 1 1 12 12 0.2520 0.2520 409 409
495-1-1-0.05-50-0 1 2375 36 43 145 75 0.8162 0.8316 165 123
495-1-1-0.05-50-0 1 2376 36 36 143 143 0.8162 0.8162 165 165
495-1-1-0.05-50-0 1 2377 36 36 145 145 0.8162 0.8162 165 165
495-1-1-0.05-50-0 1 2377 36 37 144 119 0.8162 0.8481 165 127
495-1-1-0.05-50-0 1 2377 36 2 144 126 0.8162 0.8198 165 167
495-1-1-0.05-50-0 1 2377 36 26 144 71 0.8162 0.8171 165 141
495-1-1-0.05-50-0 1 2378 36 2 137 122 0.8162 0.8198 165 167
495-1-1-0.05-50-0 1 2378 36 26 137 74 0.8162 0.8171 165 141
495-1-1-0.05-50-0 1 2378 36 43 137 79 0.8162 0.8316 165 123
495-1-1-0.05-50-0 1 2378 36 2 137 121 0.8162 0.8198 165 167
495-1-1-0.05-50-0 1 2379 36 36 136 136 0.8162 0.8162 165 165
495-1-1-0.05-50-0 1 2379 36 43 135 80 0.8162 0.8316 165 123
495-1-1-0.05-50-0 1 2379 14 41 10 94 0.8451 0.9621 105 105
495-1-1-0.05-50-0 1 2379 37 39 119 2 0.8481 0.2187 127 309
495-1-1-0.05-50-0 1 2380 36 37 137 119 0.8162 0.8481 165 127
495-1-1-0.05-50-0 1 2380 36 2 137 123 0.8162 0.8198 165 167
495-1-1-0.05-50-0 1 2380 36 36 137 137 0.8162 0.8162 165 165
495-1-1-0.05-50-0 1 2380 36 2 136 122 0.8162 0.8198 165 167
495-1-1-0.05-50-0 1 2380 14 2 10 121 0.8451 0.8198 105 167
495-1-1-0.05-50-0 1 2380 36 37 136 118 0.8162 0.8481 165 127
495-1-1-0.05-50-0 1 2381 36 2 137 119 0.8162 0.8198 165 167
495-1-1-0.05-50-0 1 2381 36 37 137 117 0.8162 0.8481 165 127
495-1-1-0.05-50-0 1 2382 25 22 115 2 0.9430 0.0160 125 311
495-1-1-0.05-50-0 1 2382 36 43 137 76 0.8162 0.8316 165 123
495-1-1-0.05-50-0 1 2382 36 36 137 137 0.8162 0.8162 165 165
495-1-1-0.05-50-0 1 2383 36 36 140 140 0.8162 0.8162 165 165
495-1-1-0.05-50-0 1 2383 2 32 116 1 0.8198 0.6514 167 215
495-1-1-0.05-50-0 1 2383 36 37 139 116 0.8162 0.8481 165 127
495-1-1-0.05-50-0 1 2384 36 2 142 118 0.8162 0.8198 165 167
495-1-1-0.05-50-0 1 2384 25 22 119 1 0.9430 0.0160 125 311
495-1-1-0.05-50-0 1 2384 36 36 142 142 0.8162 0.8162 165 165
495-1-1-0.05-50-0 1 2384 37 39 112 1 0.8481 0.2187 127 309
495-1-1-0.05-50-0 1 2384 36 2 141 117 0.8162 0.8198 165 167
495-1-1-0.05-50-0 1 2384 36 26 141 74 0.8162 0.8171 165 141
495-1-1-0.05-50-0 1 2385 36 36 144 144 0.8162 0.8162 165 165
495-1-1-0.05-50-0 1 2385 36 2 143 118 0.8162 0.8198 165 167
495-1-1-0.05-50-0 1 2386 1 1 17 17 0.2520 0.2520 409 409
495-1-1-0.05-50-0 1 2386 36 2 141 120 0.8162 0.8198 165 167
495-1-1-0.05-50-0 1 2386 20 30 102 1 0.9922 0.6008 102 266
495-1-1-0.05-50-0 1 2386 10 27 8 149 0.2533 0.0776 449 149
495-1-1-0.05-50-0 1 2386 36 36 141 141 0.8162 0.8162 165 165
495-1-1-0.05-50-0 1 2387 36 26 142 77 0.8162 0.8171 165 141
495-1-1-0.05-50-0 1 2388 2 33 120 1 0.8198 0.6893 167 191
495-1-1-0.05-50-0 1 2388 40 28 101 1 0.9739 0.3846 104 311
495-1-1-0.05-50-0 1 2389 36 37 152 121 0.8162 0.8481 165 127
495-1-1-0.05-50-0 1 2389 36 2 152 119 0.8162 0.8198 165 167
495-1-1-0.05-50-0 1 2389 36 37 152 120 0.8162 0.8481 165 127
495-1-1-0.05-50-0 1 2390 36 37 151 123 0.8162 0.8481 165 127
495-1-1-0.05-50-0 1 2390 1 10 18 11 0.2520 0.2533 409 449
495-1-1-0.05-50-0 1 2390 36 26 151 71 0.8162 0.8171 165 141
495-1-1-0.05-50-0 1 2391 36 2 146 122 0.8162 0.8198 165 167
495-1-1-0.05-50-0 1 2391 41 4 103 1 0.9621 0.0723 105 351
495-1-1-0.05-50-0 1 2391 36 37 146 121 0.8162 0.8481 165 127
495-1-1-0.05-50-0 1 2391 25 35 123 1 0.9430 0.0354 125 158
495-1-1-0.05-50-0 1 2392 36 43 148 94 0.8162 0.8316 165 123
495-1-1-0.05-50-0 1 2393 1 10 18 12 0.2520 0.2533 409 449
495-1-1-0.05-50-0 1 2394 36 36 153 153 0.8162 0.8162 165 165
495-1-1-0.05-50-0 1 2394 36 36 152 152 0.8162 0.8162 165 165
495-1-1-0.05-50-0 1 2395 36 36 153 153 0.8162 0.8162 165 165
495-1-1-0.05-50-0 1 2395 36 2 152 133 0.8162 0.8198 165 167
495-1-1-0.05-50-0 1 2395 1 12 17 1 0.2520 0.1896 409 325
495-1-1-0.05-50-0 1 2395 36 2 152 132 0.8162 0.8198 165 167
495-1-1-0.05-50-0 1 2395 36 43 152 89 0.8162 0.8316 165 123
495-1-1-0.05-50-0 1 2395 1 1 17 17 0.2520 0.2520 409 409
495-1-1-0.05-50-0 1 2396 36 36 148 148 0.8162 0.8162 165 165
495-1-1-0.05-50-0 1 2396 36 26 147 73 0.8162 0.8171 165 141
495-1-1-0.05-50-0 1 2396 36 37 147 110 0.8162 0.8481 165 127
495-1-1-0.05-50-0 1 2397 36 36 153 153 0.8162 0.8162 165 165
495-1-1-0.05-50-0 1 2397 36 36 152 152 0.8162 0.8162 165 165
495-1-1-0.05-50-0 1 2398 41 35 103 1 0.9621 0.0354 105 158
495-1-1-0.05-50-0 1 2398 36 14 151 15 0.8162 0.8451 165 105
495-1-1-0.05-50-0 1 2398 37 48 107 1 0.8481 0.1153 127 334
495-1-1-0.05-50-0 1 2398 36 2 151 131 0.8162 0.8198 165 167
495-1-1-0.05-50-0 1 2399 1 1 17 17 0.2520 0.2520 409 409
495-1-1-0.05-50-0 1 2399 36 36 152 152 0.8162 0.8162 165 165
495-1-1-0.05-50-0 1 2399 36 36 151 151 0.8162 0.8162 165 165
495-1-1-0.05-50-0 1 2399 43 24 90 2 0.8316 0.1940 123 254
495-1-1-0.05-50-0 1 2399 10 27 8 149 0.2533 0.0776 449 149
495-1-1-0.05-50-0 1 2399 40 31 104 1 0.9739 0.5626 104 252
495-1-1-0.05-50-0 1 2400 36 36 148 148 0.8162 0.8162 165 165
495-1-1-0.05-50-0 1 2401 36 37 147 110 0.8162 0.8481 165 127
495-1-1-0.05-50-0 1 2401 37 24 109 1 0.8481 0.1940 127 254
495-1-1-0.05-50-0 1 2401 36 43 147 87 0.8162 0.8316 165 123
495-1-1-0.05-50-0 1 2401 36 36 147 147 0.8162 0.8162 165 165
495-1-1-0.05-50-0 1 2401 36 36 146 146 0.8162 0.8162 165 165
495-1-1-0.05-50-0 1 2401 36 43 145 86 0.8162 0.8316 165 123
495-1-1-0.05-50-0 1 2401 36 2 145 142 0.8162 0.8198 165 167
495-1-1-0.05-50-0 1 2401 37 48 109 1 0.8481 0.1153 127 334
495-1-1-0.05-50-0 1 2401 36 2 145 141 0.8162 0.8198 165 167
495-1-1-0.05-50-0 1 2401 36 36 145 145 0.8162 0.8162 165 165
495-1-1-0.05-50-0 1 2401 14 2 15 140 0.8451 0.8198 105 167
495-1-1-0.05-50-0 1 2402 1 10 15 10 0.2520 0.2533 409 449
495-1-1-0.05-50-0 1 2402 36 43 141 86 0.8162 0.8316 165 123
495-1-1-0.05-50-0 1 2402 36 2 141 138 0.8162 0.8198 165 167
495-1-1-0.05-50-0 1 2403 10 27 8 145 0.2533 0.0776 449 149
495-1-1-0.05-50-0 1 2403 10 27 8 144 0.2533 0.0776 449 149
495-1-1-0.05-50-0 1 2403 36 36 141 141 0.8162 0.8162 165 165
495-1-1-0.05-50-0 1 2403 36 26 140 80 0.8162 0.8171 165 141
495-1-1-0.05-50-0 1 2403 2 17 144 1 0.8198 0.6398 167 197
495-1-1-0.05-50-0 1 2403 14 2 11 144 0.8451 0.8198 105 167
495-1-1-0.05-50-0 1 2404 36 37 135 113 0.8162 0.8481 165 127
495-1-1-0.05-50-0 1 2404 1 1 18 18 0.2520 0.2520 409 409
495-1-1-0.05-50-0 1 2404 36 2 135 135 0.8162 0.8198 165 167
495-1-1-0.05-50-0 1 2404 36 2 135 134 0.8162 0.8198 165 167
495-1-1-0.05-50-0 1 2404 36 43 135 90 0.8162 0.8316 165 123
495-1-1-0.05-50-0 1 2405 36 26 138 73 0.8162 0.8171 165 141
495-1-1-0.05-50-0 1 2405 2 44 137 1 0.8198 0.7034 167 118
495-1-1-0.05-50-0 1 2405 36 36 138 138 0.8162 0.8162 165 165
495-1-1-0.05-50-0 1 2406 36 37 134 116 0.8162 0.8481 165 127
495-1-1-0.05-50-0 1 2406 36 26 134 73 0.8162 0.8171 165 141
495-1-1-0.05-50-0 1 2407 36 2 136 141 0.8162 0.8198 165 167
495-1-1-0.05-50-0 1 2407 37 49 116 1 0.8481 0.1842 127 136
495-1-1-0.05-50-0 1 2407 36 36 136 136 0.8162 0.8162 165 165
495-1-1-0.05-50-0 1 2408 41 11 105 2 0.9621 0.0504 105 384
495-1-1-0.05-50-0 1 2408 1 10 18 10 0.2520 0.2533 409 449
495-1-1-0.05-50-0 1 2408 36 43 137 90 0.8162 0.8316 165 123
495-1-1-0.05-50-0 1 2409 25 11 114 1 0.9430 0.0504 125 384
495-1-1-0.05-50-0 1 2409 36 26 133 74 0.8162 0.8171 165 141
495-1-1-0.05-50-0 1 2409 36 43 133 91 0.8162 0.8316 165 123
495-1-1-0.05-50-0 1 2410 36 2 139 148 0.8162 0.8198 165 167
495-1-1-0.05-50-0 1 2410 1 1 18 18 0.2520 0.2520 409 409
495-1-1-0.05-50-0 1 2410 36 2 139 147 0.8162 0.8198 165 167
495-1-1-0.05-50-0 1 2410 20 21 96 1 0.9922 0.4184 102 158
495-1-1-0.05-50-0 1 2410 36 14 139 11 0.8162 0.8451 165 105
495-1-1-0.05-50-0 1 2411 1 10 17 10 0.2520 0.2533 409 449
495-1-1-0.05-50-0 1 2411 36 36 136 136 0.8162 0.8162 165 165
495-1-1-0.05-50-0 1 2411 36 2 135 147 0.8162 0.8198 165 167
495-1-1-0.05-50-0 1 2411 36 37 135 127 0.8162 0.8481 165 127
495-1-1-0.05-50-0 1 2412 36 26 139 70 0.8162 0.8171 165 141
495-1-1-0.05-50-0 1 2412 2 30 144 1 0.8198 0.6008 167 266
495-1-1-0.05-50-0 1 2412 36 43 139 85 0.8162 0.8316 165 123
495-1-1-0.05-50-0 1 2412 36 2 139 144 0.8162 0.8198 165 167
495-1-1-0.05-50-0 1 2412 14 47 8 103 0.8451 0.9293 105 103
495-1-1-0.05-50-0 1 2413 36 37 142 124 0.8162 0.8481 165 127
495-1-1-0.05-50-0 1 2413 36 2 142 148 0.8162 0.8198 165 167
495-1-1-0.05-50-0 1 2413 36 37 142 123 0.8162 0.8481 165 127
495-1-1-0.05-50-0 1 2413 25 11 104 1 0.9430 0.0504 125 384
495-1-1-0.05-50-0 1 2413 36 37 142 122 0.8162 0.8481 165 127
495-1-1-0.05-50-0 1 2413 36 26 142 73 0.8162 0.8171 165 141
495-1-1-0.05-50-0 1 2414 20 6 102 1 0.9922 0.4266 102 249
495-1-1-0.05-50-0 1 2414 36 37 149 124 0.8162 0.8481 165 127
495-1-1-0.05-50-0 1 2416 36 43 147 89 0.8162 0.8316 165 123
495-1-1-0.05-50-0 1 2416 36 36 147 147 0.8162 0.8162 165 165
495-1-1-0.05-50-0 1 2416 40 42 104 1 0.9739 0.7447 104 106
495-1-1-0.05-50-0 1 2417 36 37 144 126 0.8162 0.8481 165 127
495-1-1-0.05-50-0 1 2417 36 37 144 125 0.8162 0.8481 165 127
495-1-1-0.05-50-0 1 2417 14 20 9 102 0.8451 0.9922 105 102
495-1-1-0.05-50-0 1 2417 36 2 144 149 0.8162 0.8198 165 167
495-1-1-0.05-50-0 1 2418 40 3 104 1 0.9739 0.4813 104 321
495-1-1-0.05-50-0 1 2418 36 36 141 141 0.8162 0.8162 165 165
495-1-1-0.05-50-0 1 2418 36 37 140 124 0.8162 0.8481 165 127
495-1-1-0.05-50-0 1 2419 25 35 104 1 0.9430 0.0354 125 158
495-1-1-0.05-50-0 1 2419 36 43 141 90 0.8162 0.8316 165 123
495-1-1-0.05-50-0 1 2419 36 26 141 73 0.8162 0.8171 165 141
495-1-1-0.05-50-0 1 2419 36 36 141 141 0.8162 0.8162 165 165
495-1-1-0.05-50-0 1 2419 36 14 140 9 0.8162 0.8451 165 105
495-1-1-0.05-50-0 1 2419 1 10 18 10 0.2520 0.2533 409 449
495-1-1-0.05-50-0 1 2419 36 2 140 144 0.8162 0.8198 165 167
495-1-1-0.05-50-0 1 2420 36 37 139 125 0.8162 0.8481 165 127
495-1-1-0.05-50-0 1 2420 14 41 7 105 0.8451 0.9621 105 105
495-1-1-0.05-50-0 1 2420 36 2 139 145 0.8162 0.8198 165 167
495-1-1-0.05-50-0 1 2420 36 37 139 124 0.8162 0.8481 165 127
495-1-1-0.05-50-0 1 2421 36 36 138 138 0.8162 0.8162 165 165
495-1-1-0.05-50-0 1 2421 36 2 137 144 0.8162 0.8198 165 167
495-1-1-0.05-50-0 1 2421 36 2 137 143 0.8162 0.8198 165 167
495-1-1-0.05-50-0 1 2421 36 43 137 93 0.8162 0.8316 165 123
495-1-1-0.05-50-0 1 2421 36 43 137 92 0.8162 0.8316 165 123
495-1-1-0.05-50-0 1 2422 14 36 6 138 0.8451 0.8162 105 165
495-1-1-0.05-50-0 1 2422 1 1 18 18 0.2520 0.2520 409 409
495-1-1-0.05-50-0 1 2422 36 36 137 137 0.8162 0.8162 165 165
495-1-1-0.05-50-0 1 2422 36 2 136 139 0.8162 0.8198 165 167
495-1-1-0.05-50-0 1 2423 37 48 127 1 0.8481 0.1153 127 334
495-1-1-0.05-50-0 1 2423 36 43 135 92 0.8162 0.8316 165 123
495-1-1-0.05-50-0 1 2423 36 26 135 72 0.8162 0.8171 165 141
495-1-1-0.05-50-0 1 2423 1 1 18 18 0.2520 0.2520 409 409
495-1-1-0.05-50-0 1 2423 36 26 135 71 0.8162 0.8171 165 141
495-1-1-0.05-50-0 1 2424 36 26 136 70 0.8162 0.8171 165 141
495-1-1-0.05-50-0 1 2424 36 2 136 141 0.8162 0.8198 165 167
495-1-1-0.05-50-0 1 2424 36 36 136 136 0.8162 0.8162 165 165
495-1-1-0.05-50-0 1 2424 36 37 135 127 0.8162 0.8481 165 127
495-1-1-0.05-50-0 1 2424 36 26 135 69 0.8162 0.8171 165 141
495-1-1-0.05-50-0 1 2425 36 2 137 142 0.8162 0.8198 165 167
495-1-1-0.05-50-0 1 2425 36 43 137 87 0.8162 0.8316 165 123
495-1-1-0.05-50-0 1 2425 1 1 17 17 0.2520 0.2520 409 409
495-1-1-0.05-50-0 1 2425 36 2 137 141 0.8162 0.8198 165 167
495-1-1-0.05-50-0 1 2426 1 10 15 10 0.2520 0.2533 409 449
495-1-1-0.05-50-0 1 2426 36 36 134 134 0.8162 0.8162 165 165
495-1-1-0.05-50-0 1 2427 41 35 105 1 0.9621 0.0354 105 158
495-1-1-0.05-50-0 1 2428 36 2 133 153 0.8162 0.8198 165 167
495-1-1-0.05-50-0 1 2428 36 2 133 152 0.8162 0.8198 165 167
495-1-1-0.05-50-0 1 2428 36 2 133 151 0.8162 0.8198 165 167
495-1-1-0.05-50-0 1 2428 20 17 102 2 0.9922 0.6398 102 197
495-1-1-0.05-50-0 1 2429 10 27 8 147 0.2533 0.0776 449 149
495-1-1-0.05-50-0 1 2429 36 43 133 91 0.8162 0.8316 165 123
495-1-1-0.05-50-0 1 2430 36 2 133 150 0.8162 0.8198 165 167
495-1-1-0.05-50-0 1 2430 40 17 91 1 0.9739 0.6398 104 197
495-1-1-0.05-50-0 1 2430 36 2 133 149 0.8162 0.8198 165 167
495-1-1-0.05-50-0 1 2430 36 36 133 133 0.8162 0.8162 165 165
495-1-1-0.05-50-0 1 2431 36 36 134 134 0.8162 0.8162 165 165
495-1-1-0.05-50-0 1 2431 36 36 133 133 0.8162 0.8162 165 165
495-1-1-0.05-50-0 1 2432 37 39 121 2 0.8481 0.2187 127 309
495-1-1-0.05-50-0 1 2432 36 2 128 147 0.8162 0.8198 165 167
495-1-1-0.05-50-0 1 2432 36 43 128 96 0.8162 0.8316 165 123
495-1-1-0.05-50-0 1 2432 37 39 121 1 0.8481 0.2187 127 309
495-1-1-0.05-50-0 1 2433 20 38 97 1 0.9922 0.6163 102 270
495-1-1-0.05-50-0 1 2433 2 30 145 1 0.8198 0.6008 167 266
495-1-1-0.05-50-0 1 2433 10 27 7 149 0.2533 0.0776 449 149
495-1-1-0.05-50-0 1 2433 37 50 122 1 0.8481 0.2147 127 147
495-1-1-0.05-50-0 1 2434 1 1 14 14 0.2520 0.2520 409 409
495-1-1-0.05-50-0 1 2434 10 27 7 149 0.2533 0.0776 449 149
495-1-1-0.05-50-0 1 2435 36 26 123 69 0.8162 0.8171 165 141
495-1-1-0.05-50-0 1 2435 36 37 123 127 0.8162 0.8481 165 127
495-1-1-0.05-50-0 1 2435 14 47 7 97 0.8451 0.9293 105 103
495-1-1-0.05-50-0 1 2435 36 26 123 68 0.8162 0.8171 165 141
495-1-1-0.05-50-0 1 2435 36 43 123 94 0.8162 0.8316 165 123
495-1-1-0.05-50-0 1 2436 36 2 122 152 0.8162 0.8198 165 167
495-1-1-0.05-50-0 1 2436 36 36 122 122 0.8162 0.8162 165 165
495-1-1-0.05-50-0 1 2436 36 36 121 121 0.8162 0.8162 165 165
495-1-1-0.05-50-0 1 2436 37 48 126 1 0.8481 0.1153 127 334
495-1-1-0.05-50-0 1 2436 36 36 120 120 0.8162 0.8162 165 165
495-1-1-0.05-50-0 1 2436 25 35 97 1 0.9430 0.0354 125 158
495-1-1-0.05-50-0 1 2437 37 39 127 2 0.8481 0.2187 127 309
495-1-1-0.05-50-0 1 2437 36 43 121 95 0.8162 0.8316 165 123
495-1-1-0.05-50-0 1 2437 36 37 121 127 0.8162 0.8481 165 127
495-1-1-0.05-50-0 1 2438 37 39 126 1 0.8481 0.2187 127 309
495-1-1-0.05-50-0 1 2438 36 43 125 91 0.8162 0.8316 165 123
495-1-1-0.05-50-0 1 2439 36 36 129 129 0.8162 0.8162 165 165
495-1-1-0.05-50-0 1 2439 10 27 8 149 0.2533 0.0776 449 149
495-1-1-0.05-50-0 1 2439 36 2 128 151 0.8162 0.8198 165 167
495-1-1-0.05-50-0 1 2440 43 12 83 1 0.8316 0.1896 123 325
495-1-1-0.05-50-0 1 2440 36 37 127 126 0.8162 0.8481 165 127
495-1-1-0.05-50-0 1 2440 36 2 127 154 0.8162 0.8198 165 167
495-1-1-0.05-50-0 1 2440 36 37 127 125 0.8162 0.8481 165 127
495-1-1-0.05-50-0 1 2441 14 25 7 92 0.8451 0.9430 105 125
495-1-1-0.05-50-0 1 2441 36 37 126 122 0.8162 0.8481 165 127
495-1-1-0.05-50-0 1 2441 36 43 126 84 0.8162 0.8316 165 123
495-1-1-0.05-50-0 1 2441 36 2 126 152 0.8162 0.8198 165 167
495-1-1-0.05-50-0 1 2442 20 31 93 1 0.9922 0.5626 102 252
495-1-1-0.05-50-0 1 2442 36 2 130 153 0.8162 0.8198 165 167
495-1-1-0.05-50-0 1 2442 36 37 130 121 0.8162 0.8481 165 127
495-1-1-0.05-50-0 1 2442 36 43 130 80 0.8162 0.8316 165 123
495-1-1-0.05-50-0 1 2443 10 27 8 149 0.2533 0.0776 449 149
495-1-1-0.05-50-0 1 2443 36 43 129 83 0.8162 0.8316 165 123
495-1-1-0.05-50-0 1 2443 36 37 129 124 0.8162 0.8481 165 127
495-1-1-0.05-50-0 1 2443 36 26 129 72 0.8162 0.8171 165 141
495-1-1-0.05-50-0 1 2444 36 26 131 73 0.8162 0.8171 165 141
495-1-1-0.05-50-0 1 2444 36 36 131 131 0.8162 0.8162 165 165
495-1-1-0.05-50-0 1 2444 36 26 130 72 0.8162 0.8171 165 141
495-1-1-0.05-50-0 1 2445 36 43 133 83 0.8162 0.8316 165 123
495-1-1-0.05-50-0 1 2445 2 6 150 1 0.8198 0.4266 167 249
495-1-1-0.05-50-0 1 2445 36 2 133 150 0.8162 0.8198 165 167
495-1-1-0.05-50-0 1 2446 37 48 122 2 0.8481 0.1153 127 334
495-1-1-0.05-50-0 1 2446 36 26 132 76 0.8162 0.8171 165 141
495-1-1-0.05-50-0 1 2446 36 43 132 84 0.8162 0.8316 165 123
495-1-1-0.05-50-0 1 2446 36 26 132 75 0.8162 0.8171 165 141
495-1-1-0.05-50-0 1 2447 2 21 141 2 0.8198 0.4184 167 158
495-1-1-0.05-50-0 1 2447 20 21 93 1 0.9922 0.4184 102 158
495-1-1-0.05-50-0 1 2447 36 36 128 128 0.8162 0.8162 165 165
495-1-1-0.05-50-0 1 2447 36 36 127 127 0.8162 0.8162 165 165
495-1-1-0.05-50-0 1 2447 36 37 126 126 0.8162 0.8481 165 127
495-1-1-0.05-50-0 1 2448 36 43 133 84 0.8162 0.8316 165 123
495-1-1-0.05-50-0 1 2448 40 31 64 1 0.9739 0.5626 104 252
495-1-1-0.05-50-0 1 2448 40 45 64 1 0.9739 0.3816 104 173
495-1-1-0.05-50-0 1 2449 36 2 135 153 0.8162 0.8198 165 167
495-1-1-0.05-50-0 1 2449 36 2 135 152 0.8162 0.8198 165 167
495-1-1-0.05-50-0 1 2449 20 44 89 1 0.9922 0.7034 102 118
495-1-1-0.05-50-0 1 2450 36 37 137 127 0.8162 0.8481 165 127
495-1-1-0.05-50-0 1 2450 36 37 137 126 0.8162 0.8481 165 127
495-1-1-0.05-50-0 1 2450 36 26 137 70 0.8162 0.8171 165 141
495-1-1-0.05-50-0 1 2450 36 26 137 69 0.8162 0.8171 165 141
495-1-1-0.05-50-0 1 2450 36 36 137 137 0.8162 0.8162 165 165
495-1-1-0.05-50-0 1 2451 36 2 137 149 0.8162 0.8198 165 167
495-1-1-0.05-50-0 1 2451 36 43 137 89 0.8162 0.8316 165 123
495-1-1-0.05-50-0 1 2451 36 26 137 67 0.8162 0.8171 165 141
495-1-1-0.05-50-0 1 2451 36 26 137 66 0.8162 0.8171 165 141
495-1-1-0.05-50-0 1 2451 1 1 17 17 0.2520 0.2520 409 409
495-1-1-0.05-50-0 1 2451 36 2 137 148 0.8162 0.8198 165 167
495-1-1-0.05-50-0 1 2451 14 36 9 137 0.8451 0.8162 105 165
495-1-1-0.05-50-0 1 2452 36 26 134 65 0.8162 0.8171 165 141
495-1-1-0.05-50-0 1 2452 36 37 134 127 0.8162 0.8481 165 127
495-1-1-0.05-50-0 1 2452 37 48 126 1 0.8481 0.1153 127 334
495-1-1-0.05-50-0 1 2452 36 37 134 126 0.8162 0.8481 165 127
495-1-1-0.05-50-0 1 2452 36 2 134 147 0.8162 0.8198 165 167
495-1-1-0.05-50-0 1 2453 36 36 134 134 0.8162 0.8162 165 165
495-1-1-0.05-50-0 1 2453 36 2 133 149 0.8162 0.8198 165 167
495-1-1-0.05-50-0 1 2453 20 46 91 1 0.9922 0.3451 102 327
495-1-1-0.05-50-0 1 2453 36 36 133 133 0.8162 0.8162 165 165
495-1-1-0.05-50-0 1 2454 36 37 131 127 0.8162 0.8481 165 127
495-1-1-0.05-50-0 1 2454 36 37 131 126 0.8162 0.8481 165 127
495-1-1-0.05-50-0 1 2454 14 41 11 99 0.8451 0.9621 105 105
495-1-1-0.05-50-0 1 2455 36 2 132 158 0.8162 0.8198 165 167
495-1-1-0.05-50-0 1 2455 36 43 132 90 0.8162 0.8316 165 123
495-1-1-0.05-50-0 1 2455 10 27 8 149 0.2533 0.0776 449 149
495-1-1-0.05-50-0 1 2455 36 43 132 89 0.8162 0.8316 165 123
495-1-1-0.05-50-0 1 2456 1 10 19 8 0.2520 0.2533 409 449
495-1-1-0.05-50-0 1 2456 36 2 130 160 0.8162 0.8198 165 167
495-1-1-0.05-50-0 1 2456 20 38 94 1 0.9922 0.6163 102 270
495-1-1-0.05-50-0 1 2456 36 43 130 85 0.8162 0.8316 165 123
495-1-1-0.05-50-0 1 2456 36 2 130 159 0.8162 0.8198 165 167
495-1-1-0.05-50-0 1 2456 2 44 158 2 0.8198 0.7034 167 118
495-1-1-0.05-50-0 1 2457 36 37 126 127 0.8162 0.8481 165 127
495-1-1-0.05-50-0 1 2457 1 1 18 18 0.2520 0.2520 409 409
495-1-1-0.05-50-0 1 2457 1 1 17 17 0.2520 0.2520 409 409
495-1-1-0.05-50-0 1 2457 36 43 126 83 0.8162 0.8316 165 123
495-1-1-0.05-50-0 1 2458 14 37 11 127 0.8451 0.8481 105 127
495-1-1-0.05-50-0 1 2458 14 26 11 70 0.8451 0.8171 105 141
495-1-1-0.05-50-0 1 2458 36 14 131 11 0.8162 0.8451 165 105
495-1-1-0.05-50-0 1 2458 36 37 131 126 0.8162 0.8481 165 127
495-1-1-0.05-50-0 1 2458 1 1 15 15 0.2520 0.2520 409 409
495-1-1-0.05-50-0 1 2458 2 44 162 3 0.8198 0.7034 167 118
495-1-1-0.05-50-0 1 2458 36 2 131 162 0.8162 0.8198 165 167
495-1-1-0.05-50-0 1 2459 20 44 93 2 0.9922 0.7034 102 118
495-1-1-0.05-50-0 1 2459 36 36 137 137 0.8162 0.8162 165 165
495-1-1-0.05-50-0 1 2459 2 44 162 1 0.8198 0.7034 167 118
495-1-1-0.05-50-0 1 2459 37 16 125 1 0.8481 0.2228 127 149
495-1-1-0.05-50-0 1 2459 36 36 136 136 0.8162 0.8162 165 165
495-1-1-0.05-50-0 1 2460 36 43 137 83 0.8162 0.8316 165 123
495-1-1-0.05-50-0 1 2460 36 36 137 137 0.8162 0.8162 165 165
495-1-1-0.05-50-0 1 2460 36 36 136 136 0.8162 0.8162 165 165
495-1-1-0.05-50-0 1 2460 10 27 9 149 0.2533 0.0776 449 149
495-1-1-0.05-50-0 1 2461 36 43 135 83 0.8162 0.8316 165 123
495-1-1-0.05-50-0 1 2462 20 31 99 1 0.9922 0.5626 102 252
495-1-1-0.05-50-0 1 2462 36 2 134 167 0.8162 0.8198 165 167
495-1-1-0.05-50-0 1 2462 10 27 11 149 0.2533 0.0776 449 149
495-1-1-0.05-50-0 1 2462 14 43 9 82 0.8451 0.8316 105 123
495-1-1-0.05-50-0 1 2462 37 39 123 2 0.8481 0.2187 127 309
495-1-1-0.05-50-0 1 2462 36 37 134 123 0.8162 0.8481 165 127
495-1-1-0.05-50-0 1 2462 10 27 11 148 0.2533 0.0776 449 149
495-1-1-0.05-50-0 1 2463 36 2 133 167 0.8162 0.8198 165 167
495-1-1-0.05-50-0 1 2463 36 2 133 166 0.8162 0.8198 165 167
495-1-1-0.05-50-0 1 2463 36 43 133 85 0.8162 0.8316 165 123
495-1-1-0.05-50-0 1 2464 19 19 4 4 0.8072 0.8072 134 134
495-1-1-0.05-50-0 1 2465 20 28 100 1 0.9922 0.3846 102 311
495-1-1-0.05-50-0 1 2465 10 27 10 149 0.2533 0.0776 449 149
495-1-1-0.05-50-0 1 2466 36 36 141 141 0.8162 0.8162 165 165
495-1-1-0.05-50-0 1 2466 36 36 140 140 0.8162 0.8162 165 165
495-1-1-0.05-50-0 1 2466 36 2 139 165 0.8162 0.8198 165 167
495-1-1-0.05-50-0 1 2466 37 39 118 2 0.8481 0.2187 127 309
495-1-1-0.05-50-0 1 2466 36 36 139 139 0.8162 0.8162 165 165
495-1-1-0.05-50-0 1 2467 1 1 12 12 0.2520 0.2520 409 409
495-1-1-0.05-50-0 1 2467 36 36 136 136 0.8162 0.8162 165 165
495-1-1-0.05-50-0 1 2467 25 11 120 1 0.9430 0.0504 125 384
495-1-1-0.05-50-0 1 2467 1 10 11 10 0.2520 0.2533 409 449
495-1-1-0.05-50-0 1 2469 36 37 133 120 0.8162 0.8481 165 127
495-1-1-0.05-50-0 1 2469 10 27 11 140 0.2533 0.0776 449 149
495-1-1-0.05-50-0 1 2469 36 2 133 162 0.8162 0.8198 165 167
495-1-1-0.05-50-0 1 2469 36 36 133 133 0.8162 0.8162 165 165
495-1-1-0.05-50-0 1 2470 40 38 61 1 0.9739 0.6163 104 270
495-1-1-0.05-50-0 1 2470 25 11 110 1 0.9430 0.0504 125 384
495-1-1-0.05-50-0 1 2470 36 2 134 162 0.8162 0.8198 165 167
495-1-1-0.05-50-0 1 2470 36 37 134 120 0.8162 0.8481 165 127
495-1-1-0.05-50-0 1 2471 36 37 132 114 0.8162 0.8481 165 127
495-1-1-0.05-50-0 1 2471 36 37 132 113 0.8162 0.8481 165 127
495-1-1-0.05-50-0 1 2472 36 36 133 133 0.8162 0.8162 165 165
495-1-1-0.05-50-0 1 2472 36 36 132 132 0.8162 0.8162 165 165
495-1-1-0.05-50-0 1 2472 1 1 13 13 0.2520 0.2520 409 409
495-1-1-0.05-50-0 1 2473 36 36 134 134 0.8162 0.8162 165 165
495-1-1-0.05-50-0 1 2473 36 2 133 167 0.8162 0.8198 165 167
495-1-1-0.05-50-0 1 2473 36 26 133 67 0.8162 0.8171 165 141
495-1-1-0.05-50-0 1 2473 36 2 133 166 0.8162 0.8198 165 167
495-1-1-0.05-50-0 1 2473 36 26 133 66 0.8162 0.8171 165 141
495-1-1-0.05-50-0 1 2474 36 2 138 164 0.8162 0.8198 165 167
495-1-1-0.05-50-0 1 2474 36 36 138 138 0.8162 0.8162 165 165
495-1-1-0.05-50-0 1 2474 36 26 137 65 0.8162 0.8171 165 141
495-1-1-0.05-50-0 1 2474 36 37 137 117 0.8162 0.8481 165 127
495-1-1-0.05-50-0 1 2474 37 48 116 2 0.8481 0.1153 127 334
495-1-1-0.05-50-0 1 2474 20 6 102 1 0.9922 0.4266 102 249
495-1-1-0.05-50-0 1 2474 37 23 116 1 0.8481 0.1698 127 476
495-1-1-0.05-50-0 1 2474 36 36 137 137 0.8162 0.8162 165 165
495-1-1-0.05-50-0 1 2474 14 36 8 136 0.8451 0.8162 105 165
495-1-1-0.05-50-0 1 2475 36 2 136 159 0.8162 0.8198 165 167
495-1-1-0.05-50-0 1 2475 37 39 112 1 0.8481 0.2187 127 309
495-1-1-0.05-50-0 1 2475 36 2 136 158 0.8162 0.8198 165 167
495-1-1-0.05-50-0 1 2475 36 37 136 112 0.8162 0.8481 165 127
495-1-1-0.05-50-0 1 2475 36 43 136 100 0.8162 0.8316 165 123
495-1-1-0.05-50-0 1 2475 36 26 136 62 0.8162 0.8171 165 141
495-1-1-0.05-50-0 1 2475 36 2 136 157 0.8162 0.8198 165 167
495-1-1-0.05-50-0 1 2476 25 35 100 2 0.9430 0.0354 125 158
495-1-1-0.05-50-0 1 2476 36 2 135 152 0.8162 0.8198 165 167
495-1-1-0.05-50-0 1 2476 36 43 135 100 0.8162 0.8316 165 123
495-1-1-0.05-50-0 1 2476 10 27 12 149 0.2533 0.0776 449 149
495-1-1-0.05-50-0 1 2477 40 29 64 1 0.9739 0.6728 104 177
495-1-1-0.05-50-0 1 2477 36 43 133 105 0.8162 0.8316 165 123
495-1-1-0.05-50-0 1 2477 36 43 133 104 0.8162 0.8316 165 123
495-1-1-0.05-50-0 1 2478 36 2 129 152 0.8162 0.8198 165 167
495-1-1-0.05-50-0 1 2478 14 2 9 151 0.8451 0.8198 105 167
495-1-1-0.05-50-0 1 2478 25 35 103 1 0.9430 0.0354 125 158
495-1-1-0.05-50-0 1 2478 36 26 129 59 0.8162 0.8171 165 141
495-1-1-0.05-50-0 1 2479 37 48 116 1 0.8481 0.1153 127 334
495-1-1-0.05-50-0 1 2479 36 36 134 134 0.8162 0.8162 165 165
495-1-1-0.05-50-0 1 2479 1 10 15 16 0.2520 0.2533 409 449
495-1-1-0.05-50-0 1 2479 36 2 133 149 0.8162 0.8198 165 167
495-1-1-0.05-50-0 1 2479 36 43 133 111 0.8162 0.8316 165 123
495-1-1-0.05-50-0 1 2479 36 26 133 56 0.8162 0.8171 165 141
495-1-1-0.05-50-0 1 2480 40 34 65 1 0.9739 0.7448 104 168
495-1-1-0.05-50-0 1 2480 36 37 130 118 0.8162 0.8481 165 127
495-1-1-0.05-50-0 1 2480 36 37 130 117 0.8162 0.8481 165 127
495-1-1-0.05-50-0 1 2480 41 35 98 1 0.9621 0.0354 105 158
495-1-1-0.05-50-0 1 2480 10 27 15 149 0.2533 0.0776 449 149
495-1-1-0.05-50-0 1 2481 36 37 130 119 0.8162 0.8481 165 127
495-1-1-0.05-50-0 1 2482 36 43 128 111 0.8162 0.8316 165 123
495-1-1-0.05-50-0 1 2482 36 37 128 117 0.8162 0.8481 165 127
495-1-1-0.05-50-0 1 2482 2 38 153 1 0.8198 0.6163 167 270
495-1-1-0.05-50-0 1 2483 36 36 126 126 0.8162 0.8162 165 165
495-1-1-0.05-50-0 1 2483 36 2 125 157 0.8162 0.8198 165 167
495-1-1-0.05-50-0 1 2484 36 43 125 111 0.8162 0.8316 165 123
495-1-1-0.05-50-0 1 2484 36 2 125 157 0.8162 0.8198 165 167
495-1-1-0.05-50-0 1 2484 1 10 15 16 0.2520 0.2533 409 449
495-1-1-0.05-50-0 1 2484 10 27 15 149 0.2533 0.0776 449 149
495-1-1-0.05-50-0 1 2485 36 43 129 108 0.8162 0.8316 165 123
495-1-1-0.05-50-0 1 2485 37 18 115 1 0.8481 0.2181 127 226
495-1-1-0.05-50-0 1 2485 36 36 129 129 0.8162 0.8162 165 165
495-1-1-0.05-50-0 1 2485 36 2 128 158 0.8162 0.8198 165 167
495-1-1-0.05-50-0 1 2486 10 27 15 148 0.2533 0.0776 449 149
495-1-1-0.05-50-0 1 2486 36 26 129 60 0.8162 0.8171 165 141
495-1-1-0.05-50-0 1 2486 2 17 161 1 0.8198 0.6398 167 197
495-1-1-0.05-50-0 1 2486 26 3 59 1 0.8171 0.4813 141 321
495-1-1-0.05-50-0 1 2487 36 36 126 126 0.8162 0.8162 165 165
495-1-1-0.05-50-0 1 2487 36 36 125 125 0.8162 0.8162 165 165
495-1-1-0.05-50-0 1 2487 36 43 124 105 0.8162 0.8316 165 123
495-1-1-0.05-50-0 1 2488 1 8 16 2 0.2520 0.2506 409 303
495-1-1-0.05-50-0 1 2488 20 28 91 1 0.9922 0.3846 102 311
495-1-1-0.05-50-0 1 2488 10 27 15 149 0.2533 0.0776 449 149
495-1-1-0.05-50-0 1 2489 36 36 128 128 0.8162 0.8162 165 165
495-1-1-0.05-50-0 1 2489 36 36 127 127 0.8162 0.8162 165 165
495-1-1-0.05-50-0 1 2489 36 36 126 126 0.8162 0.8162 165 165
495-1-1-0.05-50-0 1 2489 10 27 18 149 0.2533 0.0776 449 149
495-1-1-0.05-50-0 1 2490 1 10 15 18 0.2520 0.2533 409 449
495-1-1-0.05-50-0 1 2490 36 37 126 124 0.8162 0.8481 165 127
495-1-1-0.05-50-0 1 2490 36 36 126 126 0.8162 0.8162 165 165
495-1-1-0.05-50-0 1 2491 36 43 123 104 0.8162 0.8316 165 123
495-1-1-0.05-50-0 1 2491 36 36 123 123 0.8162 0.8162 165 165
495-1-1-0.05-50-0 1 2491 36 26 122 57 0.8162 0.8171 165 141
495-1-1-0.05-50-0 1 2491 36 43 122 103 0.8162 0.8316 165 123
495-1-1-0.05-50-0 1 2492 25 35 114 1 0.9430 0.0354 125 158
495-1-1-0.05-50-0 1 2492 10 27 15 149 0.2533 0.0776 449 149
495-1-1-0.05-50-0 1 2492 36 36 123 123 0.8162 0.8162 165 165
495-1-1-0.05-50-0 1 2492 36 36 122 122 0.8162 0.8162 165 165
495-1-1-0.05-50-0 1 2492 36 36 121 121 0.8162 0.8162 165 165
495-1-1-0.05-50-0 1 2493 36 43 125 104 0.8162 0.8316 165 123
495-1-1-0.05-50-0 1 2493 1 1 17 17 0.2520 0.2520 409 409
495-1-1-0.05-50-0 1 2494 36 37 128 126 0.8162 0.8481 165 127
495-1-1-0.05-50-0 1 2494 36 26 128 60 0.8162 0.8171 165 141
495-1-1-0.05-50-0 1 2494 36 2 128 153 0.8162 0.8198 165 167
495-1-1-0.05-50-0 1 2494 40 34 77 2 0.9739 0.7448 104 168
495-1-1-0.05-50-0 1 2494 36 37 128 125 0.8162 0.8481 165 127
495-1-1-0.05-50-0 1 2494 36 43 128 104 0.8162 0.8316 165 123
495-1-1-0.05-50-0 1 2495 1 10 16 13 0.2520 0.2533 409 449
495-1-1-0.05-50-0 1 2495 36 2 133 153 0.8162 0.8198 165 167
495-1-1-0.05-50-0 1 2495 1 10 16 12 0.2520 0.2533 409 449
495-1-1-0.05-50-0 1 2496 36 2 131 151 0.8162 0.8198 165 167
495-1-1-0.05-50-0 1 2496 36 43 131 105 0.8162 0.8316 165 123
495-1-1-0.05-50-0 1 2496 36 2 131 150 0.8162 0.8198 165 167
495-1-1-0.05-50-0 1 2497 36 36 131 131 0.8162 0.8162 165 165
495-1-1-0.05-50-0 1 2497 36 36 130 130 0.8162 0.8162 165 165
495-1-1-0.05-50-0 1 2497 20 28 93 1 0.9922 0.3846 102 311
495-1-1-0.05-50-0 1 2497 36 43 129 109 0.8162 0.8316 165 123
495-1-1-0.05-50-0 1 2497 36 36 129 129 0.8162 0.8162 165 165
495-1-1-0.05-50-0 1 2497 19 19 5 5 0.8072 0.8072 134 134
495-1-1-0.05-50-0 1 2498 43 49 108 1 0.8316 0.1842 123 136
495-1-1-0.05-50-0 1 2498 36 2 125 152 0.8162 0.8198 165 167
495-1-1-0.05-50-0 1 2498 14 40 9 73 0.8451 0.9739 105 104
495-1-1-0.05-50-0 1 2498 36 43 125 108 0.8162 0.8316 165 123
495-1-1-0.05-50-0 1 2499 36 43 126 108 0.8162 0.8316 165 123
495-1-1-0.05-50-0 1 2499 36 37 126 120 0.8162 0.8481 165 127
495-1-1-0.05-50-0 1 2499 36 2 126 153 0.8162 0.8198 165 167
495-1-1-0.05-50-0 1 2499 36 43 126 107 0.8162 0.8316 165 123
495-1-1-0.05-50-0 1 2499 19 38 5 1 0.8072 0.6163 134 270
495-1-1-0.05-50-0 1 2499 36 43 126 106 0.8162 0.8316 165 123
495-1-1-0.05-50-0 1 2499 36 43 126 105 0.8162 0.8316 165 123
495-1-1-0.05-50-0 1 2500 36 14 127 10 0.8162 0.8451 165 105
495-1-1-0.05-50-0 1 2500 36 2 127 152 0.8162 0.8198 165 167
