496-0-1-0.05-50-0 0 2302 4 11 31 7 0.0723 0.0504 351 384
496-0-1-0.05-50-0 0 2302 6 18 20 2 0.4266 0.2181 249 226
496-0-1-0.05-50-0 0 2303 23 5 6 16 0.1698 0.0007 476 226
496-0-1-0.05-50-0 0 2303 5 38 15 3 0.0007 0.6163 226 270
496-0-1-0.05-50-0 0 2304 4 6 31 22 0.0723 0.4266 351 249
496-0-1-0.05-50-0 0 2304 4 21 31 8 0.0723 0.4184 351 158
496-0-1-0.05-50-0 0 2305 13 11 1 10 0.8878 0.0504 151 384
496-0-1-0.05-50-0 0 2305 40 21 3 7 0.9739 0.4184 104 158
496-0-1-0.05-50-0 0 2306 6 6 23 23 0.4266 0.4266 249 249
496-0-1-0.05-50-0 0 2306 4 35 34 1 0.0723 0.0354 351 158
496-0-1-0.05-50-0 0 2306 34 48 3 5 0.7448 0.1153 168 334
496-0-1-0.05-50-0 0 2307 4 21 36 9 0.0723 0.4184 351 158
496-0-1-0.05-50-0 0 2307 11 12 9 3 0.0504 0.1896 384 325
496-0-1-0.05-50-0 0 2307 4 5 36 15 0.0723 0.0007 351 226
496-0-1-0.05-50-0 0 2308 4 5 32 14 0.0723 0.0007 351 226
496-0-1-0.05-50-0 0 2308 21 5 8 13 0.4184 0.0007 158 226
496-0-1-0.05-50-0 0 2308 42 48 7 5 0.7447 0.1153 106 334
496-0-1-0.05-50-0 0 2309 26 40 1 2 0.8171 0.9739 141 104
496-0-1-0.05-50-0 0 2309 41 11 2 10 0.9621 0.0504 105 384
496-0-1-0.05-50-0 0 2309 11 8 9 4 0.0504 0.2506 384 303
496-0-1-0.05-50-0 0 2310 14 23 4 5 0.8451 0.1698 105 476
496-0-1-0.05-50-0 0 2310 6 5 21 12 0.4266 0.0007 249 226
496-0-1-0.05-50-0 0 2310 21 8 10 3 0.4184 0.2506 158 303
496-0-1-0.05-50-0 0 2311 30 7 5 2 0.6008 0.9267 266 106
496-0-1-0.05-50-0 0 2311 23 13 5 4 0.1698 0.8878 476 151
496-0-1-0.05-50-0 0 2311 10 21 5 10 0.2533 0.4184 449 158
496-0-1-0.05-50-0 0 2312 6 4 19 37 0.4266 0.0723 249 351
496-0-1-0.05-50-0 0 2312 11 4 8 36 0.0504 0.0723 384 351
496-0-1-0.05-50-0 0 2312 4 5 35 12 0.0723 0.0007 351 226
496-0-1-0.05-50-0 0 2313 21 4 9 37 0.4184 0.0723 158 351
496-0-1-0.05-50-0 0 2313 21 4 9 36 0.4184 0.0723 158 351
496-0-1-0.05-50-0 0 2313 46 4 5 35 0.3451 0.0723 327 351
496-0-1-0.05-50-0 0 2314 6 23 19 6 0.4266 0.1698 249 476
496-0-1-0.05-50-0 0 2314 44 34 6 3 0.7034 0.7448 118 168
496-0-1-0.05-50-0 0 2314 23 4 5 34 0.1698 0.0723 476 351
496-0-1-0.05-50-0 0 2315 19 23 4 5 0.8072 0.1698 134 476
496-0-1-0.05-50-0 0 2315 4 32 32 1 0.0723 0.6514 351 215
496-0-1-0.05-50-0 0 2315 5 19 10 4 0.0007 0.8072 226 134
496-0-1-0.05-50-0 0 2316 37 25 3 2 0.8481 0.9430 127 125
496-0-1-0.05-50-0 0 2316 16 5 3 10 0.2228 0.0007 149 226
496-0-1-0.05-50-0 0 2316 4 4 30 30 0.0723 0.0723 351 351
496-0-1-0.05-50-0 0 2317 10 10 8 8 0.2533 0.2533 449 449
496-0-1-0.05-50-0 0 2317 22 6 1 18 0.0160 0.4266 311 249
496-0-1-0.05-50-0 0 2317 6 4 17 31 0.4266 0.0723 249 351
496-0-1-0.05-50-0 0 2318 42 4 12 31 0.7447 0.0723 106 351
496-0-1-0.05-50-0 0 2318 42 34 12 2 0.7447 0.7448 106 168
496-0-1-0.05-50-0 0 2318 44 41 6 1 0.7034 0.9621 118 105
496-0-1-0.05-50-0 0 2319 42 30 13 5 0.7447 0.6008 106 266
496-0-1-0.05-50-0 0 2319 30 14 4 5 0.6008 0.8451 266 105
496-0-1-0.05-50-0 0 2319 10 8 6 2 0.2533 0.2506 449 303
496-0-1-0.05-50-0 0 2320 42 42 13 13 0.7447 0.7447 106 106
496-0-1-0.05-50-0 0 2320 8 10 2 6 0.2506 0.2533 303 449
496-0-1-0.05-50-0 0 2320 5 4 8 32 0.0007 0.0723 226 351
496-0-1-0.05-50-0 0 2321 6 6 18 18 0.4266 0.4266 249 249
496-0-1-0.05-50-0 0 2321 5 4 9 32 0.0007 0.0723 226 351
496-0-1-0.05-50-0 0 2321 14 8 5 3 0.8451 0.2506 105 303
496-0-1-0.05-50-0 0 2322 4 48 32 4 0.0723 0.1153 351 334
496-0-1-0.05-50-0 0 2322 42 31 12 3 0.7447 0.5626 106 252
496-0-1-0.05-50-0 0 2322 48 4 3 32 0.1153 0.0723 334 351
496-0-1-0.05-50-0 0 2323 5 6 9 16 0.0007 0.4266 226 249
496-0-1-0.05-50-0 0 2323 5 13 9 3 0.0007 0.8878 226 151
496-0-1-0.05-50-0 0 2324 4 4 33 33 0.0723 0.0723 351 351
496-0-1-0.05-50-0 0 2324 6 46 14 6 0.4266 0.3451 249 327
496-0-1-0.05-50-0 0 2325 46 6 5 14 0.3451 0.4266 327 249
496-0-1-0.05-50-0 0 2325 16 4 1 30 0.2228 0.0723 149 351
496-0-1-0.05-50-0 0 2326 12 4 2 32 0.1896 0.0723 325 351
496-0-1-0.05-50-0 0 2326 21 11 11 10 0.4184 0.0504 158 384
496-0-1-0.05-50-0 0 2327 42 46 15 6 0.7447 0.3451 106 327
496-0-1-0.05-50-0 0 2327 4 23 30 4 0.0723 0.1698 351 476
496-0-1-0.05-50-0 0 2328 46 4 5 29 0.3451 0.0723 327 351
496-0-1-0.05-50-0 0 2328 44 21 4 10 0.7034 0.4184 118 158
496-0-1-0.05-50-0 0 2329 42 11 17 10 0.7447 0.0504 106 384
496-0-1-0.05-50-0 0 2329 46 10 6 6 0.3451 0.2533 327 449
496-0-1-0.05-50-0 0 2330 4 47 30 4 0.0723 0.9293 351 103
496-0-1-0.05-50-0 0 2330 4 11 30 8 0.0723 0.0504 351 384
496-0-1-0.05-50-0 0 2331 4 4 29 29 0.0723 0.0723 351 351
496-0-1-0.05-50-0 0 2331 11 42 7 17 0.0504 0.7447 384 106
496-0-1-0.05-50-0 0 2332 6 42 11 17 0.4266 0.7447 249 106
496-0-1-0.05-50-0 0 2332 4 4 30 30 0.0723 0.0723 351 351
496-0-1-0.05-50-0 0 2333 42 4 16 29 0.7447 0.0723 106 351
496-0-1-0.05-50-0 0 2333 44 4 5 28 0.7034 0.0723 118 351
496-0-1-0.05-50-0 0 2334 42 42 17 17 0.7447 0.7447 106 106
496-0-1-0.05-50-0 0 2334 4 6 26 12 0.0723 0.4266 351 249
496-0-1-0.05-50-0 0 2335 42 11 18 6 0.7447 0.0504 106 384
496-0-1-0.05-50-0 0 2335 46 4 8 26 0.3451 0.0723 327 351
496-0-1-0.05-50-0 0 2336 30 4 2 29 0.6008 0.0723 266 351
496-0-1-0.05-50-0 0 2336 44 46 3 8 0.7034 0.3451 118 327
496-0-1-0.05-50-0 0 2337 32 4 2 29 0.6514 0.0723 215 351
496-0-1-0.05-50-0 0 2337 4 6 28 11 0.0723 0.4266 351 249
496-0-1-0.05-50-0 0 2337 6 33 10 2 0.4266 0.6893 249 191
496-0-1-0.05-50-0 0 2338 26 6 2 11 0.8171 0.4266 141 249
496-0-1-0.05-50-0 0 2338 5 10 9 6 0.0007 0.2533 226 449
496-0-1-0.05-50-0 0 2338 23 46 5 7 0.1698 0.3451 476 327
496-0-1-0.05-50-0 0 2339 23 4 5 27 0.1698 0.0723 476 351
496-0-1-0.05-50-0 0 2339 4 5 26 10 0.0723 0.0007 351 226
496-0-1-0.05-50-0 0 2340 13 31 4 2 0.8878 0.5626 151 252
496-0-1-0.05-50-0 0 2340 47 46 4 6 0.9293 0.3451 103 327
496-0-1-0.05-50-0 0 2340 14 30 5 3 0.8451 0.6008 105 266
496-0-1-0.05-50-0 0 2341 42 6 22 9 0.7447 0.4266 106 249
496-0-1-0.05-50-0 0 2341 5 34 9 2 0.0007 0.7448 226 168
496-0-1-0.05-50-0 0 2342 21 4 9 27 0.4184 0.0723 158 351
496-0-1-0.05-50-0 0 2342 42 14 23 6 0.7447 0.8451 106 105
496-0-1-0.05-50-0 0 2342 42 44 23 2 0.7447 0.7034 106 118
496-0-1-0.05-50-0 0 2343 19 28 1 1 0.8072 0.3846 134 311
496-0-1-0.05-50-0 0 2343 32 26 3 2 0.6514 0.8171 215 141
496-0-1-0.05-50-0 0 2344 21 42 10 24 0.4184 0.7447 158 106
496-0-1-0.05-50-0 0 2344 5 23 8 7 0.0007 0.1698 226 476
496-0-1-0.05-50-0 0 2345 6 4 7 27 0.4266 0.0723 249 351
496-0-1-0.05-50-0 0 2345 4 42 26 23 0.0723 0.7447 351 106
496-0-1-0.05-50-0 0 2345 45 46 1 5 0.3816 0.3451 173 327
496-0-1-0.05-50-0 0 2346 29 27 1 2 0.6728 0.0776 177 149
496-0-1-0.05-50-0 0 2346 21 11 10 5 0.4184 0.0504 158 384
496-0-1-0.05-50-0 0 2347 42 12 24 3 0.7447 0.1896 106 325
496-0-1-0.05-50-0 0 2347 47 4 5 26 0.9293 0.0723 103 351
496-0-1-0.05-50-0 0 2348 6 4 6 25 0.4266 0.0723 249 351
496-0-1-0.05-50-0 0 2348 42 13 23 4 0.7447 0.8878 106 151
496-0-1-0.05-50-0 0 2349 21 37 12 5 0.4184 0.8481 158 127
496-0-1-0.05-50-0 0 2349 16 32 3 2 0.2228 0.6514 149 215
496-0-1-0.05-50-0 0 2350 22 30 5 1 0.0160 0.6008 311 266
496-0-1-0.05-50-0 0 2350 9 37 2 4 0.6134 0.8481 161 127
496-0-1-0.05-50-0 0 2351 21 14 11 4 0.4184 0.8451 158 105
496-0-1-0.05-50-0 0 2351 4 36 18 2 0.0723 0.8162 351 165
496-0-1-0.05-50-0 0 2352 13 9 4 2 0.8878 0.6134 151 161
496-0-1-0.05-50-0 0 2352 4 26 18 1 0.0723 0.8171 351 141
496-0-1-0.05-50-0 0 2353 21 14 12 3 0.4184 0.8451 158 105
496-0-1-0.05-50-0 0 2353 4 21 19 12 0.0723 0.4184 351 158
496-0-1-0.05-50-0 0 2354 25 23 1 5 0.9430 0.1698 125 476
496-0-1-0.05-50-0 0 2354 44 42 1 19 0.7034 0.7447 118 106
496-0-1-0.05-50-0 0 2355 16 42 4 19 0.2228 0.7447 149 106
496-0-1-0.05-50-0 0 2355 42 42 18 18 0.7447 0.7447 106 106
496-0-1-0.05-50-0 0 2356 21 22 17 10 0.4184 0.0160 158 311
496-0-1-0.05-50-0 0 2356 4 10 20 15 0.0723 0.2533 351 449
496-0-1-0.05-50-0 0 2356 21 12 17 3 0.4184 0.1896 158 325
496-0-1-0.05-50-0 0 2357 10 2 14 1 0.2533 0.8198 449 167
496-0-1-0.05-50-0 0 2357 19 42 1 19 0.8072 0.7447 134 106
496-0-1-0.05-50-0 0 2357 22 5 9 11 0.0160 0.0007 311 226
496-0-1-0.05-50-0 0 2358 11 5 7 10 0.0504 0.0007 384 226
496-0-1-0.05-50-0 0 2358 21 22 16 10 0.4184 0.0160 158 311
496-0-1-0.05-50-0 0 2358 5 7 9 3 0.0007 0.9267 226 106
496-0-1-0.05-50-0 0 2359 11 34 6 2 0.0504 0.7448 384 168
496-0-1-0.05-50-0 0 2359 22 4 9 20 0.0160 0.0723 311 351
496-0-1-0.05-50-0 0 2360 21 14 17 2 0.4184 0.8451 158 105
496-0-1-0.05-50-0 0 2360 21 16 17 5 0.4184 0.2228 158 149
496-0-1-0.05-50-0 0 2361 4 13 16 2 0.0723 0.8878 351 151
496-0-1-0.05-50-0 0 2361 4 11 16 7 0.0723 0.0504 351 384
496-0-1-0.05-50-0 0 2362 48 7 9 2 0.1153 0.9267 334 106
496-0-1-0.05-50-0 0 2362 21 42 17 17 0.4184 0.7447 158 106
496-0-1-0.05-50-0 0 2363 18 5 2 8 0.2181 0.0007 226 226
496-0-1-0.05-50-0 0 2363 36 12 1 3 0.8162 0.1896 165 325
496-0-1-0.05-50-0 0 2364 47 10 5 10 0.9293 0.2533 103 449
496-0-1-0.05-50-0 0 2364 42 4 16 13 0.7447 0.0723 106 351
496-0-1-0.05-50-0 0 2365 42 42 16 16 0.7447 0.7447 106 106
496-0-1-0.05-50-0 0 2365 21 4 15 13 0.4184 0.0723 158 351
496-0-1-0.05-50-0 0 2366 5 13 7 1 0.0007 0.8878 226 151
496-0-1-0.05-50-0 0 2366 21 4 14 10 0.4184 0.0723 158 351
496-0-1-0.05-50-0 0 2367 8 21 4 13 0.2506 0.4184 303 158
496-0-1-0.05-50-0 0 2367 16 8 5 4 0.2228 0.2506 149 303
496-0-1-0.05-50-0 0 2368 10 21 10 12 0.2533 0.4184 449 158
496-0-1-0.05-50-0 0 2368 42 22 15 5 0.7447 0.0160 106 311
496-0-1-0.05-50-0 0 2369 21 48 12 11 0.4184 0.1153 158 334
496-0-1-0.05-50-0 0 2369 21 10 12 10 0.4184 0.2533 158 449
496-0-1-0.05-50-0 0 2370 5 37 9 6 0.0007 0.8481 226 127
496-0-1-0.05-50-0 0 2370 11 42 3 15 0.0504 0.7447 384 106
496-0-1-0.05-50-0 0 2371 18 16 2 7 0.2181 0.2228 226 149
496-0-1-0.05-50-0 0 2371 22 5 4 9 0.0160 0.0007 311 226
496-0-1-0.05-50-0 0 2372 6 5 3 7 0.4266 0.0007 249 226
496-0-1-0.05-50-0 0 2372 4 37 12 4 0.0723 0.8481 351 127
496-0-1-0.05-50-0 0 2373 27 5 2 7 0.0776 0.0007 149 226
496-0-1-0.05-50-0 0 2373 29 37 1 3 0.6728 0.8481 177 127
496-0-1-0.05-50-0 0 2374 48 21 11 11 0.1153 0.4184 334 158
496-0-1-0.05-50-0 0 2374 42 21 11 10 0.7447 0.4184 106 158
496-0-1-0.05-50-0 0 2375 22 48 4 11 0.0160 0.1153 311 334
496-0-1-0.05-50-0 0 2375 42 21 12 8 0.7447 0.4184 106 158
496-0-1-0.05-50-0 0 2376 10 47 10 7 0.2533 0.9293 449 103
496-0-1-0.05-50-0 0 2376 33 21 2 6 0.6893 0.4184 191 158
496-0-1-0.05-50-0 0 2377 12 47 1 6 0.1896 0.9293 325 103
496-0-1-0.05-50-0 0 2377 42 48 13 9 0.7447 0.1153 106 334
496-0-1-0.05-50-0 0 2378 36 21 2 6 0.8162 0.4184 165 158
496-0-1-0.05-50-0 0 2378 37 48 2 8 0.8481 0.1153 127 334
496-0-1-0.05-50-0 0 2379 22 6 4 4 0.0160 0.4266 311 249
496-0-1-0.05-50-0 0 2379 47 42 6 16 0.9293 0.7447 103 106
496-0-1-0.05-50-0 0 2380 42 7 16 2 0.7447 0.9267 106 106
496-0-1-0.05-50-0 0 2380 50 10 1 7 0.2147 0.2533 147 449
496-0-1-0.05-50-0 0 2381 16 22 10 4 0.2228 0.0160 149 311
496-0-1-0.05-50-0 0 2381 43 47 7 7 0.8316 0.9293 123 103
496-0-1-0.05-50-0 0 2382 42 28 17 4 0.7447 0.3846 106 311
496-0-1-0.05-50-0 0 2382 10 21 6 5 0.2533 0.4184 449 158
496-0-1-0.05-50-0 0 2383 4 28 13 3 0.0723 0.3846 351 311
496-0-1-0.05-50-0 0 2383 42 28 17 2 0.7447 0.3846 106 311
496-0-1-0.05-50-0 0 2384 24 33 2 6 0.1940 0.6893 254 191
496-0-1-0.05-50-0 0 2384 4 43 12 7 0.0723 0.8316 351 123
496-0-1-0.05-50-0 0 2385 43 4 7 12 0.8316 0.0723 123 351
496-0-1-0.05-50-0 0 2385 43 5 7 8 0.8316 0.0007 123 226
496-0-1-0.05-50-0 0 2386 5 11 7 3 0.0007 0.0504 226 384
496-0-1-0.05-50-0 0 2386 19 23 4 4 0.8072 0.1698 134 476
496-0-1-0.05-50-0 0 2387 16 21 14 4 0.2228 0.4184 149 158
496-0-1-0.05-50-0 0 2387 15 22 3 3 0.7918 0.0160 149 311
496-0-1-0.05-50-0 0 2388 42 48 18 10 0.7447 0.1153 106 334
496-0-1-0.05-50-0 0 2388 29 48 3 9 0.6728 0.1153 177 334
496-0-1-0.05-50-0 0 2389 27 14 7 4 0.0776 0.8451 149 105
496-0-1-0.05-50-0 0 2389 42 42 20 20 0.7447 0.7447 106 106
496-0-1-0.05-50-0 0 2389 23 15 4 2 0.1698 0.7918 476 149
496-0-1-0.05-50-0 0 2390 19 12 4 2 0.8072 0.1896 134 325
496-0-1-0.05-50-0 0 2390 47 42 9 19 0.9293 0.7447 103 106
496-0-1-0.05-50-0 0 2390 27 48 6 8 0.0776 0.1153 149 334
496-0-1-0.05-50-0 0 2391 43 10 11 10 0.8316 0.2533 123 449
496-0-1-0.05-50-0 0 2391 31 47 5 9 0.5626 0.9293 252 103
496-0-1-0.05-50-0 0 2391 31 43 5 11 0.5626 0.8316 252 123
496-0-1-0.05-50-0 0 2392 47 24 8 1 0.9293 0.1940 103 254
496-0-1-0.05-50-0 0 2392 44 33 3 7 0.7034 0.6893 118 191
496-0-1-0.05-50-0 0 2392 44 6 3 3 0.7034 0.4266 118 249
496-0-1-0.05-50-0 0 2393 47 4 9 13 0.9293 0.0723 103 351
496-0-1-0.05-50-0 0 2393 42 12 14 1 0.7447 0.1896 106 325
496-0-1-0.05-50-0 0 2393 16 42 10 14 0.2228 0.7447 149 106
496-0-1-0.05-50-0 0 2394 8 10 1 7 0.2506 0.2533 303 449
496-0-1-0.05-50-0 0 2394 29 34 7 1 0.6728 0.7448 177 168
496-0-1-0.05-50-0 0 2395 16 10 11 6 0.2228 0.2533 149 449
496-0-1-0.05-50-0 0 2395 11 5 5 7 0.0504 0.0007 384 226
496-0-1-0.05-50-0 0 2396 42 36 13 3 0.7447 0.8162 106 165
496-0-1-0.05-50-0 0 2396 33 48 6 10 0.6893 0.1153 191 334
496-0-1-0.05-50-0 0 2397 31 16 6 9 0.5626 0.2228 252 149
496-0-1-0.05-50-0 0 2397 23 27 4 9 0.1698 0.0776 476 149
496-0-1-0.05-50-0 0 2398 42 16 13 8 0.7447 0.2228 106 149
496-0-1-0.05-50-0 0 2398 23 15 5 1 0.1698 0.7918 476 149
496-0-1-0.05-50-0 0 2398 25 5 1 6 0.9430 0.0007 125 226
496-0-1-0.05-50-0 0 2399 47 31 9 6 0.9293 0.5626 103 252
496-0-1-0.05-50-0 0 2399 22 42 2 12 0.0160 0.7447 311 106
496-0-1-0.05-50-0 0 2400 21 4 4 11 0.4184 0.0723 158 351
496-0-1-0.05-50-0 0 2400 23 8 3 1 0.1698 0.2506 476 303
496-0-1-0.05-50-0 0 2401 46 11 1 6 0.3451 0.0504 327 384
496-0-1-0.05-50-0 0 2401 3 2 5 2 0.4813 0.8198 321 167
496-0-1-0.05-50-0 0 2402 48 6 9 2 0.1153 0.4266 334 249
496-0-1-0.05-50-0 0 2402 48 21 9 5 0.1153 0.4184 334 158
496-0-1-0.05-50-0 0 2403 33 5 6 6 0.6893 0.0007 191 226
496-0-1-0.05-50-0 0 2403 27 47 9 9 0.0776 0.9293 149 103
496-0-1-0.05-50-0 0 2404 4 47 10 9 0.0723 0.9293 351 103
496-0-1-0.05-50-0 0 2404 5 42 5 15 0.0007 0.7447 226 106
496-0-1-0.05-50-0 0 2404 42 19 14 3 0.7447 0.8072 106 134
496-0-1-0.05-50-0 0 2405 11 3 6 5 0.0504 0.4813 384 321
496-0-1-0.05-50-0 0 2405 47 27 8 12 0.9293 0.0776 103 149
496-0-1-0.05-50-0 0 2405 47 42 8 13 0.9293 0.7447 103 106
496-0-1-0.05-50-0 0 2406 48 4 11 10 0.1153 0.0723 334 351
496-0-1-0.05-50-0 0 2406 4 4 9 9 0.0723 0.0723 351 351
496-0-1-0.05-50-0 0 2406 36 44 4 4 0.8162 0.7034 165 118
496-0-1-0.05-50-0 0 2407 7 4 3 7 0.9267 0.0723 106 351
496-0-1-0.05-50-0 0 2407 42 31 13 5 0.7447 0.5626 106 252
496-0-1-0.05-50-0 0 2407 14 50 3 5 0.8451 0.2147 105 147
496-0-1-0.05-50-0 0 2408 29 29 8 8 0.6728 0.6728 177 177
496-0-1-0.05-50-0 0 2408 43 5 12 5 0.8316 0.0007 123 226
496-0-1-0.05-50-0 0 2408 11 48 8 11 0.0504 0.1153 384 334
496-0-1-0.05-50-0 0 2409 5 30 4 1 0.0007 0.6008 226 266
496-0-1-0.05-50-0 0 2409 33 11 8 10 0.6893 0.0504 191 384
496-0-1-0.05-50-0 0 2409 48 27 11 13 0.1153 0.0776 334 149
496-0-1-0.05-50-0 0 2410 48 22 11 3 0.1153 0.0160 334 311
496-0-1-0.05-50-0 0 2410 42 25 12 3 0.7447 0.9430 106 125
496-0-1-0.05-50-0 0 2411 47 23 10 3 0.9293 0.1698 103 476
496-0-1-0.05-50-0 0 2411 21 27 6 12 0.4184 0.0776 158 149
496-0-1-0.05-50-0 0 2412 27 27 12 12 0.0776 0.0776 149 149
496-0-1-0.05-50-0 0 2412 48 5 10 4 0.1153 0.0007 334 226
496-0-1-0.05-50-0 0 2413 43 42 12 10 0.8316 0.7447 123 106
496-0-1-0.05-50-0 0 2413 48 44 10 3 0.1153 0.7034 334 118
496-0-1-0.05-50-0 0 2414 29 27 6 13 0.6728 0.0776 177 149
496-0-1-0.05-50-0 0 2414 33 9 6 4 0.6893 0.6134 191 161
496-0-1-0.05-50-0 0 2415 9 44 4 2 0.6134 0.7034 161 118
496-0-1-0.05-50-0 0 2415 48 11 10 10 0.1153 0.0504 334 384
496-0-1-0.05-50-0 0 2416 46 44 1 1 0.3451 0.7034 327 118
496-0-1-0.05-50-0 0 2416 16 27 5 13 0.2228 0.0776 149 149
496-0-1-0.05-50-0 0 2417 27 3 11 3 0.0776 0.4813 149 321
496-0-1-0.05-50-0 0 2417 47 9 8 4 0.9293 0.6134 103 161
496-0-1-0.05-50-0 0 2418 48 9 10 3 0.1153 0.6134 334 161
496-0-1-0.05-50-0 0 2418 29 22 6 2 0.6728 0.0160 177 311
496-0-1-0.05-50-0 0 2419 27 31 13 6 0.0776 0.5626 149 252
496-0-1-0.05-50-0 0 2419 31 42 5 10 0.5626 0.7447 252 106
496-0-1-0.05-50-0 0 2420 33 43 2 13 0.6893 0.8316 191 123
496-0-1-0.05-50-0 0 2420 42 21 9 3 0.7447 0.4184 106 158
496-0-1-0.05-50-0 0 2421 4 4 9 9 0.0723 0.0723 351 351
496-0-1-0.05-50-0 0 2421 11 27 13 14 0.0504 0.0776 384 149
496-0-1-0.05-50-0 0 2422 27 23 12 2 0.0776 0.1698 149 476
496-0-1-0.05-50-0 0 2422 31 4 5 8 0.5626 0.0723 252 351
496-0-1-0.05-50-0 0 2423 11 27 14 12 0.0504 0.0776 384 149
496-0-1-0.05-50-0 0 2423 5 19 3 5 0.0007 0.8072 226 134
496-0-1-0.05-50-0 0 2424 4 42 8 10 0.0723 0.7447 351 106
496-0-1-0.05-50-0 0 2424 11 47 15 7 0.0504 0.9293 384 103
496-0-1-0.05-50-0 0 2425 9 48 3 9 0.6134 0.1153 161 334
496-0-1-0.05-50-0 0 2425 27 11 12 15 0.0776 0.0504 149 384
496-0-1-0.05-50-0 0 2426 11 47 14 7 0.0504 0.9293 384 103
496-0-1-0.05-50-0 0 2426 11 24 14 1 0.0504 0.1940 384 254
496-0-1-0.05-50-0 0 2427 21 48 5 8 0.4184 0.1153 158 334
496-0-1-0.05-50-0 0 2427 21 27 5 13 0.4184 0.0776 158 149
496-0-1-0.05-50-0 0 2428 29 11 7 14 0.6728 0.0504 177 384
496-0-1-0.05-50-0 0 2428 27 11 11 13 0.0776 0.0504 149 384
496-0-1-0.05-50-0 0 2429 29 11 7 13 0.6728 0.0504 177 384
496-0-1-0.05-50-0 0 2429 43 4 13 7 0.8316 0.0723 123 351
496-0-1-0.05-50-0 0 2429 14 4 2 6 0.8451 0.0723 105 351
496-0-1-0.05-50-0 0 2430 11 36 14 7 0.0504 0.8162 384 165
496-0-1-0.05-50-0 0 2430 42 21 11 6 0.7447 0.4184 106 158
496-0-1-0.05-50-0 0 2430 42 47 11 7 0.7447 0.9293 106 103
496-0-1-0.05-50-0 0 2431 43 45 15 4 0.8316 0.3816 123 173
496-0-1-0.05-50-0 0 2431 42 21 11 5 0.7447 0.4184 106 158
496-0-1-0.05-50-0 0 2431 48 4 6 6 0.1153 0.0723 334 351
496-0-1-0.05-50-0 0 2432 33 1 5 6 0.6893 0.2520 191 409
496-0-1-0.05-50-0 0 2432 21 1 5 5 0.4184 0.2520 158 409
496-0-1-0.05-50-0 0 2432 21 29 5 8 0.4184 0.6728 158 177
496-0-1-0.05-50-0 0 2433 7 42 7 10 0.9267 0.7447 106 106
496-0-1-0.05-50-0 0 2433 47 14 7 3 0.9293 0.8451 103 105
496-0-1-0.05-50-0 0 2433 43 7 16 7 0.8316 0.9267 123 106
496-0-1-0.05-50-0 0 2434 16 29 8 6 0.2228 0.6728 149 177
496-0-1-0.05-50-0 0 2434 29 27 5 12 0.6728 0.0776 177 149
496-0-1-0.05-50-0 0 2434 49 43 1 14 0.1842 0.8316 136 123
496-0-1-0.05-50-0 0 2435 33 48 6 5 0.6893 0.1153 191 334
496-0-1-0.05-50-0 0 2435 9 27 4 11 0.6134 0.0776 161 149
496-0-1-0.05-50-0 0 2435 42 1 9 4 0.7447 0.2520 106 409
496-0-1-0.05-50-0 0 2436 9 33 4 6 0.6134 0.6893 161 191
496-0-1-0.05-50-0 0 2436 26 27 1 10 0.8171 0.0776 141 149
496-0-1-0.05-50-0 0 2436 14 14 2 2 0.8451 0.8451 105 105
496-0-1-0.05-50-0 0 2437 33 31 5 11 0.6893 0.5626 191 252
496-0-1-0.05-50-0 0 2437 42 33 10 5 0.7447 0.6893 106 191
496-0-1-0.05-50-0 0 2437 4 47 7 9 0.0723 0.9293 351 103
496-0-1-0.05-50-0 0 2438 11 33 16 4 0.0504 0.6893 384 191
496-0-1-0.05-50-0 0 2438 1 47 6 8 0.2520 0.9293 409 103
496-0-1-0.05-50-0 0 2438 36 9 7 4 0.8162 0.6134 165 161
496-0-1-0.05-50-0 0 2439 27 5 9 5 0.0776 0.0007 149 226
496-0-1-0.05-50-0 0 2439 43 47 18 8 0.8316 0.9293 123 103
496-0-1-0.05-50-0 0 2439 47 31 7 11 0.9293 0.5626 103 252
496-0-1-0.05-50-0 0 2440 11 31 17 11 0.0504 0.5626 384 252
496-0-1-0.05-50-0 0 2440 2 12 2 1 0.8198 0.1896 167 325
496-0-1-0.05-50-0 0 2440 27 43 9 17 0.0776 0.8316 149 123
496-0-1-0.05-50-0 0 2441 1 23 5 2 0.2520 0.1698 409 476
496-0-1-0.05-50-0 0 2441 7 29 6 9 0.9267 0.6728 106 177
496-0-1-0.05-50-0 0 2441 7 1 6 5 0.9267 0.2520 106 409
496-0-1-0.05-50-0 0 2442 42 27 10 10 0.7447 0.0776 106 149
496-0-1-0.05-50-0 0 2442 25 19 5 6 0.9430 0.8072 125 134
496-0-1-0.05-50-0 0 2442 19 47 5 8 0.8072 0.9293 134 103
496-0-1-0.05-50-0 0 2443 45 11 4 16 0.3816 0.0504 173 384
496-0-1-0.05-50-0 0 2443 7 43 6 19 0.9267 0.8316 106 123
496-0-1-0.05-50-0 0 2443 48 29 4 10 0.1153 0.6728 334 177
496-0-1-0.05-50-0 0 2444 21 4 4 11 0.4184 0.0723 158 351
496-0-1-0.05-50-0 0 2444 11 43 16 18 0.0504 0.8316 384 123
496-0-1-0.05-50-0 0 2444 14 16 2 6 0.8451 0.2228 105 149
496-0-1-0.05-50-0 0 2445 42 25 11 7 0.7447 0.9430 106 125
496-0-1-0.05-50-0 0 2445 31 36 12 7 0.5626 0.8162 252 165
496-0-1-0.05-50-0 0 2445 1 21 5 4 0.2520 0.4184 409 158
496-0-1-0.05-50-0 0 2446 11 3 15 8 0.0504 0.4813 384 321
496-0-1-0.05-50-0 0 2446 4 11 9 15 0.0723 0.0504 351 384
496-0-1-0.05-50-0 0 2446 43 47 15 7 0.8316 0.9293 123 103
496-0-1-0.05-50-0 0 2447 48 28 4 1 0.1153 0.3846 334 311
496-0-1-0.05-50-0 0 2447 14 33 2 2 0.8451 0.6893 105 191
496-0-1-0.05-50-0 0 2447 48 42 4 10 0.1153 0.7447 334 106
496-0-1-0.05-50-0 0 2448 7 4 9 9 0.9267 0.0723 106 351
496-0-1-0.05-50-0 0 2448 47 25 8 7 0.9293 0.9430 103 125
496-0-1-0.05-50-0 0 2448 41 36 2 6 0.9621 0.8162 105 165
496-0-1-0.05-50-0 0 2449 19 45 3 3 0.8072 0.3816 134 173
496-0-1-0.05-50-0 0 2449 11 47 13 8 0.0504 0.9293 384 103
496-0-1-0.05-50-0 0 2449 5 25 3 7 0.0007 0.9430 226 125
496-0-1-0.05-50-0 0 2450 31 3 14 9 0.5626 0.4813 252 321
496-0-1-0.05-50-0 0 2450 47 36 7 5 0.9293 0.8162 103 165
496-0-1-0.05-50-0 0 2450 26 47 2 7 0.8171 0.9293 141 103
496-0-1-0.05-50-0 0 2451 29 31 12 15 0.6728 0.5626 177 252
496-0-1-0.05-50-0 0 2451 25 24 6 2 0.9430 0.1940 125 254
496-0-1-0.05-50-0 0 2451 14 47 3 6 0.8451 0.9293 105 103
496-0-1-0.05-50-0 0 2452 43 16 12 3 0.8316 0.2228 123 149
496-0-1-0.05-50-0 0 2452 48 19 4 2 0.1153 0.8072 334 134
496-0-1-0.05-50-0 0 2452 5 11 3 10 0.0007 0.0504 226 384
496-0-1-0.05-50-0 0 2453 31 42 14 14 0.5626 0.7447 252 106
496-0-1-0.05-50-0 0 2453 2 43 3 12 0.8198 0.8316 167 123
496-0-1-0.05-50-0 0 2453 11 29 10 12 0.0504 0.6728 384 177
496-0-1-0.05-50-0 0 2454 12 31 1 17 0.1896 0.5626 325 252
496-0-1-0.05-50-0 0 2454 1 32 7 2 0.2520 0.6514 409 215
496-0-1-0.05-50-0 0 2454 26 5 3 4 0.8171 0.0007 141 226
496-0-1-0.05-50-0 0 2455 43 41 11 2 0.8316 0.9621 123 105
496-0-1-0.05-50-0 0 2455 11 47 10 6 0.0504 0.9293 384 103
496-0-1-0.05-50-0 0 2455 1 31 9 17 0.2520 0.5626 409 252
496-0-1-0.05-50-0 0 2456 31 26 18 3 0.5626 0.8171 252 141
496-0-1-0.05-50-0 0 2456 38 3 3 7 0.6163 0.4813 270 321
496-0-1-0.05-50-0 0 2456 19 29 1 9 0.8072 0.6728 134 177
496-0-1-0.05-50-0 0 2457 38 29 3 8 0.6163 0.6728 270 177
496-0-1-0.05-50-0 0 2457 29 18 7 7 0.6728 0.2181 177 226
496-0-1-0.05-50-0 0 2457 29 47 7 4 0.6728 0.9293 177 103
496-0-1-0.05-50-0 0 2458 11 4 10 7 0.0504 0.0723 384 351
496-0-1-0.05-50-0 0 2458 49 4 2 6 0.1842 0.0723 136 351
496-0-1-0.05-50-0 0 2458 5 31 3 18 0.0007 0.5626 226 252
496-0-1-0.05-50-0 0 2459 42 36 16 4 0.7447 0.8162 106 165
496-0-1-0.05-50-0 0 2459 27 27 9 9 0.0776 0.0776 149 149
496-0-1-0.05-50-0 0 2459 16 7 2 9 0.2228 0.9267 149 106
496-0-1-0.05-50-0 0 2460 15 3 2 5 0.7918 0.4813 149 321
496-0-1-0.05-50-0 0 2460 48 11 3 10 0.1153 0.0504 334 384
496-0-1-0.05-50-0 0 2460 3 23 4 1 0.4813 0.1698 321 476
496-0-1-0.05-50-0 0 2461 25 25 8 8 0.9430 0.9430 125 125
496-0-1-0.05-50-0 0 2461 43 31 12 17 0.8316 0.5626 123 252
496-0-1-0.05-50-0 0 2461 8 4 2 4 0.2506 0.0723 303 351
496-0-1-0.05-50-0 0 2462 31 7 18 8 0.5626 0.9267 252 106
496-0-1-0.05-50-0 0 2462 42 7 19 7 0.7447 0.9267 106 106
496-0-1-0.05-50-0 0 2462 27 1 10 9 0.0776 0.2520 149 409
496-0-1-0.05-50-0 0 2463 31 29 17 6 0.5626 0.6728 252 177
496-0-1-0.05-50-0 0 2463 38 47 5 3 0.6163 0.9293 270 103
496-0-1-0.05-50-0 0 2463 27 48 10 2 0.0776 0.1153 149 334
496-0-1-0.05-50-0 0 2464 43 1 13 10 0.8316 0.2520 123 409
496-0-1-0.05-50-0 0 2464 9 27 5 9 0.6134 0.0776 161 149
496-0-1-0.05-50-0 0 2464 9 47 5 2 0.6134 0.9293 161 103
496-0-1-0.05-50-0 0 2465 1 42 9 22 0.2520 0.7447 409 106
496-0-1-0.05-50-0 0 2465 42 31 21 17 0.7447 0.5626 106 252
496-0-1-0.05-50-0 0 2465 42 25 21 8 0.7447 0.9430 106 125
496-0-1-0.05-50-0 0 2466 36 1 3 9 0.8162 0.2520 165 409
496-0-1-0.05-50-0 0 2466 2 42 3 22 0.8198 0.7447 167 106
496-0-1-0.05-50-0 0 2466 26 42 3 21 0.8171 0.7447 141 106
496-0-1-0.05-50-0 0 2467 25 29 7 5 0.9430 0.6728 125 177
496-0-1-0.05-50-0 0 2467 42 43 19 13 0.7447 0.8316 106 123
496-0-1-0.05-50-0 0 2467 42 11 19 8 0.7447 0.0504 106 384
496-0-1-0.05-50-0 0 2468 25 29 7 4 0.9430 0.6728 125 177
496-0-1-0.05-50-0 0 2468 45 31 4 15 0.3816 0.5626 173 252
496-0-1-0.05-50-0 0 2468 42 18 20 7 0.7447 0.2181 106 226
496-0-1-0.05-50-0 0 2469 42 26 18 2 0.7447 0.8171 106 141
496-0-1-0.05-50-0 0 2469 18 17 8 1 0.2181 0.6398 226 197
496-0-1-0.05-50-0 0 2469 27 2 7 3 0.0776 0.8198 149 167
496-0-1-0.05-50-0 0 2470 18 35 11 3 0.2181 0.0354 226 158
496-0-1-0.05-50-0 0 2470 21 43 4 12 0.4184 0.8316 158 123
496-0-1-0.05-50-0 0 2470 29 1 3 11 0.6728 0.2520 177 409
496-0-1-0.05-50-0 0 2471 5 42 5 17 0.0007 0.7447 226 106
496-0-1-0.05-50-0 0 2471 21 11 4 7 0.4184 0.0504 158 384
496-0-1-0.05-50-0 0 2471 31 35 15 2 0.5626 0.0354 252 158
496-0-1-0.05-50-0 0 2472 42 44 16 1 0.7447 0.7034 106 118
496-0-1-0.05-50-0 0 2472 1 1 10 10 0.2520 0.2520 409 409
496-0-1-0.05-50-0 0 2472 1 36 9 2 0.2520 0.8162 409 165
496-0-1-0.05-50-0 0 2473 25 18 6 14 0.9430 0.2181 125 226
496-0-1-0.05-50-0 0 2473 12 7 1 6 0.1896 0.9267 325 106
496-0-1-0.05-50-0 0 2473 29 42 5 16 0.6728 0.7447 177 106
496-0-1-0.05-50-0 0 2474 18 21 14 4 0.2181 0.4184 226 158
496-0-1-0.05-50-0 0 2474 11 7 8 6 0.0504 0.9267 384 106
496-0-1-0.05-50-0 0 2474 9 27 6 8 0.6134 0.0776 161 149
496-0-1-0.05-50-0 0 2475 11 1 7 8 0.0504 0.2520 384 409
496-0-1-0.05-50-0 0 2475 29 18 5 13 0.6728 0.2181 177 226
496-0-1-0.05-50-0 0 2476 31 18 16 11 0.5626 0.2181 252 226
496-0-1-0.05-50-0 0 2476 18 24 10 1 0.2181 0.1940 226 254
496-0-1-0.05-50-0 0 2477 41 31 2 16 0.9621 0.5626 105 252
496-0-1-0.05-50-0 0 2477 43 29 11 5 0.8316 0.6728 123 177
496-0-1-0.05-50-0 0 2478 27 49 7 5 0.0776 0.1842 149 136
496-0-1-0.05-50-0 0 2478 29 26 5 3 0.6728 0.8171 177 141
496-0-1-0.05-50-0 0 2479 1 14 8 5 0.2520 0.8451 409 105
496-0-1-0.05-50-0 0 2479 45 49 5 4 0.3816 0.1842 173 136
496-0-1-0.05-50-0 0 2479 14 20 4 1 0.8451 0.9922 105 102
496-0-1-0.05-50-0 0 2480 29 14 5 4 0.6728 0.8451 177 105
496-0-1-0.05-50-0 0 2480 1 2 10 3 0.2520 0.8198 409 167
496-0-1-0.05-50-0 0 2480 27 18 7 15 0.0776 0.2181 149 226
496-0-1-0.05-50-0 0 2481 5 29 7 5 0.0007 0.6728 226 177
496-0-1-0.05-50-0 0 2481 31 38 16 5 0.5626 0.6163 252 270
496-0-1-0.05-50-0 0 2481 42 9 18 11 0.7447 0.6134 106 161
496-0-1-0.05-50-0 0 2482 11 25 4 7 0.0504 0.9430 384 125
496-0-1-0.05-50-0 0 2482 43 5 11 7 0.8316 0.0007 123 226
496-0-1-0.05-50-0 0 2482 43 45 11 6 0.8316 0.3816 123 173
496-0-1-0.05-50-0 0 2483 49 1 3 11 0.1842 0.2520 136 409
496-0-1-0.05-50-0 0 2483 43 5 11 6 0.8316 0.0007 123 226
496-0-1-0.05-50-0 0 2483 12 9 3 12 0.1896 0.6134 325 161
496-0-1-0.05-50-0 0 2484 18 43 15 10 0.2181 0.8316 226 123
496-0-1-0.05-50-0 0 2484 25 9 7 11 0.9430 0.6134 125 161
496-0-1-0.05-50-0 0 2484 42 43 16 9 0.7447 0.8316 106 123
496-0-1-0.05-50-0 0 2485 9 42 10 16 0.6134 0.7447 161 106
496-0-1-0.05-50-0 0 2485 43 21 9 6 0.8316 0.4184 123 158
496-0-1-0.05-50-0 0 2485 1 12 10 5 0.2520 0.1896 409 325
496-0-1-0.05-50-0 0 2486 49 19 3 1 0.1842 0.8072 136 134
496-0-1-0.05-50-0 0 2486 11 3 5 2 0.0504 0.4813 384 321
496-0-1-0.05-50-0 0 2487 18 45 17 5 0.2181 0.3816 226 173
496-0-1-0.05-50-0 0 2487 25 1 7 10 0.9430 0.2520 125 409
496-0-1-0.05-50-0 0 2488 18 43 18 9 0.2181 0.8316 226 123
496-0-1-0.05-50-0 0 2488 9 35 9 2 0.6134 0.0354 161 158
496-0-1-0.05-50-0 0 2488 31 42 14 14 0.5626 0.7447 252 106
496-0-1-0.05-50-0 0 2489 1 42 8 13 0.2520 0.7447 409 106
496-0-1-0.05-50-0 0 2489 41 45 2 5 0.9621 0.3816 105 173
496-0-1-0.05-50-0 0 2490 31 5 14 7 0.5626 0.0007 252 226
496-0-1-0.05-50-0 0 2490 12 43 2 9 0.1896 0.8316 325 123
496-0-1-0.05-50-0 0 2490 27 31 5 14 0.0776 0.5626 149 252
496-0-1-0.05-50-0 0 2491 11 31 9 13 0.0504 0.5626 384 252
496-0-1-0.05-50-0 0 2491 45 9 4 8 0.3816 0.6134 173 161
496-0-1-0.05-50-0 0 2492 31 42 14 13 0.5626 0.7447 252 106
496-0-1-0.05-50-0 0 2492 1 31 7 14 0.2520 0.5626 409 252
496-0-1-0.05-50-0 0 2493 11 31 8 10 0.0504 0.5626 384 252
496-0-1-0.05-50-0 0 2493 25 42 10 12 0.9430 0.7447 125 106
496-0-1-0.05-50-0 0 2494 40 43 1 7 0.9739 0.8316 104 123
496-0-1-0.05-50-0 0 2494 9 45 6 4 0.6134 0.3816 161 173
496-0-1-0.05-50-0 0 2495 42 11 11 8 0.7447 0.0504 106 384
496-0-1-0.05-50-0 0 2495 18 1 19 14 0.2181 0.2520 226 409
496-0-1-0.05-50-0 0 2496 42 29 11 9 0.7447 0.6728 106 177
496-0-1-0.05-50-0 0 2496 18 5 18 5 0.2181 0.0007 226 226
496-0-1-0.05-50-0 0 2497 42 29 11 8 0.7447 0.6728 106 177
496-0-1-0.05-50-0 0 2497 21 42 6 11 0.4184 0.7447 158 106
496-0-1-0.05-50-0 0 2498 42 18 9 19 0.7447 0.2181 106 226
496-0-1-0.05-50-0 0 2498 25 29 10 8 0.9430 0.6728 125 177
496-0-1-0.05-50-0 0 2499 40 29 3 7 0.9739 0.6728 104 177
496-0-1-0.05-50-0 0 2499 18 18 18 18 0.2181 0.2181 226 226
496-0-1-0.05-50-0 0 2500 18 7 18 3 0.2181 0.9267 226 106
496-0-1-0.05-50-0 0 2500 33 17 1 1 0.6893 0.6398 191 197
