54-0-1-0.05-50-0 0 2302 43 32 3 30 0.8316 0.6514 123 215
54-0-1-0.05-50-0 0 2302 32 16 29 10 0.6514 0.2228 215 149
54-0-1-0.05-50-0 0 2302 22 32 20 29 0.0160 0.6514 311 215
54-0-1-0.05-50-0 0 2303 22 15 21 3 0.0160 0.7918 311 149
54-0-1-0.05-50-0 0 2303 10 3 2 7 0.2533 0.4813 449 321
54-0-1-0.05-50-0 0 2303 31 27 3 8 0.5626 0.0776 252 149
54-0-1-0.05-50-0 0 2304 23 29 1 5 0.1698 0.6728 476 177
54-0-1-0.05-50-0 0 2304 32 22 28 21 0.6514 0.0160 215 311
54-0-1-0.05-50-0 0 2304 32 16 28 10 0.6514 0.2228 215 149
54-0-1-0.05-50-0 0 2305 1 22 14 19 0.2520 0.0160 409 311
54-0-1-0.05-50-0 0 2305 1 32 14 31 0.2520 0.6514 409 215
54-0-1-0.05-50-0 0 2305 16 1 9 14 0.2228 0.2520 149 409
54-0-1-0.05-50-0 0 2306 32 32 32 32 0.6514 0.6514 215 215
54-0-1-0.05-50-0 0 2306 44 21 3 2 0.7034 0.4184 118 158
54-0-1-0.05-50-0 0 2306 1 38 13 4 0.2520 0.6163 409 270
54-0-1-0.05-50-0 0 2307 31 5 3 6 0.5626 0.0007 252 226
54-0-1-0.05-50-0 0 2307 6 16 4 9 0.4266 0.2228 249 149
54-0-1-0.05-50-0 0 2307 45 32 1 31 0.3816 0.6514 173 215
54-0-1-0.05-50-0 0 2308 44 22 3 18 0.7034 0.0160 118 311
54-0-1-0.05-50-0 0 2308 27 22 9 17 0.0776 0.0160 149 311
54-0-1-0.05-50-0 0 2308 32 45 30 1 0.6514 0.3816 215 173
54-0-1-0.05-50-0 0 2309 3 5 9 4 0.4813 0.0007 321 226
54-0-1-0.05-50-0 0 2309 19 32 2 28 0.8072 0.6514 134 215
54-0-1-0.05-50-0 0 2310 27 14 10 3 0.0776 0.8451 149 105
54-0-1-0.05-50-0 0 2310 3 32 10 27 0.4813 0.6514 321 215
54-0-1-0.05-50-0 0 2311 1 32 11 26 0.2520 0.6514 409 215
54-0-1-0.05-50-0 0 2311 29 32 4 25 0.6728 0.6514 177 215
54-0-1-0.05-50-0 0 2311 27 10 10 4 0.0776 0.2533 149 449
54-0-1-0.05-50-0 0 2312 35 43 7 5 0.0354 0.8316 158 123
54-0-1-0.05-50-0 0 2312 32 20 24 2 0.6514 0.9922 215 102
54-0-1-0.05-50-0 0 2312 1 16 13 8 0.2520 0.2228 409 149
54-0-1-0.05-50-0 0 2313 27 32 10 24 0.0776 0.6514 149 215
54-0-1-0.05-50-0 0 2313 22 35 15 6 0.0160 0.0354 311 158
54-0-1-0.05-50-0 0 2314 31 43 4 5 0.5626 0.8316 252 123
54-0-1-0.05-50-0 0 2314 43 1 4 15 0.8316 0.2520 123 409
54-0-1-0.05-50-0 0 2314 3 6 11 7 0.4813 0.4266 321 249
54-0-1-0.05-50-0 0 2315 32 1 22 15 0.6514 0.2520 215 409
54-0-1-0.05-50-0 0 2315 43 32 4 22 0.8316 0.6514 123 215
54-0-1-0.05-50-0 0 2316 24 27 5 10 0.1940 0.0776 254 149
54-0-1-0.05-50-0 0 2316 32 3 21 11 0.6514 0.4813 215 321
54-0-1-0.05-50-0 0 2317 27 22 8 14 0.0776 0.0160 149 311
54-0-1-0.05-50-0 0 2317 20 32 1 21 0.9922 0.6514 102 215
54-0-1-0.05-50-0 0 2318 17 1 5 14 0.6398 0.2520 197 409
54-0-1-0.05-50-0 0 2318 1 32 13 19 0.2520 0.6514 409 215
54-0-1-0.05-50-0 0 2319 1 43 14 3 0.2520 0.8316 409 123
54-0-1-0.05-50-0 0 2319 14 20 3 1 0.8451 0.9922 105 102
54-0-1-0.05-50-0 0 2320 31 16 3 8 0.5626 0.2228 252 149
54-0-1-0.05-50-0 0 2320 1 24 14 5 0.2520 0.1940 409 254
54-0-1-0.05-50-0 0 2321 12 14 4 3 0.1896 0.8451 325 105
54-0-1-0.05-50-0 0 2321 22 32 12 18 0.0160 0.6514 311 215
54-0-1-0.05-50-0 0 2322 16 32 7 17 0.2228 0.6514 149 215
54-0-1-0.05-50-0 0 2322 31 32 4 16 0.5626 0.6514 252 215
54-0-1-0.05-50-0 0 2323 31 14 4 2 0.5626 0.8451 252 105
54-0-1-0.05-50-0 0 2323 27 9 8 2 0.0776 0.6134 149 161
54-0-1-0.05-50-0 0 2324 22 48 12 1 0.0160 0.1153 311 334
54-0-1-0.05-50-0 0 2324 22 15 12 3 0.0160 0.7918 311 149
54-0-1-0.05-50-0 0 2325 32 3 14 13 0.6514 0.4813 215 321
54-0-1-0.05-50-0 0 2325 32 3 14 12 0.6514 0.4813 215 321
54-0-1-0.05-50-0 0 2326 1 19 18 1 0.2520 0.8072 409 134
54-0-1-0.05-50-0 0 2326 5 30 3 2 0.0007 0.6008 226 266
54-0-1-0.05-50-0 0 2327 32 25 15 1 0.6514 0.9430 215 125
54-0-1-0.05-50-0 0 2327 3 6 13 6 0.4813 0.4266 321 249
54-0-1-0.05-50-0 0 2328 27 32 10 15 0.0776 0.6514 149 215
54-0-1-0.05-50-0 0 2328 1 3 20 14 0.2520 0.4813 409 321
54-0-1-0.05-50-0 0 2329 22 27 12 10 0.0160 0.0776 311 149
54-0-1-0.05-50-0 0 2329 27 27 9 9 0.0776 0.0776 149 149
54-0-1-0.05-50-0 0 2330 14 3 1 14 0.8451 0.4813 105 321
54-0-1-0.05-50-0 0 2330 12 1 4 18 0.1896 0.2520 325 409
54-0-1-0.05-50-0 0 2331 29 6 2 7 0.6728 0.4266 177 249
54-0-1-0.05-50-0 0 2331 35 27 9 8 0.0354 0.0776 158 149
54-0-1-0.05-50-0 0 2332 1 1 18 18 0.2520 0.2520 409 409
54-0-1-0.05-50-0 0 2332 6 35 6 9 0.4266 0.0354 249 158
54-0-1-0.05-50-0 0 2333 38 1 5 17 0.6163 0.2520 270 409
54-0-1-0.05-50-0 0 2333 47 27 2 6 0.9293 0.0776 103 149
54-0-1-0.05-50-0 0 2334 27 12 5 4 0.0776 0.1896 149 325
54-0-1-0.05-50-0 0 2334 17 22 7 10 0.6398 0.0160 197 311
54-0-1-0.05-50-0 0 2335 1 27 15 5 0.2520 0.0776 409 149
54-0-1-0.05-50-0 0 2335 17 32 7 17 0.6398 0.6514 197 215
54-0-1-0.05-50-0 0 2336 16 3 6 10 0.2228 0.4813 149 321
54-0-1-0.05-50-0 0 2336 3 43 9 3 0.4813 0.8316 321 123
54-0-1-0.05-50-0 0 2337 22 44 10 2 0.0160 0.7034 311 118
54-0-1-0.05-50-0 0 2337 47 31 2 6 0.9293 0.5626 103 252
54-0-1-0.05-50-0 0 2338 22 32 10 18 0.0160 0.6514 311 215
54-0-1-0.05-50-0 0 2338 24 32 6 17 0.1940 0.6514 254 215
54-0-1-0.05-50-0 0 2339 22 17 10 9 0.0160 0.6398 311 197
54-0-1-0.05-50-0 0 2339 16 38 5 4 0.2228 0.6163 149 270
54-0-1-0.05-50-0 0 2340 1 22 13 10 0.2520 0.0160 409 311
54-0-1-0.05-50-0 0 2340 24 32 7 16 0.1940 0.6514 254 215
54-0-1-0.05-50-0 0 2341 3 22 9 9 0.4813 0.0160 321 311
54-0-1-0.05-50-0 0 2341 38 32 3 16 0.6163 0.6514 270 215
54-0-1-0.05-50-0 0 2342 14 1 1 13 0.8451 0.2520 105 409
54-0-1-0.05-50-0 0 2342 22 24 8 7 0.0160 0.1940 311 254
54-0-1-0.05-50-0 0 2343 23 1 1 12 0.1698 0.2520 476 409
54-0-1-0.05-50-0 0 2343 33 22 3 8 0.6893 0.0160 191 311
54-0-1-0.05-50-0 0 2344 24 3 5 9 0.1940 0.4813 254 321
54-0-1-0.05-50-0 0 2344 17 8 9 1 0.6398 0.2506 197 303
54-0-1-0.05-50-0 0 2345 22 17 6 10 0.0160 0.6398 311 197
54-0-1-0.05-50-0 0 2345 10 23 4 1 0.2533 0.1698 449 476
54-0-1-0.05-50-0 0 2346 17 1 9 10 0.6398 0.2520 197 409
54-0-1-0.05-50-0 0 2346 3 1 8 9 0.4813 0.2520 321 409
54-0-1-0.05-50-0 0 2347 22 49 5 1 0.0160 0.1842 311 136
54-0-1-0.05-50-0 0 2347 5 6 5 6 0.0007 0.4266 226 249
54-0-1-0.05-50-0 0 2348 17 10 8 4 0.6398 0.2533 197 449
54-0-1-0.05-50-0 0 2348 35 27 11 8 0.0354 0.0776 158 149
54-0-1-0.05-50-0 0 2349 10 43 4 5 0.2533 0.8316 449 123
54-0-1-0.05-50-0 0 2349 47 5 2 5 0.9293 0.0007 103 226
54-0-1-0.05-50-0 0 2350 6 5 6 4 0.4266 0.0007 249 226
54-0-1-0.05-50-0 0 2350 17 3 4 7 0.6398 0.4813 197 321
54-0-1-0.05-50-0 0 2351 6 43 6 4 0.4266 0.8316 249 123
54-0-1-0.05-50-0 0 2351 27 21 6 2 0.0776 0.4184 149 158
54-0-1-0.05-50-0 0 2352 44 27 3 6 0.7034 0.0776 118 149
54-0-1-0.05-50-0 0 2352 22 7 6 4 0.0160 0.9267 311 106
54-0-1-0.05-50-0 0 2353 17 6 5 6 0.6398 0.4266 197 249
54-0-1-0.05-50-0 0 2353 37 44 2 4 0.8481 0.7034 127 118
54-0-1-0.05-50-0 0 2354 39 32 2 21 0.2187 0.6514 309 215
54-0-1-0.05-50-0 0 2354 1 27 7 5 0.2520 0.0776 409 149
54-0-1-0.05-50-0 0 2355 32 3 20 6 0.6514 0.4813 215 321
54-0-1-0.05-50-0 0 2355 32 37 20 2 0.6514 0.8481 215 127
54-0-1-0.05-50-0 0 2356 16 32 6 19 0.2228 0.6514 149 215
54-0-1-0.05-50-0 0 2356 44 35 5 11 0.7034 0.0354 118 158
54-0-1-0.05-50-0 0 2357 44 6 6 7 0.7034 0.4266 118 249
54-0-1-0.05-50-0 0 2357 37 3 1 6 0.8481 0.4813 127 321
54-0-1-0.05-50-0 0 2358 10 22 4 6 0.2533 0.0160 449 311
54-0-1-0.05-50-0 0 2358 9 17 2 4 0.6134 0.6398 161 197
54-0-1-0.05-50-0 0 2359 23 15 1 2 0.1698 0.7918 476 149
54-0-1-0.05-50-0 0 2359 15 32 1 18 0.7918 0.6514 149 215
54-0-1-0.05-50-0 0 2360 38 3 5 5 0.6163 0.4813 270 321
54-0-1-0.05-50-0 0 2360 35 24 9 4 0.0354 0.1940 158 254
54-0-1-0.05-50-0 0 2361 22 32 4 21 0.0160 0.6514 311 215
54-0-1-0.05-50-0 0 2361 35 6 9 5 0.0354 0.4266 158 249
54-0-1-0.05-50-0 0 2362 6 24 4 3 0.4266 0.1940 249 254
54-0-1-0.05-50-0 0 2362 10 38 4 5 0.2533 0.6163 449 270
54-0-1-0.05-50-0 0 2363 35 1 9 6 0.0354 0.2520 158 409
54-0-1-0.05-50-0 0 2363 7 45 4 4 0.9267 0.3816 106 173
54-0-1-0.05-50-0 0 2364 43 17 3 5 0.8316 0.6398 123 197
54-0-1-0.05-50-0 0 2364 35 35 9 9 0.0354 0.0354 158 158
54-0-1-0.05-50-0 0 2365 38 19 4 1 0.6163 0.8072 270 134
54-0-1-0.05-50-0 0 2365 35 22 8 4 0.0354 0.0160 158 311
54-0-1-0.05-50-0 0 2366 14 45 4 4 0.8451 0.3816 105 173
54-0-1-0.05-50-0 0 2366 38 7 5 6 0.6163 0.9267 270 106
54-0-1-0.05-50-0 0 2367 18 32 3 22 0.2181 0.6514 226 215
54-0-1-0.05-50-0 0 2367 27 18 7 3 0.0776 0.2181 149 226
54-0-1-0.05-50-0 0 2368 23 1 2 5 0.1698 0.2520 476 409
54-0-1-0.05-50-0 0 2368 32 1 21 4 0.6514 0.2520 215 409
54-0-1-0.05-50-0 0 2369 17 39 6 1 0.6398 0.2187 197 309
54-0-1-0.05-50-0 0 2369 10 17 5 6 0.2533 0.6398 449 197
54-0-1-0.05-50-0 0 2370 32 1 22 3 0.6514 0.2520 215 409
54-0-1-0.05-50-0 0 2370 32 35 22 9 0.6514 0.0354 215 158
54-0-1-0.05-50-0 0 2371 32 23 21 2 0.6514 0.1698 215 476
54-0-1-0.05-50-0 0 2371 32 45 21 4 0.6514 0.3816 215 173
54-0-1-0.05-50-0 0 2372 32 15 23 4 0.6514 0.7918 215 149
54-0-1-0.05-50-0 0 2372 11 16 1 6 0.0504 0.2228 384 149
54-0-1-0.05-50-0 0 2373 44 32 8 22 0.7034 0.6514 118 215
54-0-1-0.05-50-0 0 2373 31 32 3 21 0.5626 0.6514 252 215
54-0-1-0.05-50-0 0 2374 7 45 3 3 0.9267 0.3816 106 173
54-0-1-0.05-50-0 0 2374 30 15 1 3 0.6008 0.7918 266 149
54-0-1-0.05-50-0 0 2375 3 31 4 3 0.4813 0.5626 321 252
54-0-1-0.05-50-0 0 2375 44 7 7 3 0.7034 0.9267 118 106
54-0-1-0.05-50-0 0 2376 32 13 22 3 0.6514 0.8878 215 151
54-0-1-0.05-50-0 0 2376 27 12 8 2 0.0776 0.1896 149 325
54-0-1-0.05-50-0 0 2377 5 24 7 4 0.0007 0.1940 226 254
54-0-1-0.05-50-0 0 2377 5 32 7 22 0.0007 0.6514 226 215
54-0-1-0.05-50-0 0 2378 16 32 10 22 0.2228 0.6514 149 215
54-0-1-0.05-50-0 0 2378 5 35 6 11 0.0007 0.0354 226 158
54-0-1-0.05-50-0 0 2379 46 32 4 22 0.3451 0.6514 327 215
54-0-1-0.05-50-0 0 2379 22 35 1 9 0.0160 0.0354 311 158
54-0-1-0.05-50-0 0 2380 35 32 7 22 0.0354 0.6514 158 215
54-0-1-0.05-50-0 0 2380 3 5 6 6 0.4813 0.0007 321 226
54-0-1-0.05-50-0 0 2381 32 24 21 3 0.6514 0.1940 215 254
54-0-1-0.05-50-0 0 2381 44 45 8 2 0.7034 0.3816 118 173
54-0-1-0.05-50-0 0 2382 3 38 4 8 0.4813 0.6163 321 270
54-0-1-0.05-50-0 0 2382 32 32 19 19 0.6514 0.6514 215 215
54-0-1-0.05-50-0 0 2383 32 47 19 2 0.6514 0.9293 215 103
54-0-1-0.05-50-0 0 2383 27 35 8 7 0.0776 0.0354 149 158
54-0-1-0.05-50-0 0 2384 35 16 6 14 0.0354 0.2228 158 149
54-0-1-0.05-50-0 0 2384 31 16 5 13 0.5626 0.2228 252 149
54-0-1-0.05-50-0 0 2385 38 20 7 2 0.6163 0.9922 270 102
54-0-1-0.05-50-0 0 2385 22 47 2 1 0.0160 0.9293 311 103
54-0-1-0.05-50-0 0 2386 17 5 3 5 0.6398 0.0007 197 226
54-0-1-0.05-50-0 0 2386 16 32 14 16 0.2228 0.6514 149 215
54-0-1-0.05-50-0 0 2387 43 16 3 14 0.8316 0.2228 123 149
54-0-1-0.05-50-0 0 2387 29 44 4 8 0.6728 0.7034 177 118
54-0-1-0.05-50-0 0 2388 8 16 3 12 0.2506 0.2228 303 149
54-0-1-0.05-50-0 0 2388 29 14 5 4 0.6728 0.8451 177 105
54-0-1-0.05-50-0 0 2389 24 4 3 1 0.1940 0.0723 254 351
54-0-1-0.05-50-0 0 2389 33 5 3 4 0.6893 0.0007 191 226
54-0-1-0.05-50-0 0 2390 35 35 6 6 0.0354 0.0354 158 158
54-0-1-0.05-50-0 0 2390 17 16 6 14 0.6398 0.2228 197 149
54-0-1-0.05-50-0 0 2391 29 29 5 5 0.6728 0.6728 177 177
54-0-1-0.05-50-0 0 2391 35 44 5 7 0.0354 0.7034 158 118
54-0-1-0.05-50-0 0 2392 29 3 2 5 0.6728 0.4813 177 321
54-0-1-0.05-50-0 0 2392 31 10 6 7 0.5626 0.2533 252 449
54-0-1-0.05-50-0 0 2393 15 32 7 18 0.7918 0.6514 149 215
54-0-1-0.05-50-0 0 2393 16 31 12 6 0.2228 0.5626 149 252
54-0-1-0.05-50-0 0 2394 35 11 5 2 0.0354 0.0504 158 384
54-0-1-0.05-50-0 0 2394 17 27 7 6 0.6398 0.0776 197 149
54-0-1-0.05-50-0 0 2395 44 35 5 5 0.7034 0.0354 118 158
54-0-1-0.05-50-0 0 2395 6 45 2 3 0.4266 0.3816 249 173
54-0-1-0.05-50-0 0 2396 10 43 7 3 0.2533 0.8316 449 123
54-0-1-0.05-50-0 0 2396 7 35 2 4 0.9267 0.0354 106 158
54-0-1-0.05-50-0 0 2397 16 10 13 7 0.2228 0.2533 149 449
54-0-1-0.05-50-0 0 2397 22 38 2 8 0.0160 0.6163 311 270
54-0-1-0.05-50-0 0 2398 31 31 5 5 0.5626 0.5626 252 252
54-0-1-0.05-50-0 0 2398 32 32 18 18 0.6514 0.6514 215 215
54-0-1-0.05-50-0 0 2399 32 12 18 4 0.6514 0.1896 215 325
54-0-1-0.05-50-0 0 2399 44 1 5 3 0.7034 0.2520 118 409
54-0-1-0.05-50-0 0 2400 15 17 11 8 0.7918 0.6398 149 197
54-0-1-0.05-50-0 0 2400 32 1 17 2 0.6514 0.2520 215 409
54-0-1-0.05-50-0 0 2401 38 3 7 7 0.6163 0.4813 270 321
54-0-1-0.05-50-0 0 2401 32 10 15 6 0.6514 0.2533 215 449
54-0-1-0.05-50-0 0 2402 15 27 12 5 0.7918 0.0776 149 149
54-0-1-0.05-50-0 0 2402 15 10 12 5 0.7918 0.2533 149 449
54-0-1-0.05-50-0 0 2403 16 8 14 2 0.2228 0.2506 149 303
54-0-1-0.05-50-0 0 2403 10 27 4 4 0.2533 0.0776 449 149
54-0-1-0.05-50-0 0 2404 16 38 15 7 0.2228 0.6163 149 270
54-0-1-0.05-50-0 0 2404 15 32 9 15 0.7918 0.6514 149 215
54-0-1-0.05-50-0 0 2405 27 15 3 9 0.0776 0.7918 149 149
54-0-1-0.05-50-0 0 2405 7 10 2 4 0.9267 0.2533 106 449
54-0-1-0.05-50-0 0 2406 16 32 17 16 0.2228 0.6514 149 215
54-0-1-0.05-50-0 0 2406 7 6 2 4 0.9267 0.4266 106 249
54-0-1-0.05-50-0 0 2407 44 11 6 2 0.7034 0.0504 118 384
54-0-1-0.05-50-0 0 2407 44 30 6 3 0.7034 0.6008 118 266
54-0-1-0.05-50-0 0 2408 15 37 10 3 0.7918 0.8481 149 127
54-0-1-0.05-50-0 0 2408 45 17 3 6 0.3816 0.6398 173 197
54-0-1-0.05-50-0 0 2409 32 17 16 5 0.6514 0.6398 215 197
54-0-1-0.05-50-0 0 2409 24 16 4 17 0.1940 0.2228 254 149
54-0-1-0.05-50-0 0 2410 5 16 4 16 0.0007 0.2228 226 149
54-0-1-0.05-50-0 0 2410 32 37 16 2 0.6514 0.8481 215 127
54-0-1-0.05-50-0 0 2411 15 18 9 1 0.7918 0.2181 149 226
54-0-1-0.05-50-0 0 2411 44 30 6 2 0.7034 0.6008 118 266
54-0-1-0.05-50-0 0 2412 16 14 15 5 0.2228 0.8451 149 105
54-0-1-0.05-50-0 0 2412 33 17 4 4 0.6893 0.6398 191 197
54-0-1-0.05-50-0 0 2413 32 3 17 5 0.6514 0.4813 215 321
54-0-1-0.05-50-0 0 2413 38 33 8 4 0.6163 0.6893 270 191
54-0-1-0.05-50-0 0 2414 31 24 3 6 0.5626 0.1940 252 254
54-0-1-0.05-50-0 0 2414 38 29 8 2 0.6163 0.6728 270 177
54-0-1-0.05-50-0 0 2415 35 15 2 7 0.0354 0.7918 158 149
54-0-1-0.05-50-0 0 2415 16 21 12 3 0.2228 0.4184 149 158
54-0-1-0.05-50-0 0 2416 3 27 3 2 0.4813 0.0776 321 149
54-0-1-0.05-50-0 0 2416 17 33 3 3 0.6398 0.6893 197 191
54-0-1-0.05-50-0 0 2417 46 29 8 1 0.3451 0.6728 327 177
54-0-1-0.05-50-0 0 2417 38 35 10 3 0.6163 0.0354 270 158
54-0-1-0.05-50-0 0 2418 16 27 11 1 0.2228 0.0776 149 149
54-0-1-0.05-50-0 0 2418 32 14 18 6 0.6514 0.8451 215 105
54-0-1-0.05-50-0 0 2419 9 37 2 2 0.6134 0.8481 161 127
54-0-1-0.05-50-0 0 2419 44 37 6 1 0.7034 0.8481 118 127
54-0-1-0.05-50-0 0 2420 44 8 6 2 0.7034 0.2506 118 303
54-0-1-0.05-50-0 0 2420 15 42 7 1 0.7918 0.7447 149 106
54-0-1-0.05-50-0 0 2421 24 38 6 8 0.1940 0.6163 254 270
54-0-1-0.05-50-0 0 2421 32 35 19 3 0.6514 0.0354 215 158
54-0-1-0.05-50-0 0 2422 44 40 7 1 0.7034 0.9739 118 104
54-0-1-0.05-50-0 0 2422 32 46 18 8 0.6514 0.3451 215 327
54-0-1-0.05-50-0 0 2423 32 44 18 7 0.6514 0.7034 215 118
54-0-1-0.05-50-0 0 2423 43 46 6 7 0.8316 0.3451 123 327
54-0-1-0.05-50-0 0 2424 45 7 2 3 0.3816 0.9267 173 106
54-0-1-0.05-50-0 0 2424 31 16 4 21 0.5626 0.2228 252 149
54-0-1-0.05-50-0 0 2425 43 33 6 2 0.8316 0.6893 123 191
54-0-1-0.05-50-0 0 2425 16 32 21 19 0.2228 0.6514 149 215
54-0-1-0.05-50-0 0 2426 43 6 7 5 0.8316 0.4266 123 249
54-0-1-0.05-50-0 0 2426 32 6 19 4 0.6514 0.4266 215 249
54-0-1-0.05-50-0 0 2427 44 7 6 3 0.7034 0.9267 118 106
54-0-1-0.05-50-0 0 2427 32 7 21 2 0.6514 0.9267 215 106
54-0-1-0.05-50-0 0 2428 43 45 7 3 0.8316 0.3816 123 173
54-0-1-0.05-50-0 0 2428 32 43 21 7 0.6514 0.8316 215 123
54-0-1-0.05-50-0 0 2429 38 6 11 3 0.6163 0.4266 270 249
54-0-1-0.05-50-0 0 2429 15 32 6 21 0.7918 0.6514 149 215
54-0-1-0.05-50-0 0 2430 16 16 22 22 0.2228 0.2228 149 149
54-0-1-0.05-50-0 0 2430 14 24 5 7 0.8451 0.1940 105 254
54-0-1-0.05-50-0 0 2431 32 43 24 6 0.6514 0.8316 215 123
54-0-1-0.05-50-0 0 2431 46 32 4 24 0.3451 0.6514 327 215
54-0-1-0.05-50-0 0 2432 28 38 1 12 0.3846 0.6163 311 270
54-0-1-0.05-50-0 0 2432 32 38 23 11 0.6514 0.6163 215 270
54-0-1-0.05-50-0 0 2433 24 21 6 1 0.1940 0.4184 254 158
54-0-1-0.05-50-0 0 2433 12 12 2 2 0.1896 0.1896 325 325
54-0-1-0.05-50-0 0 2434 43 38 7 11 0.8316 0.6163 123 270
54-0-1-0.05-50-0 0 2434 47 16 4 23 0.9293 0.2228 103 149
54-0-1-0.05-50-0 0 2435 5 43 4 7 0.0007 0.8316 226 123
54-0-1-0.05-50-0 0 2435 32 32 23 23 0.6514 0.6514 215 215
54-0-1-0.05-50-0 0 2436 32 5 23 4 0.6514 0.0007 215 226
54-0-1-0.05-50-0 0 2436 46 16 6 25 0.3451 0.2228 327 149
54-0-1-0.05-50-0 0 2437 47 10 4 2 0.9293 0.2533 103 449
54-0-1-0.05-50-0 0 2437 32 16 23 26 0.6514 0.2228 215 149
54-0-1-0.05-50-0 0 2438 16 38 23 11 0.2228 0.6163 149 270
54-0-1-0.05-50-0 0 2438 3 10 4 1 0.4813 0.2533 321 449
54-0-1-0.05-50-0 0 2439 24 45 5 6 0.1940 0.3816 254 173
54-0-1-0.05-50-0 0 2439 16 16 25 25 0.2228 0.2228 149 149
54-0-1-0.05-50-0 0 2440 44 43 4 5 0.7034 0.8316 118 123
54-0-1-0.05-50-0 0 2440 47 45 4 5 0.9293 0.3816 103 173
54-0-1-0.05-50-0 0 2441 30 16 2 25 0.6008 0.2228 266 149
54-0-1-0.05-50-0 0 2441 24 47 5 4 0.1940 0.9293 254 103
54-0-1-0.05-50-0 0 2442 16 45 22 6 0.2228 0.3816 149 173
54-0-1-0.05-50-0 0 2442 32 37 24 1 0.6514 0.8481 215 127
54-0-1-0.05-50-0 0 2443 16 24 24 4 0.2228 0.1940 149 254
54-0-1-0.05-50-0 0 2443 3 9 3 2 0.4813 0.6134 321 161
54-0-1-0.05-50-0 0 2444 14 44 7 4 0.8451 0.7034 105 118
54-0-1-0.05-50-0 0 2444 33 32 2 25 0.6893 0.6514 191 215
54-0-1-0.05-50-0 0 2445 12 14 1 8 0.1896 0.8451 325 105
54-0-1-0.05-50-0 0 2445 16 14 25 7 0.2228 0.8451 149 105
54-0-1-0.05-50-0 0 2446 3 16 3 25 0.4813 0.2228 321 149
54-0-1-0.05-50-0 0 2446 30 46 4 6 0.6008 0.3451 266 327
54-0-1-0.05-50-0 0 2447 47 30 3 4 0.9293 0.6008 103 266
54-0-1-0.05-50-0 0 2447 32 15 26 3 0.6514 0.7918 215 149
54-0-1-0.05-50-0 0 2448 38 16 8 21 0.6163 0.2228 270 149
54-0-1-0.05-50-0 0 2448 16 46 20 5 0.2228 0.3451 149 327
54-0-1-0.05-50-0 0 2449 32 1 27 1 0.6514 0.2520 215 409
54-0-1-0.05-50-0 0 2449 29 46 4 4 0.6728 0.3451 177 327
54-0-1-0.05-50-0 0 2450 45 11 6 4 0.3816 0.0504 173 384
54-0-1-0.05-50-0 0 2450 14 33 6 4 0.8451 0.6893 105 191
54-0-1-0.05-50-0 0 2451 43 38 5 7 0.8316 0.6163 123 270
54-0-1-0.05-50-0 0 2451 5 31 5 5 0.0007 0.5626 226 252
54-0-1-0.05-50-0 0 2452 32 43 25 5 0.6514 0.8316 215 123
54-0-1-0.05-50-0 0 2452 29 33 4 4 0.6728 0.6893 177 191
54-0-1-0.05-50-0 0 2453 6 32 3 26 0.4266 0.6514 249 215
54-0-1-0.05-50-0 0 2453 14 18 9 5 0.8451 0.2181 105 226
54-0-1-0.05-50-0 0 2454 32 5 26 4 0.6514 0.0007 215 226
54-0-1-0.05-50-0 0 2454 32 14 26 8 0.6514 0.8451 215 105
54-0-1-0.05-50-0 0 2455 24 45 8 8 0.1940 0.3816 254 173
54-0-1-0.05-50-0 0 2455 32 46 26 2 0.6514 0.3451 215 327
54-0-1-0.05-50-0 0 2456 24 45 8 6 0.1940 0.3816 254 173
54-0-1-0.05-50-0 0 2456 11 25 6 3 0.0504 0.9430 384 125
54-0-1-0.05-50-0 0 2457 49 33 1 3 0.1842 0.6893 136 191
54-0-1-0.05-50-0 0 2457 13 38 1 9 0.8878 0.6163 151 270
54-0-1-0.05-50-0 0 2458 14 14 7 7 0.8451 0.8451 105 105
54-0-1-0.05-50-0 0 2458 16 14 23 6 0.2228 0.8451 149 105
54-0-1-0.05-50-0 0 2459 43 50 4 2 0.8316 0.2147 123 147
54-0-1-0.05-50-0 0 2459 29 47 6 5 0.6728 0.9293 177 103
54-0-1-0.05-50-0 0 2460 38 47 8 3 0.6163 0.9293 270 103
54-0-1-0.05-50-0 0 2460 32 38 25 8 0.6514 0.6163 215 270
54-0-1-0.05-50-0 0 2461 16 2 27 1 0.2228 0.8198 149 167
54-0-1-0.05-50-0 0 2461 25 11 3 7 0.9430 0.0504 125 384
54-0-1-0.05-50-0 0 2461 32 45 25 5 0.6514 0.3816 215 173
54-0-1-0.05-50-0 0 2462 14 16 3 29 0.8451 0.2228 105 149
54-0-1-0.05-50-0 0 2462 50 38 1 8 0.2147 0.6163 147 270
54-0-1-0.05-50-0 0 2462 26 33 1 3 0.8171 0.6893 141 191
54-0-1-0.05-50-0 0 2463 16 16 26 26 0.2228 0.2228 149 149
54-0-1-0.05-50-0 0 2463 50 43 1 4 0.2147 0.8316 147 123
54-0-1-0.05-50-0 0 2464 32 49 28 1 0.6514 0.1842 215 136
54-0-1-0.05-50-0 0 2464 29 47 7 2 0.6728 0.9293 177 103
54-0-1-0.05-50-0 0 2465 24 44 7 9 0.1940 0.7034 254 118
54-0-1-0.05-50-0 0 2465 43 25 3 1 0.8316 0.9430 123 125
54-0-1-0.05-50-0 0 2466 24 32 7 27 0.1940 0.6514 254 215
54-0-1-0.05-50-0 0 2466 11 9 9 2 0.0504 0.6134 384 161
54-0-1-0.05-50-0 0 2467 16 32 26 27 0.2228 0.6514 149 215
54-0-1-0.05-50-0 0 2467 44 32 10 26 0.7034 0.6514 118 215
54-0-1-0.05-50-0 0 2467 16 44 26 10 0.2228 0.7034 149 118
54-0-1-0.05-50-0 0 2468 16 28 28 5 0.2228 0.3846 149 311
54-0-1-0.05-50-0 0 2468 32 38 25 6 0.6514 0.6163 215 270
54-0-1-0.05-50-0 0 2469 32 32 25 25 0.6514 0.6514 215 215
54-0-1-0.05-50-0 0 2469 44 44 9 9 0.7034 0.7034 118 118
54-0-1-0.05-50-0 0 2470 33 6 3 1 0.6893 0.4266 191 249
54-0-1-0.05-50-0 0 2470 31 43 5 2 0.5626 0.8316 252 123
54-0-1-0.05-50-0 0 2471 31 16 5 28 0.5626 0.2228 252 149
54-0-1-0.05-50-0 0 2471 11 18 12 5 0.0504 0.2181 384 226
54-0-1-0.05-50-0 0 2472 11 31 14 5 0.0504 0.5626 384 252
54-0-1-0.05-50-0 0 2472 14 15 2 2 0.8451 0.7918 105 149
54-0-1-0.05-50-0 0 2473 33 2 3 3 0.6893 0.8198 191 167
54-0-1-0.05-50-0 0 2473 16 11 28 16 0.2228 0.0504 149 384
54-0-1-0.05-50-0 0 2474 44 29 8 10 0.7034 0.6728 118 177
54-0-1-0.05-50-0 0 2474 31 16 4 27 0.5626 0.2228 252 149
54-0-1-0.05-50-0 0 2474 16 24 26 9 0.2228 0.1940 149 254
54-0-1-0.05-50-0 0 2475 33 32 3 24 0.6893 0.6514 191 215
54-0-1-0.05-50-0 0 2475 24 18 8 4 0.1940 0.2181 254 226
54-0-1-0.05-50-0 0 2475 29 9 9 1 0.6728 0.6134 177 161
54-0-1-0.05-50-0 0 2476 47 3 2 4 0.9293 0.4813 103 321
54-0-1-0.05-50-0 0 2476 43 32 3 22 0.8316 0.6514 123 215
54-0-1-0.05-50-0 0 2477 11 38 14 6 0.0504 0.6163 384 270
54-0-1-0.05-50-0 0 2477 5 16 7 25 0.0007 0.2228 226 149
54-0-1-0.05-50-0 0 2478 32 11 18 15 0.6514 0.0504 215 384
54-0-1-0.05-50-0 0 2478 11 24 14 5 0.0504 0.1940 384 254
54-0-1-0.05-50-0 0 2479 18 32 4 18 0.2181 0.6514 226 215
54-0-1-0.05-50-0 0 2479 31 28 4 4 0.5626 0.3846 252 311
54-0-1-0.05-50-0 0 2480 38 43 4 5 0.6163 0.8316 270 123
54-0-1-0.05-50-0 0 2480 24 2 4 2 0.1940 0.8198 254 167
54-0-1-0.05-50-0 0 2481 44 6 8 2 0.7034 0.4266 118 249
54-0-1-0.05-50-0 0 2481 16 5 23 6 0.2228 0.0007 149 226
54-0-1-0.05-50-0 0 2482 11 5 13 6 0.0504 0.0007 384 226
54-0-1-0.05-50-0 0 2482 32 50 19 2 0.6514 0.2147 215 147
54-0-1-0.05-50-0 0 2483 44 2 8 1 0.7034 0.8198 118 167
54-0-1-0.05-50-0 0 2483 18 16 4 22 0.2181 0.2228 226 149
54-0-1-0.05-50-0 0 2484 14 16 3 22 0.8451 0.2228 105 149
54-0-1-0.05-50-0 0 2484 21 24 1 5 0.4184 0.1940 158 254
54-0-1-0.05-50-0 0 2485 16 30 22 4 0.2228 0.6008 149 266
54-0-1-0.05-50-0 0 2485 32 7 19 1 0.6514 0.9267 215 106
54-0-1-0.05-50-0 0 2486 18 44 4 7 0.2181 0.7034 226 118
54-0-1-0.05-50-0 0 2486 38 11 3 11 0.6163 0.0504 270 384
54-0-1-0.05-50-0 0 2487 24 11 4 11 0.1940 0.0504 254 384
54-0-1-0.05-50-0 0 2487 28 16 2 24 0.3846 0.2228 311 149
54-0-1-0.05-50-0 0 2488 18 18 4 4 0.2181 0.2181 226 226
54-0-1-0.05-50-0 0 2488 29 16 11 23 0.6728 0.2228 177 149
54-0-1-0.05-50-0 0 2489 14 4 4 2 0.8451 0.0723 105 351
54-0-1-0.05-50-0 0 2489 16 49 20 2 0.2228 0.1842 149 136
54-0-1-0.05-50-0 0 2490 28 18 2 2 0.3846 0.2181 311 226
54-0-1-0.05-50-0 0 2490 32 5 20 5 0.6514 0.0007 215 226
54-0-1-0.05-50-0 0 2491 10 29 2 12 0.2533 0.6728 449 177
54-0-1-0.05-50-0 0 2491 16 16 18 18 0.2228 0.2228 149 149
54-0-1-0.05-50-0 0 2492 16 44 18 6 0.2228 0.7034 149 118
54-0-1-0.05-50-0 0 2492 29 32 11 20 0.6728 0.6514 177 215
54-0-1-0.05-50-0 0 2493 45 33 5 2 0.3816 0.6893 173 191
54-0-1-0.05-50-0 0 2493 3 38 1 1 0.4813 0.6163 321 270
54-0-1-0.05-50-0 0 2494 26 32 1 19 0.8171 0.6514 141 215
54-0-1-0.05-50-0 0 2494 16 32 16 18 0.2228 0.6514 149 215
54-0-1-0.05-50-0 0 2495 26 16 1 16 0.8171 0.2228 141 149
54-0-1-0.05-50-0 0 2495 45 50 7 1 0.3816 0.2147 173 147
54-0-1-0.05-50-0 0 2496 32 11 17 10 0.6514 0.0504 215 384
54-0-1-0.05-50-0 0 2496 11 29 9 15 0.0504 0.6728 384 177
54-0-1-0.05-50-0 0 2497 44 29 5 14 0.7034 0.6728 118 177
54-0-1-0.05-50-0 0 2497 29 49 13 3 0.6728 0.1842 177 136
54-0-1-0.05-50-0 0 2498 16 32 18 15 0.2228 0.6514 149 215
54-0-1-0.05-50-0 0 2498 29 32 13 14 0.6728 0.6514 177 215
54-0-1-0.05-50-0 0 2499 45 16 7 18 0.3816 0.2228 173 149
54-0-1-0.05-50-0 0 2499 31 16 4 17 0.5626 0.2228 252 149
54-0-1-0.05-50-0 0 2500 11 13 11 1 0.0504 0.8878 384 151
54-0-1-0.05-50-0 0 2500 49 16 2 19 0.1842 0.2228 136 149
