60-0-1-0.05-50-0 0 2302 46 44 2 6 0.3451 0.7034 327 118
60-0-1-0.05-50-0 0 2302 11 44 7 5 0.0504 0.7034 384 118
60-0-1-0.05-50-0 0 2303 12 24 9 11 0.1896 0.1940 325 254
60-0-1-0.05-50-0 0 2303 1 14 3 2 0.2520 0.8451 409 105
60-0-1-0.05-50-0 0 2304 17 11 8 7 0.6398 0.0504 197 384
60-0-1-0.05-50-0 0 2304 24 37 10 4 0.1940 0.8481 254 127
60-0-1-0.05-50-0 0 2305 27 5 13 11 0.0776 0.0007 149 226
60-0-1-0.05-50-0 0 2305 17 27 7 13 0.6398 0.0776 197 149
60-0-1-0.05-50-0 0 2306 38 24 5 11 0.6163 0.1940 270 254
60-0-1-0.05-50-0 0 2306 37 27 3 14 0.8481 0.0776 127 149
60-0-1-0.05-50-0 0 2307 2 7 1 5 0.8198 0.9267 167 106
60-0-1-0.05-50-0 0 2307 35 38 7 6 0.0354 0.6163 158 270
60-0-1-0.05-50-0 0 2308 11 41 7 4 0.0504 0.9621 384 105
60-0-1-0.05-50-0 0 2308 45 38 1 6 0.3816 0.6163 173 270
60-0-1-0.05-50-0 0 2308 38 50 5 3 0.6163 0.2147 270 147
60-0-1-0.05-50-0 0 2309 17 24 10 14 0.6398 0.1940 197 254
60-0-1-0.05-50-0 0 2309 27 24 15 13 0.0776 0.1940 149 254
60-0-1-0.05-50-0 0 2309 8 2 10 2 0.2506 0.8198 303 167
60-0-1-0.05-50-0 0 2310 1 11 4 7 0.2520 0.0504 409 384
60-0-1-0.05-50-0 0 2310 5 24 14 12 0.0007 0.1940 226 254
60-0-1-0.05-50-0 0 2310 12 7 10 4 0.1896 0.9267 325 106
60-0-1-0.05-50-0 0 2311 12 49 10 4 0.1896 0.1842 325 136
60-0-1-0.05-50-0 0 2311 35 17 5 10 0.0354 0.6398 158 197
60-0-1-0.05-50-0 0 2311 5 5 14 14 0.0007 0.0007 226 226
60-0-1-0.05-50-0 0 2312 34 38 1 6 0.7448 0.6163 168 270
60-0-1-0.05-50-0 0 2312 11 39 6 13 0.0504 0.2187 384 309
60-0-1-0.05-50-0 0 2312 24 23 11 6 0.1940 0.1698 254 476
60-0-1-0.05-50-0 0 2313 27 9 19 3 0.0776 0.6134 149 161
60-0-1-0.05-50-0 0 2313 5 8 13 9 0.0007 0.2506 226 303
60-0-1-0.05-50-0 0 2313 24 27 11 19 0.1940 0.0776 254 149
60-0-1-0.05-50-0 0 2314 44 44 7 7 0.7034 0.7034 118 118
60-0-1-0.05-50-0 0 2314 5 41 13 1 0.0007 0.9621 226 105
60-0-1-0.05-50-0 0 2314 27 49 20 3 0.0776 0.1842 149 136
60-0-1-0.05-50-0 0 2315 24 32 13 7 0.1940 0.6514 254 215
60-0-1-0.05-50-0 0 2315 23 38 5 4 0.1698 0.6163 476 270
60-0-1-0.05-50-0 0 2315 35 39 5 12 0.0354 0.2187 158 309
60-0-1-0.05-50-0 0 2316 5 17 14 6 0.0007 0.6398 226 197
60-0-1-0.05-50-0 0 2316 39 12 11 13 0.2187 0.1896 309 325
60-0-1-0.05-50-0 0 2316 7 50 2 4 0.9267 0.2147 106 147
60-0-1-0.05-50-0 0 2317 32 5 5 15 0.6514 0.0007 215 226
60-0-1-0.05-50-0 0 2317 34 12 1 14 0.7448 0.1896 168 325
60-0-1-0.05-50-0 0 2317 5 8 14 10 0.0007 0.2506 226 303
60-0-1-0.05-50-0 0 2318 5 1 13 3 0.0007 0.2520 226 409
60-0-1-0.05-50-0 0 2318 44 34 8 1 0.7034 0.7448 118 168
60-0-1-0.05-50-0 0 2318 1 17 2 6 0.2520 0.6398 409 197
60-0-1-0.05-50-0 0 2319 37 27 4 24 0.8481 0.0776 127 149
60-0-1-0.05-50-0 0 2319 44 38 8 3 0.7034 0.6163 118 270
60-0-1-0.05-50-0 0 2319 18 37 6 4 0.2181 0.8481 226 127
60-0-1-0.05-50-0 0 2320 24 30 12 2 0.1940 0.6008 254 266
60-0-1-0.05-50-0 0 2320 18 5 6 13 0.2181 0.0007 226 226
60-0-1-0.05-50-0 0 2320 44 23 9 7 0.7034 0.1698 118 476
60-0-1-0.05-50-0 0 2321 49 44 2 10 0.1842 0.7034 136 118
60-0-1-0.05-50-0 0 2321 31 23 1 6 0.5626 0.1698 252 476
60-0-1-0.05-50-0 0 2321 27 39 26 16 0.0776 0.2187 149 309
60-0-1-0.05-50-0 0 2322 9 12 4 14 0.6134 0.1896 161 325
60-0-1-0.05-50-0 0 2322 5 24 13 9 0.0007 0.1940 226 254
60-0-1-0.05-50-0 0 2322 1 8 3 9 0.2520 0.2506 409 303
60-0-1-0.05-50-0 0 2323 37 32 6 4 0.8481 0.6514 127 215
60-0-1-0.05-50-0 0 2323 27 5 24 15 0.0776 0.0007 149 226
60-0-1-0.05-50-0 0 2323 1 35 4 6 0.2520 0.0354 409 158
60-0-1-0.05-50-0 0 2324 27 12 25 10 0.0776 0.1896 149 325
60-0-1-0.05-50-0 0 2324 27 12 25 9 0.0776 0.1896 149 325
60-0-1-0.05-50-0 0 2324 17 5 5 15 0.6398 0.0007 197 226
60-0-1-0.05-50-0 0 2325 39 21 12 4 0.2187 0.4184 309 158
60-0-1-0.05-50-0 0 2325 12 27 8 26 0.1896 0.0776 325 149
60-0-1-0.05-50-0 0 2325 18 39 8 12 0.2181 0.2187 226 309
60-0-1-0.05-50-0 0 2326 27 5 24 14 0.0776 0.0007 149 226
60-0-1-0.05-50-0 0 2326 12 18 8 8 0.1896 0.2181 325 226
60-0-1-0.05-50-0 0 2326 1 38 4 3 0.2520 0.6163 409 270
60-0-1-0.05-50-0 0 2327 24 12 9 8 0.1940 0.1896 254 325
60-0-1-0.05-50-0 0 2327 11 11 8 8 0.0504 0.0504 384 384
60-0-1-0.05-50-0 0 2327 48 1 1 4 0.1153 0.2520 334 409
60-0-1-0.05-50-0 0 2328 31 17 2 6 0.5626 0.6398 252 197
60-0-1-0.05-50-0 0 2328 27 31 26 2 0.0776 0.5626 149 252
60-0-1-0.05-50-0 0 2328 27 5 26 13 0.0776 0.0007 149 226
60-0-1-0.05-50-0 0 2329 18 18 7 7 0.2181 0.2181 226 226
60-0-1-0.05-50-0 0 2329 11 5 8 12 0.0504 0.0007 384 226
60-0-1-0.05-50-0 0 2329 5 44 11 11 0.0007 0.7034 226 118
60-0-1-0.05-50-0 0 2330 48 27 1 28 0.1153 0.0776 334 149
60-0-1-0.05-50-0 0 2330 27 9 27 3 0.0776 0.6134 149 161
60-0-1-0.05-50-0 0 2330 27 37 27 5 0.0776 0.8481 149 127
60-0-1-0.05-50-0 0 2331 23 18 8 6 0.1698 0.2181 476 226
60-0-1-0.05-50-0 0 2331 39 44 14 8 0.2187 0.7034 309 118
60-0-1-0.05-50-0 0 2331 44 7 7 1 0.7034 0.9267 118 106
60-0-1-0.05-50-0 0 2332 23 27 8 29 0.1698 0.0776 476 149
60-0-1-0.05-50-0 0 2332 5 5 12 12 0.0007 0.0007 226 226
60-0-1-0.05-50-0 0 2332 38 12 6 7 0.6163 0.1896 270 325
60-0-1-0.05-50-0 0 2333 37 37 4 4 0.8481 0.8481 127 127
60-0-1-0.05-50-0 0 2333 12 24 6 11 0.1896 0.1940 325 254
60-0-1-0.05-50-0 0 2333 5 24 11 10 0.0007 0.1940 226 254
60-0-1-0.05-50-0 0 2334 27 38 28 6 0.0776 0.6163 149 270
60-0-1-0.05-50-0 0 2334 39 27 13 28 0.2187 0.0776 309 149
60-0-1-0.05-50-0 0 2334 50 50 6 6 0.2147 0.2147 147 147
60-0-1-0.05-50-0 0 2335 12 15 6 5 0.1896 0.7918 325 149
60-0-1-0.05-50-0 0 2335 8 15 10 4 0.2506 0.7918 303 149
60-0-1-0.05-50-0 0 2335 38 18 6 5 0.6163 0.2181 270 226
60-0-1-0.05-50-0 0 2336 21 32 5 8 0.4184 0.6514 158 215
60-0-1-0.05-50-0 0 2336 11 23 6 12 0.0504 0.1698 384 476
60-0-1-0.05-50-0 0 2336 35 27 5 25 0.0354 0.0776 158 149
60-0-1-0.05-50-0 0 2337 15 10 4 1 0.7918 0.2533 149 449
60-0-1-0.05-50-0 0 2337 23 39 11 12 0.1698 0.2187 476 309
60-0-1-0.05-50-0 0 2337 27 12 24 6 0.0776 0.1896 149 325
60-0-1-0.05-50-0 0 2338 27 23 24 11 0.0776 0.1698 149 476
60-0-1-0.05-50-0 0 2338 23 27 10 24 0.1698 0.0776 476 149
60-0-1-0.05-50-0 0 2338 39 2 11 3 0.2187 0.8198 309 167
60-0-1-0.05-50-0 0 2339 8 23 11 10 0.2506 0.1698 303 476
60-0-1-0.05-50-0 0 2339 27 5 23 9 0.0776 0.0007 149 226
60-0-1-0.05-50-0 0 2339 23 39 9 13 0.1698 0.2187 476 309
60-0-1-0.05-50-0 0 2340 38 39 6 12 0.6163 0.2187 270 309
60-0-1-0.05-50-0 0 2340 50 27 9 24 0.2147 0.0776 147 149
60-0-1-0.05-50-0 0 2340 24 12 9 5 0.1940 0.1896 254 325
60-0-1-0.05-50-0 0 2341 8 18 12 3 0.2506 0.2181 303 226
60-0-1-0.05-50-0 0 2341 8 39 12 11 0.2506 0.2187 303 309
60-0-1-0.05-50-0 0 2341 24 9 9 3 0.1940 0.6134 254 161
60-0-1-0.05-50-0 0 2342 8 21 12 8 0.2506 0.4184 303 158
60-0-1-0.05-50-0 0 2342 11 8 6 12 0.0504 0.2506 384 303
60-0-1-0.05-50-0 0 2342 18 31 2 3 0.2181 0.5626 226 252
60-0-1-0.05-50-0 0 2343 5 33 11 2 0.0007 0.6893 226 191
60-0-1-0.05-50-0 0 2343 35 35 6 6 0.0354 0.0354 158 158
60-0-1-0.05-50-0 0 2343 12 35 5 5 0.1896 0.0354 325 158
60-0-1-0.05-50-0 0 2344 8 39 13 8 0.2506 0.2187 303 309
60-0-1-0.05-50-0 0 2344 27 14 22 1 0.0776 0.8451 149 105
60-0-1-0.05-50-0 0 2345 6 9 1 3 0.4266 0.6134 249 161
60-0-1-0.05-50-0 0 2345 17 50 2 7 0.6398 0.2147 197 147
60-0-1-0.05-50-0 0 2346 50 28 7 2 0.2147 0.3846 147 311
60-0-1-0.05-50-0 0 2346 50 27 7 22 0.2147 0.0776 147 149
60-0-1-0.05-50-0 0 2347 5 32 11 6 0.0007 0.6514 226 215
60-0-1-0.05-50-0 0 2347 21 24 7 10 0.4184 0.1940 158 254
60-0-1-0.05-50-0 0 2348 6 48 1 3 0.4266 0.1153 249 334
60-0-1-0.05-50-0 0 2348 27 2 23 1 0.0776 0.8198 149 167
60-0-1-0.05-50-0 0 2349 24 12 9 8 0.1940 0.1896 254 325
60-0-1-0.05-50-0 0 2349 5 27 11 23 0.0007 0.0776 226 149
60-0-1-0.05-50-0 0 2350 8 27 14 22 0.2506 0.0776 303 149
60-0-1-0.05-50-0 0 2350 10 44 2 5 0.2533 0.7034 449 118
60-0-1-0.05-50-0 0 2351 39 27 9 22 0.2187 0.0776 309 149
60-0-1-0.05-50-0 0 2351 38 50 6 8 0.6163 0.2147 270 147
60-0-1-0.05-50-0 0 2352 23 39 6 9 0.1698 0.2187 476 309
60-0-1-0.05-50-0 0 2352 46 21 1 9 0.3451 0.4184 327 158
60-0-1-0.05-50-0 0 2352 21 50 8 7 0.4184 0.2147 158 147
60-0-1-0.05-50-0 0 2353 27 24 27 10 0.0776 0.1940 149 254
60-0-1-0.05-50-0 0 2353 32 18 5 3 0.6514 0.2181 215 226
60-0-1-0.05-50-0 0 2353 8 44 17 2 0.2506 0.7034 303 118
60-0-1-0.05-50-0 0 2354 27 8 30 17 0.0776 0.2506 149 303
60-0-1-0.05-50-0 0 2354 35 5 5 11 0.0354 0.0007 158 226
60-0-1-0.05-50-0 0 2354 27 8 30 16 0.0776 0.2506 149 303
60-0-1-0.05-50-0 0 2355 8 27 15 31 0.2506 0.0776 303 149
60-0-1-0.05-50-0 0 2355 21 10 7 2 0.4184 0.2533 158 449
60-0-1-0.05-50-0 0 2355 8 27 15 30 0.2506 0.0776 303 149
60-0-1-0.05-50-0 0 2356 5 24 11 11 0.0007 0.1940 226 254
60-0-1-0.05-50-0 0 2356 46 24 3 10 0.3451 0.1940 327 254
60-0-1-0.05-50-0 0 2356 8 12 16 8 0.2506 0.1896 303 325
60-0-1-0.05-50-0 0 2357 49 32 3 4 0.1842 0.6514 136 215
60-0-1-0.05-50-0 0 2357 49 11 3 10 0.1842 0.0504 136 384
60-0-1-0.05-50-0 0 2357 27 3 31 1 0.0776 0.4813 149 321
60-0-1-0.05-50-0 0 2358 8 8 18 18 0.2506 0.2506 303 303
60-0-1-0.05-50-0 0 2358 49 8 3 17 0.1842 0.2506 136 303
60-0-1-0.05-50-0 0 2358 27 27 30 30 0.0776 0.0776 149 149
60-0-1-0.05-50-0 0 2359 21 37 7 1 0.4184 0.8481 158 127
60-0-1-0.05-50-0 0 2359 8 24 16 10 0.2506 0.1940 303 254
60-0-1-0.05-50-0 0 2359 39 24 13 9 0.2187 0.1940 309 254
60-0-1-0.05-50-0 0 2360 17 35 5 6 0.6398 0.0354 197 158
60-0-1-0.05-50-0 0 2360 35 27 5 31 0.0354 0.0776 158 149
60-0-1-0.05-50-0 0 2360 50 5 7 11 0.2147 0.0007 147 226
60-0-1-0.05-50-0 0 2361 39 27 15 31 0.2187 0.0776 309 149
60-0-1-0.05-50-0 0 2361 27 35 30 5 0.0776 0.0354 149 158
60-0-1-0.05-50-0 0 2361 39 44 15 1 0.2187 0.7034 309 118
60-0-1-0.05-50-0 0 2362 39 27 16 29 0.2187 0.0776 309 149
60-0-1-0.05-50-0 0 2362 27 27 28 28 0.0776 0.0776 149 149
60-0-1-0.05-50-0 0 2362 27 48 27 2 0.0776 0.1153 149 334
60-0-1-0.05-50-0 0 2363 32 39 3 16 0.6514 0.2187 215 309
60-0-1-0.05-50-0 0 2363 27 27 29 29 0.0776 0.0776 149 149
60-0-1-0.05-50-0 0 2363 17 27 5 28 0.6398 0.0776 197 149
60-0-1-0.05-50-0 0 2364 27 35 27 6 0.0776 0.0354 149 158
60-0-1-0.05-50-0 0 2364 17 5 5 8 0.6398 0.0007 197 226
60-0-1-0.05-50-0 0 2364 27 8 27 15 0.0776 0.2506 149 303
60-0-1-0.05-50-0 0 2365 10 38 1 7 0.2533 0.6163 449 270
60-0-1-0.05-50-0 0 2365 11 27 12 27 0.0504 0.0776 384 149
60-0-1-0.05-50-0 0 2365 27 1 26 2 0.0776 0.2520 149 409
60-0-1-0.05-50-0 0 2366 9 17 3 4 0.6134 0.6398 161 197
60-0-1-0.05-50-0 0 2366 12 8 10 13 0.1896 0.2506 325 303
60-0-1-0.05-50-0 0 2367 27 39 28 13 0.0776 0.2187 149 309
60-0-1-0.05-50-0 0 2367 38 15 5 3 0.6163 0.7918 270 149
60-0-1-0.05-50-0 0 2368 8 12 13 10 0.2506 0.1896 303 325
60-0-1-0.05-50-0 0 2368 8 21 13 8 0.2506 0.4184 303 158
60-0-1-0.05-50-0 0 2369 21 38 6 5 0.4184 0.6163 158 270
60-0-1-0.05-50-0 0 2369 8 5 14 8 0.2506 0.0007 303 226
60-0-1-0.05-50-0 0 2370 24 24 7 7 0.1940 0.1940 254 254
60-0-1-0.05-50-0 0 2370 7 27 1 25 0.9267 0.0776 106 149
60-0-1-0.05-50-0 0 2371 5 11 9 15 0.0007 0.0504 226 384
60-0-1-0.05-50-0 0 2371 27 50 25 7 0.0776 0.2147 149 147
60-0-1-0.05-50-0 0 2371 27 8 25 16 0.0776 0.2506 149 303
60-0-1-0.05-50-0 0 2372 39 39 10 10 0.2187 0.2187 309 309
60-0-1-0.05-50-0 0 2372 5 17 9 4 0.0007 0.6398 226 197
60-0-1-0.05-50-0 0 2372 11 23 14 5 0.0504 0.1698 384 476
60-0-1-0.05-50-0 0 2373 27 27 29 29 0.0776 0.0776 149 149
60-0-1-0.05-50-0 0 2373 5 15 9 3 0.0007 0.7918 226 149
60-0-1-0.05-50-0 0 2373 27 5 28 9 0.0776 0.0007 149 226
60-0-1-0.05-50-0 0 2374 23 39 4 9 0.1698 0.2187 476 309
60-0-1-0.05-50-0 0 2374 27 21 27 9 0.0776 0.4184 149 158
60-0-1-0.05-50-0 0 2375 11 27 13 28 0.0504 0.0776 384 149
60-0-1-0.05-50-0 0 2375 21 21 8 8 0.4184 0.4184 158 158
60-0-1-0.05-50-0 0 2376 11 11 13 13 0.0504 0.0504 384 384
60-0-1-0.05-50-0 0 2376 46 50 3 7 0.3451 0.2147 327 147
60-0-1-0.05-50-0 0 2377 35 17 10 3 0.0354 0.6398 158 197
60-0-1-0.05-50-0 0 2377 8 29 16 1 0.2506 0.6728 303 177
60-0-1-0.05-50-0 0 2378 27 41 27 3 0.0776 0.9621 149 105
60-0-1-0.05-50-0 0 2378 8 22 16 2 0.2506 0.0160 303 311
60-0-1-0.05-50-0 0 2378 12 39 6 9 0.1896 0.2187 325 309
60-0-1-0.05-50-0 0 2379 39 35 8 14 0.2187 0.0354 309 158
60-0-1-0.05-50-0 0 2379 8 8 16 16 0.2506 0.2506 303 303
60-0-1-0.05-50-0 0 2379 11 27 12 27 0.0504 0.0776 384 149
60-0-1-0.05-50-0 0 2380 11 11 11 11 0.0504 0.0504 384 384
60-0-1-0.05-50-0 0 2380 27 50 26 9 0.0776 0.2147 149 147
60-0-1-0.05-50-0 0 2381 35 27 12 26 0.0354 0.0776 158 149
60-0-1-0.05-50-0 0 2381 23 46 4 5 0.1698 0.3451 476 327
60-0-1-0.05-50-0 0 2381 8 50 16 8 0.2506 0.2147 303 147
60-0-1-0.05-50-0 0 2382 50 35 8 12 0.2147 0.0354 147 158
60-0-1-0.05-50-0 0 2382 11 35 11 11 0.0504 0.0354 384 158
60-0-1-0.05-50-0 0 2383 27 23 22 3 0.0776 0.1698 149 476
60-0-1-0.05-50-0 0 2383 24 5 6 10 0.1940 0.0007 254 226
60-0-1-0.05-50-0 0 2384 43 15 1 4 0.8316 0.7918 123 149
60-0-1-0.05-50-0 0 2384 48 17 1 3 0.1153 0.6398 334 197
60-0-1-0.05-50-0 0 2385 8 41 16 2 0.2506 0.9621 303 105
60-0-1-0.05-50-0 0 2385 5 27 10 22 0.0007 0.0776 226 149
60-0-1-0.05-50-0 0 2386 48 9 1 6 0.1153 0.6134 334 161
60-0-1-0.05-50-0 0 2386 9 5 5 10 0.6134 0.0007 161 226
60-0-1-0.05-50-0 0 2387 1 23 2 2 0.2520 0.1698 409 476
60-0-1-0.05-50-0 0 2387 33 24 2 6 0.6893 0.1940 191 254
60-0-1-0.05-50-0 0 2387 46 50 7 8 0.3451 0.2147 327 147
60-0-1-0.05-50-0 0 2388 38 8 6 19 0.6163 0.2506 270 303
60-0-1-0.05-50-0 0 2388 11 35 13 12 0.0504 0.0354 384 158
60-0-1-0.05-50-0 0 2389 50 8 7 18 0.2147 0.2506 147 303
60-0-1-0.05-50-0 0 2389 5 12 8 6 0.0007 0.1896 226 325
60-0-1-0.05-50-0 0 2390 27 46 21 8 0.0776 0.3451 149 327
60-0-1-0.05-50-0 0 2390 35 38 11 6 0.0354 0.6163 158 270
60-0-1-0.05-50-0 0 2391 27 41 19 2 0.0776 0.9621 149 105
60-0-1-0.05-50-0 0 2391 46 11 6 10 0.3451 0.0504 327 384
60-0-1-0.05-50-0 0 2392 8 9 16 4 0.2506 0.6134 303 161
60-0-1-0.05-50-0 0 2392 11 35 10 10 0.0504 0.0354 384 158
60-0-1-0.05-50-0 0 2393 5 27 8 19 0.0007 0.0776 226 149
60-0-1-0.05-50-0 0 2393 21 39 7 8 0.4184 0.2187 158 309
60-0-1-0.05-50-0 0 2394 8 41 18 2 0.2506 0.9621 303 105
60-0-1-0.05-50-0 0 2394 50 27 5 18 0.2147 0.0776 147 149
60-0-1-0.05-50-0 0 2395 5 21 9 7 0.0007 0.4184 226 158
60-0-1-0.05-50-0 0 2395 14 9 1 2 0.8451 0.6134 105 161
60-0-1-0.05-50-0 0 2396 27 8 19 16 0.0776 0.2506 149 303
60-0-1-0.05-50-0 0 2396 11 27 12 19 0.0504 0.0776 384 149
60-0-1-0.05-50-0 0 2397 35 11 9 13 0.0354 0.0504 158 384
60-0-1-0.05-50-0 0 2397 9 8 2 15 0.6134 0.2506 161 303
60-0-1-0.05-50-0 0 2398 4 38 1 6 0.0723 0.6163 351 270
60-0-1-0.05-50-0 0 2398 43 27 1 18 0.8316 0.0776 123 149
60-0-1-0.05-50-0 0 2399 8 27 18 16 0.2506 0.0776 303 149
60-0-1-0.05-50-0 0 2399 5 27 11 15 0.0007 0.0776 226 149
60-0-1-0.05-50-0 0 2400 21 38 7 5 0.4184 0.6163 158 270
60-0-1-0.05-50-0 0 2400 50 8 7 17 0.2147 0.2506 147 303
60-0-1-0.05-50-0 0 2401 8 35 17 9 0.2506 0.0354 303 158
60-0-1-0.05-50-0 0 2401 39 46 10 5 0.2187 0.3451 309 327
60-0-1-0.05-50-0 0 2402 35 21 8 8 0.0354 0.4184 158 158
60-0-1-0.05-50-0 0 2402 46 32 4 7 0.3451 0.6514 327 215
60-0-1-0.05-50-0 0 2403 11 12 12 6 0.0504 0.1896 384 325
60-0-1-0.05-50-0 0 2403 36 31 3 3 0.8162 0.5626 165 252
60-0-1-0.05-50-0 0 2403 12 24 5 4 0.1896 0.1940 325 254
60-0-1-0.05-50-0 0 2404 38 15 4 3 0.6163 0.7918 270 149
60-0-1-0.05-50-0 0 2404 32 14 7 2 0.6514 0.8451 215 105
60-0-1-0.05-50-0 0 2405 11 39 12 11 0.0504 0.2187 384 309
60-0-1-0.05-50-0 0 2405 11 39 12 10 0.0504 0.2187 384 309
60-0-1-0.05-50-0 0 2406 4 32 2 7 0.0723 0.6514 351 215
60-0-1-0.05-50-0 0 2406 8 11 14 11 0.2506 0.0504 303 384
60-0-1-0.05-50-0 0 2407 35 11 8 11 0.0354 0.0504 158 384
60-0-1-0.05-50-0 0 2407 8 21 14 5 0.2506 0.4184 303 158
60-0-1-0.05-50-0 0 2408 27 8 18 14 0.0776 0.2506 149 303
60-0-1-0.05-50-0 0 2408 39 49 11 2 0.2187 0.1842 309 136
60-0-1-0.05-50-0 0 2409 8 1 12 10 0.2506 0.2520 303 409
60-0-1-0.05-50-0 0 2409 48 5 1 12 0.1153 0.0007 334 226
60-0-1-0.05-50-0 0 2410 48 27 1 18 0.1153 0.0776 334 149
60-0-1-0.05-50-0 0 2410 32 22 5 2 0.6514 0.0160 215 311
60-0-1-0.05-50-0 0 2411 32 5 5 11 0.6514 0.0007 215 226
60-0-1-0.05-50-0 0 2411 5 8 10 11 0.0007 0.2506 226 303
60-0-1-0.05-50-0 0 2412 1 35 10 8 0.2520 0.0354 409 158
60-0-1-0.05-50-0 0 2412 39 12 12 6 0.2187 0.1896 309 325
60-0-1-0.05-50-0 0 2413 9 2 1 2 0.6134 0.8198 161 167
60-0-1-0.05-50-0 0 2413 11 11 16 16 0.0504 0.0504 384 384
60-0-1-0.05-50-0 0 2414 35 27 7 21 0.0354 0.0776 158 149
60-0-1-0.05-50-0 0 2414 38 35 4 7 0.6163 0.0354 270 158
60-0-1-0.05-50-0 0 2415 21 27 5 21 0.4184 0.0776 158 149
60-0-1-0.05-50-0 0 2415 4 27 3 20 0.0723 0.0776 351 149
60-0-1-0.05-50-0 0 2415 39 27 11 19 0.2187 0.0776 309 149
60-0-1-0.05-50-0 0 2416 31 1 5 11 0.5626 0.2520 252 409
60-0-1-0.05-50-0 0 2416 15 5 3 9 0.7918 0.0007 149 226
60-0-1-0.05-50-0 0 2416 31 36 5 2 0.5626 0.8162 252 165
60-0-1-0.05-50-0 0 2417 27 8 19 15 0.0776 0.2506 149 303
60-0-1-0.05-50-0 0 2417 24 12 4 6 0.1940 0.1896 254 325
60-0-1-0.05-50-0 0 2417 38 39 5 13 0.6163 0.2187 270 309
60-0-1-0.05-50-0 0 2418 41 27 6 22 0.9621 0.0776 105 149
60-0-1-0.05-50-0 0 2418 39 1 12 10 0.2187 0.2520 309 409
60-0-1-0.05-50-0 0 2418 32 39 7 12 0.6514 0.2187 215 309
60-0-1-0.05-50-0 0 2419 22 1 2 10 0.0160 0.2520 311 409
60-0-1-0.05-50-0 0 2419 35 11 7 16 0.0354 0.0504 158 384
60-0-1-0.05-50-0 0 2419 5 12 9 6 0.0007 0.1896 226 325
60-0-1-0.05-50-0 0 2420 11 39 15 11 0.0504 0.2187 384 309
60-0-1-0.05-50-0 0 2420 5 27 9 20 0.0007 0.0776 226 149
60-0-1-0.05-50-0 0 2420 15 39 3 10 0.7918 0.2187 149 309
60-0-1-0.05-50-0 0 2421 32 35 8 9 0.6514 0.0354 215 158
60-0-1-0.05-50-0 0 2421 27 1 19 11 0.0776 0.2520 149 409
60-0-1-0.05-50-0 0 2421 31 6 7 2 0.5626 0.4266 252 249
60-0-1-0.05-50-0 0 2422 8 46 9 3 0.2506 0.3451 303 327
60-0-1-0.05-50-0 0 2422 38 32 5 8 0.6163 0.6514 270 215
60-0-1-0.05-50-0 0 2422 39 41 6 6 0.2187 0.9621 309 105
60-0-1-0.05-50-0 0 2423 35 35 9 9 0.0354 0.0354 158 158
60-0-1-0.05-50-0 0 2423 38 27 5 18 0.6163 0.0776 270 149
60-0-1-0.05-50-0 0 2424 11 31 16 7 0.0504 0.5626 384 252
60-0-1-0.05-50-0 0 2424 1 39 12 6 0.2520 0.2187 409 309
60-0-1-0.05-50-0 0 2425 32 5 4 10 0.6514 0.0007 215 226
60-0-1-0.05-50-0 0 2425 27 1 19 12 0.0776 0.2520 149 409
60-0-1-0.05-50-0 0 2426 1 21 12 2 0.2520 0.4184 409 158
60-0-1-0.05-50-0 0 2426 27 1 19 12 0.0776 0.2520 149 409
60-0-1-0.05-50-0 0 2427 8 12 8 3 0.2506 0.1896 303 325
60-0-1-0.05-50-0 0 2427 8 35 8 13 0.2506 0.0354 303 158
60-0-1-0.05-50-0 0 2428 43 27 2 20 0.8316 0.0776 123 149
60-0-1-0.05-50-0 0 2428 35 22 12 4 0.0354 0.0160 158 311
60-0-1-0.05-50-0 0 2429 24 50 5 3 0.1940 0.2147 254 147
60-0-1-0.05-50-0 0 2429 4 11 4 17 0.0723 0.0504 351 384
60-0-1-0.05-50-0 0 2430 35 5 10 8 0.0354 0.0007 158 226
60-0-1-0.05-50-0 0 2430 38 8 6 9 0.6163 0.2506 270 303
60-0-1-0.05-50-0 0 2431 25 8 1 8 0.9430 0.2506 125 303
60-0-1-0.05-50-0 0 2431 41 27 3 21 0.9621 0.0776 105 149
60-0-1-0.05-50-0 0 2432 5 11 6 17 0.0007 0.0504 226 384
60-0-1-0.05-50-0 0 2432 31 2 11 1 0.5626 0.8198 252 167
60-0-1-0.05-50-0 0 2433 35 49 10 1 0.0354 0.1842 158 136
60-0-1-0.05-50-0 0 2433 27 5 21 6 0.0776 0.0007 149 226
60-0-1-0.05-50-0 0 2433 46 1 2 12 0.3451 0.2520 327 409
60-0-1-0.05-50-0 0 2434 38 1 6 11 0.6163 0.2520 270 409
60-0-1-0.05-50-0 0 2434 8 39 8 7 0.2506 0.2187 303 309
60-0-1-0.05-50-0 0 2434 1 30 10 2 0.2520 0.6008 409 266
60-0-1-0.05-50-0 0 2435 27 27 23 23 0.0776 0.0776 149 149
60-0-1-0.05-50-0 0 2435 36 46 1 2 0.8162 0.3451 165 327
60-0-1-0.05-50-0 0 2435 35 33 11 5 0.0354 0.6893 158 191
60-0-1-0.05-50-0 0 2436 41 5 4 5 0.9621 0.0007 105 226
60-0-1-0.05-50-0 0 2436 27 39 22 7 0.0776 0.2187 149 309
60-0-1-0.05-50-0 0 2437 39 33 6 5 0.2187 0.6893 309 191
60-0-1-0.05-50-0 0 2437 44 8 3 6 0.7034 0.2506 118 303
60-0-1-0.05-50-0 0 2438 41 1 5 10 0.9621 0.2520 105 409
60-0-1-0.05-50-0 0 2438 19 11 1 16 0.8072 0.0504 134 384
60-0-1-0.05-50-0 0 2439 27 44 22 3 0.0776 0.7034 149 118
60-0-1-0.05-50-0 0 2439 33 8 5 6 0.6893 0.2506 191 303
60-0-1-0.05-50-0 0 2439 4 35 5 12 0.0723 0.0354 351 158
60-0-1-0.05-50-0 0 2440 38 18 7 4 0.6163 0.2181 270 226
60-0-1-0.05-50-0 0 2440 27 11 22 16 0.0776 0.0504 149 384
60-0-1-0.05-50-0 0 2440 39 11 6 15 0.2187 0.0504 309 384
60-0-1-0.05-50-0 0 2441 5 43 4 3 0.0007 0.8316 226 123
60-0-1-0.05-50-0 0 2441 27 14 26 1 0.0776 0.8451 149 105
60-0-1-0.05-50-0 0 2441 33 11 5 15 0.6893 0.0504 191 384
60-0-1-0.05-50-0 0 2442 11 24 14 4 0.0504 0.1940 384 254
60-0-1-0.05-50-0 0 2442 18 35 3 12 0.2181 0.0354 226 158
60-0-1-0.05-50-0 0 2442 31 11 16 14 0.5626 0.0504 252 384
60-0-1-0.05-50-0 0 2443 31 31 15 15 0.5626 0.5626 252 252
60-0-1-0.05-50-0 0 2443 27 38 25 7 0.0776 0.6163 149 270
60-0-1-0.05-50-0 0 2443 38 11 6 13 0.6163 0.0504 270 384
60-0-1-0.05-50-0 0 2444 39 43 7 2 0.2187 0.8316 309 123
60-0-1-0.05-50-0 0 2444 4 45 7 4 0.0723 0.3816 351 173
60-0-1-0.05-50-0 0 2444 30 38 1 7 0.6008 0.6163 266 270
60-0-1-0.05-50-0 0 2445 1 39 10 7 0.2520 0.2187 409 309
60-0-1-0.05-50-0 0 2445 1 27 10 24 0.2520 0.0776 409 149
60-0-1-0.05-50-0 0 2445 27 35 23 11 0.0776 0.0354 149 158
60-0-1-0.05-50-0 0 2446 27 33 22 5 0.0776 0.6893 149 191
60-0-1-0.05-50-0 0 2446 4 41 6 4 0.0723 0.9621 351 105
60-0-1-0.05-50-0 0 2446 35 12 9 4 0.0354 0.1896 158 325
60-0-1-0.05-50-0 0 2447 5 11 5 13 0.0007 0.0504 226 384
60-0-1-0.05-50-0 0 2447 32 27 6 21 0.6514 0.0776 215 149
60-0-1-0.05-50-0 0 2448 31 15 15 3 0.5626 0.7918 252 149
60-0-1-0.05-50-0 0 2448 31 24 15 3 0.5626 0.1940 252 254
60-0-1-0.05-50-0 0 2449 36 1 3 12 0.8162 0.2520 165 409
60-0-1-0.05-50-0 0 2449 11 48 15 1 0.0504 0.1153 384 334
60-0-1-0.05-50-0 0 2450 27 39 21 7 0.0776 0.2187 149 309
60-0-1-0.05-50-0 0 2450 5 41 6 3 0.0007 0.9621 226 105
60-0-1-0.05-50-0 0 2450 31 8 19 4 0.5626 0.2506 252 303
60-0-1-0.05-50-0 0 2451 46 27 1 23 0.3451 0.0776 327 149
60-0-1-0.05-50-0 0 2451 33 39 4 6 0.6893 0.2187 191 309
60-0-1-0.05-50-0 0 2451 4 11 5 17 0.0723 0.0504 351 384
60-0-1-0.05-50-0 0 2452 31 18 19 3 0.5626 0.2181 252 226
60-0-1-0.05-50-0 0 2452 4 31 6 19 0.0723 0.5626 351 252
60-0-1-0.05-50-0 0 2452 31 1 18 11 0.5626 0.2520 252 409
60-0-1-0.05-50-0 0 2453 31 31 19 19 0.5626 0.5626 252 252
60-0-1-0.05-50-0 0 2453 6 1 4 10 0.4266 0.2520 249 409
60-0-1-0.05-50-0 0 2453 27 27 22 22 0.0776 0.0776 149 149
60-0-1-0.05-50-0 0 2454 11 27 19 21 0.0504 0.0776 384 149
60-0-1-0.05-50-0 0 2454 38 5 6 9 0.6163 0.0007 270 226
60-0-1-0.05-50-0 0 2454 20 26 2 4 0.9922 0.8171 102 141
60-0-1-0.05-50-0 0 2455 42 27 3 19 0.7447 0.0776 106 149
60-0-1-0.05-50-0 0 2455 35 6 8 4 0.0354 0.4266 158 249
60-0-1-0.05-50-0 0 2455 19 11 1 19 0.8072 0.0504 134 384
60-0-1-0.05-50-0 0 2456 41 27 4 19 0.9621 0.0776 105 149
60-0-1-0.05-50-0 0 2456 15 28 2 2 0.7918 0.3846 149 311
60-0-1-0.05-50-0 0 2456 8 31 5 22 0.2506 0.5626 303 252
60-0-1-0.05-50-0 0 2457 1 31 11 18 0.2520 0.5626 409 252
60-0-1-0.05-50-0 0 2457 12 42 3 5 0.1896 0.7447 325 106
60-0-1-0.05-50-0 0 2458 35 12 9 3 0.0354 0.1896 158 325
60-0-1-0.05-50-0 0 2458 31 1 20 9 0.5626 0.2520 252 409
60-0-1-0.05-50-0 0 2459 26 20 2 4 0.8171 0.9922 141 102
60-0-1-0.05-50-0 0 2459 41 31 4 21 0.9621 0.5626 105 252
60-0-1-0.05-50-0 0 2460 35 42 9 4 0.0354 0.7447 158 106
60-0-1-0.05-50-0 0 2460 42 27 3 14 0.7447 0.0776 106 149
60-0-1-0.05-50-0 0 2461 31 31 20 20 0.5626 0.5626 252 252
60-0-1-0.05-50-0 0 2461 41 27 3 15 0.9621 0.0776 105 149
60-0-1-0.05-50-0 0 2462 39 39 4 4 0.2187 0.2187 309 309
60-0-1-0.05-50-0 0 2462 1 32 8 9 0.2520 0.6514 409 215
60-0-1-0.05-50-0 0 2462 39 11 3 17 0.2187 0.0504 309 384
60-0-1-0.05-50-0 0 2463 8 39 6 3 0.2506 0.2187 303 309
60-0-1-0.05-50-0 0 2463 22 27 3 17 0.0160 0.0776 311 149
60-0-1-0.05-50-0 0 2464 38 41 5 3 0.6163 0.9621 270 105
60-0-1-0.05-50-0 0 2464 27 8 17 6 0.0776 0.2506 149 303
60-0-1-0.05-50-0 0 2465 8 48 5 1 0.2506 0.1153 303 334
60-0-1-0.05-50-0 0 2465 15 31 2 18 0.7918 0.5626 149 252
60-0-1-0.05-50-0 0 2466 27 31 18 17 0.0776 0.5626 149 252
60-0-1-0.05-50-0 0 2466 27 8 18 6 0.0776 0.2506 149 303
60-0-1-0.05-50-0 0 2467 18 11 2 20 0.2181 0.0504 226 384
60-0-1-0.05-50-0 0 2467 11 11 19 19 0.0504 0.0504 384 384
60-0-1-0.05-50-0 0 2468 32 12 7 4 0.6514 0.1896 215 325
60-0-1-0.05-50-0 0 2468 27 11 21 19 0.0776 0.0504 149 384
60-0-1-0.05-50-0 0 2468 27 27 21 21 0.0776 0.0776 149 149
60-0-1-0.05-50-0 0 2469 11 31 18 14 0.0504 0.5626 384 252
60-0-1-0.05-50-0 0 2469 5 35 11 9 0.0007 0.0354 226 158
60-0-1-0.05-50-0 0 2469 38 20 5 3 0.6163 0.9922 270 102
60-0-1-0.05-50-0 0 2470 11 38 17 5 0.0504 0.6163 384 270
60-0-1-0.05-50-0 0 2470 8 11 7 17 0.2506 0.0504 303 384
60-0-1-0.05-50-0 0 2471 44 31 3 12 0.7034 0.5626 118 252
60-0-1-0.05-50-0 0 2471 35 1 7 9 0.0354 0.2520 158 409
60-0-1-0.05-50-0 0 2472 8 15 6 2 0.2506 0.7918 303 149
60-0-1-0.05-50-0 0 2472 44 11 3 14 0.7034 0.0504 118 384
60-0-1-0.05-50-0 0 2473 35 27 6 23 0.0354 0.0776 158 149
60-0-1-0.05-50-0 0 2473 20 32 2 7 0.9922 0.6514 102 215
60-0-1-0.05-50-0 0 2474 1 11 8 13 0.2520 0.0504 409 384
60-0-1-0.05-50-0 0 2474 49 4 2 3 0.1842 0.0723 136 351
60-0-1-0.05-50-0 0 2475 18 27 4 18 0.2181 0.0776 226 149
60-0-1-0.05-50-0 0 2475 35 22 6 3 0.0354 0.0160 158 311
60-0-1-0.05-50-0 0 2476 5 41 11 4 0.0007 0.9621 226 105
60-0-1-0.05-50-0 0 2476 31 5 12 11 0.5626 0.0007 252 226
60-0-1-0.05-50-0 0 2477 5 26 10 5 0.0007 0.8171 226 141
60-0-1-0.05-50-0 0 2477 40 38 1 2 0.9739 0.6163 104 270
60-0-1-0.05-50-0 0 2478 6 31 2 12 0.4266 0.5626 249 252
60-0-1-0.05-50-0 0 2478 35 11 4 13 0.0354 0.0504 158 384
60-0-1-0.05-50-0 0 2479 5 27 10 19 0.0007 0.0776 226 149
60-0-1-0.05-50-0 0 2479 8 1 8 10 0.2506 0.2520 303 409
60-0-1-0.05-50-0 0 2480 35 32 4 8 0.0354 0.6514 158 215
60-0-1-0.05-50-0 0 2480 32 11 7 11 0.6514 0.0504 215 384
60-0-1-0.05-50-0 0 2481 27 34 19 1 0.0776 0.7448 149 168
60-0-1-0.05-50-0 0 2481 4 18 2 5 0.0723 0.2181 351 226
60-0-1-0.05-50-0 0 2482 27 1 22 10 0.0776 0.2520 149 409
60-0-1-0.05-50-0 0 2482 8 39 8 3 0.2506 0.2187 303 309
60-0-1-0.05-50-0 0 2483 27 5 23 12 0.0776 0.0007 149 226
60-0-1-0.05-50-0 0 2483 1 5 8 11 0.2520 0.0007 409 226
60-0-1-0.05-50-0 0 2484 23 27 1 26 0.1698 0.0776 476 149
60-0-1-0.05-50-0 0 2484 5 18 9 5 0.0007 0.2181 226 226
60-0-1-0.05-50-0 0 2485 44 8 2 8 0.7034 0.2506 118 303
60-0-1-0.05-50-0 0 2485 35 43 3 2 0.0354 0.8316 158 123
60-0-1-0.05-50-0 0 2486 27 8 26 7 0.0776 0.2506 149 303
60-0-1-0.05-50-0 0 2486 41 32 5 5 0.9621 0.6514 105 215
60-0-1-0.05-50-0 0 2487 27 46 30 2 0.0776 0.3451 149 327
60-0-1-0.05-50-0 0 2487 38 23 3 2 0.6163 0.1698 270 476
60-0-1-0.05-50-0 0 2488 35 20 4 2 0.0354 0.9922 158 102
60-0-1-0.05-50-0 0 2488 27 38 31 3 0.0776 0.6163 149 270
60-0-1-0.05-50-0 0 2489 28 27 1 30 0.3846 0.0776 311 149
60-0-1-0.05-50-0 0 2489 31 13 12 1 0.5626 0.8878 252 151
60-0-1-0.05-50-0 0 2490 26 22 4 2 0.8171 0.0160 141 311
60-0-1-0.05-50-0 0 2490 5 31 11 12 0.0007 0.5626 226 252
60-0-1-0.05-50-0 0 2491 31 38 12 3 0.5626 0.6163 252 270
60-0-1-0.05-50-0 0 2491 6 5 3 14 0.4266 0.0007 249 226
60-0-1-0.05-50-0 0 2491 8 5 7 13 0.2506 0.0007 303 226
60-0-1-0.05-50-0 0 2492 27 32 29 7 0.0776 0.6514 149 215
60-0-1-0.05-50-0 0 2492 49 26 3 4 0.1842 0.8171 136 141
60-0-1-0.05-50-0 0 2492 32 5 6 13 0.6514 0.0007 215 226
60-0-1-0.05-50-0 0 2493 24 5 4 12 0.1940 0.0007 254 226
60-0-1-0.05-50-0 0 2493 1 8 9 5 0.2520 0.2506 409 303
60-0-1-0.05-50-0 0 2494 48 31 2 9 0.1153 0.5626 334 252
60-0-1-0.05-50-0 0 2494 5 31 10 8 0.0007 0.5626 226 252
60-0-1-0.05-50-0 0 2495 27 44 32 5 0.0776 0.7034 149 118
60-0-1-0.05-50-0 0 2495 1 31 8 6 0.2520 0.5626 409 252
60-0-1-0.05-50-0 0 2496 12 8 4 4 0.1896 0.2506 325 303
60-0-1-0.05-50-0 0 2496 1 11 7 6 0.2520 0.0504 409 384
60-0-1-0.05-50-0 0 2497 1 26 5 4 0.2520 0.8171 409 141
60-0-1-0.05-50-0 0 2497 41 11 4 5 0.9621 0.0504 105 384
60-0-1-0.05-50-0 0 2498 27 18 33 4 0.0776 0.2181 149 226
60-0-1-0.05-50-0 0 2498 11 41 4 4 0.0504 0.9621 384 105
60-0-1-0.05-50-0 0 2499 4 24 3 4 0.0723 0.1940 351 254
60-0-1-0.05-50-0 0 2499 30 29 3 6 0.6008 0.6728 266 177
60-0-1-0.05-50-0 0 2500 29 24 5 3 0.6728 0.1940 177 254
60-0-1-0.05-50-0 0 2500 27 27 35 35 0.0776 0.0776 149 149
60-0-1-0.05-50-0 0 2500 31 27 6 34 0.5626 0.0776 252 149
