62-0-1-0.05-50-0 0 2302 39 27 8 11 0.2187 0.0776 309 149
62-0-1-0.05-50-0 0 2302 4 5 12 7 0.0723 0.0007 351 226
62-0-1-0.05-50-0 0 2303 4 33 13 11 0.0723 0.6893 351 191
62-0-1-0.05-50-0 0 2303 5 27 6 10 0.0007 0.0776 226 149
62-0-1-0.05-50-0 0 2304 11 14 5 10 0.0504 0.8451 384 105
62-0-1-0.05-50-0 0 2304 48 39 4 8 0.1153 0.2187 334 309
62-0-1-0.05-50-0 0 2305 4 23 13 4 0.0723 0.1698 351 476
62-0-1-0.05-50-0 0 2305 24 35 3 13 0.1940 0.0354 254 158
62-0-1-0.05-50-0 0 2306 2 4 1 15 0.8198 0.0723 167 351
62-0-1-0.05-50-0 0 2306 23 33 3 10 0.1698 0.6893 476 191
62-0-1-0.05-50-0 0 2307 26 4 2 14 0.8171 0.0723 141 351
62-0-1-0.05-50-0 0 2307 14 27 10 9 0.8451 0.0776 105 149
62-0-1-0.05-50-0 0 2308 14 27 10 8 0.8451 0.0776 105 149
62-0-1-0.05-50-0 0 2308 14 4 10 14 0.8451 0.0723 105 351
62-0-1-0.05-50-0 0 2309 14 30 10 3 0.8451 0.6008 105 266
62-0-1-0.05-50-0 0 2309 10 27 12 7 0.2533 0.0776 449 149
62-0-1-0.05-50-0 0 2310 45 35 6 8 0.3816 0.0354 173 158
62-0-1-0.05-50-0 0 2310 45 33 6 10 0.3816 0.6893 173 191
62-0-1-0.05-50-0 0 2311 22 33 2 10 0.0160 0.6893 311 191
62-0-1-0.05-50-0 0 2311 38 11 3 6 0.6163 0.0504 270 384
62-0-1-0.05-50-0 0 2312 14 39 10 6 0.8451 0.2187 105 309
62-0-1-0.05-50-0 0 2312 5 24 4 4 0.0007 0.1940 226 254
62-0-1-0.05-50-0 0 2313 10 33 12 11 0.2533 0.6893 449 191
62-0-1-0.05-50-0 0 2313 4 4 13 13 0.0723 0.0723 351 351
62-0-1-0.05-50-0 0 2314 35 31 8 3 0.0354 0.5626 158 252
62-0-1-0.05-50-0 0 2314 39 39 4 4 0.2187 0.2187 309 309
62-0-1-0.05-50-0 0 2315 5 45 5 8 0.0007 0.3816 226 173
62-0-1-0.05-50-0 0 2315 5 23 5 1 0.0007 0.1698 226 476
62-0-1-0.05-50-0 0 2316 33 45 9 7 0.6893 0.3816 191 173
62-0-1-0.05-50-0 0 2316 16 21 1 2 0.2228 0.4184 149 158
62-0-1-0.05-50-0 0 2317 48 45 6 7 0.1153 0.3816 334 173
62-0-1-0.05-50-0 0 2317 35 14 8 11 0.0354 0.8451 158 105
62-0-1-0.05-50-0 0 2318 31 27 2 7 0.5626 0.0776 252 149
62-0-1-0.05-50-0 0 2318 27 4 6 11 0.0776 0.0723 149 351
62-0-1-0.05-50-0 0 2319 35 16 8 1 0.0354 0.2228 158 149
62-0-1-0.05-50-0 0 2319 13 10 2 12 0.8878 0.2533 151 449
62-0-1-0.05-50-0 0 2320 10 31 11 2 0.2533 0.5626 449 252
62-0-1-0.05-50-0 0 2320 33 41 7 1 0.6893 0.9621 191 105
62-0-1-0.05-50-0 0 2321 8 18 1 3 0.2506 0.2181 303 226
62-0-1-0.05-50-0 0 2321 35 4 9 10 0.0354 0.0723 158 351
62-0-1-0.05-50-0 0 2322 27 4 6 9 0.0776 0.0723 149 351
62-0-1-0.05-50-0 0 2322 14 22 9 3 0.8451 0.0160 105 311
62-0-1-0.05-50-0 0 2323 48 11 9 5 0.1153 0.0504 334 384
62-0-1-0.05-50-0 0 2323 10 10 10 10 0.2533 0.2533 449 449
62-0-1-0.05-50-0 0 2324 27 48 6 8 0.0776 0.1153 149 334
62-0-1-0.05-50-0 0 2324 17 14 4 10 0.6398 0.8451 197 105
62-0-1-0.05-50-0 0 2325 14 13 9 2 0.8451 0.8878 105 151
62-0-1-0.05-50-0 0 2325 32 5 1 4 0.6514 0.0007 215 226
62-0-1-0.05-50-0 0 2326 18 24 1 2 0.2181 0.1940 226 254
62-0-1-0.05-50-0 0 2326 10 2 12 1 0.2533 0.8198 449 167
62-0-1-0.05-50-0 0 2327 10 27 12 8 0.2533 0.0776 449 149
62-0-1-0.05-50-0 0 2327 32 33 2 7 0.6514 0.6893 215 191
62-0-1-0.05-50-0 0 2328 14 27 13 8 0.8451 0.0776 105 149
62-0-1-0.05-50-0 0 2328 17 30 3 1 0.6398 0.6008 197 266
62-0-1-0.05-50-0 0 2329 5 45 5 8 0.0007 0.3816 226 173
62-0-1-0.05-50-0 0 2329 10 10 12 12 0.2533 0.2533 449 449
62-0-1-0.05-50-0 0 2330 4 35 6 10 0.0723 0.0354 351 158
62-0-1-0.05-50-0 0 2330 14 38 15 2 0.8451 0.6163 105 270
62-0-1-0.05-50-0 0 2331 14 21 14 3 0.8451 0.4184 105 158
62-0-1-0.05-50-0 0 2331 27 10 8 12 0.0776 0.2533 149 449
62-0-1-0.05-50-0 0 2332 5 10 5 12 0.0007 0.2533 226 449
62-0-1-0.05-50-0 0 2332 33 4 7 7 0.6893 0.0723 191 351
62-0-1-0.05-50-0 0 2333 31 35 2 11 0.5626 0.0354 252 158
62-0-1-0.05-50-0 0 2333 49 18 1 2 0.1842 0.2181 136 226
62-0-1-0.05-50-0 0 2334 35 17 12 4 0.0354 0.6398 158 197
62-0-1-0.05-50-0 0 2334 10 5 9 5 0.2533 0.0007 449 226
62-0-1-0.05-50-0 0 2335 14 27 15 9 0.8451 0.0776 105 149
62-0-1-0.05-50-0 0 2335 5 26 4 4 0.0007 0.8171 226 141
62-0-1-0.05-50-0 0 2336 48 48 16 16 0.1153 0.1153 334 334
62-0-1-0.05-50-0 0 2336 35 48 14 15 0.0354 0.1153 158 334
62-0-1-0.05-50-0 0 2337 27 39 8 2 0.0776 0.2187 149 309
62-0-1-0.05-50-0 0 2337 11 33 5 9 0.0504 0.6893 384 191
62-0-1-0.05-50-0 0 2338 10 45 8 5 0.2533 0.3816 449 173
62-0-1-0.05-50-0 0 2338 11 5 5 4 0.0504 0.0007 384 226
62-0-1-0.05-50-0 0 2339 18 35 1 16 0.2181 0.0354 226 158
62-0-1-0.05-50-0 0 2339 26 33 4 8 0.8171 0.6893 141 191
62-0-1-0.05-50-0 0 2340 17 48 4 13 0.6398 0.1153 197 334
62-0-1-0.05-50-0 0 2340 27 14 9 15 0.0776 0.8451 149 105
62-0-1-0.05-50-0 0 2341 35 17 16 4 0.0354 0.6398 158 197
62-0-1-0.05-50-0 0 2341 14 25 15 2 0.8451 0.9430 105 125
62-0-1-0.05-50-0 0 2342 27 11 9 5 0.0776 0.0504 149 384
62-0-1-0.05-50-0 0 2342 45 14 3 15 0.3816 0.8451 173 105
62-0-1-0.05-50-0 0 2343 14 35 15 15 0.8451 0.0354 105 158
62-0-1-0.05-50-0 0 2343 50 38 1 2 0.2147 0.6163 147 270
62-0-1-0.05-50-0 0 2344 32 35 4 16 0.6514 0.0354 215 158
62-0-1-0.05-50-0 0 2344 42 35 4 15 0.7447 0.0354 106 158
62-0-1-0.05-50-0 0 2345 27 48 10 10 0.0776 0.1153 149 334
62-0-1-0.05-50-0 0 2345 5 33 4 7 0.0007 0.6893 226 191
62-0-1-0.05-50-0 0 2346 32 46 4 3 0.6514 0.3451 215 327
62-0-1-0.05-50-0 0 2346 31 48 2 10 0.5626 0.1153 252 334
62-0-1-0.05-50-0 0 2347 50 27 2 10 0.2147 0.0776 147 149
62-0-1-0.05-50-0 0 2347 26 27 6 9 0.8171 0.0776 141 149
62-0-1-0.05-50-0 0 2348 14 14 14 14 0.8451 0.8451 105 105
62-0-1-0.05-50-0 0 2348 17 14 1 13 0.6398 0.8451 197 105
62-0-1-0.05-50-0 0 2349 32 27 6 9 0.6514 0.0776 215 149
62-0-1-0.05-50-0 0 2349 35 48 14 11 0.0354 0.1153 158 334
62-0-1-0.05-50-0 0 2350 35 27 14 7 0.0354 0.0776 158 149
62-0-1-0.05-50-0 0 2350 47 26 5 8 0.9293 0.8171 103 141
62-0-1-0.05-50-0 0 2351 35 10 14 12 0.0354 0.2533 158 449
62-0-1-0.05-50-0 0 2351 48 14 11 12 0.1153 0.8451 334 105
62-0-1-0.05-50-0 0 2352 11 10 3 11 0.0504 0.2533 384 449
62-0-1-0.05-50-0 0 2352 48 7 11 1 0.1153 0.9267 334 106
62-0-1-0.05-50-0 0 2353 20 1 2 6 0.9922 0.2520 102 409
62-0-1-0.05-50-0 0 2353 48 26 11 8 0.1153 0.8171 334 141
62-0-1-0.05-50-0 0 2354 48 10 11 12 0.1153 0.2533 334 449
62-0-1-0.05-50-0 0 2354 10 14 11 11 0.2533 0.8451 449 105
62-0-1-0.05-50-0 0 2355 5 14 5 10 0.0007 0.8451 226 105
62-0-1-0.05-50-0 0 2355 10 46 11 5 0.2533 0.3451 449 327
62-0-1-0.05-50-0 0 2356 35 34 17 1 0.0354 0.7448 158 168
62-0-1-0.05-50-0 0 2356 47 48 7 12 0.9293 0.1153 103 334
62-0-1-0.05-50-0 0 2357 35 35 18 18 0.0354 0.0354 158 158
62-0-1-0.05-50-0 0 2357 10 5 10 5 0.2533 0.0007 449 226
62-0-1-0.05-50-0 0 2358 26 27 5 7 0.8171 0.0776 141 149
62-0-1-0.05-50-0 0 2358 1 42 5 4 0.2520 0.7447 409 106
62-0-1-0.05-50-0 0 2359 50 35 3 17 0.2147 0.0354 147 158
62-0-1-0.05-50-0 0 2359 48 27 13 6 0.1153 0.0776 334 149
62-0-1-0.05-50-0 0 2360 48 31 14 2 0.1153 0.5626 334 252
62-0-1-0.05-50-0 0 2360 42 40 3 3 0.7447 0.9739 106 104
62-0-1-0.05-50-0 0 2361 1 5 7 6 0.2520 0.0007 409 226
62-0-1-0.05-50-0 0 2361 50 26 3 6 0.2147 0.8171 147 141
62-0-1-0.05-50-0 0 2362 48 32 15 6 0.1153 0.6514 334 215
62-0-1-0.05-50-0 0 2362 1 36 8 2 0.2520 0.8162 409 165
62-0-1-0.05-50-0 0 2363 32 10 5 12 0.6514 0.2533 215 449
62-0-1-0.05-50-0 0 2363 33 46 6 6 0.6893 0.3451 191 327
62-0-1-0.05-50-0 0 2364 35 27 23 7 0.0354 0.0776 158 149
62-0-1-0.05-50-0 0 2364 35 10 23 14 0.0354 0.2533 158 449
62-0-1-0.05-50-0 0 2364 19 42 2 4 0.8072 0.7447 134 106
62-0-1-0.05-50-0 0 2365 32 10 4 14 0.6514 0.2533 215 449
62-0-1-0.05-50-0 0 2365 13 11 1 7 0.8878 0.0504 151 384
62-0-1-0.05-50-0 0 2365 26 48 6 16 0.8171 0.1153 141 334
62-0-1-0.05-50-0 0 2366 35 10 26 13 0.0354 0.2533 158 449
62-0-1-0.05-50-0 0 2366 42 16 2 1 0.7447 0.2228 106 149
62-0-1-0.05-50-0 0 2366 11 35 6 26 0.0504 0.0354 384 158
62-0-1-0.05-50-0 0 2367 27 1 7 8 0.0776 0.2520 149 409
62-0-1-0.05-50-0 0 2367 46 47 5 7 0.3451 0.9293 327 103
62-0-1-0.05-50-0 0 2367 17 33 2 4 0.6398 0.6893 197 191
62-0-1-0.05-50-0 0 2368 47 35 6 24 0.9293 0.0354 103 158
62-0-1-0.05-50-0 0 2368 11 27 6 8 0.0504 0.0776 384 149
62-0-1-0.05-50-0 0 2368 32 1 4 8 0.6514 0.2520 215 409
62-0-1-0.05-50-0 0 2369 33 10 3 13 0.6893 0.2533 191 449
62-0-1-0.05-50-0 0 2369 42 35 2 25 0.7447 0.0354 106 158
62-0-1-0.05-50-0 0 2369 25 35 1 24 0.9430 0.0354 125 158
62-0-1-0.05-50-0 0 2370 48 35 14 22 0.1153 0.0354 334 158
62-0-1-0.05-50-0 0 2370 10 10 13 13 0.2533 0.2533 449 449
62-0-1-0.05-50-0 0 2370 4 48 3 14 0.0723 0.1153 351 334
62-0-1-0.05-50-0 0 2371 14 35 5 21 0.8451 0.0354 105 158
62-0-1-0.05-50-0 0 2371 8 8 6 6 0.2506 0.2506 303 303
62-0-1-0.05-50-0 0 2371 26 8 7 5 0.8171 0.2506 141 303
62-0-1-0.05-50-0 0 2372 47 10 7 12 0.9293 0.2533 103 449
62-0-1-0.05-50-0 0 2372 49 35 1 21 0.1842 0.0354 136 158
62-0-1-0.05-50-0 0 2372 1 48 8 13 0.2520 0.1153 409 334
62-0-1-0.05-50-0 0 2373 1 33 8 3 0.2520 0.6893 409 191
62-0-1-0.05-50-0 0 2373 26 48 8 10 0.8171 0.1153 141 334
62-0-1-0.05-50-0 0 2374 35 35 21 21 0.0354 0.0354 158 158
62-0-1-0.05-50-0 0 2374 19 47 2 8 0.8072 0.9293 134 103
62-0-1-0.05-50-0 0 2375 46 40 5 3 0.3451 0.9739 327 104
62-0-1-0.05-50-0 0 2375 48 47 8 7 0.1153 0.9293 334 103
62-0-1-0.05-50-0 0 2376 47 45 7 2 0.9293 0.3816 103 173
62-0-1-0.05-50-0 0 2376 41 8 3 4 0.9621 0.2506 105 303
62-0-1-0.05-50-0 0 2377 33 25 2 2 0.6893 0.9430 191 125
62-0-1-0.05-50-0 0 2377 48 46 8 6 0.1153 0.3451 334 327
62-0-1-0.05-50-0 0 2378 35 27 20 8 0.0354 0.0776 158 149
62-0-1-0.05-50-0 0 2378 33 48 2 8 0.6893 0.1153 191 334
62-0-1-0.05-50-0 0 2379 5 48 5 8 0.0007 0.1153 226 334
62-0-1-0.05-50-0 0 2379 40 50 1 4 0.9739 0.2147 104 147
62-0-1-0.05-50-0 0 2380 48 4 7 4 0.1153 0.0723 334 351
62-0-1-0.05-50-0 0 2380 1 25 7 1 0.2520 0.9430 409 125
62-0-1-0.05-50-0 0 2381 8 41 3 5 0.2506 0.9621 303 105
62-0-1-0.05-50-0 0 2381 10 48 14 7 0.2533 0.1153 449 334
62-0-1-0.05-50-0 0 2382 4 14 3 4 0.0723 0.8451 351 105
62-0-1-0.05-50-0 0 2382 35 41 24 4 0.0354 0.9621 158 105
62-0-1-0.05-50-0 0 2383 10 9 16 4 0.2533 0.6134 449 161
62-0-1-0.05-50-0 0 2383 1 47 8 4 0.2520 0.9293 409 103
62-0-1-0.05-50-0 0 2384 1 19 8 3 0.2520 0.8072 409 134
62-0-1-0.05-50-0 0 2384 8 35 4 23 0.2506 0.0354 303 158
62-0-1-0.05-50-0 0 2385 10 35 17 20 0.2533 0.0354 449 158
62-0-1-0.05-50-0 0 2385 48 10 8 17 0.1153 0.2533 334 449
62-0-1-0.05-50-0 0 2386 35 35 20 20 0.0354 0.0354 158 158
62-0-1-0.05-50-0 0 2386 28 10 7 16 0.3846 0.2533 311 449
62-0-1-0.05-50-0 0 2387 35 35 18 18 0.0354 0.0354 158 158
62-0-1-0.05-50-0 0 2387 46 33 5 1 0.3451 0.6893 327 191
62-0-1-0.05-50-0 0 2388 5 43 8 2 0.0007 0.8316 226 123
62-0-1-0.05-50-0 0 2388 14 48 4 8 0.8451 0.1153 105 334
62-0-1-0.05-50-0 0 2389 28 49 7 2 0.3846 0.1842 311 136
62-0-1-0.05-50-0 0 2389 10 28 15 7 0.2533 0.3846 449 311
62-0-1-0.05-50-0 0 2390 35 35 20 20 0.0354 0.0354 158 158
62-0-1-0.05-50-0 0 2390 31 14 3 4 0.5626 0.8451 252 105
62-0-1-0.05-50-0 0 2391 48 9 6 5 0.1153 0.6134 334 161
62-0-1-0.05-50-0 0 2391 24 19 6 3 0.1940 0.8072 254 134
62-0-1-0.05-50-0 0 2392 8 30 4 2 0.2506 0.6008 303 266
62-0-1-0.05-50-0 0 2392 10 1 18 6 0.2533 0.2520 449 409
62-0-1-0.05-50-0 0 2393 47 16 1 1 0.9293 0.2228 103 149
62-0-1-0.05-50-0 0 2393 10 48 18 8 0.2533 0.1153 449 334
62-0-1-0.05-50-0 0 2394 4 26 4 4 0.0723 0.8171 351 141
62-0-1-0.05-50-0 0 2394 41 35 2 21 0.9621 0.0354 105 158
62-0-1-0.05-50-0 0 2395 48 11 8 9 0.1153 0.0504 334 384
62-0-1-0.05-50-0 0 2395 8 1 5 4 0.2506 0.2520 303 409
62-0-1-0.05-50-0 0 2396 31 10 3 18 0.5626 0.2533 252 449
62-0-1-0.05-50-0 0 2396 28 19 8 4 0.3846 0.8072 311 134
62-0-1-0.05-50-0 0 2397 28 35 8 19 0.3846 0.0354 311 158
62-0-1-0.05-50-0 0 2397 10 9 17 6 0.2533 0.6134 449 161
62-0-1-0.05-50-0 0 2398 5 28 9 7 0.0007 0.3846 226 311
62-0-1-0.05-50-0 0 2398 11 26 9 4 0.0504 0.8171 384 141
62-0-1-0.05-50-0 0 2399 24 5 8 9 0.1940 0.0007 254 226
62-0-1-0.05-50-0 0 2399 9 44 4 2 0.6134 0.7034 161 118
62-0-1-0.05-50-0 0 2400 28 14 7 4 0.3846 0.8451 311 105
62-0-1-0.05-50-0 0 2400 10 5 19 8 0.2533 0.0007 449 226
62-0-1-0.05-50-0 0 2401 35 10 19 18 0.0354 0.2533 158 449
62-0-1-0.05-50-0 0 2401 10 43 17 2 0.2533 0.8316 449 123
62-0-1-0.05-50-0 0 2402 10 27 17 6 0.2533 0.0776 449 149
62-0-1-0.05-50-0 0 2402 11 46 11 3 0.0504 0.3451 384 327
62-0-1-0.05-50-0 0 2403 48 10 7 18 0.1153 0.2533 334 449
62-0-1-0.05-50-0 0 2403 10 24 17 7 0.2533 0.1940 449 254
62-0-1-0.05-50-0 0 2404 14 14 3 3 0.8451 0.8451 105 105
62-0-1-0.05-50-0 0 2404 44 34 2 3 0.7034 0.7448 118 168
62-0-1-0.05-50-0 0 2405 35 48 19 8 0.0354 0.1153 158 334
62-0-1-0.05-50-0 0 2405 8 42 4 2 0.2506 0.7447 303 106
62-0-1-0.05-50-0 0 2406 35 10 18 18 0.0354 0.2533 158 449
62-0-1-0.05-50-0 0 2406 42 27 1 4 0.7447 0.0776 106 149
62-0-1-0.05-50-0 0 2407 5 35 8 17 0.0007 0.0354 226 158
62-0-1-0.05-50-0 0 2407 35 49 16 6 0.0354 0.1842 158 136
62-0-1-0.05-50-0 0 2408 10 27 18 4 0.2533 0.0776 449 149
62-0-1-0.05-50-0 0 2408 4 4 4 4 0.0723 0.0723 351 351
62-0-1-0.05-50-0 0 2409 8 28 5 9 0.2506 0.3846 303 311
62-0-1-0.05-50-0 0 2409 10 35 20 17 0.2533 0.0354 449 158
62-0-1-0.05-50-0 0 2410 10 14 21 3 0.2533 0.8451 449 105
62-0-1-0.05-50-0 0 2410 5 48 8 6 0.0007 0.1153 226 334
62-0-1-0.05-50-0 0 2411 10 5 20 8 0.2533 0.0007 449 226
62-0-1-0.05-50-0 0 2411 35 10 16 20 0.0354 0.2533 158 449
62-0-1-0.05-50-0 0 2412 46 26 3 2 0.3451 0.8171 327 141
62-0-1-0.05-50-0 0 2412 35 46 16 3 0.0354 0.3451 158 327
62-0-1-0.05-50-0 0 2413 49 43 6 3 0.1842 0.8316 136 123
62-0-1-0.05-50-0 0 2413 28 5 9 8 0.3846 0.0007 311 226
62-0-1-0.05-50-0 0 2414 10 37 18 1 0.2533 0.8481 449 127
62-0-1-0.05-50-0 0 2414 19 38 2 3 0.8072 0.6163 134 270
62-0-1-0.05-50-0 0 2415 28 12 10 5 0.3846 0.1896 311 325
62-0-1-0.05-50-0 0 2415 8 28 5 10 0.2506 0.3846 303 311
62-0-1-0.05-50-0 0 2416 11 10 17 18 0.0504 0.2533 384 449
62-0-1-0.05-50-0 0 2416 48 10 5 17 0.1153 0.2533 334 449
62-0-1-0.05-50-0 0 2417 35 5 17 7 0.0354 0.0007 158 226
62-0-1-0.05-50-0 0 2417 22 8 1 6 0.0160 0.2506 311 303
62-0-1-0.05-50-0 0 2418 11 24 20 8 0.0504 0.1940 384 254
62-0-1-0.05-50-0 0 2418 41 1 1 2 0.9621 0.2520 105 409
62-0-1-0.05-50-0 0 2419 12 11 3 21 0.1896 0.0504 325 384
62-0-1-0.05-50-0 0 2419 28 35 9 18 0.3846 0.0354 311 158
62-0-1-0.05-50-0 0 2420 12 49 2 7 0.1896 0.1842 325 136
62-0-1-0.05-50-0 0 2420 48 31 3 2 0.1153 0.5626 334 252
62-0-1-0.05-50-0 0 2421 35 35 16 16 0.0354 0.0354 158 158
62-0-1-0.05-50-0 0 2421 11 11 22 22 0.0504 0.0504 384 384
62-0-1-0.05-50-0 0 2422 8 11 6 20 0.2506 0.0504 303 384
62-0-1-0.05-50-0 0 2422 9 46 3 3 0.6134 0.3451 161 327
62-0-1-0.05-50-0 0 2423 11 19 20 3 0.0504 0.8072 384 134
62-0-1-0.05-50-0 0 2423 35 24 16 7 0.0354 0.1940 158 254
62-0-1-0.05-50-0 0 2424 27 11 6 20 0.0776 0.0504 149 384
62-0-1-0.05-50-0 0 2424 3 35 2 16 0.4813 0.0354 321 158
62-0-1-0.05-50-0 0 2425 1 35 1 15 0.2520 0.0354 409 158
62-0-1-0.05-50-0 0 2425 5 49 7 6 0.0007 0.1842 226 136
62-0-1-0.05-50-0 0 2426 28 50 10 3 0.3846 0.2147 311 147
62-0-1-0.05-50-0 0 2426 27 10 6 17 0.0776 0.2533 149 449
62-0-1-0.05-50-0 0 2427 10 10 14 14 0.2533 0.2533 449 449
62-0-1-0.05-50-0 0 2427 34 10 2 13 0.7448 0.2533 168 449
62-0-1-0.05-50-0 0 2428 9 20 5 7 0.6134 0.9922 161 102
62-0-1-0.05-50-0 0 2428 34 31 2 1 0.7448 0.5626 168 252
62-0-1-0.05-50-0 0 2429 9 50 5 2 0.6134 0.2147 161 147
62-0-1-0.05-50-0 0 2429 28 28 11 11 0.3846 0.3846 311 311
62-0-1-0.05-50-0 0 2430 42 29 2 2 0.7447 0.6728 106 177
62-0-1-0.05-50-0 0 2430 9 35 5 15 0.6134 0.0354 161 158
62-0-1-0.05-50-0 0 2431 28 5 11 6 0.3846 0.0007 311 226
62-0-1-0.05-50-0 0 2431 10 11 11 17 0.2533 0.0504 449 384
62-0-1-0.05-50-0 0 2432 35 49 12 6 0.0354 0.1842 158 136
62-0-1-0.05-50-0 0 2432 19 8 4 4 0.8072 0.2506 134 303
62-0-1-0.05-50-0 0 2433 10 19 11 4 0.2533 0.8072 449 134
62-0-1-0.05-50-0 0 2433 11 34 16 4 0.0504 0.7448 384 168
62-0-1-0.05-50-0 0 2434 28 9 13 6 0.3846 0.6134 311 161
62-0-1-0.05-50-0 0 2434 14 24 3 5 0.8451 0.1940 105 254
62-0-1-0.05-50-0 0 2435 28 35 13 12 0.3846 0.0354 311 158
62-0-1-0.05-50-0 0 2435 35 4 11 5 0.0354 0.0723 158 351
62-0-1-0.05-50-0 0 2436 35 15 12 1 0.0354 0.7918 158 149
62-0-1-0.05-50-0 0 2436 27 11 5 14 0.0776 0.0504 149 384
62-0-1-0.05-50-0 0 2437 4 19 4 3 0.0723 0.8072 351 134
62-0-1-0.05-50-0 0 2437 48 24 2 4 0.1153 0.1940 334 254
62-0-1-0.05-50-0 0 2438 20 35 8 12 0.9922 0.0354 102 158
62-0-1-0.05-50-0 0 2438 8 9 3 6 0.2506 0.6134 303 161
62-0-1-0.05-50-0 0 2439 10 11 16 12 0.2533 0.0504 449 384
62-0-1-0.05-50-0 0 2439 22 27 1 5 0.0160 0.0776 311 149
62-0-1-0.05-50-0 0 2440 35 5 9 6 0.0354 0.0007 158 226
62-0-1-0.05-50-0 0 2440 45 32 3 5 0.3816 0.6514 173 215
62-0-1-0.05-50-0 0 2441 9 10 4 17 0.6134 0.2533 161 449
62-0-1-0.05-50-0 0 2441 20 19 8 2 0.9922 0.8072 102 134
62-0-1-0.05-50-0 0 2442 35 10 10 16 0.0354 0.2533 158 449
62-0-1-0.05-50-0 0 2442 8 43 3 3 0.2506 0.8316 303 123
62-0-1-0.05-50-0 0 2443 20 35 8 12 0.9922 0.0354 102 158
62-0-1-0.05-50-0 0 2443 49 11 6 12 0.1842 0.0504 136 384
62-0-1-0.05-50-0 0 2444 5 2 6 8 0.0007 0.8198 226 167
62-0-1-0.05-50-0 0 2444 43 20 2 9 0.8316 0.9922 123 102
62-0-1-0.05-50-0 0 2445 34 13 4 5 0.7448 0.8878 168 151
62-0-1-0.05-50-0 0 2445 10 14 16 5 0.2533 0.8451 449 105
62-0-1-0.05-50-0 0 2446 7 5 2 5 0.9267 0.0007 106 226
62-0-1-0.05-50-0 0 2446 20 4 9 3 0.9922 0.0723 102 351
62-0-1-0.05-50-0 0 2447 20 13 9 5 0.9922 0.8878 102 151
62-0-1-0.05-50-0 0 2447 20 49 9 5 0.9922 0.1842 102 136
62-0-1-0.05-50-0 0 2448 20 10 11 16 0.9922 0.2533 102 449
62-0-1-0.05-50-0 0 2448 11 10 12 15 0.0504 0.2533 384 449
62-0-1-0.05-50-0 0 2449 3 6 1 5 0.4813 0.4266 321 249
62-0-1-0.05-50-0 0 2449 45 28 4 14 0.3816 0.3846 173 311
62-0-1-0.05-50-0 0 2450 2 2 8 8 0.8198 0.8198 167 167
62-0-1-0.05-50-0 0 2450 11 35 14 8 0.0504 0.0354 384 158
62-0-1-0.05-50-0 0 2451 14 10 3 13 0.8451 0.2533 105 449
62-0-1-0.05-50-0 0 2451 11 27 13 5 0.0504 0.0776 384 149
62-0-1-0.05-50-0 0 2452 2 28 8 12 0.8198 0.3846 167 311
62-0-1-0.05-50-0 0 2452 20 30 10 6 0.9922 0.6008 102 266
62-0-1-0.05-50-0 0 2453 20 14 10 3 0.9922 0.8451 102 105
62-0-1-0.05-50-0 0 2453 11 10 13 14 0.0504 0.2533 384 449
62-0-1-0.05-50-0 0 2454 2 35 8 9 0.8198 0.0354 167 158
62-0-1-0.05-50-0 0 2454 9 9 4 4 0.6134 0.6134 161 161
62-0-1-0.05-50-0 0 2455 35 35 8 8 0.0354 0.0354 158 158
62-0-1-0.05-50-0 0 2455 17 2 1 8 0.6398 0.8198 197 167
62-0-1-0.05-50-0 0 2456 44 11 1 13 0.7034 0.0504 118 384
62-0-1-0.05-50-0 0 2456 27 48 5 5 0.0776 0.1153 149 334
62-0-1-0.05-50-0 0 2457 48 49 4 5 0.1153 0.1842 334 136
62-0-1-0.05-50-0 0 2457 45 34 3 4 0.3816 0.7448 173 168
62-0-1-0.05-50-0 0 2458 32 35 3 9 0.6514 0.0354 215 158
62-0-1-0.05-50-0 0 2458 35 2 8 7 0.0354 0.8198 158 167
62-0-1-0.05-50-0 0 2458 34 1 4 2 0.7448 0.2520 168 409
62-0-1-0.05-50-0 0 2459 49 6 6 5 0.1842 0.4266 136 249
62-0-1-0.05-50-0 0 2459 5 48 5 5 0.0007 0.1153 226 334
62-0-1-0.05-50-0 0 2459 20 28 11 11 0.9922 0.3846 102 311
62-0-1-0.05-50-0 0 2460 20 14 11 1 0.9922 0.8451 102 105
62-0-1-0.05-50-0 0 2460 13 29 5 2 0.8878 0.6728 151 177
62-0-1-0.05-50-0 0 2460 38 10 3 18 0.6163 0.2533 270 449
62-0-1-0.05-50-0 0 2461 10 11 17 16 0.2533 0.0504 449 384
62-0-1-0.05-50-0 0 2461 13 38 5 3 0.8878 0.6163 151 270
62-0-1-0.05-50-0 0 2462 50 2 5 7 0.2147 0.8198 147 167
62-0-1-0.05-50-0 0 2462 24 48 4 4 0.1940 0.1153 254 334
62-0-1-0.05-50-0 0 2463 49 44 5 1 0.1842 0.7034 136 118
62-0-1-0.05-50-0 0 2463 35 11 9 15 0.0354 0.0504 158 384
62-0-1-0.05-50-0 0 2464 10 11 17 15 0.2533 0.0504 449 384
62-0-1-0.05-50-0 0 2464 28 11 9 14 0.3846 0.0504 311 384
62-0-1-0.05-50-0 0 2464 24 10 4 17 0.1940 0.2533 254 449
62-0-1-0.05-50-0 0 2465 35 47 10 1 0.0354 0.9293 158 103
62-0-1-0.05-50-0 0 2465 1 24 3 4 0.2520 0.1940 409 254
62-0-1-0.05-50-0 0 2465 6 48 4 3 0.4266 0.1153 249 334
62-0-1-0.05-50-0 0 2466 4 39 4 4 0.0723 0.2187 351 309
62-0-1-0.05-50-0 0 2466 10 22 16 3 0.2533 0.0160 449 311
62-0-1-0.05-50-0 0 2466 10 20 16 9 0.2533 0.9922 449 102
62-0-1-0.05-50-0 0 2467 45 10 2 18 0.3816 0.2533 173 449
62-0-1-0.05-50-0 0 2467 49 6 5 5 0.1842 0.4266 136 249
62-0-1-0.05-50-0 0 2467 30 34 7 8 0.6008 0.7448 266 168
62-0-1-0.05-50-0 0 2468 24 13 2 6 0.1940 0.8878 254 151
62-0-1-0.05-50-0 0 2468 39 49 3 4 0.2187 0.1842 309 136
62-0-1-0.05-50-0 0 2469 50 20 3 10 0.2147 0.9922 147 102
62-0-1-0.05-50-0 0 2469 2 11 7 14 0.8198 0.0504 167 384
62-0-1-0.05-50-0 0 2469 2 35 7 11 0.8198 0.0354 167 158
62-0-1-0.05-50-0 0 2470 2 10 8 17 0.8198 0.2533 167 449
62-0-1-0.05-50-0 0 2470 23 11 1 12 0.1698 0.0504 476 384
62-0-1-0.05-50-0 0 2470 11 10 11 16 0.0504 0.2533 384 449
62-0-1-0.05-50-0 0 2471 10 50 15 2 0.2533 0.2147 449 147
62-0-1-0.05-50-0 0 2471 32 4 2 7 0.6514 0.0723 215 351
62-0-1-0.05-50-0 0 2472 5 28 8 9 0.0007 0.3846 226 311
62-0-1-0.05-50-0 0 2472 20 13 13 4 0.9922 0.8878 102 151
62-0-1-0.05-50-0 0 2473 20 35 13 11 0.9922 0.0354 102 158
62-0-1-0.05-50-0 0 2473 20 28 13 8 0.9922 0.3846 102 311
62-0-1-0.05-50-0 0 2474 10 15 13 3 0.2533 0.7918 449 149
62-0-1-0.05-50-0 0 2474 5 34 8 6 0.0007 0.7448 226 168
62-0-1-0.05-50-0 0 2475 34 32 5 2 0.7448 0.6514 168 215
62-0-1-0.05-50-0 0 2475 11 20 12 15 0.0504 0.9922 384 102
62-0-1-0.05-50-0 0 2476 38 7 4 3 0.6163 0.9267 270 106
62-0-1-0.05-50-0 0 2476 16 10 3 12 0.2228 0.2533 149 449
62-0-1-0.05-50-0 0 2476 2 2 7 7 0.8198 0.8198 167 167
62-0-1-0.05-50-0 0 2477 2 20 5 12 0.8198 0.9922 167 102
62-0-1-0.05-50-0 0 2477 5 4 10 6 0.0007 0.0723 226 351
62-0-1-0.05-50-0 0 2478 11 6 17 3 0.0504 0.4266 384 249
62-0-1-0.05-50-0 0 2478 10 16 10 3 0.2533 0.2228 449 149
62-0-1-0.05-50-0 0 2479 20 10 11 10 0.9922 0.2533 102 449
62-0-1-0.05-50-0 0 2479 30 27 5 9 0.6008 0.0776 266 149
62-0-1-0.05-50-0 0 2480 27 1 8 4 0.0776 0.2520 149 409
62-0-1-0.05-50-0 0 2480 16 20 3 11 0.2228 0.9922 149 102
62-0-1-0.05-50-0 0 2481 14 34 1 3 0.8451 0.7448 105 168
62-0-1-0.05-50-0 0 2481 1 10 3 9 0.2520 0.2533 409 449
62-0-1-0.05-50-0 0 2482 1 27 3 9 0.2520 0.0776 409 149
62-0-1-0.05-50-0 0 2482 27 35 8 14 0.0776 0.0354 149 158
62-0-1-0.05-50-0 0 2483 7 35 2 14 0.9267 0.0354 106 158
62-0-1-0.05-50-0 0 2483 10 11 7 18 0.2533 0.0504 449 384
62-0-1-0.05-50-0 0 2484 4 40 5 2 0.0723 0.9739 351 104
62-0-1-0.05-50-0 0 2484 28 7 7 3 0.3846 0.9267 311 106
62-0-1-0.05-50-0 0 2485 5 28 11 7 0.0007 0.3846 226 311
62-0-1-0.05-50-0 0 2485 28 1 6 3 0.3846 0.2520 311 409
62-0-1-0.05-50-0 0 2486 46 5 2 11 0.3451 0.0007 327 226
62-0-1-0.05-50-0 0 2486 16 28 9 6 0.2228 0.3846 149 311
62-0-1-0.05-50-0 0 2487 20 32 8 1 0.9922 0.6514 102 215
62-0-1-0.05-50-0 0 2487 7 16 2 10 0.9267 0.2228 106 149
62-0-1-0.05-50-0 0 2488 48 28 5 4 0.1153 0.3846 334 311
62-0-1-0.05-50-0 0 2488 24 27 2 8 0.1940 0.0776 254 149
62-0-1-0.05-50-0 0 2489 16 20 10 8 0.2228 0.9922 149 102
62-0-1-0.05-50-0 0 2489 29 35 3 9 0.6728 0.0354 177 158
62-0-1-0.05-50-0 0 2490 20 35 8 7 0.9922 0.0354 102 158
62-0-1-0.05-50-0 0 2490 29 5 3 8 0.6728 0.0007 177 226
62-0-1-0.05-50-0 0 2491 11 27 20 9 0.0504 0.0776 384 149
62-0-1-0.05-50-0 0 2491 28 20 4 8 0.3846 0.9922 311 102
62-0-1-0.05-50-0 0 2492 16 9 16 1 0.2228 0.6134 149 161
62-0-1-0.05-50-0 0 2492 38 29 2 2 0.6163 0.6728 270 177
62-0-1-0.05-50-0 0 2493 16 13 17 3 0.2228 0.8878 149 151
62-0-1-0.05-50-0 0 2493 34 14 2 3 0.7448 0.8451 168 105
62-0-1-0.05-50-0 0 2494 13 7 2 3 0.8878 0.9267 151 106
62-0-1-0.05-50-0 0 2494 42 10 2 10 0.7447 0.2533 106 449
62-0-1-0.05-50-0 0 2494 14 28 2 4 0.8451 0.3846 105 311
62-0-1-0.05-50-0 0 2495 22 5 7 8 0.0160 0.0007 311 226
62-0-1-0.05-50-0 0 2495 10 11 9 23 0.2533 0.0504 449 384
62-0-1-0.05-50-0 0 2496 47 16 1 13 0.9293 0.2228 103 149
62-0-1-0.05-50-0 0 2496 16 16 12 12 0.2228 0.2228 149 149
62-0-1-0.05-50-0 0 2496 49 11 7 23 0.1842 0.0504 136 384
62-0-1-0.05-50-0 0 2497 22 10 6 9 0.0160 0.2533 311 449
62-0-1-0.05-50-0 0 2497 41 48 1 4 0.9621 0.1153 105 334
62-0-1-0.05-50-0 0 2498 11 4 22 4 0.0504 0.0723 384 351
62-0-1-0.05-50-0 0 2498 11 28 22 4 0.0504 0.3846 384 311
62-0-1-0.05-50-0 0 2499 22 27 7 8 0.0160 0.0776 311 149
62-0-1-0.05-50-0 0 2499 30 16 2 14 0.6008 0.2228 266 149
62-0-1-0.05-50-0 0 2500 21 22 6 7 0.4184 0.0160 158 311
62-0-1-0.05-50-0 0 2500 22 11 6 25 0.0160 0.0504 311 384
