76-0-1-0.05-50-0 0 2302 30 19 2 2 0.6008 0.8072 266 134
76-0-1-0.05-50-0 0 2302 4 18 5 9 0.0723 0.2181 351 226
76-0-1-0.05-50-0 0 2303 8 4 37 6 0.2506 0.0723 303 351
76-0-1-0.05-50-0 0 2303 8 11 37 4 0.2506 0.0504 303 384
76-0-1-0.05-50-0 0 2304 18 22 8 7 0.2181 0.0160 226 311
76-0-1-0.05-50-0 0 2304 8 11 35 3 0.2506 0.0504 303 384
76-0-1-0.05-50-0 0 2305 8 8 37 37 0.2506 0.2506 303 303
76-0-1-0.05-50-0 0 2305 45 29 6 7 0.3816 0.6728 173 177
76-0-1-0.05-50-0 0 2306 45 1 6 5 0.3816 0.2520 173 409
76-0-1-0.05-50-0 0 2306 22 18 5 10 0.0160 0.2181 311 226
76-0-1-0.05-50-0 0 2307 38 50 1 15 0.6163 0.2147 270 147
76-0-1-0.05-50-0 0 2307 18 17 9 3 0.2181 0.6398 226 197
76-0-1-0.05-50-0 0 2308 8 19 40 3 0.2506 0.8072 303 134
76-0-1-0.05-50-0 0 2308 50 29 14 9 0.2147 0.6728 147 177
76-0-1-0.05-50-0 0 2309 8 50 36 14 0.2506 0.2147 303 147
76-0-1-0.05-50-0 0 2309 37 29 6 8 0.8481 0.6728 127 177
76-0-1-0.05-50-0 0 2310 47 8 4 34 0.9293 0.2506 103 303
76-0-1-0.05-50-0 0 2310 29 4 7 5 0.6728 0.0723 177 351
76-0-1-0.05-50-0 0 2311 8 8 34 34 0.2506 0.2506 303 303
76-0-1-0.05-50-0 0 2311 23 41 3 5 0.1698 0.9621 476 105
76-0-1-0.05-50-0 0 2312 29 12 5 1 0.6728 0.1896 177 325
76-0-1-0.05-50-0 0 2312 8 8 33 33 0.2506 0.2506 303 303
76-0-1-0.05-50-0 0 2313 38 22 2 3 0.6163 0.0160 270 311
76-0-1-0.05-50-0 0 2313 25 8 3 30 0.9430 0.2506 125 303
76-0-1-0.05-50-0 0 2314 41 37 4 6 0.9621 0.8481 105 127
76-0-1-0.05-50-0 0 2314 29 50 5 17 0.6728 0.2147 177 147
76-0-1-0.05-50-0 0 2315 31 37 1 5 0.5626 0.8481 252 127
76-0-1-0.05-50-0 0 2315 1 8 2 31 0.2520 0.2506 409 303
76-0-1-0.05-50-0 0 2316 8 50 32 15 0.2506 0.2147 303 147
76-0-1-0.05-50-0 0 2316 1 18 2 10 0.2520 0.2181 409 226
76-0-1-0.05-50-0 0 2317 45 50 8 14 0.3816 0.2147 173 147
76-0-1-0.05-50-0 0 2317 8 50 31 13 0.2506 0.2147 303 147
76-0-1-0.05-50-0 0 2318 14 32 1 3 0.8451 0.6514 105 215
76-0-1-0.05-50-0 0 2318 6 8 1 33 0.4266 0.2506 249 303
76-0-1-0.05-50-0 0 2319 37 29 7 5 0.8481 0.6728 127 177
76-0-1-0.05-50-0 0 2319 50 48 10 3 0.2147 0.1153 147 334
76-0-1-0.05-50-0 0 2320 50 8 11 33 0.2147 0.2506 147 303
76-0-1-0.05-50-0 0 2320 37 37 7 7 0.8481 0.8481 127 127
76-0-1-0.05-50-0 0 2321 8 39 34 2 0.2506 0.2187 303 309
76-0-1-0.05-50-0 0 2321 50 8 11 34 0.2147 0.2506 147 303
76-0-1-0.05-50-0 0 2322 8 8 34 34 0.2506 0.2506 303 303
76-0-1-0.05-50-0 0 2322 50 50 10 10 0.2147 0.2147 147 147
76-0-1-0.05-50-0 0 2323 8 8 35 35 0.2506 0.2506 303 303
76-0-1-0.05-50-0 0 2323 8 48 34 3 0.2506 0.1153 303 334
76-0-1-0.05-50-0 0 2324 45 23 11 3 0.3816 0.1698 173 476
76-0-1-0.05-50-0 0 2324 50 4 11 4 0.2147 0.0723 147 351
76-0-1-0.05-50-0 0 2325 13 31 2 4 0.8878 0.5626 151 252
76-0-1-0.05-50-0 0 2325 41 4 3 3 0.9621 0.0723 105 351
76-0-1-0.05-50-0 0 2326 11 22 4 6 0.0504 0.0160 384 311
76-0-1-0.05-50-0 0 2326 18 8 11 34 0.2181 0.2506 226 303
76-0-1-0.05-50-0 0 2327 50 18 10 11 0.2147 0.2181 147 226
76-0-1-0.05-50-0 0 2327 18 45 10 11 0.2181 0.3816 226 173
76-0-1-0.05-50-0 0 2328 13 8 3 31 0.8878 0.2506 151 303
76-0-1-0.05-50-0 0 2328 45 8 11 30 0.3816 0.2506 173 303
76-0-1-0.05-50-0 0 2329 50 18 13 10 0.2147 0.2181 147 226
76-0-1-0.05-50-0 0 2329 8 37 31 6 0.2506 0.8481 303 127
76-0-1-0.05-50-0 0 2330 14 50 3 14 0.8451 0.2147 105 147
76-0-1-0.05-50-0 0 2330 8 50 31 13 0.2506 0.2147 303 147
76-0-1-0.05-50-0 0 2331 8 1 30 1 0.2506 0.2520 303 409
76-0-1-0.05-50-0 0 2331 18 31 9 4 0.2181 0.5626 226 252
76-0-1-0.05-50-0 0 2332 18 45 10 12 0.2181 0.3816 226 173
76-0-1-0.05-50-0 0 2332 8 45 30 11 0.2506 0.3816 303 173
76-0-1-0.05-50-0 0 2333 38 50 5 11 0.6163 0.2147 270 147
76-0-1-0.05-50-0 0 2333 37 8 6 27 0.8481 0.2506 127 303
76-0-1-0.05-50-0 0 2334 39 41 3 4 0.2187 0.9621 309 105
76-0-1-0.05-50-0 0 2334 18 13 10 7 0.2181 0.8878 226 151
76-0-1-0.05-50-0 0 2335 13 29 5 4 0.8878 0.6728 151 177
76-0-1-0.05-50-0 0 2335 28 38 2 5 0.3846 0.6163 311 270
76-0-1-0.05-50-0 0 2336 18 8 10 28 0.2181 0.2506 226 303
76-0-1-0.05-50-0 0 2336 8 8 27 27 0.2506 0.2506 303 303
76-0-1-0.05-50-0 0 2337 6 6 2 2 0.4266 0.4266 249 249
76-0-1-0.05-50-0 0 2337 49 8 1 26 0.1842 0.2506 136 303
76-0-1-0.05-50-0 0 2338 13 42 6 2 0.8878 0.7447 151 106
76-0-1-0.05-50-0 0 2338 42 8 1 26 0.7447 0.2506 106 303
76-0-1-0.05-50-0 0 2339 8 49 25 1 0.2506 0.1842 303 136
76-0-1-0.05-50-0 0 2339 38 8 4 25 0.6163 0.2506 270 303
76-0-1-0.05-50-0 0 2340 21 45 3 12 0.4184 0.3816 158 173
76-0-1-0.05-50-0 0 2340 31 50 1 10 0.5626 0.2147 252 147
76-0-1-0.05-50-0 0 2341 8 8 24 24 0.2506 0.2506 303 303
76-0-1-0.05-50-0 0 2341 27 45 2 12 0.0776 0.3816 149 173
76-0-1-0.05-50-0 0 2342 18 21 11 3 0.2181 0.4184 226 158
76-0-1-0.05-50-0 0 2342 8 28 22 3 0.2506 0.3846 303 311
76-0-1-0.05-50-0 0 2343 19 18 4 12 0.8072 0.2181 134 226
76-0-1-0.05-50-0 0 2343 18 11 11 2 0.2181 0.0504 226 384
76-0-1-0.05-50-0 0 2344 37 38 5 4 0.8481 0.6163 127 270
76-0-1-0.05-50-0 0 2344 18 22 14 7 0.2181 0.0160 226 311
76-0-1-0.05-50-0 0 2345 35 37 3 5 0.0354 0.8481 158 127
76-0-1-0.05-50-0 0 2345 38 11 3 1 0.6163 0.0504 270 384
76-0-1-0.05-50-0 0 2346 13 18 8 17 0.8878 0.2181 151 226
76-0-1-0.05-50-0 0 2346 13 22 8 7 0.8878 0.0160 151 311
76-0-1-0.05-50-0 0 2347 18 18 15 15 0.2181 0.2181 226 226
76-0-1-0.05-50-0 0 2347 35 45 5 13 0.0354 0.3816 158 173
76-0-1-0.05-50-0 0 2348 14 39 2 3 0.8451 0.2187 105 309
76-0-1-0.05-50-0 0 2348 22 40 6 6 0.0160 0.9739 311 104
76-0-1-0.05-50-0 0 2349 50 13 10 9 0.2147 0.8878 147 151
76-0-1-0.05-50-0 0 2349 42 8 1 17 0.7447 0.2506 106 303
76-0-1-0.05-50-0 0 2350 1 50 1 9 0.2520 0.2147 409 147
76-0-1-0.05-50-0 0 2350 15 39 2 2 0.7918 0.2187 149 309
76-0-1-0.05-50-0 0 2351 4 13 3 8 0.0723 0.8878 351 151
76-0-1-0.05-50-0 0 2351 18 50 13 8 0.2181 0.2147 226 147
76-0-1-0.05-50-0 0 2352 38 19 3 7 0.6163 0.8072 270 134
76-0-1-0.05-50-0 0 2352 41 37 3 5 0.9621 0.8481 105 127
76-0-1-0.05-50-0 0 2353 45 39 13 1 0.3816 0.2187 173 309
76-0-1-0.05-50-0 0 2353 18 18 15 15 0.2181 0.2181 226 226
76-0-1-0.05-50-0 0 2354 18 13 14 7 0.2181 0.8878 226 151
76-0-1-0.05-50-0 0 2354 36 37 3 5 0.8162 0.8481 165 127
76-0-1-0.05-50-0 0 2355 29 4 1 4 0.6728 0.0723 177 351
76-0-1-0.05-50-0 0 2355 40 8 7 16 0.9739 0.2506 104 303
76-0-1-0.05-50-0 0 2356 29 36 1 3 0.6728 0.8162 177 165
76-0-1-0.05-50-0 0 2356 13 13 6 6 0.8878 0.8878 151 151
76-0-1-0.05-50-0 0 2357 14 40 3 7 0.8451 0.9739 105 104
76-0-1-0.05-50-0 0 2357 40 15 6 2 0.9739 0.7918 104 149
76-0-1-0.05-50-0 0 2358 45 35 12 2 0.3816 0.0354 173 158
76-0-1-0.05-50-0 0 2358 36 22 2 5 0.8162 0.0160 165 311
76-0-1-0.05-50-0 0 2359 18 37 15 5 0.2181 0.8481 226 127
76-0-1-0.05-50-0 0 2359 8 40 17 8 0.2506 0.9739 303 104
76-0-1-0.05-50-0 0 2360 41 8 2 19 0.9621 0.2506 105 303
76-0-1-0.05-50-0 0 2360 8 38 18 4 0.2506 0.6163 303 270
76-0-1-0.05-50-0 0 2361 18 8 15 18 0.2181 0.2506 226 303
76-0-1-0.05-50-0 0 2361 22 8 4 17 0.0160 0.2506 311 303
76-0-1-0.05-50-0 0 2362 46 20 3 4 0.3451 0.9922 327 102
76-0-1-0.05-50-0 0 2362 40 50 6 6 0.9739 0.2147 104 147
76-0-1-0.05-50-0 0 2363 19 45 6 13 0.8072 0.3816 134 173
76-0-1-0.05-50-0 0 2363 13 21 8 2 0.8878 0.4184 151 158
76-0-1-0.05-50-0 0 2364 28 13 3 8 0.3846 0.8878 311 151
76-0-1-0.05-50-0 0 2364 22 45 4 14 0.0160 0.3816 311 173
76-0-1-0.05-50-0 0 2365 19 8 6 11 0.8072 0.2506 134 303
76-0-1-0.05-50-0 0 2365 9 19 4 6 0.6134 0.8072 161 134
76-0-1-0.05-50-0 0 2366 18 45 12 13 0.2181 0.3816 226 173
76-0-1-0.05-50-0 0 2366 50 41 3 2 0.2147 0.9621 147 105
76-0-1-0.05-50-0 0 2367 18 18 13 13 0.2181 0.2181 226 226
76-0-1-0.05-50-0 0 2367 8 13 10 8 0.2506 0.8878 303 151
76-0-1-0.05-50-0 0 2368 18 32 12 3 0.2181 0.6514 226 215
76-0-1-0.05-50-0 0 2368 4 45 3 12 0.0723 0.3816 351 173
76-0-1-0.05-50-0 0 2369 31 28 1 3 0.5626 0.3846 252 311
76-0-1-0.05-50-0 0 2369 27 1 2 5 0.0776 0.2520 149 409
76-0-1-0.05-50-0 0 2370 36 4 4 2 0.8162 0.0723 165 351
76-0-1-0.05-50-0 0 2370 50 1 3 4 0.2147 0.2520 147 409
76-0-1-0.05-50-0 0 2371 28 38 2 3 0.3846 0.6163 311 270
76-0-1-0.05-50-0 0 2371 42 45 4 11 0.7447 0.3816 106 173
76-0-1-0.05-50-0 0 2372 45 40 11 4 0.3816 0.9739 173 104
76-0-1-0.05-50-0 0 2372 45 45 11 11 0.3816 0.3816 173 173
76-0-1-0.05-50-0 0 2373 36 21 4 2 0.8162 0.4184 165 158
76-0-1-0.05-50-0 0 2374 47 36 3 6 0.9293 0.8162 103 165
76-0-1-0.05-50-0 0 2375 18 8 13 7 0.2181 0.2506 226 303
76-0-1-0.05-50-0 0 2375 36 44 5 2 0.8162 0.7034 165 118
76-0-1-0.05-50-0 0 2376 45 19 8 7 0.3816 0.8072 173 134
76-0-1-0.05-50-0 0 2377 27 46 2 2 0.0776 0.3451 149 327
76-0-1-0.05-50-0 0 2377 36 21 6 2 0.8162 0.4184 165 158
76-0-1-0.05-50-0 0 2378 42 36 3 5 0.7447 0.8162 106 165
76-0-1-0.05-50-0 0 2378 44 49 1 1 0.7034 0.1842 118 136
76-0-1-0.05-50-0 0 2379 19 18 7 11 0.8072 0.2181 134 226
76-0-1-0.05-50-0 0 2379 22 36 5 4 0.0160 0.8162 311 165
76-0-1-0.05-50-0 0 2380 41 45 3 11 0.9621 0.3816 105 173
76-0-1-0.05-50-0 0 2381 13 13 8 8 0.8878 0.8878 151 151
76-0-1-0.05-50-0 0 2382 27 42 3 3 0.0776 0.7447 149 106
76-0-1-0.05-50-0 0 2382 13 38 8 2 0.8878 0.6163 151 270
76-0-1-0.05-50-0 0 2383 27 28 3 2 0.0776 0.3846 149 311
76-0-1-0.05-50-0 0 2384 27 36 3 3 0.0776 0.8162 149 165
76-0-1-0.05-50-0 0 2384 40 36 3 2 0.9739 0.8162 104 165
76-0-1-0.05-50-0 0 2385 8 43 8 1 0.2506 0.8316 303 123
76-0-1-0.05-50-0 0 2385 42 18 1 8 0.7447 0.2181 106 226
76-0-1-0.05-50-0 0 2386 22 19 6 7 0.0160 0.8072 311 134
76-0-1-0.05-50-0 0 2387 13 46 8 1 0.8878 0.3451 151 327
76-0-1-0.05-50-0 0 2388 13 37 9 2 0.8878 0.8481 151 127
76-0-1-0.05-50-0 0 2388 8 9 9 6 0.2506 0.6134 303 161
76-0-1-0.05-50-0 0 2389 1 45 3 16 0.2520 0.3816 409 173
76-0-1-0.05-50-0 0 2389 23 1 2 3 0.1698 0.2520 476 409
76-0-1-0.05-50-0 0 2390 23 40 2 5 0.1698 0.9739 476 104
76-0-1-0.05-50-0 0 2390 18 30 6 2 0.2181 0.6008 226 266
76-0-1-0.05-50-0 0 2391 50 13 8 9 0.2147 0.8878 147 151
76-0-1-0.05-50-0 0 2391 9 40 7 3 0.6134 0.9739 161 104
76-0-1-0.05-50-0 0 2392 13 50 7 8 0.8878 0.2147 151 147
76-0-1-0.05-50-0 0 2392 18 48 8 1 0.2181 0.1153 226 334
76-0-1-0.05-50-0 0 2393 9 18 7 8 0.6134 0.2181 161 226
76-0-1-0.05-50-0 0 2393 33 18 2 7 0.6893 0.2181 191 226
76-0-1-0.05-50-0 0 2394 45 42 16 2 0.3816 0.7447 173 106
76-0-1-0.05-50-0 0 2394 45 20 16 2 0.3816 0.9922 173 102
76-0-1-0.05-50-0 0 2395 9 13 7 7 0.6134 0.8878 161 151
76-0-1-0.05-50-0 0 2395 19 18 10 6 0.8072 0.2181 134 226
76-0-1-0.05-50-0 0 2396 50 18 6 4 0.2147 0.2181 147 226
76-0-1-0.05-50-0 0 2397 45 33 14 2 0.3816 0.6893 173 191
76-0-1-0.05-50-0 0 2398 4 8 5 10 0.0723 0.2506 351 303
76-0-1-0.05-50-0 0 2399 40 23 3 3 0.9739 0.1698 104 476
76-0-1-0.05-50-0 0 2400 13 45 6 13 0.8878 0.3816 151 173
76-0-1-0.05-50-0 0 2401 24 22 4 8 0.1940 0.0160 254 311
76-0-1-0.05-50-0 0 2402 45 13 12 5 0.3816 0.8878 173 151
76-0-1-0.05-50-0 0 2403 21 41 4 1 0.4184 0.9621 158 105
76-0-1-0.05-50-0 0 2404 24 21 5 4 0.1940 0.4184 254 158
76-0-1-0.05-50-0 0 2405 8 8 10 10 0.2506 0.2506 303 303
76-0-1-0.05-50-0 0 2406 45 24 16 4 0.3816 0.1940 173 254
76-0-1-0.05-50-0 0 2406 44 24 2 3 0.7034 0.1940 118 254
76-0-1-0.05-50-0 0 2407 23 13 2 5 0.1698 0.8878 476 151
76-0-1-0.05-50-0 0 2407 20 18 3 5 0.9922 0.2181 102 226
76-0-1-0.05-50-0 0 2408 22 8 9 9 0.0160 0.2506 311 303
76-0-1-0.05-50-0 0 2408 13 8 4 8 0.8878 0.2506 151 303
76-0-1-0.05-50-0 0 2409 19 4 14 4 0.8072 0.0723 134 351
76-0-1-0.05-50-0 0 2409 50 19 6 14 0.2147 0.8072 147 134
76-0-1-0.05-50-0 0 2410 19 48 13 2 0.8072 0.1153 134 334
76-0-1-0.05-50-0 0 2410 14 22 2 9 0.8451 0.0160 105 311
76-0-1-0.05-50-0 0 2411 21 9 6 5 0.4184 0.6134 158 161
76-0-1-0.05-50-0 0 2411 9 21 4 6 0.6134 0.4184 161 158
76-0-1-0.05-50-0 0 2412 23 21 3 5 0.1698 0.4184 476 158
76-0-1-0.05-50-0 0 2412 20 22 3 8 0.9922 0.0160 102 311
76-0-1-0.05-50-0 0 2413 1 4 5 3 0.2520 0.0723 409 351
76-0-1-0.05-50-0 0 2413 20 8 3 7 0.9922 0.2506 102 303
76-0-1-0.05-50-0 0 2414 12 45 1 12 0.1896 0.3816 325 173
76-0-1-0.05-50-0 0 2414 22 50 8 9 0.0160 0.2147 311 147
76-0-1-0.05-50-0 0 2415 22 9 7 2 0.0160 0.6134 311 161
76-0-1-0.05-50-0 0 2415 27 24 2 1 0.0776 0.1940 149 254
76-0-1-0.05-50-0 0 2416 27 8 2 8 0.0776 0.2506 149 303
76-0-1-0.05-50-0 0 2416 22 50 7 7 0.0160 0.2147 311 147
76-0-1-0.05-50-0 0 2417 14 44 3 2 0.8451 0.7034 105 118
76-0-1-0.05-50-0 0 2417 47 40 2 7 0.9293 0.9739 103 104
76-0-1-0.05-50-0 0 2418 50 22 7 7 0.2147 0.0160 147 311
76-0-1-0.05-50-0 0 2418 10 27 1 3 0.2533 0.0776 449 149
76-0-1-0.05-50-0 0 2419 4 13 4 4 0.0723 0.8878 351 151
76-0-1-0.05-50-0 0 2419 33 47 4 2 0.6893 0.9293 191 103
76-0-1-0.05-50-0 0 2420 1 33 3 4 0.2520 0.6893 409 191
76-0-1-0.05-50-0 0 2420 32 18 3 3 0.6514 0.2181 215 226
76-0-1-0.05-50-0 0 2421 12 9 1 2 0.1896 0.6134 325 161
76-0-1-0.05-50-0 0 2421 4 45 4 12 0.0723 0.3816 351 173
76-0-1-0.05-50-0 0 2422 46 8 1 5 0.3451 0.2506 327 303
76-0-1-0.05-50-0 0 2422 45 8 11 4 0.3816 0.2506 173 303
76-0-1-0.05-50-0 0 2423 45 20 10 5 0.3816 0.9922 173 102
76-0-1-0.05-50-0 0 2423 48 45 1 10 0.1153 0.3816 334 173
76-0-1-0.05-50-0 0 2424 1 33 3 5 0.2520 0.6893 409 191
76-0-1-0.05-50-0 0 2424 21 19 4 16 0.4184 0.8072 158 134
76-0-1-0.05-50-0 0 2425 33 32 4 5 0.6893 0.6514 191 215
76-0-1-0.05-50-0 0 2425 36 48 1 1 0.8162 0.1153 165 334
76-0-1-0.05-50-0 0 2426 45 27 10 3 0.3816 0.0776 173 149
76-0-1-0.05-50-0 0 2426 20 33 4 4 0.9922 0.6893 102 191
76-0-1-0.05-50-0 0 2427 22 32 7 4 0.0160 0.6514 311 215
76-0-1-0.05-50-0 0 2427 40 20 8 4 0.9739 0.9922 104 102
76-0-1-0.05-50-0 0 2428 50 14 14 3 0.2147 0.8451 147 105
76-0-1-0.05-50-0 0 2428 50 46 14 2 0.2147 0.3451 147 327
76-0-1-0.05-50-0 0 2429 24 40 1 7 0.1940 0.9739 254 104
76-0-1-0.05-50-0 0 2429 19 45 17 9 0.8072 0.3816 134 173
76-0-1-0.05-50-0 0 2430 36 14 1 2 0.8162 0.8451 165 105
76-0-1-0.05-50-0 0 2430 40 19 7 17 0.9739 0.8072 104 134
76-0-1-0.05-50-0 0 2431 45 44 8 3 0.3816 0.7034 173 118
76-0-1-0.05-50-0 0 2431 19 22 17 7 0.8072 0.0160 134 311
76-0-1-0.05-50-0 0 2432 32 22 4 6 0.6514 0.0160 215 311
76-0-1-0.05-50-0 0 2432 33 19 1 17 0.6893 0.8072 191 134
76-0-1-0.05-50-0 0 2433 13 40 3 8 0.8878 0.9739 151 104
76-0-1-0.05-50-0 0 2433 24 40 2 7 0.1940 0.9739 254 104
76-0-1-0.05-50-0 0 2434 45 50 9 15 0.3816 0.2147 173 147
76-0-1-0.05-50-0 0 2434 22 50 5 14 0.0160 0.2147 311 147
76-0-1-0.05-50-0 0 2435 40 46 7 1 0.9739 0.3451 104 327
76-0-1-0.05-50-0 0 2435 49 18 2 1 0.1842 0.2181 136 226
76-0-1-0.05-50-0 0 2436 19 3 20 2 0.8072 0.4813 134 321
76-0-1-0.05-50-0 0 2436 50 50 13 13 0.2147 0.2147 147 147
76-0-1-0.05-50-0 0 2437 50 19 16 21 0.2147 0.8072 147 134
76-0-1-0.05-50-0 0 2437 19 19 20 20 0.8072 0.8072 134 134
76-0-1-0.05-50-0 0 2438 24 21 2 2 0.1940 0.4184 254 158
76-0-1-0.05-50-0 0 2438 50 8 20 2 0.2147 0.2506 147 303
76-0-1-0.05-50-0 0 2439 50 49 19 4 0.2147 0.1842 147 136
76-0-1-0.05-50-0 0 2439 49 49 3 3 0.1842 0.1842 136 136
76-0-1-0.05-50-0 0 2440 2 50 2 19 0.8198 0.2147 167 147
76-0-1-0.05-50-0 0 2440 19 19 16 16 0.8072 0.8072 134 134
76-0-1-0.05-50-0 0 2441 19 32 14 5 0.8072 0.6514 134 215
76-0-1-0.05-50-0 0 2441 20 19 4 14 0.9922 0.8072 102 134
76-0-1-0.05-50-0 0 2442 32 28 4 1 0.6514 0.3846 215 311
76-0-1-0.05-50-0 0 2442 50 50 22 22 0.2147 0.2147 147 147
76-0-1-0.05-50-0 0 2443 50 45 21 12 0.2147 0.3816 147 173
76-0-1-0.05-50-0 0 2443 45 3 11 1 0.3816 0.4813 173 321
76-0-1-0.05-50-0 0 2444 45 19 12 12 0.3816 0.8072 173 134
76-0-1-0.05-50-0 0 2444 50 1 22 3 0.2147 0.2520 147 409
76-0-1-0.05-50-0 0 2445 50 45 21 12 0.2147 0.3816 147 173
76-0-1-0.05-50-0 0 2445 19 45 11 11 0.8072 0.3816 134 173
76-0-1-0.05-50-0 0 2446 40 50 7 21 0.9739 0.2147 104 147
76-0-1-0.05-50-0 0 2446 24 45 2 9 0.1940 0.3816 254 173
76-0-1-0.05-50-0 0 2447 16 50 3 20 0.2228 0.2147 149 147
76-0-1-0.05-50-0 0 2447 22 21 10 1 0.0160 0.4184 311 158
76-0-1-0.05-50-0 0 2448 22 32 9 5 0.0160 0.6514 311 215
76-0-1-0.05-50-0 0 2448 40 49 8 3 0.9739 0.1842 104 136
76-0-1-0.05-50-0 0 2449 45 50 12 21 0.3816 0.2147 173 147
76-0-1-0.05-50-0 0 2449 19 42 11 3 0.8072 0.7447 134 106
76-0-1-0.05-50-0 0 2450 45 22 12 8 0.3816 0.0160 173 311
76-0-1-0.05-50-0 0 2450 50 22 17 7 0.2147 0.0160 147 311
76-0-1-0.05-50-0 0 2451 45 45 11 11 0.3816 0.3816 173 173
76-0-1-0.05-50-0 0 2452 19 22 8 6 0.8072 0.0160 134 311
76-0-1-0.05-50-0 0 2452 20 1 5 3 0.9922 0.2520 102 409
76-0-1-0.05-50-0 0 2453 15 32 4 5 0.7918 0.6514 149 215
76-0-1-0.05-50-0 0 2454 13 19 2 6 0.8878 0.8072 151 134
76-0-1-0.05-50-0 0 2455 20 12 6 3 0.9922 0.1896 102 325
76-0-1-0.05-50-0 0 2456 6 2 3 2 0.4266 0.8198 249 167
76-0-1-0.05-50-0 0 2457 50 50 16 16 0.2147 0.2147 147 147
76-0-1-0.05-50-0 0 2458 6 49 4 5 0.4266 0.1842 249 136
76-0-1-0.05-50-0 0 2458 50 19 15 7 0.2147 0.8072 147 134
76-0-1-0.05-50-0 0 2459 50 50 14 14 0.2147 0.2147 147 147
76-0-1-0.05-50-0 0 2459 5 38 4 3 0.0007 0.6163 226 270
76-0-1-0.05-50-0 0 2460 22 32 6 6 0.0160 0.6514 311 215
76-0-1-0.05-50-0 0 2460 20 1 6 3 0.9922 0.2520 102 409
76-0-1-0.05-50-0 0 2461 13 23 3 5 0.8878 0.1698 151 476
76-0-1-0.05-50-0 0 2461 45 50 10 15 0.3816 0.2147 173 147
76-0-1-0.05-50-0 0 2462 5 33 5 2 0.0007 0.6893 226 191
76-0-1-0.05-50-0 0 2462 45 5 9 5 0.3816 0.0007 173 226
76-0-1-0.05-50-0 0 2463 22 33 7 2 0.0160 0.6893 311 191
76-0-1-0.05-50-0 0 2463 40 5 4 4 0.9739 0.0007 104 226
76-0-1-0.05-50-0 0 2464 20 23 5 6 0.9922 0.1698 102 476
76-0-1-0.05-50-0 0 2464 5 50 4 13 0.0007 0.2147 226 147
76-0-1-0.05-50-0 0 2465 20 22 5 6 0.9922 0.0160 102 311
76-0-1-0.05-50-0 0 2465 10 23 4 5 0.2533 0.1698 449 476
76-0-1-0.05-50-0 0 2466 50 45 13 7 0.2147 0.3816 147 173
76-0-1-0.05-50-0 0 2466 15 49 4 5 0.7918 0.1842 149 136
76-0-1-0.05-50-0 0 2467 45 1 6 4 0.3816 0.2520 173 409
76-0-1-0.05-50-0 0 2468 45 17 7 2 0.3816 0.6398 173 197
76-0-1-0.05-50-0 0 2468 40 42 6 4 0.9739 0.7447 104 106
76-0-1-0.05-50-0 0 2469 45 32 8 9 0.3816 0.6514 173 215
76-0-1-0.05-50-0 0 2469 24 22 3 7 0.1940 0.0160 254 311
76-0-1-0.05-50-0 0 2470 45 40 7 6 0.3816 0.9739 173 104
76-0-1-0.05-50-0 0 2470 50 50 20 20 0.2147 0.2147 147 147
76-0-1-0.05-50-0 0 2471 50 6 18 3 0.2147 0.4266 147 249
76-0-1-0.05-50-0 0 2471 50 50 18 18 0.2147 0.2147 147 147
76-0-1-0.05-50-0 0 2472 22 13 7 2 0.0160 0.8878 311 151
76-0-1-0.05-50-0 0 2473 50 50 17 17 0.2147 0.2147 147 147
76-0-1-0.05-50-0 0 2474 15 16 5 5 0.7918 0.2228 149 149
76-0-1-0.05-50-0 0 2475 50 16 16 4 0.2147 0.2228 147 149
76-0-1-0.05-50-0 0 2476 38 50 3 16 0.6163 0.2147 270 147
76-0-1-0.05-50-0 0 2477 40 24 3 3 0.9739 0.1940 104 254
76-0-1-0.05-50-0 0 2478 32 50 7 19 0.6514 0.2147 215 147
76-0-1-0.05-50-0 0 2479 49 15 4 2 0.1842 0.7918 136 149
76-0-1-0.05-50-0 0 2480 7 38 1 3 0.9267 0.6163 106 270
76-0-1-0.05-50-0 0 2481 22 45 6 7 0.0160 0.3816 311 173
76-0-1-0.05-50-0 0 2482 1 32 3 9 0.2520 0.6514 409 215
76-0-1-0.05-50-0 0 2483 40 19 4 4 0.9739 0.8072 104 134
76-0-1-0.05-50-0 0 2484 50 32 14 8 0.2147 0.6514 147 215
76-0-1-0.05-50-0 0 2485 1 22 6 7 0.2520 0.0160 409 311
76-0-1-0.05-50-0 0 2486 50 32 13 7 0.2147 0.6514 147 215
76-0-1-0.05-50-0 0 2487 23 22 6 7 0.1698 0.0160 476 311
76-0-1-0.05-50-0 0 2488 5 49 3 4 0.0007 0.1842 226 136
76-0-1-0.05-50-0 0 2489 50 28 14 1 0.2147 0.3846 147 311
76-0-1-0.05-50-0 0 2490 45 23 7 7 0.3816 0.1698 173 476
76-0-1-0.05-50-0 0 2491 50 1 15 6 0.2147 0.2520 147 409
76-0-1-0.05-50-0 0 2492 22 50 6 16 0.0160 0.2147 311 147
76-0-1-0.05-50-0 0 2493 12 1 2 5 0.1896 0.2520 325 409
76-0-1-0.05-50-0 0 2494 32 45 7 6 0.6514 0.3816 215 173
76-0-1-0.05-50-0 0 2495 36 16 4 8 0.8162 0.2228 165 149
76-0-1-0.05-50-0 0 2496 39 36 1 4 0.2187 0.8162 309 165
76-0-1-0.05-50-0 0 2497 11 50 2 14 0.0504 0.2147 384 147
76-0-1-0.05-50-0 0 2498 50 32 13 10 0.2147 0.6514 147 215
76-0-1-0.05-50-0 0 2498 45 24 6 4 0.3816 0.1940 173 254
76-0-1-0.05-50-0 0 2499 40 22 4 8 0.9739 0.0160 104 311
76-0-1-0.05-50-0 0 2499 50 1 14 4 0.2147 0.2520 147 409
76-0-1-0.05-50-0 0 2500 49 5 3 3 0.1842 0.0007 136 226
76-0-1-0.05-50-0 0 2500 23 30 6 5 0.1698 0.6008 476 266
