85-0-1-0.05-50-0 0 2302 43 6 9 4 0.8316 0.4266 123 249
85-0-1-0.05-50-0 0 2302 8 43 5 9 0.2506 0.8316 303 123
85-0-1-0.05-50-0 0 2303 49 43 3 9 0.1842 0.8316 136 123
85-0-1-0.05-50-0 0 2303 3 46 8 7 0.4813 0.3451 321 327
85-0-1-0.05-50-0 0 2304 26 43 2 8 0.8171 0.8316 141 123
85-0-1-0.05-50-0 0 2304 11 18 5 5 0.0504 0.2181 384 226
85-0-1-0.05-50-0 0 2305 21 42 14 2 0.4184 0.7447 158 106
85-0-1-0.05-50-0 0 2305 21 39 14 6 0.4184 0.2187 158 309
85-0-1-0.05-50-0 0 2306 3 25 8 6 0.4813 0.9430 321 125
85-0-1-0.05-50-0 0 2306 9 8 1 5 0.6134 0.2506 161 303
85-0-1-0.05-50-0 0 2307 39 25 5 6 0.2187 0.9430 309 125
85-0-1-0.05-50-0 0 2307 5 5 11 11 0.0007 0.0007 226 226
85-0-1-0.05-50-0 0 2308 5 39 10 5 0.0007 0.2187 226 309
85-0-1-0.05-50-0 0 2308 12 27 3 2 0.1896 0.0776 325 149
85-0-1-0.05-50-0 0 2309 3 39 9 4 0.4813 0.2187 321 309
85-0-1-0.05-50-0 0 2309 3 3 9 9 0.4813 0.4813 321 321
85-0-1-0.05-50-0 0 2310 14 6 3 7 0.8451 0.4266 105 249
85-0-1-0.05-50-0 0 2310 11 8 5 5 0.0504 0.2506 384 303
85-0-1-0.05-50-0 0 2311 43 21 8 15 0.8316 0.4184 123 158
85-0-1-0.05-50-0 0 2311 37 36 4 2 0.8481 0.8162 127 165
85-0-1-0.05-50-0 0 2312 41 46 1 5 0.9621 0.3451 105 327
85-0-1-0.05-50-0 0 2312 48 21 3 15 0.1153 0.4184 334 158
85-0-1-0.05-50-0 0 2313 21 23 13 1 0.4184 0.1698 158 476
85-0-1-0.05-50-0 0 2313 9 3 3 8 0.6134 0.4813 161 321
85-0-1-0.05-50-0 0 2314 5 43 12 6 0.0007 0.8316 226 123
85-0-1-0.05-50-0 0 2314 3 37 8 5 0.4813 0.8481 321 127
85-0-1-0.05-50-0 0 2315 36 50 1 5 0.8162 0.2147 165 147
85-0-1-0.05-50-0 0 2315 25 8 10 5 0.9430 0.2506 125 303
85-0-1-0.05-50-0 0 2316 5 25 12 9 0.0007 0.9430 226 125
85-0-1-0.05-50-0 0 2316 43 6 4 4 0.8316 0.4266 123 249
85-0-1-0.05-50-0 0 2317 3 12 10 3 0.4813 0.1896 321 325
85-0-1-0.05-50-0 0 2317 11 3 6 10 0.0504 0.4813 384 321
85-0-1-0.05-50-0 0 2318 27 37 2 4 0.0776 0.8481 149 127
85-0-1-0.05-50-0 0 2318 11 5 6 14 0.0504 0.0007 384 226
85-0-1-0.05-50-0 0 2319 47 21 4 15 0.9293 0.4184 103 158
85-0-1-0.05-50-0 0 2319 11 21 6 14 0.0504 0.4184 384 158
85-0-1-0.05-50-0 0 2320 21 21 14 14 0.4184 0.4184 158 158
85-0-1-0.05-50-0 0 2320 5 48 13 4 0.0007 0.1153 226 334
85-0-1-0.05-50-0 0 2321 50 9 4 2 0.2147 0.6134 147 161
85-0-1-0.05-50-0 0 2321 21 3 11 8 0.4184 0.4813 158 321
85-0-1-0.05-50-0 0 2322 15 10 1 1 0.7918 0.2533 149 449
85-0-1-0.05-50-0 0 2322 3 21 9 9 0.4813 0.4184 321 158
85-0-1-0.05-50-0 0 2323 34 6 2 7 0.7448 0.4266 168 249
85-0-1-0.05-50-0 0 2323 15 25 1 10 0.7918 0.9430 149 125
85-0-1-0.05-50-0 0 2324 14 11 4 8 0.8451 0.0504 105 384
85-0-1-0.05-50-0 0 2324 3 39 7 4 0.4813 0.2187 321 309
85-0-1-0.05-50-0 0 2325 21 5 11 9 0.4184 0.0007 158 226
85-0-1-0.05-50-0 0 2325 21 37 11 3 0.4184 0.8481 158 127
85-0-1-0.05-50-0 0 2326 49 50 1 4 0.1842 0.2147 136 147
85-0-1-0.05-50-0 0 2326 43 12 7 3 0.8316 0.1896 123 325
85-0-1-0.05-50-0 0 2327 12 14 2 4 0.1896 0.8451 325 105
85-0-1-0.05-50-0 0 2327 15 43 1 7 0.7918 0.8316 149 123
85-0-1-0.05-50-0 0 2328 4 6 1 6 0.0723 0.4266 351 249
85-0-1-0.05-50-0 0 2328 21 14 11 3 0.4184 0.8451 158 105
85-0-1-0.05-50-0 0 2329 14 21 2 11 0.8451 0.4184 105 158
85-0-1-0.05-50-0 0 2329 43 21 7 10 0.8316 0.4184 123 158
85-0-1-0.05-50-0 0 2330 40 14 3 2 0.9739 0.8451 104 105
85-0-1-0.05-50-0 0 2330 9 50 4 3 0.6134 0.2147 161 147
85-0-1-0.05-50-0 0 2331 5 47 8 4 0.0007 0.9293 226 103
85-0-1-0.05-50-0 0 2331 3 6 5 5 0.4813 0.4266 321 249
85-0-1-0.05-50-0 0 2332 8 39 5 5 0.2506 0.2187 303 309
85-0-1-0.05-50-0 0 2332 27 9 3 4 0.0776 0.6134 149 161
85-0-1-0.05-50-0 0 2333 11 18 6 5 0.0504 0.2181 384 226
85-0-1-0.05-50-0 0 2333 34 6 6 4 0.7448 0.4266 168 249
85-0-1-0.05-50-0 0 2334 46 34 6 6 0.3451 0.7448 327 168
85-0-1-0.05-50-0 0 2334 18 42 4 2 0.2181 0.7447 226 106
85-0-1-0.05-50-0 0 2335 24 25 2 9 0.1940 0.9430 254 125
85-0-1-0.05-50-0 0 2335 8 43 7 9 0.2506 0.8316 303 123
85-0-1-0.05-50-0 0 2336 5 35 9 1 0.0007 0.0354 226 158
85-0-1-0.05-50-0 0 2336 27 8 5 9 0.0776 0.2506 149 303
85-0-1-0.05-50-0 0 2337 21 5 7 10 0.4184 0.0007 158 226
85-0-1-0.05-50-0 0 2337 39 27 4 5 0.2187 0.0776 309 149
85-0-1-0.05-50-0 0 2338 5 49 9 3 0.0007 0.1842 226 136
85-0-1-0.05-50-0 0 2338 12 25 3 8 0.1896 0.9430 325 125
85-0-1-0.05-50-0 0 2339 43 34 8 7 0.8316 0.7448 123 168
85-0-1-0.05-50-0 0 2339 40 5 2 9 0.9739 0.0007 104 226
85-0-1-0.05-50-0 0 2340 6 5 2 9 0.4266 0.0007 249 226
85-0-1-0.05-50-0 0 2340 5 18 8 6 0.0007 0.2181 226 226
85-0-1-0.05-50-0 0 2341 46 16 7 1 0.3451 0.2228 327 149
85-0-1-0.05-50-0 0 2341 25 37 6 5 0.9430 0.8481 125 127
85-0-1-0.05-50-0 0 2342 5 24 9 2 0.0007 0.1940 226 254
85-0-1-0.05-50-0 0 2342 18 49 5 2 0.2181 0.1842 226 136
85-0-1-0.05-50-0 0 2343 46 34 7 8 0.3451 0.7448 327 168
85-0-1-0.05-50-0 0 2343 3 22 3 1 0.4813 0.0160 321 311
85-0-1-0.05-50-0 0 2344 5 8 11 9 0.0007 0.2506 226 303
85-0-1-0.05-50-0 0 2344 5 9 11 5 0.0007 0.6134 226 161
85-0-1-0.05-50-0 0 2345 15 21 3 6 0.7918 0.4184 149 158
85-0-1-0.05-50-0 0 2345 9 46 4 7 0.6134 0.3451 161 327
85-0-1-0.05-50-0 0 2346 25 11 5 12 0.9430 0.0504 125 384
85-0-1-0.05-50-0 0 2346 43 21 9 6 0.8316 0.4184 123 158
85-0-1-0.05-50-0 0 2347 5 21 10 5 0.0007 0.4184 226 158
85-0-1-0.05-50-0 0 2347 4 40 3 4 0.0723 0.9739 351 104
85-0-1-0.05-50-0 0 2348 9 43 4 9 0.6134 0.8316 161 123
85-0-1-0.05-50-0 0 2348 18 4 3 3 0.2181 0.0723 226 351
85-0-1-0.05-50-0 0 2349 21 11 4 10 0.4184 0.0504 158 384
85-0-1-0.05-50-0 0 2349 36 47 1 4 0.8162 0.9293 165 103
85-0-1-0.05-50-0 0 2350 24 31 2 2 0.1940 0.5626 254 252
85-0-1-0.05-50-0 0 2350 43 39 7 6 0.8316 0.2187 123 309
85-0-1-0.05-50-0 0 2351 25 8 5 6 0.9430 0.2506 125 303
85-0-1-0.05-50-0 0 2351 5 4 8 2 0.0007 0.0723 226 351
85-0-1-0.05-50-0 0 2352 8 5 6 8 0.2506 0.0007 303 226
85-0-1-0.05-50-0 0 2352 46 9 3 3 0.3451 0.6134 327 161
85-0-1-0.05-50-0 0 2353 28 18 2 4 0.3846 0.2181 311 226
85-0-1-0.05-50-0 0 2353 25 27 7 3 0.9430 0.0776 125 149
85-0-1-0.05-50-0 0 2354 46 15 3 4 0.3451 0.7918 327 149
85-0-1-0.05-50-0 0 2354 34 8 9 7 0.7448 0.2506 168 303
85-0-1-0.05-50-0 0 2355 47 47 4 4 0.9293 0.9293 103 103
85-0-1-0.05-50-0 0 2355 49 5 5 7 0.1842 0.0007 136 226
85-0-1-0.05-50-0 0 2356 18 47 3 3 0.2181 0.9293 226 103
85-0-1-0.05-50-0 0 2357 11 40 8 3 0.0504 0.9739 384 104
85-0-1-0.05-50-0 0 2358 12 35 4 2 0.1896 0.0354 325 158
85-0-1-0.05-50-0 0 2359 12 14 4 5 0.1896 0.8451 325 105
85-0-1-0.05-50-0 0 2359 35 8 1 7 0.0354 0.2506 158 303
85-0-1-0.05-50-0 0 2360 5 5 5 5 0.0007 0.0007 226 226
85-0-1-0.05-50-0 0 2360 43 36 6 2 0.8316 0.8162 123 165
85-0-1-0.05-50-0 0 2361 35 49 1 7 0.0354 0.1842 158 136
85-0-1-0.05-50-0 0 2361 21 34 2 9 0.4184 0.7448 158 168
85-0-1-0.05-50-0 0 2362 46 25 6 8 0.3451 0.9430 327 125
85-0-1-0.05-50-0 0 2362 37 11 2 9 0.8481 0.0504 127 384
85-0-1-0.05-50-0 0 2363 43 12 6 3 0.8316 0.1896 123 325
85-0-1-0.05-50-0 0 2363 8 43 7 6 0.2506 0.8316 303 123
85-0-1-0.05-50-0 0 2364 41 48 2 2 0.9621 0.1153 105 334
85-0-1-0.05-50-0 0 2364 18 39 3 4 0.2181 0.2187 226 309
85-0-1-0.05-50-0 0 2365 14 9 3 4 0.8451 0.6134 105 161
85-0-1-0.05-50-0 0 2365 43 43 5 5 0.8316 0.8316 123 123
85-0-1-0.05-50-0 0 2366 28 18 2 3 0.3846 0.2181 311 226
85-0-1-0.05-50-0 0 2366 8 11 7 9 0.2506 0.0504 303 384
85-0-1-0.05-50-0 0 2367 9 11 3 9 0.6134 0.0504 161 384
85-0-1-0.05-50-0 0 2367 11 24 8 2 0.0504 0.1940 384 254
85-0-1-0.05-50-0 0 2368 47 41 2 3 0.9293 0.9621 103 105
85-0-1-0.05-50-0 0 2368 11 19 8 1 0.0504 0.8072 384 134
85-0-1-0.05-50-0 0 2369 46 35 11 5 0.3451 0.0354 327 158
85-0-1-0.05-50-0 0 2369 34 4 5 3 0.7448 0.0723 168 351
85-0-1-0.05-50-0 0 2370 24 42 1 1 0.1940 0.7447 254 106
85-0-1-0.05-50-0 0 2370 49 28 7 4 0.1842 0.3846 136 311
85-0-1-0.05-50-0 0 2371 48 13 1 4 0.1153 0.8878 334 151
85-0-1-0.05-50-0 0 2371 5 35 4 5 0.0007 0.0354 226 158
85-0-1-0.05-50-0 0 2372 5 8 4 11 0.0007 0.2506 226 303
85-0-1-0.05-50-0 0 2372 49 49 7 7 0.1842 0.1842 136 136
85-0-1-0.05-50-0 0 2373 14 49 4 6 0.8451 0.1842 105 136
85-0-1-0.05-50-0 0 2373 21 49 3 5 0.4184 0.1842 158 136
85-0-1-0.05-50-0 0 2374 38 8 1 12 0.6163 0.2506 270 303
85-0-1-0.05-50-0 0 2374 5 31 4 3 0.0007 0.5626 226 252
85-0-1-0.05-50-0 0 2375 15 15 5 5 0.7918 0.7918 149 149
85-0-1-0.05-50-0 0 2375 48 49 1 4 0.1153 0.1842 334 136
85-0-1-0.05-50-0 0 2376 14 41 5 3 0.8451 0.9621 105 105
85-0-1-0.05-50-0 0 2376 3 8 7 9 0.4813 0.2506 321 303
85-0-1-0.05-50-0 0 2377 39 8 6 8 0.2187 0.2506 309 303
85-0-1-0.05-50-0 0 2377 41 5 3 4 0.9621 0.0007 105 226
85-0-1-0.05-50-0 0 2378 34 8 5 7 0.7448 0.2506 168 303
85-0-1-0.05-50-0 0 2378 41 24 3 1 0.9621 0.1940 105 254
85-0-1-0.05-50-0 0 2379 37 10 5 2 0.8481 0.2533 127 449
85-0-1-0.05-50-0 0 2379 34 3 5 6 0.7448 0.4813 168 321
85-0-1-0.05-50-0 0 2380 43 18 3 3 0.8316 0.2181 123 226
85-0-1-0.05-50-0 0 2380 27 35 1 8 0.0776 0.0354 149 158
85-0-1-0.05-50-0 0 2381 14 43 4 3 0.8451 0.8316 105 123
85-0-1-0.05-50-0 0 2381 11 14 9 4 0.0504 0.8451 384 105
85-0-1-0.05-50-0 0 2382 28 14 4 3 0.3846 0.8451 311 105
85-0-1-0.05-50-0 0 2383 22 34 1 4 0.0160 0.7448 311 168
85-0-1-0.05-50-0 0 2384 10 8 1 6 0.2533 0.2506 449 303
85-0-1-0.05-50-0 0 2385 13 35 1 8 0.8878 0.0354 151 158
85-0-1-0.05-50-0 0 2386 38 3 3 5 0.6163 0.4813 270 321
85-0-1-0.05-50-0 0 2386 29 4 2 3 0.6728 0.0723 177 351
85-0-1-0.05-50-0 0 2387 11 35 12 6 0.0504 0.0354 384 158
85-0-1-0.05-50-0 0 2387 37 11 8 12 0.8481 0.0504 127 384
85-0-1-0.05-50-0 0 2388 11 31 11 5 0.0504 0.5626 384 252
85-0-1-0.05-50-0 0 2388 27 35 1 5 0.0776 0.0354 149 158
85-0-1-0.05-50-0 0 2389 3 46 5 7 0.4813 0.3451 321 327
85-0-1-0.05-50-0 0 2389 49 8 5 4 0.1842 0.2506 136 303
85-0-1-0.05-50-0 0 2390 39 11 6 11 0.2187 0.0504 309 384
85-0-1-0.05-50-0 0 2390 11 39 10 6 0.0504 0.2187 384 309
85-0-1-0.05-50-0 0 2391 38 4 4 3 0.6163 0.0723 270 351
85-0-1-0.05-50-0 0 2391 35 39 7 6 0.0354 0.2187 158 309
85-0-1-0.05-50-0 0 2392 9 46 4 6 0.6134 0.3451 161 327
85-0-1-0.05-50-0 0 2392 35 3 7 5 0.0354 0.4813 158 321
85-0-1-0.05-50-0 0 2393 9 34 5 7 0.6134 0.7448 161 168
85-0-1-0.05-50-0 0 2393 39 13 4 3 0.2187 0.8878 309 151
85-0-1-0.05-50-0 0 2394 5 9 3 5 0.0007 0.6134 226 161
85-0-1-0.05-50-0 0 2394 18 37 4 6 0.2181 0.8481 226 127
85-0-1-0.05-50-0 0 2395 38 46 5 5 0.6163 0.3451 270 327
85-0-1-0.05-50-0 0 2395 11 37 10 5 0.0504 0.8481 384 127
85-0-1-0.05-50-0 0 2396 25 37 7 4 0.9430 0.8481 125 127
85-0-1-0.05-50-0 0 2396 37 31 3 5 0.8481 0.5626 127 252
85-0-1-0.05-50-0 0 2397 38 31 5 4 0.6163 0.5626 270 252
85-0-1-0.05-50-0 0 2397 22 38 2 5 0.0160 0.6163 311 270
85-0-1-0.05-50-0 0 2398 7 11 3 7 0.9267 0.0504 106 384
85-0-1-0.05-50-0 0 2398 3 11 4 6 0.4813 0.0504 321 384
85-0-1-0.05-50-0 0 2399 22 31 2 3 0.0160 0.5626 311 252
85-0-1-0.05-50-0 0 2399 49 8 5 3 0.1842 0.2506 136 303
85-0-1-0.05-50-0 0 2400 3 38 5 5 0.4813 0.6163 321 270
85-0-1-0.05-50-0 0 2400 5 31 5 2 0.0007 0.5626 226 252
85-0-1-0.05-50-0 0 2401 42 7 5 2 0.7447 0.9267 106 106
85-0-1-0.05-50-0 0 2401 42 13 5 2 0.7447 0.8878 106 151
85-0-1-0.05-50-0 0 2402 28 39 2 5 0.3846 0.2187 311 309
85-0-1-0.05-50-0 0 2402 21 42 1 4 0.4184 0.7447 158 106
85-0-1-0.05-50-0 0 2403 38 18 4 6 0.6163 0.2181 270 226
85-0-1-0.05-50-0 0 2403 11 35 7 7 0.0504 0.0354 384 158
85-0-1-0.05-50-0 0 2404 28 34 3 10 0.3846 0.7448 311 168
85-0-1-0.05-50-0 0 2404 37 42 3 3 0.8481 0.7447 127 106
85-0-1-0.05-50-0 0 2405 20 49 5 6 0.9922 0.1842 102 136
85-0-1-0.05-50-0 0 2405 4 31 3 1 0.0723 0.5626 351 252
85-0-1-0.05-50-0 0 2406 22 34 4 10 0.0160 0.7448 311 168
85-0-1-0.05-50-0 0 2407 21 49 2 5 0.4184 0.1842 158 136
85-0-1-0.05-50-0 0 2407 35 22 8 4 0.0354 0.0160 158 311
85-0-1-0.05-50-0 0 2408 49 42 4 2 0.1842 0.7447 136 106
85-0-1-0.05-50-0 0 2408 22 18 3 6 0.0160 0.2181 311 226
85-0-1-0.05-50-0 0 2409 5 39 8 3 0.0007 0.2187 226 309
85-0-1-0.05-50-0 0 2409 41 27 3 3 0.9621 0.0776 105 149
85-0-1-0.05-50-0 0 2410 5 5 9 9 0.0007 0.0007 226 226
85-0-1-0.05-50-0 0 2410 20 49 6 4 0.9922 0.1842 102 136
85-0-1-0.05-50-0 0 2411 39 22 2 4 0.2187 0.0160 309 311
85-0-1-0.05-50-0 0 2411 5 49 8 2 0.0007 0.1842 226 136
85-0-1-0.05-50-0 0 2412 34 35 8 7 0.7448 0.0354 168 158
85-0-1-0.05-50-0 0 2412 5 3 7 5 0.0007 0.4813 226 321
85-0-1-0.05-50-0 0 2413 20 36 7 1 0.9922 0.8162 102 165
85-0-1-0.05-50-0 0 2413 40 5 1 6 0.9739 0.0007 104 226
85-0-1-0.05-50-0 0 2414 29 22 2 3 0.6728 0.0160 177 311
85-0-1-0.05-50-0 0 2414 31 5 2 5 0.5626 0.0007 252 226
85-0-1-0.05-50-0 0 2415 38 18 6 6 0.6163 0.2181 270 226
85-0-1-0.05-50-0 0 2415 5 44 4 3 0.0007 0.7034 226 118
85-0-1-0.05-50-0 0 2416 4 11 1 10 0.0723 0.0504 351 384
85-0-1-0.05-50-0 0 2416 13 14 3 3 0.8878 0.8451 151 105
85-0-1-0.05-50-0 0 2417 39 16 3 1 0.2187 0.2228 309 149
85-0-1-0.05-50-0 0 2417 46 35 8 8 0.3451 0.0354 327 158
85-0-1-0.05-50-0 0 2418 18 20 7 8 0.2181 0.9922 226 102
85-0-1-0.05-50-0 0 2418 18 20 7 7 0.2181 0.9922 226 102
85-0-1-0.05-50-0 0 2419 22 11 1 8 0.0160 0.0504 311 384
85-0-1-0.05-50-0 0 2419 13 38 3 7 0.8878 0.6163 151 270
85-0-1-0.05-50-0 0 2420 34 38 12 5 0.7448 0.6163 168 270
85-0-1-0.05-50-0 0 2420 13 35 3 6 0.8878 0.0354 151 158
85-0-1-0.05-50-0 0 2421 18 5 6 4 0.2181 0.0007 226 226
85-0-1-0.05-50-0 0 2421 20 41 9 2 0.9922 0.9621 102 105
85-0-1-0.05-50-0 0 2422 11 31 9 1 0.0504 0.5626 384 252
85-0-1-0.05-50-0 0 2422 46 43 13 3 0.3451 0.8316 327 123
85-0-1-0.05-50-0 0 2423 20 20 9 9 0.9922 0.9922 102 102
85-0-1-0.05-50-0 0 2423 37 9 12 4 0.8481 0.6134 127 161
85-0-1-0.05-50-0 0 2424 22 11 1 9 0.0160 0.0504 311 384
85-0-1-0.05-50-0 0 2424 5 20 3 7 0.0007 0.9922 226 102
85-0-1-0.05-50-0 0 2425 34 38 14 4 0.7448 0.6163 168 270
85-0-1-0.05-50-0 0 2425 22 27 1 5 0.0160 0.0776 311 149
85-0-1-0.05-50-0 0 2426 37 35 12 3 0.8481 0.0354 127 158
85-0-1-0.05-50-0 0 2426 13 8 3 4 0.8878 0.2506 151 303
85-0-1-0.05-50-0 0 2427 11 11 10 10 0.0504 0.0504 384 384
85-0-1-0.05-50-0 0 2427 34 11 15 9 0.7448 0.0504 168 384
85-0-1-0.05-50-0 0 2428 46 3 13 9 0.3451 0.4813 327 321
85-0-1-0.05-50-0 0 2428 34 18 17 5 0.7448 0.2181 168 226
85-0-1-0.05-50-0 0 2429 7 34 2 17 0.9267 0.7448 106 168
85-0-1-0.05-50-0 0 2429 49 37 2 11 0.1842 0.8481 136 127
85-0-1-0.05-50-0 0 2430 27 30 6 1 0.0776 0.6008 149 266
85-0-1-0.05-50-0 0 2430 46 25 15 4 0.3451 0.9430 327 125
85-0-1-0.05-50-0 0 2431 20 3 7 8 0.9922 0.4813 102 321
85-0-1-0.05-50-0 0 2431 5 34 4 14 0.0007 0.7448 226 168
85-0-1-0.05-50-0 0 2432 4 14 1 2 0.0723 0.8451 351 105
85-0-1-0.05-50-0 0 2432 3 5 8 4 0.4813 0.0007 321 226
85-0-1-0.05-50-0 0 2433 46 8 17 2 0.3451 0.2506 327 303
85-0-1-0.05-50-0 0 2433 37 13 7 5 0.8481 0.8878 127 151
85-0-1-0.05-50-0 0 2434 34 37 13 8 0.7448 0.8481 168 127
85-0-1-0.05-50-0 0 2434 9 21 2 2 0.6134 0.4184 161 158
85-0-1-0.05-50-0 0 2435 3 34 10 12 0.4813 0.7448 321 168
85-0-1-0.05-50-0 0 2435 27 34 8 11 0.0776 0.7448 149 168
85-0-1-0.05-50-0 0 2436 46 38 18 6 0.3451 0.6163 327 270
85-0-1-0.05-50-0 0 2436 43 25 2 3 0.8316 0.9430 123 125
85-0-1-0.05-50-0 0 2437 46 36 18 1 0.3451 0.8162 327 165
85-0-1-0.05-50-0 0 2437 3 38 11 5 0.4813 0.6163 321 270
85-0-1-0.05-50-0 0 2438 37 20 7 8 0.8481 0.9922 127 102
85-0-1-0.05-50-0 0 2438 20 27 7 8 0.9922 0.0776 102 149
85-0-1-0.05-50-0 0 2439 18 46 6 20 0.2181 0.3451 226 327
85-0-1-0.05-50-0 0 2439 46 18 19 6 0.3451 0.2181 327 226
85-0-1-0.05-50-0 0 2440 3 46 10 21 0.4813 0.3451 321 327
85-0-1-0.05-50-0 0 2440 49 5 2 5 0.1842 0.0007 136 226
85-0-1-0.05-50-0 0 2441 49 35 1 3 0.1842 0.0354 136 158
85-0-1-0.05-50-0 0 2441 22 46 2 21 0.0160 0.3451 311 327
85-0-1-0.05-50-0 0 2442 4 38 1 4 0.0723 0.6163 351 270
85-0-1-0.05-50-0 0 2442 11 46 8 20 0.0504 0.3451 384 327
85-0-1-0.05-50-0 0 2443 39 37 2 8 0.2187 0.8481 309 127
85-0-1-0.05-50-0 0 2443 20 34 9 9 0.9922 0.7448 102 168
85-0-1-0.05-50-0 0 2444 21 14 1 2 0.4184 0.8451 158 105
85-0-1-0.05-50-0 0 2444 5 11 6 8 0.0007 0.0504 226 384
85-0-1-0.05-50-0 0 2445 43 21 3 1 0.8316 0.4184 123 158
85-0-1-0.05-50-0 0 2445 29 6 3 2 0.6728 0.4266 177 249
85-0-1-0.05-50-0 0 2446 9 46 4 19 0.6134 0.3451 161 327
85-0-1-0.05-50-0 0 2446 37 46 6 18 0.8481 0.3451 127 327
85-0-1-0.05-50-0 0 2447 3 5 12 7 0.4813 0.0007 321 226
85-0-1-0.05-50-0 0 2447 27 22 12 3 0.0776 0.0160 149 311
85-0-1-0.05-50-0 0 2448 7 27 2 12 0.9267 0.0776 106 149
85-0-1-0.05-50-0 0 2448 34 37 9 6 0.7448 0.8481 168 127
85-0-1-0.05-50-0 0 2449 13 37 2 5 0.8878 0.8481 151 127
85-0-1-0.05-50-0 0 2449 34 5 9 5 0.7448 0.0007 168 226
85-0-1-0.05-50-0 0 2450 11 46 8 21 0.0504 0.3451 384 327
85-0-1-0.05-50-0 0 2450 46 11 20 8 0.3451 0.0504 327 384
85-0-1-0.05-50-0 0 2451 49 20 3 9 0.1842 0.9922 136 102
85-0-1-0.05-50-0 0 2451 3 3 12 12 0.4813 0.4813 321 321
85-0-1-0.05-50-0 0 2452 34 27 6 8 0.7448 0.0776 168 149
85-0-1-0.05-50-0 0 2452 27 46 7 20 0.0776 0.3451 149 327
85-0-1-0.05-50-0 0 2453 5 9 7 4 0.0007 0.6134 226 161
85-0-1-0.05-50-0 0 2453 27 39 7 3 0.0776 0.2187 149 309
85-0-1-0.05-50-0 0 2454 46 27 18 10 0.3451 0.0776 327 149
85-0-1-0.05-50-0 0 2454 29 20 2 10 0.6728 0.9922 177 102
85-0-1-0.05-50-0 0 2455 37 9 4 3 0.8481 0.6134 127 161
85-0-1-0.05-50-0 0 2455 29 43 2 3 0.6728 0.8316 177 123
85-0-1-0.05-50-0 0 2456 3 11 11 8 0.4813 0.0504 321 384
85-0-1-0.05-50-0 0 2456 22 46 1 19 0.0160 0.3451 311 327
85-0-1-0.05-50-0 0 2457 27 27 10 10 0.0776 0.0776 149 149
85-0-1-0.05-50-0 0 2457 46 1 19 1 0.3451 0.2520 327 409
85-0-1-0.05-50-0 0 2458 3 15 11 1 0.4813 0.7918 321 149
85-0-1-0.05-50-0 0 2458 41 43 3 2 0.9621 0.8316 105 123
85-0-1-0.05-50-0 0 2459 22 3 1 12 0.0160 0.4813 311 321
85-0-1-0.05-50-0 0 2459 5 46 6 21 0.0007 0.3451 226 327
85-0-1-0.05-50-0 0 2460 10 37 2 4 0.2533 0.8481 449 127
85-0-1-0.05-50-0 0 2460 46 46 21 21 0.3451 0.3451 327 327
85-0-1-0.05-50-0 0 2461 38 35 5 7 0.6163 0.0354 270 158
85-0-1-0.05-50-0 0 2461 34 38 8 5 0.7448 0.6163 168 270
85-0-1-0.05-50-0 0 2462 18 48 10 1 0.2181 0.1153 226 334
85-0-1-0.05-50-0 0 2462 10 5 2 8 0.2533 0.0007 449 226
85-0-1-0.05-50-0 0 2463 27 35 13 7 0.0776 0.0354 149 158
85-0-1-0.05-50-0 0 2463 46 34 18 8 0.3451 0.7448 327 168
85-0-1-0.05-50-0 0 2464 49 27 2 13 0.1842 0.0776 136 149
85-0-1-0.05-50-0 0 2464 35 16 6 1 0.0354 0.2228 158 149
85-0-1-0.05-50-0 0 2465 49 38 4 3 0.1842 0.6163 136 270
85-0-1-0.05-50-0 0 2465 46 20 18 13 0.3451 0.9922 327 102
85-0-1-0.05-50-0 0 2466 33 18 1 9 0.6893 0.2181 191 226
85-0-1-0.05-50-0 0 2466 3 3 11 11 0.4813 0.4813 321 321
85-0-1-0.05-50-0 0 2467 18 41 7 5 0.2181 0.9621 226 105
85-0-1-0.05-50-0 0 2467 34 46 6 19 0.7448 0.3451 168 327
85-0-1-0.05-50-0 0 2468 5 18 8 7 0.0007 0.2181 226 226
85-0-1-0.05-50-0 0 2468 46 5 17 8 0.3451 0.0007 327 226
85-0-1-0.05-50-0 0 2469 5 3 7 13 0.0007 0.4813 226 321
85-0-1-0.05-50-0 0 2469 27 20 11 11 0.0776 0.9922 149 102
85-0-1-0.05-50-0 0 2470 46 18 17 7 0.3451 0.2181 327 226
85-0-1-0.05-50-0 0 2470 5 28 7 3 0.0007 0.3846 226 311
85-0-1-0.05-50-0 0 2471 5 3 7 14 0.0007 0.4813 226 321
85-0-1-0.05-50-0 0 2471 20 20 11 11 0.9922 0.9922 102 102
85-0-1-0.05-50-0 0 2472 34 46 5 17 0.7448 0.3451 168 327
85-0-1-0.05-50-0 0 2472 41 18 6 7 0.9621 0.2181 105 226
85-0-1-0.05-50-0 0 2473 46 38 16 5 0.3451 0.6163 327 270
85-0-1-0.05-50-0 0 2473 3 40 14 2 0.4813 0.9739 321 104
85-0-1-0.05-50-0 0 2474 20 43 12 1 0.9922 0.8316 102 123
85-0-1-0.05-50-0 0 2474 27 3 13 15 0.0776 0.4813 149 321
85-0-1-0.05-50-0 0 2475 3 35 14 7 0.4813 0.0354 321 158
85-0-1-0.05-50-0 0 2475 25 19 5 2 0.9430 0.8072 125 134
85-0-1-0.05-50-0 0 2476 25 11 5 4 0.9430 0.0504 125 384
85-0-1-0.05-50-0 0 2476 20 41 13 9 0.9922 0.9621 102 105
85-0-1-0.05-50-0 0 2477 27 44 17 1 0.0776 0.7034 149 118
85-0-1-0.05-50-0 0 2477 46 3 18 14 0.3451 0.4813 327 321
85-0-1-0.05-50-0 0 2478 46 20 18 14 0.3451 0.9922 327 102
85-0-1-0.05-50-0 0 2478 46 27 18 18 0.3451 0.0776 327 149
85-0-1-0.05-50-0 0 2479 30 18 4 6 0.6008 0.2181 266 226
85-0-1-0.05-50-0 0 2479 35 20 7 12 0.0354 0.9922 158 102
85-0-1-0.05-50-0 0 2480 46 46 18 18 0.3451 0.3451 327 327
85-0-1-0.05-50-0 0 2480 27 40 18 2 0.0776 0.9739 149 104
85-0-1-0.05-50-0 0 2481 49 8 4 2 0.1842 0.2506 136 303
85-0-1-0.05-50-0 0 2481 3 35 13 7 0.4813 0.0354 321 158
85-0-1-0.05-50-0 0 2482 46 31 18 3 0.3451 0.5626 327 252
85-0-1-0.05-50-0 0 2482 18 41 5 12 0.2181 0.9621 226 105
85-0-1-0.05-50-0 0 2483 7 20 3 13 0.9267 0.9922 106 102
85-0-1-0.05-50-0 0 2483 37 42 4 2 0.8481 0.7447 127 106
85-0-1-0.05-50-0 0 2483 27 35 17 5 0.0776 0.0354 149 158
85-0-1-0.05-50-0 0 2484 27 49 18 6 0.0776 0.1842 149 136
85-0-1-0.05-50-0 0 2484 3 28 16 5 0.4813 0.3846 321 311
85-0-1-0.05-50-0 0 2484 38 18 6 6 0.6163 0.2181 270 226
85-0-1-0.05-50-0 0 2485 27 13 20 2 0.0776 0.8878 149 151
85-0-1-0.05-50-0 0 2485 28 28 4 4 0.3846 0.3846 311 311
85-0-1-0.05-50-0 0 2485 38 18 6 5 0.6163 0.2181 270 226
85-0-1-0.05-50-0 0 2486 37 27 5 18 0.8481 0.0776 127 149
85-0-1-0.05-50-0 0 2486 21 18 1 4 0.4184 0.2181 158 226
85-0-1-0.05-50-0 0 2486 41 11 14 1 0.9621 0.0504 105 384
85-0-1-0.05-50-0 0 2487 27 41 17 15 0.0776 0.9621 149 105
85-0-1-0.05-50-0 0 2487 38 31 7 2 0.6163 0.5626 270 252
85-0-1-0.05-50-0 0 2487 41 30 14 5 0.9621 0.6008 105 266
85-0-1-0.05-50-0 0 2488 20 3 8 16 0.9922 0.4813 102 321
85-0-1-0.05-50-0 0 2488 41 8 14 2 0.9621 0.2506 105 303
85-0-1-0.05-50-0 0 2488 5 27 8 17 0.0007 0.0776 226 149
85-0-1-0.05-50-0 0 2489 49 31 6 2 0.1842 0.5626 136 252
85-0-1-0.05-50-0 0 2489 33 5 5 8 0.6893 0.0007 191 226
85-0-1-0.05-50-0 0 2489 28 27 4 16 0.3846 0.0776 311 149
85-0-1-0.05-50-0 0 2490 15 25 1 4 0.7918 0.9430 149 125
85-0-1-0.05-50-0 0 2490 27 37 15 5 0.0776 0.8481 149 127
85-0-1-0.05-50-0 0 2490 13 49 1 7 0.8878 0.1842 151 136
85-0-1-0.05-50-0 0 2491 3 20 14 9 0.4813 0.9922 321 102
85-0-1-0.05-50-0 0 2491 27 37 15 3 0.0776 0.8481 149 127
85-0-1-0.05-50-0 0 2491 46 46 27 27 0.3451 0.3451 327 327
85-0-1-0.05-50-0 0 2492 46 46 28 28 0.3451 0.3451 327 327
85-0-1-0.05-50-0 0 2492 3 15 14 1 0.4813 0.7918 321 149
85-0-1-0.05-50-0 0 2492 34 38 6 5 0.7448 0.6163 168 270
85-0-1-0.05-50-0 0 2493 38 34 4 7 0.6163 0.7448 270 168
85-0-1-0.05-50-0 0 2493 33 3 6 14 0.6893 0.4813 191 321
85-0-1-0.05-50-0 0 2493 34 5 6 9 0.7448 0.0007 168 226
85-0-1-0.05-50-0 0 2494 45 41 3 19 0.3816 0.9621 173 105
85-0-1-0.05-50-0 0 2494 5 41 10 18 0.0007 0.9621 226 105
85-0-1-0.05-50-0 0 2494 33 27 6 15 0.6893 0.0776 191 149
85-0-1-0.05-50-0 0 2495 41 30 18 6 0.9621 0.6008 105 266
85-0-1-0.05-50-0 0 2495 33 33 7 7 0.6893 0.6893 191 191
85-0-1-0.05-50-0 0 2495 46 46 32 32 0.3451 0.3451 327 327
85-0-1-0.05-50-0 0 2496 27 41 16 19 0.0776 0.9621 149 105
85-0-1-0.05-50-0 0 2496 40 41 1 18 0.9739 0.9621 104 105
85-0-1-0.05-50-0 0 2496 46 30 31 5 0.3451 0.6008 327 266
85-0-1-0.05-50-0 0 2497 25 46 3 32 0.9430 0.3451 125 327
85-0-1-0.05-50-0 0 2497 41 35 19 5 0.9621 0.0354 105 158
85-0-1-0.05-50-0 0 2497 46 3 31 21 0.3451 0.4813 327 321
85-0-1-0.05-50-0 0 2498 46 27 31 18 0.3451 0.0776 327 149
85-0-1-0.05-50-0 0 2498 41 3 20 20 0.9621 0.4813 105 321
85-0-1-0.05-50-0 0 2498 27 20 17 7 0.0776 0.9922 149 102
85-0-1-0.05-50-0 0 2499 3 41 19 20 0.4813 0.9621 321 105
85-0-1-0.05-50-0 0 2499 46 18 31 4 0.3451 0.2181 327 226
85-0-1-0.05-50-0 0 2499 41 29 19 1 0.9621 0.6728 105 177
85-0-1-0.05-50-0 0 2500 46 10 32 5 0.3451 0.2533 327 449
85-0-1-0.05-50-0 0 2500 19 25 2 3 0.8072 0.9430 134 125
85-0-1-0.05-50-0 0 2500 16 34 1 9 0.2228 0.7448 149 168
