87-1-1-0.05-50-0 1 2302 1 10 409 358 0.2520 0.2533 409 449
87-1-1-0.05-50-0 1 2302 1 1 409 409 0.2520 0.2520 409 409
87-1-1-0.05-50-0 1 2302 1 10 408 357 0.2520 0.2533 409 449
87-1-1-0.05-50-0 1 2302 1 18 408 24 0.2520 0.2181 409 226
87-1-1-0.05-50-0 1 2302 1 10 408 356 0.2520 0.2533 409 449
87-1-1-0.05-50-0 1 2302 1 1 408 408 0.2520 0.2520 409 409
87-1-1-0.05-50-0 1 2302 1 1 407 407 0.2520 0.2520 409 409
87-1-1-0.05-50-0 1 2302 1 10 406 355 0.2520 0.2533 409 449
87-1-1-0.05-50-0 1 2302 1 1 406 406 0.2520 0.2520 409 409
87-1-1-0.05-50-0 1 2302 1 1 405 405 0.2520 0.2520 409 409
87-1-1-0.05-50-0 1 2302 1 10 404 354 0.2520 0.2533 409 449
87-1-1-0.05-50-0 1 2302 1 1 404 404 0.2520 0.2520 409 409
87-1-1-0.05-50-0 1 2302 40 33 104 1 0.9739 0.6893 104 191
87-1-1-0.05-50-0 1 2303 1 1 406 406 0.2520 0.2520 409 409
87-1-1-0.05-50-0 1 2303 1 1 405 405 0.2520 0.2520 409 409
87-1-1-0.05-50-0 1 2303 1 1 404 404 0.2520 0.2520 409 409
87-1-1-0.05-50-0 1 2303 1 10 403 351 0.2520 0.2533 409 449
87-1-1-0.05-50-0 1 2303 1 1 403 403 0.2520 0.2520 409 409
87-1-1-0.05-50-0 1 2303 1 1 402 402 0.2520 0.2520 409 409
87-1-1-0.05-50-0 1 2303 1 1 401 401 0.2520 0.2520 409 409
87-1-1-0.05-50-0 1 2303 1 1 400 400 0.2520 0.2520 409 409
87-1-1-0.05-50-0 1 2304 1 10 408 356 0.2520 0.2533 409 449
87-1-1-0.05-50-0 1 2304 1 10 408 355 0.2520 0.2533 409 449
87-1-1-0.05-50-0 1 2304 1 1 408 408 0.2520 0.2520 409 409
87-1-1-0.05-50-0 1 2304 1 10 407 354 0.2520 0.2533 409 449
87-1-1-0.05-50-0 1 2304 1 1 407 407 0.2520 0.2520 409 409
87-1-1-0.05-50-0 1 2304 1 10 406 353 0.2520 0.2533 409 449
87-1-1-0.05-50-0 1 2304 1 10 406 352 0.2520 0.2533 409 449
87-1-1-0.05-50-0 1 2304 1 10 406 351 0.2520 0.2533 409 449
87-1-1-0.05-50-0 1 2304 1 10 406 350 0.2520 0.2533 409 449
87-1-1-0.05-50-0 1 2305 1 10 402 346 0.2520 0.2533 409 449
87-1-1-0.05-50-0 1 2305 1 10 402 345 0.2520 0.2533 409 449
87-1-1-0.05-50-0 1 2305 1 1 402 402 0.2520 0.2520 409 409
87-1-1-0.05-50-0 1 2305 1 1 401 401 0.2520 0.2520 409 409
87-1-1-0.05-50-0 1 2305 1 1 400 400 0.2520 0.2520 409 409
87-1-1-0.05-50-0 1 2305 1 10 399 344 0.2520 0.2533 409 449
87-1-1-0.05-50-0 1 2305 1 10 399 343 0.2520 0.2533 409 449
87-1-1-0.05-50-0 1 2305 1 1 399 399 0.2520 0.2520 409 409
87-1-1-0.05-50-0 1 2305 1 1 398 398 0.2520 0.2520 409 409
87-1-1-0.05-50-0 1 2305 1 10 397 342 0.2520 0.2533 409 449
87-1-1-0.05-50-0 1 2305 1 10 397 341 0.2520 0.2533 409 449
87-1-1-0.05-50-0 1 2305 1 10 397 340 0.2520 0.2533 409 449
87-1-1-0.05-50-0 1 2305 1 1 397 397 0.2520 0.2520 409 409
87-1-1-0.05-50-0 1 2306 1 1 402 402 0.2520 0.2520 409 409
87-1-1-0.05-50-0 1 2306 1 1 401 401 0.2520 0.2520 409 409
87-1-1-0.05-50-0 1 2306 1 10 400 339 0.2520 0.2533 409 449
87-1-1-0.05-50-0 1 2306 1 10 400 338 0.2520 0.2533 409 449
87-1-1-0.05-50-0 1 2306 1 10 400 337 0.2520 0.2533 409 449
87-1-1-0.05-50-0 1 2306 1 1 400 400 0.2520 0.2520 409 409
87-1-1-0.05-50-0 1 2307 1 10 409 339 0.2520 0.2533 409 449
87-1-1-0.05-50-0 1 2307 1 10 409 338 0.2520 0.2533 409 449
87-1-1-0.05-50-0 1 2307 1 1 409 409 0.2520 0.2520 409 409
87-1-1-0.05-50-0 1 2307 1 1 408 408 0.2520 0.2520 409 409
87-1-1-0.05-50-0 1 2307 1 1 407 407 0.2520 0.2520 409 409
87-1-1-0.05-50-0 1 2307 1 10 406 337 0.2520 0.2533 409 449
87-1-1-0.05-50-0 1 2307 1 10 406 336 0.2520 0.2533 409 449
87-1-1-0.05-50-0 1 2307 2 17 23 2 0.8198 0.6398 167 197
87-1-1-0.05-50-0 1 2308 1 18 409 21 0.2520 0.2181 409 226
87-1-1-0.05-50-0 1 2308 1 1 409 409 0.2520 0.2520 409 409
87-1-1-0.05-50-0 1 2308 1 1 408 408 0.2520 0.2520 409 409
87-1-1-0.05-50-0 1 2308 1 1 407 407 0.2520 0.2520 409 409
87-1-1-0.05-50-0 1 2308 1 10 406 336 0.2520 0.2533 409 449
87-1-1-0.05-50-0 1 2308 1 1 406 406 0.2520 0.2520 409 409
87-1-1-0.05-50-0 1 2308 41 22 57 1 0.9621 0.0160 105 311
87-1-1-0.05-50-0 1 2308 1 1 405 405 0.2520 0.2520 409 409
87-1-1-0.05-50-0 1 2308 1 1 404 404 0.2520 0.2520 409 409
87-1-1-0.05-50-0 1 2308 1 1 403 403 0.2520 0.2520 409 409
87-1-1-0.05-50-0 1 2308 1 18 402 20 0.2520 0.2181 409 226
87-1-1-0.05-50-0 1 2309 1 1 407 407 0.2520 0.2520 409 409
87-1-1-0.05-50-0 1 2309 1 1 406 406 0.2520 0.2520 409 409
87-1-1-0.05-50-0 1 2309 1 50 405 25 0.2520 0.2147 409 147
87-1-1-0.05-50-0 1 2309 1 1 405 405 0.2520 0.2520 409 409
87-1-1-0.05-50-0 1 2309 10 27 338 1 0.2533 0.0776 449 149
87-1-1-0.05-50-0 1 2309 1 1 404 404 0.2520 0.2520 409 409
87-1-1-0.05-50-0 1 2309 1 50 403 24 0.2520 0.2147 409 147
87-1-1-0.05-50-0 1 2309 1 1 403 403 0.2520 0.2520 409 409
87-1-1-0.05-50-0 1 2309 1 1 402 402 0.2520 0.2520 409 409
87-1-1-0.05-50-0 1 2309 1 50 401 23 0.2520 0.2147 409 147
87-1-1-0.05-50-0 1 2309 1 10 401 338 0.2520 0.2533 409 449
87-1-1-0.05-50-0 1 2309 1 1 401 401 0.2520 0.2520 409 409
87-1-1-0.05-50-0 1 2310 1 1 399 399 0.2520 0.2520 409 409
87-1-1-0.05-50-0 1 2310 1 1 398 398 0.2520 0.2520 409 409
87-1-1-0.05-50-0 1 2310 1 10 397 345 0.2520 0.2533 409 449
87-1-1-0.05-50-0 1 2310 1 1 397 397 0.2520 0.2520 409 409
87-1-1-0.05-50-0 1 2310 41 11 57 1 0.9621 0.0504 105 384
87-1-1-0.05-50-0 1 2310 1 10 396 344 0.2520 0.2533 409 449
87-1-1-0.05-50-0 1 2310 1 10 396 343 0.2520 0.2533 409 449
87-1-1-0.05-50-0 1 2311 1 10 400 347 0.2520 0.2533 409 449
87-1-1-0.05-50-0 1 2311 1 1 400 400 0.2520 0.2520 409 409
87-1-1-0.05-50-0 1 2311 1 1 399 399 0.2520 0.2520 409 409
87-1-1-0.05-50-0 1 2311 1 10 398 346 0.2520 0.2533 409 449
87-1-1-0.05-50-0 1 2311 1 10 398 345 0.2520 0.2533 409 449
87-1-1-0.05-50-0 1 2312 1 1 409 409 0.2520 0.2520 409 409
87-1-1-0.05-50-0 1 2312 1 1 408 408 0.2520 0.2520 409 409
87-1-1-0.05-50-0 1 2312 1 10 407 352 0.2520 0.2533 409 449
87-1-1-0.05-50-0 1 2312 1 10 407 351 0.2520 0.2533 409 449
87-1-1-0.05-50-0 1 2312 1 10 407 350 0.2520 0.2533 409 449
87-1-1-0.05-50-0 1 2312 1 10 407 349 0.2520 0.2533 409 449
87-1-1-0.05-50-0 1 2312 1 1 407 407 0.2520 0.2520 409 409
87-1-1-0.05-50-0 1 2312 1 1 406 406 0.2520 0.2520 409 409
87-1-1-0.05-50-0 1 2312 1 10 405 348 0.2520 0.2533 409 449
87-1-1-0.05-50-0 1 2312 40 28 99 1 0.9739 0.3846 104 311
87-1-1-0.05-50-0 1 2312 1 1 405 405 0.2520 0.2520 409 409
87-1-1-0.05-50-0 1 2313 1 10 409 351 0.2520 0.2533 409 449
87-1-1-0.05-50-0 1 2313 1 10 409 350 0.2520 0.2533 409 449
87-1-1-0.05-50-0 1 2313 1 1 409 409 0.2520 0.2520 409 409
87-1-1-0.05-50-0 1 2313 1 1 408 408 0.2520 0.2520 409 409
87-1-1-0.05-50-0 1 2313 1 1 407 407 0.2520 0.2520 409 409
87-1-1-0.05-50-0 1 2313 1 1 406 406 0.2520 0.2520 409 409
87-1-1-0.05-50-0 1 2313 1 1 405 405 0.2520 0.2520 409 409
87-1-1-0.05-50-0 1 2313 1 16 404 3 0.2520 0.2228 409 149
87-1-1-0.05-50-0 1 2313 1 1 404 404 0.2520 0.2520 409 409
87-1-1-0.05-50-0 1 2313 1 10 403 349 0.2520 0.2533 409 449
87-1-1-0.05-50-0 1 2313 1 10 403 348 0.2520 0.2533 409 449
87-1-1-0.05-50-0 1 2314 1 10 405 355 0.2520 0.2533 409 449
87-1-1-0.05-50-0 1 2314 1 10 405 354 0.2520 0.2533 409 449
87-1-1-0.05-50-0 1 2314 1 10 405 353 0.2520 0.2533 409 449
87-1-1-0.05-50-0 1 2314 1 1 405 405 0.2520 0.2520 409 409
87-1-1-0.05-50-0 1 2314 1 10 404 352 0.2520 0.2533 409 449
87-1-1-0.05-50-0 1 2314 1 10 404 351 0.2520 0.2533 409 449
87-1-1-0.05-50-0 1 2314 1 10 404 350 0.2520 0.2533 409 449
87-1-1-0.05-50-0 1 2314 1 1 404 404 0.2520 0.2520 409 409
87-1-1-0.05-50-0 1 2314 1 1 403 403 0.2520 0.2520 409 409
87-1-1-0.05-50-0 1 2314 1 1 402 402 0.2520 0.2520 409 409
87-1-1-0.05-50-0 1 2314 1 10 401 349 0.2520 0.2533 409 449
87-1-1-0.05-50-0 1 2315 1 10 408 361 0.2520 0.2533 409 449
87-1-1-0.05-50-0 1 2315 1 1 408 408 0.2520 0.2520 409 409
87-1-1-0.05-50-0 1 2315 1 10 407 360 0.2520 0.2533 409 449
87-1-1-0.05-50-0 1 2315 1 10 407 359 0.2520 0.2533 409 449
87-1-1-0.05-50-0 1 2315 1 10 407 358 0.2520 0.2533 409 449
87-1-1-0.05-50-0 1 2315 1 1 407 407 0.2520 0.2520 409 409
87-1-1-0.05-50-0 1 2315 1 10 406 357 0.2520 0.2533 409 449
87-1-1-0.05-50-0 1 2316 40 21 98 2 0.9739 0.4184 104 158
87-1-1-0.05-50-0 1 2316 1 10 409 353 0.2520 0.2533 409 449
87-1-1-0.05-50-0 1 2316 1 1 409 409 0.2520 0.2520 409 409
87-1-1-0.05-50-0 1 2316 41 4 64 1 0.9621 0.0723 105 351
87-1-1-0.05-50-0 1 2316 1 50 408 27 0.2520 0.2147 409 147
87-1-1-0.05-50-0 1 2316 1 10 408 352 0.2520 0.2533 409 449
87-1-1-0.05-50-0 1 2316 1 1 408 408 0.2520 0.2520 409 409
87-1-1-0.05-50-0 1 2316 1 10 407 351 0.2520 0.2533 409 449
87-1-1-0.05-50-0 1 2317 1 1 404 404 0.2520 0.2520 409 409
87-1-1-0.05-50-0 1 2317 1 1 403 403 0.2520 0.2520 409 409
87-1-1-0.05-50-0 1 2317 1 1 402 402 0.2520 0.2520 409 409
87-1-1-0.05-50-0 1 2317 1 50 401 26 0.2520 0.2147 409 147
87-1-1-0.05-50-0 1 2317 1 1 401 401 0.2520 0.2520 409 409
87-1-1-0.05-50-0 1 2317 1 10 400 353 0.2520 0.2533 409 449
87-1-1-0.05-50-0 1 2318 1 10 405 353 0.2520 0.2533 409 449
87-1-1-0.05-50-0 1 2318 1 10 405 352 0.2520 0.2533 409 449
87-1-1-0.05-50-0 1 2318 1 10 405 351 0.2520 0.2533 409 449
87-1-1-0.05-50-0 1 2318 40 17 95 1 0.9739 0.6398 104 197
87-1-1-0.05-50-0 1 2318 1 1 405 405 0.2520 0.2520 409 409
87-1-1-0.05-50-0 1 2318 1 10 404 350 0.2520 0.2533 409 449
87-1-1-0.05-50-0 1 2318 1 1 404 404 0.2520 0.2520 409 409
87-1-1-0.05-50-0 1 2319 20 21 89 1 0.9922 0.4184 102 158
87-1-1-0.05-50-0 1 2319 1 1 400 400 0.2520 0.2520 409 409
87-1-1-0.05-50-0 1 2319 1 1 399 399 0.2520 0.2520 409 409
87-1-1-0.05-50-0 1 2319 1 10 398 352 0.2520 0.2533 409 449
87-1-1-0.05-50-0 1 2319 1 18 398 15 0.2520 0.2181 409 226
87-1-1-0.05-50-0 1 2319 1 1 398 398 0.2520 0.2520 409 409
87-1-1-0.05-50-0 1 2319 1 1 397 397 0.2520 0.2520 409 409
87-1-1-0.05-50-0 1 2319 1 1 396 396 0.2520 0.2520 409 409
87-1-1-0.05-50-0 1 2319 1 10 395 351 0.2520 0.2533 409 449
87-1-1-0.05-50-0 1 2319 1 1 395 395 0.2520 0.2520 409 409
87-1-1-0.05-50-0 1 2319 1 10 394 350 0.2520 0.2533 409 449
87-1-1-0.05-50-0 1 2319 1 10 394 349 0.2520 0.2533 409 449
87-1-1-0.05-50-0 1 2319 1 1 394 394 0.2520 0.2520 409 409
87-1-1-0.05-50-0 1 2320 40 34 95 1 0.9739 0.7448 104 168
87-1-1-0.05-50-0 1 2320 1 1 397 397 0.2520 0.2520 409 409
87-1-1-0.05-50-0 1 2320 1 18 396 12 0.2520 0.2181 409 226
87-1-1-0.05-50-0 1 2320 1 1 396 396 0.2520 0.2520 409 409
87-1-1-0.05-50-0 1 2321 1 1 406 406 0.2520 0.2520 409 409
87-1-1-0.05-50-0 1 2321 1 1 405 405 0.2520 0.2520 409 409
87-1-1-0.05-50-0 1 2321 1 1 404 404 0.2520 0.2520 409 409
87-1-1-0.05-50-0 1 2321 1 50 403 31 0.2520 0.2147 409 147
87-1-1-0.05-50-0 1 2321 1 1 403 403 0.2520 0.2520 409 409
87-1-1-0.05-50-0 1 2321 1 1 402 402 0.2520 0.2520 409 409
87-1-1-0.05-50-0 1 2321 1 1 401 401 0.2520 0.2520 409 409
87-1-1-0.05-50-0 1 2321 1 1 400 400 0.2520 0.2520 409 409
87-1-1-0.05-50-0 1 2321 1 50 399 30 0.2520 0.2147 409 147
87-1-1-0.05-50-0 1 2322 1 10 401 361 0.2520 0.2533 409 449
87-1-1-0.05-50-0 1 2322 1 10 401 360 0.2520 0.2533 409 449
87-1-1-0.05-50-0 1 2322 1 1 401 401 0.2520 0.2520 409 409
87-1-1-0.05-50-0 1 2322 1 1 400 400 0.2520 0.2520 409 409
87-1-1-0.05-50-0 1 2322 1 10 399 359 0.2520 0.2533 409 449
87-1-1-0.05-50-0 1 2322 1 10 399 358 0.2520 0.2533 409 449
87-1-1-0.05-50-0 1 2322 1 10 399 357 0.2520 0.2533 409 449
87-1-1-0.05-50-0 1 2322 1 1 399 399 0.2520 0.2520 409 409
87-1-1-0.05-50-0 1 2323 1 1 405 405 0.2520 0.2520 409 409
87-1-1-0.05-50-0 1 2323 1 1 404 404 0.2520 0.2520 409 409
87-1-1-0.05-50-0 1 2323 1 10 403 356 0.2520 0.2533 409 449
87-1-1-0.05-50-0 1 2323 1 1 403 403 0.2520 0.2520 409 409
87-1-1-0.05-50-0 1 2323 1 50 402 31 0.2520 0.2147 409 147
87-1-1-0.05-50-0 1 2323 1 50 402 30 0.2520 0.2147 409 147
87-1-1-0.05-50-0 1 2323 1 1 402 402 0.2520 0.2520 409 409
87-1-1-0.05-50-0 1 2324 1 1 409 409 0.2520 0.2520 409 409
87-1-1-0.05-50-0 1 2324 1 10 408 361 0.2520 0.2533 409 449
87-1-1-0.05-50-0 1 2324 1 1 408 408 0.2520 0.2520 409 409
87-1-1-0.05-50-0 1 2324 1 10 407 360 0.2520 0.2533 409 449
87-1-1-0.05-50-0 1 2324 1 1 407 407 0.2520 0.2520 409 409
87-1-1-0.05-50-0 1 2324 1 10 406 359 0.2520 0.2533 409 449
87-1-1-0.05-50-0 1 2324 1 10 406 358 0.2520 0.2533 409 449
87-1-1-0.05-50-0 1 2325 1 1 409 409 0.2520 0.2520 409 409
87-1-1-0.05-50-0 1 2325 1 1 408 408 0.2520 0.2520 409 409
87-1-1-0.05-50-0 1 2325 1 50 407 29 0.2520 0.2147 409 147
87-1-1-0.05-50-0 1 2325 1 1 407 407 0.2520 0.2520 409 409
87-1-1-0.05-50-0 1 2325 1 10 406 362 0.2520 0.2533 409 449
87-1-1-0.05-50-0 1 2325 1 10 406 361 0.2520 0.2533 409 449
87-1-1-0.05-50-0 1 2325 1 1 406 406 0.2520 0.2520 409 409
87-1-1-0.05-50-0 1 2326 1 1 403 403 0.2520 0.2520 409 409
87-1-1-0.05-50-0 1 2326 1 1 402 402 0.2520 0.2520 409 409
87-1-1-0.05-50-0 1 2326 1 1 401 401 0.2520 0.2520 409 409
87-1-1-0.05-50-0 1 2326 1 1 400 400 0.2520 0.2520 409 409
87-1-1-0.05-50-0 1 2326 1 10 399 363 0.2520 0.2533 409 449
87-1-1-0.05-50-0 1 2326 1 1 399 399 0.2520 0.2520 409 409
87-1-1-0.05-50-0 1 2326 20 6 91 1 0.9922 0.4266 102 249
87-1-1-0.05-50-0 1 2326 1 1 398 398 0.2520 0.2520 409 409
87-1-1-0.05-50-0 1 2327 1 50 400 29 0.2520 0.2147 409 147
87-1-1-0.05-50-0 1 2327 1 50 400 28 0.2520 0.2147 409 147
87-1-1-0.05-50-0 1 2327 1 10 400 370 0.2520 0.2533 409 449
87-1-1-0.05-50-0 1 2327 1 1 400 400 0.2520 0.2520 409 409
87-1-1-0.05-50-0 1 2327 1 1 399 399 0.2520 0.2520 409 409
87-1-1-0.05-50-0 1 2327 1 10 398 369 0.2520 0.2533 409 449
87-1-1-0.05-50-0 1 2327 1 10 398 368 0.2520 0.2533 409 449
87-1-1-0.05-50-0 1 2327 1 10 398 367 0.2520 0.2533 409 449
87-1-1-0.05-50-0 1 2327 1 1 398 398 0.2520 0.2520 409 409
87-1-1-0.05-50-0 1 2328 1 1 397 397 0.2520 0.2520 409 409
87-1-1-0.05-50-0 1 2328 1 10 396 366 0.2520 0.2533 409 449
87-1-1-0.05-50-0 1 2328 1 1 396 396 0.2520 0.2520 409 409
87-1-1-0.05-50-0 1 2328 1 10 395 365 0.2520 0.2533 409 449
87-1-1-0.05-50-0 1 2328 26 46 7 1 0.8171 0.3451 141 327
87-1-1-0.05-50-0 1 2328 1 1 395 395 0.2520 0.2520 409 409
87-1-1-0.05-50-0 1 2328 1 10 394 364 0.2520 0.2533 409 449
87-1-1-0.05-50-0 1 2329 1 10 396 364 0.2520 0.2533 409 449
87-1-1-0.05-50-0 1 2329 20 33 91 2 0.9922 0.6893 102 191
87-1-1-0.05-50-0 1 2329 1 10 396 363 0.2520 0.2533 409 449
87-1-1-0.05-50-0 1 2329 1 1 396 396 0.2520 0.2520 409 409
87-1-1-0.05-50-0 1 2329 1 10 395 362 0.2520 0.2533 409 449
87-1-1-0.05-50-0 1 2329 1 1 395 395 0.2520 0.2520 409 409
87-1-1-0.05-50-0 1 2329 10 27 361 1 0.2533 0.0776 449 149
87-1-1-0.05-50-0 1 2329 1 1 394 394 0.2520 0.2520 409 409
87-1-1-0.05-50-0 1 2330 1 1 408 408 0.2520 0.2520 409 409
87-1-1-0.05-50-0 1 2330 1 10 407 365 0.2520 0.2533 409 449
87-1-1-0.05-50-0 1 2330 1 1 407 407 0.2520 0.2520 409 409
87-1-1-0.05-50-0 1 2330 1 10 406 364 0.2520 0.2533 409 449
87-1-1-0.05-50-0 1 2330 1 10 406 363 0.2520 0.2533 409 449
87-1-1-0.05-50-0 1 2330 1 1 406 406 0.2520 0.2520 409 409
87-1-1-0.05-50-0 1 2330 1 10 405 362 0.2520 0.2533 409 449
87-1-1-0.05-50-0 1 2330 36 2 5 34 0.8162 0.8198 165 167
87-1-1-0.05-50-0 1 2330 1 1 405 405 0.2520 0.2520 409 409
87-1-1-0.05-50-0 1 2331 1 1 403 403 0.2520 0.2520 409 409
87-1-1-0.05-50-0 1 2331 1 1 402 402 0.2520 0.2520 409 409
87-1-1-0.05-50-0 1 2331 1 1 401 401 0.2520 0.2520 409 409
87-1-1-0.05-50-0 1 2331 1 1 400 400 0.2520 0.2520 409 409
87-1-1-0.05-50-0 1 2331 1 1 399 399 0.2520 0.2520 409 409
87-1-1-0.05-50-0 1 2331 1 1 398 398 0.2520 0.2520 409 409
87-1-1-0.05-50-0 1 2331 40 33 104 2 0.9739 0.6893 104 191
87-1-1-0.05-50-0 1 2332 1 1 398 398 0.2520 0.2520 409 409
87-1-1-0.05-50-0 1 2332 1 10 397 370 0.2520 0.2533 409 449
87-1-1-0.05-50-0 1 2332 1 10 397 369 0.2520 0.2533 409 449
87-1-1-0.05-50-0 1 2332 1 10 397 368 0.2520 0.2533 409 449
87-1-1-0.05-50-0 1 2332 1 10 397 367 0.2520 0.2533 409 449
87-1-1-0.05-50-0 1 2332 1 10 397 366 0.2520 0.2533 409 449
87-1-1-0.05-50-0 1 2332 1 10 397 365 0.2520 0.2533 409 449
87-1-1-0.05-50-0 1 2332 1 1 397 397 0.2520 0.2520 409 409
87-1-1-0.05-50-0 1 2332 1 10 396 364 0.2520 0.2533 409 449
87-1-1-0.05-50-0 1 2332 1 1 396 396 0.2520 0.2520 409 409
87-1-1-0.05-50-0 1 2332 1 1 395 395 0.2520 0.2520 409 409
87-1-1-0.05-50-0 1 2332 1 10 394 363 0.2520 0.2533 409 449
87-1-1-0.05-50-0 1 2333 50 48 28 2 0.2147 0.1153 147 334
87-1-1-0.05-50-0 1 2333 1 1 398 398 0.2520 0.2520 409 409
87-1-1-0.05-50-0 1 2333 1 1 397 397 0.2520 0.2520 409 409
87-1-1-0.05-50-0 1 2333 1 1 396 396 0.2520 0.2520 409 409
87-1-1-0.05-50-0 1 2333 1 1 395 395 0.2520 0.2520 409 409
87-1-1-0.05-50-0 1 2333 1 1 394 394 0.2520 0.2520 409 409
87-1-1-0.05-50-0 1 2333 1 1 393 393 0.2520 0.2520 409 409
87-1-1-0.05-50-0 1 2333 1 18 392 7 0.2520 0.2181 409 226
87-1-1-0.05-50-0 1 2334 40 3 104 1 0.9739 0.4813 104 321
87-1-1-0.05-50-0 1 2334 1 1 396 396 0.2520 0.2520 409 409
87-1-1-0.05-50-0 1 2334 1 1 395 395 0.2520 0.2520 409 409
87-1-1-0.05-50-0 1 2334 41 4 85 3 0.9621 0.0723 105 351
87-1-1-0.05-50-0 1 2334 1 10 394 368 0.2520 0.2533 409 449
87-1-1-0.05-50-0 1 2334 1 1 394 394 0.2520 0.2520 409 409
87-1-1-0.05-50-0 1 2334 20 33 91 1 0.9922 0.6893 102 191
87-1-1-0.05-50-0 1 2335 1 1 400 400 0.2520 0.2520 409 409
87-1-1-0.05-50-0 1 2335 18 48 6 1 0.2181 0.1153 226 334
87-1-1-0.05-50-0 1 2335 1 10 399 371 0.2520 0.2533 409 449
87-1-1-0.05-50-0 1 2335 41 4 84 2 0.9621 0.0723 105 351
87-1-1-0.05-50-0 1 2335 1 1 399 399 0.2520 0.2520 409 409
87-1-1-0.05-50-0 1 2336 1 10 406 383 0.2520 0.2533 409 449
87-1-1-0.05-50-0 1 2336 1 1 406 406 0.2520 0.2520 409 409
87-1-1-0.05-50-0 1 2336 1 50 405 29 0.2520 0.2147 409 147
87-1-1-0.05-50-0 1 2336 1 1 405 405 0.2520 0.2520 409 409
87-1-1-0.05-50-0 1 2336 1 10 404 382 0.2520 0.2533 409 449
87-1-1-0.05-50-0 1 2336 1 10 404 381 0.2520 0.2533 409 449
87-1-1-0.05-50-0 1 2336 1 1 404 404 0.2520 0.2520 409 409
87-1-1-0.05-50-0 1 2337 1 49 409 3 0.2520 0.1842 409 136
87-1-1-0.05-50-0 1 2337 1 1 409 409 0.2520 0.2520 409 409
87-1-1-0.05-50-0 1 2337 1 10 408 390 0.2520 0.2533 409 449
87-1-1-0.05-50-0 1 2337 1 10 408 389 0.2520 0.2533 409 449
87-1-1-0.05-50-0 1 2337 1 1 408 408 0.2520 0.2520 409 409
87-1-1-0.05-50-0 1 2337 1 1 407 407 0.2520 0.2520 409 409
87-1-1-0.05-50-0 1 2337 1 10 406 388 0.2520 0.2533 409 449
87-1-1-0.05-50-0 1 2338 1 10 409 387 0.2520 0.2533 409 449
87-1-1-0.05-50-0 1 2338 1 10 409 386 0.2520 0.2533 409 449
87-1-1-0.05-50-0 1 2338 40 3 104 1 0.9739 0.4813 104 321
87-1-1-0.05-50-0 1 2338 1 1 409 409 0.2520 0.2520 409 409
87-1-1-0.05-50-0 1 2338 1 10 408 385 0.2520 0.2533 409 449
87-1-1-0.05-50-0 1 2338 1 10 408 384 0.2520 0.2533 409 449
87-1-1-0.05-50-0 1 2338 1 1 408 408 0.2520 0.2520 409 409
87-1-1-0.05-50-0 1 2338 1 10 407 383 0.2520 0.2533 409 449
87-1-1-0.05-50-0 1 2338 1 10 407 382 0.2520 0.2533 409 449
87-1-1-0.05-50-0 1 2339 41 4 89 2 0.9621 0.0723 105 351
87-1-1-0.05-50-0 1 2339 1 10 409 383 0.2520 0.2533 409 449
87-1-1-0.05-50-0 1 2339 1 10 409 382 0.2520 0.2533 409 449
87-1-1-0.05-50-0 1 2339 1 10 409 381 0.2520 0.2533 409 449
87-1-1-0.05-50-0 1 2339 1 1 409 409 0.2520 0.2520 409 409
87-1-1-0.05-50-0 1 2339 1 1 408 408 0.2520 0.2520 409 409
87-1-1-0.05-50-0 1 2339 1 1 407 407 0.2520 0.2520 409 409
87-1-1-0.05-50-0 1 2339 1 1 406 406 0.2520 0.2520 409 409
87-1-1-0.05-50-0 1 2339 1 1 405 405 0.2520 0.2520 409 409
87-1-1-0.05-50-0 1 2339 1 1 404 404 0.2520 0.2520 409 409
87-1-1-0.05-50-0 1 2339 1 1 403 403 0.2520 0.2520 409 409
87-1-1-0.05-50-0 1 2339 1 1 402 402 0.2520 0.2520 409 409
87-1-1-0.05-50-0 1 2340 1 10 406 392 0.2520 0.2533 409 449
87-1-1-0.05-50-0 1 2340 1 1 406 406 0.2520 0.2520 409 409
87-1-1-0.05-50-0 1 2340 1 10 405 391 0.2520 0.2533 409 449
87-1-1-0.05-50-0 1 2340 1 1 405 405 0.2520 0.2520 409 409
87-1-1-0.05-50-0 1 2340 1 10 404 390 0.2520 0.2533 409 449
87-1-1-0.05-50-0 1 2340 1 10 404 389 0.2520 0.2533 409 449
87-1-1-0.05-50-0 1 2340 1 10 404 388 0.2520 0.2533 409 449
87-1-1-0.05-50-0 1 2340 1 1 404 404 0.2520 0.2520 409 409
87-1-1-0.05-50-0 1 2340 1 1 403 403 0.2520 0.2520 409 409
87-1-1-0.05-50-0 1 2340 1 10 402 387 0.2520 0.2533 409 449
87-1-1-0.05-50-0 1 2341 1 1 406 406 0.2520 0.2520 409 409
87-1-1-0.05-50-0 1 2341 1 10 405 391 0.2520 0.2533 409 449
87-1-1-0.05-50-0 1 2341 41 4 89 1 0.9621 0.0723 105 351
87-1-1-0.05-50-0 1 2341 1 10 405 390 0.2520 0.2533 409 449
87-1-1-0.05-50-0 1 2341 1 1 405 405 0.2520 0.2520 409 409
87-1-1-0.05-50-0 1 2341 1 1 404 404 0.2520 0.2520 409 409
87-1-1-0.05-50-0 1 2341 1 1 403 403 0.2520 0.2520 409 409
87-1-1-0.05-50-0 1 2342 1 1 408 408 0.2520 0.2520 409 409
87-1-1-0.05-50-0 1 2342 1 1 407 407 0.2520 0.2520 409 409
87-1-1-0.05-50-0 1 2342 1 10 406 394 0.2520 0.2533 409 449
87-1-1-0.05-50-0 1 2342 1 1 406 406 0.2520 0.2520 409 409
87-1-1-0.05-50-0 1 2342 1 50 405 27 0.2520 0.2147 409 147
87-1-1-0.05-50-0 1 2342 1 50 405 26 0.2520 0.2147 409 147
87-1-1-0.05-50-0 1 2342 1 50 405 25 0.2520 0.2147 409 147
87-1-1-0.05-50-0 1 2343 1 10 409 403 0.2520 0.2533 409 449
87-1-1-0.05-50-0 1 2343 1 10 409 402 0.2520 0.2533 409 449
87-1-1-0.05-50-0 1 2343 1 10 409 401 0.2520 0.2533 409 449
87-1-1-0.05-50-0 1 2343 1 10 409 400 0.2520 0.2533 409 449
87-1-1-0.05-50-0 1 2343 36 36 7 7 0.8162 0.8162 165 165
87-1-1-0.05-50-0 1 2343 1 10 409 399 0.2520 0.2533 409 449
87-1-1-0.05-50-0 1 2343 1 10 409 398 0.2520 0.2533 409 449
87-1-1-0.05-50-0 1 2343 1 10 409 397 0.2520 0.2533 409 449
87-1-1-0.05-50-0 1 2343 1 10 409 396 0.2520 0.2533 409 449
87-1-1-0.05-50-0 1 2343 1 10 409 395 0.2520 0.2533 409 449
87-1-1-0.05-50-0 1 2344 1 1 409 409 0.2520 0.2520 409 409
87-1-1-0.05-50-0 1 2344 2 30 52 1 0.8198 0.6008 167 266
87-1-1-0.05-50-0 1 2344 1 1 408 408 0.2520 0.2520 409 409
87-1-1-0.05-50-0 1 2344 1 10 407 394 0.2520 0.2533 409 449
87-1-1-0.05-50-0 1 2344 1 10 407 393 0.2520 0.2533 409 449
87-1-1-0.05-50-0 1 2344 1 1 407 407 0.2520 0.2520 409 409
87-1-1-0.05-50-0 1 2344 1 1 406 406 0.2520 0.2520 409 409
87-1-1-0.05-50-0 1 2344 1 1 405 405 0.2520 0.2520 409 409
87-1-1-0.05-50-0 1 2344 1 1 404 404 0.2520 0.2520 409 409
87-1-1-0.05-50-0 1 2344 40 6 102 1 0.9739 0.4266 104 249
87-1-1-0.05-50-0 1 2345 1 10 409 394 0.2520 0.2533 409 449
87-1-1-0.05-50-0 1 2345 1 1 409 409 0.2520 0.2520 409 409
87-1-1-0.05-50-0 1 2345 1 1 408 408 0.2520 0.2520 409 409
87-1-1-0.05-50-0 1 2345 1 10 407 393 0.2520 0.2533 409 449
87-1-1-0.05-50-0 1 2345 1 1 407 407 0.2520 0.2520 409 409
87-1-1-0.05-50-0 1 2345 1 10 406 392 0.2520 0.2533 409 449
87-1-1-0.05-50-0 1 2345 1 1 406 406 0.2520 0.2520 409 409
87-1-1-0.05-50-0 1 2345 1 10 405 391 0.2520 0.2533 409 449
87-1-1-0.05-50-0 1 2345 1 10 405 390 0.2520 0.2533 409 449
87-1-1-0.05-50-0 1 2345 1 1 405 405 0.2520 0.2520 409 409
87-1-1-0.05-50-0 1 2346 1 10 409 388 0.2520 0.2533 409 449
87-1-1-0.05-50-0 1 2346 1 10 409 387 0.2520 0.2533 409 449
87-1-1-0.05-50-0 1 2346 1 10 409 386 0.2520 0.2533 409 449
87-1-1-0.05-50-0 1 2346 1 10 409 385 0.2520 0.2533 409 449
87-1-1-0.05-50-0 1 2346 1 1 409 409 0.2520 0.2520 409 409
87-1-1-0.05-50-0 1 2346 1 10 408 384 0.2520 0.2533 409 449
87-1-1-0.05-50-0 1 2346 1 10 408 383 0.2520 0.2533 409 449
87-1-1-0.05-50-0 1 2346 1 10 408 382 0.2520 0.2533 409 449
87-1-1-0.05-50-0 1 2346 1 10 408 381 0.2520 0.2533 409 449
87-1-1-0.05-50-0 1 2346 1 10 408 380 0.2520 0.2533 409 449
87-1-1-0.05-50-0 1 2347 1 10 407 377 0.2520 0.2533 409 449
87-1-1-0.05-50-0 1 2347 1 10 407 376 0.2520 0.2533 409 449
87-1-1-0.05-50-0 1 2347 1 10 407 375 0.2520 0.2533 409 449
87-1-1-0.05-50-0 1 2347 1 1 407 407 0.2520 0.2520 409 409
87-1-1-0.05-50-0 1 2347 1 1 406 406 0.2520 0.2520 409 409
87-1-1-0.05-50-0 1 2347 1 10 405 374 0.2520 0.2533 409 449
87-1-1-0.05-50-0 1 2347 1 1 405 405 0.2520 0.2520 409 409
87-1-1-0.05-50-0 1 2347 1 1 404 404 0.2520 0.2520 409 409
87-1-1-0.05-50-0 1 2347 1 10 403 373 0.2520 0.2533 409 449
87-1-1-0.05-50-0 1 2348 41 35 87 1 0.9621 0.0354 105 158
87-1-1-0.05-50-0 1 2349 1 1 409 409 0.2520 0.2520 409 409
87-1-1-0.05-50-0 1 2349 1 10 408 384 0.2520 0.2533 409 449
87-1-1-0.05-50-0 1 2349 1 10 408 383 0.2520 0.2533 409 449
87-1-1-0.05-50-0 1 2349 1 1 408 408 0.2520 0.2520 409 409
87-1-1-0.05-50-0 1 2349 1 1 407 407 0.2520 0.2520 409 409
87-1-1-0.05-50-0 1 2349 1 1 406 406 0.2520 0.2520 409 409
87-1-1-0.05-50-0 1 2349 1 10 405 382 0.2520 0.2533 409 449
87-1-1-0.05-50-0 1 2349 1 1 405 405 0.2520 0.2520 409 409
87-1-1-0.05-50-0 1 2349 1 1 404 404 0.2520 0.2520 409 409
87-1-1-0.05-50-0 1 2350 1 50 409 31 0.2520 0.2147 409 147
87-1-1-0.05-50-0 1 2350 1 10 409 378 0.2520 0.2533 409 449
87-1-1-0.05-50-0 1 2350 1 8 409 7 0.2520 0.2506 409 303
87-1-1-0.05-50-0 1 2350 1 10 409 377 0.2520 0.2533 409 449
87-1-1-0.05-50-0 1 2350 1 16 409 5 0.2520 0.2228 409 149
87-1-1-0.05-50-0 1 2350 20 38 90 1 0.9922 0.6163 102 270
87-1-1-0.05-50-0 1 2350 1 1 409 409 0.2520 0.2520 409 409
87-1-1-0.05-50-0 1 2351 1 1 409 409 0.2520 0.2520 409 409
87-1-1-0.05-50-0 1 2351 1 10 408 380 0.2520 0.2533 409 449
87-1-1-0.05-50-0 1 2351 1 1 408 408 0.2520 0.2520 409 409
87-1-1-0.05-50-0 1 2351 1 10 407 379 0.2520 0.2533 409 449
87-1-1-0.05-50-0 1 2351 1 10 407 378 0.2520 0.2533 409 449
87-1-1-0.05-50-0 1 2351 1 1 407 407 0.2520 0.2520 409 409
87-1-1-0.05-50-0 1 2352 1 10 406 384 0.2520 0.2533 409 449
87-1-1-0.05-50-0 1 2352 1 1 406 406 0.2520 0.2520 409 409
87-1-1-0.05-50-0 1 2352 1 1 405 405 0.2520 0.2520 409 409
87-1-1-0.05-50-0 1 2352 1 8 404 6 0.2520 0.2506 409 303
87-1-1-0.05-50-0 1 2352 1 10 404 383 0.2520 0.2533 409 449
87-1-1-0.05-50-0 1 2352 1 10 404 382 0.2520 0.2533 409 449
87-1-1-0.05-50-0 1 2352 1 1 404 404 0.2520 0.2520 409 409
87-1-1-0.05-50-0 1 2352 1 10 403 381 0.2520 0.2533 409 449
87-1-1-0.05-50-0 1 2352 1 1 403 403 0.2520 0.2520 409 409
87-1-1-0.05-50-0 1 2352 1 10 402 380 0.2520 0.2533 409 449
87-1-1-0.05-50-0 1 2353 1 50 401 33 0.2520 0.2147 409 147
87-1-1-0.05-50-0 1 2353 1 10 401 383 0.2520 0.2533 409 449
87-1-1-0.05-50-0 1 2353 1 1 401 401 0.2520 0.2520 409 409
87-1-1-0.05-50-0 1 2353 1 10 400 382 0.2520 0.2533 409 449
87-1-1-0.05-50-0 1 2353 1 10 400 381 0.2520 0.2533 409 449
87-1-1-0.05-50-0 1 2353 1 50 400 32 0.2520 0.2147 409 147
87-1-1-0.05-50-0 1 2353 1 1 400 400 0.2520 0.2520 409 409
87-1-1-0.05-50-0 1 2354 1 1 399 399 0.2520 0.2520 409 409
87-1-1-0.05-50-0 1 2354 1 10 398 380 0.2520 0.2533 409 449
87-1-1-0.05-50-0 1 2354 1 1 398 398 0.2520 0.2520 409 409
87-1-1-0.05-50-0 1 2354 1 10 397 379 0.2520 0.2533 409 449
87-1-1-0.05-50-0 1 2354 1 10 397 378 0.2520 0.2533 409 449
87-1-1-0.05-50-0 1 2354 1 18 397 10 0.2520 0.2181 409 226
87-1-1-0.05-50-0 1 2355 1 1 406 406 0.2520 0.2520 409 409
87-1-1-0.05-50-0 1 2355 1 50 405 31 0.2520 0.2147 409 147
87-1-1-0.05-50-0 1 2355 1 10 405 382 0.2520 0.2533 409 449
87-1-1-0.05-50-0 1 2355 1 1 405 405 0.2520 0.2520 409 409
87-1-1-0.05-50-0 1 2355 1 10 404 381 0.2520 0.2533 409 449
87-1-1-0.05-50-0 1 2355 1 1 404 404 0.2520 0.2520 409 409
87-1-1-0.05-50-0 1 2355 1 10 403 380 0.2520 0.2533 409 449
87-1-1-0.05-50-0 1 2355 1 1 403 403 0.2520 0.2520 409 409
87-1-1-0.05-50-0 1 2356 1 10 406 388 0.2520 0.2533 409 449
87-1-1-0.05-50-0 1 2356 1 10 406 387 0.2520 0.2533 409 449
87-1-1-0.05-50-0 1 2356 1 10 406 386 0.2520 0.2533 409 449
87-1-1-0.05-50-0 1 2356 1 10 406 385 0.2520 0.2533 409 449
87-1-1-0.05-50-0 1 2356 1 1 406 406 0.2520 0.2520 409 409
87-1-1-0.05-50-0 1 2356 1 10 405 384 0.2520 0.2533 409 449
87-1-1-0.05-50-0 1 2356 1 1 405 405 0.2520 0.2520 409 409
87-1-1-0.05-50-0 1 2356 1 1 404 404 0.2520 0.2520 409 409
87-1-1-0.05-50-0 1 2356 7 31 91 1 0.9267 0.5626 106 252
87-1-1-0.05-50-0 1 2357 1 10 409 385 0.2520 0.2533 409 449
87-1-1-0.05-50-0 1 2357 1 1 409 409 0.2520 0.2520 409 409
87-1-1-0.05-50-0 1 2357 1 10 408 384 0.2520 0.2533 409 449
87-1-1-0.05-50-0 1 2357 1 10 408 383 0.2520 0.2533 409 449
87-1-1-0.05-50-0 1 2357 1 10 408 382 0.2520 0.2533 409 449
87-1-1-0.05-50-0 1 2357 1 1 408 408 0.2520 0.2520 409 409
87-1-1-0.05-50-0 1 2357 1 10 407 381 0.2520 0.2533 409 449
87-1-1-0.05-50-0 1 2357 20 32 85 2 0.9922 0.6514 102 215
87-1-1-0.05-50-0 1 2357 1 10 407 380 0.2520 0.2533 409 449
87-1-1-0.05-50-0 1 2357 20 6 85 1 0.9922 0.4266 102 249
87-1-1-0.05-50-0 1 2357 1 1 407 407 0.2520 0.2520 409 409
87-1-1-0.05-50-0 1 2357 1 1 406 406 0.2520 0.2520 409 409
87-1-1-0.05-50-0 1 2358 1 10 406 383 0.2520 0.2533 409 449
87-1-1-0.05-50-0 1 2358 1 1 406 406 0.2520 0.2520 409 409
87-1-1-0.05-50-0 1 2358 1 1 405 405 0.2520 0.2520 409 409
87-1-1-0.05-50-0 1 2358 1 1 404 404 0.2520 0.2520 409 409
87-1-1-0.05-50-0 1 2358 1 10 403 382 0.2520 0.2533 409 449
87-1-1-0.05-50-0 1 2358 1 10 403 381 0.2520 0.2533 409 449
87-1-1-0.05-50-0 1 2358 1 10 403 380 0.2520 0.2533 409 449
87-1-1-0.05-50-0 1 2358 1 1 403 403 0.2520 0.2520 409 409
87-1-1-0.05-50-0 1 2359 1 10 407 386 0.2520 0.2533 409 449
87-1-1-0.05-50-0 1 2359 1 1 407 407 0.2520 0.2520 409 409
87-1-1-0.05-50-0 1 2359 1 10 406 385 0.2520 0.2533 409 449
87-1-1-0.05-50-0 1 2359 1 1 406 406 0.2520 0.2520 409 409
87-1-1-0.05-50-0 1 2360 1 1 409 409 0.2520 0.2520 409 409
87-1-1-0.05-50-0 1 2360 1 10 408 392 0.2520 0.2533 409 449
87-1-1-0.05-50-0 1 2360 1 50 408 32 0.2520 0.2147 409 147
87-1-1-0.05-50-0 1 2360 1 10 408 391 0.2520 0.2533 409 449
87-1-1-0.05-50-0 1 2360 1 1 408 408 0.2520 0.2520 409 409
87-1-1-0.05-50-0 1 2360 1 10 407 390 0.2520 0.2533 409 449
87-1-1-0.05-50-0 1 2360 1 10 407 389 0.2520 0.2533 409 449
87-1-1-0.05-50-0 1 2360 1 10 407 388 0.2520 0.2533 409 449
87-1-1-0.05-50-0 1 2360 1 10 407 387 0.2520 0.2533 409 449
87-1-1-0.05-50-0 1 2360 1 1 407 407 0.2520 0.2520 409 409
87-1-1-0.05-50-0 1 2361 36 2 8 65 0.8162 0.8198 165 167
87-1-1-0.05-50-0 1 2361 1 1 409 409 0.2520 0.2520 409 409
87-1-1-0.05-50-0 1 2361 1 10 408 380 0.2520 0.2533 409 449
87-1-1-0.05-50-0 1 2361 1 1 408 408 0.2520 0.2520 409 409
87-1-1-0.05-50-0 1 2361 1 1 407 407 0.2520 0.2520 409 409
87-1-1-0.05-50-0 1 2361 1 1 406 406 0.2520 0.2520 409 409
87-1-1-0.05-50-0 1 2361 1 1 405 405 0.2520 0.2520 409 409
87-1-1-0.05-50-0 1 2361 1 10 404 379 0.2520 0.2533 409 449
87-1-1-0.05-50-0 1 2362 1 1 409 409 0.2520 0.2520 409 409
87-1-1-0.05-50-0 1 2362 1 1 408 408 0.2520 0.2520 409 409
87-1-1-0.05-50-0 1 2362 1 1 407 407 0.2520 0.2520 409 409
87-1-1-0.05-50-0 1 2362 1 10 406 379 0.2520 0.2533 409 449
87-1-1-0.05-50-0 1 2362 1 10 406 378 0.2520 0.2533 409 449
87-1-1-0.05-50-0 1 2362 1 1 406 406 0.2520 0.2520 409 409
87-1-1-0.05-50-0 1 2362 1 1 405 405 0.2520 0.2520 409 409
87-1-1-0.05-50-0 1 2362 1 1 404 404 0.2520 0.2520 409 409
87-1-1-0.05-50-0 1 2362 1 10 403 377 0.2520 0.2533 409 449
87-1-1-0.05-50-0 1 2362 42 1 1 403 0.7447 0.2520 106 409
87-1-1-0.05-50-0 1 2362 1 10 402 376 0.2520 0.2533 409 449
87-1-1-0.05-50-0 1 2362 1 1 402 402 0.2520 0.2520 409 409
87-1-1-0.05-50-0 1 2362 1 10 401 375 0.2520 0.2533 409 449
87-1-1-0.05-50-0 1 2363 1 1 409 409 0.2520 0.2520 409 409
87-1-1-0.05-50-0 1 2363 1 10 408 378 0.2520 0.2533 409 449
87-1-1-0.05-50-0 1 2363 1 10 408 377 0.2520 0.2533 409 449
87-1-1-0.05-50-0 1 2363 40 46 88 1 0.9739 0.3451 104 327
87-1-1-0.05-50-0 1 2363 1 10 408 376 0.2520 0.2533 409 449
87-1-1-0.05-50-0 1 2363 1 10 408 375 0.2520 0.2533 409 449
87-1-1-0.05-50-0 1 2363 40 45 88 1 0.9739 0.3816 104 173
87-1-1-0.05-50-0 1 2363 2 32 66 1 0.8198 0.6514 167 215
87-1-1-0.05-50-0 1 2363 1 1 408 408 0.2520 0.2520 409 409
87-1-1-0.05-50-0 1 2363 1 1 407 407 0.2520 0.2520 409 409
87-1-1-0.05-50-0 1 2364 1 10 409 378 0.2520 0.2533 409 449
87-1-1-0.05-50-0 1 2364 1 10 409 377 0.2520 0.2533 409 449
87-1-1-0.05-50-0 1 2364 36 26 9 12 0.8162 0.8171 165 141
87-1-1-0.05-50-0 1 2364 1 1 409 409 0.2520 0.2520 409 409
87-1-1-0.05-50-0 1 2364 1 10 408 376 0.2520 0.2533 409 449
87-1-1-0.05-50-0 1 2364 1 10 408 375 0.2520 0.2533 409 449
87-1-1-0.05-50-0 1 2364 1 1 408 408 0.2520 0.2520 409 409
87-1-1-0.05-50-0 1 2364 1 1 407 407 0.2520 0.2520 409 409
87-1-1-0.05-50-0 1 2364 1 1 406 406 0.2520 0.2520 409 409
87-1-1-0.05-50-0 1 2365 1 1 409 409 0.2520 0.2520 409 409
87-1-1-0.05-50-0 1 2365 1 1 408 408 0.2520 0.2520 409 409
87-1-1-0.05-50-0 1 2365 1 10 407 371 0.2520 0.2533 409 449
87-1-1-0.05-50-0 1 2365 1 10 407 370 0.2520 0.2533 409 449
87-1-1-0.05-50-0 1 2365 1 50 407 38 0.2520 0.2147 409 147
87-1-1-0.05-50-0 1 2365 1 10 407 369 0.2520 0.2533 409 449
87-1-1-0.05-50-0 1 2365 1 10 407 368 0.2520 0.2533 409 449
87-1-1-0.05-50-0 1 2366 20 31 98 1 0.9922 0.5626 102 252
87-1-1-0.05-50-0 1 2366 1 1 404 404 0.2520 0.2520 409 409
87-1-1-0.05-50-0 1 2366 1 10 403 379 0.2520 0.2533 409 449
87-1-1-0.05-50-0 1 2366 1 1 403 403 0.2520 0.2520 409 409
87-1-1-0.05-50-0 1 2366 1 1 402 402 0.2520 0.2520 409 409
87-1-1-0.05-50-0 1 2366 1 10 401 378 0.2520 0.2533 409 449
87-1-1-0.05-50-0 1 2366 36 2 9 74 0.8162 0.8198 165 167
87-1-1-0.05-50-0 1 2366 1 1 401 401 0.2520 0.2520 409 409
87-1-1-0.05-50-0 1 2366 1 1 400 400 0.2520 0.2520 409 409
87-1-1-0.05-50-0 1 2366 1 8 399 6 0.2520 0.2506 409 303
87-1-1-0.05-50-0 1 2366 2 30 73 1 0.8198 0.6008 167 266
87-1-1-0.05-50-0 1 2367 1 10 398 386 0.2520 0.2533 409 449
87-1-1-0.05-50-0 1 2367 1 10 398 385 0.2520 0.2533 409 449
87-1-1-0.05-50-0 1 2367 1 10 398 384 0.2520 0.2533 409 449
87-1-1-0.05-50-0 1 2367 1 1 398 398 0.2520 0.2520 409 409
87-1-1-0.05-50-0 1 2367 1 10 397 383 0.2520 0.2533 409 449
87-1-1-0.05-50-0 1 2367 1 10 397 382 0.2520 0.2533 409 449
87-1-1-0.05-50-0 1 2367 1 10 397 381 0.2520 0.2533 409 449
87-1-1-0.05-50-0 1 2367 1 24 397 4 0.2520 0.1940 409 254
87-1-1-0.05-50-0 1 2367 1 10 397 380 0.2520 0.2533 409 449
87-1-1-0.05-50-0 1 2367 1 1 397 397 0.2520 0.2520 409 409
87-1-1-0.05-50-0 1 2368 1 1 400 400 0.2520 0.2520 409 409
87-1-1-0.05-50-0 1 2368 1 10 399 380 0.2520 0.2533 409 449
87-1-1-0.05-50-0 1 2368 1 1 399 399 0.2520 0.2520 409 409
87-1-1-0.05-50-0 1 2368 40 30 92 1 0.9739 0.6008 104 266
87-1-1-0.05-50-0 1 2368 1 50 398 36 0.2520 0.2147 409 147
87-1-1-0.05-50-0 1 2368 1 1 398 398 0.2520 0.2520 409 409
87-1-1-0.05-50-0 1 2368 1 1 397 397 0.2520 0.2520 409 409
87-1-1-0.05-50-0 1 2368 1 1 396 396 0.2520 0.2520 409 409
87-1-1-0.05-50-0 1 2368 1 10 395 379 0.2520 0.2533 409 449
87-1-1-0.05-50-0 1 2369 1 10 409 384 0.2520 0.2533 409 449
87-1-1-0.05-50-0 1 2369 1 10 409 383 0.2520 0.2533 409 449
87-1-1-0.05-50-0 1 2369 1 1 409 409 0.2520 0.2520 409 409
87-1-1-0.05-50-0 1 2369 1 1 408 408 0.2520 0.2520 409 409
87-1-1-0.05-50-0 1 2369 1 1 407 407 0.2520 0.2520 409 409
87-1-1-0.05-50-0 1 2369 1 1 406 406 0.2520 0.2520 409 409
87-1-1-0.05-50-0 1 2369 1 1 405 405 0.2520 0.2520 409 409
87-1-1-0.05-50-0 1 2369 1 10 404 382 0.2520 0.2533 409 449
87-1-1-0.05-50-0 1 2369 1 10 404 381 0.2520 0.2533 409 449
87-1-1-0.05-50-0 1 2370 1 1 409 409 0.2520 0.2520 409 409
87-1-1-0.05-50-0 1 2370 1 10 408 384 0.2520 0.2533 409 449
87-1-1-0.05-50-0 1 2370 1 10 408 383 0.2520 0.2533 409 449
87-1-1-0.05-50-0 1 2370 1 10 408 382 0.2520 0.2533 409 449
87-1-1-0.05-50-0 1 2370 1 10 408 381 0.2520 0.2533 409 449
87-1-1-0.05-50-0 1 2370 36 2 10 70 0.8162 0.8198 165 167
87-1-1-0.05-50-0 1 2370 1 1 408 408 0.2520 0.2520 409 409
87-1-1-0.05-50-0 1 2370 1 1 407 407 0.2520 0.2520 409 409
87-1-1-0.05-50-0 1 2371 1 1 409 409 0.2520 0.2520 409 409
87-1-1-0.05-50-0 1 2371 1 10 408 389 0.2520 0.2533 409 449
87-1-1-0.05-50-0 1 2371 1 10 408 388 0.2520 0.2533 409 449
87-1-1-0.05-50-0 1 2371 1 10 408 387 0.2520 0.2533 409 449
87-1-1-0.05-50-0 1 2371 1 10 408 386 0.2520 0.2533 409 449
87-1-1-0.05-50-0 1 2371 1 10 408 385 0.2520 0.2533 409 449
87-1-1-0.05-50-0 1 2371 1 10 408 384 0.2520 0.2533 409 449
87-1-1-0.05-50-0 1 2371 1 1 408 408 0.2520 0.2520 409 409
87-1-1-0.05-50-0 1 2372 1 10 402 396 0.2520 0.2533 409 449
87-1-1-0.05-50-0 1 2372 1 10 402 395 0.2520 0.2533 409 449
87-1-1-0.05-50-0 1 2372 40 42 96 2 0.9739 0.7447 104 106
87-1-1-0.05-50-0 1 2372 1 10 402 394 0.2520 0.2533 409 449
87-1-1-0.05-50-0 1 2372 1 10 402 393 0.2520 0.2533 409 449
87-1-1-0.05-50-0 1 2372 1 1 402 402 0.2520 0.2520 409 409
87-1-1-0.05-50-0 1 2372 1 10 401 392 0.2520 0.2533 409 449
87-1-1-0.05-50-0 1 2372 1 1 401 401 0.2520 0.2520 409 409
87-1-1-0.05-50-0 1 2373 1 1 404 404 0.2520 0.2520 409 409
87-1-1-0.05-50-0 1 2373 1 1 403 403 0.2520 0.2520 409 409
87-1-1-0.05-50-0 1 2373 1 10 402 395 0.2520 0.2533 409 449
87-1-1-0.05-50-0 1 2373 2 6 71 1 0.8198 0.4266 167 249
87-1-1-0.05-50-0 1 2373 1 1 402 402 0.2520 0.2520 409 409
87-1-1-0.05-50-0 1 2373 1 10 401 394 0.2520 0.2533 409 449
87-1-1-0.05-50-0 1 2373 1 1 401 401 0.2520 0.2520 409 409
87-1-1-0.05-50-0 1 2373 1 8 400 5 0.2520 0.2506 409 303
87-1-1-0.05-50-0 1 2373 1 1 400 400 0.2520 0.2520 409 409
87-1-1-0.05-50-0 1 2373 1 10 399 393 0.2520 0.2533 409 449
87-1-1-0.05-50-0 1 2374 1 10 409 388 0.2520 0.2533 409 449
87-1-1-0.05-50-0 1 2374 1 1 409 409 0.2520 0.2520 409 409
87-1-1-0.05-50-0 1 2374 1 1 408 408 0.2520 0.2520 409 409
87-1-1-0.05-50-0 1 2374 1 10 407 387 0.2520 0.2533 409 449
87-1-1-0.05-50-0 1 2374 1 1 407 407 0.2520 0.2520 409 409
87-1-1-0.05-50-0 1 2374 1 10 406 386 0.2520 0.2533 409 449
87-1-1-0.05-50-0 1 2374 1 1 406 406 0.2520 0.2520 409 409
87-1-1-0.05-50-0 1 2374 1 10 405 385 0.2520 0.2533 409 449
87-1-1-0.05-50-0 1 2375 1 1 409 409 0.2520 0.2520 409 409
87-1-1-0.05-50-0 1 2375 1 1 408 408 0.2520 0.2520 409 409
87-1-1-0.05-50-0 1 2375 1 10 407 385 0.2520 0.2533 409 449
87-1-1-0.05-50-0 1 2375 1 1 407 407 0.2520 0.2520 409 409
87-1-1-0.05-50-0 1 2375 1 1 406 406 0.2520 0.2520 409 409
87-1-1-0.05-50-0 1 2375 1 24 405 3 0.2520 0.1940 409 254
87-1-1-0.05-50-0 1 2375 40 34 96 2 0.9739 0.7448 104 168
87-1-1-0.05-50-0 1 2375 1 1 405 405 0.2520 0.2520 409 409
87-1-1-0.05-50-0 1 2375 10 27 384 1 0.2533 0.0776 449 149
87-1-1-0.05-50-0 1 2375 1 10 404 384 0.2520 0.2533 409 449
87-1-1-0.05-50-0 1 2375 1 1 404 404 0.2520 0.2520 409 409
87-1-1-0.05-50-0 1 2375 1 10 403 383 0.2520 0.2533 409 449
87-1-1-0.05-50-0 1 2376 20 31 92 1 0.9922 0.5626 102 252
87-1-1-0.05-50-0 1 2376 1 10 399 382 0.2520 0.2533 409 449
87-1-1-0.05-50-0 1 2376 1 1 399 399 0.2520 0.2520 409 409
87-1-1-0.05-50-0 1 2376 1 10 398 381 0.2520 0.2533 409 449
87-1-1-0.05-50-0 1 2376 1 50 398 25 0.2520 0.2147 409 147
87-1-1-0.05-50-0 1 2376 1 10 398 380 0.2520 0.2533 409 449
87-1-1-0.05-50-0 1 2376 1 1 398 398 0.2520 0.2520 409 409
87-1-1-0.05-50-0 1 2376 1 10 397 379 0.2520 0.2533 409 449
87-1-1-0.05-50-0 1 2376 1 10 397 378 0.2520 0.2533 409 449
87-1-1-0.05-50-0 1 2376 1 10 397 377 0.2520 0.2533 409 449
87-1-1-0.05-50-0 1 2376 1 1 397 397 0.2520 0.2520 409 409
87-1-1-0.05-50-0 1 2377 1 8 409 8 0.2520 0.2506 409 303
87-1-1-0.05-50-0 1 2377 1 1 409 409 0.2520 0.2520 409 409
87-1-1-0.05-50-0 1 2377 1 10 408 374 0.2520 0.2533 409 449
87-1-1-0.05-50-0 1 2377 1 1 408 408 0.2520 0.2520 409 409
87-1-1-0.05-50-0 1 2377 1 10 407 373 0.2520 0.2533 409 449
87-1-1-0.05-50-0 1 2377 1 1 407 407 0.2520 0.2520 409 409
87-1-1-0.05-50-0 1 2377 20 9 89 2 0.9922 0.6134 102 161
87-1-1-0.05-50-0 1 2377 1 8 406 7 0.2520 0.2506 409 303
87-1-1-0.05-50-0 1 2377 1 1 406 406 0.2520 0.2520 409 409
87-1-1-0.05-50-0 1 2378 1 1 409 409 0.2520 0.2520 409 409
87-1-1-0.05-50-0 1 2378 40 42 100 1 0.9739 0.7447 104 106
87-1-1-0.05-50-0 1 2378 1 1 408 408 0.2520 0.2520 409 409
87-1-1-0.05-50-0 1 2378 1 1 407 407 0.2520 0.2520 409 409
87-1-1-0.05-50-0 1 2378 1 1 406 406 0.2520 0.2520 409 409
87-1-1-0.05-50-0 1 2378 1 1 405 405 0.2520 0.2520 409 409
87-1-1-0.05-50-0 1 2378 1 1 404 404 0.2520 0.2520 409 409
87-1-1-0.05-50-0 1 2378 1 10 403 379 0.2520 0.2533 409 449
87-1-1-0.05-50-0 1 2378 1 10 403 378 0.2520 0.2533 409 449
87-1-1-0.05-50-0 1 2378 1 10 403 377 0.2520 0.2533 409 449
87-1-1-0.05-50-0 1 2378 40 34 100 1 0.9739 0.7448 104 168
87-1-1-0.05-50-0 1 2378 1 10 403 376 0.2520 0.2533 409 449
87-1-1-0.05-50-0 1 2378 1 1 403 403 0.2520 0.2520 409 409
87-1-1-0.05-50-0 1 2378 1 10 402 375 0.2520 0.2533 409 449
87-1-1-0.05-50-0 1 2379 1 1 404 404 0.2520 0.2520 409 409
87-1-1-0.05-50-0 1 2379 1 1 403 403 0.2520 0.2520 409 409
87-1-1-0.05-50-0 1 2379 1 10 402 379 0.2520 0.2533 409 449
87-1-1-0.05-50-0 1 2379 1 10 402 378 0.2520 0.2533 409 449
87-1-1-0.05-50-0 1 2379 1 10 402 377 0.2520 0.2533 409 449
87-1-1-0.05-50-0 1 2379 1 10 402 376 0.2520 0.2533 409 449
87-1-1-0.05-50-0 1 2380 1 10 405 381 0.2520 0.2533 409 449
87-1-1-0.05-50-0 1 2380 1 10 405 380 0.2520 0.2533 409 449
87-1-1-0.05-50-0 1 2380 1 10 405 379 0.2520 0.2533 409 449
87-1-1-0.05-50-0 1 2380 1 10 405 378 0.2520 0.2533 409 449
87-1-1-0.05-50-0 1 2380 1 1 405 405 0.2520 0.2520 409 409
87-1-1-0.05-50-0 1 2380 1 1 404 404 0.2520 0.2520 409 409
87-1-1-0.05-50-0 1 2380 1 10 403 377 0.2520 0.2533 409 449
87-1-1-0.05-50-0 1 2381 1 10 409 383 0.2520 0.2533 409 449
87-1-1-0.05-50-0 1 2381 1 10 409 382 0.2520 0.2533 409 449
87-1-1-0.05-50-0 1 2381 14 41 1 87 0.8451 0.9621 105 105
87-1-1-0.05-50-0 1 2381 41 22 86 2 0.9621 0.0160 105 311
87-1-1-0.05-50-0 1 2381 1 1 409 409 0.2520 0.2520 409 409
87-1-1-0.05-50-0 1 2381 1 50 408 24 0.2520 0.2147 409 147
87-1-1-0.05-50-0 1 2381 1 1 408 408 0.2520 0.2520 409 409
87-1-1-0.05-50-0 1 2382 1 1 409 409 0.2520 0.2520 409 409
87-1-1-0.05-50-0 1 2382 1 10 408 389 0.2520 0.2533 409 449
87-1-1-0.05-50-0 1 2382 1 1 408 408 0.2520 0.2520 409 409
87-1-1-0.05-50-0 1 2382 1 10 407 388 0.2520 0.2533 409 449
87-1-1-0.05-50-0 1 2382 1 10 407 387 0.2520 0.2533 409 449
87-1-1-0.05-50-0 1 2382 1 10 407 386 0.2520 0.2533 409 449
87-1-1-0.05-50-0 1 2382 1 10 407 385 0.2520 0.2533 409 449
87-1-1-0.05-50-0 1 2382 1 1 407 407 0.2520 0.2520 409 409
87-1-1-0.05-50-0 1 2383 1 10 409 379 0.2520 0.2533 409 449
87-1-1-0.05-50-0 1 2383 1 1 409 409 0.2520 0.2520 409 409
87-1-1-0.05-50-0 1 2383 1 10 408 378 0.2520 0.2533 409 449
87-1-1-0.05-50-0 1 2383 1 10 408 377 0.2520 0.2533 409 449
87-1-1-0.05-50-0 1 2384 36 2 13 72 0.8162 0.8198 165 167
87-1-1-0.05-50-0 1 2384 25 35 69 1 0.9430 0.0354 125 158
87-1-1-0.05-50-0 1 2384 1 1 409 409 0.2520 0.2520 409 409
87-1-1-0.05-50-0 1 2384 1 10 408 378 0.2520 0.2533 409 449
87-1-1-0.05-50-0 1 2384 1 16 408 5 0.2520 0.2228 409 149
87-1-1-0.05-50-0 1 2384 1 1 408 408 0.2520 0.2520 409 409
87-1-1-0.05-50-0 1 2384 1 10 407 377 0.2520 0.2533 409 449
87-1-1-0.05-50-0 1 2384 1 10 407 376 0.2520 0.2533 409 449
87-1-1-0.05-50-0 1 2384 1 18 407 19 0.2520 0.2181 409 226
87-1-1-0.05-50-0 1 2384 1 1 407 407 0.2520 0.2520 409 409
87-1-1-0.05-50-0 1 2384 1 1 406 406 0.2520 0.2520 409 409
87-1-1-0.05-50-0 1 2384 1 10 405 375 0.2520 0.2533 409 449
87-1-1-0.05-50-0 1 2384 1 1 405 405 0.2520 0.2520 409 409
87-1-1-0.05-50-0 1 2385 1 1 398 398 0.2520 0.2520 409 409
87-1-1-0.05-50-0 1 2385 36 2 14 71 0.8162 0.8198 165 167
87-1-1-0.05-50-0 1 2385 1 23 397 10 0.2520 0.1698 409 476
87-1-1-0.05-50-0 1 2385 1 10 397 388 0.2520 0.2533 409 449
87-1-1-0.05-50-0 1 2385 1 1 397 397 0.2520 0.2520 409 409
87-1-1-0.05-50-0 1 2385 1 10 396 387 0.2520 0.2533 409 449
87-1-1-0.05-50-0 1 2386 1 1 402 402 0.2520 0.2520 409 409
87-1-1-0.05-50-0 1 2386 1 1 401 401 0.2520 0.2520 409 409
87-1-1-0.05-50-0 1 2386 1 1 400 400 0.2520 0.2520 409 409
87-1-1-0.05-50-0 1 2386 1 50 399 25 0.2520 0.2147 409 147
87-1-1-0.05-50-0 1 2386 1 10 399 393 0.2520 0.2533 409 449
87-1-1-0.05-50-0 1 2386 1 10 399 392 0.2520 0.2533 409 449
87-1-1-0.05-50-0 1 2386 36 2 14 70 0.8162 0.8198 165 167
87-1-1-0.05-50-0 1 2387 14 41 1 93 0.8451 0.9621 105 105
87-1-1-0.05-50-0 1 2387 1 10 409 396 0.2520 0.2533 409 449
87-1-1-0.05-50-0 1 2387 25 22 68 1 0.9430 0.0160 125 311
87-1-1-0.05-50-0 1 2387 1 10 409 395 0.2520 0.2533 409 449
87-1-1-0.05-50-0 1 2387 1 1 409 409 0.2520 0.2520 409 409
87-1-1-0.05-50-0 1 2387 1 1 408 408 0.2520 0.2520 409 409
87-1-1-0.05-50-0 1 2387 16 23 4 8 0.2228 0.1698 149 476
87-1-1-0.05-50-0 1 2387 1 10 407 394 0.2520 0.2533 409 449
87-1-1-0.05-50-0 1 2387 1 10 407 393 0.2520 0.2533 409 449
87-1-1-0.05-50-0 1 2387 1 50 407 24 0.2520 0.2147 409 147
87-1-1-0.05-50-0 1 2387 1 1 407 407 0.2520 0.2520 409 409
87-1-1-0.05-50-0 1 2387 1 1 406 406 0.2520 0.2520 409 409
87-1-1-0.05-50-0 1 2388 40 3 96 1 0.9739 0.4813 104 321
87-1-1-0.05-50-0 1 2388 1 1 409 409 0.2520 0.2520 409 409
87-1-1-0.05-50-0 1 2388 1 8 408 13 0.2520 0.2506 409 303
87-1-1-0.05-50-0 1 2388 1 1 408 408 0.2520 0.2520 409 409
87-1-1-0.05-50-0 1 2388 1 10 407 388 0.2520 0.2533 409 449
87-1-1-0.05-50-0 1 2389 1 10 409 403 0.2520 0.2533 409 449
87-1-1-0.05-50-0 1 2389 1 1 409 409 0.2520 0.2520 409 409
87-1-1-0.05-50-0 1 2389 1 10 408 402 0.2520 0.2533 409 449
87-1-1-0.05-50-0 1 2389 1 1 408 408 0.2520 0.2520 409 409
87-1-1-0.05-50-0 1 2389 1 10 407 401 0.2520 0.2533 409 449
87-1-1-0.05-50-0 1 2389 1 1 407 407 0.2520 0.2520 409 409
87-1-1-0.05-50-0 1 2389 1 10 406 400 0.2520 0.2533 409 449
87-1-1-0.05-50-0 1 2389 1 1 406 406 0.2520 0.2520 409 409
87-1-1-0.05-50-0 1 2389 1 10 405 399 0.2520 0.2533 409 449
87-1-1-0.05-50-0 1 2389 1 10 405 398 0.2520 0.2533 409 449
87-1-1-0.05-50-0 1 2390 1 18 409 18 0.2520 0.2181 409 226
87-1-1-0.05-50-0 1 2390 1 10 409 403 0.2520 0.2533 409 449
87-1-1-0.05-50-0 1 2390 1 10 409 402 0.2520 0.2533 409 449
87-1-1-0.05-50-0 1 2390 1 1 409 409 0.2520 0.2520 409 409
87-1-1-0.05-50-0 1 2390 1 10 408 401 0.2520 0.2533 409 449
87-1-1-0.05-50-0 1 2390 1 1 408 408 0.2520 0.2520 409 409
87-1-1-0.05-50-0 1 2390 1 1 407 407 0.2520 0.2520 409 409
87-1-1-0.05-50-0 1 2390 1 10 406 400 0.2520 0.2533 409 449
87-1-1-0.05-50-0 1 2390 1 1 406 406 0.2520 0.2520 409 409
87-1-1-0.05-50-0 1 2391 1 1 408 408 0.2520 0.2520 409 409
87-1-1-0.05-50-0 1 2391 10 27 412 1 0.2533 0.0776 449 149
87-1-1-0.05-50-0 1 2391 2 31 73 1 0.8198 0.5626 167 252
87-1-1-0.05-50-0 1 2391 36 2 11 73 0.8162 0.8198 165 167
87-1-1-0.05-50-0 1 2392 1 10 406 416 0.2520 0.2533 409 449
87-1-1-0.05-50-0 1 2392 1 50 406 22 0.2520 0.2147 409 147
87-1-1-0.05-50-0 1 2392 1 10 406 415 0.2520 0.2533 409 449
87-1-1-0.05-50-0 1 2392 1 1 406 406 0.2520 0.2520 409 409
87-1-1-0.05-50-0 1 2392 18 48 17 1 0.2181 0.1153 226 334
87-1-1-0.05-50-0 1 2392 1 10 405 414 0.2520 0.2533 409 449
87-1-1-0.05-50-0 1 2392 1 1 405 405 0.2520 0.2520 409 409
87-1-1-0.05-50-0 1 2392 1 1 404 404 0.2520 0.2520 409 409
87-1-1-0.05-50-0 1 2392 1 1 403 403 0.2520 0.2520 409 409
87-1-1-0.05-50-0 1 2392 1 10 402 413 0.2520 0.2533 409 449
87-1-1-0.05-50-0 1 2392 1 10 402 412 0.2520 0.2533 409 449
87-1-1-0.05-50-0 1 2392 1 18 402 17 0.2520 0.2181 409 226
87-1-1-0.05-50-0 1 2392 1 10 402 411 0.2520 0.2533 409 449
87-1-1-0.05-50-0 1 2392 1 1 402 402 0.2520 0.2520 409 409
87-1-1-0.05-50-0 1 2392 1 1 401 401 0.2520 0.2520 409 409
87-1-1-0.05-50-0 1 2393 1 10 407 422 0.2520 0.2533 409 449
87-1-1-0.05-50-0 1 2393 1 1 407 407 0.2520 0.2520 409 409
87-1-1-0.05-50-0 1 2393 1 1 406 406 0.2520 0.2520 409 409
87-1-1-0.05-50-0 1 2393 1 1 405 405 0.2520 0.2520 409 409
87-1-1-0.05-50-0 1 2393 1 10 404 421 0.2520 0.2533 409 449
87-1-1-0.05-50-0 1 2393 1 1 404 404 0.2520 0.2520 409 409
87-1-1-0.05-50-0 1 2393 1 1 403 403 0.2520 0.2520 409 409
87-1-1-0.05-50-0 1 2393 1 1 402 402 0.2520 0.2520 409 409
87-1-1-0.05-50-0 1 2394 1 1 402 402 0.2520 0.2520 409 409
87-1-1-0.05-50-0 1 2394 1 1 401 401 0.2520 0.2520 409 409
87-1-1-0.05-50-0 1 2394 1 10 400 422 0.2520 0.2533 409 449
87-1-1-0.05-50-0 1 2394 1 1 400 400 0.2520 0.2520 409 409
87-1-1-0.05-50-0 1 2394 1 1 399 399 0.2520 0.2520 409 409
87-1-1-0.05-50-0 1 2394 1 10 398 421 0.2520 0.2533 409 449
87-1-1-0.05-50-0 1 2394 1 10 398 420 0.2520 0.2533 409 449
87-1-1-0.05-50-0 1 2395 1 10 403 416 0.2520 0.2533 409 449
87-1-1-0.05-50-0 1 2395 1 10 403 415 0.2520 0.2533 409 449
87-1-1-0.05-50-0 1 2395 1 10 403 414 0.2520 0.2533 409 449
87-1-1-0.05-50-0 1 2395 1 10 403 413 0.2520 0.2533 409 449
87-1-1-0.05-50-0 1 2396 1 1 409 409 0.2520 0.2520 409 409
87-1-1-0.05-50-0 1 2396 1 10 408 419 0.2520 0.2533 409 449
87-1-1-0.05-50-0 1 2396 1 1 408 408 0.2520 0.2520 409 409
87-1-1-0.05-50-0 1 2396 1 1 407 407 0.2520 0.2520 409 409
87-1-1-0.05-50-0 1 2397 40 42 103 1 0.9739 0.7447 104 106
87-1-1-0.05-50-0 1 2397 1 1 404 404 0.2520 0.2520 409 409
87-1-1-0.05-50-0 1 2397 1 10 403 413 0.2520 0.2533 409 449
87-1-1-0.05-50-0 1 2397 1 1 403 403 0.2520 0.2520 409 409
87-1-1-0.05-50-0 1 2397 1 10 402 412 0.2520 0.2533 409 449
87-1-1-0.05-50-0 1 2397 1 10 402 411 0.2520 0.2533 409 449
87-1-1-0.05-50-0 1 2397 1 10 402 410 0.2520 0.2533 409 449
87-1-1-0.05-50-0 1 2397 1 1 402 402 0.2520 0.2520 409 409
87-1-1-0.05-50-0 1 2397 1 1 401 401 0.2520 0.2520 409 409
87-1-1-0.05-50-0 1 2397 1 10 400 409 0.2520 0.2533 409 449
87-1-1-0.05-50-0 1 2398 1 10 400 403 0.2520 0.2533 409 449
87-1-1-0.05-50-0 1 2398 36 2 8 76 0.8162 0.8198 165 167
87-1-1-0.05-50-0 1 2398 1 1 400 400 0.2520 0.2520 409 409
87-1-1-0.05-50-0 1 2398 1 10 399 402 0.2520 0.2533 409 449
87-1-1-0.05-50-0 1 2398 1 10 399 401 0.2520 0.2533 409 449
87-1-1-0.05-50-0 1 2398 1 1 399 399 0.2520 0.2520 409 409
87-1-1-0.05-50-0 1 2398 1 10 398 400 0.2520 0.2533 409 449
87-1-1-0.05-50-0 1 2398 1 1 398 398 0.2520 0.2520 409 409
87-1-1-0.05-50-0 1 2399 1 10 409 404 0.2520 0.2533 409 449
87-1-1-0.05-50-0 1 2399 1 10 409 403 0.2520 0.2533 409 449
87-1-1-0.05-50-0 1 2399 16 24 5 2 0.2228 0.1940 149 254
87-1-1-0.05-50-0 1 2399 1 1 409 409 0.2520 0.2520 409 409
87-1-1-0.05-50-0 1 2399 1 1 408 408 0.2520 0.2520 409 409
87-1-1-0.05-50-0 1 2399 1 10 407 402 0.2520 0.2533 409 449
87-1-1-0.05-50-0 1 2399 1 1 407 407 0.2520 0.2520 409 409
87-1-1-0.05-50-0 1 2399 1 18 406 16 0.2520 0.2181 409 226
87-1-1-0.05-50-0 1 2399 1 10 406 401 0.2520 0.2533 409 449
87-1-1-0.05-50-0 1 2399 1 1 406 406 0.2520 0.2520 409 409
87-1-1-0.05-50-0 1 2399 1 10 405 400 0.2520 0.2533 409 449
87-1-1-0.05-50-0 1 2399 1 1 405 405 0.2520 0.2520 409 409
87-1-1-0.05-50-0 1 2400 1 10 406 409 0.2520 0.2533 409 449
87-1-1-0.05-50-0 1 2400 1 1 406 406 0.2520 0.2520 409 409
87-1-1-0.05-50-0 1 2400 1 1 405 405 0.2520 0.2520 409 409
87-1-1-0.05-50-0 1 2400 1 10 404 408 0.2520 0.2533 409 449
87-1-1-0.05-50-0 1 2400 1 10 404 407 0.2520 0.2533 409 449
87-1-1-0.05-50-0 1 2400 1 18 404 16 0.2520 0.2181 409 226
87-1-1-0.05-50-0 1 2400 1 1 404 404 0.2520 0.2520 409 409
87-1-1-0.05-50-0 1 2400 1 10 403 406 0.2520 0.2533 409 449
87-1-1-0.05-50-0 1 2400 1 10 403 405 0.2520 0.2533 409 449
87-1-1-0.05-50-0 1 2400 40 33 104 1 0.9739 0.6893 104 191
87-1-1-0.05-50-0 1 2401 1 18 409 17 0.2520 0.2181 409 226
87-1-1-0.05-50-0 1 2401 1 10 409 409 0.2520 0.2533 409 449
87-1-1-0.05-50-0 1 2401 1 50 409 24 0.2520 0.2147 409 147
87-1-1-0.05-50-0 1 2401 1 10 409 408 0.2520 0.2533 409 449
87-1-1-0.05-50-0 1 2401 1 10 409 407 0.2520 0.2533 409 449
87-1-1-0.05-50-0 1 2401 1 1 409 409 0.2520 0.2520 409 409
87-1-1-0.05-50-0 1 2401 1 10 408 406 0.2520 0.2533 409 449
87-1-1-0.05-50-0 1 2401 1 1 408 408 0.2520 0.2520 409 409
87-1-1-0.05-50-0 1 2401 10 27 405 1 0.2533 0.0776 449 149
87-1-1-0.05-50-0 1 2401 1 10 407 405 0.2520 0.2533 409 449
87-1-1-0.05-50-0 1 2401 1 1 407 407 0.2520 0.2520 409 409
87-1-1-0.05-50-0 1 2402 36 26 7 9 0.8162 0.8171 165 141
87-1-1-0.05-50-0 1 2402 25 11 68 1 0.9430 0.0504 125 384
87-1-1-0.05-50-0 1 2402 1 1 409 409 0.2520 0.2520 409 409
87-1-1-0.05-50-0 1 2402 1 10 408 414 0.2520 0.2533 409 449
87-1-1-0.05-50-0 1 2402 1 10 408 413 0.2520 0.2533 409 449
87-1-1-0.05-50-0 1 2403 23 23 13 13 0.1698 0.1698 476 476
87-1-1-0.05-50-0 1 2403 1 10 407 417 0.2520 0.2533 409 449
87-1-1-0.05-50-0 1 2403 1 16 407 5 0.2520 0.2228 409 149
87-1-1-0.05-50-0 1 2403 1 10 407 416 0.2520 0.2533 409 449
87-1-1-0.05-50-0 1 2403 1 10 407 415 0.2520 0.2533 409 449
87-1-1-0.05-50-0 1 2403 16 23 4 12 0.2228 0.1698 149 476
87-1-1-0.05-50-0 1 2403 1 10 407 414 0.2520 0.2533 409 449
87-1-1-0.05-50-0 1 2403 1 1 407 407 0.2520 0.2520 409 409
87-1-1-0.05-50-0 1 2403 1 50 406 20 0.2520 0.2147 409 147
87-1-1-0.05-50-0 1 2403 1 10 406 413 0.2520 0.2533 409 449
87-1-1-0.05-50-0 1 2403 1 1 406 406 0.2520 0.2520 409 409
87-1-1-0.05-50-0 1 2404 1 1 406 406 0.2520 0.2520 409 409
87-1-1-0.05-50-0 1 2404 1 1 405 405 0.2520 0.2520 409 409
87-1-1-0.05-50-0 1 2404 1 1 404 404 0.2520 0.2520 409 409
87-1-1-0.05-50-0 1 2404 1 1 403 403 0.2520 0.2520 409 409
87-1-1-0.05-50-0 1 2404 1 1 402 402 0.2520 0.2520 409 409
87-1-1-0.05-50-0 1 2404 1 1 401 401 0.2520 0.2520 409 409
87-1-1-0.05-50-0 1 2404 1 10 400 410 0.2520 0.2533 409 449
87-1-1-0.05-50-0 1 2404 1 10 400 409 0.2520 0.2533 409 449
87-1-1-0.05-50-0 1 2404 1 1 400 400 0.2520 0.2520 409 409
87-1-1-0.05-50-0 1 2404 1 1 399 399 0.2520 0.2520 409 409
87-1-1-0.05-50-0 1 2405 1 1 399 399 0.2520 0.2520 409 409
87-1-1-0.05-50-0 1 2405 1 10 398 407 0.2520 0.2533 409 449
87-1-1-0.05-50-0 1 2405 1 10 398 406 0.2520 0.2533 409 449
87-1-1-0.05-50-0 1 2405 1 10 398 405 0.2520 0.2533 409 449
87-1-1-0.05-50-0 1 2405 1 1 398 398 0.2520 0.2520 409 409
87-1-1-0.05-50-0 1 2405 1 1 397 397 0.2520 0.2520 409 409
87-1-1-0.05-50-0 1 2405 1 1 396 396 0.2520 0.2520 409 409
87-1-1-0.05-50-0 1 2405 1 1 395 395 0.2520 0.2520 409 409
87-1-1-0.05-50-0 1 2406 1 10 402 412 0.2520 0.2533 409 449
87-1-1-0.05-50-0 1 2406 25 22 75 1 0.9430 0.0160 125 311
87-1-1-0.05-50-0 1 2406 1 1 402 402 0.2520 0.2520 409 409
87-1-1-0.05-50-0 1 2406 1 1 401 401 0.2520 0.2520 409 409
87-1-1-0.05-50-0 1 2406 1 1 400 400 0.2520 0.2520 409 409
87-1-1-0.05-50-0 1 2406 1 1 399 399 0.2520 0.2520 409 409
87-1-1-0.05-50-0 1 2406 1 10 398 411 0.2520 0.2533 409 449
87-1-1-0.05-50-0 1 2406 1 10 398 410 0.2520 0.2533 409 449
87-1-1-0.05-50-0 1 2406 1 10 398 409 0.2520 0.2533 409 449
87-1-1-0.05-50-0 1 2407 1 1 403 403 0.2520 0.2520 409 409
87-1-1-0.05-50-0 1 2407 1 1 402 402 0.2520 0.2520 409 409
87-1-1-0.05-50-0 1 2407 1 10 401 411 0.2520 0.2533 409 449
87-1-1-0.05-50-0 1 2407 1 1 401 401 0.2520 0.2520 409 409
87-1-1-0.05-50-0 1 2407 1 10 400 410 0.2520 0.2533 409 449
87-1-1-0.05-50-0 1 2407 16 23 4 12 0.2228 0.1698 149 476
87-1-1-0.05-50-0 1 2407 1 8 400 13 0.2520 0.2506 409 303
87-1-1-0.05-50-0 1 2408 1 1 403 403 0.2520 0.2520 409 409
87-1-1-0.05-50-0 1 2408 1 10 402 411 0.2520 0.2533 409 449
87-1-1-0.05-50-0 1 2408 1 1 402 402 0.2520 0.2520 409 409
87-1-1-0.05-50-0 1 2408 1 10 401 410 0.2520 0.2533 409 449
87-1-1-0.05-50-0 1 2408 1 10 401 409 0.2520 0.2533 409 449
87-1-1-0.05-50-0 1 2408 1 1 401 401 0.2520 0.2520 409 409
87-1-1-0.05-50-0 1 2408 1 10 400 408 0.2520 0.2533 409 449
87-1-1-0.05-50-0 1 2408 1 1 400 400 0.2520 0.2520 409 409
87-1-1-0.05-50-0 1 2409 1 10 402 407 0.2520 0.2533 409 449
87-1-1-0.05-50-0 1 2409 1 10 402 406 0.2520 0.2533 409 449
87-1-1-0.05-50-0 1 2409 1 1 402 402 0.2520 0.2520 409 409
87-1-1-0.05-50-0 1 2409 1 1 401 401 0.2520 0.2520 409 409
87-1-1-0.05-50-0 1 2409 1 1 400 400 0.2520 0.2520 409 409
87-1-1-0.05-50-0 1 2409 1 1 399 399 0.2520 0.2520 409 409
87-1-1-0.05-50-0 1 2409 1 10 398 405 0.2520 0.2533 409 449
87-1-1-0.05-50-0 1 2409 1 1 398 398 0.2520 0.2520 409 409
87-1-1-0.05-50-0 1 2409 1 10 397 404 0.2520 0.2533 409 449
87-1-1-0.05-50-0 1 2410 1 1 405 405 0.2520 0.2520 409 409
87-1-1-0.05-50-0 1 2410 1 1 404 404 0.2520 0.2520 409 409
87-1-1-0.05-50-0 1 2410 1 1 403 403 0.2520 0.2520 409 409
87-1-1-0.05-50-0 1 2410 1 1 402 402 0.2520 0.2520 409 409
87-1-1-0.05-50-0 1 2410 1 1 401 401 0.2520 0.2520 409 409
87-1-1-0.05-50-0 1 2410 1 10 400 410 0.2520 0.2533 409 449
87-1-1-0.05-50-0 1 2410 1 1 400 400 0.2520 0.2520 409 409
87-1-1-0.05-50-0 1 2410 1 50 399 26 0.2520 0.2147 409 147
87-1-1-0.05-50-0 1 2410 1 10 399 409 0.2520 0.2533 409 449
87-1-1-0.05-50-0 1 2410 1 10 399 408 0.2520 0.2533 409 449
87-1-1-0.05-50-0 1 2410 1 10 399 407 0.2520 0.2533 409 449
87-1-1-0.05-50-0 1 2411 1 1 404 404 0.2520 0.2520 409 409
87-1-1-0.05-50-0 1 2411 1 10 403 407 0.2520 0.2533 409 449
87-1-1-0.05-50-0 1 2411 1 10 403 406 0.2520 0.2533 409 449
87-1-1-0.05-50-0 1 2411 1 10 403 405 0.2520 0.2533 409 449
87-1-1-0.05-50-0 1 2411 1 10 403 404 0.2520 0.2533 409 449
87-1-1-0.05-50-0 1 2411 20 28 90 2 0.9922 0.3846 102 311
87-1-1-0.05-50-0 1 2411 1 10 403 403 0.2520 0.2533 409 449
87-1-1-0.05-50-0 1 2411 1 23 403 9 0.2520 0.1698 409 476
87-1-1-0.05-50-0 1 2411 20 28 90 1 0.9922 0.3846 102 311
87-1-1-0.05-50-0 1 2411 1 1 403 403 0.2520 0.2520 409 409
87-1-1-0.05-50-0 1 2412 1 10 405 409 0.2520 0.2533 409 449
87-1-1-0.05-50-0 1 2412 1 8 405 14 0.2520 0.2506 409 303
87-1-1-0.05-50-0 1 2412 1 1 405 405 0.2520 0.2520 409 409
87-1-1-0.05-50-0 1 2412 1 1 404 404 0.2520 0.2520 409 409
87-1-1-0.05-50-0 1 2412 2 6 79 1 0.8198 0.4266 167 249
87-1-1-0.05-50-0 1 2412 1 8 403 13 0.2520 0.2506 409 303
87-1-1-0.05-50-0 1 2412 1 16 403 7 0.2520 0.2228 409 149
87-1-1-0.05-50-0 1 2412 36 2 7 79 0.8162 0.8198 165 167
87-1-1-0.05-50-0 1 2413 1 1 405 405 0.2520 0.2520 409 409
87-1-1-0.05-50-0 1 2413 1 1 404 404 0.2520 0.2520 409 409
87-1-1-0.05-50-0 1 2413 1 1 403 403 0.2520 0.2520 409 409
87-1-1-0.05-50-0 1 2413 1 1 402 402 0.2520 0.2520 409 409
87-1-1-0.05-50-0 1 2413 1 1 401 401 0.2520 0.2520 409 409
87-1-1-0.05-50-0 1 2413 1 1 400 400 0.2520 0.2520 409 409
87-1-1-0.05-50-0 1 2413 1 10 399 409 0.2520 0.2533 409 449
87-1-1-0.05-50-0 1 2413 19 19 11 11 0.8072 0.8072 134 134
87-1-1-0.05-50-0 1 2413 1 10 399 408 0.2520 0.2533 409 449
87-1-1-0.05-50-0 1 2413 1 10 399 407 0.2520 0.2533 409 449
87-1-1-0.05-50-0 1 2413 1 1 399 399 0.2520 0.2520 409 409
87-1-1-0.05-50-0 1 2413 1 10 398 406 0.2520 0.2533 409 449
87-1-1-0.05-50-0 1 2414 1 10 398 401 0.2520 0.2533 409 449
87-1-1-0.05-50-0 1 2414 1 10 398 400 0.2520 0.2533 409 449
87-1-1-0.05-50-0 1 2414 1 10 398 399 0.2520 0.2533 409 449
87-1-1-0.05-50-0 1 2414 1 1 398 398 0.2520 0.2520 409 409
87-1-1-0.05-50-0 1 2414 1 1 397 397 0.2520 0.2520 409 409
87-1-1-0.05-50-0 1 2414 1 10 396 398 0.2520 0.2533 409 449
87-1-1-0.05-50-0 1 2414 1 1 396 396 0.2520 0.2520 409 409
87-1-1-0.05-50-0 1 2414 1 1 395 395 0.2520 0.2520 409 409
87-1-1-0.05-50-0 1 2414 1 10 394 397 0.2520 0.2533 409 449
87-1-1-0.05-50-0 1 2414 1 8 394 13 0.2520 0.2506 409 303
87-1-1-0.05-50-0 1 2415 1 10 399 408 0.2520 0.2533 409 449
87-1-1-0.05-50-0 1 2415 1 1 399 399 0.2520 0.2520 409 409
87-1-1-0.05-50-0 1 2415 1 10 398 407 0.2520 0.2533 409 449
87-1-1-0.05-50-0 1 2415 1 1 398 398 0.2520 0.2520 409 409
87-1-1-0.05-50-0 1 2415 1 10 397 406 0.2520 0.2533 409 449
87-1-1-0.05-50-0 1 2416 1 1 401 401 0.2520 0.2520 409 409
87-1-1-0.05-50-0 1 2416 25 22 77 1 0.9430 0.0160 125 311
87-1-1-0.05-50-0 1 2416 1 10 400 411 0.2520 0.2533 409 449
87-1-1-0.05-50-0 1 2416 1 10 400 410 0.2520 0.2533 409 449
87-1-1-0.05-50-0 1 2416 1 10 400 409 0.2520 0.2533 409 449
87-1-1-0.05-50-0 1 2416 1 1 400 400 0.2520 0.2520 409 409
87-1-1-0.05-50-0 1 2416 1 10 399 408 0.2520 0.2533 409 449
87-1-1-0.05-50-0 1 2416 1 10 399 407 0.2520 0.2533 409 449
87-1-1-0.05-50-0 1 2416 1 1 399 399 0.2520 0.2520 409 409
87-1-1-0.05-50-0 1 2416 1 18 398 17 0.2520 0.2181 409 226
87-1-1-0.05-50-0 1 2416 40 34 103 1 0.9739 0.7448 104 168
87-1-1-0.05-50-0 1 2416 1 10 398 406 0.2520 0.2533 409 449
87-1-1-0.05-50-0 1 2417 1 1 401 401 0.2520 0.2520 409 409
87-1-1-0.05-50-0 1 2417 1 1 400 400 0.2520 0.2520 409 409
87-1-1-0.05-50-0 1 2417 1 1 399 399 0.2520 0.2520 409 409
87-1-1-0.05-50-0 1 2417 1 10 398 403 0.2520 0.2533 409 449
87-1-1-0.05-50-0 1 2417 1 1 398 398 0.2520 0.2520 409 409
87-1-1-0.05-50-0 1 2417 1 1 397 397 0.2520 0.2520 409 409
87-1-1-0.05-50-0 1 2417 1 10 396 402 0.2520 0.2533 409 449
87-1-1-0.05-50-0 1 2417 1 1 396 396 0.2520 0.2520 409 409
87-1-1-0.05-50-0 1 2417 1 50 395 27 0.2520 0.2147 409 147
87-1-1-0.05-50-0 1 2417 1 10 395 401 0.2520 0.2533 409 449
87-1-1-0.05-50-0 1 2418 1 23 393 7 0.2520 0.1698 409 476
87-1-1-0.05-50-0 1 2418 1 10 393 396 0.2520 0.2533 409 449
87-1-1-0.05-50-0 1 2418 1 10 393 395 0.2520 0.2533 409 449
87-1-1-0.05-50-0 1 2418 1 1 393 393 0.2520 0.2520 409 409
87-1-1-0.05-50-0 1 2418 1 10 392 394 0.2520 0.2533 409 449
87-1-1-0.05-50-0 1 2418 2 29 74 1 0.8198 0.6728 167 177
87-1-1-0.05-50-0 1 2418 1 1 392 392 0.2520 0.2520 409 409
87-1-1-0.05-50-0 1 2418 1 10 391 393 0.2520 0.2533 409 449
87-1-1-0.05-50-0 1 2419 1 10 398 390 0.2520 0.2533 409 449
87-1-1-0.05-50-0 1 2419 36 2 9 73 0.8162 0.8198 165 167
87-1-1-0.05-50-0 1 2419 1 10 398 389 0.2520 0.2533 409 449
87-1-1-0.05-50-0 1 2419 1 10 398 388 0.2520 0.2533 409 449
87-1-1-0.05-50-0 1 2419 1 1 398 398 0.2520 0.2520 409 409
87-1-1-0.05-50-0 1 2419 41 5 105 2 0.9621 0.0007 105 226
87-1-1-0.05-50-0 1 2419 1 10 397 387 0.2520 0.2533 409 449
87-1-1-0.05-50-0 1 2419 1 10 397 386 0.2520 0.2533 409 449
87-1-1-0.05-50-0 1 2419 1 10 397 385 0.2520 0.2533 409 449
87-1-1-0.05-50-0 1 2420 25 11 80 1 0.9430 0.0504 125 384
87-1-1-0.05-50-0 1 2420 1 39 407 4 0.2520 0.2187 409 309
87-1-1-0.05-50-0 1 2420 1 1 407 407 0.2520 0.2520 409 409
87-1-1-0.05-50-0 1 2420 1 1 406 406 0.2520 0.2520 409 409
87-1-1-0.05-50-0 1 2420 1 10 405 389 0.2520 0.2533 409 449
87-1-1-0.05-50-0 1 2420 1 1 405 405 0.2520 0.2520 409 409
87-1-1-0.05-50-0 1 2420 1 16 404 6 0.2520 0.2228 409 149
87-1-1-0.05-50-0 1 2421 1 1 409 409 0.2520 0.2520 409 409
87-1-1-0.05-50-0 1 2421 1 10 408 389 0.2520 0.2533 409 449
87-1-1-0.05-50-0 1 2421 1 10 408 388 0.2520 0.2533 409 449
87-1-1-0.05-50-0 1 2421 1 10 408 387 0.2520 0.2533 409 449
87-1-1-0.05-50-0 1 2421 36 2 9 72 0.8162 0.8198 165 167
87-1-1-0.05-50-0 1 2421 1 16 408 5 0.2520 0.2228 409 149
87-1-1-0.05-50-0 1 2421 1 10 408 386 0.2520 0.2533 409 449
87-1-1-0.05-50-0 1 2421 1 1 408 408 0.2520 0.2520 409 409
87-1-1-0.05-50-0 1 2421 1 1 407 407 0.2520 0.2520 409 409
87-1-1-0.05-50-0 1 2421 1 1 406 406 0.2520 0.2520 409 409
87-1-1-0.05-50-0 1 2422 1 10 409 388 0.2520 0.2533 409 449
87-1-1-0.05-50-0 1 2422 1 1 409 409 0.2520 0.2520 409 409
87-1-1-0.05-50-0 1 2422 1 1 408 408 0.2520 0.2520 409 409
87-1-1-0.05-50-0 1 2422 1 10 407 387 0.2520 0.2533 409 449
87-1-1-0.05-50-0 1 2422 1 39 407 2 0.2520 0.2187 409 309
87-1-1-0.05-50-0 1 2422 1 1 407 407 0.2520 0.2520 409 409
87-1-1-0.05-50-0 1 2422 1 50 406 27 0.2520 0.2147 409 147
87-1-1-0.05-50-0 1 2422 1 50 406 26 0.2520 0.2147 409 147
87-1-1-0.05-50-0 1 2422 1 10 406 386 0.2520 0.2533 409 449
87-1-1-0.05-50-0 1 2423 1 1 409 409 0.2520 0.2520 409 409
87-1-1-0.05-50-0 1 2423 1 1 408 408 0.2520 0.2520 409 409
87-1-1-0.05-50-0 1 2423 1 10 407 390 0.2520 0.2533 409 449
87-1-1-0.05-50-0 1 2423 1 1 407 407 0.2520 0.2520 409 409
87-1-1-0.05-50-0 1 2423 1 1 406 406 0.2520 0.2520 409 409
87-1-1-0.05-50-0 1 2423 1 10 405 389 0.2520 0.2533 409 449
87-1-1-0.05-50-0 1 2423 1 1 405 405 0.2520 0.2520 409 409
87-1-1-0.05-50-0 1 2424 1 1 409 409 0.2520 0.2520 409 409
87-1-1-0.05-50-0 1 2424 1 10 408 396 0.2520 0.2533 409 449
87-1-1-0.05-50-0 1 2424 1 1 408 408 0.2520 0.2520 409 409
87-1-1-0.05-50-0 1 2424 40 42 104 1 0.9739 0.7447 104 106
87-1-1-0.05-50-0 1 2424 1 1 407 407 0.2520 0.2520 409 409
87-1-1-0.05-50-0 1 2424 1 1 406 406 0.2520 0.2520 409 409
87-1-1-0.05-50-0 1 2424 1 10 405 395 0.2520 0.2533 409 449
87-1-1-0.05-50-0 1 2424 1 1 405 405 0.2520 0.2520 409 409
87-1-1-0.05-50-0 1 2425 1 1 409 409 0.2520 0.2520 409 409
87-1-1-0.05-50-0 1 2425 39 18 1 16 0.2187 0.2181 309 226
87-1-1-0.05-50-0 1 2425 1 1 408 408 0.2520 0.2520 409 409
87-1-1-0.05-50-0 1 2425 1 10 407 391 0.2520 0.2533 409 449
87-1-1-0.05-50-0 1 2425 1 23 407 3 0.2520 0.1698 409 476
87-1-1-0.05-50-0 1 2425 1 1 407 407 0.2520 0.2520 409 409
87-1-1-0.05-50-0 1 2425 1 10 406 390 0.2520 0.2533 409 449
87-1-1-0.05-50-0 1 2425 1 1 406 406 0.2520 0.2520 409 409
87-1-1-0.05-50-0 1 2425 1 10 405 389 0.2520 0.2533 409 449
87-1-1-0.05-50-0 1 2426 20 28 95 1 0.9922 0.3846 102 311
87-1-1-0.05-50-0 1 2426 1 1 405 405 0.2520 0.2520 409 409
87-1-1-0.05-50-0 1 2426 1 10 404 392 0.2520 0.2533 409 449
87-1-1-0.05-50-0 1 2426 1 10 404 391 0.2520 0.2533 409 449
87-1-1-0.05-50-0 1 2426 1 10 404 390 0.2520 0.2533 409 449
87-1-1-0.05-50-0 1 2426 1 10 404 389 0.2520 0.2533 409 449
87-1-1-0.05-50-0 1 2426 41 4 105 1 0.9621 0.0723 105 351
87-1-1-0.05-50-0 1 2426 1 10 404 388 0.2520 0.2533 409 449
87-1-1-0.05-50-0 1 2427 1 1 408 408 0.2520 0.2520 409 409
87-1-1-0.05-50-0 1 2427 1 1 407 407 0.2520 0.2520 409 409
87-1-1-0.05-50-0 1 2427 1 1 406 406 0.2520 0.2520 409 409
87-1-1-0.05-50-0 1 2427 1 10 405 392 0.2520 0.2533 409 449
87-1-1-0.05-50-0 1 2427 1 18 405 17 0.2520 0.2181 409 226
87-1-1-0.05-50-0 1 2427 1 10 405 391 0.2520 0.2533 409 449
87-1-1-0.05-50-0 1 2427 1 10 405 390 0.2520 0.2533 409 449
87-1-1-0.05-50-0 1 2427 1 1 405 405 0.2520 0.2520 409 409
87-1-1-0.05-50-0 1 2428 7 31 105 1 0.9267 0.5626 106 252
87-1-1-0.05-50-0 1 2428 1 1 404 404 0.2520 0.2520 409 409
87-1-1-0.05-50-0 1 2428 1 10 403 392 0.2520 0.2533 409 449
87-1-1-0.05-50-0 1 2428 26 45 4 1 0.8171 0.3816 141 173
87-1-1-0.05-50-0 1 2428 1 1 403 403 0.2520 0.2520 409 409
87-1-1-0.05-50-0 1 2428 1 1 402 402 0.2520 0.2520 409 409
87-1-1-0.05-50-0 1 2428 1 1 401 401 0.2520 0.2520 409 409
87-1-1-0.05-50-0 1 2428 1 10 400 391 0.2520 0.2533 409 449
87-1-1-0.05-50-0 1 2428 1 50 400 26 0.2520 0.2147 409 147
87-1-1-0.05-50-0 1 2429 1 1 408 408 0.2520 0.2520 409 409
87-1-1-0.05-50-0 1 2429 1 1 407 407 0.2520 0.2520 409 409
87-1-1-0.05-50-0 1 2429 1 1 406 406 0.2520 0.2520 409 409
87-1-1-0.05-50-0 1 2429 1 10 405 399 0.2520 0.2533 409 449
87-1-1-0.05-50-0 1 2429 1 1 405 405 0.2520 0.2520 409 409
87-1-1-0.05-50-0 1 2429 1 10 404 398 0.2520 0.2533 409 449
87-1-1-0.05-50-0 1 2429 1 10 404 397 0.2520 0.2533 409 449
87-1-1-0.05-50-0 1 2429 1 10 404 396 0.2520 0.2533 409 449
87-1-1-0.05-50-0 1 2429 1 1 404 404 0.2520 0.2520 409 409
87-1-1-0.05-50-0 1 2429 1 10 403 395 0.2520 0.2533 409 449
87-1-1-0.05-50-0 1 2430 1 1 399 399 0.2520 0.2520 409 409
87-1-1-0.05-50-0 1 2430 1 1 398 398 0.2520 0.2520 409 409
87-1-1-0.05-50-0 1 2430 1 1 397 397 0.2520 0.2520 409 409
87-1-1-0.05-50-0 1 2430 1 1 396 396 0.2520 0.2520 409 409
87-1-1-0.05-50-0 1 2430 1 10 395 394 0.2520 0.2533 409 449
87-1-1-0.05-50-0 1 2430 19 19 14 14 0.8072 0.8072 134 134
87-1-1-0.05-50-0 1 2430 1 1 395 395 0.2520 0.2520 409 409
87-1-1-0.05-50-0 1 2430 39 18 2 18 0.2187 0.2181 309 226
87-1-1-0.05-50-0 1 2430 1 1 394 394 0.2520 0.2520 409 409
87-1-1-0.05-50-0 1 2431 1 10 398 403 0.2520 0.2533 409 449
87-1-1-0.05-50-0 1 2431 1 1 398 398 0.2520 0.2520 409 409
87-1-1-0.05-50-0 1 2431 1 10 397 402 0.2520 0.2533 409 449
87-1-1-0.05-50-0 1 2431 1 10 397 401 0.2520 0.2533 409 449
87-1-1-0.05-50-0 1 2431 1 1 397 397 0.2520 0.2520 409 409
87-1-1-0.05-50-0 1 2431 1 10 396 400 0.2520 0.2533 409 449
87-1-1-0.05-50-0 1 2431 1 10 396 399 0.2520 0.2533 409 449
87-1-1-0.05-50-0 1 2431 1 10 396 398 0.2520 0.2533 409 449
87-1-1-0.05-50-0 1 2431 1 10 396 397 0.2520 0.2533 409 449
87-1-1-0.05-50-0 1 2432 36 2 11 65 0.8162 0.8198 165 167
87-1-1-0.05-50-0 1 2432 1 10 407 401 0.2520 0.2533 409 449
87-1-1-0.05-50-0 1 2432 1 1 407 407 0.2520 0.2520 409 409
87-1-1-0.05-50-0 1 2432 1 1 406 406 0.2520 0.2520 409 409
87-1-1-0.05-50-0 1 2432 1 10 405 400 0.2520 0.2533 409 449
87-1-1-0.05-50-0 1 2432 1 10 405 399 0.2520 0.2533 409 449
87-1-1-0.05-50-0 1 2432 1 10 405 398 0.2520 0.2533 409 449
87-1-1-0.05-50-0 1 2433 1 10 405 402 0.2520 0.2533 409 449
87-1-1-0.05-50-0 1 2433 1 10 405 401 0.2520 0.2533 409 449
87-1-1-0.05-50-0 1 2433 1 1 405 405 0.2520 0.2520 409 409
87-1-1-0.05-50-0 1 2433 1 1 404 404 0.2520 0.2520 409 409
87-1-1-0.05-50-0 1 2433 1 1 403 403 0.2520 0.2520 409 409
87-1-1-0.05-50-0 1 2433 1 1 402 402 0.2520 0.2520 409 409
87-1-1-0.05-50-0 1 2433 1 10 401 400 0.2520 0.2533 409 449
87-1-1-0.05-50-0 1 2433 1 10 401 399 0.2520 0.2533 409 449
87-1-1-0.05-50-0 1 2433 1 1 401 401 0.2520 0.2520 409 409
87-1-1-0.05-50-0 1 2433 1 10 400 398 0.2520 0.2533 409 449
87-1-1-0.05-50-0 1 2433 23 23 6 6 0.1698 0.1698 476 476
87-1-1-0.05-50-0 1 2433 1 10 400 397 0.2520 0.2533 409 449
87-1-1-0.05-50-0 1 2434 1 1 393 393 0.2520 0.2520 409 409
87-1-1-0.05-50-0 1 2434 1 10 392 399 0.2520 0.2533 409 449
87-1-1-0.05-50-0 1 2434 1 10 392 398 0.2520 0.2533 409 449
87-1-1-0.05-50-0 1 2434 1 1 392 392 0.2520 0.2520 409 409
87-1-1-0.05-50-0 1 2434 1 1 391 391 0.2520 0.2520 409 409
87-1-1-0.05-50-0 1 2434 39 18 1 19 0.2187 0.2181 309 226
87-1-1-0.05-50-0 1 2434 1 1 390 390 0.2520 0.2520 409 409
87-1-1-0.05-50-0 1 2434 1 1 389 389 0.2520 0.2520 409 409
87-1-1-0.05-50-0 1 2435 1 1 392 392 0.2520 0.2520 409 409
87-1-1-0.05-50-0 1 2435 1 10 391 395 0.2520 0.2533 409 449
87-1-1-0.05-50-0 1 2435 1 1 391 391 0.2520 0.2520 409 409
87-1-1-0.05-50-0 1 2435 1 10 390 394 0.2520 0.2533 409 449
87-1-1-0.05-50-0 1 2435 2 9 63 2 0.8198 0.6134 167 161
87-1-1-0.05-50-0 1 2436 1 10 388 407 0.2520 0.2533 409 449
87-1-1-0.05-50-0 1 2436 1 10 388 406 0.2520 0.2533 409 449
87-1-1-0.05-50-0 1 2436 16 23 4 6 0.2228 0.1698 149 476
87-1-1-0.05-50-0 1 2436 1 1 388 388 0.2520 0.2520 409 409
87-1-1-0.05-50-0 1 2436 1 1 387 387 0.2520 0.2520 409 409
87-1-1-0.05-50-0 1 2436 1 10 386 405 0.2520 0.2533 409 449
87-1-1-0.05-50-0 1 2436 1 50 386 32 0.2520 0.2147 409 147
87-1-1-0.05-50-0 1 2436 1 1 386 386 0.2520 0.2520 409 409
87-1-1-0.05-50-0 1 2437 1 1 404 404 0.2520 0.2520 409 409
87-1-1-0.05-50-0 1 2437 1 1 403 403 0.2520 0.2520 409 409
87-1-1-0.05-50-0 1 2437 1 10 402 397 0.2520 0.2533 409 449
87-1-1-0.05-50-0 1 2437 1 1 402 402 0.2520 0.2520 409 409
87-1-1-0.05-50-0 1 2437 1 1 401 401 0.2520 0.2520 409 409
87-1-1-0.05-50-0 1 2437 1 10 400 396 0.2520 0.2533 409 449
87-1-1-0.05-50-0 1 2437 1 1 400 400 0.2520 0.2520 409 409
87-1-1-0.05-50-0 1 2437 1 1 399 399 0.2520 0.2520 409 409
87-1-1-0.05-50-0 1 2437 1 10 398 395 0.2520 0.2533 409 449
87-1-1-0.05-50-0 1 2437 1 1 398 398 0.2520 0.2520 409 409
87-1-1-0.05-50-0 1 2438 1 10 407 398 0.2520 0.2533 409 449
87-1-1-0.05-50-0 1 2438 1 1 407 407 0.2520 0.2520 409 409
87-1-1-0.05-50-0 1 2438 40 9 101 1 0.9739 0.6134 104 161
87-1-1-0.05-50-0 1 2438 36 2 7 73 0.8162 0.8198 165 167
87-1-1-0.05-50-0 1 2438 1 10 406 397 0.2520 0.2533 409 449
87-1-1-0.05-50-0 1 2438 1 1 406 406 0.2520 0.2520 409 409
87-1-1-0.05-50-0 1 2439 1 10 409 398 0.2520 0.2533 409 449
87-1-1-0.05-50-0 1 2439 1 10 409 397 0.2520 0.2533 409 449
87-1-1-0.05-50-0 1 2439 1 18 409 21 0.2520 0.2181 409 226
87-1-1-0.05-50-0 1 2439 1 10 409 396 0.2520 0.2533 409 449
87-1-1-0.05-50-0 1 2439 1 10 409 395 0.2520 0.2533 409 449
87-1-1-0.05-50-0 1 2439 1 10 409 394 0.2520 0.2533 409 449
87-1-1-0.05-50-0 1 2439 1 10 409 393 0.2520 0.2533 409 449
87-1-1-0.05-50-0 1 2439 1 10 409 392 0.2520 0.2533 409 449
87-1-1-0.05-50-0 1 2439 1 10 409 391 0.2520 0.2533 409 449
87-1-1-0.05-50-0 1 2440 1 1 409 409 0.2520 0.2520 409 409
87-1-1-0.05-50-0 1 2440 1 8 408 12 0.2520 0.2506 409 303
87-1-1-0.05-50-0 1 2440 2 29 68 1 0.8198 0.6728 167 177
87-1-1-0.05-50-0 1 2440 1 10 408 392 0.2520 0.2533 409 449
87-1-1-0.05-50-0 1 2440 1 1 408 408 0.2520 0.2520 409 409
87-1-1-0.05-50-0 1 2441 1 10 406 402 0.2520 0.2533 409 449
87-1-1-0.05-50-0 1 2441 1 1 406 406 0.2520 0.2520 409 409
87-1-1-0.05-50-0 1 2441 1 1 405 405 0.2520 0.2520 409 409
87-1-1-0.05-50-0 1 2441 1 8 404 11 0.2520 0.2506 409 303
87-1-1-0.05-50-0 1 2441 1 10 404 401 0.2520 0.2533 409 449
87-1-1-0.05-50-0 1 2442 1 1 406 406 0.2520 0.2520 409 409
87-1-1-0.05-50-0 1 2442 20 45 100 2 0.9922 0.3816 102 173
87-1-1-0.05-50-0 1 2442 1 18 405 20 0.2520 0.2181 409 226
87-1-1-0.05-50-0 1 2442 1 10 405 413 0.2520 0.2533 409 449
87-1-1-0.05-50-0 1 2442 1 10 405 412 0.2520 0.2533 409 449
87-1-1-0.05-50-0 1 2442 1 10 405 411 0.2520 0.2533 409 449
87-1-1-0.05-50-0 1 2442 40 45 101 1 0.9739 0.3816 104 173
87-1-1-0.05-50-0 1 2443 1 1 409 409 0.2520 0.2520 409 409
87-1-1-0.05-50-0 1 2443 1 8 408 10 0.2520 0.2506 409 303
87-1-1-0.05-50-0 1 2443 1 50 408 32 0.2520 0.2147 409 147
87-1-1-0.05-50-0 1 2444 1 1 409 409 0.2520 0.2520 409 409
87-1-1-0.05-50-0 1 2444 1 1 408 408 0.2520 0.2520 409 409
87-1-1-0.05-50-0 1 2444 1 1 407 407 0.2520 0.2520 409 409
87-1-1-0.05-50-0 1 2444 1 10 406 416 0.2520 0.2533 409 449
87-1-1-0.05-50-0 1 2444 1 1 406 406 0.2520 0.2520 409 409
87-1-1-0.05-50-0 1 2444 1 1 405 405 0.2520 0.2520 409 409
87-1-1-0.05-50-0 1 2444 1 10 404 415 0.2520 0.2533 409 449
87-1-1-0.05-50-0 1 2444 18 48 19 1 0.2181 0.1153 226 334
87-1-1-0.05-50-0 1 2444 1 1 404 404 0.2520 0.2520 409 409
87-1-1-0.05-50-0 1 2444 1 1 403 403 0.2520 0.2520 409 409
87-1-1-0.05-50-0 1 2444 1 10 402 414 0.2520 0.2533 409 449
87-1-1-0.05-50-0 1 2444 1 10 402 413 0.2520 0.2533 409 449
87-1-1-0.05-50-0 1 2445 1 10 408 413 0.2520 0.2533 409 449
87-1-1-0.05-50-0 1 2445 1 10 408 412 0.2520 0.2533 409 449
87-1-1-0.05-50-0 1 2445 1 10 408 411 0.2520 0.2533 409 449
87-1-1-0.05-50-0 1 2445 1 10 408 410 0.2520 0.2533 409 449
87-1-1-0.05-50-0 1 2445 1 1 408 408 0.2520 0.2520 409 409
87-1-1-0.05-50-0 1 2445 1 10 407 409 0.2520 0.2533 409 449
87-1-1-0.05-50-0 1 2445 1 1 407 407 0.2520 0.2520 409 409
87-1-1-0.05-50-0 1 2445 1 16 406 6 0.2520 0.2228 409 149
87-1-1-0.05-50-0 1 2445 1 1 406 406 0.2520 0.2520 409 409
87-1-1-0.05-50-0 1 2445 1 1 405 405 0.2520 0.2520 409 409
87-1-1-0.05-50-0 1 2445 1 1 404 404 0.2520 0.2520 409 409
87-1-1-0.05-50-0 1 2445 1 1 403 403 0.2520 0.2520 409 409
87-1-1-0.05-50-0 1 2445 1 1 402 402 0.2520 0.2520 409 409
87-1-1-0.05-50-0 1 2446 1 10 409 416 0.2520 0.2533 409 449
87-1-1-0.05-50-0 1 2446 1 1 409 409 0.2520 0.2520 409 409
87-1-1-0.05-50-0 1 2446 1 1 408 408 0.2520 0.2520 409 409
87-1-1-0.05-50-0 1 2446 1 1 407 407 0.2520 0.2520 409 409
87-1-1-0.05-50-0 1 2446 1 10 406 415 0.2520 0.2533 409 449
87-1-1-0.05-50-0 1 2446 1 1 406 406 0.2520 0.2520 409 409
87-1-1-0.05-50-0 1 2446 1 1 405 405 0.2520 0.2520 409 409
87-1-1-0.05-50-0 1 2446 1 10 404 414 0.2520 0.2533 409 449
87-1-1-0.05-50-0 1 2446 1 1 404 404 0.2520 0.2520 409 409
87-1-1-0.05-50-0 1 2447 1 10 409 418 0.2520 0.2533 409 449
87-1-1-0.05-50-0 1 2447 41 35 92 1 0.9621 0.0354 105 158
87-1-1-0.05-50-0 1 2447 1 23 409 5 0.2520 0.1698 409 476
87-1-1-0.05-50-0 1 2447 1 10 409 417 0.2520 0.2533 409 449
87-1-1-0.05-50-0 1 2447 1 1 409 409 0.2520 0.2520 409 409
87-1-1-0.05-50-0 1 2447 1 10 408 416 0.2520 0.2533 409 449
87-1-1-0.05-50-0 1 2448 1 10 408 411 0.2520 0.2533 409 449
87-1-1-0.05-50-0 1 2448 1 10 408 410 0.2520 0.2533 409 449
87-1-1-0.05-50-0 1 2448 1 1 408 408 0.2520 0.2520 409 409
87-1-1-0.05-50-0 1 2448 1 10 407 409 0.2520 0.2533 409 449
87-1-1-0.05-50-0 1 2448 1 1 407 407 0.2520 0.2520 409 409
87-1-1-0.05-50-0 1 2448 1 1 406 406 0.2520 0.2520 409 409
87-1-1-0.05-50-0 1 2448 1 10 405 408 0.2520 0.2533 409 449
87-1-1-0.05-50-0 1 2448 1 1 405 405 0.2520 0.2520 409 409
87-1-1-0.05-50-0 1 2448 1 1 404 404 0.2520 0.2520 409 409
87-1-1-0.05-50-0 1 2448 1 1 403 403 0.2520 0.2520 409 409
87-1-1-0.05-50-0 1 2448 1 49 402 3 0.2520 0.1842 409 136
87-1-1-0.05-50-0 1 2449 1 1 409 409 0.2520 0.2520 409 409
87-1-1-0.05-50-0 1 2449 1 10 408 415 0.2520 0.2533 409 449
87-1-1-0.05-50-0 1 2449 1 10 408 414 0.2520 0.2533 409 449
87-1-1-0.05-50-0 1 2449 1 10 408 413 0.2520 0.2533 409 449
87-1-1-0.05-50-0 1 2449 1 10 408 412 0.2520 0.2533 409 449
87-1-1-0.05-50-0 1 2450 1 10 409 412 0.2520 0.2533 409 449
87-1-1-0.05-50-0 1 2450 1 10 409 411 0.2520 0.2533 409 449
87-1-1-0.05-50-0 1 2450 1 1 409 409 0.2520 0.2520 409 409
87-1-1-0.05-50-0 1 2450 1 10 408 410 0.2520 0.2533 409 449
87-1-1-0.05-50-0 1 2450 1 1 408 408 0.2520 0.2520 409 409
87-1-1-0.05-50-0 1 2450 1 1 407 407 0.2520 0.2520 409 409
87-1-1-0.05-50-0 1 2450 1 18 406 26 0.2520 0.2181 409 226
87-1-1-0.05-50-0 1 2450 1 1 406 406 0.2520 0.2520 409 409
87-1-1-0.05-50-0 1 2451 1 10 409 413 0.2520 0.2533 409 449
87-1-1-0.05-50-0 1 2451 1 1 409 409 0.2520 0.2520 409 409
87-1-1-0.05-50-0 1 2451 1 1 408 408 0.2520 0.2520 409 409
87-1-1-0.05-50-0 1 2451 1 1 407 407 0.2520 0.2520 409 409
87-1-1-0.05-50-0 1 2451 1 23 406 4 0.2520 0.1698 409 476
87-1-1-0.05-50-0 1 2451 1 1 406 406 0.2520 0.2520 409 409
87-1-1-0.05-50-0 1 2451 1 10 405 412 0.2520 0.2533 409 449
87-1-1-0.05-50-0 1 2451 1 10 405 411 0.2520 0.2533 409 449
87-1-1-0.05-50-0 1 2451 1 16 405 8 0.2520 0.2228 409 149
87-1-1-0.05-50-0 1 2452 1 1 409 409 0.2520 0.2520 409 409
87-1-1-0.05-50-0 1 2452 1 1 408 408 0.2520 0.2520 409 409
87-1-1-0.05-50-0 1 2452 1 10 407 409 0.2520 0.2533 409 449
87-1-1-0.05-50-0 1 2452 1 18 407 33 0.2520 0.2181 409 226
87-1-1-0.05-50-0 1 2452 1 10 407 408 0.2520 0.2533 409 449
87-1-1-0.05-50-0 1 2452 1 1 407 407 0.2520 0.2520 409 409
87-1-1-0.05-50-0 1 2452 1 10 406 407 0.2520 0.2533 409 449
87-1-1-0.05-50-0 1 2452 1 1 406 406 0.2520 0.2520 409 409
87-1-1-0.05-50-0 1 2452 1 50 405 38 0.2520 0.2147 409 147
87-1-1-0.05-50-0 1 2452 1 1 405 405 0.2520 0.2520 409 409
87-1-1-0.05-50-0 1 2452 1 1 404 404 0.2520 0.2520 409 409
87-1-1-0.05-50-0 1 2453 1 1 403 403 0.2520 0.2520 409 409
87-1-1-0.05-50-0 1 2453 1 1 402 402 0.2520 0.2520 409 409
87-1-1-0.05-50-0 1 2453 1 1 401 401 0.2520 0.2520 409 409
87-1-1-0.05-50-0 1 2453 1 1 400 400 0.2520 0.2520 409 409
87-1-1-0.05-50-0 1 2453 1 10 399 401 0.2520 0.2533 409 449
87-1-1-0.05-50-0 1 2453 1 10 399 400 0.2520 0.2533 409 449
87-1-1-0.05-50-0 1 2453 1 10 399 399 0.2520 0.2533 409 449
87-1-1-0.05-50-0 1 2453 1 10 399 398 0.2520 0.2533 409 449
87-1-1-0.05-50-0 1 2454 1 1 409 409 0.2520 0.2520 409 409
87-1-1-0.05-50-0 1 2454 20 46 102 2 0.9922 0.3451 102 327
87-1-1-0.05-50-0 1 2454 1 1 408 408 0.2520 0.2520 409 409
87-1-1-0.05-50-0 1 2455 1 1 409 409 0.2520 0.2520 409 409
87-1-1-0.05-50-0 1 2455 1 10 408 400 0.2520 0.2533 409 449
87-1-1-0.05-50-0 1 2455 1 1 408 408 0.2520 0.2520 409 409
87-1-1-0.05-50-0 1 2455 1 1 407 407 0.2520 0.2520 409 409
87-1-1-0.05-50-0 1 2455 1 50 406 38 0.2520 0.2147 409 147
87-1-1-0.05-50-0 1 2455 1 10 406 399 0.2520 0.2533 409 449
87-1-1-0.05-50-0 1 2455 39 49 2 2 0.2187 0.1842 309 136
87-1-1-0.05-50-0 1 2456 20 46 102 1 0.9922 0.3451 102 327
87-1-1-0.05-50-0 1 2456 1 10 409 408 0.2520 0.2533 409 449
87-1-1-0.05-50-0 1 2456 1 10 409 407 0.2520 0.2533 409 449
87-1-1-0.05-50-0 1 2456 1 10 409 406 0.2520 0.2533 409 449
87-1-1-0.05-50-0 1 2456 1 1 409 409 0.2520 0.2520 409 409
87-1-1-0.05-50-0 1 2456 1 1 408 408 0.2520 0.2520 409 409
87-1-1-0.05-50-0 1 2456 1 10 407 405 0.2520 0.2533 409 449
87-1-1-0.05-50-0 1 2456 1 1 407 407 0.2520 0.2520 409 409
87-1-1-0.05-50-0 1 2456 1 8 406 12 0.2520 0.2506 409 303
87-1-1-0.05-50-0 1 2456 1 1 406 406 0.2520 0.2520 409 409
87-1-1-0.05-50-0 1 2456 1 50 405 38 0.2520 0.2147 409 147
87-1-1-0.05-50-0 1 2457 1 1 408 408 0.2520 0.2520 409 409
87-1-1-0.05-50-0 1 2457 1 8 407 12 0.2520 0.2506 409 303
87-1-1-0.05-50-0 1 2457 40 15 89 1 0.9739 0.7918 104 149
87-1-1-0.05-50-0 1 2457 20 9 102 1 0.9922 0.6134 102 161
87-1-1-0.05-50-0 1 2457 1 1 407 407 0.2520 0.2520 409 409
87-1-1-0.05-50-0 1 2457 20 29 102 1 0.9922 0.6728 102 177
87-1-1-0.05-50-0 1 2457 1 1 406 406 0.2520 0.2520 409 409
87-1-1-0.05-50-0 1 2457 1 1 405 405 0.2520 0.2520 409 409
87-1-1-0.05-50-0 1 2457 1 10 404 416 0.2520 0.2533 409 449
87-1-1-0.05-50-0 1 2458 1 1 409 409 0.2520 0.2520 409 409
87-1-1-0.05-50-0 1 2458 1 1 408 408 0.2520 0.2520 409 409
87-1-1-0.05-50-0 1 2458 1 1 407 407 0.2520 0.2520 409 409
87-1-1-0.05-50-0 1 2458 1 1 406 406 0.2520 0.2520 409 409
87-1-1-0.05-50-0 1 2458 1 10 405 418 0.2520 0.2533 409 449
87-1-1-0.05-50-0 1 2458 1 1 405 405 0.2520 0.2520 409 409
87-1-1-0.05-50-0 1 2459 1 1 406 406 0.2520 0.2520 409 409
87-1-1-0.05-50-0 1 2459 1 18 405 39 0.2520 0.2181 409 226
87-1-1-0.05-50-0 1 2459 1 1 405 405 0.2520 0.2520 409 409
87-1-1-0.05-50-0 1 2459 1 16 404 10 0.2520 0.2228 409 149
87-1-1-0.05-50-0 1 2459 23 23 5 5 0.1698 0.1698 476 476
87-1-1-0.05-50-0 1 2459 39 18 3 38 0.2187 0.2181 309 226
87-1-1-0.05-50-0 1 2459 1 1 404 404 0.2520 0.2520 409 409
87-1-1-0.05-50-0 1 2459 1 10 403 429 0.2520 0.2533 409 449
87-1-1-0.05-50-0 1 2459 1 10 403 428 0.2520 0.2533 409 449
87-1-1-0.05-50-0 1 2459 1 1 403 403 0.2520 0.2520 409 409
87-1-1-0.05-50-0 1 2459 1 10 402 427 0.2520 0.2533 409 449
87-1-1-0.05-50-0 1 2460 1 10 404 423 0.2520 0.2533 409 449
87-1-1-0.05-50-0 1 2460 40 28 88 1 0.9739 0.3846 104 311
87-1-1-0.05-50-0 1 2460 1 1 404 404 0.2520 0.2520 409 409
87-1-1-0.05-50-0 1 2460 1 10 403 422 0.2520 0.2533 409 449
87-1-1-0.05-50-0 1 2460 1 1 403 403 0.2520 0.2520 409 409
87-1-1-0.05-50-0 1 2460 1 10 402 421 0.2520 0.2533 409 449
87-1-1-0.05-50-0 1 2460 1 10 402 420 0.2520 0.2533 409 449
87-1-1-0.05-50-0 1 2460 1 10 402 419 0.2520 0.2533 409 449
87-1-1-0.05-50-0 1 2460 50 48 35 1 0.2147 0.1153 147 334
87-1-1-0.05-50-0 1 2460 1 10 402 418 0.2520 0.2533 409 449
87-1-1-0.05-50-0 1 2460 1 1 402 402 0.2520 0.2520 409 409
87-1-1-0.05-50-0 1 2460 1 10 401 417 0.2520 0.2533 409 449
87-1-1-0.05-50-0 1 2460 1 10 401 416 0.2520 0.2533 409 449
87-1-1-0.05-50-0 1 2461 1 10 408 416 0.2520 0.2533 409 449
87-1-1-0.05-50-0 1 2461 1 10 408 415 0.2520 0.2533 409 449
87-1-1-0.05-50-0 1 2461 1 1 408 408 0.2520 0.2520 409 409
87-1-1-0.05-50-0 1 2461 1 1 407 407 0.2520 0.2520 409 409
87-1-1-0.05-50-0 1 2461 1 1 406 406 0.2520 0.2520 409 409
87-1-1-0.05-50-0 1 2461 1 10 405 414 0.2520 0.2533 409 449
87-1-1-0.05-50-0 1 2461 1 10 405 413 0.2520 0.2533 409 449
87-1-1-0.05-50-0 1 2461 1 1 405 405 0.2520 0.2520 409 409
87-1-1-0.05-50-0 1 2461 1 10 404 412 0.2520 0.2533 409 449
87-1-1-0.05-50-0 1 2461 1 1 404 404 0.2520 0.2520 409 409
87-1-1-0.05-50-0 1 2462 1 1 402 402 0.2520 0.2520 409 409
87-1-1-0.05-50-0 1 2462 1 10 401 408 0.2520 0.2533 409 449
87-1-1-0.05-50-0 1 2462 1 1 401 401 0.2520 0.2520 409 409
87-1-1-0.05-50-0 1 2462 1 1 400 400 0.2520 0.2520 409 409
87-1-1-0.05-50-0 1 2462 1 10 399 407 0.2520 0.2533 409 449
87-1-1-0.05-50-0 1 2462 1 1 399 399 0.2520 0.2520 409 409
87-1-1-0.05-50-0 1 2462 1 1 398 398 0.2520 0.2520 409 409
87-1-1-0.05-50-0 1 2462 1 10 397 406 0.2520 0.2533 409 449
87-1-1-0.05-50-0 1 2462 1 1 397 397 0.2520 0.2520 409 409
87-1-1-0.05-50-0 1 2463 1 50 408 36 0.2520 0.2147 409 147
87-1-1-0.05-50-0 1 2463 1 10 408 400 0.2520 0.2533 409 449
87-1-1-0.05-50-0 1 2463 1 10 408 399 0.2520 0.2533 409 449
87-1-1-0.05-50-0 1 2463 1 50 408 35 0.2520 0.2147 409 147
87-1-1-0.05-50-0 1 2464 1 10 401 400 0.2520 0.2533 409 449
87-1-1-0.05-50-0 1 2464 1 10 401 399 0.2520 0.2533 409 449
87-1-1-0.05-50-0 1 2464 1 10 401 398 0.2520 0.2533 409 449
87-1-1-0.05-50-0 1 2464 1 10 401 397 0.2520 0.2533 409 449
87-1-1-0.05-50-0 1 2464 1 10 401 396 0.2520 0.2533 409 449
87-1-1-0.05-50-0 1 2464 1 1 401 401 0.2520 0.2520 409 409
87-1-1-0.05-50-0 1 2464 1 1 400 400 0.2520 0.2520 409 409
87-1-1-0.05-50-0 1 2464 1 1 399 399 0.2520 0.2520 409 409
87-1-1-0.05-50-0 1 2464 1 1 398 398 0.2520 0.2520 409 409
87-1-1-0.05-50-0 1 2464 1 10 397 395 0.2520 0.2533 409 449
87-1-1-0.05-50-0 1 2464 1 10 397 394 0.2520 0.2533 409 449
87-1-1-0.05-50-0 1 2465 1 1 399 399 0.2520 0.2520 409 409
87-1-1-0.05-50-0 1 2465 1 10 398 398 0.2520 0.2533 409 449
87-1-1-0.05-50-0 1 2465 1 10 398 397 0.2520 0.2533 409 449
87-1-1-0.05-50-0 1 2465 1 10 398 396 0.2520 0.2533 409 449
87-1-1-0.05-50-0 1 2465 1 10 398 395 0.2520 0.2533 409 449
87-1-1-0.05-50-0 1 2465 1 10 398 394 0.2520 0.2533 409 449
87-1-1-0.05-50-0 1 2465 40 44 84 1 0.9739 0.7034 104 118
87-1-1-0.05-50-0 1 2465 1 1 398 398 0.2520 0.2520 409 409
87-1-1-0.05-50-0 1 2465 1 1 397 397 0.2520 0.2520 409 409
87-1-1-0.05-50-0 1 2465 1 10 396 393 0.2520 0.2533 409 449
87-1-1-0.05-50-0 1 2465 1 1 396 396 0.2520 0.2520 409 409
87-1-1-0.05-50-0 1 2466 1 10 396 402 0.2520 0.2533 409 449
87-1-1-0.05-50-0 1 2466 1 10 396 401 0.2520 0.2533 409 449
87-1-1-0.05-50-0 1 2466 1 10 396 400 0.2520 0.2533 409 449
87-1-1-0.05-50-0 1 2466 1 8 396 15 0.2520 0.2506 409 303
87-1-1-0.05-50-0 1 2466 1 10 396 399 0.2520 0.2533 409 449
87-1-1-0.05-50-0 1 2466 1 1 396 396 0.2520 0.2520 409 409
87-1-1-0.05-50-0 1 2466 1 1 395 395 0.2520 0.2520 409 409
87-1-1-0.05-50-0 1 2466 40 34 87 3 0.9739 0.7448 104 168
87-1-1-0.05-50-0 1 2466 1 50 394 34 0.2520 0.2147 409 147
87-1-1-0.05-50-0 1 2466 1 10 394 398 0.2520 0.2533 409 449
87-1-1-0.05-50-0 1 2467 1 10 401 401 0.2520 0.2533 409 449
87-1-1-0.05-50-0 1 2467 1 10 401 400 0.2520 0.2533 409 449
87-1-1-0.05-50-0 1 2467 1 1 401 401 0.2520 0.2520 409 409
87-1-1-0.05-50-0 1 2467 1 10 400 399 0.2520 0.2533 409 449
87-1-1-0.05-50-0 1 2467 1 16 400 8 0.2520 0.2228 409 149
87-1-1-0.05-50-0 1 2467 40 6 88 1 0.9739 0.4266 104 249
87-1-1-0.05-50-0 1 2467 1 1 400 400 0.2520 0.2520 409 409
87-1-1-0.05-50-0 1 2467 1 1 399 399 0.2520 0.2520 409 409
87-1-1-0.05-50-0 1 2467 2 30 69 2 0.8198 0.6008 167 266
87-1-1-0.05-50-0 1 2468 1 1 399 399 0.2520 0.2520 409 409
87-1-1-0.05-50-0 1 2468 1 1 398 398 0.2520 0.2520 409 409
87-1-1-0.05-50-0 1 2468 1 1 397 397 0.2520 0.2520 409 409
87-1-1-0.05-50-0 1 2468 1 1 396 396 0.2520 0.2520 409 409
87-1-1-0.05-50-0 1 2468 1 1 395 395 0.2520 0.2520 409 409
87-1-1-0.05-50-0 1 2468 1 1 394 394 0.2520 0.2520 409 409
87-1-1-0.05-50-0 1 2468 1 1 393 393 0.2520 0.2520 409 409
87-1-1-0.05-50-0 1 2468 1 50 392 32 0.2520 0.2147 409 147
87-1-1-0.05-50-0 1 2468 1 10 392 412 0.2520 0.2533 409 449
87-1-1-0.05-50-0 1 2469 1 10 401 419 0.2520 0.2533 409 449
87-1-1-0.05-50-0 1 2469 1 10 401 418 0.2520 0.2533 409 449
87-1-1-0.05-50-0 1 2469 1 10 401 417 0.2520 0.2533 409 449
87-1-1-0.05-50-0 1 2469 1 1 401 401 0.2520 0.2520 409 409
87-1-1-0.05-50-0 1 2469 1 1 400 400 0.2520 0.2520 409 409
87-1-1-0.05-50-0 1 2469 1 10 399 416 0.2520 0.2533 409 449
87-1-1-0.05-50-0 1 2469 1 1 399 399 0.2520 0.2520 409 409
87-1-1-0.05-50-0 1 2469 1 1 398 398 0.2520 0.2520 409 409
87-1-1-0.05-50-0 1 2469 1 10 397 415 0.2520 0.2533 409 449
87-1-1-0.05-50-0 1 2469 1 50 397 30 0.2520 0.2147 409 147
87-1-1-0.05-50-0 1 2469 1 10 397 414 0.2520 0.2533 409 449
87-1-1-0.05-50-0 1 2470 1 10 407 423 0.2520 0.2533 409 449
87-1-1-0.05-50-0 1 2470 1 10 407 422 0.2520 0.2533 409 449
87-1-1-0.05-50-0 1 2470 40 30 87 1 0.9739 0.6008 104 266
87-1-1-0.05-50-0 1 2470 1 1 407 407 0.2520 0.2520 409 409
87-1-1-0.05-50-0 1 2470 7 31 86 1 0.9267 0.5626 106 252
87-1-1-0.05-50-0 1 2471 2 3 69 1 0.8198 0.4813 167 321
87-1-1-0.05-50-0 1 2471 1 10 407 419 0.2520 0.2533 409 449
87-1-1-0.05-50-0 1 2471 1 23 407 6 0.2520 0.1698 409 476
87-1-1-0.05-50-0 1 2471 1 8 407 13 0.2520 0.2506 409 303
87-1-1-0.05-50-0 1 2471 1 50 407 33 0.2520 0.2147 409 147
87-1-1-0.05-50-0 1 2471 1 18 407 40 0.2520 0.2181 409 226
87-1-1-0.05-50-0 1 2471 1 1 407 407 0.2520 0.2520 409 409
87-1-1-0.05-50-0 1 2471 1 1 406 406 0.2520 0.2520 409 409
87-1-1-0.05-50-0 1 2471 1 1 405 405 0.2520 0.2520 409 409
87-1-1-0.05-50-0 1 2471 1 10 404 418 0.2520 0.2533 409 449
87-1-1-0.05-50-0 1 2472 40 38 88 1 0.9739 0.6163 104 270
87-1-1-0.05-50-0 1 2472 1 10 409 427 0.2520 0.2533 409 449
87-1-1-0.05-50-0 1 2472 1 1 409 409 0.2520 0.2520 409 409
87-1-1-0.05-50-0 1 2472 1 10 408 426 0.2520 0.2533 409 449
87-1-1-0.05-50-0 1 2472 1 10 408 425 0.2520 0.2533 409 449
87-1-1-0.05-50-0 1 2472 1 10 408 424 0.2520 0.2533 409 449
87-1-1-0.05-50-0 1 2472 1 1 408 408 0.2520 0.2520 409 409
87-1-1-0.05-50-0 1 2472 1 10 407 423 0.2520 0.2533 409 449
87-1-1-0.05-50-0 1 2473 1 10 409 425 0.2520 0.2533 409 449
87-1-1-0.05-50-0 1 2473 1 1 409 409 0.2520 0.2520 409 409
87-1-1-0.05-50-0 1 2473 1 10 408 424 0.2520 0.2533 409 449
87-1-1-0.05-50-0 1 2473 1 10 408 423 0.2520 0.2533 409 449
87-1-1-0.05-50-0 1 2473 1 50 408 30 0.2520 0.2147 409 147
87-1-1-0.05-50-0 1 2473 1 10 408 422 0.2520 0.2533 409 449
87-1-1-0.05-50-0 1 2473 1 1 408 408 0.2520 0.2520 409 409
87-1-1-0.05-50-0 1 2473 1 8 407 11 0.2520 0.2506 409 303
87-1-1-0.05-50-0 1 2473 1 18 407 39 0.2520 0.2181 409 226
87-1-1-0.05-50-0 1 2473 1 1 407 407 0.2520 0.2520 409 409
87-1-1-0.05-50-0 1 2473 1 10 406 421 0.2520 0.2533 409 449
87-1-1-0.05-50-0 1 2473 1 10 406 420 0.2520 0.2533 409 449
87-1-1-0.05-50-0 1 2474 1 10 406 429 0.2520 0.2533 409 449
87-1-1-0.05-50-0 1 2474 1 1 406 406 0.2520 0.2520 409 409
87-1-1-0.05-50-0 1 2474 1 1 405 405 0.2520 0.2520 409 409
87-1-1-0.05-50-0 1 2474 1 1 404 404 0.2520 0.2520 409 409
87-1-1-0.05-50-0 1 2474 1 16 403 10 0.2520 0.2228 409 149
87-1-1-0.05-50-0 1 2474 1 10 403 428 0.2520 0.2533 409 449
87-1-1-0.05-50-0 1 2474 1 1 403 403 0.2520 0.2520 409 409
87-1-1-0.05-50-0 1 2474 1 1 402 402 0.2520 0.2520 409 409
87-1-1-0.05-50-0 1 2474 1 10 401 427 0.2520 0.2533 409 449
87-1-1-0.05-50-0 1 2474 1 1 401 401 0.2520 0.2520 409 409
87-1-1-0.05-50-0 1 2474 1 10 400 426 0.2520 0.2533 409 449
87-1-1-0.05-50-0 1 2474 1 1 400 400 0.2520 0.2520 409 409
87-1-1-0.05-50-0 1 2474 1 18 399 39 0.2520 0.2181 409 226
87-1-1-0.05-50-0 1 2475 1 10 409 430 0.2520 0.2533 409 449
87-1-1-0.05-50-0 1 2475 1 10 409 429 0.2520 0.2533 409 449
87-1-1-0.05-50-0 1 2475 1 10 409 428 0.2520 0.2533 409 449
87-1-1-0.05-50-0 1 2475 1 1 409 409 0.2520 0.2520 409 409
87-1-1-0.05-50-0 1 2475 1 10 408 427 0.2520 0.2533 409 449
87-1-1-0.05-50-0 1 2475 1 1 408 408 0.2520 0.2520 409 409
87-1-1-0.05-50-0 1 2475 1 1 407 407 0.2520 0.2520 409 409
87-1-1-0.05-50-0 1 2475 1 10 406 426 0.2520 0.2533 409 449
87-1-1-0.05-50-0 1 2476 1 18 409 41 0.2520 0.2181 409 226
87-1-1-0.05-50-0 1 2476 1 10 409 437 0.2520 0.2533 409 449
87-1-1-0.05-50-0 1 2476 1 1 409 409 0.2520 0.2520 409 409
87-1-1-0.05-50-0 1 2476 1 1 408 408 0.2520 0.2520 409 409
87-1-1-0.05-50-0 1 2476 1 10 407 436 0.2520 0.2533 409 449
87-1-1-0.05-50-0 1 2476 20 45 93 1 0.9922 0.3816 102 173
87-1-1-0.05-50-0 1 2476 1 50 407 29 0.2520 0.2147 409 147
87-1-1-0.05-50-0 1 2476 1 10 407 435 0.2520 0.2533 409 449
87-1-1-0.05-50-0 1 2476 1 1 407 407 0.2520 0.2520 409 409
87-1-1-0.05-50-0 1 2476 1 1 406 406 0.2520 0.2520 409 409
87-1-1-0.05-50-0 1 2476 37 50 5 28 0.8481 0.2147 127 147
87-1-1-0.05-50-0 1 2477 1 1 409 409 0.2520 0.2520 409 409
87-1-1-0.05-50-0 1 2477 1 1 408 408 0.2520 0.2520 409 409
87-1-1-0.05-50-0 1 2477 1 1 407 407 0.2520 0.2520 409 409
87-1-1-0.05-50-0 1 2477 1 10 406 431 0.2520 0.2533 409 449
87-1-1-0.05-50-0 1 2477 1 10 406 430 0.2520 0.2533 409 449
87-1-1-0.05-50-0 1 2477 1 50 406 27 0.2520 0.2147 409 147
87-1-1-0.05-50-0 1 2477 23 23 5 5 0.1698 0.1698 476 476
87-1-1-0.05-50-0 1 2477 1 1 406 406 0.2520 0.2520 409 409
87-1-1-0.05-50-0 1 2477 1 1 405 405 0.2520 0.2520 409 409
87-1-1-0.05-50-0 1 2477 1 1 404 404 0.2520 0.2520 409 409
87-1-1-0.05-50-0 1 2477 41 5 98 2 0.9621 0.0007 105 226
87-1-1-0.05-50-0 1 2478 1 1 409 409 0.2520 0.2520 409 409
87-1-1-0.05-50-0 1 2478 1 1 408 408 0.2520 0.2520 409 409
87-1-1-0.05-50-0 1 2478 1 18 407 40 0.2520 0.2181 409 226
87-1-1-0.05-50-0 1 2478 1 1 407 407 0.2520 0.2520 409 409
87-1-1-0.05-50-0 1 2478 1 1 406 406 0.2520 0.2520 409 409
87-1-1-0.05-50-0 1 2478 1 10 405 436 0.2520 0.2533 409 449
87-1-1-0.05-50-0 1 2478 1 1 405 405 0.2520 0.2520 409 409
87-1-1-0.05-50-0 1 2478 1 1 404 404 0.2520 0.2520 409 409
87-1-1-0.05-50-0 1 2478 1 10 403 435 0.2520 0.2533 409 449
87-1-1-0.05-50-0 1 2479 40 34 94 3 0.9739 0.7448 104 168
87-1-1-0.05-50-0 1 2479 1 10 407 440 0.2520 0.2533 409 449
87-1-1-0.05-50-0 1 2479 1 10 407 439 0.2520 0.2533 409 449
87-1-1-0.05-50-0 1 2479 1 1 407 407 0.2520 0.2520 409 409
87-1-1-0.05-50-0 1 2479 1 1 406 406 0.2520 0.2520 409 409
87-1-1-0.05-50-0 1 2480 1 1 406 406 0.2520 0.2520 409 409
87-1-1-0.05-50-0 1 2480 1 1 405 405 0.2520 0.2520 409 409
87-1-1-0.05-50-0 1 2480 1 10 404 437 0.2520 0.2533 409 449
87-1-1-0.05-50-0 1 2480 1 10 404 436 0.2520 0.2533 409 449
87-1-1-0.05-50-0 1 2480 1 10 404 435 0.2520 0.2533 409 449
87-1-1-0.05-50-0 1 2481 1 10 409 439 0.2520 0.2533 409 449
87-1-1-0.05-50-0 1 2481 19 19 12 12 0.8072 0.8072 134 134
87-1-1-0.05-50-0 1 2481 1 18 409 44 0.2520 0.2181 409 226
87-1-1-0.05-50-0 1 2481 1 1 409 409 0.2520 0.2520 409 409
87-1-1-0.05-50-0 1 2481 1 10 408 438 0.2520 0.2533 409 449
87-1-1-0.05-50-0 1 2481 1 1 408 408 0.2520 0.2520 409 409
87-1-1-0.05-50-0 1 2481 1 10 407 437 0.2520 0.2533 409 449
87-1-1-0.05-50-0 1 2481 1 8 407 8 0.2520 0.2506 409 303
87-1-1-0.05-50-0 1 2481 1 10 407 436 0.2520 0.2533 409 449
87-1-1-0.05-50-0 1 2481 1 1 407 407 0.2520 0.2520 409 409
87-1-1-0.05-50-0 1 2481 2 44 75 3 0.8198 0.7034 167 118
87-1-1-0.05-50-0 1 2482 1 1 409 409 0.2520 0.2520 409 409
87-1-1-0.05-50-0 1 2482 1 1 408 408 0.2520 0.2520 409 409
87-1-1-0.05-50-0 1 2482 1 1 407 407 0.2520 0.2520 409 409
87-1-1-0.05-50-0 1 2482 1 18 406 44 0.2520 0.2181 409 226
87-1-1-0.05-50-0 1 2482 1 10 406 446 0.2520 0.2533 409 449
87-1-1-0.05-50-0 1 2482 2 44 74 2 0.8198 0.7034 167 118
87-1-1-0.05-50-0 1 2482 1 10 406 445 0.2520 0.2533 409 449
87-1-1-0.05-50-0 1 2482 1 1 406 406 0.2520 0.2520 409 409
87-1-1-0.05-50-0 1 2482 1 10 405 444 0.2520 0.2533 409 449
87-1-1-0.05-50-0 1 2482 1 10 405 443 0.2520 0.2533 409 449
87-1-1-0.05-50-0 1 2483 40 34 93 3 0.9739 0.7448 104 168
87-1-1-0.05-50-0 1 2483 1 1 407 407 0.2520 0.2520 409 409
87-1-1-0.05-50-0 1 2483 20 44 81 1 0.9922 0.7034 102 118
87-1-1-0.05-50-0 1 2483 1 10 406 447 0.2520 0.2533 409 449
87-1-1-0.05-50-0 1 2483 1 1 406 406 0.2520 0.2520 409 409
87-1-1-0.05-50-0 1 2483 1 1 405 405 0.2520 0.2520 409 409
87-1-1-0.05-50-0 1 2483 40 46 93 1 0.9739 0.3451 104 327
87-1-1-0.05-50-0 1 2483 1 18 404 41 0.2520 0.2181 409 226
87-1-1-0.05-50-0 1 2483 40 34 93 2 0.9739 0.7448 104 168
87-1-1-0.05-50-0 1 2484 1 10 409 445 0.2520 0.2533 409 449
87-1-1-0.05-50-0 1 2484 1 1 409 409 0.2520 0.2520 409 409
87-1-1-0.05-50-0 1 2484 1 1 408 408 0.2520 0.2520 409 409
87-1-1-0.05-50-0 1 2484 1 1 407 407 0.2520 0.2520 409 409
87-1-1-0.05-50-0 1 2484 1 10 406 444 0.2520 0.2533 409 449
87-1-1-0.05-50-0 1 2484 1 1 406 406 0.2520 0.2520 409 409
87-1-1-0.05-50-0 1 2484 1 1 405 405 0.2520 0.2520 409 409
87-1-1-0.05-50-0 1 2484 1 10 404 443 0.2520 0.2533 409 449
87-1-1-0.05-50-0 1 2484 1 1 404 404 0.2520 0.2520 409 409
87-1-1-0.05-50-0 1 2484 1 1 403 403 0.2520 0.2520 409 409
87-1-1-0.05-50-0 1 2484 1 10 402 442 0.2520 0.2533 409 449
87-1-1-0.05-50-0 1 2484 1 1 402 402 0.2520 0.2520 409 409
87-1-1-0.05-50-0 1 2485 1 1 409 409 0.2520 0.2520 409 409
87-1-1-0.05-50-0 1 2485 1 10 408 448 0.2520 0.2533 409 449
87-1-1-0.05-50-0 1 2485 1 10 408 447 0.2520 0.2533 409 449
87-1-1-0.05-50-0 1 2485 1 1 408 408 0.2520 0.2520 409 409
87-1-1-0.05-50-0 1 2485 1 1 407 407 0.2520 0.2520 409 409
87-1-1-0.05-50-0 1 2485 1 1 406 406 0.2520 0.2520 409 409
87-1-1-0.05-50-0 1 2485 1 1 405 405 0.2520 0.2520 409 409
87-1-1-0.05-50-0 1 2485 1 10 404 446 0.2520 0.2533 409 449
87-1-1-0.05-50-0 1 2486 1 18 406 42 0.2520 0.2181 409 226
87-1-1-0.05-50-0 1 2486 1 10 406 449 0.2520 0.2533 409 449
87-1-1-0.05-50-0 1 2486 1 1 406 406 0.2520 0.2520 409 409
87-1-1-0.05-50-0 1 2486 1 10 405 448 0.2520 0.2533 409 449
87-1-1-0.05-50-0 1 2486 1 10 405 447 0.2520 0.2533 409 449
87-1-1-0.05-50-0 1 2486 1 8 405 8 0.2520 0.2506 409 303
87-1-1-0.05-50-0 1 2486 1 1 405 405 0.2520 0.2520 409 409
87-1-1-0.05-50-0 1 2487 1 10 409 449 0.2520 0.2533 409 449
87-1-1-0.05-50-0 1 2487 1 50 409 32 0.2520 0.2147 409 147
87-1-1-0.05-50-0 1 2487 1 1 409 409 0.2520 0.2520 409 409
87-1-1-0.05-50-0 1 2487 1 10 408 448 0.2520 0.2533 409 449
87-1-1-0.05-50-0 1 2487 1 50 408 31 0.2520 0.2147 409 147
87-1-1-0.05-50-0 1 2487 1 10 408 447 0.2520 0.2533 409 449
87-1-1-0.05-50-0 1 2488 20 28 80 1 0.9922 0.3846 102 311
87-1-1-0.05-50-0 1 2488 1 10 409 449 0.2520 0.2533 409 449
87-1-1-0.05-50-0 1 2488 1 1 409 409 0.2520 0.2520 409 409
87-1-1-0.05-50-0 1 2488 1 10 408 448 0.2520 0.2533 409 449
87-1-1-0.05-50-0 1 2488 1 10 408 447 0.2520 0.2533 409 449
87-1-1-0.05-50-0 1 2488 34 5 2 1 0.7448 0.0007 168 226
87-1-1-0.05-50-0 1 2488 1 1 408 408 0.2520 0.2520 409 409
87-1-1-0.05-50-0 1 2488 1 1 407 407 0.2520 0.2520 409 409
87-1-1-0.05-50-0 1 2489 1 1 409 409 0.2520 0.2520 409 409
87-1-1-0.05-50-0 1 2489 1 10 408 449 0.2520 0.2533 409 449
87-1-1-0.05-50-0 1 2489 1 10 408 448 0.2520 0.2533 409 449
87-1-1-0.05-50-0 1 2489 1 10 408 447 0.2520 0.2533 409 449
87-1-1-0.05-50-0 1 2489 1 1 408 408 0.2520 0.2520 409 409
87-1-1-0.05-50-0 1 2489 1 1 407 407 0.2520 0.2520 409 409
87-1-1-0.05-50-0 1 2490 1 1 398 398 0.2520 0.2520 409 409
87-1-1-0.05-50-0 1 2490 1 10 397 449 0.2520 0.2533 409 449
87-1-1-0.05-50-0 1 2490 1 1 397 397 0.2520 0.2520 409 409
87-1-1-0.05-50-0 1 2490 1 10 396 448 0.2520 0.2533 409 449
87-1-1-0.05-50-0 1 2490 1 10 396 447 0.2520 0.2533 409 449
87-1-1-0.05-50-0 1 2490 1 10 396 446 0.2520 0.2533 409 449
87-1-1-0.05-50-0 1 2490 1 1 396 396 0.2520 0.2520 409 409
87-1-1-0.05-50-0 1 2490 1 1 395 395 0.2520 0.2520 409 409
87-1-1-0.05-50-0 1 2490 1 1 394 394 0.2520 0.2520 409 409
87-1-1-0.05-50-0 1 2491 1 1 387 387 0.2520 0.2520 409 409
87-1-1-0.05-50-0 1 2491 1 10 386 449 0.2520 0.2533 409 449
87-1-1-0.05-50-0 1 2491 1 1 386 386 0.2520 0.2520 409 409
87-1-1-0.05-50-0 1 2491 40 30 100 1 0.9739 0.6008 104 266
87-1-1-0.05-50-0 1 2491 1 1 385 385 0.2520 0.2520 409 409
87-1-1-0.05-50-0 1 2491 1 1 384 384 0.2520 0.2520 409 409
87-1-1-0.05-50-0 1 2491 1 1 383 383 0.2520 0.2520 409 409
87-1-1-0.05-50-0 1 2491 40 34 100 2 0.9739 0.7448 104 168
87-1-1-0.05-50-0 1 2491 1 18 382 44 0.2520 0.2181 409 226
87-1-1-0.05-50-0 1 2491 1 10 382 448 0.2520 0.2533 409 449
87-1-1-0.05-50-0 1 2491 1 10 382 447 0.2520 0.2533 409 449
87-1-1-0.05-50-0 1 2491 20 44 80 1 0.9922 0.7034 102 118
87-1-1-0.05-50-0 1 2492 1 1 382 382 0.2520 0.2520 409 409
87-1-1-0.05-50-0 1 2492 1 1 381 381 0.2520 0.2520 409 409
87-1-1-0.05-50-0 1 2492 1 1 380 380 0.2520 0.2520 409 409
87-1-1-0.05-50-0 1 2492 1 10 379 449 0.2520 0.2533 409 449
87-1-1-0.05-50-0 1 2492 1 10 379 448 0.2520 0.2533 409 449
87-1-1-0.05-50-0 1 2492 1 1 379 379 0.2520 0.2520 409 409
87-1-1-0.05-50-0 1 2492 1 1 378 378 0.2520 0.2520 409 409
87-1-1-0.05-50-0 1 2492 1 10 377 447 0.2520 0.2533 409 449
87-1-1-0.05-50-0 1 2493 1 10 377 449 0.2520 0.2533 409 449
87-1-1-0.05-50-0 1 2493 1 10 377 448 0.2520 0.2533 409 449
87-1-1-0.05-50-0 1 2493 1 10 377 447 0.2520 0.2533 409 449
87-1-1-0.05-50-0 1 2493 19 3 10 1 0.8072 0.4813 134 321
87-1-1-0.05-50-0 1 2493 1 10 377 446 0.2520 0.2533 409 449
87-1-1-0.05-50-0 1 2493 1 1 377 377 0.2520 0.2520 409 409
87-1-1-0.05-50-0 1 2493 1 10 376 445 0.2520 0.2533 409 449
87-1-1-0.05-50-0 1 2493 1 1 376 376 0.2520 0.2520 409 409
87-1-1-0.05-50-0 1 2493 1 50 375 27 0.2520 0.2147 409 147
87-1-1-0.05-50-0 1 2494 1 10 378 449 0.2520 0.2533 409 449
87-1-1-0.05-50-0 1 2494 1 10 378 448 0.2520 0.2533 409 449
87-1-1-0.05-50-0 1 2494 1 24 378 3 0.2520 0.1940 409 254
87-1-1-0.05-50-0 1 2494 1 1 378 378 0.2520 0.2520 409 409
87-1-1-0.05-50-0 1 2494 16 49 12 2 0.2228 0.1842 149 136
87-1-1-0.05-50-0 1 2494 1 1 377 377 0.2520 0.2520 409 409
87-1-1-0.05-50-0 1 2494 1 18 376 44 0.2520 0.2181 409 226
87-1-1-0.05-50-0 1 2494 1 10 376 447 0.2520 0.2533 409 449
87-1-1-0.05-50-0 1 2494 1 1 376 376 0.2520 0.2520 409 409
87-1-1-0.05-50-0 1 2494 1 1 375 375 0.2520 0.2520 409 409
87-1-1-0.05-50-0 1 2494 1 1 374 374 0.2520 0.2520 409 409
87-1-1-0.05-50-0 1 2495 1 10 375 441 0.2520 0.2533 409 449
87-1-1-0.05-50-0 1 2495 1 23 375 1 0.2520 0.1698 409 476
87-1-1-0.05-50-0 1 2495 1 10 375 440 0.2520 0.2533 409 449
87-1-1-0.05-50-0 1 2495 1 1 375 375 0.2520 0.2520 409 409
87-1-1-0.05-50-0 1 2495 1 1 374 374 0.2520 0.2520 409 409
87-1-1-0.05-50-0 1 2496 1 1 378 378 0.2520 0.2520 409 409
87-1-1-0.05-50-0 1 2496 1 50 377 25 0.2520 0.2147 409 147
87-1-1-0.05-50-0 1 2496 1 1 377 377 0.2520 0.2520 409 409
87-1-1-0.05-50-0 1 2496 1 10 376 447 0.2520 0.2533 409 449
87-1-1-0.05-50-0 1 2496 1 1 376 376 0.2520 0.2520 409 409
87-1-1-0.05-50-0 1 2496 1 10 375 446 0.2520 0.2533 409 449
87-1-1-0.05-50-0 1 2496 1 50 375 24 0.2520 0.2147 409 147
87-1-1-0.05-50-0 1 2497 1 10 384 446 0.2520 0.2533 409 449
87-1-1-0.05-50-0 1 2497 1 18 384 45 0.2520 0.2181 409 226
87-1-1-0.05-50-0 1 2497 1 10 384 445 0.2520 0.2533 409 449
87-1-1-0.05-50-0 1 2497 1 24 384 3 0.2520 0.1940 409 254
87-1-1-0.05-50-0 1 2497 1 10 384 444 0.2520 0.2533 409 449
87-1-1-0.05-50-0 1 2497 1 10 384 443 0.2520 0.2533 409 449
87-1-1-0.05-50-0 1 2497 1 10 384 442 0.2520 0.2533 409 449
87-1-1-0.05-50-0 1 2497 1 10 384 441 0.2520 0.2533 409 449
87-1-1-0.05-50-0 1 2497 1 10 384 440 0.2520 0.2533 409 449
87-1-1-0.05-50-0 1 2497 1 10 384 439 0.2520 0.2533 409 449
87-1-1-0.05-50-0 1 2497 1 1 384 384 0.2520 0.2520 409 409
87-1-1-0.05-50-0 1 2498 1 10 387 445 0.2520 0.2533 409 449
87-1-1-0.05-50-0 1 2498 1 1 387 387 0.2520 0.2520 409 409
87-1-1-0.05-50-0 1 2498 1 1 386 386 0.2520 0.2520 409 409
87-1-1-0.05-50-0 1 2498 1 16 385 13 0.2520 0.2228 409 149
87-1-1-0.05-50-0 1 2498 1 50 385 22 0.2520 0.2147 409 147
87-1-1-0.05-50-0 1 2498 1 1 385 385 0.2520 0.2520 409 409
87-1-1-0.05-50-0 1 2498 1 1 384 384 0.2520 0.2520 409 409
87-1-1-0.05-50-0 1 2499 1 50 386 22 0.2520 0.2147 409 147
87-1-1-0.05-50-0 1 2499 1 1 386 386 0.2520 0.2520 409 409
87-1-1-0.05-50-0 1 2499 1 10 385 444 0.2520 0.2533 409 449
87-1-1-0.05-50-0 1 2499 1 1 385 385 0.2520 0.2520 409 409
87-1-1-0.05-50-0 1 2499 1 10 384 443 0.2520 0.2533 409 449
87-1-1-0.05-50-0 1 2499 1 1 384 384 0.2520 0.2520 409 409
87-1-1-0.05-50-0 1 2500 1 1 391 391 0.2520 0.2520 409 409
87-1-1-0.05-50-0 1 2500 39 16 4 13 0.2187 0.2228 309 149
87-1-1-0.05-50-0 1 2500 1 10 390 449 0.2520 0.2533 409 449
87-1-1-0.05-50-0 1 2500 1 10 390 448 0.2520 0.2533 409 449
87-1-1-0.05-50-0 1 2500 1 10 390 447 0.2520 0.2533 409 449
87-1-1-0.05-50-0 1 2500 1 10 390 446 0.2520 0.2533 409 449
87-1-1-0.05-50-0 1 2500 1 10 390 445 0.2520 0.2533 409 449
87-1-1-0.05-50-0 1 2500 40 17 98 2 0.9739 0.6398 104 197
