89-0-1-0.05-50-0 0 2302 18 18 15 15 0.2181 0.2181 226 226
89-0-1-0.05-50-0 0 2302 12 4 3 1 0.1896 0.0723 325 351
89-0-1-0.05-50-0 0 2302 34 39 6 7 0.7448 0.2187 168 309
89-0-1-0.05-50-0 0 2303 7 49 10 20 0.9267 0.1842 106 136
89-0-1-0.05-50-0 0 2303 10 8 4 14 0.2533 0.2506 449 303
89-0-1-0.05-50-0 0 2303 40 7 4 10 0.9739 0.9267 104 106
89-0-1-0.05-50-0 0 2304 13 8 8 13 0.8878 0.2506 151 303
89-0-1-0.05-50-0 0 2304 8 2 12 4 0.2506 0.8198 303 167
89-0-1-0.05-50-0 0 2304 8 8 12 12 0.2506 0.2506 303 303
89-0-1-0.05-50-0 0 2305 14 47 4 9 0.8451 0.9293 105 103
89-0-1-0.05-50-0 0 2305 16 49 1 22 0.2228 0.1842 149 136
89-0-1-0.05-50-0 0 2305 3 35 10 7 0.4813 0.0354 321 158
89-0-1-0.05-50-0 0 2306 14 49 5 22 0.8451 0.1842 105 136
89-0-1-0.05-50-0 0 2306 47 34 8 7 0.9293 0.7448 103 168
89-0-1-0.05-50-0 0 2306 7 30 9 4 0.9267 0.6008 106 266
89-0-1-0.05-50-0 0 2307 39 2 6 3 0.2187 0.8198 309 167
89-0-1-0.05-50-0 0 2307 18 26 16 7 0.2181 0.8171 226 141
89-0-1-0.05-50-0 0 2307 24 18 1 16 0.1940 0.2181 254 226
89-0-1-0.05-50-0 0 2308 30 13 3 9 0.6008 0.8878 266 151
89-0-1-0.05-50-0 0 2308 7 10 10 3 0.9267 0.2533 106 449
89-0-1-0.05-50-0 0 2308 39 29 7 3 0.2187 0.6728 309 177
89-0-1-0.05-50-0 0 2309 18 8 15 12 0.2181 0.2506 226 303
89-0-1-0.05-50-0 0 2309 23 12 5 3 0.1698 0.1896 476 325
89-0-1-0.05-50-0 0 2309 29 17 2 4 0.6728 0.6398 177 197
89-0-1-0.05-50-0 0 2310 43 20 1 2 0.8316 0.9922 123 102
89-0-1-0.05-50-0 0 2310 21 18 7 14 0.4184 0.2181 158 226
89-0-1-0.05-50-0 0 2310 49 30 23 3 0.1842 0.6008 136 266
89-0-1-0.05-50-0 0 2311 3 33 13 4 0.4813 0.6893 321 191
89-0-1-0.05-50-0 0 2311 4 13 2 7 0.0723 0.8878 351 151
89-0-1-0.05-50-0 0 2311 2 11 1 5 0.8198 0.0504 167 384
89-0-1-0.05-50-0 0 2312 13 18 7 16 0.8878 0.2181 151 226
89-0-1-0.05-50-0 0 2312 21 23 7 6 0.4184 0.1698 158 476
89-0-1-0.05-50-0 0 2312 18 14 15 4 0.2181 0.8451 226 105
89-0-1-0.05-50-0 0 2313 13 34 7 3 0.8878 0.7448 151 168
89-0-1-0.05-50-0 0 2313 49 33 22 4 0.1842 0.6893 136 191
89-0-1-0.05-50-0 0 2313 10 11 1 4 0.2533 0.0504 449 384
89-0-1-0.05-50-0 0 2314 21 49 8 23 0.4184 0.1842 158 136
89-0-1-0.05-50-0 0 2314 39 49 9 22 0.2187 0.1842 309 136
89-0-1-0.05-50-0 0 2314 18 18 15 15 0.2181 0.2181 226 226
89-0-1-0.05-50-0 0 2315 21 30 8 3 0.4184 0.6008 158 266
89-0-1-0.05-50-0 0 2315 7 2 6 1 0.9267 0.8198 106 167
89-0-1-0.05-50-0 0 2315 22 14 3 3 0.0160 0.8451 311 105
89-0-1-0.05-50-0 0 2316 47 3 9 12 0.9293 0.4813 103 321
89-0-1-0.05-50-0 0 2316 37 26 2 8 0.8481 0.8171 127 141
89-0-1-0.05-50-0 0 2316 49 3 19 11 0.1842 0.4813 136 321
89-0-1-0.05-50-0 0 2317 3 34 10 2 0.4813 0.7448 321 168
89-0-1-0.05-50-0 0 2317 11 3 2 10 0.0504 0.4813 384 321
89-0-1-0.05-50-0 0 2318 21 49 9 19 0.4184 0.1842 158 136
89-0-1-0.05-50-0 0 2318 18 47 14 7 0.2181 0.9293 226 103
89-0-1-0.05-50-0 0 2319 18 33 14 3 0.2181 0.6893 226 191
89-0-1-0.05-50-0 0 2319 23 40 7 5 0.1698 0.9739 476 104
89-0-1-0.05-50-0 0 2320 39 8 11 7 0.2187 0.2506 309 303
89-0-1-0.05-50-0 0 2320 21 49 10 19 0.4184 0.1842 158 136
89-0-1-0.05-50-0 0 2320 39 11 11 2 0.2187 0.0504 309 384
89-0-1-0.05-50-0 0 2321 49 39 18 11 0.1842 0.2187 136 309
89-0-1-0.05-50-0 0 2321 39 23 10 8 0.2187 0.1698 309 476
89-0-1-0.05-50-0 0 2321 18 13 16 7 0.2181 0.8878 226 151
89-0-1-0.05-50-0 0 2322 49 3 16 11 0.1842 0.4813 136 321
89-0-1-0.05-50-0 0 2322 10 8 1 9 0.2533 0.2506 449 303
89-0-1-0.05-50-0 0 2322 18 18 16 16 0.2181 0.2181 226 226
89-0-1-0.05-50-0 0 2323 26 27 6 4 0.8171 0.0776 141 149
89-0-1-0.05-50-0 0 2323 7 18 6 15 0.9267 0.2181 106 226
89-0-1-0.05-50-0 0 2324 49 23 15 9 0.1842 0.1698 136 476
89-0-1-0.05-50-0 0 2324 3 47 10 5 0.4813 0.9293 321 103
89-0-1-0.05-50-0 0 2325 33 18 2 16 0.6893 0.2181 191 226
89-0-1-0.05-50-0 0 2325 29 7 7 7 0.6728 0.9267 177 106
89-0-1-0.05-50-0 0 2326 26 39 7 7 0.8171 0.2187 141 309
89-0-1-0.05-50-0 0 2326 39 27 6 2 0.2187 0.0776 309 149
89-0-1-0.05-50-0 0 2327 49 4 15 4 0.1842 0.0723 136 351
89-0-1-0.05-50-0 0 2327 17 13 4 4 0.6398 0.8878 197 151
89-0-1-0.05-50-0 0 2328 39 21 6 8 0.2187 0.4184 309 158
89-0-1-0.05-50-0 0 2328 33 18 2 14 0.6893 0.2181 191 226
89-0-1-0.05-50-0 0 2329 8 47 11 3 0.2506 0.9293 303 103
89-0-1-0.05-50-0 0 2329 37 23 3 7 0.8481 0.1698 127 476
89-0-1-0.05-50-0 0 2330 23 37 6 3 0.1698 0.8481 476 127
89-0-1-0.05-50-0 0 2330 4 3 3 11 0.0723 0.4813 351 321
89-0-1-0.05-50-0 0 2331 8 49 12 14 0.2506 0.1842 303 136
89-0-1-0.05-50-0 0 2331 6 39 2 7 0.4266 0.2187 249 309
89-0-1-0.05-50-0 0 2332 24 4 5 3 0.1940 0.0723 254 351
89-0-1-0.05-50-0 0 2332 24 23 5 6 0.1940 0.1698 254 476
89-0-1-0.05-50-0 0 2333 23 24 5 6 0.1698 0.1940 476 254
89-0-1-0.05-50-0 0 2333 3 45 10 2 0.4813 0.3816 321 173
89-0-1-0.05-50-0 0 2334 18 49 16 16 0.2181 0.1842 226 136
89-0-1-0.05-50-0 0 2334 39 3 7 11 0.2187 0.4813 309 321
89-0-1-0.05-50-0 0 2335 29 39 6 7 0.6728 0.2187 177 309
89-0-1-0.05-50-0 0 2335 49 10 15 3 0.1842 0.2533 136 449
89-0-1-0.05-50-0 0 2336 18 30 18 4 0.2181 0.6008 226 266
89-0-1-0.05-50-0 0 2336 30 24 3 6 0.6008 0.1940 266 254
89-0-1-0.05-50-0 0 2337 13 3 3 11 0.8878 0.4813 151 321
89-0-1-0.05-50-0 0 2337 49 48 16 1 0.1842 0.1153 136 334
89-0-1-0.05-50-0 0 2338 3 32 10 2 0.4813 0.6514 321 215
89-0-1-0.05-50-0 0 2338 8 4 12 2 0.2506 0.0723 303 351
89-0-1-0.05-50-0 0 2339 7 39 6 9 0.9267 0.2187 106 309
89-0-1-0.05-50-0 0 2339 35 18 1 17 0.0354 0.2181 158 226
89-0-1-0.05-50-0 0 2340 38 49 1 18 0.6163 0.1842 270 136
89-0-1-0.05-50-0 0 2340 17 17 3 3 0.6398 0.6398 197 197
89-0-1-0.05-50-0 0 2341 18 22 15 3 0.2181 0.0160 226 311
89-0-1-0.05-50-0 0 2341 14 3 1 10 0.8451 0.4813 105 321
89-0-1-0.05-50-0 0 2342 47 24 5 6 0.9293 0.1940 103 254
89-0-1-0.05-50-0 0 2342 24 30 5 1 0.1940 0.6008 254 266
89-0-1-0.05-50-0 0 2343 26 37 4 4 0.8171 0.8481 141 127
89-0-1-0.05-50-0 0 2343 29 17 5 1 0.6728 0.6398 177 197
89-0-1-0.05-50-0 0 2344 26 3 3 9 0.8171 0.4813 141 321
89-0-1-0.05-50-0 0 2344 49 18 18 15 0.1842 0.2181 136 226
89-0-1-0.05-50-0 0 2345 16 44 2 5 0.2228 0.7034 149 118
89-0-1-0.05-50-0 0 2345 3 49 6 19 0.4813 0.1842 321 136
89-0-1-0.05-50-0 0 2346 16 3 2 6 0.2228 0.4813 149 321
89-0-1-0.05-50-0 0 2346 26 21 4 5 0.8171 0.4184 141 158
89-0-1-0.05-50-0 0 2347 39 49 9 19 0.2187 0.1842 309 136
89-0-1-0.05-50-0 0 2347 23 24 4 5 0.1698 0.1940 476 254
89-0-1-0.05-50-0 0 2348 21 24 4 4 0.4184 0.1940 158 254
89-0-1-0.05-50-0 0 2348 18 31 12 1 0.2181 0.5626 226 252
89-0-1-0.05-50-0 0 2349 8 26 13 5 0.2506 0.8171 303 141
89-0-1-0.05-50-0 0 2349 39 44 9 4 0.2187 0.7034 309 118
89-0-1-0.05-50-0 0 2350 13 49 3 18 0.8878 0.1842 151 136
89-0-1-0.05-50-0 0 2350 26 18 5 12 0.8171 0.2181 141 226
89-0-1-0.05-50-0 0 2351 47 18 8 11 0.9293 0.2181 103 226
89-0-1-0.05-50-0 0 2351 18 24 10 3 0.2181 0.1940 226 254
89-0-1-0.05-50-0 0 2352 49 7 18 9 0.1842 0.9267 136 106
89-0-1-0.05-50-0 0 2352 22 16 3 4 0.0160 0.2228 311 149
89-0-1-0.05-50-0 0 2353 7 8 10 16 0.9267 0.2506 106 303
89-0-1-0.05-50-0 0 2353 29 8 4 15 0.6728 0.2506 177 303
89-0-1-0.05-50-0 0 2354 37 24 2 2 0.8481 0.1940 127 254
89-0-1-0.05-50-0 0 2354 26 8 6 14 0.8171 0.2506 141 303
89-0-1-0.05-50-0 0 2355 8 47 13 10 0.2506 0.9293 303 103
89-0-1-0.05-50-0 0 2355 4 3 2 10 0.0723 0.4813 351 321
89-0-1-0.05-50-0 0 2356 37 7 2 9 0.8481 0.9267 127 106
89-0-1-0.05-50-0 0 2356 21 39 7 11 0.4184 0.2187 158 309
89-0-1-0.05-50-0 0 2357 3 33 10 4 0.4813 0.6893 321 191
89-0-1-0.05-50-0 0 2357 47 18 9 15 0.9293 0.2181 103 226
89-0-1-0.05-50-0 0 2358 21 42 7 1 0.4184 0.7447 158 106
89-0-1-0.05-50-0 0 2358 33 33 3 3 0.6893 0.6893 191 191
89-0-1-0.05-50-0 0 2358 8 3 11 11 0.2506 0.4813 303 321
89-0-1-0.05-50-0 0 2359 26 3 6 11 0.8171 0.4813 141 321
89-0-1-0.05-50-0 0 2359 8 24 11 1 0.2506 0.1940 303 254
89-0-1-0.05-50-0 0 2359 45 18 3 14 0.3816 0.2181 173 226
89-0-1-0.05-50-0 0 2360 7 26 10 6 0.9267 0.8171 106 141
89-0-1-0.05-50-0 0 2360 8 49 11 28 0.2506 0.1842 303 136
89-0-1-0.05-50-0 0 2360 18 45 14 3 0.2181 0.3816 226 173
89-0-1-0.05-50-0 0 2361 49 10 28 2 0.1842 0.2533 136 449
89-0-1-0.05-50-0 0 2361 33 18 2 16 0.6893 0.2181 191 226
89-0-1-0.05-50-0 0 2361 23 18 5 15 0.1698 0.2181 476 226
89-0-1-0.05-50-0 0 2362 46 45 4 2 0.3451 0.3816 327 173
89-0-1-0.05-50-0 0 2362 49 7 27 11 0.1842 0.9267 136 106
89-0-1-0.05-50-0 0 2362 8 8 12 12 0.2506 0.2506 303 303
89-0-1-0.05-50-0 0 2363 6 23 2 5 0.4266 0.1698 249 476
89-0-1-0.05-50-0 0 2363 39 26 14 5 0.2187 0.8171 309 141
89-0-1-0.05-50-0 0 2363 37 49 2 29 0.8481 0.1842 127 136
89-0-1-0.05-50-0 0 2364 49 21 29 7 0.1842 0.4184 136 158
89-0-1-0.05-50-0 0 2364 39 6 15 2 0.2187 0.4266 309 249
89-0-1-0.05-50-0 0 2364 3 49 11 29 0.4813 0.1842 321 136
89-0-1-0.05-50-0 0 2365 7 3 11 11 0.9267 0.4813 106 321
89-0-1-0.05-50-0 0 2365 33 47 2 11 0.6893 0.9293 191 103
89-0-1-0.05-50-0 0 2365 39 39 14 14 0.2187 0.2187 309 309
89-0-1-0.05-50-0 0 2366 8 18 10 14 0.2506 0.2181 303 226
89-0-1-0.05-50-0 0 2366 37 49 2 29 0.8481 0.1842 127 136
89-0-1-0.05-50-0 0 2367 26 39 5 12 0.8171 0.2187 141 309
89-0-1-0.05-50-0 0 2367 8 39 10 11 0.2506 0.2187 303 309
89-0-1-0.05-50-0 0 2367 8 29 10 4 0.2506 0.6728 303 177
89-0-1-0.05-50-0 0 2368 38 49 2 31 0.6163 0.1842 270 136
89-0-1-0.05-50-0 0 2368 49 8 30 11 0.1842 0.2506 136 303
89-0-1-0.05-50-0 0 2368 36 22 1 3 0.8162 0.0160 165 311
89-0-1-0.05-50-0 0 2369 4 32 3 2 0.0723 0.6514 351 215
89-0-1-0.05-50-0 0 2369 45 8 2 11 0.3816 0.2506 173 303
89-0-1-0.05-50-0 0 2369 8 23 10 5 0.2506 0.1698 303 476
89-0-1-0.05-50-0 0 2370 47 26 12 5 0.9293 0.8171 103 141
89-0-1-0.05-50-0 0 2370 22 49 3 29 0.0160 0.1842 311 136
89-0-1-0.05-50-0 0 2371 23 12 4 2 0.1698 0.1896 476 325
89-0-1-0.05-50-0 0 2371 47 45 11 2 0.9293 0.3816 103 173
89-0-1-0.05-50-0 0 2371 3 46 9 4 0.4813 0.3451 321 327
89-0-1-0.05-50-0 0 2372 16 3 2 9 0.2228 0.4813 149 321
89-0-1-0.05-50-0 0 2372 49 49 31 31 0.1842 0.1842 136 136
89-0-1-0.05-50-0 0 2372 40 49 1 30 0.9739 0.1842 104 136
89-0-1-0.05-50-0 0 2373 29 49 5 29 0.6728 0.1842 177 136
89-0-1-0.05-50-0 0 2373 49 18 28 14 0.1842 0.2181 136 226
89-0-1-0.05-50-0 0 2373 39 26 13 3 0.2187 0.8171 309 141
89-0-1-0.05-50-0 0 2374 18 38 15 2 0.2181 0.6163 226 270
89-0-1-0.05-50-0 0 2374 18 49 15 29 0.2181 0.1842 226 136
89-0-1-0.05-50-0 0 2374 39 49 13 28 0.2187 0.1842 309 136
89-0-1-0.05-50-0 0 2375 18 37 17 3 0.2181 0.8481 226 127
89-0-1-0.05-50-0 0 2375 13 39 4 12 0.8878 0.2187 151 309
89-0-1-0.05-50-0 0 2375 2 6 1 2 0.8198 0.4266 167 249
89-0-1-0.05-50-0 0 2376 46 47 5 11 0.3451 0.9293 327 103
89-0-1-0.05-50-0 0 2376 39 18 12 18 0.2187 0.2181 309 226
89-0-1-0.05-50-0 0 2376 2 33 1 2 0.8198 0.6893 167 191
89-0-1-0.05-50-0 0 2377 29 49 7 29 0.6728 0.1842 177 136
89-0-1-0.05-50-0 0 2377 3 40 8 2 0.4813 0.9739 321 104
89-0-1-0.05-50-0 0 2377 35 14 1 1 0.0354 0.8451 158 105
89-0-1-0.05-50-0 0 2378 18 46 19 5 0.2181 0.3451 226 327
89-0-1-0.05-50-0 0 2378 49 43 28 1 0.1842 0.8316 136 123
89-0-1-0.05-50-0 0 2378 46 39 4 13 0.3451 0.2187 327 309
89-0-1-0.05-50-0 0 2379 8 37 11 2 0.2506 0.8481 303 127
89-0-1-0.05-50-0 0 2379 49 18 29 21 0.1842 0.2181 136 226
89-0-1-0.05-50-0 0 2379 49 50 29 1 0.1842 0.2147 136 147
89-0-1-0.05-50-0 0 2380 21 7 7 10 0.4184 0.9267 158 106
89-0-1-0.05-50-0 0 2380 45 8 1 9 0.3816 0.2506 173 303
89-0-1-0.05-50-0 0 2381 4 13 5 3 0.0723 0.8878 351 151
89-0-1-0.05-50-0 0 2381 39 7 9 9 0.2187 0.9267 309 106
89-0-1-0.05-50-0 0 2382 49 45 32 1 0.1842 0.3816 136 173
89-0-1-0.05-50-0 0 2382 3 49 6 32 0.4813 0.1842 321 136
89-0-1-0.05-50-0 0 2383 7 21 8 9 0.9267 0.4184 106 158
89-0-1-0.05-50-0 0 2383 3 8 6 8 0.4813 0.2506 321 303
89-0-1-0.05-50-0 0 2384 49 39 32 10 0.1842 0.2187 136 309
89-0-1-0.05-50-0 0 2384 16 39 1 9 0.2228 0.2187 149 309
89-0-1-0.05-50-0 0 2385 23 18 3 25 0.1698 0.2181 476 226
89-0-1-0.05-50-0 0 2385 4 47 4 11 0.0723 0.9293 351 103
89-0-1-0.05-50-0 0 2385 49 8 32 7 0.1842 0.2506 136 303
89-0-1-0.05-50-0 0 2386 29 3 10 4 0.6728 0.4813 177 321
89-0-1-0.05-50-0 0 2386 6 47 2 11 0.4266 0.9293 249 103
89-0-1-0.05-50-0 0 2386 18 18 24 24 0.2181 0.2181 226 226
89-0-1-0.05-50-0 0 2387 47 47 10 10 0.9293 0.9293 103 103
89-0-1-0.05-50-0 0 2387 7 49 8 31 0.9267 0.1842 106 136
89-0-1-0.05-50-0 0 2388 49 4 28 4 0.1842 0.0723 136 351
89-0-1-0.05-50-0 0 2388 18 22 25 4 0.2181 0.0160 226 311
89-0-1-0.05-50-0 0 2389 7 18 8 25 0.9267 0.2181 106 226
89-0-1-0.05-50-0 0 2389 23 18 2 24 0.1698 0.2181 476 226
89-0-1-0.05-50-0 0 2390 47 39 10 7 0.9293 0.2187 103 309
89-0-1-0.05-50-0 0 2390 16 18 1 25 0.2228 0.2181 149 226
89-0-1-0.05-50-0 0 2391 18 49 26 29 0.2181 0.1842 226 136
89-0-1-0.05-50-0 0 2391 41 49 1 28 0.9621 0.1842 105 136
89-0-1-0.05-50-0 0 2392 25 7 3 8 0.9430 0.9267 125 106
89-0-1-0.05-50-0 0 2392 47 13 9 4 0.9293 0.8878 103 151
89-0-1-0.05-50-0 0 2393 38 39 1 7 0.6163 0.2187 270 309
89-0-1-0.05-50-0 0 2393 8 24 5 2 0.2506 0.1940 303 254
89-0-1-0.05-50-0 0 2394 29 39 10 6 0.6728 0.2187 177 309
89-0-1-0.05-50-0 0 2394 23 14 3 2 0.1698 0.8451 476 105
89-0-1-0.05-50-0 0 2395 44 4 2 4 0.7034 0.0723 118 351
89-0-1-0.05-50-0 0 2395 10 7 1 11 0.2533 0.9267 449 106
89-0-1-0.05-50-0 0 2396 18 18 20 20 0.2181 0.2181 226 226
89-0-1-0.05-50-0 0 2396 46 7 3 9 0.3451 0.9267 327 106
89-0-1-0.05-50-0 0 2397 7 33 8 2 0.9267 0.6893 106 191
89-0-1-0.05-50-0 0 2397 32 40 2 2 0.6514 0.9739 215 104
89-0-1-0.05-50-0 0 2398 47 18 11 21 0.9293 0.2181 103 226
89-0-1-0.05-50-0 0 2398 6 21 3 9 0.4266 0.4184 249 158
89-0-1-0.05-50-0 0 2399 49 29 29 12 0.1842 0.6728 136 177
89-0-1-0.05-50-0 0 2399 6 46 3 4 0.4266 0.3451 249 327
89-0-1-0.05-50-0 0 2400 18 23 22 2 0.2181 0.1698 226 476
89-0-1-0.05-50-0 0 2400 18 18 22 22 0.2181 0.2181 226 226
89-0-1-0.05-50-0 0 2401 18 39 22 4 0.2181 0.2187 226 309
89-0-1-0.05-50-0 0 2401 3 49 1 34 0.4813 0.1842 321 136
89-0-1-0.05-50-0 0 2402 49 33 30 1 0.1842 0.6893 136 191
89-0-1-0.05-50-0 0 2402 49 18 30 23 0.1842 0.2181 136 226
89-0-1-0.05-50-0 0 2403 49 47 28 11 0.1842 0.9293 136 103
89-0-1-0.05-50-0 0 2403 26 21 3 10 0.8171 0.4184 141 158
89-0-1-0.05-50-0 0 2404 25 10 4 1 0.9430 0.2533 125 449
89-0-1-0.05-50-0 0 2404 49 39 28 4 0.1842 0.2187 136 309
89-0-1-0.05-50-0 0 2405 49 41 26 3 0.1842 0.9621 136 105
89-0-1-0.05-50-0 0 2405 18 25 22 4 0.2181 0.9430 226 125
89-0-1-0.05-50-0 0 2406 49 13 25 4 0.1842 0.8878 136 151
89-0-1-0.05-50-0 0 2406 31 41 2 2 0.5626 0.9621 252 105
89-0-1-0.05-50-0 0 2407 7 22 9 3 0.9267 0.0160 106 311
89-0-1-0.05-50-0 0 2407 18 7 25 9 0.2181 0.9267 226 106
89-0-1-0.05-50-0 0 2408 21 38 6 2 0.4184 0.6163 158 270
89-0-1-0.05-50-0 0 2408 8 47 6 12 0.2506 0.9293 303 103
89-0-1-0.05-50-0 0 2409 47 46 13 7 0.9293 0.3451 103 327
89-0-1-0.05-50-0 0 2409 9 42 3 4 0.6134 0.7447 161 106
89-0-1-0.05-50-0 0 2410 18 49 28 28 0.2181 0.1842 226 136
89-0-1-0.05-50-0 0 2410 27 22 2 2 0.0776 0.0160 149 311
89-0-1-0.05-50-0 0 2410 4 49 4 27 0.0723 0.1842 351 136
89-0-1-0.05-50-0 0 2411 32 7 1 8 0.6514 0.9267 215 106
89-0-1-0.05-50-0 0 2411 49 18 26 29 0.1842 0.2181 136 226
89-0-1-0.05-50-0 0 2411 49 23 26 1 0.1842 0.1698 136 476
89-0-1-0.05-50-0 0 2412 47 29 15 11 0.9293 0.6728 103 177
89-0-1-0.05-50-0 0 2412 18 18 31 31 0.2181 0.2181 226 226
89-0-1-0.05-50-0 0 2412 18 18 30 30 0.2181 0.2181 226 226
89-0-1-0.05-50-0 0 2413 7 39 7 4 0.9267 0.2187 106 309
89-0-1-0.05-50-0 0 2413 47 49 16 24 0.9293 0.1842 103 136
89-0-1-0.05-50-0 0 2413 21 47 6 16 0.4184 0.9293 158 103
89-0-1-0.05-50-0 0 2414 22 18 1 32 0.0160 0.2181 311 226
89-0-1-0.05-50-0 0 2414 18 47 31 16 0.2181 0.9293 226 103
89-0-1-0.05-50-0 0 2414 29 18 9 31 0.6728 0.2181 177 226
89-0-1-0.05-50-0 0 2415 38 18 1 31 0.6163 0.2181 270 226
89-0-1-0.05-50-0 0 2415 44 47 2 15 0.7034 0.9293 118 103
89-0-1-0.05-50-0 0 2415 31 49 4 26 0.5626 0.1842 252 136
89-0-1-0.05-50-0 0 2416 21 18 6 31 0.4184 0.2181 158 226
89-0-1-0.05-50-0 0 2416 8 18 7 30 0.2506 0.2181 303 226
89-0-1-0.05-50-0 0 2416 47 7 15 8 0.9293 0.9267 103 106
89-0-1-0.05-50-0 0 2417 49 8 26 7 0.1842 0.2506 136 303
89-0-1-0.05-50-0 0 2417 47 8 16 6 0.9293 0.2506 103 303
89-0-1-0.05-50-0 0 2417 24 22 1 2 0.1940 0.0160 254 311
89-0-1-0.05-50-0 0 2418 49 4 24 5 0.1842 0.0723 136 351
89-0-1-0.05-50-0 0 2418 18 18 29 29 0.2181 0.2181 226 226
89-0-1-0.05-50-0 0 2418 21 47 6 16 0.4184 0.9293 158 103
89-0-1-0.05-50-0 0 2419 18 8 28 5 0.2181 0.2506 226 303
89-0-1-0.05-50-0 0 2419 18 49 28 25 0.2181 0.1842 226 136
89-0-1-0.05-50-0 0 2419 29 35 7 4 0.6728 0.0354 177 158
89-0-1-0.05-50-0 0 2420 46 7 6 4 0.3451 0.9267 327 106
89-0-1-0.05-50-0 0 2420 47 26 16 4 0.9293 0.8171 103 141
89-0-1-0.05-50-0 0 2420 21 49 5 26 0.4184 0.1842 158 136
89-0-1-0.05-50-0 0 2421 4 14 4 1 0.0723 0.8451 351 105
89-0-1-0.05-50-0 0 2421 47 18 17 33 0.9293 0.2181 103 226
89-0-1-0.05-50-0 0 2421 25 18 2 32 0.9430 0.2181 125 226
89-0-1-0.05-50-0 0 2422 18 46 30 6 0.2181 0.3451 226 327
89-0-1-0.05-50-0 0 2422 18 46 30 5 0.2181 0.3451 226 327
89-0-1-0.05-50-0 0 2422 42 47 2 17 0.7447 0.9293 106 103
89-0-1-0.05-50-0 0 2423 21 13 5 4 0.4184 0.8878 158 151
89-0-1-0.05-50-0 0 2423 18 49 30 27 0.2181 0.1842 226 136
89-0-1-0.05-50-0 0 2423 43 46 1 5 0.8316 0.3451 123 327
89-0-1-0.05-50-0 0 2424 4 49 4 25 0.0723 0.1842 351 136
89-0-1-0.05-50-0 0 2424 49 19 24 2 0.1842 0.8072 136 134
89-0-1-0.05-50-0 0 2424 38 49 1 24 0.6163 0.1842 270 136
89-0-1-0.05-50-0 0 2425 29 47 7 14 0.6728 0.9293 177 103
89-0-1-0.05-50-0 0 2425 18 6 32 1 0.2181 0.4266 226 249
89-0-1-0.05-50-0 0 2425 13 18 2 32 0.8878 0.2181 151 226
89-0-1-0.05-50-0 0 2426 38 47 2 13 0.6163 0.9293 270 103
89-0-1-0.05-50-0 0 2426 18 49 32 26 0.2181 0.1842 226 136
89-0-1-0.05-50-0 0 2426 18 21 32 8 0.2181 0.4184 226 158
89-0-1-0.05-50-0 0 2427 46 49 3 26 0.3451 0.1842 327 136
89-0-1-0.05-50-0 0 2427 18 47 32 13 0.2181 0.9293 226 103
89-0-1-0.05-50-0 0 2427 18 39 32 1 0.2181 0.2187 226 309
89-0-1-0.05-50-0 0 2428 18 8 31 5 0.2181 0.2506 226 303
89-0-1-0.05-50-0 0 2428 47 49 12 25 0.9293 0.1842 103 136
89-0-1-0.05-50-0 0 2428 18 46 31 3 0.2181 0.3451 226 327
89-0-1-0.05-50-0 0 2429 49 49 25 25 0.1842 0.1842 136 136
89-0-1-0.05-50-0 0 2429 16 48 6 4 0.2228 0.1153 149 334
89-0-1-0.05-50-0 0 2429 32 47 2 13 0.6514 0.9293 215 103
89-0-1-0.05-50-0 0 2430 49 18 24 33 0.1842 0.2181 136 226
89-0-1-0.05-50-0 0 2430 16 47 6 11 0.2228 0.9293 149 103
89-0-1-0.05-50-0 0 2430 18 21 32 7 0.2181 0.4184 226 158
89-0-1-0.05-50-0 0 2431 49 49 25 25 0.1842 0.1842 136 136
89-0-1-0.05-50-0 0 2431 13 49 2 24 0.8878 0.1842 151 136
89-0-1-0.05-50-0 0 2431 9 16 3 5 0.6134 0.2228 161 149
89-0-1-0.05-50-0 0 2432 29 15 6 2 0.6728 0.7918 177 149
89-0-1-0.05-50-0 0 2432 27 18 7 33 0.0776 0.2181 149 226
89-0-1-0.05-50-0 0 2433 7 44 4 1 0.9267 0.7034 106 118
89-0-1-0.05-50-0 0 2433 24 49 2 20 0.1940 0.1842 254 136
89-0-1-0.05-50-0 0 2434 35 19 4 2 0.0354 0.8072 158 134
89-0-1-0.05-50-0 0 2434 29 45 6 5 0.6728 0.3816 177 173
89-0-1-0.05-50-0 0 2435 47 35 8 4 0.9293 0.0354 103 158
89-0-1-0.05-50-0 0 2435 18 18 31 31 0.2181 0.2181 226 226
89-0-1-0.05-50-0 0 2436 29 32 6 3 0.6728 0.6514 177 215
89-0-1-0.05-50-0 0 2436 18 16 34 5 0.2181 0.2228 226 149
89-0-1-0.05-50-0 0 2437 30 46 3 3 0.6008 0.3451 266 327
89-0-1-0.05-50-0 0 2437 18 9 37 4 0.2181 0.6134 226 161
89-0-1-0.05-50-0 0 2438 49 47 19 7 0.1842 0.9293 136 103
89-0-1-0.05-50-0 0 2438 18 29 38 6 0.2181 0.6728 226 177
89-0-1-0.05-50-0 0 2439 30 6 2 2 0.6008 0.4266 266 249
89-0-1-0.05-50-0 0 2439 16 26 4 4 0.2228 0.8171 149 141
89-0-1-0.05-50-0 0 2439 1 36 3 3 0.2520 0.8162 409 165
89-0-1-0.05-50-0 0 2440 45 21 5 11 0.3816 0.4184 173 158
89-0-1-0.05-50-0 0 2440 24 18 1 38 0.1940 0.2181 254 226
89-0-1-0.05-50-0 0 2440 8 28 2 1 0.2506 0.3846 303 311
89-0-1-0.05-50-0 0 2441 7 18 3 40 0.9267 0.2181 106 226
89-0-1-0.05-50-0 0 2441 48 30 5 2 0.1153 0.6008 334 266
89-0-1-0.05-50-0 0 2441 18 47 39 6 0.2181 0.9293 226 103
89-0-1-0.05-50-0 0 2442 21 49 10 24 0.4184 0.1842 158 136
89-0-1-0.05-50-0 0 2442 46 18 1 38 0.3451 0.2181 327 226
89-0-1-0.05-50-0 0 2442 18 21 37 10 0.2181 0.4184 226 158
89-0-1-0.05-50-0 0 2443 45 18 6 39 0.3816 0.2181 173 226
89-0-1-0.05-50-0 0 2443 18 27 38 13 0.2181 0.0776 226 149
89-0-1-0.05-50-0 0 2443 27 30 12 1 0.0776 0.6008 149 266
89-0-1-0.05-50-0 0 2444 7 18 3 38 0.9267 0.2181 106 226
89-0-1-0.05-50-0 0 2444 18 48 37 6 0.2181 0.1153 226 334
89-0-1-0.05-50-0 0 2444 45 26 6 6 0.3816 0.8171 173 141
89-0-1-0.05-50-0 0 2445 45 18 6 40 0.3816 0.2181 173 226
89-0-1-0.05-50-0 0 2445 49 9 23 5 0.1842 0.6134 136 161
89-0-1-0.05-50-0 0 2445 27 18 11 39 0.0776 0.2181 149 226
89-0-1-0.05-50-0 0 2446 18 48 38 5 0.2181 0.1153 226 334
89-0-1-0.05-50-0 0 2446 10 18 4 38 0.2533 0.2181 449 226
89-0-1-0.05-50-0 0 2447 49 18 21 37 0.1842 0.2181 136 226
89-0-1-0.05-50-0 0 2447 18 41 36 4 0.2181 0.9621 226 105
89-0-1-0.05-50-0 0 2447 27 48 14 4 0.0776 0.1153 149 334
89-0-1-0.05-50-0 0 2448 10 21 3 10 0.2533 0.4184 449 158
89-0-1-0.05-50-0 0 2448 45 27 6 14 0.3816 0.0776 173 149
89-0-1-0.05-50-0 0 2449 18 7 37 3 0.2181 0.9267 226 106
89-0-1-0.05-50-0 0 2449 36 18 1 37 0.8162 0.2181 165 226
89-0-1-0.05-50-0 0 2450 49 18 17 38 0.1842 0.2181 136 226
89-0-1-0.05-50-0 0 2450 38 18 3 37 0.6163 0.2181 270 226
89-0-1-0.05-50-0 0 2451 27 49 14 18 0.0776 0.1842 149 136
89-0-1-0.05-50-0 0 2451 27 36 14 1 0.0776 0.8162 149 165
89-0-1-0.05-50-0 0 2451 27 49 14 17 0.0776 0.1842 149 136
89-0-1-0.05-50-0 0 2452 35 25 5 6 0.0354 0.9430 158 125
89-0-1-0.05-50-0 0 2452 9 18 4 35 0.6134 0.2181 161 226
89-0-1-0.05-50-0 0 2452 49 27 15 14 0.1842 0.0776 136 149
89-0-1-0.05-50-0 0 2453 26 35 7 4 0.8171 0.0354 141 158
89-0-1-0.05-50-0 0 2453 27 27 12 12 0.0776 0.0776 149 149
89-0-1-0.05-50-0 0 2453 18 34 36 1 0.2181 0.7448 226 168
89-0-1-0.05-50-0 0 2454 18 41 35 4 0.2181 0.9621 226 105
89-0-1-0.05-50-0 0 2454 18 49 35 13 0.2181 0.1842 226 136
89-0-1-0.05-50-0 0 2455 25 18 6 30 0.9430 0.2181 125 226
89-0-1-0.05-50-0 0 2455 27 21 13 13 0.0776 0.4184 149 158
89-0-1-0.05-50-0 0 2456 26 26 7 7 0.8171 0.8171 141 141
89-0-1-0.05-50-0 0 2456 16 26 6 6 0.2228 0.8171 149 141
89-0-1-0.05-50-0 0 2457 27 1 12 1 0.0776 0.2520 149 409
89-0-1-0.05-50-0 0 2457 18 21 28 13 0.2181 0.4184 226 158
89-0-1-0.05-50-0 0 2458 47 49 4 16 0.9293 0.1842 103 136
89-0-1-0.05-50-0 0 2458 45 48 9 5 0.3816 0.1153 173 334
89-0-1-0.05-50-0 0 2459 21 46 14 4 0.4184 0.3451 158 327
89-0-1-0.05-50-0 0 2459 35 45 6 9 0.0354 0.3816 158 173
89-0-1-0.05-50-0 0 2460 32 18 2 29 0.6514 0.2181 215 226
89-0-1-0.05-50-0 0 2460 26 21 6 14 0.8171 0.4184 141 158
89-0-1-0.05-50-0 0 2460 49 18 14 28 0.1842 0.2181 136 226
89-0-1-0.05-50-0 0 2461 26 49 6 14 0.8171 0.1842 141 136
89-0-1-0.05-50-0 0 2461 32 29 2 7 0.6514 0.6728 215 177
89-0-1-0.05-50-0 0 2461 29 46 6 3 0.6728 0.3451 177 327
89-0-1-0.05-50-0 0 2462 48 7 3 1 0.1153 0.9267 334 106
89-0-1-0.05-50-0 0 2462 27 21 13 15 0.0776 0.4184 149 158
89-0-1-0.05-50-0 0 2462 26 49 6 12 0.8171 0.1842 141 136
89-0-1-0.05-50-0 0 2463 18 21 32 14 0.2181 0.4184 226 158
89-0-1-0.05-50-0 0 2463 8 32 2 3 0.2506 0.6514 303 215
89-0-1-0.05-50-0 0 2463 18 25 32 9 0.2181 0.9430 226 125
89-0-1-0.05-50-0 0 2464 9 42 8 2 0.6134 0.7447 161 106
89-0-1-0.05-50-0 0 2464 18 21 35 13 0.2181 0.4184 226 158
89-0-1-0.05-50-0 0 2464 49 35 11 8 0.1842 0.0354 136 158
89-0-1-0.05-50-0 0 2465 15 29 3 6 0.7918 0.6728 149 177
89-0-1-0.05-50-0 0 2465 16 27 8 13 0.2228 0.0776 149 149
89-0-1-0.05-50-0 0 2465 49 18 11 36 0.1842 0.2181 136 226
89-0-1-0.05-50-0 0 2466 23 45 1 10 0.1698 0.3816 476 173
89-0-1-0.05-50-0 0 2466 10 47 2 7 0.2533 0.9293 449 103
89-0-1-0.05-50-0 0 2466 21 18 13 37 0.4184 0.2181 158 226
89-0-1-0.05-50-0 0 2467 18 49 34 12 0.2181 0.1842 226 136
89-0-1-0.05-50-0 0 2467 18 45 34 10 0.2181 0.3816 226 173
89-0-1-0.05-50-0 0 2467 8 48 5 3 0.2506 0.1153 303 334
89-0-1-0.05-50-0 0 2468 21 35 14 9 0.4184 0.0354 158 158
89-0-1-0.05-50-0 0 2468 21 32 14 3 0.4184 0.6514 158 215
89-0-1-0.05-50-0 0 2468 45 47 8 7 0.3816 0.9293 173 103
89-0-1-0.05-50-0 0 2469 21 9 15 6 0.4184 0.6134 158 161
89-0-1-0.05-50-0 0 2469 45 18 10 36 0.3816 0.2181 173 226
89-0-1-0.05-50-0 0 2469 8 18 4 35 0.2506 0.2181 303 226
89-0-1-0.05-50-0 0 2470 18 12 35 3 0.2181 0.1896 226 325
89-0-1-0.05-50-0 0 2470 45 29 9 6 0.3816 0.6728 173 177
89-0-1-0.05-50-0 0 2470 47 18 5 35 0.9293 0.2181 103 226
89-0-1-0.05-50-0 0 2471 10 21 1 14 0.2533 0.4184 449 158
89-0-1-0.05-50-0 0 2471 35 35 11 11 0.0354 0.0354 158 158
89-0-1-0.05-50-0 0 2471 28 15 2 4 0.3846 0.7918 311 149
89-0-1-0.05-50-0 0 2472 41 8 4 3 0.9621 0.2506 105 303
89-0-1-0.05-50-0 0 2472 45 26 8 6 0.3816 0.8171 173 141
89-0-1-0.05-50-0 0 2472 18 29 39 5 0.2181 0.6728 226 177
89-0-1-0.05-50-0 0 2473 33 48 1 2 0.6893 0.1153 191 334
89-0-1-0.05-50-0 0 2473 32 18 4 42 0.6514 0.2181 215 226
89-0-1-0.05-50-0 0 2473 18 4 41 2 0.2181 0.0723 226 351
89-0-1-0.05-50-0 0 2474 40 18 2 42 0.9739 0.2181 104 226
89-0-1-0.05-50-0 0 2474 35 35 11 11 0.0354 0.0354 158 158
89-0-1-0.05-50-0 0 2474 18 18 41 41 0.2181 0.2181 226 226
89-0-1-0.05-50-0 0 2475 21 16 15 10 0.4184 0.2228 158 149
89-0-1-0.05-50-0 0 2475 18 9 39 6 0.2181 0.6134 226 161
89-0-1-0.05-50-0 0 2475 25 49 10 13 0.9430 0.1842 125 136
89-0-1-0.05-50-0 0 2476 21 21 16 16 0.4184 0.4184 158 158
89-0-1-0.05-50-0 0 2476 18 18 40 40 0.2181 0.2181 226 226
89-0-1-0.05-50-0 0 2476 18 18 39 39 0.2181 0.2181 226 226
89-0-1-0.05-50-0 0 2477 18 18 40 40 0.2181 0.2181 226 226
89-0-1-0.05-50-0 0 2477 25 29 13 3 0.9430 0.6728 125 177
89-0-1-0.05-50-0 0 2477 9 18 6 39 0.6134 0.2181 161 226
89-0-1-0.05-50-0 0 2478 16 48 10 1 0.2228 0.1153 149 334
89-0-1-0.05-50-0 0 2478 25 35 13 12 0.9430 0.0354 125 158
89-0-1-0.05-50-0 0 2478 25 9 13 6 0.9430 0.6134 125 161
89-0-1-0.05-50-0 0 2479 29 12 3 4 0.6728 0.1896 177 325
89-0-1-0.05-50-0 0 2479 18 35 40 11 0.2181 0.0354 226 158
89-0-1-0.05-50-0 0 2479 18 35 40 10 0.2181 0.0354 226 158
89-0-1-0.05-50-0 0 2480 12 18 2 38 0.1896 0.2181 325 226
89-0-1-0.05-50-0 0 2480 26 18 4 37 0.8171 0.2181 141 226
89-0-1-0.05-50-0 0 2480 17 25 1 13 0.6398 0.9430 197 125
89-0-1-0.05-50-0 0 2481 12 22 2 1 0.1896 0.0160 325 311
89-0-1-0.05-50-0 0 2481 21 18 15 36 0.4184 0.2181 158 226
89-0-1-0.05-50-0 0 2481 31 18 1 35 0.5626 0.2181 252 226
89-0-1-0.05-50-0 0 2482 18 21 33 14 0.2181 0.4184 226 158
89-0-1-0.05-50-0 0 2482 32 17 1 1 0.6514 0.6398 215 197
89-0-1-0.05-50-0 0 2482 41 18 3 33 0.9621 0.2181 105 226
89-0-1-0.05-50-0 0 2483 47 35 8 11 0.9293 0.0354 103 158
89-0-1-0.05-50-0 0 2483 18 49 32 14 0.2181 0.1842 226 136
89-0-1-0.05-50-0 0 2483 21 49 13 13 0.4184 0.1842 158 136
89-0-1-0.05-50-0 0 2484 29 21 4 14 0.6728 0.4184 177 158
89-0-1-0.05-50-0 0 2484 25 10 13 2 0.9430 0.2533 125 449
89-0-1-0.05-50-0 0 2484 45 2 10 1 0.3816 0.8198 173 167
89-0-1-0.05-50-0 0 2485 49 49 13 13 0.1842 0.1842 136 136
89-0-1-0.05-50-0 0 2485 45 25 11 13 0.3816 0.9430 173 125
89-0-1-0.05-50-0 0 2485 25 18 12 31 0.9430 0.2181 125 226
89-0-1-0.05-50-0 0 2486 18 9 31 8 0.2181 0.6134 226 161
89-0-1-0.05-50-0 0 2486 18 40 31 1 0.2181 0.9739 226 104
89-0-1-0.05-50-0 0 2486 45 25 11 13 0.3816 0.9430 173 125
89-0-1-0.05-50-0 0 2487 32 49 4 15 0.6514 0.1842 215 136
89-0-1-0.05-50-0 0 2487 45 28 10 6 0.3816 0.3846 173 311
89-0-1-0.05-50-0 0 2487 45 18 10 32 0.3816 0.2181 173 226
89-0-1-0.05-50-0 0 2488 47 32 7 4 0.9293 0.6514 103 215
89-0-1-0.05-50-0 0 2488 21 16 15 10 0.4184 0.2228 158 149
89-0-1-0.05-50-0 0 2488 47 26 7 6 0.9293 0.8171 103 141
89-0-1-0.05-50-0 0 2489 12 7 1 1 0.1896 0.9267 325 106
89-0-1-0.05-50-0 0 2489 33 21 3 16 0.6893 0.4184 191 158
89-0-1-0.05-50-0 0 2489 27 18 11 33 0.0776 0.2181 149 226
89-0-1-0.05-50-0 0 2490 21 47 17 6 0.4184 0.9293 158 103
89-0-1-0.05-50-0 0 2490 25 18 12 31 0.9430 0.2181 125 226
89-0-1-0.05-50-0 0 2490 47 18 5 30 0.9293 0.2181 103 226
89-0-1-0.05-50-0 0 2491 25 45 14 12 0.9430 0.3816 125 173
89-0-1-0.05-50-0 0 2491 25 25 14 14 0.9430 0.9430 125 125
89-0-1-0.05-50-0 0 2491 26 21 4 16 0.8171 0.4184 141 158
89-0-1-0.05-50-0 0 2492 16 49 10 14 0.2228 0.1842 149 136
89-0-1-0.05-50-0 0 2492 16 14 10 2 0.2228 0.8451 149 105
89-0-1-0.05-50-0 0 2492 25 18 13 32 0.9430 0.2181 125 226
89-0-1-0.05-50-0 0 2493 18 16 31 10 0.2181 0.2228 226 149
89-0-1-0.05-50-0 0 2493 21 41 14 2 0.4184 0.9621 158 105
89-0-1-0.05-50-0 0 2493 21 29 14 3 0.4184 0.6728 158 177
89-0-1-0.05-50-0 0 2494 25 21 11 16 0.9430 0.4184 125 158
89-0-1-0.05-50-0 0 2494 35 45 10 11 0.0354 0.3816 158 173
89-0-1-0.05-50-0 0 2494 18 18 30 30 0.2181 0.2181 226 226
89-0-1-0.05-50-0 0 2495 18 1 29 2 0.2181 0.2520 226 409
89-0-1-0.05-50-0 0 2495 47 4 4 4 0.9293 0.0723 103 351
89-0-1-0.05-50-0 0 2495 25 18 12 29 0.9430 0.2181 125 226
89-0-1-0.05-50-0 0 2496 18 21 29 15 0.2181 0.4184 226 158
89-0-1-0.05-50-0 0 2496 18 21 29 14 0.2181 0.4184 226 158
89-0-1-0.05-50-0 0 2496 35 18 10 29 0.0354 0.2181 158 226
89-0-1-0.05-50-0 0 2497 49 21 13 12 0.1842 0.4184 136 158
89-0-1-0.05-50-0 0 2497 18 49 29 13 0.2181 0.1842 226 136
89-0-1-0.05-50-0 0 2497 18 45 29 8 0.2181 0.3816 226 173
89-0-1-0.05-50-0 0 2498 49 21 12 11 0.1842 0.4184 136 158
89-0-1-0.05-50-0 0 2498 20 28 5 3 0.9922 0.3846 102 311
89-0-1-0.05-50-0 0 2498 18 35 31 11 0.2181 0.0354 226 158
89-0-1-0.05-50-0 0 2499 21 18 10 32 0.4184 0.2181 158 226
89-0-1-0.05-50-0 0 2499 45 18 8 31 0.3816 0.2181 173 226
89-0-1-0.05-50-0 0 2499 9 25 8 12 0.6134 0.9430 161 125
89-0-1-0.05-50-0 0 2500 25 27 11 15 0.9430 0.0776 125 149
89-0-1-0.05-50-0 0 2500 15 20 7 5 0.7918 0.9922 149 102
89-0-1-0.05-50-0 0 2500 27 20 14 4 0.0776 0.9922 149 102
