9-0-1-0.05-50-0 0 2302 4 48 24 9 0.0723 0.1153 351 334
9-0-1-0.05-50-0 0 2302 1 48 18 8 0.2520 0.1153 409 334
9-0-1-0.05-50-0 0 2302 4 43 24 2 0.0723 0.8316 351 123
9-0-1-0.05-50-0 0 2303 49 4 13 25 0.1842 0.0723 136 351
9-0-1-0.05-50-0 0 2303 1 48 18 7 0.2520 0.1153 409 334
9-0-1-0.05-50-0 0 2303 24 28 3 19 0.1940 0.3846 254 311
9-0-1-0.05-50-0 0 2304 14 6 6 3 0.8451 0.4266 105 249
9-0-1-0.05-50-0 0 2304 4 18 24 3 0.0723 0.2181 351 226
9-0-1-0.05-50-0 0 2304 48 49 8 11 0.1153 0.1842 334 136
9-0-1-0.05-50-0 0 2305 4 1 24 23 0.0723 0.2520 351 409
9-0-1-0.05-50-0 0 2305 21 1 2 22 0.4184 0.2520 158 409
9-0-1-0.05-50-0 0 2305 28 14 18 6 0.3846 0.8451 311 105
9-0-1-0.05-50-0 0 2306 4 1 24 20 0.0723 0.2520 351 409
9-0-1-0.05-50-0 0 2306 14 7 6 2 0.8451 0.9267 105 106
9-0-1-0.05-50-0 0 2306 1 11 19 3 0.2520 0.0504 409 384
9-0-1-0.05-50-0 0 2307 28 28 19 19 0.3846 0.3846 311 311
9-0-1-0.05-50-0 0 2307 45 23 3 3 0.3816 0.1698 173 476
9-0-1-0.05-50-0 0 2307 27 23 3 2 0.0776 0.1698 149 476
9-0-1-0.05-50-0 0 2308 4 21 23 2 0.0723 0.4184 351 158
9-0-1-0.05-50-0 0 2308 26 49 2 9 0.8171 0.1842 141 136
9-0-1-0.05-50-0 0 2309 46 4 4 25 0.3451 0.0723 327 351
9-0-1-0.05-50-0 0 2309 20 26 3 2 0.9922 0.8171 102 141
9-0-1-0.05-50-0 0 2309 4 1 24 19 0.0723 0.2520 351 409
9-0-1-0.05-50-0 0 2310 14 4 7 24 0.8451 0.0723 105 351
9-0-1-0.05-50-0 0 2310 42 28 3 18 0.7447 0.3846 106 311
9-0-1-0.05-50-0 0 2311 4 4 24 24 0.0723 0.0723 351 351
9-0-1-0.05-50-0 0 2311 33 8 4 16 0.6893 0.2506 191 303
9-0-1-0.05-50-0 0 2312 4 48 22 6 0.0723 0.1153 351 334
9-0-1-0.05-50-0 0 2312 14 35 8 1 0.8451 0.0354 105 158
9-0-1-0.05-50-0 0 2312 20 12 2 8 0.9922 0.1896 102 325
9-0-1-0.05-50-0 0 2313 3 12 2 7 0.4813 0.1896 321 325
9-0-1-0.05-50-0 0 2313 8 4 14 22 0.2506 0.0723 303 351
9-0-1-0.05-50-0 0 2314 6 11 1 3 0.4266 0.0504 249 384
9-0-1-0.05-50-0 0 2314 48 3 4 2 0.1153 0.4813 334 321
9-0-1-0.05-50-0 0 2315 4 4 23 23 0.0723 0.0723 351 351
9-0-1-0.05-50-0 0 2315 27 19 2 2 0.0776 0.8072 149 134
9-0-1-0.05-50-0 0 2316 28 8 19 15 0.3846 0.2506 311 303
9-0-1-0.05-50-0 0 2316 49 1 8 21 0.1842 0.2520 136 409
9-0-1-0.05-50-0 0 2316 28 1 19 20 0.3846 0.2520 311 409
9-0-1-0.05-50-0 0 2317 24 4 2 22 0.1940 0.0723 254 351
9-0-1-0.05-50-0 0 2317 33 14 4 6 0.6893 0.8451 191 105
9-0-1-0.05-50-0 0 2318 28 18 20 1 0.3846 0.2181 311 226
9-0-1-0.05-50-0 0 2318 1 8 19 16 0.2520 0.2506 409 303
9-0-1-0.05-50-0 0 2318 30 16 1 3 0.6008 0.2228 266 149
9-0-1-0.05-50-0 0 2319 15 1 3 21 0.7918 0.2520 149 409
9-0-1-0.05-50-0 0 2319 8 16 15 2 0.2506 0.2228 303 149
9-0-1-0.05-50-0 0 2319 1 4 20 20 0.2520 0.0723 409 351
9-0-1-0.05-50-0 0 2320 4 12 20 5 0.0723 0.1896 351 325
9-0-1-0.05-50-0 0 2320 19 1 1 19 0.8072 0.2520 134 409
9-0-1-0.05-50-0 0 2320 28 45 23 6 0.3846 0.3816 311 173
9-0-1-0.05-50-0 0 2321 41 6 2 2 0.9621 0.4266 105 249
9-0-1-0.05-50-0 0 2321 15 4 3 20 0.7918 0.0723 149 351
9-0-1-0.05-50-0 0 2321 8 49 16 7 0.2506 0.1842 303 136
9-0-1-0.05-50-0 0 2322 48 8 5 17 0.1153 0.2506 334 303
9-0-1-0.05-50-0 0 2322 28 28 24 24 0.3846 0.3846 311 311
9-0-1-0.05-50-0 0 2322 4 14 19 5 0.0723 0.8451 351 105
9-0-1-0.05-50-0 0 2323 28 4 23 18 0.3846 0.0723 311 351
9-0-1-0.05-50-0 0 2323 24 8 3 16 0.1940 0.2506 254 303
9-0-1-0.05-50-0 0 2323 48 45 4 5 0.1153 0.3816 334 173
9-0-1-0.05-50-0 0 2324 1 28 17 24 0.2520 0.3846 409 311
9-0-1-0.05-50-0 0 2324 1 12 17 5 0.2520 0.1896 409 325
9-0-1-0.05-50-0 0 2324 28 6 23 1 0.3846 0.4266 311 249
9-0-1-0.05-50-0 0 2325 4 28 19 25 0.0723 0.3846 351 311
9-0-1-0.05-50-0 0 2325 14 12 6 4 0.8451 0.1896 105 325
9-0-1-0.05-50-0 0 2325 12 49 3 9 0.1896 0.1842 325 136
9-0-1-0.05-50-0 0 2326 4 8 20 17 0.0723 0.2506 351 303
9-0-1-0.05-50-0 0 2326 8 8 16 16 0.2506 0.2506 303 303
9-0-1-0.05-50-0 0 2326 28 49 25 8 0.3846 0.1842 311 136
9-0-1-0.05-50-0 0 2327 4 28 21 24 0.0723 0.3846 351 311
9-0-1-0.05-50-0 0 2327 1 4 17 21 0.2520 0.0723 409 351
9-0-1-0.05-50-0 0 2327 20 1 4 17 0.9922 0.2520 102 409
9-0-1-0.05-50-0 0 2328 8 20 14 5 0.2506 0.9922 303 102
9-0-1-0.05-50-0 0 2328 11 41 2 1 0.0504 0.9621 384 105
9-0-1-0.05-50-0 0 2328 49 46 7 4 0.1842 0.3451 136 327
9-0-1-0.05-50-0 0 2329 8 8 19 19 0.2506 0.2506 303 303
9-0-1-0.05-50-0 0 2329 4 20 22 4 0.0723 0.9922 351 102
9-0-1-0.05-50-0 0 2329 1 18 15 2 0.2520 0.2181 409 226
9-0-1-0.05-50-0 0 2330 4 28 23 24 0.0723 0.3846 351 311
9-0-1-0.05-50-0 0 2330 16 45 1 6 0.2228 0.3816 149 173
9-0-1-0.05-50-0 0 2330 8 4 18 23 0.2506 0.0723 303 351
9-0-1-0.05-50-0 0 2331 14 48 10 4 0.8451 0.1153 105 334
9-0-1-0.05-50-0 0 2331 12 12 3 3 0.1896 0.1896 325 325
9-0-1-0.05-50-0 0 2331 42 28 2 23 0.7447 0.3846 106 311
9-0-1-0.05-50-0 0 2332 28 1 21 17 0.3846 0.2520 311 409
9-0-1-0.05-50-0 0 2332 4 4 22 22 0.0723 0.0723 351 351
9-0-1-0.05-50-0 0 2332 1 42 16 2 0.2520 0.7447 409 106
9-0-1-0.05-50-0 0 2333 28 7 22 3 0.3846 0.9267 311 106
9-0-1-0.05-50-0 0 2333 28 4 22 20 0.3846 0.0723 311 351
9-0-1-0.05-50-0 0 2333 1 13 16 1 0.2520 0.8878 409 151
9-0-1-0.05-50-0 0 2334 7 42 2 1 0.9267 0.7447 106 106
9-0-1-0.05-50-0 0 2334 8 28 16 22 0.2506 0.3846 303 311
9-0-1-0.05-50-0 0 2334 46 11 3 2 0.3451 0.0504 327 384
9-0-1-0.05-50-0 0 2335 24 20 9 4 0.1940 0.9922 254 102
9-0-1-0.05-50-0 0 2335 49 9 11 1 0.1842 0.6134 136 161
9-0-1-0.05-50-0 0 2335 46 11 3 1 0.3451 0.0504 327 384
9-0-1-0.05-50-0 0 2336 8 15 15 7 0.2506 0.7918 303 149
9-0-1-0.05-50-0 0 2336 8 12 15 1 0.2506 0.1896 303 325
9-0-1-0.05-50-0 0 2336 1 45 15 7 0.2520 0.3816 409 173
9-0-1-0.05-50-0 0 2337 1 24 17 9 0.2520 0.1940 409 254
9-0-1-0.05-50-0 0 2337 45 26 5 2 0.3816 0.8171 173 141
9-0-1-0.05-50-0 0 2337 24 10 8 2 0.1940 0.2533 254 449
9-0-1-0.05-50-0 0 2338 8 1 13 17 0.2506 0.2520 303 409
9-0-1-0.05-50-0 0 2338 1 15 16 6 0.2520 0.7918 409 149
9-0-1-0.05-50-0 0 2339 49 21 10 8 0.1842 0.4184 136 158
9-0-1-0.05-50-0 0 2339 1 23 16 2 0.2520 0.1698 409 476
9-0-1-0.05-50-0 0 2340 20 15 3 6 0.9922 0.7918 102 149
9-0-1-0.05-50-0 0 2340 28 4 16 18 0.3846 0.0723 311 351
9-0-1-0.05-50-0 0 2341 8 1 14 16 0.2506 0.2520 303 409
9-0-1-0.05-50-0 0 2341 30 43 2 6 0.6008 0.8316 266 123
9-0-1-0.05-50-0 0 2342 4 6 17 1 0.0723 0.4266 351 249
9-0-1-0.05-50-0 0 2342 4 24 17 9 0.0723 0.1940 351 254
9-0-1-0.05-50-0 0 2343 7 33 1 3 0.9267 0.6893 106 191
9-0-1-0.05-50-0 0 2343 46 19 2 1 0.3451 0.8072 327 134
9-0-1-0.05-50-0 0 2344 4 8 19 16 0.0723 0.2506 351 303
9-0-1-0.05-50-0 0 2344 17 4 4 19 0.6398 0.0723 197 351
9-0-1-0.05-50-0 0 2345 4 4 19 19 0.0723 0.0723 351 351
9-0-1-0.05-50-0 0 2345 49 8 11 16 0.1842 0.2506 136 303
9-0-1-0.05-50-0 0 2346 1 11 13 1 0.2520 0.0504 409 384
9-0-1-0.05-50-0 0 2346 24 33 5 2 0.1940 0.6893 254 191
9-0-1-0.05-50-0 0 2347 28 46 18 2 0.3846 0.3451 311 327
9-0-1-0.05-50-0 0 2347 4 4 17 17 0.0723 0.0723 351 351
9-0-1-0.05-50-0 0 2348 21 8 7 14 0.4184 0.2506 158 303
9-0-1-0.05-50-0 0 2348 13 28 1 17 0.8878 0.3846 151 311
9-0-1-0.05-50-0 0 2349 49 45 10 4 0.1842 0.3816 136 173
9-0-1-0.05-50-0 0 2349 8 28 15 16 0.2506 0.3846 303 311
9-0-1-0.05-50-0 0 2350 35 1 1 14 0.0354 0.2520 158 409
9-0-1-0.05-50-0 0 2350 28 8 14 15 0.3846 0.2506 311 303
9-0-1-0.05-50-0 0 2351 39 8 2 15 0.2187 0.2506 309 303
9-0-1-0.05-50-0 0 2351 27 49 10 12 0.0776 0.1842 149 136
9-0-1-0.05-50-0 0 2352 21 15 10 10 0.4184 0.7918 158 149
9-0-1-0.05-50-0 0 2352 8 17 17 6 0.2506 0.6398 303 197
9-0-1-0.05-50-0 0 2352 21 15 10 9 0.4184 0.7918 158 149
9-0-1-0.05-50-0 0 2353 1 8 13 18 0.2520 0.2506 409 303
9-0-1-0.05-50-0 0 2353 27 48 14 2 0.0776 0.1153 149 334
9-0-1-0.05-50-0 0 2353 23 17 2 5 0.1698 0.6398 476 197
9-0-1-0.05-50-0 0 2354 10 49 4 10 0.2533 0.1842 449 136
9-0-1-0.05-50-0 0 2354 28 20 13 6 0.3846 0.9922 311 102
9-0-1-0.05-50-0 0 2354 4 8 17 18 0.0723 0.2506 351 303
9-0-1-0.05-50-0 0 2355 4 27 17 14 0.0723 0.0776 351 149
9-0-1-0.05-50-0 0 2355 28 49 11 9 0.3846 0.1842 311 136
9-0-1-0.05-50-0 0 2355 4 49 17 8 0.0723 0.1842 351 136
9-0-1-0.05-50-0 0 2356 1 49 18 7 0.2520 0.1842 409 136
9-0-1-0.05-50-0 0 2356 13 27 1 14 0.8878 0.0776 151 149
9-0-1-0.05-50-0 0 2356 15 27 7 13 0.7918 0.0776 149 149
9-0-1-0.05-50-0 0 2357 4 20 18 6 0.0723 0.9922 351 102
9-0-1-0.05-50-0 0 2357 21 21 10 10 0.4184 0.4184 158 158
9-0-1-0.05-50-0 0 2357 39 8 1 16 0.2187 0.2506 309 303
9-0-1-0.05-50-0 0 2358 20 10 5 5 0.9922 0.2533 102 449
9-0-1-0.05-50-0 0 2358 15 15 9 9 0.7918 0.7918 149 149
9-0-1-0.05-50-0 0 2358 4 28 17 12 0.0723 0.3846 351 311
9-0-1-0.05-50-0 0 2359 4 29 19 2 0.0723 0.6728 351 177
9-0-1-0.05-50-0 0 2359 30 1 4 22 0.6008 0.2520 266 409
9-0-1-0.05-50-0 0 2359 8 15 14 8 0.2506 0.7918 303 149
9-0-1-0.05-50-0 0 2360 7 1 4 20 0.9267 0.2520 106 409
9-0-1-0.05-50-0 0 2360 24 27 4 12 0.1940 0.0776 254 149
9-0-1-0.05-50-0 0 2360 21 27 12 11 0.4184 0.0776 158 149
9-0-1-0.05-50-0 0 2361 4 28 19 12 0.0723 0.3846 351 311
9-0-1-0.05-50-0 0 2361 27 10 11 3 0.0776 0.2533 149 449
9-0-1-0.05-50-0 0 2361 17 4 4 19 0.6398 0.0723 197 351
9-0-1-0.05-50-0 0 2362 1 8 20 11 0.2520 0.2506 409 303
9-0-1-0.05-50-0 0 2362 1 28 20 10 0.2520 0.3846 409 311
9-0-1-0.05-50-0 0 2363 21 31 10 2 0.4184 0.5626 158 252
9-0-1-0.05-50-0 0 2363 17 1 4 21 0.6398 0.2520 197 409
9-0-1-0.05-50-0 0 2363 28 46 9 2 0.3846 0.3451 311 327
9-0-1-0.05-50-0 0 2364 1 1 20 20 0.2520 0.2520 409 409
9-0-1-0.05-50-0 0 2364 4 4 19 19 0.0723 0.0723 351 351
9-0-1-0.05-50-0 0 2365 28 21 9 8 0.3846 0.4184 311 158
9-0-1-0.05-50-0 0 2365 49 21 8 7 0.1842 0.4184 136 158
9-0-1-0.05-50-0 0 2366 1 21 22 6 0.2520 0.4184 409 158
9-0-1-0.05-50-0 0 2366 24 10 5 1 0.1940 0.2533 254 449
9-0-1-0.05-50-0 0 2367 28 17 8 4 0.3846 0.6398 311 197
9-0-1-0.05-50-0 0 2367 15 19 11 1 0.7918 0.8072 149 134
9-0-1-0.05-50-0 0 2368 21 14 4 8 0.4184 0.8451 158 105
9-0-1-0.05-50-0 0 2368 28 1 6 24 0.3846 0.2520 311 409
9-0-1-0.05-50-0 0 2368 8 21 10 4 0.2506 0.4184 303 158
9-0-1-0.05-50-0 0 2369 31 20 2 7 0.5626 0.9922 252 102
9-0-1-0.05-50-0 0 2369 28 4 6 21 0.3846 0.0723 311 351
9-0-1-0.05-50-0 0 2370 27 8 12 12 0.0776 0.2506 149 303
9-0-1-0.05-50-0 0 2370 28 15 6 11 0.3846 0.7918 311 149
9-0-1-0.05-50-0 0 2371 24 15 8 9 0.1940 0.7918 254 149
9-0-1-0.05-50-0 0 2371 4 14 19 6 0.0723 0.8451 351 105
9-0-1-0.05-50-0 0 2372 28 8 4 12 0.3846 0.2506 311 303
9-0-1-0.05-50-0 0 2372 1 18 23 1 0.2520 0.2181 409 226
9-0-1-0.05-50-0 0 2373 1 6 22 2 0.2520 0.4266 409 249
9-0-1-0.05-50-0 0 2373 4 3 18 3 0.0723 0.4813 351 321
9-0-1-0.05-50-0 0 2374 14 4 6 18 0.8451 0.0723 105 351
9-0-1-0.05-50-0 0 2374 17 3 3 2 0.6398 0.4813 197 321
9-0-1-0.05-50-0 0 2375 4 27 18 13 0.0723 0.0776 351 149
9-0-1-0.05-50-0 0 2375 13 27 1 12 0.8878 0.0776 151 149
9-0-1-0.05-50-0 0 2376 20 1 5 21 0.9922 0.2520 102 409
9-0-1-0.05-50-0 0 2376 8 4 14 18 0.2506 0.0723 303 351
9-0-1-0.05-50-0 0 2377 4 27 17 9 0.0723 0.0776 351 149
9-0-1-0.05-50-0 0 2377 30 8 8 14 0.6008 0.2506 266 303
9-0-1-0.05-50-0 0 2378 1 1 21 21 0.2520 0.2520 409 409
9-0-1-0.05-50-0 0 2378 27 1 8 20 0.0776 0.2520 149 409
9-0-1-0.05-50-0 0 2379 11 27 2 9 0.0504 0.0776 384 149
9-0-1-0.05-50-0 0 2379 27 30 8 9 0.0776 0.6008 149 266
9-0-1-0.05-50-0 0 2379 49 27 12 8 0.1842 0.0776 136 149
9-0-1-0.05-50-0 0 2380 8 24 10 11 0.2506 0.1940 303 254
9-0-1-0.05-50-0 0 2380 17 3 3 1 0.6398 0.4813 197 321
9-0-1-0.05-50-0 0 2381 31 28 5 6 0.5626 0.3846 252 311
9-0-1-0.05-50-0 0 2381 49 4 11 17 0.1842 0.0723 136 351
9-0-1-0.05-50-0 0 2382 28 1 5 23 0.3846 0.2520 311 409
9-0-1-0.05-50-0 0 2382 14 31 6 5 0.8451 0.5626 105 252
9-0-1-0.05-50-0 0 2383 11 14 3 6 0.0504 0.8451 384 105
9-0-1-0.05-50-0 0 2383 8 15 12 5 0.2506 0.7918 303 149
9-0-1-0.05-50-0 0 2384 30 17 6 4 0.6008 0.6398 266 197
9-0-1-0.05-50-0 0 2384 27 37 8 3 0.0776 0.8481 149 127
9-0-1-0.05-50-0 0 2385 4 1 16 23 0.0723 0.2520 351 409
9-0-1-0.05-50-0 0 2385 8 27 10 10 0.2506 0.0776 303 149
9-0-1-0.05-50-0 0 2386 4 49 15 11 0.0723 0.1842 351 136
9-0-1-0.05-50-0 0 2386 30 1 6 24 0.6008 0.2520 266 409
9-0-1-0.05-50-0 0 2387 24 8 13 11 0.1940 0.2506 254 303
9-0-1-0.05-50-0 0 2387 31 8 4 10 0.5626 0.2506 252 303
9-0-1-0.05-50-0 0 2388 15 4 4 14 0.7918 0.0723 149 351
9-0-1-0.05-50-0 0 2388 7 1 5 23 0.9267 0.2520 106 409
9-0-1-0.05-50-0 0 2389 4 49 13 11 0.0723 0.1842 351 136
9-0-1-0.05-50-0 0 2389 1 32 23 5 0.2520 0.6514 409 215
9-0-1-0.05-50-0 0 2390 7 8 7 9 0.9267 0.2506 106 303
9-0-1-0.05-50-0 0 2390 33 1 3 23 0.6893 0.2520 191 409
9-0-1-0.05-50-0 0 2391 27 1 7 22 0.0776 0.2520 149 409
9-0-1-0.05-50-0 0 2391 4 8 13 8 0.0723 0.2506 351 303
9-0-1-0.05-50-0 0 2392 33 12 3 1 0.6893 0.1896 191 325
9-0-1-0.05-50-0 0 2392 1 34 20 3 0.2520 0.7448 409 168
9-0-1-0.05-50-0 0 2393 33 6 3 4 0.6893 0.4266 191 249
9-0-1-0.05-50-0 0 2393 7 24 6 11 0.9267 0.1940 106 254
9-0-1-0.05-50-0 0 2394 6 15 3 4 0.4266 0.7918 249 149
9-0-1-0.05-50-0 0 2394 49 45 11 1 0.1842 0.3816 136 173
9-0-1-0.05-50-0 0 2395 4 21 13 1 0.0723 0.4184 351 158
9-0-1-0.05-50-0 0 2395 17 24 3 11 0.6398 0.1940 197 254
9-0-1-0.05-50-0 0 2396 6 24 3 10 0.4266 0.1940 249 254
9-0-1-0.05-50-0 0 2396 42 49 1 11 0.7447 0.1842 106 136
9-0-1-0.05-50-0 0 2397 24 31 8 5 0.1940 0.5626 254 252
9-0-1-0.05-50-0 0 2397 1 49 19 10 0.2520 0.1842 409 136
9-0-1-0.05-50-0 0 2398 30 1 7 17 0.6008 0.2520 266 409
9-0-1-0.05-50-0 0 2398 1 14 16 6 0.2520 0.8451 409 105
9-0-1-0.05-50-0 0 2399 17 28 5 4 0.6398 0.3846 197 311
9-0-1-0.05-50-0 0 2399 31 1 4 16 0.5626 0.2520 252 409
9-0-1-0.05-50-0 0 2400 4 34 15 2 0.0723 0.7448 351 168
9-0-1-0.05-50-0 0 2400 14 17 6 5 0.8451 0.6398 105 197
9-0-1-0.05-50-0 0 2401 1 32 15 5 0.2520 0.6514 409 215
9-0-1-0.05-50-0 0 2401 36 36 4 4 0.8162 0.8162 165 165
9-0-1-0.05-50-0 0 2402 4 20 18 7 0.0723 0.9922 351 102
9-0-1-0.05-50-0 0 2402 1 20 15 6 0.2520 0.9922 409 102
9-0-1-0.05-50-0 0 2403 27 30 8 8 0.0776 0.6008 149 266
9-0-1-0.05-50-0 0 2403 23 1 2 15 0.1698 0.2520 476 409
9-0-1-0.05-50-0 0 2404 4 24 21 9 0.0723 0.1940 351 254
9-0-1-0.05-50-0 0 2404 30 4 7 21 0.6008 0.0723 266 351
9-0-1-0.05-50-0 0 2405 1 28 16 3 0.2520 0.3846 409 311
9-0-1-0.05-50-0 0 2405 1 47 16 1 0.2520 0.9293 409 103
9-0-1-0.05-50-0 0 2406 27 7 9 4 0.0776 0.9267 149 106
9-0-1-0.05-50-0 0 2406 30 1 8 16 0.6008 0.2520 266 409
9-0-1-0.05-50-0 0 2407 32 31 8 3 0.6514 0.5626 215 252
9-0-1-0.05-50-0 0 2407 14 24 6 11 0.8451 0.1940 105 254
9-0-1-0.05-50-0 0 2408 30 24 10 10 0.6008 0.1940 266 254
9-0-1-0.05-50-0 0 2408 1 4 13 21 0.2520 0.0723 409 351
9-0-1-0.05-50-0 0 2409 4 30 19 9 0.0723 0.6008 351 266
9-0-1-0.05-50-0 0 2409 28 7 3 4 0.3846 0.9267 311 106
9-0-1-0.05-50-0 0 2410 4 29 18 1 0.0723 0.6728 351 177
9-0-1-0.05-50-0 0 2410 22 4 1 18 0.0160 0.0723 311 351
9-0-1-0.05-50-0 0 2411 32 7 6 4 0.6514 0.9267 215 106
9-0-1-0.05-50-0 0 2411 8 49 4 6 0.2506 0.1842 303 136
9-0-1-0.05-50-0 0 2412 24 17 9 5 0.1940 0.6398 254 197
9-0-1-0.05-50-0 0 2412 1 31 16 4 0.2520 0.5626 409 252
9-0-1-0.05-50-0 0 2413 23 24 3 9 0.1698 0.1940 476 254
9-0-1-0.05-50-0 0 2413 49 7 5 4 0.1842 0.9267 136 106
9-0-1-0.05-50-0 0 2414 43 31 2 3 0.8316 0.5626 123 252
9-0-1-0.05-50-0 0 2414 23 27 3 10 0.1698 0.0776 476 149
9-0-1-0.05-50-0 0 2415 1 32 19 7 0.2520 0.6514 409 215
9-0-1-0.05-50-0 0 2415 1 41 19 9 0.2520 0.9621 409 105
9-0-1-0.05-50-0 0 2416 30 32 11 5 0.6008 0.6514 266 215
9-0-1-0.05-50-0 0 2416 24 27 6 11 0.1940 0.0776 254 149
9-0-1-0.05-50-0 0 2417 27 19 9 3 0.0776 0.8072 149 134
9-0-1-0.05-50-0 0 2417 49 8 4 5 0.1842 0.2506 136 303
9-0-1-0.05-50-0 0 2418 31 8 3 4 0.5626 0.2506 252 303
9-0-1-0.05-50-0 0 2418 32 1 4 21 0.6514 0.2520 215 409
9-0-1-0.05-50-0 0 2419 41 41 8 8 0.9621 0.9621 105 105
9-0-1-0.05-50-0 0 2419 30 30 12 12 0.6008 0.6008 266 266
9-0-1-0.05-50-0 0 2420 27 33 9 2 0.0776 0.6893 149 191
9-0-1-0.05-50-0 0 2420 24 45 6 3 0.1940 0.3816 254 173
9-0-1-0.05-50-0 0 2421 6 1 2 25 0.4266 0.2520 249 409
9-0-1-0.05-50-0 0 2421 20 49 7 3 0.9922 0.1842 102 136
9-0-1-0.05-50-0 0 2422 24 7 7 6 0.1940 0.9267 254 106
9-0-1-0.05-50-0 0 2422 36 13 6 1 0.8162 0.8878 165 151
9-0-1-0.05-50-0 0 2423 32 30 8 9 0.6514 0.6008 215 266
9-0-1-0.05-50-0 0 2423 33 19 2 2 0.6893 0.8072 191 134
9-0-1-0.05-50-0 0 2424 1 43 22 2 0.2520 0.8316 409 123
9-0-1-0.05-50-0 0 2424 32 20 8 7 0.6514 0.9922 215 102
9-0-1-0.05-50-0 0 2425 41 32 6 9 0.9621 0.6514 105 215
9-0-1-0.05-50-0 0 2425 1 4 22 15 0.2520 0.0723 409 351
9-0-1-0.05-50-0 0 2426 1 1 23 23 0.2520 0.2520 409 409
9-0-1-0.05-50-0 0 2426 17 27 4 8 0.6398 0.0776 197 149
9-0-1-0.05-50-0 0 2427 1 19 23 1 0.2520 0.8072 409 134
9-0-1-0.05-50-0 0 2427 41 1 6 23 0.9621 0.2520 105 409
9-0-1-0.05-50-0 0 2428 14 4 3 17 0.8451 0.0723 105 351
9-0-1-0.05-50-0 0 2428 14 24 3 7 0.8451 0.1940 105 254
9-0-1-0.05-50-0 0 2429 7 4 4 18 0.9267 0.0723 106 351
9-0-1-0.05-50-0 0 2429 34 4 1 17 0.7448 0.0723 168 351
9-0-1-0.05-50-0 0 2430 41 23 5 6 0.9621 0.1698 105 476
9-0-1-0.05-50-0 0 2430 21 30 1 6 0.4184 0.6008 158 266
9-0-1-0.05-50-0 0 2431 36 20 8 7 0.8162 0.9922 165 102
9-0-1-0.05-50-0 0 2431 41 1 5 25 0.9621 0.2520 105 409
9-0-1-0.05-50-0 0 2431 49 25 3 2 0.1842 0.9430 136 125
9-0-1-0.05-50-0 0 2432 14 4 7 19 0.8451 0.0723 105 351
9-0-1-0.05-50-0 0 2432 1 8 25 6 0.2520 0.2506 409 303
9-0-1-0.05-50-0 0 2432 24 23 6 5 0.1940 0.1698 254 476
9-0-1-0.05-50-0 0 2433 27 7 9 4 0.0776 0.9267 149 106
9-0-1-0.05-50-0 0 2433 1 1 28 28 0.2520 0.2520 409 409
9-0-1-0.05-50-0 0 2433 1 14 27 7 0.2520 0.8451 409 105
9-0-1-0.05-50-0 0 2434 14 24 6 6 0.8451 0.1940 105 254
9-0-1-0.05-50-0 0 2434 11 23 6 4 0.0504 0.1698 384 476
9-0-1-0.05-50-0 0 2434 23 32 3 13 0.1698 0.6514 476 215
9-0-1-0.05-50-0 0 2435 1 1 29 29 0.2520 0.2520 409 409
9-0-1-0.05-50-0 0 2435 1 27 28 9 0.2520 0.0776 409 149
9-0-1-0.05-50-0 0 2435 11 4 7 19 0.0504 0.0723 384 351
9-0-1-0.05-50-0 0 2436 30 11 6 6 0.6008 0.0504 266 384
9-0-1-0.05-50-0 0 2436 4 20 19 4 0.0723 0.9922 351 102
9-0-1-0.05-50-0 0 2436 6 43 3 2 0.4266 0.8316 249 123
9-0-1-0.05-50-0 0 2437 36 32 8 15 0.8162 0.6514 165 215
9-0-1-0.05-50-0 0 2437 11 48 6 6 0.0504 0.1153 384 334
9-0-1-0.05-50-0 0 2437 32 1 14 25 0.6514 0.2520 215 409
9-0-1-0.05-50-0 0 2438 1 11 25 6 0.2520 0.0504 409 384
9-0-1-0.05-50-0 0 2438 20 14 3 7 0.9922 0.8451 102 105
9-0-1-0.05-50-0 0 2438 25 32 2 13 0.9430 0.6514 125 215
9-0-1-0.05-50-0 0 2439 36 27 9 8 0.8162 0.0776 165 149
9-0-1-0.05-50-0 0 2439 28 45 2 2 0.3846 0.3816 311 173
9-0-1-0.05-50-0 0 2439 24 36 4 9 0.1940 0.8162 254 165
9-0-1-0.05-50-0 0 2440 11 14 7 6 0.0504 0.8451 384 105
9-0-1-0.05-50-0 0 2440 30 4 8 21 0.6008 0.0723 266 351
9-0-1-0.05-50-0 0 2440 4 1 20 26 0.0723 0.2520 351 409
9-0-1-0.05-50-0 0 2441 32 36 11 9 0.6514 0.8162 215 165
9-0-1-0.05-50-0 0 2441 24 14 5 4 0.1940 0.8451 254 105
9-0-1-0.05-50-0 0 2441 32 24 11 5 0.6514 0.1940 215 254
9-0-1-0.05-50-0 0 2442 1 27 24 7 0.2520 0.0776 409 149
9-0-1-0.05-50-0 0 2442 32 4 13 20 0.6514 0.0723 215 351
9-0-1-0.05-50-0 0 2442 1 49 24 2 0.2520 0.1842 409 136
9-0-1-0.05-50-0 0 2443 27 11 6 7 0.0776 0.0504 149 384
9-0-1-0.05-50-0 0 2443 1 17 23 10 0.2520 0.6398 409 197
9-0-1-0.05-50-0 0 2443 6 36 4 9 0.4266 0.8162 249 165
9-0-1-0.05-50-0 0 2444 23 4 4 20 0.1698 0.0723 476 351
9-0-1-0.05-50-0 0 2444 17 5 9 1 0.6398 0.0007 197 226
9-0-1-0.05-50-0 0 2445 1 48 25 7 0.2520 0.1153 409 334
9-0-1-0.05-50-0 0 2445 17 17 9 9 0.6398 0.6398 197 197
9-0-1-0.05-50-0 0 2445 32 11 16 8 0.6514 0.0504 215 384
9-0-1-0.05-50-0 0 2446 20 1 6 26 0.9922 0.2520 102 409
9-0-1-0.05-50-0 0 2446 32 17 16 9 0.6514 0.6398 215 197
9-0-1-0.05-50-0 0 2446 17 41 8 5 0.6398 0.9621 197 105
9-0-1-0.05-50-0 0 2447 27 16 7 1 0.0776 0.2228 149 149
9-0-1-0.05-50-0 0 2447 25 32 1 16 0.9430 0.6514 125 215
9-0-1-0.05-50-0 0 2447 45 7 2 2 0.3816 0.9267 173 106
9-0-1-0.05-50-0 0 2448 4 20 20 5 0.0723 0.9922 351 102
9-0-1-0.05-50-0 0 2448 6 1 3 28 0.4266 0.2520 249 409
9-0-1-0.05-50-0 0 2448 36 11 10 7 0.8162 0.0504 165 384
9-0-1-0.05-50-0 0 2449 17 6 7 3 0.6398 0.4266 197 249
9-0-1-0.05-50-0 0 2449 27 4 7 22 0.0776 0.0723 149 351
9-0-1-0.05-50-0 0 2449 32 1 16 27 0.6514 0.2520 215 409
9-0-1-0.05-50-0 0 2450 4 4 21 21 0.0723 0.0723 351 351
9-0-1-0.05-50-0 0 2450 1 24 26 7 0.2520 0.1940 409 254
9-0-1-0.05-50-0 0 2450 48 23 6 6 0.1153 0.1698 334 476
9-0-1-0.05-50-0 0 2451 41 11 4 8 0.9621 0.0504 105 384
9-0-1-0.05-50-0 0 2451 24 36 7 10 0.1940 0.8162 254 165
9-0-1-0.05-50-0 0 2451 32 4 16 20 0.6514 0.0723 215 351
9-0-1-0.05-50-0 0 2452 30 16 10 1 0.6008 0.2228 266 149
9-0-1-0.05-50-0 0 2452 11 48 7 7 0.0504 0.1153 384 334
9-0-1-0.05-50-0 0 2452 32 1 15 29 0.6514 0.2520 215 409
9-0-1-0.05-50-0 0 2453 1 32 28 16 0.2520 0.6514 409 215
9-0-1-0.05-50-0 0 2453 14 4 2 18 0.8451 0.0723 105 351
9-0-1-0.05-50-0 0 2453 6 24 2 7 0.4266 0.1940 249 254
9-0-1-0.05-50-0 0 2454 24 27 6 7 0.1940 0.0776 254 149
9-0-1-0.05-50-0 0 2454 1 1 30 30 0.2520 0.2520 409 409
9-0-1-0.05-50-0 0 2454 4 4 18 18 0.0723 0.0723 351 351
9-0-1-0.05-50-0 0 2455 14 13 2 1 0.8451 0.8878 105 151
9-0-1-0.05-50-0 0 2455 48 17 7 7 0.1153 0.6398 334 197
9-0-1-0.05-50-0 0 2455 1 1 30 30 0.2520 0.2520 409 409
9-0-1-0.05-50-0 0 2456 8 11 2 6 0.2506 0.0504 303 384
9-0-1-0.05-50-0 0 2456 32 1 16 27 0.6514 0.2520 215 409
9-0-1-0.05-50-0 0 2456 32 21 16 5 0.6514 0.4184 215 158
9-0-1-0.05-50-0 0 2457 4 1 15 27 0.0723 0.2520 351 409
9-0-1-0.05-50-0 0 2457 49 36 2 7 0.1842 0.8162 136 165
9-0-1-0.05-50-0 0 2457 32 4 16 15 0.6514 0.0723 215 351
9-0-1-0.05-50-0 0 2458 1 1 26 26 0.2520 0.2520 409 409
9-0-1-0.05-50-0 0 2458 1 22 25 9 0.2520 0.0160 409 311
9-0-1-0.05-50-0 0 2458 8 27 2 7 0.2506 0.0776 303 149
9-0-1-0.05-50-0 0 2459 30 27 15 6 0.6008 0.0776 266 149
9-0-1-0.05-50-0 0 2459 11 21 6 4 0.0504 0.4184 384 158
9-0-1-0.05-50-0 0 2459 45 41 4 4 0.3816 0.9621 173 105
9-0-1-0.05-50-0 0 2460 30 32 14 15 0.6008 0.6514 266 215
9-0-1-0.05-50-0 0 2460 31 4 3 16 0.5626 0.0723 252 351
9-0-1-0.05-50-0 0 2460 27 27 5 5 0.0776 0.0776 149 149
9-0-1-0.05-50-0 0 2461 30 20 14 5 0.6008 0.9922 266 102
9-0-1-0.05-50-0 0 2461 7 20 1 4 0.9267 0.9922 106 102
9-0-1-0.05-50-0 0 2461 31 22 2 6 0.5626 0.0160 252 311
9-0-1-0.05-50-0 0 2462 1 36 27 8 0.2520 0.8162 409 165
9-0-1-0.05-50-0 0 2462 1 4 27 14 0.2520 0.0723 409 351
9-0-1-0.05-50-0 0 2462 32 1 16 27 0.6514 0.2520 215 409
9-0-1-0.05-50-0 0 2463 17 35 7 1 0.6398 0.0354 197 158
9-0-1-0.05-50-0 0 2463 1 11 27 5 0.2520 0.0504 409 384
9-0-1-0.05-50-0 0 2463 20 1 3 27 0.9922 0.2520 102 409
9-0-1-0.05-50-0 0 2464 1 1 28 28 0.2520 0.2520 409 409
9-0-1-0.05-50-0 0 2464 26 28 2 4 0.8171 0.3846 141 311
9-0-1-0.05-50-0 0 2464 4 20 13 3 0.0723 0.9922 351 102
9-0-1-0.05-50-0 0 2465 36 32 9 15 0.8162 0.6514 165 215
9-0-1-0.05-50-0 0 2465 1 32 27 14 0.2520 0.6514 409 215
9-0-1-0.05-50-0 0 2465 4 4 15 15 0.0723 0.0723 351 351
9-0-1-0.05-50-0 0 2466 1 49 27 3 0.2520 0.1842 409 136
9-0-1-0.05-50-0 0 2466 4 1 15 27 0.0723 0.2520 351 409
9-0-1-0.05-50-0 0 2467 4 8 15 2 0.0723 0.2506 351 303
9-0-1-0.05-50-0 0 2467 32 34 15 3 0.6514 0.7448 215 168
9-0-1-0.05-50-0 0 2467 49 17 2 8 0.1842 0.6398 136 197
9-0-1-0.05-50-0 0 2468 35 48 1 9 0.0354 0.1153 158 334
9-0-1-0.05-50-0 0 2468 23 4 5 16 0.1698 0.0723 476 351
9-0-1-0.05-50-0 0 2469 32 48 14 8 0.6514 0.1153 215 334
9-0-1-0.05-50-0 0 2469 1 27 23 7 0.2520 0.0776 409 149
9-0-1-0.05-50-0 0 2470 32 32 13 13 0.6514 0.6514 215 215
9-0-1-0.05-50-0 0 2470 1 4 23 15 0.2520 0.0723 409 351
9-0-1-0.05-50-0 0 2471 7 1 2 23 0.9267 0.2520 106 409
9-0-1-0.05-50-0 0 2471 11 11 5 5 0.0504 0.0504 384 384
9-0-1-0.05-50-0 0 2471 27 35 6 1 0.0776 0.0354 149 158
9-0-1-0.05-50-0 0 2472 1 1 23 23 0.2520 0.2520 409 409
9-0-1-0.05-50-0 0 2472 24 1 5 22 0.1940 0.2520 254 409
9-0-1-0.05-50-0 0 2472 48 1 7 21 0.1153 0.2520 334 409
9-0-1-0.05-50-0 0 2473 17 49 7 3 0.6398 0.1842 197 136
9-0-1-0.05-50-0 0 2473 11 11 5 5 0.0504 0.0504 384 384
9-0-1-0.05-50-0 0 2473 32 30 11 8 0.6514 0.6008 215 266
9-0-1-0.05-50-0 0 2474 31 4 4 17 0.5626 0.0723 252 351
9-0-1-0.05-50-0 0 2474 7 27 2 8 0.9267 0.0776 106 149
9-0-1-0.05-50-0 0 2474 27 28 7 3 0.0776 0.3846 149 311
9-0-1-0.05-50-0 0 2475 36 8 13 1 0.8162 0.2506 165 303
9-0-1-0.05-50-0 0 2475 1 32 18 10 0.2520 0.6514 409 215
9-0-1-0.05-50-0 0 2476 22 1 7 17 0.0160 0.2520 311 409
9-0-1-0.05-50-0 0 2476 22 36 7 13 0.0160 0.8162 311 165
9-0-1-0.05-50-0 0 2477 4 28 15 2 0.0723 0.3846 351 311
9-0-1-0.05-50-0 0 2477 31 41 3 4 0.5626 0.9621 252 105
9-0-1-0.05-50-0 0 2478 23 30 6 8 0.1698 0.6008 476 266
9-0-1-0.05-50-0 0 2478 32 1 9 17 0.6514 0.2520 215 409
9-0-1-0.05-50-0 0 2479 4 1 16 17 0.0723 0.2520 351 409
9-0-1-0.05-50-0 0 2479 1 36 16 13 0.2520 0.8162 409 165
9-0-1-0.05-50-0 0 2480 36 48 11 6 0.8162 0.1153 165 334
9-0-1-0.05-50-0 0 2480 1 26 18 2 0.2520 0.8171 409 141
9-0-1-0.05-50-0 0 2481 17 17 7 7 0.6398 0.6398 197 197
9-0-1-0.05-50-0 0 2481 22 49 11 6 0.0160 0.1842 311 136
9-0-1-0.05-50-0 0 2482 28 48 2 6 0.3846 0.1153 311 334
9-0-1-0.05-50-0 0 2482 5 23 3 8 0.0007 0.1698 226 476
9-0-1-0.05-50-0 0 2483 23 6 9 1 0.1698 0.4266 476 249
9-0-1-0.05-50-0 0 2483 1 7 17 5 0.2520 0.9267 409 106
9-0-1-0.05-50-0 0 2484 4 36 17 14 0.0723 0.8162 351 165
9-0-1-0.05-50-0 0 2484 23 48 9 6 0.1698 0.1153 476 334
9-0-1-0.05-50-0 0 2485 22 32 8 7 0.0160 0.6514 311 215
9-0-1-0.05-50-0 0 2485 1 4 15 16 0.2520 0.0723 409 351
9-0-1-0.05-50-0 0 2486 24 4 4 15 0.1940 0.0723 254 351
9-0-1-0.05-50-0 0 2486 48 4 6 14 0.1153 0.0723 334 351
9-0-1-0.05-50-0 0 2487 7 5 4 3 0.9267 0.0007 106 226
9-0-1-0.05-50-0 0 2487 23 31 8 4 0.1698 0.5626 476 252
9-0-1-0.05-50-0 0 2488 28 25 4 2 0.3846 0.9430 311 125
9-0-1-0.05-50-0 0 2488 25 7 1 3 0.9430 0.9267 125 106
9-0-1-0.05-50-0 0 2489 48 11 7 3 0.1153 0.0504 334 384
9-0-1-0.05-50-0 0 2489 48 23 7 9 0.1153 0.1698 334 476
9-0-1-0.05-50-0 0 2490 24 1 7 14 0.1940 0.2520 254 409
9-0-1-0.05-50-0 0 2490 37 45 3 6 0.8481 0.3816 127 173
9-0-1-0.05-50-0 0 2491 30 1 7 14 0.6008 0.2520 266 409
9-0-1-0.05-50-0 0 2491 45 41 5 2 0.3816 0.9621 173 105
9-0-1-0.05-50-0 0 2492 22 22 12 12 0.0160 0.0160 311 311
9-0-1-0.05-50-0 0 2492 23 1 8 14 0.1698 0.2520 476 409
9-0-1-0.05-50-0 0 2493 32 31 8 5 0.6514 0.5626 215 252
9-0-1-0.05-50-0 0 2493 32 40 8 1 0.6514 0.9739 215 104
9-0-1-0.05-50-0 0 2493 28 13 4 1 0.3846 0.8878 311 151
9-0-1-0.05-50-0 0 2494 11 36 2 14 0.0504 0.8162 384 165
9-0-1-0.05-50-0 0 2494 36 28 13 4 0.8162 0.3846 165 311
9-0-1-0.05-50-0 0 2494 22 4 11 12 0.0160 0.0723 311 351
9-0-1-0.05-50-0 0 2495 1 5 16 4 0.2520 0.0007 409 226
9-0-1-0.05-50-0 0 2495 32 45 8 5 0.6514 0.3816 215 173
9-0-1-0.05-50-0 0 2495 1 1 16 16 0.2520 0.2520 409 409
9-0-1-0.05-50-0 0 2496 49 1 3 14 0.1842 0.2520 136 409
9-0-1-0.05-50-0 0 2496 28 49 5 3 0.3846 0.1842 311 136
9-0-1-0.05-50-0 0 2496 17 7 12 1 0.6398 0.9267 197 106
9-0-1-0.05-50-0 0 2497 22 17 11 12 0.0160 0.6398 311 197
9-0-1-0.05-50-0 0 2497 49 48 2 9 0.1842 0.1153 136 334
9-0-1-0.05-50-0 0 2498 48 22 8 11 0.1153 0.0160 334 311
9-0-1-0.05-50-0 0 2498 24 17 13 11 0.1940 0.6398 254 197
9-0-1-0.05-50-0 0 2499 22 20 9 1 0.0160 0.9922 311 102
9-0-1-0.05-50-0 0 2499 23 1 6 10 0.1698 0.2520 476 409
9-0-1-0.05-50-0 0 2500 17 5 10 3 0.6398 0.0007 197 226
9-0-1-0.05-50-0 0 2500 27 4 5 8 0.0776 0.0723 149 351
