91-1-1-0.05-50-0 1 2302 14 37 96 123 0.8451 0.8481 105 127
91-1-1-0.05-50-0 1 2302 14 2 96 125 0.8451 0.8198 105 167
91-1-1-0.05-50-0 1 2302 10 27 18 61 0.2533 0.0776 449 149
91-1-1-0.05-50-0 1 2302 10 27 18 60 0.2533 0.0776 449 149
91-1-1-0.05-50-0 1 2302 41 5 55 1 0.9621 0.0007 105 226
91-1-1-0.05-50-0 1 2302 14 43 96 50 0.8451 0.8316 105 123
91-1-1-0.05-50-0 1 2303 36 36 76 76 0.8162 0.8162 165 165
91-1-1-0.05-50-0 1 2303 14 14 96 96 0.8451 0.8451 105 105
91-1-1-0.05-50-0 1 2304 25 35 125 1 0.9430 0.0354 125 158
91-1-1-0.05-50-0 1 2304 36 2 76 125 0.8162 0.8198 165 167
91-1-1-0.05-50-0 1 2304 36 37 76 125 0.8162 0.8481 165 127
91-1-1-0.05-50-0 1 2305 36 36 78 78 0.8162 0.8162 165 165
91-1-1-0.05-50-0 1 2305 14 47 98 64 0.8451 0.9293 105 103
91-1-1-0.05-50-0 1 2305 36 14 77 98 0.8162 0.8451 165 105
91-1-1-0.05-50-0 1 2305 36 36 77 77 0.8162 0.8162 165 165
91-1-1-0.05-50-0 1 2306 2 33 120 2 0.8198 0.6893 167 191
91-1-1-0.05-50-0 1 2306 14 25 95 125 0.8451 0.9430 105 125
91-1-1-0.05-50-0 1 2306 36 2 76 120 0.8162 0.8198 165 167
91-1-1-0.05-50-0 1 2306 14 37 95 123 0.8451 0.8481 105 127
91-1-1-0.05-50-0 1 2306 14 36 95 76 0.8451 0.8162 105 165
91-1-1-0.05-50-0 1 2306 14 37 95 122 0.8451 0.8481 105 127
91-1-1-0.05-50-0 1 2306 14 41 95 55 0.8451 0.9621 105 105
91-1-1-0.05-50-0 1 2306 14 37 95 121 0.8451 0.8481 105 127
91-1-1-0.05-50-0 1 2306 14 13 95 142 0.8451 0.8878 105 151
91-1-1-0.05-50-0 1 2307 37 24 118 1 0.8481 0.1940 127 254
91-1-1-0.05-50-0 1 2307 36 2 76 127 0.8162 0.8198 165 167
91-1-1-0.05-50-0 1 2307 36 37 76 118 0.8162 0.8481 165 127
91-1-1-0.05-50-0 1 2307 36 2 76 126 0.8162 0.8198 165 167
91-1-1-0.05-50-0 1 2307 36 37 76 117 0.8162 0.8481 165 127
91-1-1-0.05-50-0 1 2308 36 37 75 120 0.8162 0.8481 165 127
91-1-1-0.05-50-0 1 2308 10 27 20 70 0.2533 0.0776 449 149
91-1-1-0.05-50-0 1 2308 14 2 93 125 0.8451 0.8198 105 167
91-1-1-0.05-50-0 1 2308 36 37 75 119 0.8162 0.8481 165 127
91-1-1-0.05-50-0 1 2309 26 6 23 2 0.8171 0.4266 141 249
91-1-1-0.05-50-0 1 2309 14 13 92 134 0.8451 0.8878 105 151
91-1-1-0.05-50-0 1 2309 36 2 79 125 0.8162 0.8198 165 167
91-1-1-0.05-50-0 1 2310 36 43 81 44 0.8162 0.8316 165 123
91-1-1-0.05-50-0 1 2310 36 26 81 24 0.8162 0.8171 165 141
91-1-1-0.05-50-0 1 2310 14 36 91 81 0.8451 0.8162 105 165
91-1-1-0.05-50-0 1 2310 36 14 80 91 0.8162 0.8451 165 105
91-1-1-0.05-50-0 1 2311 36 26 77 23 0.8162 0.8171 165 141
91-1-1-0.05-50-0 1 2311 10 27 24 70 0.2533 0.0776 449 149
91-1-1-0.05-50-0 1 2311 14 7 93 83 0.8451 0.9267 105 106
91-1-1-0.05-50-0 1 2311 36 37 77 114 0.8162 0.8481 165 127
91-1-1-0.05-50-0 1 2312 14 14 91 91 0.8451 0.8451 105 105
91-1-1-0.05-50-0 1 2312 36 2 84 122 0.8162 0.8198 165 167
91-1-1-0.05-50-0 1 2313 36 36 86 86 0.8162 0.8162 165 165
91-1-1-0.05-50-0 1 2313 36 37 85 112 0.8162 0.8481 165 127
91-1-1-0.05-50-0 1 2313 36 2 85 120 0.8162 0.8198 165 167
91-1-1-0.05-50-0 1 2313 36 2 85 119 0.8162 0.8198 165 167
91-1-1-0.05-50-0 1 2313 14 13 91 124 0.8451 0.8878 105 151
91-1-1-0.05-50-0 1 2313 36 36 85 85 0.8162 0.8162 165 165
91-1-1-0.05-50-0 1 2313 10 27 25 76 0.2533 0.0776 449 149
91-1-1-0.05-50-0 1 2313 14 13 91 123 0.8451 0.8878 105 151
91-1-1-0.05-50-0 1 2314 15 8 2 15 0.7918 0.2506 149 303
91-1-1-0.05-50-0 1 2314 14 7 96 88 0.8451 0.9267 105 106
91-1-1-0.05-50-0 1 2314 37 49 109 1 0.8481 0.1842 127 136
91-1-1-0.05-50-0 1 2314 42 1 5 13 0.7447 0.2520 106 409
91-1-1-0.05-50-0 1 2314 36 26 82 25 0.8162 0.8171 165 141
91-1-1-0.05-50-0 1 2314 10 27 26 74 0.2533 0.0776 449 149
91-1-1-0.05-50-0 1 2315 14 14 96 96 0.8451 0.8451 105 105
91-1-1-0.05-50-0 1 2315 10 27 26 73 0.2533 0.0776 449 149
91-1-1-0.05-50-0 1 2315 14 36 95 81 0.8451 0.8162 105 165
91-1-1-0.05-50-0 1 2315 36 43 80 40 0.8162 0.8316 165 123
91-1-1-0.05-50-0 1 2315 36 2 80 122 0.8162 0.8198 165 167
91-1-1-0.05-50-0 1 2315 41 35 52 1 0.9621 0.0354 105 158
91-1-1-0.05-50-0 1 2315 36 2 80 121 0.8162 0.8198 165 167
91-1-1-0.05-50-0 1 2316 14 47 95 63 0.8451 0.9293 105 103
91-1-1-0.05-50-0 1 2316 14 25 95 123 0.8451 0.9430 105 125
91-1-1-0.05-50-0 1 2316 36 36 81 81 0.8162 0.8162 165 165
91-1-1-0.05-50-0 1 2317 34 27 2 74 0.7448 0.0776 168 149
91-1-1-0.05-50-0 1 2317 14 37 95 114 0.8451 0.8481 105 127
91-1-1-0.05-50-0 1 2318 1 10 13 27 0.2520 0.2533 409 449
91-1-1-0.05-50-0 1 2318 14 13 98 120 0.8451 0.8878 105 151
91-1-1-0.05-50-0 1 2318 36 37 81 120 0.8162 0.8481 165 127
91-1-1-0.05-50-0 1 2318 36 14 81 98 0.8162 0.8451 165 105
91-1-1-0.05-50-0 1 2318 36 2 81 122 0.8162 0.8198 165 167
91-1-1-0.05-50-0 1 2318 14 13 97 119 0.8451 0.8878 105 151
91-1-1-0.05-50-0 1 2319 36 2 82 124 0.8162 0.8198 165 167
91-1-1-0.05-50-0 1 2319 10 27 25 75 0.2533 0.0776 449 149
91-1-1-0.05-50-0 1 2319 36 36 82 82 0.8162 0.8162 165 165
91-1-1-0.05-50-0 1 2319 36 2 81 123 0.8162 0.8198 165 167
91-1-1-0.05-50-0 1 2319 36 2 81 122 0.8162 0.8198 165 167
91-1-1-0.05-50-0 1 2319 36 14 81 97 0.8162 0.8451 165 105
91-1-1-0.05-50-0 1 2320 14 25 97 122 0.8451 0.9430 105 125
91-1-1-0.05-50-0 1 2320 20 33 15 2 0.9922 0.6893 102 191
91-1-1-0.05-50-0 1 2320 20 33 15 1 0.9922 0.6893 102 191
91-1-1-0.05-50-0 1 2320 41 4 57 1 0.9621 0.0723 105 351
91-1-1-0.05-50-0 1 2320 36 2 82 123 0.8162 0.8198 165 167
91-1-1-0.05-50-0 1 2320 14 14 97 97 0.8451 0.8451 105 105
91-1-1-0.05-50-0 1 2320 36 36 82 82 0.8162 0.8162 165 165
91-1-1-0.05-50-0 1 2320 36 14 81 96 0.8162 0.8451 165 105
91-1-1-0.05-50-0 1 2320 14 37 95 114 0.8451 0.8481 105 127
91-1-1-0.05-50-0 1 2321 36 37 83 122 0.8162 0.8481 165 127
91-1-1-0.05-50-0 1 2321 36 36 83 83 0.8162 0.8162 165 165
91-1-1-0.05-50-0 1 2321 14 47 96 65 0.8451 0.9293 105 103
91-1-1-0.05-50-0 1 2321 14 13 96 129 0.8451 0.8878 105 151
91-1-1-0.05-50-0 1 2321 1 10 13 28 0.2520 0.2533 409 449
91-1-1-0.05-50-0 1 2321 14 41 96 57 0.8451 0.9621 105 105
91-1-1-0.05-50-0 1 2321 1 1 13 13 0.2520 0.2520 409 409
91-1-1-0.05-50-0 1 2321 14 14 96 96 0.8451 0.8451 105 105
91-1-1-0.05-50-0 1 2321 14 36 95 82 0.8451 0.8162 105 165
91-1-1-0.05-50-0 1 2322 36 2 77 123 0.8162 0.8198 165 167
91-1-1-0.05-50-0 1 2322 1 10 11 27 0.2520 0.2533 409 449
91-1-1-0.05-50-0 1 2322 10 27 26 75 0.2533 0.0776 449 149
91-1-1-0.05-50-0 1 2322 14 37 99 123 0.8451 0.8481 105 127
91-1-1-0.05-50-0 1 2322 20 17 18 2 0.9922 0.6398 102 197
91-1-1-0.05-50-0 1 2322 14 37 99 122 0.8451 0.8481 105 127
91-1-1-0.05-50-0 1 2323 36 14 79 98 0.8162 0.8451 165 105
91-1-1-0.05-50-0 1 2323 14 25 97 125 0.8451 0.9430 105 125
91-1-1-0.05-50-0 1 2323 14 14 97 97 0.8451 0.8451 105 105
91-1-1-0.05-50-0 1 2323 42 1 5 13 0.7447 0.2520 106 409
91-1-1-0.05-50-0 1 2323 14 2 96 123 0.8451 0.8198 105 167
91-1-1-0.05-50-0 1 2323 36 26 79 24 0.8162 0.8171 165 141
91-1-1-0.05-50-0 1 2324 20 17 18 1 0.9922 0.6398 102 197
91-1-1-0.05-50-0 1 2324 2 38 126 1 0.8198 0.6163 167 270
91-1-1-0.05-50-0 1 2324 14 36 98 82 0.8451 0.8162 105 165
91-1-1-0.05-50-0 1 2324 36 37 81 125 0.8162 0.8481 165 127
91-1-1-0.05-50-0 1 2324 14 7 98 89 0.8451 0.9267 105 106
91-1-1-0.05-50-0 1 2324 10 27 24 75 0.2533 0.0776 449 149
91-1-1-0.05-50-0 1 2324 14 36 98 81 0.8451 0.8162 105 165
91-1-1-0.05-50-0 1 2325 20 31 17 1 0.9922 0.5626 102 252
91-1-1-0.05-50-0 1 2325 10 27 24 78 0.2533 0.0776 449 149
91-1-1-0.05-50-0 1 2325 14 37 99 122 0.8451 0.8481 105 127
91-1-1-0.05-50-0 1 2325 36 37 83 121 0.8162 0.8481 165 127
91-1-1-0.05-50-0 1 2325 14 20 99 17 0.8451 0.9922 105 102
91-1-1-0.05-50-0 1 2325 14 2 99 125 0.8451 0.8198 105 167
91-1-1-0.05-50-0 1 2325 14 2 99 124 0.8451 0.8198 105 167
91-1-1-0.05-50-0 1 2326 36 2 83 128 0.8162 0.8198 165 167
91-1-1-0.05-50-0 1 2326 10 27 24 81 0.2533 0.0776 449 149
91-1-1-0.05-50-0 1 2326 10 27 24 80 0.2533 0.0776 449 149
91-1-1-0.05-50-0 1 2326 36 36 83 83 0.8162 0.8162 165 165
91-1-1-0.05-50-0 1 2326 37 18 123 1 0.8481 0.2181 127 226
91-1-1-0.05-50-0 1 2326 14 13 101 127 0.8451 0.8878 105 151
91-1-1-0.05-50-0 1 2326 14 25 101 120 0.8451 0.9430 105 125
91-1-1-0.05-50-0 1 2326 1 10 14 24 0.2520 0.2533 409 449
91-1-1-0.05-50-0 1 2327 36 2 79 128 0.8162 0.8198 165 167
91-1-1-0.05-50-0 1 2327 10 27 23 77 0.2533 0.0776 449 149
91-1-1-0.05-50-0 1 2327 36 36 79 79 0.8162 0.8162 165 165
91-1-1-0.05-50-0 1 2327 14 36 105 78 0.8451 0.8162 105 165
91-1-1-0.05-50-0 1 2327 36 26 77 20 0.8162 0.8171 165 141
91-1-1-0.05-50-0 1 2328 14 41 105 54 0.8451 0.9621 105 105
91-1-1-0.05-50-0 1 2328 37 49 116 1 0.8481 0.1842 127 136
91-1-1-0.05-50-0 1 2328 36 37 76 116 0.8162 0.8481 165 127
91-1-1-0.05-50-0 1 2328 36 26 76 20 0.8162 0.8171 165 141
91-1-1-0.05-50-0 1 2328 36 36 76 76 0.8162 0.8162 165 165
91-1-1-0.05-50-0 1 2329 36 2 74 129 0.8162 0.8198 165 167
91-1-1-0.05-50-0 1 2329 14 13 105 123 0.8451 0.8878 105 151
91-1-1-0.05-50-0 1 2329 36 36 74 74 0.8162 0.8162 165 165
91-1-1-0.05-50-0 1 2329 37 16 121 1 0.8481 0.2228 127 149
91-1-1-0.05-50-0 1 2329 10 27 22 74 0.2533 0.0776 449 149
91-1-1-0.05-50-0 1 2329 36 2 73 128 0.8162 0.8198 165 167
91-1-1-0.05-50-0 1 2330 1 8 13 17 0.2520 0.2506 409 303
91-1-1-0.05-50-0 1 2330 36 14 71 105 0.8162 0.8451 165 105
91-1-1-0.05-50-0 1 2330 14 2 104 128 0.8451 0.8198 105 167
91-1-1-0.05-50-0 1 2330 14 43 104 41 0.8451 0.8316 105 123
91-1-1-0.05-50-0 1 2331 14 37 105 116 0.8451 0.8481 105 127
91-1-1-0.05-50-0 1 2331 36 2 74 127 0.8162 0.8198 165 167
91-1-1-0.05-50-0 1 2331 36 2 74 126 0.8162 0.8198 165 167
91-1-1-0.05-50-0 1 2331 14 13 105 117 0.8451 0.8878 105 151
91-1-1-0.05-50-0 1 2331 10 27 24 74 0.2533 0.0776 449 149
91-1-1-0.05-50-0 1 2331 14 13 105 116 0.8451 0.8878 105 151
91-1-1-0.05-50-0 1 2332 14 47 105 74 0.8451 0.9293 105 103
91-1-1-0.05-50-0 1 2332 36 14 75 105 0.8162 0.8451 165 105
91-1-1-0.05-50-0 1 2332 26 45 24 3 0.8171 0.3816 141 173
91-1-1-0.05-50-0 1 2332 14 25 104 125 0.8451 0.9430 105 125
91-1-1-0.05-50-0 1 2332 1 1 13 13 0.2520 0.2520 409 409
91-1-1-0.05-50-0 1 2332 15 10 6 24 0.7918 0.2533 149 449
91-1-1-0.05-50-0 1 2332 1 8 12 17 0.2520 0.2506 409 303
91-1-1-0.05-50-0 1 2332 14 37 104 116 0.8451 0.8481 105 127
91-1-1-0.05-50-0 1 2332 36 37 75 115 0.8162 0.8481 165 127
91-1-1-0.05-50-0 1 2332 25 35 124 2 0.9430 0.0354 125 158
91-1-1-0.05-50-0 1 2333 42 10 6 24 0.7447 0.2533 106 449
91-1-1-0.05-50-0 1 2333 25 35 124 1 0.9430 0.0354 125 158
91-1-1-0.05-50-0 1 2333 36 14 73 105 0.8162 0.8451 165 105
91-1-1-0.05-50-0 1 2333 14 25 104 124 0.8451 0.9430 105 125
91-1-1-0.05-50-0 1 2334 36 2 76 126 0.8162 0.8198 165 167
91-1-1-0.05-50-0 1 2334 36 2 76 125 0.8162 0.8198 165 167
91-1-1-0.05-50-0 1 2334 36 36 76 76 0.8162 0.8162 165 165
91-1-1-0.05-50-0 1 2334 14 7 105 87 0.8451 0.9267 105 106
91-1-1-0.05-50-0 1 2334 14 2 105 124 0.8451 0.8198 105 167
91-1-1-0.05-50-0 1 2334 36 26 75 23 0.8162 0.8171 165 141
91-1-1-0.05-50-0 1 2334 14 37 105 123 0.8451 0.8481 105 127
91-1-1-0.05-50-0 1 2334 36 2 75 123 0.8162 0.8198 165 167
91-1-1-0.05-50-0 1 2335 14 25 104 125 0.8451 0.9430 105 125
91-1-1-0.05-50-0 1 2335 14 13 104 124 0.8451 0.8878 105 151
91-1-1-0.05-50-0 1 2335 36 37 75 119 0.8162 0.8481 165 127
91-1-1-0.05-50-0 1 2335 14 37 104 118 0.8451 0.8481 105 127
91-1-1-0.05-50-0 1 2335 14 47 104 68 0.8451 0.9293 105 103
91-1-1-0.05-50-0 1 2336 14 13 105 120 0.8451 0.8878 105 151
91-1-1-0.05-50-0 1 2336 14 43 105 44 0.8451 0.8316 105 123
91-1-1-0.05-50-0 1 2336 15 10 8 25 0.7918 0.2533 149 449
91-1-1-0.05-50-0 1 2336 37 23 118 1 0.8481 0.1698 127 476
91-1-1-0.05-50-0 1 2336 20 45 14 4 0.9922 0.3816 102 173
91-1-1-0.05-50-0 1 2336 14 14 105 105 0.8451 0.8451 105 105
91-1-1-0.05-50-0 1 2336 20 45 14 3 0.9922 0.3816 102 173
91-1-1-0.05-50-0 1 2336 36 2 77 119 0.8162 0.8198 165 167
91-1-1-0.05-50-0 1 2336 36 2 77 118 0.8162 0.8198 165 167
91-1-1-0.05-50-0 1 2337 25 11 118 2 0.9430 0.0504 125 384
91-1-1-0.05-50-0 1 2337 14 14 105 105 0.8451 0.8451 105 105
91-1-1-0.05-50-0 1 2337 1 10 10 25 0.2520 0.2533 409 449
91-1-1-0.05-50-0 1 2337 37 50 115 1 0.8481 0.2147 127 147
91-1-1-0.05-50-0 1 2337 1 10 10 24 0.2520 0.2533 409 449
91-1-1-0.05-50-0 1 2337 14 13 104 119 0.8451 0.8878 105 151
91-1-1-0.05-50-0 1 2337 15 10 8 23 0.7918 0.2533 149 449
91-1-1-0.05-50-0 1 2337 10 27 22 88 0.2533 0.0776 449 149
91-1-1-0.05-50-0 1 2338 14 14 100 100 0.8451 0.8451 105 105
91-1-1-0.05-50-0 1 2338 36 2 80 107 0.8162 0.8198 165 167
91-1-1-0.05-50-0 1 2338 36 14 80 99 0.8162 0.8451 165 105
91-1-1-0.05-50-0 1 2338 14 13 98 115 0.8451 0.8878 105 151
91-1-1-0.05-50-0 1 2339 25 22 119 2 0.9430 0.0160 125 311
91-1-1-0.05-50-0 1 2339 36 2 80 103 0.8162 0.8198 165 167
91-1-1-0.05-50-0 1 2339 14 7 95 94 0.8451 0.9267 105 106
91-1-1-0.05-50-0 1 2339 14 7 95 93 0.8451 0.9267 105 106
91-1-1-0.05-50-0 1 2339 34 27 6 86 0.7448 0.0776 168 149
91-1-1-0.05-50-0 1 2339 36 37 80 123 0.8162 0.8481 165 127
91-1-1-0.05-50-0 1 2340 36 37 80 127 0.8162 0.8481 165 127
91-1-1-0.05-50-0 1 2341 2 38 101 1 0.8198 0.6163 167 270
91-1-1-0.05-50-0 1 2341 25 11 121 1 0.9430 0.0504 125 384
91-1-1-0.05-50-0 1 2341 36 43 80 35 0.8162 0.8316 165 123
91-1-1-0.05-50-0 1 2341 10 27 23 88 0.2533 0.0776 449 149
91-1-1-0.05-50-0 1 2342 2 17 99 1 0.8198 0.6398 167 197
91-1-1-0.05-50-0 1 2342 15 10 9 25 0.7918 0.2533 149 449
91-1-1-0.05-50-0 1 2342 41 22 53 1 0.9621 0.0160 105 311
91-1-1-0.05-50-0 1 2342 36 43 80 34 0.8162 0.8316 165 123
91-1-1-0.05-50-0 1 2342 2 6 99 3 0.8198 0.4266 167 249
91-1-1-0.05-50-0 1 2342 2 44 99 1 0.8198 0.7034 167 118
91-1-1-0.05-50-0 1 2343 42 8 6 25 0.7447 0.2506 106 303
91-1-1-0.05-50-0 1 2343 14 37 95 126 0.8451 0.8481 105 127
91-1-1-0.05-50-0 1 2343 14 41 95 50 0.8451 0.9621 105 105
91-1-1-0.05-50-0 1 2343 36 14 78 95 0.8162 0.8451 165 105
91-1-1-0.05-50-0 1 2344 10 27 26 96 0.2533 0.0776 449 149
91-1-1-0.05-50-0 1 2344 36 37 75 122 0.8162 0.8481 165 127
91-1-1-0.05-50-0 1 2344 14 13 95 111 0.8451 0.8878 105 151
91-1-1-0.05-50-0 1 2344 14 37 95 121 0.8451 0.8481 105 127
91-1-1-0.05-50-0 1 2344 36 42 75 6 0.8162 0.7447 165 106
91-1-1-0.05-50-0 1 2344 26 6 21 2 0.8171 0.4266 141 249
91-1-1-0.05-50-0 1 2344 36 2 75 100 0.8162 0.8198 165 167
91-1-1-0.05-50-0 1 2345 36 43 78 37 0.8162 0.8316 165 123
91-1-1-0.05-50-0 1 2345 14 41 93 48 0.8451 0.9621 105 105
91-1-1-0.05-50-0 1 2345 10 27 25 97 0.2533 0.0776 449 149
91-1-1-0.05-50-0 1 2345 14 25 93 125 0.8451 0.9430 105 125
91-1-1-0.05-50-0 1 2346 14 37 89 125 0.8451 0.8481 105 127
91-1-1-0.05-50-0 1 2346 14 7 89 92 0.8451 0.9267 105 106
91-1-1-0.05-50-0 1 2346 36 14 77 89 0.8162 0.8451 165 105
91-1-1-0.05-50-0 1 2346 14 2 88 100 0.8451 0.8198 105 167
91-1-1-0.05-50-0 1 2346 36 2 77 99 0.8162 0.8198 165 167
91-1-1-0.05-50-0 1 2347 41 35 47 2 0.9621 0.0354 105 158
91-1-1-0.05-50-0 1 2347 41 5 47 1 0.9621 0.0007 105 226
91-1-1-0.05-50-0 1 2347 36 37 75 127 0.8162 0.8481 165 127
91-1-1-0.05-50-0 1 2347 36 14 75 91 0.8162 0.8451 165 105
91-1-1-0.05-50-0 1 2347 10 27 22 99 0.2533 0.0776 449 149
91-1-1-0.05-50-0 1 2347 14 13 90 113 0.8451 0.8878 105 151
91-1-1-0.05-50-0 1 2348 37 24 124 1 0.8481 0.1940 127 254
91-1-1-0.05-50-0 1 2348 14 14 91 91 0.8451 0.8451 105 105
91-1-1-0.05-50-0 1 2348 15 10 8 21 0.7918 0.2533 149 449
91-1-1-0.05-50-0 1 2348 14 43 90 32 0.8451 0.8316 105 123
91-1-1-0.05-50-0 1 2348 36 36 77 77 0.8162 0.8162 165 165
91-1-1-0.05-50-0 1 2349 14 13 89 112 0.8451 0.8878 105 151
91-1-1-0.05-50-0 1 2349 36 15 76 8 0.8162 0.7918 165 149
91-1-1-0.05-50-0 1 2349 36 37 76 127 0.8162 0.8481 165 127
91-1-1-0.05-50-0 1 2350 10 27 21 92 0.2533 0.0776 449 149
91-1-1-0.05-50-0 1 2351 14 13 92 109 0.8451 0.8878 105 151
91-1-1-0.05-50-0 1 2351 26 6 17 1 0.8171 0.4266 141 249
91-1-1-0.05-50-0 1 2351 14 36 92 75 0.8451 0.8162 105 165
91-1-1-0.05-50-0 1 2351 14 41 92 55 0.8451 0.9621 105 105
91-1-1-0.05-50-0 1 2351 15 10 8 23 0.7918 0.2533 149 449
91-1-1-0.05-50-0 1 2352 10 27 22 97 0.2533 0.0776 449 149
91-1-1-0.05-50-0 1 2352 37 24 120 2 0.8481 0.1940 127 254
91-1-1-0.05-50-0 1 2352 36 14 72 91 0.8162 0.8451 165 105
91-1-1-0.05-50-0 1 2352 14 14 90 90 0.8451 0.8451 105 105
91-1-1-0.05-50-0 1 2353 10 27 21 96 0.2533 0.0776 449 149
91-1-1-0.05-50-0 1 2353 14 20 91 31 0.8451 0.9922 105 102
91-1-1-0.05-50-0 1 2353 14 13 91 114 0.8451 0.8878 105 151
91-1-1-0.05-50-0 1 2353 36 37 71 121 0.8162 0.8481 165 127
91-1-1-0.05-50-0 1 2353 37 24 120 1 0.8481 0.1940 127 254
91-1-1-0.05-50-0 1 2353 2 29 93 1 0.8198 0.6728 167 177
91-1-1-0.05-50-0 1 2353 14 26 91 16 0.8451 0.8171 105 141
91-1-1-0.05-50-0 1 2354 14 7 88 82 0.8451 0.9267 105 106
91-1-1-0.05-50-0 1 2354 10 27 23 101 0.2533 0.0776 449 149
91-1-1-0.05-50-0 1 2354 14 7 88 81 0.8451 0.9267 105 106
91-1-1-0.05-50-0 1 2354 14 36 88 69 0.8451 0.8162 105 165
91-1-1-0.05-50-0 1 2354 10 27 23 100 0.2533 0.0776 449 149
91-1-1-0.05-50-0 1 2354 14 25 88 111 0.8451 0.9430 105 125
91-1-1-0.05-50-0 1 2355 37 16 121 1 0.8481 0.2228 127 149
91-1-1-0.05-50-0 1 2355 14 37 89 121 0.8451 0.8481 105 127
91-1-1-0.05-50-0 1 2356 36 36 69 69 0.8162 0.8162 165 165
91-1-1-0.05-50-0 1 2356 42 8 3 25 0.7447 0.2506 106 303
91-1-1-0.05-50-0 1 2356 36 2 68 94 0.8162 0.8198 165 167
91-1-1-0.05-50-0 1 2356 14 37 92 127 0.8451 0.8481 105 127
91-1-1-0.05-50-0 1 2356 14 7 92 82 0.8451 0.9267 105 106
91-1-1-0.05-50-0 1 2356 14 13 92 111 0.8451 0.8878 105 151
91-1-1-0.05-50-0 1 2357 36 37 65 124 0.8162 0.8481 165 127
91-1-1-0.05-50-0 1 2357 2 32 97 2 0.8198 0.6514 167 215
91-1-1-0.05-50-0 1 2358 14 7 93 82 0.8451 0.9267 105 106
91-1-1-0.05-50-0 1 2358 36 2 66 98 0.8162 0.8198 165 167
91-1-1-0.05-50-0 1 2358 36 43 66 29 0.8162 0.8316 165 123
91-1-1-0.05-50-0 1 2358 15 10 9 21 0.7918 0.2533 149 449
91-1-1-0.05-50-0 1 2358 15 10 9 20 0.7918 0.2533 149 449
91-1-1-0.05-50-0 1 2358 14 13 93 108 0.8451 0.8878 105 151
91-1-1-0.05-50-0 1 2358 10 27 19 107 0.2533 0.0776 449 149
91-1-1-0.05-50-0 1 2359 1 8 12 22 0.2520 0.2506 409 303
91-1-1-0.05-50-0 1 2359 36 37 62 121 0.8162 0.8481 165 127
91-1-1-0.05-50-0 1 2359 36 36 62 62 0.8162 0.8162 165 165
91-1-1-0.05-50-0 1 2359 20 44 34 1 0.9922 0.7034 102 118
91-1-1-0.05-50-0 1 2359 36 2 61 101 0.8162 0.8198 165 167
91-1-1-0.05-50-0 1 2360 20 29 34 1 0.9922 0.6728 102 177
91-1-1-0.05-50-0 1 2360 14 25 94 113 0.8451 0.9430 105 125
91-1-1-0.05-50-0 1 2360 15 10 11 17 0.7918 0.2533 149 449
91-1-1-0.05-50-0 1 2361 36 37 62 120 0.8162 0.8481 165 127
91-1-1-0.05-50-0 1 2361 1 8 11 20 0.2520 0.2506 409 303
91-1-1-0.05-50-0 1 2361 36 37 62 119 0.8162 0.8481 165 127
91-1-1-0.05-50-0 1 2361 14 41 99 67 0.8451 0.9621 105 105
91-1-1-0.05-50-0 1 2361 15 10 11 18 0.7918 0.2533 149 449
91-1-1-0.05-50-0 1 2361 36 14 62 99 0.8162 0.8451 165 105
91-1-1-0.05-50-0 1 2361 36 36 62 62 0.8162 0.8162 165 165
91-1-1-0.05-50-0 1 2361 15 8 11 19 0.7918 0.2506 149 303
91-1-1-0.05-50-0 1 2362 14 36 96 59 0.8451 0.8162 105 165
91-1-1-0.05-50-0 1 2362 10 27 17 111 0.2533 0.0776 449 149
91-1-1-0.05-50-0 1 2362 14 2 96 97 0.8451 0.8198 105 167
91-1-1-0.05-50-0 1 2362 36 37 58 113 0.8162 0.8481 165 127
91-1-1-0.05-50-0 1 2362 37 23 112 1 0.8481 0.1698 127 476
91-1-1-0.05-50-0 1 2363 26 28 13 1 0.8171 0.3846 141 311
91-1-1-0.05-50-0 1 2363 2 31 97 1 0.8198 0.5626 167 252
91-1-1-0.05-50-0 1 2363 36 14 58 100 0.8162 0.8451 165 105
91-1-1-0.05-50-0 1 2363 14 36 99 58 0.8451 0.8162 105 165
91-1-1-0.05-50-0 1 2363 36 37 57 110 0.8162 0.8481 165 127
91-1-1-0.05-50-0 1 2363 36 14 57 99 0.8162 0.8451 165 105
91-1-1-0.05-50-0 1 2364 14 14 96 96 0.8451 0.8451 105 105
91-1-1-0.05-50-0 1 2364 10 27 17 104 0.2533 0.0776 449 149
91-1-1-0.05-50-0 1 2365 10 27 17 103 0.2533 0.0776 449 149
91-1-1-0.05-50-0 1 2365 14 2 94 98 0.8451 0.8198 105 167
91-1-1-0.05-50-0 1 2365 14 37 94 115 0.8451 0.8481 105 127
91-1-1-0.05-50-0 1 2365 14 41 94 64 0.8451 0.9621 105 105
91-1-1-0.05-50-0 1 2365 36 14 53 94 0.8162 0.8451 165 105
91-1-1-0.05-50-0 1 2365 15 10 12 17 0.7918 0.2533 149 449
91-1-1-0.05-50-0 1 2365 36 15 53 12 0.8162 0.7918 165 149
91-1-1-0.05-50-0 1 2366 14 7 97 86 0.8451 0.9267 105 106
91-1-1-0.05-50-0 1 2366 36 37 54 116 0.8162 0.8481 165 127
91-1-1-0.05-50-0 1 2366 36 2 54 94 0.8162 0.8198 165 167
91-1-1-0.05-50-0 1 2366 14 7 97 85 0.8451 0.9267 105 106
91-1-1-0.05-50-0 1 2366 36 37 54 115 0.8162 0.8481 165 127
91-1-1-0.05-50-0 1 2367 2 33 96 1 0.8198 0.6893 167 191
91-1-1-0.05-50-0 1 2367 43 49 24 1 0.8316 0.1842 123 136
91-1-1-0.05-50-0 1 2367 14 13 94 116 0.8451 0.8878 105 151
91-1-1-0.05-50-0 1 2367 36 2 53 96 0.8162 0.8198 165 167
91-1-1-0.05-50-0 1 2367 15 10 11 17 0.7918 0.2533 149 449
91-1-1-0.05-50-0 1 2368 2 21 95 1 0.8198 0.4184 167 158
91-1-1-0.05-50-0 1 2368 14 25 92 103 0.8451 0.9430 105 125
91-1-1-0.05-50-0 1 2368 14 14 92 92 0.8451 0.8451 105 105
91-1-1-0.05-50-0 1 2369 36 43 59 27 0.8162 0.8316 165 123
91-1-1-0.05-50-0 1 2369 14 47 95 63 0.8451 0.9293 105 103
91-1-1-0.05-50-0 1 2369 14 2 95 94 0.8451 0.8198 105 167
91-1-1-0.05-50-0 1 2369 14 47 95 62 0.8451 0.9293 105 103
91-1-1-0.05-50-0 1 2370 15 1 13 13 0.7918 0.2520 149 409
91-1-1-0.05-50-0 1 2370 14 13 95 116 0.8451 0.8878 105 151
91-1-1-0.05-50-0 1 2370 14 37 95 116 0.8451 0.8481 105 127
91-1-1-0.05-50-0 1 2370 36 2 62 96 0.8162 0.8198 165 167
91-1-1-0.05-50-0 1 2370 14 47 95 60 0.8451 0.9293 105 103
91-1-1-0.05-50-0 1 2370 36 37 62 115 0.8162 0.8481 165 127
91-1-1-0.05-50-0 1 2370 36 14 62 95 0.8162 0.8451 165 105
91-1-1-0.05-50-0 1 2370 36 37 62 114 0.8162 0.8481 165 127
91-1-1-0.05-50-0 1 2370 14 37 94 113 0.8451 0.8481 105 127
91-1-1-0.05-50-0 1 2371 36 37 62 116 0.8162 0.8481 165 127
91-1-1-0.05-50-0 1 2371 36 14 62 96 0.8162 0.8451 165 105
91-1-1-0.05-50-0 1 2371 1 1 14 14 0.2520 0.2520 409 409
91-1-1-0.05-50-0 1 2371 36 2 62 95 0.8162 0.8198 165 167
91-1-1-0.05-50-0 1 2371 14 25 95 101 0.8451 0.9430 105 125
91-1-1-0.05-50-0 1 2371 14 25 95 100 0.8451 0.9430 105 125
91-1-1-0.05-50-0 1 2371 10 27 18 116 0.2533 0.0776 449 149
91-1-1-0.05-50-0 1 2371 1 10 13 18 0.2520 0.2533 409 449
91-1-1-0.05-50-0 1 2372 14 43 98 25 0.8451 0.8316 105 123
91-1-1-0.05-50-0 1 2372 36 36 64 64 0.8162 0.8162 165 165
91-1-1-0.05-50-0 1 2372 36 14 63 98 0.8162 0.8451 165 105
91-1-1-0.05-50-0 1 2372 14 13 97 122 0.8451 0.8878 105 151
91-1-1-0.05-50-0 1 2373 14 37 97 117 0.8451 0.8481 105 127
91-1-1-0.05-50-0 1 2373 36 2 66 93 0.8162 0.8198 165 167
91-1-1-0.05-50-0 1 2373 36 14 66 97 0.8162 0.8451 165 105
91-1-1-0.05-50-0 1 2373 36 14 66 96 0.8162 0.8451 165 105
91-1-1-0.05-50-0 1 2374 15 8 15 19 0.7918 0.2506 149 303
91-1-1-0.05-50-0 1 2374 36 15 67 15 0.8162 0.7918 165 149
91-1-1-0.05-50-0 1 2374 2 6 92 1 0.8198 0.4266 167 249
91-1-1-0.05-50-0 1 2374 14 36 98 67 0.8451 0.8162 105 165
91-1-1-0.05-50-0 1 2376 14 2 101 90 0.8451 0.8198 105 167
91-1-1-0.05-50-0 1 2376 41 35 65 1 0.9621 0.0354 105 158
91-1-1-0.05-50-0 1 2376 36 36 70 70 0.8162 0.8162 165 165
91-1-1-0.05-50-0 1 2376 14 25 101 110 0.8451 0.9430 105 125
91-1-1-0.05-50-0 1 2376 14 25 101 109 0.8451 0.9430 105 125
91-1-1-0.05-50-0 1 2377 36 34 69 4 0.8162 0.7448 165 168
91-1-1-0.05-50-0 1 2378 1 8 12 21 0.2520 0.2506 409 303
91-1-1-0.05-50-0 1 2378 14 37 101 106 0.8451 0.8481 105 127
91-1-1-0.05-50-0 1 2378 14 20 101 28 0.8451 0.9922 105 102
91-1-1-0.05-50-0 1 2379 14 13 103 135 0.8451 0.8878 105 151
91-1-1-0.05-50-0 1 2379 36 14 69 103 0.8162 0.8451 165 105
91-1-1-0.05-50-0 1 2379 1 8 13 20 0.2520 0.2506 409 303
91-1-1-0.05-50-0 1 2379 14 34 102 2 0.8451 0.7448 105 168
91-1-1-0.05-50-0 1 2379 36 2 69 95 0.8162 0.8198 165 167
91-1-1-0.05-50-0 1 2379 14 37 102 103 0.8451 0.8481 105 127
91-1-1-0.05-50-0 1 2380 36 34 70 1 0.8162 0.7448 165 168
91-1-1-0.05-50-0 1 2380 1 10 11 17 0.2520 0.2533 409 449
91-1-1-0.05-50-0 1 2381 36 36 72 72 0.8162 0.8162 165 165
91-1-1-0.05-50-0 1 2381 37 48 104 1 0.8481 0.1153 127 334
91-1-1-0.05-50-0 1 2381 14 25 103 115 0.8451 0.9430 105 125
91-1-1-0.05-50-0 1 2381 36 14 71 103 0.8162 0.8451 165 105
91-1-1-0.05-50-0 1 2382 15 10 17 15 0.7918 0.2533 149 449
91-1-1-0.05-50-0 1 2382 36 2 70 93 0.8162 0.8198 165 167
91-1-1-0.05-50-0 1 2382 1 1 12 12 0.2520 0.2520 409 409
91-1-1-0.05-50-0 1 2382 36 36 70 70 0.8162 0.8162 165 165
91-1-1-0.05-50-0 1 2383 20 46 30 1 0.9922 0.3451 102 327
91-1-1-0.05-50-0 1 2383 36 37 69 101 0.8162 0.8481 165 127
91-1-1-0.05-50-0 1 2383 36 14 69 105 0.8162 0.8451 165 105
91-1-1-0.05-50-0 1 2383 37 49 100 1 0.8481 0.1842 127 136
91-1-1-0.05-50-0 1 2383 14 37 104 100 0.8451 0.8481 105 127
91-1-1-0.05-50-0 1 2383 10 27 16 143 0.2533 0.0776 449 149
91-1-1-0.05-50-0 1 2384 1 10 9 16 0.2520 0.2533 409 449
91-1-1-0.05-50-0 1 2385 2 33 96 1 0.8198 0.6893 167 191
91-1-1-0.05-50-0 1 2385 36 14 71 102 0.8162 0.8451 165 105
91-1-1-0.05-50-0 1 2385 37 12 96 1 0.8481 0.1896 127 325
91-1-1-0.05-50-0 1 2385 14 14 101 101 0.8451 0.8451 105 105
91-1-1-0.05-50-0 1 2385 36 14 71 100 0.8162 0.8451 165 105
91-1-1-0.05-50-0 1 2386 14 2 100 92 0.8451 0.8198 105 167
91-1-1-0.05-50-0 1 2386 37 48 94 2 0.8481 0.1153 127 334
91-1-1-0.05-50-0 1 2386 36 15 71 17 0.8162 0.7918 165 149
91-1-1-0.05-50-0 1 2386 14 43 100 31 0.8451 0.8316 105 123
91-1-1-0.05-50-0 1 2386 14 7 100 89 0.8451 0.9267 105 106
91-1-1-0.05-50-0 1 2386 14 47 100 54 0.8451 0.9293 105 103
91-1-1-0.05-50-0 1 2386 36 2 71 91 0.8162 0.8198 165 167
91-1-1-0.05-50-0 1 2387 14 25 102 112 0.8451 0.9430 105 125
91-1-1-0.05-50-0 1 2387 14 14 102 102 0.8451 0.8451 105 105
91-1-1-0.05-50-0 1 2387 36 36 72 72 0.8162 0.8162 165 165
91-1-1-0.05-50-0 1 2387 42 8 3 23 0.7447 0.2506 106 303
91-1-1-0.05-50-0 1 2387 36 42 71 3 0.8162 0.7447 165 106
91-1-1-0.05-50-0 1 2387 14 7 101 92 0.8451 0.9267 105 106
91-1-1-0.05-50-0 1 2387 14 2 101 90 0.8451 0.8198 105 167
91-1-1-0.05-50-0 1 2387 15 8 16 22 0.7918 0.2506 149 303
91-1-1-0.05-50-0 1 2388 36 2 69 85 0.8162 0.8198 165 167
91-1-1-0.05-50-0 1 2388 14 26 101 28 0.8451 0.8171 105 141
91-1-1-0.05-50-0 1 2388 36 36 69 69 0.8162 0.8162 165 165
91-1-1-0.05-50-0 1 2388 1 10 11 18 0.2520 0.2533 409 449
91-1-1-0.05-50-0 1 2389 26 28 28 1 0.8171 0.3846 141 311
91-1-1-0.05-50-0 1 2389 15 8 15 21 0.7918 0.2506 149 303
91-1-1-0.05-50-0 1 2389 36 14 62 104 0.8162 0.8451 165 105
91-1-1-0.05-50-0 1 2389 14 13 103 150 0.8451 0.8878 105 151
91-1-1-0.05-50-0 1 2389 14 36 103 62 0.8451 0.8162 105 165
91-1-1-0.05-50-0 1 2390 10 27 19 149 0.2533 0.0776 449 149
91-1-1-0.05-50-0 1 2390 14 13 103 147 0.8451 0.8878 105 151
91-1-1-0.05-50-0 1 2390 14 36 103 59 0.8451 0.8162 105 165
91-1-1-0.05-50-0 1 2390 10 27 19 148 0.2533 0.0776 449 149
91-1-1-0.05-50-0 1 2390 14 47 103 57 0.8451 0.9293 105 103
91-1-1-0.05-50-0 1 2390 20 45 34 1 0.9922 0.3816 102 173
91-1-1-0.05-50-0 1 2390 14 7 103 98 0.8451 0.9267 105 106
91-1-1-0.05-50-0 1 2390 14 25 103 112 0.8451 0.9430 105 125
91-1-1-0.05-50-0 1 2391 14 13 105 145 0.8451 0.8878 105 151
91-1-1-0.05-50-0 1 2391 15 1 17 9 0.7918 0.2520 149 409
91-1-1-0.05-50-0 1 2391 14 41 105 65 0.8451 0.9621 105 105
91-1-1-0.05-50-0 1 2391 36 14 56 105 0.8162 0.8451 165 105
91-1-1-0.05-50-0 1 2392 36 14 58 100 0.8162 0.8451 165 105
91-1-1-0.05-50-0 1 2392 36 43 58 26 0.8162 0.8316 165 123
91-1-1-0.05-50-0 1 2392 10 27 17 145 0.2533 0.0776 449 149
91-1-1-0.05-50-0 1 2392 14 13 99 142 0.8451 0.8878 105 151
91-1-1-0.05-50-0 1 2393 14 41 96 68 0.8451 0.9621 105 105
91-1-1-0.05-50-0 1 2393 15 10 17 18 0.7918 0.2533 149 449
91-1-1-0.05-50-0 1 2394 20 38 31 1 0.9922 0.6163 102 270
91-1-1-0.05-50-0 1 2394 10 27 17 149 0.2533 0.0776 449 149
91-1-1-0.05-50-0 1 2394 14 7 92 100 0.8451 0.9267 105 106
91-1-1-0.05-50-0 1 2394 36 14 62 92 0.8162 0.8451 165 105
91-1-1-0.05-50-0 1 2394 14 14 91 91 0.8451 0.8451 105 105
91-1-1-0.05-50-0 1 2395 37 48 99 1 0.8481 0.1153 127 334
91-1-1-0.05-50-0 1 2395 14 2 85 84 0.8451 0.8198 105 167
91-1-1-0.05-50-0 1 2396 14 14 86 86 0.8451 0.8451 105 105
91-1-1-0.05-50-0 1 2397 37 50 100 1 0.8481 0.2147 127 147
91-1-1-0.05-50-0 1 2397 14 43 90 22 0.8451 0.8316 105 123
91-1-1-0.05-50-0 1 2397 36 2 64 84 0.8162 0.8198 165 167
91-1-1-0.05-50-0 1 2398 14 14 92 92 0.8451 0.8451 105 105
91-1-1-0.05-50-0 1 2398 36 2 63 84 0.8162 0.8198 165 167
91-1-1-0.05-50-0 1 2398 14 36 91 63 0.8451 0.8162 105 165
91-1-1-0.05-50-0 1 2399 14 37 92 102 0.8451 0.8481 105 127
91-1-1-0.05-50-0 1 2399 14 25 92 120 0.8451 0.9430 105 125
91-1-1-0.05-50-0 1 2399 10 27 16 149 0.2533 0.0776 449 149
91-1-1-0.05-50-0 1 2399 14 14 92 92 0.8451 0.8451 105 105
91-1-1-0.05-50-0 1 2400 14 43 92 20 0.8451 0.8316 105 123
91-1-1-0.05-50-0 1 2400 1 8 10 22 0.2520 0.2506 409 303
91-1-1-0.05-50-0 1 2400 14 14 92 92 0.8451 0.8451 105 105
91-1-1-0.05-50-0 1 2400 2 31 82 2 0.8198 0.5626 167 252
91-1-1-0.05-50-0 1 2401 1 8 8 22 0.2520 0.2506 409 303
91-1-1-0.05-50-0 1 2401 36 14 66 91 0.8162 0.8451 165 105
91-1-1-0.05-50-0 1 2401 10 27 16 149 0.2533 0.0776 449 149
91-1-1-0.05-50-0 1 2401 2 31 82 1 0.8198 0.5626 167 252
91-1-1-0.05-50-0 1 2401 14 26 90 31 0.8451 0.8171 105 141
91-1-1-0.05-50-0 1 2402 1 1 8 8 0.2520 0.2520 409 409
91-1-1-0.05-50-0 1 2402 36 36 63 63 0.8162 0.8162 165 165
91-1-1-0.05-50-0 1 2402 14 37 90 104 0.8451 0.8481 105 127
91-1-1-0.05-50-0 1 2402 36 43 62 20 0.8162 0.8316 165 123
91-1-1-0.05-50-0 1 2402 36 2 62 80 0.8162 0.8198 165 167
91-1-1-0.05-50-0 1 2403 36 2 63 79 0.8162 0.8198 165 167
91-1-1-0.05-50-0 1 2404 20 45 36 1 0.9922 0.3816 102 173
91-1-1-0.05-50-0 1 2404 15 8 21 21 0.7918 0.2506 149 303
91-1-1-0.05-50-0 1 2404 36 26 60 29 0.8162 0.8171 165 141
91-1-1-0.05-50-0 1 2404 36 2 60 81 0.8162 0.8198 165 167
91-1-1-0.05-50-0 1 2405 37 12 105 1 0.8481 0.1896 127 325
91-1-1-0.05-50-0 1 2405 10 27 18 149 0.2533 0.0776 449 149
91-1-1-0.05-50-0 1 2405 14 7 91 106 0.8451 0.9267 105 106
91-1-1-0.05-50-0 1 2405 14 26 91 27 0.8451 0.8171 105 141
91-1-1-0.05-50-0 1 2405 14 25 91 117 0.8451 0.9430 105 125
91-1-1-0.05-50-0 1 2406 14 15 91 20 0.8451 0.7918 105 149
91-1-1-0.05-50-0 1 2406 20 28 35 2 0.9922 0.3846 102 311
91-1-1-0.05-50-0 1 2406 14 13 91 145 0.8451 0.8878 105 151
91-1-1-0.05-50-0 1 2407 14 37 96 104 0.8451 0.8481 105 127
91-1-1-0.05-50-0 1 2407 36 14 57 96 0.8162 0.8451 165 105
91-1-1-0.05-50-0 1 2407 36 14 57 95 0.8162 0.8451 165 105
91-1-1-0.05-50-0 1 2407 14 20 94 35 0.8451 0.9922 105 102
91-1-1-0.05-50-0 1 2408 15 10 18 19 0.7918 0.2533 149 449
91-1-1-0.05-50-0 1 2408 15 10 18 18 0.7918 0.2533 149 449
91-1-1-0.05-50-0 1 2409 14 25 92 109 0.8451 0.9430 105 125
91-1-1-0.05-50-0 1 2409 36 37 58 107 0.8162 0.8481 165 127
91-1-1-0.05-50-0 1 2409 15 45 20 1 0.7918 0.3816 149 173
91-1-1-0.05-50-0 1 2409 14 37 92 106 0.8451 0.8481 105 127
91-1-1-0.05-50-0 1 2409 42 10 1 18 0.7447 0.2533 106 449
91-1-1-0.05-50-0 1 2409 36 36 58 58 0.8162 0.8162 165 165
91-1-1-0.05-50-0 1 2410 14 36 94 56 0.8451 0.8162 105 165
91-1-1-0.05-50-0 1 2410 36 37 55 104 0.8162 0.8481 165 127
91-1-1-0.05-50-0 1 2410 26 28 25 1 0.8171 0.3846 141 311
91-1-1-0.05-50-0 1 2410 15 10 20 17 0.7918 0.2533 149 449
91-1-1-0.05-50-0 1 2410 15 1 20 7 0.7918 0.2520 149 409
91-1-1-0.05-50-0 1 2410 36 14 55 94 0.8162 0.8451 165 105
91-1-1-0.05-50-0 1 2410 14 13 93 141 0.8451 0.8878 105 151
91-1-1-0.05-50-0 1 2411 14 13 89 140 0.8451 0.8878 105 151
91-1-1-0.05-50-0 1 2411 37 16 103 1 0.8481 0.2228 127 149
91-1-1-0.05-50-0 1 2411 14 14 89 89 0.8451 0.8451 105 105
91-1-1-0.05-50-0 1 2411 14 26 88 25 0.8451 0.8171 105 141
91-1-1-0.05-50-0 1 2411 10 27 15 149 0.2533 0.0776 449 149
91-1-1-0.05-50-0 1 2412 14 2 88 74 0.8451 0.8198 105 167
91-1-1-0.05-50-0 1 2412 15 8 20 24 0.7918 0.2506 149 303
91-1-1-0.05-50-0 1 2413 14 2 89 73 0.8451 0.8198 105 167
91-1-1-0.05-50-0 1 2413 14 25 89 103 0.8451 0.9430 105 125
91-1-1-0.05-50-0 1 2413 14 13 89 147 0.8451 0.8878 105 151
91-1-1-0.05-50-0 1 2413 36 14 55 89 0.8162 0.8451 165 105
91-1-1-0.05-50-0 1 2414 36 36 56 56 0.8162 0.8162 165 165
91-1-1-0.05-50-0 1 2414 36 26 55 27 0.8162 0.8171 165 141
91-1-1-0.05-50-0 1 2414 14 13 89 149 0.8451 0.8878 105 151
91-1-1-0.05-50-0 1 2414 2 6 71 2 0.8198 0.4266 167 249
91-1-1-0.05-50-0 1 2414 36 14 55 89 0.8162 0.8451 165 105
91-1-1-0.05-50-0 1 2414 36 26 55 26 0.8162 0.8171 165 141
91-1-1-0.05-50-0 1 2414 26 46 25 1 0.8171 0.3451 141 327
91-1-1-0.05-50-0 1 2415 10 27 18 149 0.2533 0.0776 449 149
91-1-1-0.05-50-0 1 2415 36 37 57 107 0.8162 0.8481 165 127
91-1-1-0.05-50-0 1 2415 36 37 57 106 0.8162 0.8481 165 127
91-1-1-0.05-50-0 1 2415 14 15 89 20 0.8451 0.7918 105 149
91-1-1-0.05-50-0 1 2415 14 13 89 146 0.8451 0.8878 105 151
91-1-1-0.05-50-0 1 2415 20 6 32 1 0.9922 0.4266 102 249
91-1-1-0.05-50-0 1 2415 14 47 89 57 0.8451 0.9293 105 103
91-1-1-0.05-50-0 1 2415 36 14 57 89 0.8162 0.8451 165 105
91-1-1-0.05-50-0 1 2416 2 32 69 1 0.8198 0.6514 167 215
91-1-1-0.05-50-0 1 2416 14 13 90 147 0.8451 0.8878 105 151
91-1-1-0.05-50-0 1 2416 1 10 9 18 0.2520 0.2533 409 449
91-1-1-0.05-50-0 1 2416 14 37 90 105 0.8451 0.8481 105 127
91-1-1-0.05-50-0 1 2417 37 48 105 1 0.8481 0.1153 127 334
91-1-1-0.05-50-0 1 2417 10 27 17 149 0.2533 0.0776 449 149
91-1-1-0.05-50-0 1 2417 36 2 61 73 0.8162 0.8198 165 167
91-1-1-0.05-50-0 1 2418 36 42 60 2 0.8162 0.7447 165 106
91-1-1-0.05-50-0 1 2418 36 2 60 71 0.8162 0.8198 165 167
91-1-1-0.05-50-0 1 2418 14 25 93 99 0.8451 0.9430 105 125
91-1-1-0.05-50-0 1 2418 37 39 104 1 0.8481 0.2187 127 309
91-1-1-0.05-50-0 1 2418 14 7 93 102 0.8451 0.9267 105 106
91-1-1-0.05-50-0 1 2419 36 2 58 70 0.8162 0.8198 165 167
91-1-1-0.05-50-0 1 2419 14 2 95 69 0.8451 0.8198 105 167
91-1-1-0.05-50-0 1 2420 15 8 19 16 0.7918 0.2506 149 303
91-1-1-0.05-50-0 1 2420 15 8 19 15 0.7918 0.2506 149 303
91-1-1-0.05-50-0 1 2420 10 27 20 149 0.2533 0.0776 449 149
91-1-1-0.05-50-0 1 2420 10 27 20 148 0.2533 0.0776 449 149
91-1-1-0.05-50-0 1 2420 10 27 20 147 0.2533 0.0776 449 149
91-1-1-0.05-50-0 1 2421 14 14 103 103 0.8451 0.8451 105 105
91-1-1-0.05-50-0 1 2421 15 16 18 1 0.7918 0.2228 149 149
91-1-1-0.05-50-0 1 2421 36 2 61 70 0.8162 0.8198 165 167
91-1-1-0.05-50-0 1 2421 10 27 20 149 0.2533 0.0776 449 149
91-1-1-0.05-50-0 1 2422 36 2 63 68 0.8162 0.8198 165 167
91-1-1-0.05-50-0 1 2422 14 37 102 100 0.8451 0.8481 105 127
91-1-1-0.05-50-0 1 2422 14 43 102 17 0.8451 0.8316 105 123
91-1-1-0.05-50-0 1 2422 14 36 102 63 0.8451 0.8162 105 165
91-1-1-0.05-50-0 1 2422 36 26 62 29 0.8162 0.8171 165 141
91-1-1-0.05-50-0 1 2423 14 37 105 103 0.8451 0.8481 105 127
91-1-1-0.05-50-0 1 2423 1 1 10 10 0.2520 0.2520 409 409
91-1-1-0.05-50-0 1 2423 14 41 105 62 0.8451 0.9621 105 105
91-1-1-0.05-50-0 1 2423 14 37 105 102 0.8451 0.8481 105 127
91-1-1-0.05-50-0 1 2423 14 36 105 67 0.8451 0.8162 105 165
91-1-1-0.05-50-0 1 2423 37 23 101 3 0.8481 0.1698 127 476
91-1-1-0.05-50-0 1 2423 14 25 105 98 0.8451 0.9430 105 125
91-1-1-0.05-50-0 1 2423 10 27 21 149 0.2533 0.0776 449 149
91-1-1-0.05-50-0 1 2423 14 20 105 33 0.8451 0.9922 105 102
91-1-1-0.05-50-0 1 2423 37 48 101 2 0.8481 0.1153 127 334
91-1-1-0.05-50-0 1 2424 14 7 101 96 0.8451 0.9267 105 106
91-1-1-0.05-50-0 1 2424 14 25 101 98 0.8451 0.9430 105 125
91-1-1-0.05-50-0 1 2424 20 30 33 1 0.9922 0.6008 102 266
91-1-1-0.05-50-0 1 2424 14 2 101 68 0.8451 0.8198 105 167
91-1-1-0.05-50-0 1 2425 14 13 103 150 0.8451 0.8878 105 151
91-1-1-0.05-50-0 1 2425 36 26 63 29 0.8162 0.8171 165 141
91-1-1-0.05-50-0 1 2425 36 15 63 20 0.8162 0.7918 165 149
91-1-1-0.05-50-0 1 2425 14 2 103 67 0.8451 0.8198 105 167
91-1-1-0.05-50-0 1 2425 10 27 21 149 0.2533 0.0776 449 149
91-1-1-0.05-50-0 1 2426 14 15 105 18 0.8451 0.7918 105 149
91-1-1-0.05-50-0 1 2426 26 21 28 2 0.8171 0.4184 141 158
91-1-1-0.05-50-0 1 2426 14 13 105 151 0.8451 0.8878 105 151
91-1-1-0.05-50-0 1 2426 37 23 109 2 0.8481 0.1698 127 476
91-1-1-0.05-50-0 1 2426 10 27 21 149 0.2533 0.0776 449 149
91-1-1-0.05-50-0 1 2427 36 14 57 105 0.8162 0.8451 165 105
91-1-1-0.05-50-0 1 2428 14 13 105 151 0.8451 0.8878 105 151
91-1-1-0.05-50-0 1 2428 15 8 17 13 0.7918 0.2506 149 303
91-1-1-0.05-50-0 1 2428 14 25 105 107 0.8451 0.9430 105 125
91-1-1-0.05-50-0 1 2428 41 4 60 1 0.9621 0.0723 105 351
91-1-1-0.05-50-0 1 2428 36 36 58 58 0.8162 0.8162 165 165
91-1-1-0.05-50-0 1 2428 14 41 105 60 0.8451 0.9621 105 105
91-1-1-0.05-50-0 1 2428 37 23 109 1 0.8481 0.1698 127 476
91-1-1-0.05-50-0 1 2429 10 27 20 149 0.2533 0.0776 449 149
91-1-1-0.05-50-0 1 2429 14 37 105 114 0.8451 0.8481 105 127
91-1-1-0.05-50-0 1 2429 14 36 105 57 0.8451 0.8162 105 165
91-1-1-0.05-50-0 1 2429 37 48 113 1 0.8481 0.1153 127 334
91-1-1-0.05-50-0 1 2430 14 7 102 97 0.8451 0.9267 105 106
91-1-1-0.05-50-0 1 2430 14 26 102 27 0.8451 0.8171 105 141
91-1-1-0.05-50-0 1 2430 14 43 102 21 0.8451 0.8316 105 123
91-1-1-0.05-50-0 1 2430 14 37 102 112 0.8451 0.8481 105 127
91-1-1-0.05-50-0 1 2430 10 27 21 148 0.2533 0.0776 449 149
91-1-1-0.05-50-0 1 2430 20 21 34 1 0.9922 0.4184 102 158
91-1-1-0.05-50-0 1 2431 36 36 54 54 0.8162 0.8162 165 165
91-1-1-0.05-50-0 1 2431 14 7 101 98 0.8451 0.9267 105 106
91-1-1-0.05-50-0 1 2431 14 13 101 150 0.8451 0.8878 105 151
91-1-1-0.05-50-0 1 2431 14 2 101 66 0.8451 0.8198 105 167
91-1-1-0.05-50-0 1 2431 17 10 1 20 0.6398 0.2533 197 449
91-1-1-0.05-50-0 1 2432 14 13 102 151 0.8451 0.8878 105 151
91-1-1-0.05-50-0 1 2432 14 2 102 67 0.8451 0.8198 105 167
91-1-1-0.05-50-0 1 2432 41 11 58 2 0.9621 0.0504 105 384
91-1-1-0.05-50-0 1 2432 14 36 102 53 0.8451 0.8162 105 165
91-1-1-0.05-50-0 1 2432 14 25 102 101 0.8451 0.9430 105 125
91-1-1-0.05-50-0 1 2432 37 12 107 1 0.8481 0.1896 127 325
91-1-1-0.05-50-0 1 2433 14 25 98 102 0.8451 0.9430 105 125
91-1-1-0.05-50-0 1 2433 25 11 101 1 0.9430 0.0504 125 384
91-1-1-0.05-50-0 1 2433 36 2 50 66 0.8162 0.8198 165 167
91-1-1-0.05-50-0 1 2433 14 25 98 101 0.8451 0.9430 105 125
91-1-1-0.05-50-0 1 2433 14 20 98 33 0.8451 0.9922 105 102
91-1-1-0.05-50-0 1 2433 36 37 50 112 0.8162 0.8481 165 127
91-1-1-0.05-50-0 1 2433 14 7 98 104 0.8451 0.9267 105 106
91-1-1-0.05-50-0 1 2433 14 26 98 30 0.8451 0.8171 105 141
91-1-1-0.05-50-0 1 2434 14 25 99 102 0.8451 0.9430 105 125
91-1-1-0.05-50-0 1 2434 14 36 99 50 0.8451 0.8162 105 165
91-1-1-0.05-50-0 1 2434 14 14 99 99 0.8451 0.8451 105 105
91-1-1-0.05-50-0 1 2434 14 14 98 98 0.8451 0.8451 105 105
91-1-1-0.05-50-0 1 2434 14 14 97 97 0.8451 0.8451 105 105
91-1-1-0.05-50-0 1 2434 14 13 96 146 0.8451 0.8878 105 151
91-1-1-0.05-50-0 1 2435 36 37 48 110 0.8162 0.8481 165 127
91-1-1-0.05-50-0 1 2435 37 24 109 1 0.8481 0.1940 127 254
91-1-1-0.05-50-0 1 2435 36 14 48 96 0.8162 0.8451 165 105
91-1-1-0.05-50-0 1 2435 36 2 48 66 0.8162 0.8198 165 167
91-1-1-0.05-50-0 1 2435 36 36 48 48 0.8162 0.8162 165 165
91-1-1-0.05-50-0 1 2435 15 39 11 1 0.7918 0.2187 149 309
91-1-1-0.05-50-0 1 2436 14 2 92 66 0.8451 0.8198 105 167
91-1-1-0.05-50-0 1 2436 1 10 12 20 0.2520 0.2533 409 449
91-1-1-0.05-50-0 1 2436 14 25 92 103 0.8451 0.9430 105 125
91-1-1-0.05-50-0 1 2436 36 14 51 92 0.8162 0.8451 165 105
91-1-1-0.05-50-0 1 2436 14 14 91 91 0.8451 0.8451 105 105
91-1-1-0.05-50-0 1 2437 14 13 91 151 0.8451 0.8878 105 151
91-1-1-0.05-50-0 1 2438 14 7 91 105 0.8451 0.9267 105 106
91-1-1-0.05-50-0 1 2439 37 39 109 1 0.8481 0.2187 127 309
91-1-1-0.05-50-0 1 2439 15 8 12 12 0.7918 0.2506 149 303
91-1-1-0.05-50-0 1 2439 2 17 70 2 0.8198 0.6398 167 197
91-1-1-0.05-50-0 1 2439 14 7 89 103 0.8451 0.9267 105 106
91-1-1-0.05-50-0 1 2440 14 13 92 149 0.8451 0.8878 105 151
91-1-1-0.05-50-0 1 2440 36 2 54 72 0.8162 0.8198 165 167
91-1-1-0.05-50-0 1 2440 14 2 92 71 0.8451 0.8198 105 167
91-1-1-0.05-50-0 1 2441 14 13 92 151 0.8451 0.8878 105 151
91-1-1-0.05-50-0 1 2441 10 27 16 149 0.2533 0.0776 449 149
91-1-1-0.05-50-0 1 2441 36 14 55 92 0.8162 0.8451 165 105
91-1-1-0.05-50-0 1 2441 36 26 55 32 0.8162 0.8171 165 141
91-1-1-0.05-50-0 1 2441 14 47 91 66 0.8451 0.9293 105 103
91-1-1-0.05-50-0 1 2441 14 36 91 55 0.8451 0.8162 105 165
91-1-1-0.05-50-0 1 2442 37 50 110 2 0.8481 0.2147 127 147
91-1-1-0.05-50-0 1 2442 37 23 110 1 0.8481 0.1698 127 476
91-1-1-0.05-50-0 1 2442 36 43 54 20 0.8162 0.8316 165 123
91-1-1-0.05-50-0 1 2443 25 22 115 2 0.9430 0.0160 125 311
91-1-1-0.05-50-0 1 2443 14 2 91 67 0.8451 0.8198 105 167
91-1-1-0.05-50-0 1 2443 14 47 91 68 0.8451 0.9293 105 103
91-1-1-0.05-50-0 1 2443 20 17 41 1 0.9922 0.6398 102 197
91-1-1-0.05-50-0 1 2443 25 22 115 1 0.9430 0.0160 125 311
91-1-1-0.05-50-0 1 2444 14 7 90 101 0.8451 0.9267 105 106
91-1-1-0.05-50-0 1 2444 36 14 58 90 0.8162 0.8451 165 105
91-1-1-0.05-50-0 1 2444 1 1 14 14 0.2520 0.2520 409 409
91-1-1-0.05-50-0 1 2444 14 14 89 89 0.8451 0.8451 105 105
91-1-1-0.05-50-0 1 2445 36 14 56 89 0.8162 0.8451 165 105
91-1-1-0.05-50-0 1 2445 42 8 1 9 0.7447 0.2506 106 303
91-1-1-0.05-50-0 1 2445 41 35 56 1 0.9621 0.0354 105 158
91-1-1-0.05-50-0 1 2445 14 2 88 68 0.8451 0.8198 105 167
91-1-1-0.05-50-0 1 2445 14 15 88 12 0.8451 0.7918 105 149
91-1-1-0.05-50-0 1 2446 14 41 91 58 0.8451 0.9621 105 105
91-1-1-0.05-50-0 1 2446 36 14 55 91 0.8162 0.8451 165 105
91-1-1-0.05-50-0 1 2446 14 7 90 98 0.8451 0.9267 105 106
91-1-1-0.05-50-0 1 2446 14 2 90 66 0.8451 0.8198 105 167
91-1-1-0.05-50-0 1 2446 14 13 90 151 0.8451 0.8878 105 151
91-1-1-0.05-50-0 1 2446 14 25 90 115 0.8451 0.9430 105 125
91-1-1-0.05-50-0 1 2446 36 37 55 122 0.8162 0.8481 165 127
91-1-1-0.05-50-0 1 2446 36 42 55 1 0.8162 0.7447 165 106
91-1-1-0.05-50-0 1 2447 20 32 38 1 0.9922 0.6514 102 215
91-1-1-0.05-50-0 1 2447 14 13 89 151 0.8451 0.8878 105 151
91-1-1-0.05-50-0 1 2447 36 37 55 119 0.8162 0.8481 165 127
91-1-1-0.05-50-0 1 2448 14 25 93 114 0.8451 0.9430 105 125
91-1-1-0.05-50-0 1 2448 15 10 14 16 0.7918 0.2533 149 449
91-1-1-0.05-50-0 1 2448 36 36 55 55 0.8162 0.8162 165 165
91-1-1-0.05-50-0 1 2448 36 14 54 93 0.8162 0.8451 165 105
91-1-1-0.05-50-0 1 2448 1 10 11 15 0.2520 0.2533 409 449
91-1-1-0.05-50-0 1 2449 14 14 96 96 0.8451 0.8451 105 105
91-1-1-0.05-50-0 1 2449 41 22 53 1 0.9621 0.0160 105 311
91-1-1-0.05-50-0 1 2449 14 41 95 53 0.8451 0.9621 105 105
91-1-1-0.05-50-0 1 2449 14 7 95 95 0.8451 0.9267 105 106
91-1-1-0.05-50-0 1 2450 36 14 48 100 0.8162 0.8451 165 105
91-1-1-0.05-50-0 1 2450 37 24 125 1 0.8481 0.1940 127 254
91-1-1-0.05-50-0 1 2450 2 31 70 1 0.8198 0.5626 167 252
91-1-1-0.05-50-0 1 2450 14 36 99 48 0.8451 0.8162 105 165
91-1-1-0.05-50-0 1 2450 10 27 13 148 0.2533 0.0776 449 149
91-1-1-0.05-50-0 1 2450 36 37 47 125 0.8162 0.8481 165 127
91-1-1-0.05-50-0 1 2450 14 15 99 15 0.8451 0.7918 105 149
91-1-1-0.05-50-0 1 2450 14 13 99 151 0.8451 0.8878 105 151
91-1-1-0.05-50-0 1 2451 15 1 14 12 0.7918 0.2520 149 409
91-1-1-0.05-50-0 1 2451 36 37 46 126 0.8162 0.8481 165 127
91-1-1-0.05-50-0 1 2451 10 27 14 146 0.2533 0.0776 449 149
91-1-1-0.05-50-0 1 2452 10 27 15 149 0.2533 0.0776 449 149
91-1-1-0.05-50-0 1 2452 1 8 12 7 0.2520 0.2506 409 303
91-1-1-0.05-50-0 1 2452 10 27 15 148 0.2533 0.0776 449 149
91-1-1-0.05-50-0 1 2452 14 37 98 122 0.8451 0.8481 105 127
91-1-1-0.05-50-0 1 2452 36 43 46 23 0.8162 0.8316 165 123
91-1-1-0.05-50-0 1 2452 14 13 98 142 0.8451 0.8878 105 151
91-1-1-0.05-50-0 1 2452 37 50 121 2 0.8481 0.2147 127 147
91-1-1-0.05-50-0 1 2453 1 10 12 14 0.2520 0.2533 409 449
91-1-1-0.05-50-0 1 2453 14 13 98 141 0.8451 0.8878 105 151
91-1-1-0.05-50-0 1 2453 36 26 48 36 0.8162 0.8171 165 141
91-1-1-0.05-50-0 1 2453 37 39 119 1 0.8481 0.2187 127 309
91-1-1-0.05-50-0 1 2453 14 37 98 119 0.8451 0.8481 105 127
91-1-1-0.05-50-0 1 2453 14 25 98 118 0.8451 0.9430 105 125
91-1-1-0.05-50-0 1 2454 10 27 15 148 0.2533 0.0776 449 149
91-1-1-0.05-50-0 1 2454 14 7 96 87 0.8451 0.9267 105 106
91-1-1-0.05-50-0 1 2454 36 36 51 51 0.8162 0.8162 165 165
91-1-1-0.05-50-0 1 2454 14 13 96 141 0.8451 0.8878 105 151
91-1-1-0.05-50-0 1 2454 36 2 50 71 0.8162 0.8198 165 167
91-1-1-0.05-50-0 1 2454 36 14 50 96 0.8162 0.8451 165 105
91-1-1-0.05-50-0 1 2455 14 14 97 97 0.8451 0.8451 105 105
91-1-1-0.05-50-0 1 2455 37 50 117 1 0.8481 0.2147 127 147
91-1-1-0.05-50-0 1 2455 14 14 96 96 0.8451 0.8451 105 105
91-1-1-0.05-50-0 1 2455 1 10 11 15 0.2520 0.2533 409 449
91-1-1-0.05-50-0 1 2455 14 13 95 143 0.8451 0.8878 105 151
91-1-1-0.05-50-0 1 2455 14 13 95 142 0.8451 0.8878 105 151
91-1-1-0.05-50-0 1 2456 36 2 50 73 0.8162 0.8198 165 167
91-1-1-0.05-50-0 1 2456 20 17 42 2 0.9922 0.6398 102 197
91-1-1-0.05-50-0 1 2456 14 25 96 123 0.8451 0.9430 105 125
91-1-1-0.05-50-0 1 2456 36 14 50 96 0.8162 0.8451 165 105
91-1-1-0.05-50-0 1 2456 26 6 38 2 0.8171 0.4266 141 249
91-1-1-0.05-50-0 1 2456 14 20 95 42 0.8451 0.9922 105 102
91-1-1-0.05-50-0 1 2457 14 13 97 150 0.8451 0.8878 105 151
91-1-1-0.05-50-0 1 2457 14 41 97 51 0.8451 0.9621 105 105
91-1-1-0.05-50-0 1 2457 36 37 51 126 0.8162 0.8481 165 127
91-1-1-0.05-50-0 1 2457 14 37 97 125 0.8451 0.8481 105 127
91-1-1-0.05-50-0 1 2457 14 41 97 50 0.8451 0.9621 105 105
91-1-1-0.05-50-0 1 2457 36 14 51 97 0.8162 0.8451 165 105
91-1-1-0.05-50-0 1 2457 14 37 96 124 0.8451 0.8481 105 127
91-1-1-0.05-50-0 1 2457 14 37 96 123 0.8451 0.8481 105 127
91-1-1-0.05-50-0 1 2458 14 25 97 121 0.8451 0.9430 105 125
91-1-1-0.05-50-0 1 2458 36 37 52 126 0.8162 0.8481 165 127
91-1-1-0.05-50-0 1 2459 36 15 50 13 0.8162 0.7918 165 149
91-1-1-0.05-50-0 1 2459 14 47 100 87 0.8451 0.9293 105 103
91-1-1-0.05-50-0 1 2459 36 36 50 50 0.8162 0.8162 165 165
91-1-1-0.05-50-0 1 2460 36 26 50 41 0.8162 0.8171 165 141
91-1-1-0.05-50-0 1 2460 40 15 1 13 0.9739 0.7918 104 149
91-1-1-0.05-50-0 1 2460 14 25 100 119 0.8451 0.9430 105 125
91-1-1-0.05-50-0 1 2461 20 6 40 1 0.9922 0.4266 102 249
91-1-1-0.05-50-0 1 2462 10 27 19 148 0.2533 0.0776 449 149
91-1-1-0.05-50-0 1 2462 14 2 100 70 0.8451 0.8198 105 167
91-1-1-0.05-50-0 1 2463 36 36 53 53 0.8162 0.8162 165 165
91-1-1-0.05-50-0 1 2463 36 2 52 69 0.8162 0.8198 165 167
91-1-1-0.05-50-0 1 2463 14 14 96 96 0.8451 0.8451 105 105
91-1-1-0.05-50-0 1 2464 14 47 91 84 0.8451 0.9293 105 103
91-1-1-0.05-50-0 1 2464 36 2 54 66 0.8162 0.8198 165 167
91-1-1-0.05-50-0 1 2464 36 14 54 91 0.8162 0.8451 165 105
91-1-1-0.05-50-0 1 2464 1 1 13 13 0.2520 0.2520 409 409
91-1-1-0.05-50-0 1 2464 14 20 90 38 0.8451 0.9922 105 102
91-1-1-0.05-50-0 1 2464 25 11 121 1 0.9430 0.0504 125 384
91-1-1-0.05-50-0 1 2465 20 45 35 1 0.9922 0.3816 102 173
91-1-1-0.05-50-0 1 2465 14 37 89 127 0.8451 0.8481 105 127
91-1-1-0.05-50-0 1 2465 14 7 89 80 0.8451 0.9267 105 106
91-1-1-0.05-50-0 1 2465 15 10 10 20 0.7918 0.2533 149 449
91-1-1-0.05-50-0 1 2466 2 29 64 1 0.8198 0.6728 167 177
91-1-1-0.05-50-0 1 2466 36 14 58 87 0.8162 0.8451 165 105
91-1-1-0.05-50-0 1 2466 36 2 58 64 0.8162 0.8198 165 167
91-1-1-0.05-50-0 1 2466 15 10 10 21 0.7918 0.2533 149 449
91-1-1-0.05-50-0 1 2466 14 25 86 125 0.8451 0.9430 105 125
91-1-1-0.05-50-0 1 2467 36 37 58 127 0.8162 0.8481 165 127
91-1-1-0.05-50-0 1 2467 14 37 89 126 0.8451 0.8481 105 127
91-1-1-0.05-50-0 1 2467 10 27 20 149 0.2533 0.0776 449 149
91-1-1-0.05-50-0 1 2467 14 43 89 22 0.8451 0.8316 105 123
91-1-1-0.05-50-0 1 2468 15 1 10 9 0.7918 0.2520 149 409
91-1-1-0.05-50-0 1 2468 36 37 58 125 0.8162 0.8481 165 127
91-1-1-0.05-50-0 1 2468 36 36 58 58 0.8162 0.8162 165 165
91-1-1-0.05-50-0 1 2468 15 10 10 20 0.7918 0.2533 149 449
91-1-1-0.05-50-0 1 2468 41 22 49 1 0.9621 0.0160 105 311
91-1-1-0.05-50-0 1 2469 14 37 86 123 0.8451 0.8481 105 127
91-1-1-0.05-50-0 1 2469 14 47 86 85 0.8451 0.9293 105 103
91-1-1-0.05-50-0 1 2469 14 13 86 148 0.8451 0.8878 105 151
91-1-1-0.05-50-0 1 2470 10 27 19 146 0.2533 0.0776 449 149
91-1-1-0.05-50-0 1 2470 14 20 90 31 0.8451 0.9922 105 102
91-1-1-0.05-50-0 1 2470 14 36 90 62 0.8451 0.8162 105 165
91-1-1-0.05-50-0 1 2470 14 13 90 150 0.8451 0.8878 105 151
91-1-1-0.05-50-0 1 2470 36 2 61 67 0.8162 0.8198 165 167
91-1-1-0.05-50-0 1 2470 36 43 61 20 0.8162 0.8316 165 123
91-1-1-0.05-50-0 1 2470 37 23 126 2 0.8481 0.1698 127 476
91-1-1-0.05-50-0 1 2470 17 1 1 8 0.6398 0.2520 197 409
91-1-1-0.05-50-0 1 2471 2 17 64 1 0.8198 0.6398 167 197
91-1-1-0.05-50-0 1 2471 36 37 64 118 0.8162 0.8481 165 127
91-1-1-0.05-50-0 1 2471 36 26 64 50 0.8162 0.8171 165 141
91-1-1-0.05-50-0 1 2472 10 27 18 143 0.2533 0.0776 449 149
91-1-1-0.05-50-0 1 2472 37 24 114 2 0.8481 0.1940 127 254
91-1-1-0.05-50-0 1 2472 36 30 62 1 0.8162 0.6008 165 266
91-1-1-0.05-50-0 1 2472 14 14 89 89 0.8451 0.8451 105 105
91-1-1-0.05-50-0 1 2472 14 37 88 114 0.8451 0.8481 105 127
91-1-1-0.05-50-0 1 2472 14 13 88 148 0.8451 0.8878 105 151
91-1-1-0.05-50-0 1 2472 37 23 113 1 0.8481 0.1698 127 476
91-1-1-0.05-50-0 1 2473 36 36 65 65 0.8162 0.8162 165 165
91-1-1-0.05-50-0 1 2473 15 1 11 6 0.7918 0.2520 149 409
91-1-1-0.05-50-0 1 2473 10 27 20 141 0.2533 0.0776 449 149
91-1-1-0.05-50-0 1 2473 36 2 64 64 0.8162 0.8198 165 167
91-1-1-0.05-50-0 1 2474 10 27 22 145 0.2533 0.0776 449 149
91-1-1-0.05-50-0 1 2474 14 37 85 113 0.8451 0.8481 105 127
91-1-1-0.05-50-0 1 2474 37 24 112 1 0.8481 0.1940 127 254
91-1-1-0.05-50-0 1 2475 36 36 59 59 0.8162 0.8162 165 165
91-1-1-0.05-50-0 1 2475 36 2 58 63 0.8162 0.8198 165 167
91-1-1-0.05-50-0 1 2475 36 37 58 118 0.8162 0.8481 165 127
91-1-1-0.05-50-0 1 2475 15 8 10 3 0.7918 0.2506 149 303
91-1-1-0.05-50-0 1 2475 37 24 117 1 0.8481 0.1940 127 254
91-1-1-0.05-50-0 1 2476 14 2 85 64 0.8451 0.8198 105 167
91-1-1-0.05-50-0 1 2476 36 14 61 85 0.8162 0.8451 165 105
91-1-1-0.05-50-0 1 2476 15 8 11 2 0.7918 0.2506 149 303
91-1-1-0.05-50-0 1 2476 14 26 84 51 0.8451 0.8171 105 141
91-1-1-0.05-50-0 1 2476 14 7 84 67 0.8451 0.9267 105 106
91-1-1-0.05-50-0 1 2476 15 10 11 21 0.7918 0.2533 149 449
91-1-1-0.05-50-0 1 2476 14 2 84 63 0.8451 0.8198 105 167
91-1-1-0.05-50-0 1 2477 25 35 123 1 0.9430 0.0354 125 158
91-1-1-0.05-50-0 1 2477 14 47 87 88 0.8451 0.9293 105 103
91-1-1-0.05-50-0 1 2478 14 2 87 64 0.8451 0.8198 105 167
91-1-1-0.05-50-0 1 2478 36 14 65 87 0.8162 0.8451 165 105
91-1-1-0.05-50-0 1 2478 14 13 86 151 0.8451 0.8878 105 151
91-1-1-0.05-50-0 1 2478 26 6 50 1 0.8171 0.4266 141 249
91-1-1-0.05-50-0 1 2479 10 27 20 145 0.2533 0.0776 449 149
91-1-1-0.05-50-0 1 2480 37 12 120 2 0.8481 0.1896 127 325
91-1-1-0.05-50-0 1 2480 36 14 65 88 0.8162 0.8451 165 105
91-1-1-0.05-50-0 1 2480 14 20 87 27 0.8451 0.9922 105 102
91-1-1-0.05-50-0 1 2480 10 27 21 147 0.2533 0.0776 449 149
91-1-1-0.05-50-0 1 2480 36 2 65 65 0.8162 0.8198 165 167
91-1-1-0.05-50-0 1 2480 36 37 65 120 0.8162 0.8481 165 127
91-1-1-0.05-50-0 1 2480 37 12 119 1 0.8481 0.1896 127 325
91-1-1-0.05-50-0 1 2480 14 41 87 47 0.8451 0.9621 105 105
91-1-1-0.05-50-0 1 2480 10 27 21 146 0.2533 0.0776 449 149
91-1-1-0.05-50-0 1 2481 14 47 89 90 0.8451 0.9293 105 103
91-1-1-0.05-50-0 1 2481 1 10 6 24 0.2520 0.2533 409 449
91-1-1-0.05-50-0 1 2481 36 26 62 54 0.8162 0.8171 165 141
91-1-1-0.05-50-0 1 2481 37 49 122 1 0.8481 0.1842 127 136
91-1-1-0.05-50-0 1 2481 7 31 64 1 0.9267 0.5626 106 252
91-1-1-0.05-50-0 1 2482 36 14 64 86 0.8162 0.8451 165 105
91-1-1-0.05-50-0 1 2482 10 27 25 145 0.2533 0.0776 449 149
91-1-1-0.05-50-0 1 2482 36 14 64 85 0.8162 0.8451 165 105
91-1-1-0.05-50-0 1 2482 14 37 84 126 0.8451 0.8481 105 127
91-1-1-0.05-50-0 1 2483 14 43 85 24 0.8451 0.8316 105 123
91-1-1-0.05-50-0 1 2483 10 27 27 144 0.2533 0.0776 449 149
91-1-1-0.05-50-0 1 2483 15 10 10 27 0.7918 0.2533 149 449
91-1-1-0.05-50-0 1 2483 36 2 63 65 0.8162 0.8198 165 167
91-1-1-0.05-50-0 1 2483 15 10 10 26 0.7918 0.2533 149 449
91-1-1-0.05-50-0 1 2484 14 13 90 146 0.8451 0.8878 105 151
91-1-1-0.05-50-0 1 2484 14 7 90 62 0.8451 0.9267 105 106
91-1-1-0.05-50-0 1 2484 10 27 26 142 0.2533 0.0776 449 149
91-1-1-0.05-50-0 1 2484 14 20 90 27 0.8451 0.9922 105 102
91-1-1-0.05-50-0 1 2484 14 47 90 88 0.8451 0.9293 105 103
91-1-1-0.05-50-0 1 2484 14 7 90 61 0.8451 0.9267 105 106
91-1-1-0.05-50-0 1 2484 10 27 26 141 0.2533 0.0776 449 149
91-1-1-0.05-50-0 1 2485 36 14 59 89 0.8162 0.8451 165 105
91-1-1-0.05-50-0 1 2485 43 12 23 1 0.8316 0.1896 123 325
91-1-1-0.05-50-0 1 2485 14 13 88 147 0.8451 0.8878 105 151
91-1-1-0.05-50-0 1 2485 36 37 59 121 0.8162 0.8481 165 127
91-1-1-0.05-50-0 1 2485 14 2 88 59 0.8451 0.8198 105 167
91-1-1-0.05-50-0 1 2486 36 37 61 119 0.8162 0.8481 165 127
91-1-1-0.05-50-0 1 2486 1 10 6 26 0.2520 0.2533 409 449
91-1-1-0.05-50-0 1 2486 15 10 11 25 0.7918 0.2533 149 449
91-1-1-0.05-50-0 1 2487 14 25 91 122 0.8451 0.9430 105 125
91-1-1-0.05-50-0 1 2487 36 37 59 123 0.8162 0.8481 165 127
91-1-1-0.05-50-0 1 2488 36 36 59 59 0.8162 0.8162 165 165
91-1-1-0.05-50-0 1 2488 37 16 124 1 0.8481 0.2228 127 149
91-1-1-0.05-50-0 1 2488 14 41 92 51 0.8451 0.9621 105 105
91-1-1-0.05-50-0 1 2488 25 22 122 1 0.9430 0.0160 125 311
91-1-1-0.05-50-0 1 2488 36 2 58 64 0.8162 0.8198 165 167
91-1-1-0.05-50-0 1 2489 36 26 59 51 0.8162 0.8171 165 141
91-1-1-0.05-50-0 1 2489 14 13 91 143 0.8451 0.8878 105 151
91-1-1-0.05-50-0 1 2489 1 10 7 21 0.2520 0.2533 409 449
91-1-1-0.05-50-0 1 2489 14 43 91 25 0.8451 0.8316 105 123
91-1-1-0.05-50-0 1 2489 14 37 91 127 0.8451 0.8481 105 127
91-1-1-0.05-50-0 1 2489 36 37 59 126 0.8162 0.8481 165 127
91-1-1-0.05-50-0 1 2489 36 2 59 64 0.8162 0.8198 165 167
91-1-1-0.05-50-0 1 2489 36 43 59 24 0.8162 0.8316 165 123
91-1-1-0.05-50-0 1 2491 14 41 94 50 0.8451 0.9621 105 105
91-1-1-0.05-50-0 1 2491 2 33 62 1 0.8198 0.6893 167 191
91-1-1-0.05-50-0 1 2491 26 28 51 1 0.8171 0.3846 141 311
91-1-1-0.05-50-0 1 2491 14 41 94 49 0.8451 0.9621 105 105
91-1-1-0.05-50-0 1 2493 36 2 60 61 0.8162 0.8198 165 167
91-1-1-0.05-50-0 1 2493 37 49 124 1 0.8481 0.1842 127 136
91-1-1-0.05-50-0 1 2493 1 10 8 21 0.2520 0.2533 409 449
91-1-1-0.05-50-0 1 2493 14 36 92 60 0.8451 0.8162 105 165
91-1-1-0.05-50-0 1 2493 15 10 11 20 0.7918 0.2533 149 449
91-1-1-0.05-50-0 1 2494 2 32 64 1 0.8198 0.6514 167 215
91-1-1-0.05-50-0 1 2494 10 27 20 149 0.2533 0.0776 449 149
91-1-1-0.05-50-0 1 2494 36 37 66 125 0.8162 0.8481 165 127
91-1-1-0.05-50-0 1 2494 25 22 125 1 0.9430 0.0160 125 311
91-1-1-0.05-50-0 1 2494 36 37 66 124 0.8162 0.8481 165 127
91-1-1-0.05-50-0 1 2494 37 16 123 2 0.8481 0.2228 127 149
91-1-1-0.05-50-0 1 2494 14 37 95 123 0.8451 0.8481 105 127
91-1-1-0.05-50-0 1 2495 14 14 97 97 0.8451 0.8451 105 105
91-1-1-0.05-50-0 1 2495 14 2 96 66 0.8451 0.8198 105 167
91-1-1-0.05-50-0 1 2495 14 13 96 151 0.8451 0.8878 105 151
91-1-1-0.05-50-0 1 2495 14 13 96 150 0.8451 0.8878 105 151
91-1-1-0.05-50-0 1 2496 36 14 66 92 0.8162 0.8451 165 105
91-1-1-0.05-50-0 1 2496 14 47 91 90 0.8451 0.9293 105 103
91-1-1-0.05-50-0 1 2496 14 7 91 70 0.8451 0.9267 105 106
91-1-1-0.05-50-0 1 2496 36 2 66 63 0.8162 0.8198 165 167
91-1-1-0.05-50-0 1 2497 14 2 91 62 0.8451 0.8198 105 167
91-1-1-0.05-50-0 1 2497 14 13 91 151 0.8451 0.8878 105 151
91-1-1-0.05-50-0 1 2497 15 1 11 8 0.7918 0.2520 149 409
91-1-1-0.05-50-0 1 2497 14 47 91 86 0.8451 0.9293 105 103
91-1-1-0.05-50-0 1 2498 36 2 65 60 0.8162 0.8198 165 167
91-1-1-0.05-50-0 1 2498 36 14 65 92 0.8162 0.8451 165 105
91-1-1-0.05-50-0 1 2498 36 37 65 119 0.8162 0.8481 165 127
91-1-1-0.05-50-0 1 2498 10 27 24 149 0.2533 0.0776 449 149
91-1-1-0.05-50-0 1 2498 10 27 24 148 0.2533 0.0776 449 149
91-1-1-0.05-50-0 1 2498 14 25 91 120 0.8451 0.9430 105 125
91-1-1-0.05-50-0 1 2499 14 36 94 66 0.8451 0.8162 105 165
91-1-1-0.05-50-0 1 2499 14 37 94 119 0.8451 0.8481 105 127
91-1-1-0.05-50-0 1 2499 14 26 94 53 0.8451 0.8171 105 141
91-1-1-0.05-50-0 1 2499 36 14 65 94 0.8162 0.8451 165 105
91-1-1-0.05-50-0 1 2500 10 27 25 149 0.2533 0.0776 449 149
91-1-1-0.05-50-0 1 2500 36 26 67 56 0.8162 0.8171 165 141
91-1-1-0.05-50-0 1 2500 36 14 67 91 0.8162 0.8451 165 105
91-1-1-0.05-50-0 1 2500 14 43 90 26 0.8451 0.8316 105 123
91-1-1-0.05-50-0 1 2500 36 36 67 67 0.8162 0.8162 165 165
91-1-1-0.05-50-0 1 2500 10 27 25 148 0.2533 0.0776 449 149
