92-0-1-0.05-50-0 0 2302 30 38 9 6 0.6008 0.6163 266 270
92-0-1-0.05-50-0 0 2302 45 39 24 5 0.3816 0.2187 173 309
92-0-1-0.05-50-0 0 2303 34 3 2 3 0.7448 0.4813 168 321
92-0-1-0.05-50-0 0 2303 45 4 25 7 0.3816 0.0723 173 351
92-0-1-0.05-50-0 0 2304 27 15 7 12 0.0776 0.7918 149 149
92-0-1-0.05-50-0 0 2304 40 12 2 12 0.9739 0.1896 104 325
92-0-1-0.05-50-0 0 2305 45 12 23 11 0.3816 0.1896 173 325
92-0-1-0.05-50-0 0 2305 4 40 6 1 0.0723 0.9739 351 104
92-0-1-0.05-50-0 0 2306 39 30 4 9 0.2187 0.6008 309 266
92-0-1-0.05-50-0 0 2306 12 20 10 2 0.1896 0.9922 325 102
92-0-1-0.05-50-0 0 2307 38 45 7 23 0.6163 0.3816 270 173
92-0-1-0.05-50-0 0 2307 4 15 6 10 0.0723 0.7918 351 149
92-0-1-0.05-50-0 0 2308 24 45 2 20 0.1940 0.3816 254 173
92-0-1-0.05-50-0 0 2308 8 30 2 9 0.2506 0.6008 303 266
92-0-1-0.05-50-0 0 2309 27 15 7 10 0.0776 0.7918 149 149
92-0-1-0.05-50-0 0 2309 15 45 9 19 0.7918 0.3816 149 173
92-0-1-0.05-50-0 0 2310 45 12 18 11 0.3816 0.1896 173 325
92-0-1-0.05-50-0 0 2310 46 12 1 10 0.3451 0.1896 327 325
92-0-1-0.05-50-0 0 2311 47 39 1 5 0.9293 0.2187 103 309
92-0-1-0.05-50-0 0 2311 4 39 6 4 0.0723 0.2187 351 309
92-0-1-0.05-50-0 0 2312 38 3 9 4 0.6163 0.4813 270 321
92-0-1-0.05-50-0 0 2312 12 3 8 3 0.1896 0.4813 325 321
92-0-1-0.05-50-0 0 2313 30 45 6 18 0.6008 0.3816 266 173
92-0-1-0.05-50-0 0 2313 47 32 2 6 0.9293 0.6514 103 215
92-0-1-0.05-50-0 0 2314 33 22 6 1 0.6893 0.0160 191 311
92-0-1-0.05-50-0 0 2314 27 33 7 6 0.0776 0.6893 149 191
92-0-1-0.05-50-0 0 2315 30 44 6 8 0.6008 0.7034 266 118
92-0-1-0.05-50-0 0 2315 44 33 7 5 0.7034 0.6893 118 191
92-0-1-0.05-50-0 0 2316 30 45 6 17 0.6008 0.3816 266 173
92-0-1-0.05-50-0 0 2316 32 45 4 16 0.6514 0.3816 215 173
92-0-1-0.05-50-0 0 2317 30 4 6 6 0.6008 0.0723 266 351
92-0-1-0.05-50-0 0 2317 28 17 2 4 0.3846 0.6398 311 197
92-0-1-0.05-50-0 0 2318 11 38 2 11 0.0504 0.6163 384 270
92-0-1-0.05-50-0 0 2318 15 12 11 8 0.7918 0.1896 149 325
92-0-1-0.05-50-0 0 2319 38 44 11 8 0.6163 0.7034 270 118
92-0-1-0.05-50-0 0 2319 15 26 11 1 0.7918 0.8171 149 141
92-0-1-0.05-50-0 0 2320 33 15 5 13 0.6893 0.7918 191 149
92-0-1-0.05-50-0 0 2320 46 15 3 12 0.3451 0.7918 327 149
92-0-1-0.05-50-0 0 2321 38 15 12 9 0.6163 0.7918 270 149
92-0-1-0.05-50-0 0 2321 24 41 2 2 0.1940 0.9621 254 105
92-0-1-0.05-50-0 0 2322 38 47 15 2 0.6163 0.9293 270 103
92-0-1-0.05-50-0 0 2322 27 4 8 6 0.0776 0.0723 149 351
92-0-1-0.05-50-0 0 2323 39 44 2 7 0.2187 0.7034 309 118
92-0-1-0.05-50-0 0 2323 44 12 6 8 0.7034 0.1896 118 325
92-0-1-0.05-50-0 0 2324 27 38 7 14 0.0776 0.6163 149 270
92-0-1-0.05-50-0 0 2324 44 23 6 4 0.7034 0.1698 118 476
92-0-1-0.05-50-0 0 2325 8 12 6 8 0.2506 0.1896 303 325
92-0-1-0.05-50-0 0 2325 27 34 7 1 0.0776 0.7448 149 168
92-0-1-0.05-50-0 0 2326 25 45 1 12 0.9430 0.3816 125 173
92-0-1-0.05-50-0 0 2326 44 46 5 6 0.7034 0.3451 118 327
92-0-1-0.05-50-0 0 2327 8 15 6 6 0.2506 0.7918 303 149
92-0-1-0.05-50-0 0 2327 24 38 2 13 0.1940 0.6163 254 270
92-0-1-0.05-50-0 0 2328 15 22 5 1 0.7918 0.0160 149 311
92-0-1-0.05-50-0 0 2328 25 33 1 6 0.9430 0.6893 125 191
92-0-1-0.05-50-0 0 2329 33 41 5 5 0.6893 0.9621 191 105
92-0-1-0.05-50-0 0 2329 45 38 11 12 0.3816 0.6163 173 270
92-0-1-0.05-50-0 0 2330 46 45 4 11 0.3451 0.3816 327 173
92-0-1-0.05-50-0 0 2330 28 17 2 5 0.3846 0.6398 311 197
92-0-1-0.05-50-0 0 2331 12 38 10 11 0.1896 0.6163 325 270
92-0-1-0.05-50-0 0 2331 27 45 7 10 0.0776 0.3816 149 173
92-0-1-0.05-50-0 0 2332 15 12 3 11 0.7918 0.1896 149 325
92-0-1-0.05-50-0 0 2332 32 12 8 10 0.6514 0.1896 215 325
92-0-1-0.05-50-0 0 2333 41 28 2 2 0.9621 0.3846 105 311
92-0-1-0.05-50-0 0 2334 46 8 4 6 0.3451 0.2506 327 303
92-0-1-0.05-50-0 0 2334 30 21 7 3 0.6008 0.4184 266 158
92-0-1-0.05-50-0 0 2335 27 45 8 9 0.0776 0.3816 149 173
92-0-1-0.05-50-0 0 2335 38 46 7 4 0.6163 0.3451 270 327
92-0-1-0.05-50-0 0 2336 27 32 8 9 0.0776 0.6514 149 215
92-0-1-0.05-50-0 0 2336 12 30 9 9 0.1896 0.6008 325 266
92-0-1-0.05-50-0 0 2337 32 15 8 9 0.6514 0.7918 215 149
92-0-1-0.05-50-0 0 2337 8 45 5 8 0.2506 0.3816 303 173
92-0-1-0.05-50-0 0 2338 30 38 6 10 0.6008 0.6163 266 270
92-0-1-0.05-50-0 0 2338 8 32 5 8 0.2506 0.6514 303 215
92-0-1-0.05-50-0 0 2339 44 4 2 5 0.7034 0.0723 118 351
92-0-1-0.05-50-0 0 2339 12 44 9 2 0.1896 0.7034 325 118
92-0-1-0.05-50-0 0 2340 38 8 9 6 0.6163 0.2506 270 303
92-0-1-0.05-50-0 0 2340 45 30 7 7 0.3816 0.6008 173 266
92-0-1-0.05-50-0 0 2341 15 8 8 5 0.7918 0.2506 149 303
92-0-1-0.05-50-0 0 2341 27 17 8 5 0.0776 0.6398 149 197
92-0-1-0.05-50-0 0 2342 21 30 2 7 0.4184 0.6008 158 266
92-0-1-0.05-50-0 0 2342 33 45 6 9 0.6893 0.3816 191 173
92-0-1-0.05-50-0 0 2343 21 45 2 8 0.4184 0.3816 158 173
92-0-1-0.05-50-0 0 2343 46 15 3 8 0.3451 0.7918 327 149
92-0-1-0.05-50-0 0 2344 27 45 7 7 0.0776 0.3816 149 173
92-0-1-0.05-50-0 0 2344 33 23 6 5 0.6893 0.1698 191 476
92-0-1-0.05-50-0 0 2345 33 23 7 4 0.6893 0.1698 191 476
92-0-1-0.05-50-0 0 2345 3 45 4 6 0.4813 0.3816 321 173
92-0-1-0.05-50-0 0 2346 24 38 5 12 0.1940 0.6163 254 270
92-0-1-0.05-50-0 0 2346 3 45 4 5 0.4813 0.3816 321 173
92-0-1-0.05-50-0 0 2347 24 32 5 10 0.1940 0.6514 254 215
92-0-1-0.05-50-0 0 2347 8 27 4 9 0.2506 0.0776 303 149
92-0-1-0.05-50-0 0 2348 24 30 5 3 0.1940 0.6008 254 266
92-0-1-0.05-50-0 0 2348 33 27 6 8 0.6893 0.0776 191 149
92-0-1-0.05-50-0 0 2349 15 15 8 8 0.7918 0.7918 149 149
92-0-1-0.05-50-0 0 2349 35 39 4 2 0.0354 0.2187 158 309
92-0-1-0.05-50-0 0 2350 41 32 4 12 0.9621 0.6514 105 215
92-0-1-0.05-50-0 0 2350 44 47 1 2 0.7034 0.9293 118 103
92-0-1-0.05-50-0 0 2351 38 38 8 8 0.6163 0.6163 270 270
92-0-1-0.05-50-0 0 2351 41 15 4 8 0.9621 0.7918 105 149
92-0-1-0.05-50-0 0 2352 4 15 3 7 0.0723 0.7918 351 149
92-0-1-0.05-50-0 0 2352 32 28 11 2 0.6514 0.3846 215 311
92-0-1-0.05-50-0 0 2353 33 32 9 10 0.6893 0.6514 191 215
92-0-1-0.05-50-0 0 2353 30 45 2 2 0.6008 0.3816 266 173
92-0-1-0.05-50-0 0 2354 27 8 7 5 0.0776 0.2506 149 303
92-0-1-0.05-50-0 0 2354 38 17 6 2 0.6163 0.6398 270 197
92-0-1-0.05-50-0 0 2355 15 12 6 9 0.7918 0.1896 149 325
92-0-1-0.05-50-0 0 2356 11 35 2 3 0.0504 0.0354 384 158
92-0-1-0.05-50-0 0 2357 32 32 9 9 0.6514 0.6514 215 215
92-0-1-0.05-50-0 0 2358 23 38 1 6 0.1698 0.6163 476 270
92-0-1-0.05-50-0 0 2359 33 3 9 8 0.6893 0.4813 191 321
92-0-1-0.05-50-0 0 2360 33 12 8 9 0.6893 0.1896 191 325
92-0-1-0.05-50-0 0 2361 15 32 6 7 0.7918 0.6514 149 215
92-0-1-0.05-50-0 0 2362 12 38 9 6 0.1896 0.6163 325 270
92-0-1-0.05-50-0 0 2363 35 3 1 8 0.0354 0.4813 158 321
92-0-1-0.05-50-0 0 2364 3 39 8 1 0.4813 0.2187 321 309
92-0-1-0.05-50-0 0 2365 18 3 1 8 0.2181 0.4813 226 321
92-0-1-0.05-50-0 0 2366 8 27 4 9 0.2506 0.0776 303 149
92-0-1-0.05-50-0 0 2367 38 49 3 2 0.6163 0.1842 270 136
92-0-1-0.05-50-0 0 2368 12 27 10 8 0.1896 0.0776 325 149
92-0-1-0.05-50-0 0 2369 41 27 6 7 0.9621 0.0776 105 149
92-0-1-0.05-50-0 0 2370 12 33 9 7 0.1896 0.6893 325 191
92-0-1-0.05-50-0 0 2371 3 24 7 1 0.4813 0.1940 321 254
92-0-1-0.05-50-0 0 2372 21 42 2 3 0.4184 0.7447 158 106
92-0-1-0.05-50-0 0 2373 31 28 6 1 0.5626 0.3846 252 311
92-0-1-0.05-50-0 0 2374 49 2 1 1 0.1842 0.8198 136 167
92-0-1-0.05-50-0 0 2375 33 46 6 5 0.6893 0.3451 191 327
92-0-1-0.05-50-0 0 2376 12 34 8 1 0.1896 0.7448 325 168
92-0-1-0.05-50-0 0 2377 31 36 3 1 0.5626 0.8162 252 165
92-0-1-0.05-50-0 0 2378 3 38 6 4 0.4813 0.6163 321 270
92-0-1-0.05-50-0 0 2379 8 47 4 3 0.2506 0.9293 303 103
92-0-1-0.05-50-0 0 2380 41 33 7 5 0.9621 0.6893 105 191
92-0-1-0.05-50-0 0 2381 32 3 8 7 0.6514 0.4813 215 321
92-0-1-0.05-50-0 0 2382 32 27 8 9 0.6514 0.0776 215 149
92-0-1-0.05-50-0 0 2383 41 42 8 3 0.9621 0.7447 105 106
92-0-1-0.05-50-0 0 2384 11 46 4 6 0.0504 0.3451 384 327
92-0-1-0.05-50-0 0 2385 38 46 4 5 0.6163 0.3451 270 327
92-0-1-0.05-50-0 0 2385 12 3 11 5 0.1896 0.4813 325 321
92-0-1-0.05-50-0 0 2386 39 27 4 5 0.2187 0.0776 309 149
92-0-1-0.05-50-0 0 2387 33 32 4 11 0.6893 0.6514 191 215
92-0-1-0.05-50-0 0 2387 15 11 5 4 0.7918 0.0504 149 384
92-0-1-0.05-50-0 0 2388 15 33 5 4 0.7918 0.6893 149 191
92-0-1-0.05-50-0 0 2388 31 38 4 5 0.5626 0.6163 252 270
92-0-1-0.05-50-0 0 2389 11 31 3 4 0.0504 0.5626 384 252
92-0-1-0.05-50-0 0 2389 41 46 9 4 0.9621 0.3451 105 327
92-0-1-0.05-50-0 0 2390 46 15 3 5 0.3451 0.7918 327 149
92-0-1-0.05-50-0 0 2391 12 27 12 4 0.1896 0.0776 325 149
92-0-1-0.05-50-0 0 2392 32 13 9 2 0.6514 0.8878 215 151
92-0-1-0.05-50-0 0 2393 32 41 9 6 0.6514 0.9621 215 105
92-0-1-0.05-50-0 0 2394 12 30 8 3 0.1896 0.6008 325 266
92-0-1-0.05-50-0 0 2395 17 12 5 8 0.6398 0.1896 197 325
92-0-1-0.05-50-0 0 2396 32 19 9 2 0.6514 0.8072 215 134
92-0-1-0.05-50-0 0 2397 21 8 4 6 0.4184 0.2506 158 303
92-0-1-0.05-50-0 0 2398 27 45 4 1 0.0776 0.3816 149 173
92-0-1-0.05-50-0 0 2399 39 13 3 1 0.2187 0.8878 309 151
92-0-1-0.05-50-0 0 2399 12 32 10 10 0.1896 0.6514 325 215
92-0-1-0.05-50-0 0 2400 44 30 5 3 0.7034 0.6008 118 266
92-0-1-0.05-50-0 0 2400 18 31 3 3 0.2181 0.5626 226 252
92-0-1-0.05-50-0 0 2401 32 24 9 1 0.6514 0.1940 215 254
92-0-1-0.05-50-0 0 2401 44 3 5 3 0.7034 0.4813 118 321
92-0-1-0.05-50-0 0 2402 3 38 2 5 0.4813 0.6163 321 270
92-0-1-0.05-50-0 0 2402 38 21 4 3 0.6163 0.4184 270 158
92-0-1-0.05-50-0 0 2403 32 38 8 4 0.6514 0.6163 215 270
92-0-1-0.05-50-0 0 2403 2 18 2 4 0.8198 0.2181 167 226
92-0-1-0.05-50-0 0 2404 38 40 3 1 0.6163 0.9739 270 104
92-0-1-0.05-50-0 0 2404 41 44 7 5 0.9621 0.7034 105 118
92-0-1-0.05-50-0 0 2405 49 5 4 2 0.1842 0.0007 136 226
92-0-1-0.05-50-0 0 2405 8 35 6 3 0.2506 0.0354 303 158
92-0-1-0.05-50-0 0 2406 18 12 4 12 0.2181 0.1896 226 325
92-0-1-0.05-50-0 0 2406 32 46 9 3 0.6514 0.3451 215 327
92-0-1-0.05-50-0 0 2407 32 17 9 4 0.6514 0.6398 215 197
92-0-1-0.05-50-0 0 2408 8 39 8 5 0.2506 0.2187 303 309
92-0-1-0.05-50-0 0 2409 32 8 9 9 0.6514 0.2506 215 303
92-0-1-0.05-50-0 0 2409 33 12 6 10 0.6893 0.1896 191 325
92-0-1-0.05-50-0 0 2410 8 8 9 9 0.2506 0.2506 303 303
92-0-1-0.05-50-0 0 2410 2 8 3 8 0.8198 0.2506 167 303
92-0-1-0.05-50-0 0 2411 12 42 10 4 0.1896 0.7447 325 106
92-0-1-0.05-50-0 0 2411 32 44 10 3 0.6514 0.7034 215 118
92-0-1-0.05-50-0 0 2412 49 8 6 7 0.1842 0.2506 136 303
92-0-1-0.05-50-0 0 2412 49 31 6 4 0.1842 0.5626 136 252
92-0-1-0.05-50-0 0 2413 43 41 3 7 0.8316 0.9621 123 105
92-0-1-0.05-50-0 0 2413 42 32 3 10 0.7447 0.6514 106 215
92-0-1-0.05-50-0 0 2414 41 31 6 3 0.9621 0.5626 105 252
92-0-1-0.05-50-0 0 2414 38 12 4 10 0.6163 0.1896 270 325
92-0-1-0.05-50-0 0 2415 38 8 4 4 0.6163 0.2506 270 303
92-0-1-0.05-50-0 0 2416 12 4 9 5 0.1896 0.0723 325 351
92-0-1-0.05-50-0 0 2417 32 27 8 5 0.6514 0.0776 215 149
92-0-1-0.05-50-0 0 2418 27 38 4 4 0.0776 0.6163 149 270
92-0-1-0.05-50-0 0 2419 45 38 4 3 0.3816 0.6163 173 270
92-0-1-0.05-50-0 0 2420 45 4 4 5 0.3816 0.0723 173 351
92-0-1-0.05-50-0 0 2421 33 12 6 9 0.6893 0.1896 191 325
92-0-1-0.05-50-0 0 2422 27 38 4 3 0.0776 0.6163 149 270
92-0-1-0.05-50-0 0 2422 32 12 8 9 0.6514 0.1896 215 325
92-0-1-0.05-50-0 0 2423 15 49 8 7 0.7918 0.1842 149 136
92-0-1-0.05-50-0 0 2423 27 39 4 5 0.0776 0.2187 149 309
92-0-1-0.05-50-0 0 2424 21 12 3 9 0.4184 0.1896 158 325
92-0-1-0.05-50-0 0 2424 11 27 3 3 0.0504 0.0776 384 149
92-0-1-0.05-50-0 0 2425 33 32 5 8 0.6893 0.6514 191 215
92-0-1-0.05-50-0 0 2425 47 17 3 5 0.9293 0.6398 103 197
92-0-1-0.05-50-0 0 2426 41 27 7 3 0.9621 0.0776 105 149
92-0-1-0.05-50-0 0 2427 12 32 8 6 0.1896 0.6514 325 215
92-0-1-0.05-50-0 0 2428 45 41 2 8 0.3816 0.9621 173 105
92-0-1-0.05-50-0 0 2429 11 20 4 2 0.0504 0.9922 384 102
92-0-1-0.05-50-0 0 2430 12 17 7 4 0.1896 0.6398 325 197
92-0-1-0.05-50-0 0 2431 12 41 6 8 0.1896 0.9621 325 105
92-0-1-0.05-50-0 0 2432 18 29 3 3 0.2181 0.6728 226 177
92-0-1-0.05-50-0 0 2433 17 10 1 1 0.6398 0.2533 197 449
92-0-1-0.05-50-0 0 2434 32 50 4 1 0.6514 0.2147 215 147
92-0-1-0.05-50-0 0 2435 41 11 9 5 0.9621 0.0504 105 384
92-0-1-0.05-50-0 0 2436 49 18 8 4 0.1842 0.2181 136 226
92-0-1-0.05-50-0 0 2437 32 13 5 1 0.6514 0.8878 215 151
92-0-1-0.05-50-0 0 2438 47 15 5 8 0.9293 0.7918 103 149
92-0-1-0.05-50-0 0 2439 15 38 8 1 0.7918 0.6163 149 270
92-0-1-0.05-50-0 0 2440 21 43 5 3 0.4184 0.8316 158 123
92-0-1-0.05-50-0 0 2440 27 18 2 3 0.0776 0.2181 149 226
92-0-1-0.05-50-0 0 2441 41 12 9 4 0.9621 0.1896 105 325
92-0-1-0.05-50-0 0 2442 41 24 10 6 0.9621 0.1940 105 254
92-0-1-0.05-50-0 0 2442 21 20 5 2 0.4184 0.9922 158 102
92-0-1-0.05-50-0 0 2443 31 32 1 8 0.5626 0.6514 252 215
92-0-1-0.05-50-0 0 2444 5 41 3 11 0.0007 0.9621 226 105
92-0-1-0.05-50-0 0 2444 18 49 2 9 0.2181 0.1842 226 136
92-0-1-0.05-50-0 0 2445 11 47 10 7 0.0504 0.9293 384 103
92-0-1-0.05-50-0 0 2445 24 27 6 2 0.1940 0.0776 254 149
92-0-1-0.05-50-0 0 2446 5 11 3 11 0.0007 0.0504 226 384
92-0-1-0.05-50-0 0 2446 41 24 10 7 0.9621 0.1940 105 254
92-0-1-0.05-50-0 0 2447 48 49 1 8 0.1153 0.1842 334 136
92-0-1-0.05-50-0 0 2447 43 27 4 1 0.8316 0.0776 123 149
92-0-1-0.05-50-0 0 2448 17 41 3 10 0.6398 0.9621 197 105
92-0-1-0.05-50-0 0 2448 24 12 6 2 0.1940 0.1896 254 325
92-0-1-0.05-50-0 0 2449 5 24 4 7 0.0007 0.1940 226 254
92-0-1-0.05-50-0 0 2449 15 41 5 10 0.7918 0.9621 149 105
92-0-1-0.05-50-0 0 2450 21 47 5 6 0.4184 0.9293 158 103
92-0-1-0.05-50-0 0 2450 11 40 9 1 0.0504 0.9739 384 104
92-0-1-0.05-50-0 0 2451 49 11 6 9 0.1842 0.0504 136 384
92-0-1-0.05-50-0 0 2451 24 32 5 8 0.1940 0.6514 254 215
92-0-1-0.05-50-0 0 2452 32 8 10 14 0.6514 0.2506 215 303
92-0-1-0.05-50-0 0 2452 15 47 4 5 0.7918 0.9293 149 103
92-0-1-0.05-50-0 0 2453 49 21 6 6 0.1842 0.4184 136 158
92-0-1-0.05-50-0 0 2453 46 8 3 13 0.3451 0.2506 327 303
92-0-1-0.05-50-0 0 2454 39 41 5 10 0.2187 0.9621 309 105
92-0-1-0.05-50-0 0 2454 39 15 5 4 0.2187 0.7918 309 149
92-0-1-0.05-50-0 0 2455 47 24 3 6 0.9293 0.1940 103 254
92-0-1-0.05-50-0 0 2455 8 8 10 10 0.2506 0.2506 303 303
92-0-1-0.05-50-0 0 2456 15 31 3 1 0.7918 0.5626 149 252
92-0-1-0.05-50-0 0 2456 3 48 2 2 0.4813 0.1153 321 334
92-0-1-0.05-50-0 0 2457 14 8 1 8 0.8451 0.2506 105 303
92-0-1-0.05-50-0 0 2457 2 43 7 4 0.8198 0.8316 167 123
92-0-1-0.05-50-0 0 2458 24 21 6 5 0.1940 0.4184 254 158
92-0-1-0.05-50-0 0 2458 47 11 3 7 0.9293 0.0504 103 384
92-0-1-0.05-50-0 0 2459 39 32 5 12 0.2187 0.6514 309 215
92-0-1-0.05-50-0 0 2459 5 39 7 5 0.0007 0.2187 226 309
92-0-1-0.05-50-0 0 2460 41 21 11 4 0.9621 0.4184 105 158
92-0-1-0.05-50-0 0 2460 11 49 6 4 0.0504 0.1842 384 136
92-0-1-0.05-50-0 0 2461 4 2 3 4 0.0723 0.8198 351 167
92-0-1-0.05-50-0 0 2462 3 11 2 7 0.4813 0.0504 321 384
92-0-1-0.05-50-0 0 2463 46 32 4 10 0.3451 0.6514 327 215
92-0-1-0.05-50-0 0 2464 7 41 3 12 0.9267 0.9621 106 105
92-0-1-0.05-50-0 0 2465 32 41 9 12 0.6514 0.9621 215 105
92-0-1-0.05-50-0 0 2466 17 25 5 1 0.6398 0.9430 197 125
92-0-1-0.05-50-0 0 2467 32 39 9 4 0.6514 0.2187 215 309
92-0-1-0.05-50-0 0 2468 24 46 5 4 0.1940 0.3451 254 327
92-0-1-0.05-50-0 0 2468 33 32 1 9 0.6893 0.6514 191 215
92-0-1-0.05-50-0 0 2469 41 24 10 5 0.9621 0.1940 105 254
92-0-1-0.05-50-0 0 2469 41 15 10 2 0.9621 0.7918 105 149
92-0-1-0.05-50-0 0 2470 5 32 9 8 0.0007 0.6514 226 215
92-0-1-0.05-50-0 0 2471 32 2 8 5 0.6514 0.8198 215 167
92-0-1-0.05-50-0 0 2471 24 11 4 5 0.1940 0.0504 254 384
92-0-1-0.05-50-0 0 2472 49 8 5 4 0.1842 0.2506 136 303
92-0-1-0.05-50-0 0 2472 22 14 1 6 0.0160 0.8451 311 105
92-0-1-0.05-50-0 0 2473 47 2 3 3 0.9293 0.8198 103 167
92-0-1-0.05-50-0 0 2473 49 46 6 2 0.1842 0.3451 136 327
92-0-1-0.05-50-0 0 2474 17 41 6 10 0.6398 0.9621 197 105
92-0-1-0.05-50-0 0 2474 24 12 4 3 0.1940 0.1896 254 325
92-0-1-0.05-50-0 0 2475 47 20 3 1 0.9293 0.9922 103 102
92-0-1-0.05-50-0 0 2476 21 15 2 2 0.4184 0.7918 158 149
92-0-1-0.05-50-0 0 2477 2 41 2 7 0.8198 0.9621 167 105
92-0-1-0.05-50-0 0 2478 43 41 7 6 0.8316 0.9621 123 105
92-0-1-0.05-50-0 0 2479 3 11 5 6 0.4813 0.0504 321 384
92-0-1-0.05-50-0 0 2480 4 49 4 8 0.0723 0.1842 351 136
92-0-1-0.05-50-0 0 2480 32 2 7 2 0.6514 0.8198 215 167
92-0-1-0.05-50-0 0 2481 32 47 7 3 0.6514 0.9293 215 103
92-0-1-0.05-50-0 0 2481 46 3 1 5 0.3451 0.4813 327 321
92-0-1-0.05-50-0 0 2482 4 24 5 4 0.0723 0.1940 351 254
92-0-1-0.05-50-0 0 2482 21 32 3 7 0.4184 0.6514 158 215
92-0-1-0.05-50-0 0 2483 39 21 3 3 0.2187 0.4184 309 158
92-0-1-0.05-50-0 0 2483 8 3 2 4 0.2506 0.4813 303 321
92-0-1-0.05-50-0 0 2484 14 32 4 7 0.8451 0.6514 105 215
92-0-1-0.05-50-0 0 2484 36 43 2 11 0.8162 0.8316 165 123
92-0-1-0.05-50-0 0 2485 24 4 4 6 0.1940 0.0723 254 351
92-0-1-0.05-50-0 0 2485 11 41 5 6 0.0504 0.9621 384 105
92-0-1-0.05-50-0 0 2486 17 18 10 2 0.6398 0.2181 197 226
92-0-1-0.05-50-0 0 2486 5 5 8 8 0.0007 0.0007 226 226
92-0-1-0.05-50-0 0 2487 43 26 10 3 0.8316 0.8171 123 141
92-0-1-0.05-50-0 0 2487 31 21 1 2 0.5626 0.4184 252 158
92-0-1-0.05-50-0 0 2488 38 49 4 5 0.6163 0.1842 270 136
92-0-1-0.05-50-0 0 2488 17 22 10 3 0.6398 0.0160 197 311
92-0-1-0.05-50-0 0 2489 27 33 1 2 0.0776 0.6893 149 191
92-0-1-0.05-50-0 0 2489 19 14 1 2 0.8072 0.8451 134 105
92-0-1-0.05-50-0 0 2490 2 48 4 2 0.8198 0.1153 167 334
92-0-1-0.05-50-0 0 2490 39 19 3 1 0.2187 0.8072 309 134
92-0-1-0.05-50-0 0 2491 7 50 4 1 0.9267 0.2147 106 147
92-0-1-0.05-50-0 0 2491 17 43 13 9 0.6398 0.8316 197 123
92-0-1-0.05-50-0 0 2492 43 17 8 13 0.8316 0.6398 123 197
92-0-1-0.05-50-0 0 2492 43 11 8 5 0.8316 0.0504 123 384
92-0-1-0.05-50-0 0 2493 5 38 8 5 0.0007 0.6163 226 270
92-0-1-0.05-50-0 0 2493 26 47 3 2 0.8171 0.9293 141 103
92-0-1-0.05-50-0 0 2494 45 5 1 9 0.3816 0.0007 173 226
92-0-1-0.05-50-0 0 2494 2 17 6 11 0.8198 0.6398 167 197
92-0-1-0.05-50-0 0 2495 8 49 4 8 0.2506 0.1842 303 136
92-0-1-0.05-50-0 0 2495 5 49 9 7 0.0007 0.1842 226 136
92-0-1-0.05-50-0 0 2496 32 32 13 13 0.6514 0.6514 215 215
92-0-1-0.05-50-0 0 2496 5 3 9 2 0.0007 0.4813 226 321
92-0-1-0.05-50-0 0 2497 47 21 2 1 0.9293 0.4184 103 158
92-0-1-0.05-50-0 0 2497 48 2 1 5 0.1153 0.8198 334 167
92-0-1-0.05-50-0 0 2498 5 11 11 4 0.0007 0.0504 226 384
92-0-1-0.05-50-0 0 2498 32 32 13 13 0.6514 0.6514 215 215
92-0-1-0.05-50-0 0 2499 24 43 8 7 0.1940 0.8316 254 123
92-0-1-0.05-50-0 0 2499 17 39 13 4 0.6398 0.2187 197 309
92-0-1-0.05-50-0 0 2500 4 38 5 4 0.0723 0.6163 351 270
92-0-1-0.05-50-0 0 2500 17 17 12 12 0.6398 0.6398 197 197
