92-1-1-0.05-50-0 1 2302 36 37 133 60 0.8162 0.8481 165 127
92-1-1-0.05-50-0 1 2302 2 9 121 1 0.8198 0.6134 167 161
92-1-1-0.05-50-0 1 2302 14 7 63 104 0.8451 0.9267 105 106
92-1-1-0.05-50-0 1 2302 36 26 133 102 0.8162 0.8171 165 141
92-1-1-0.05-50-0 1 2302 14 14 63 63 0.8451 0.8451 105 105
92-1-1-0.05-50-0 1 2302 36 36 133 133 0.8162 0.8162 165 165
92-1-1-0.05-50-0 1 2302 36 26 132 101 0.8162 0.8171 165 141
92-1-1-0.05-50-0 1 2302 14 13 62 141 0.8451 0.8878 105 151
92-1-1-0.05-50-0 1 2303 10 27 37 44 0.2533 0.0776 449 149
92-1-1-0.05-50-0 1 2303 36 2 130 120 0.8162 0.8198 165 167
92-1-1-0.05-50-0 1 2303 40 28 39 1 0.9739 0.3846 104 311
92-1-1-0.05-50-0 1 2303 36 36 130 130 0.8162 0.8162 165 165
92-1-1-0.05-50-0 1 2303 36 19 129 12 0.8162 0.8072 165 134
92-1-1-0.05-50-0 1 2303 14 43 61 82 0.8451 0.8316 105 123
92-1-1-0.05-50-0 1 2303 36 43 129 81 0.8162 0.8316 165 123
92-1-1-0.05-50-0 1 2304 36 36 128 128 0.8162 0.8162 165 165
92-1-1-0.05-50-0 1 2304 14 41 61 36 0.8451 0.9621 105 105
92-1-1-0.05-50-0 1 2304 10 27 39 40 0.2533 0.0776 449 149
92-1-1-0.05-50-0 1 2305 36 43 124 84 0.8162 0.8316 165 123
92-1-1-0.05-50-0 1 2305 36 36 124 124 0.8162 0.8162 165 165
92-1-1-0.05-50-0 1 2305 14 7 61 100 0.8451 0.9267 105 106
92-1-1-0.05-50-0 1 2305 36 2 123 120 0.8162 0.8198 165 167
92-1-1-0.05-50-0 1 2306 14 13 64 145 0.8451 0.8878 105 151
92-1-1-0.05-50-0 1 2306 36 2 120 120 0.8162 0.8198 165 167
92-1-1-0.05-50-0 1 2306 36 2 120 119 0.8162 0.8198 165 167
92-1-1-0.05-50-0 1 2307 36 26 119 106 0.8162 0.8171 165 141
92-1-1-0.05-50-0 1 2307 36 37 119 57 0.8162 0.8481 165 127
92-1-1-0.05-50-0 1 2307 36 43 119 85 0.8162 0.8316 165 123
92-1-1-0.05-50-0 1 2307 36 36 119 119 0.8162 0.8162 165 165
92-1-1-0.05-50-0 1 2307 36 37 118 56 0.8162 0.8481 165 127
92-1-1-0.05-50-0 1 2307 36 14 118 63 0.8162 0.8451 165 105
92-1-1-0.05-50-0 1 2307 14 7 62 104 0.8451 0.9267 105 106
92-1-1-0.05-50-0 1 2307 14 14 62 62 0.8451 0.8451 105 105
92-1-1-0.05-50-0 1 2307 36 26 118 105 0.8162 0.8171 165 141
92-1-1-0.05-50-0 1 2307 10 27 38 41 0.2533 0.0776 449 149
92-1-1-0.05-50-0 1 2308 40 15 37 4 0.9739 0.7918 104 149
92-1-1-0.05-50-0 1 2308 36 26 125 100 0.8162 0.8171 165 141
92-1-1-0.05-50-0 1 2308 14 26 62 99 0.8451 0.8171 105 141
92-1-1-0.05-50-0 1 2308 14 47 62 90 0.8451 0.9293 105 103
92-1-1-0.05-50-0 1 2308 14 13 62 148 0.8451 0.8878 105 151
92-1-1-0.05-50-0 1 2309 15 1 3 3 0.7918 0.2520 149 409
92-1-1-0.05-50-0 1 2309 36 2 128 122 0.8162 0.8198 165 167
92-1-1-0.05-50-0 1 2309 41 5 33 2 0.9621 0.0007 105 226
92-1-1-0.05-50-0 1 2309 40 15 37 3 0.9739 0.7918 104 149
92-1-1-0.05-50-0 1 2309 36 43 128 79 0.8162 0.8316 165 123
92-1-1-0.05-50-0 1 2309 14 37 64 58 0.8451 0.8481 105 127
92-1-1-0.05-50-0 1 2309 14 13 64 151 0.8451 0.8878 105 151
92-1-1-0.05-50-0 1 2309 36 26 128 97 0.8162 0.8171 165 141
92-1-1-0.05-50-0 1 2309 36 2 128 121 0.8162 0.8198 165 167
92-1-1-0.05-50-0 1 2310 14 2 65 120 0.8451 0.8198 105 167
92-1-1-0.05-50-0 1 2310 10 27 37 40 0.2533 0.0776 449 149
92-1-1-0.05-50-0 1 2310 41 5 32 1 0.9621 0.0007 105 226
92-1-1-0.05-50-0 1 2310 36 36 124 124 0.8162 0.8162 165 165
92-1-1-0.05-50-0 1 2310 36 36 123 123 0.8162 0.8162 165 165
92-1-1-0.05-50-0 1 2310 36 26 122 101 0.8162 0.8171 165 141
92-1-1-0.05-50-0 1 2311 36 37 122 59 0.8162 0.8481 165 127
92-1-1-0.05-50-0 1 2311 14 36 66 122 0.8451 0.8162 105 165
92-1-1-0.05-50-0 1 2311 40 15 40 2 0.9739 0.7918 104 149
92-1-1-0.05-50-0 1 2311 15 8 1 42 0.7918 0.2506 149 303
92-1-1-0.05-50-0 1 2311 36 2 121 115 0.8162 0.8198 165 167
92-1-1-0.05-50-0 1 2311 19 19 15 15 0.8072 0.8072 134 134
92-1-1-0.05-50-0 1 2311 36 2 121 114 0.8162 0.8198 165 167
92-1-1-0.05-50-0 1 2311 40 42 40 1 0.9739 0.7447 104 106
92-1-1-0.05-50-0 1 2312 36 2 120 114 0.8162 0.8198 165 167
92-1-1-0.05-50-0 1 2312 36 43 120 86 0.8162 0.8316 165 123
92-1-1-0.05-50-0 1 2312 14 47 69 93 0.8451 0.9293 105 103
92-1-1-0.05-50-0 1 2312 36 43 120 85 0.8162 0.8316 165 123
92-1-1-0.05-50-0 1 2313 36 36 118 118 0.8162 0.8162 165 165
92-1-1-0.05-50-0 1 2313 14 13 75 151 0.8451 0.8878 105 151
92-1-1-0.05-50-0 1 2313 36 26 117 99 0.8162 0.8171 165 141
92-1-1-0.05-50-0 1 2313 10 27 38 37 0.2533 0.0776 449 149
92-1-1-0.05-50-0 1 2313 36 2 117 112 0.8162 0.8198 165 167
92-1-1-0.05-50-0 1 2313 36 14 117 75 0.8162 0.8451 165 105
92-1-1-0.05-50-0 1 2314 14 47 70 97 0.8451 0.9293 105 103
92-1-1-0.05-50-0 1 2314 36 36 118 118 0.8162 0.8162 165 165
92-1-1-0.05-50-0 1 2315 36 14 117 70 0.8162 0.8451 165 105
92-1-1-0.05-50-0 1 2315 36 26 117 99 0.8162 0.8171 165 141
92-1-1-0.05-50-0 1 2315 36 37 117 59 0.8162 0.8481 165 127
92-1-1-0.05-50-0 1 2315 36 14 117 69 0.8162 0.8451 165 105
92-1-1-0.05-50-0 1 2315 10 27 41 37 0.2533 0.0776 449 149
92-1-1-0.05-50-0 1 2315 36 14 117 68 0.8162 0.8451 165 105
92-1-1-0.05-50-0 1 2315 10 27 41 36 0.2533 0.0776 449 149
92-1-1-0.05-50-0 1 2315 36 19 117 18 0.8162 0.8072 165 134
92-1-1-0.05-50-0 1 2316 36 2 117 113 0.8162 0.8198 165 167
92-1-1-0.05-50-0 1 2316 14 26 64 102 0.8451 0.8171 105 141
92-1-1-0.05-50-0 1 2316 36 26 117 101 0.8162 0.8171 165 141
92-1-1-0.05-50-0 1 2316 36 37 117 58 0.8162 0.8481 165 127
92-1-1-0.05-50-0 1 2317 17 10 1 41 0.6398 0.2533 197 449
92-1-1-0.05-50-0 1 2317 36 2 113 114 0.8162 0.8198 165 167
92-1-1-0.05-50-0 1 2317 10 27 40 35 0.2533 0.0776 449 149
92-1-1-0.05-50-0 1 2317 14 13 64 144 0.8451 0.8878 105 151
92-1-1-0.05-50-0 1 2317 36 26 113 98 0.8162 0.8171 165 141
92-1-1-0.05-50-0 1 2317 36 2 113 113 0.8162 0.8198 165 167
92-1-1-0.05-50-0 1 2317 36 14 113 64 0.8162 0.8451 165 105
92-1-1-0.05-50-0 1 2317 36 2 113 112 0.8162 0.8198 165 167
92-1-1-0.05-50-0 1 2318 37 50 55 4 0.8481 0.2147 127 147
92-1-1-0.05-50-0 1 2318 10 27 39 32 0.2533 0.0776 449 149
92-1-1-0.05-50-0 1 2318 36 14 115 63 0.8162 0.8451 165 105
92-1-1-0.05-50-0 1 2318 37 50 55 3 0.8481 0.2147 127 147
92-1-1-0.05-50-0 1 2318 14 37 62 55 0.8451 0.8481 105 127
92-1-1-0.05-50-0 1 2319 36 19 121 13 0.8162 0.8072 165 134
92-1-1-0.05-50-0 1 2319 10 27 39 31 0.2533 0.0776 449 149
92-1-1-0.05-50-0 1 2319 10 27 39 30 0.2533 0.0776 449 149
92-1-1-0.05-50-0 1 2319 14 19 64 12 0.8451 0.8072 105 134
92-1-1-0.05-50-0 1 2319 14 2 64 113 0.8451 0.8198 105 167
92-1-1-0.05-50-0 1 2319 14 20 64 77 0.8451 0.9922 105 102
92-1-1-0.05-50-0 1 2319 40 15 46 2 0.9739 0.7918 104 149
92-1-1-0.05-50-0 1 2320 10 27 38 29 0.2533 0.0776 449 149
92-1-1-0.05-50-0 1 2320 14 25 66 114 0.8451 0.9430 105 125
92-1-1-0.05-50-0 1 2320 10 27 38 28 0.2533 0.0776 449 149
92-1-1-0.05-50-0 1 2320 14 2 66 112 0.8451 0.8198 105 167
92-1-1-0.05-50-0 1 2320 14 37 66 56 0.8451 0.8481 105 127
92-1-1-0.05-50-0 1 2320 36 43 123 74 0.8162 0.8316 165 123
92-1-1-0.05-50-0 1 2320 36 37 123 55 0.8162 0.8481 165 127
92-1-1-0.05-50-0 1 2321 36 14 118 66 0.8162 0.8451 165 105
92-1-1-0.05-50-0 1 2321 36 43 118 71 0.8162 0.8316 165 123
92-1-1-0.05-50-0 1 2321 19 17 11 1 0.8072 0.6398 134 197
92-1-1-0.05-50-0 1 2321 36 26 118 100 0.8162 0.8171 165 141
92-1-1-0.05-50-0 1 2321 36 43 118 70 0.8162 0.8316 165 123
92-1-1-0.05-50-0 1 2321 36 37 118 57 0.8162 0.8481 165 127
92-1-1-0.05-50-0 1 2321 36 14 118 65 0.8162 0.8451 165 105
92-1-1-0.05-50-0 1 2322 36 14 119 60 0.8162 0.8451 165 105
92-1-1-0.05-50-0 1 2322 14 36 59 119 0.8451 0.8162 105 165
92-1-1-0.05-50-0 1 2322 36 26 118 103 0.8162 0.8171 165 141
92-1-1-0.05-50-0 1 2322 10 27 42 27 0.2533 0.0776 449 149
92-1-1-0.05-50-0 1 2322 14 7 59 106 0.8451 0.9267 105 106
92-1-1-0.05-50-0 1 2322 14 2 59 110 0.8451 0.8198 105 167
92-1-1-0.05-50-0 1 2322 10 27 42 26 0.2533 0.0776 449 149
92-1-1-0.05-50-0 1 2323 36 37 122 57 0.8162 0.8481 165 127
92-1-1-0.05-50-0 1 2323 14 47 59 89 0.8451 0.9293 105 103
92-1-1-0.05-50-0 1 2323 14 47 59 88 0.8451 0.9293 105 103
92-1-1-0.05-50-0 1 2323 36 26 122 101 0.8162 0.8171 165 141
92-1-1-0.05-50-0 1 2323 14 2 59 110 0.8451 0.8198 105 167
92-1-1-0.05-50-0 1 2324 36 36 119 119 0.8162 0.8162 165 165
92-1-1-0.05-50-0 1 2324 10 27 41 27 0.2533 0.0776 449 149
92-1-1-0.05-50-0 1 2324 14 36 59 118 0.8451 0.8162 105 165
92-1-1-0.05-50-0 1 2325 2 38 115 1 0.8198 0.6163 167 270
92-1-1-0.05-50-0 1 2325 37 50 60 1 0.8481 0.2147 127 147
92-1-1-0.05-50-0 1 2325 36 36 116 116 0.8162 0.8162 165 165
92-1-1-0.05-50-0 1 2325 10 27 42 25 0.2533 0.0776 449 149
92-1-1-0.05-50-0 1 2326 36 2 116 113 0.8162 0.8198 165 167
92-1-1-0.05-50-0 1 2326 10 27 44 24 0.2533 0.0776 449 149
92-1-1-0.05-50-0 1 2326 19 19 14 14 0.8072 0.8072 134 134
92-1-1-0.05-50-0 1 2326 20 6 77 1 0.9922 0.4266 102 249
92-1-1-0.05-50-0 1 2326 14 13 64 145 0.8451 0.8878 105 151
92-1-1-0.05-50-0 1 2327 14 36 65 116 0.8451 0.8162 105 165
92-1-1-0.05-50-0 1 2328 36 2 112 121 0.8162 0.8198 165 167
92-1-1-0.05-50-0 1 2328 14 25 62 113 0.8451 0.9430 105 125
92-1-1-0.05-50-0 1 2328 36 14 112 62 0.8162 0.8451 165 105
92-1-1-0.05-50-0 1 2328 14 13 61 146 0.8451 0.8878 105 151
92-1-1-0.05-50-0 1 2328 14 26 61 103 0.8451 0.8171 105 141
92-1-1-0.05-50-0 1 2328 36 14 112 61 0.8162 0.8451 165 105
92-1-1-0.05-50-0 1 2329 14 7 61 106 0.8451 0.9267 105 106
92-1-1-0.05-50-0 1 2329 19 17 11 1 0.8072 0.6398 134 197
92-1-1-0.05-50-0 1 2330 2 32 123 1 0.8198 0.6514 167 215
92-1-1-0.05-50-0 1 2330 36 36 111 111 0.8162 0.8162 165 165
92-1-1-0.05-50-0 1 2330 36 43 110 79 0.8162 0.8316 165 123
92-1-1-0.05-50-0 1 2330 10 27 44 22 0.2533 0.0776 449 149
92-1-1-0.05-50-0 1 2330 14 43 66 78 0.8451 0.8316 105 123
92-1-1-0.05-50-0 1 2330 10 27 44 21 0.2533 0.0776 449 149
92-1-1-0.05-50-0 1 2330 14 37 66 66 0.8451 0.8481 105 127
92-1-1-0.05-50-0 1 2330 36 26 110 105 0.8162 0.8171 165 141
92-1-1-0.05-50-0 1 2331 36 14 111 67 0.8162 0.8451 165 105
92-1-1-0.05-50-0 1 2331 14 20 66 73 0.8451 0.9922 105 102
92-1-1-0.05-50-0 1 2331 36 26 111 103 0.8162 0.8171 165 141
92-1-1-0.05-50-0 1 2332 36 2 116 129 0.8162 0.8198 165 167
92-1-1-0.05-50-0 1 2332 36 14 116 68 0.8162 0.8451 165 105
92-1-1-0.05-50-0 1 2332 10 27 46 22 0.2533 0.0776 449 149
92-1-1-0.05-50-0 1 2332 36 26 116 105 0.8162 0.8171 165 141
92-1-1-0.05-50-0 1 2333 36 36 119 119 0.8162 0.8162 165 165
92-1-1-0.05-50-0 1 2333 36 14 118 61 0.8162 0.8451 165 105
92-1-1-0.05-50-0 1 2333 10 27 46 21 0.2533 0.0776 449 149
92-1-1-0.05-50-0 1 2333 36 2 118 130 0.8162 0.8198 165 167
92-1-1-0.05-50-0 1 2333 10 27 46 20 0.2533 0.0776 449 149
92-1-1-0.05-50-0 1 2333 14 20 60 69 0.8451 0.9922 105 102
92-1-1-0.05-50-0 1 2333 10 27 46 19 0.2533 0.0776 449 149
92-1-1-0.05-50-0 1 2333 36 26 118 97 0.8162 0.8171 165 141
92-1-1-0.05-50-0 1 2334 36 2 118 131 0.8162 0.8198 165 167
92-1-1-0.05-50-0 1 2334 14 7 60 97 0.8451 0.9267 105 106
92-1-1-0.05-50-0 1 2334 14 25 60 125 0.8451 0.9430 105 125
92-1-1-0.05-50-0 1 2334 36 26 118 96 0.8162 0.8171 165 141
92-1-1-0.05-50-0 1 2334 36 36 118 118 0.8162 0.8162 165 165
92-1-1-0.05-50-0 1 2334 10 27 48 18 0.2533 0.0776 449 149
92-1-1-0.05-50-0 1 2334 14 36 60 117 0.8451 0.8162 105 165
92-1-1-0.05-50-0 1 2335 14 13 58 150 0.8451 0.8878 105 151
92-1-1-0.05-50-0 1 2335 36 37 118 71 0.8162 0.8481 165 127
92-1-1-0.05-50-0 1 2335 14 20 58 67 0.8451 0.9922 105 102
92-1-1-0.05-50-0 1 2335 10 27 50 18 0.2533 0.0776 449 149
92-1-1-0.05-50-0 1 2335 37 49 70 1 0.8481 0.1842 127 136
92-1-1-0.05-50-0 1 2335 10 27 50 17 0.2533 0.0776 449 149
92-1-1-0.05-50-0 1 2335 14 25 58 124 0.8451 0.9430 105 125
92-1-1-0.05-50-0 1 2336 36 36 112 112 0.8162 0.8162 165 165
92-1-1-0.05-50-0 1 2336 36 36 111 111 0.8162 0.8162 165 165
92-1-1-0.05-50-0 1 2336 14 36 57 110 0.8451 0.8162 105 165
92-1-1-0.05-50-0 1 2336 26 28 99 1 0.8171 0.3846 141 311
92-1-1-0.05-50-0 1 2336 14 13 57 150 0.8451 0.8878 105 151
92-1-1-0.05-50-0 1 2336 36 26 109 99 0.8162 0.8171 165 141
92-1-1-0.05-50-0 1 2337 25 22 124 1 0.9430 0.0160 125 311
92-1-1-0.05-50-0 1 2337 36 26 109 98 0.8162 0.8171 165 141
92-1-1-0.05-50-0 1 2337 14 7 63 97 0.8451 0.9267 105 106
92-1-1-0.05-50-0 1 2337 15 10 1 50 0.7918 0.2533 149 449
92-1-1-0.05-50-0 1 2337 10 27 49 15 0.2533 0.0776 449 149
92-1-1-0.05-50-0 1 2338 37 49 70 1 0.8481 0.1842 127 136
92-1-1-0.05-50-0 1 2338 37 48 70 1 0.8481 0.1153 127 334
92-1-1-0.05-50-0 1 2338 41 5 45 2 0.9621 0.0007 105 226
92-1-1-0.05-50-0 1 2338 10 27 51 15 0.2533 0.0776 449 149
92-1-1-0.05-50-0 1 2338 10 27 51 14 0.2533 0.0776 449 149
92-1-1-0.05-50-0 1 2338 36 2 107 132 0.8162 0.8198 165 167
92-1-1-0.05-50-0 1 2339 10 27 51 13 0.2533 0.0776 449 149
92-1-1-0.05-50-0 1 2339 10 27 51 12 0.2533 0.0776 449 149
92-1-1-0.05-50-0 1 2339 14 26 60 99 0.8451 0.8171 105 141
92-1-1-0.05-50-0 1 2339 19 19 6 6 0.8072 0.8072 134 134
92-1-1-0.05-50-0 1 2339 36 36 107 107 0.8162 0.8162 165 165
92-1-1-0.05-50-0 1 2339 36 26 106 98 0.8162 0.8171 165 141
92-1-1-0.05-50-0 1 2340 14 2 64 128 0.8451 0.8198 105 167
92-1-1-0.05-50-0 1 2340 36 37 102 71 0.8162 0.8481 165 127
92-1-1-0.05-50-0 1 2340 36 14 102 64 0.8162 0.8451 165 105
92-1-1-0.05-50-0 1 2340 14 7 63 88 0.8451 0.9267 105 106
92-1-1-0.05-50-0 1 2341 26 21 105 1 0.8171 0.4184 141 158
92-1-1-0.05-50-0 1 2341 36 43 105 77 0.8162 0.8316 165 123
92-1-1-0.05-50-0 1 2341 36 36 105 105 0.8162 0.8162 165 165
92-1-1-0.05-50-0 1 2341 14 7 65 88 0.8451 0.9267 105 106
92-1-1-0.05-50-0 1 2342 14 13 68 151 0.8451 0.8878 105 151
92-1-1-0.05-50-0 1 2342 14 41 68 46 0.8451 0.9621 105 105
92-1-1-0.05-50-0 1 2342 14 2 68 122 0.8451 0.8198 105 167
92-1-1-0.05-50-0 1 2342 10 27 52 14 0.2533 0.0776 449 149
92-1-1-0.05-50-0 1 2343 14 37 66 74 0.8451 0.8481 105 127
92-1-1-0.05-50-0 1 2343 10 27 54 13 0.2533 0.0776 449 149
92-1-1-0.05-50-0 1 2343 14 7 66 90 0.8451 0.9267 105 106
92-1-1-0.05-50-0 1 2343 36 26 101 111 0.8162 0.8171 165 141
92-1-1-0.05-50-0 1 2343 1 10 3 54 0.2520 0.2533 409 449
92-1-1-0.05-50-0 1 2344 14 36 66 104 0.8451 0.8162 105 165
92-1-1-0.05-50-0 1 2344 41 5 52 2 0.9621 0.0007 105 226
92-1-1-0.05-50-0 1 2344 36 43 103 76 0.8162 0.8316 165 123
92-1-1-0.05-50-0 1 2345 20 3 74 1 0.9922 0.4813 102 321
92-1-1-0.05-50-0 1 2345 14 47 61 102 0.8451 0.9293 105 103
92-1-1-0.05-50-0 1 2345 10 27 55 13 0.2533 0.0776 449 149
92-1-1-0.05-50-0 1 2345 36 37 105 74 0.8162 0.8481 165 127
92-1-1-0.05-50-0 1 2345 36 2 105 120 0.8162 0.8198 165 167
92-1-1-0.05-50-0 1 2345 37 16 73 1 0.8481 0.2228 127 149
92-1-1-0.05-50-0 1 2345 20 45 74 2 0.9922 0.3816 102 173
92-1-1-0.05-50-0 1 2345 36 36 105 105 0.8162 0.8162 165 165
92-1-1-0.05-50-0 1 2345 26 45 113 1 0.8171 0.3816 141 173
92-1-1-0.05-50-0 1 2346 36 36 106 106 0.8162 0.8162 165 165
92-1-1-0.05-50-0 1 2347 36 36 106 106 0.8162 0.8162 165 165
92-1-1-0.05-50-0 1 2347 36 36 105 105 0.8162 0.8162 165 165
92-1-1-0.05-50-0 1 2348 36 14 106 62 0.8162 0.8451 165 105
92-1-1-0.05-50-0 1 2348 14 26 61 116 0.8451 0.8171 105 141
92-1-1-0.05-50-0 1 2348 36 26 106 115 0.8162 0.8171 165 141
92-1-1-0.05-50-0 1 2348 10 27 60 11 0.2533 0.0776 449 149
92-1-1-0.05-50-0 1 2348 36 26 106 114 0.8162 0.8171 165 141
92-1-1-0.05-50-0 1 2348 14 43 61 87 0.8451 0.8316 105 123
92-1-1-0.05-50-0 1 2348 20 33 76 1 0.9922 0.6893 102 191
92-1-1-0.05-50-0 1 2349 36 14 107 59 0.8162 0.8451 165 105
92-1-1-0.05-50-0 1 2349 19 19 5 5 0.8072 0.8072 134 134
92-1-1-0.05-50-0 1 2349 14 47 58 102 0.8451 0.9293 105 103
92-1-1-0.05-50-0 1 2349 36 36 107 107 0.8162 0.8162 165 165
92-1-1-0.05-50-0 1 2349 10 27 60 11 0.2533 0.0776 449 149
92-1-1-0.05-50-0 1 2350 36 2 102 115 0.8162 0.8198 165 167
92-1-1-0.05-50-0 1 2350 14 2 59 114 0.8451 0.8198 105 167
92-1-1-0.05-50-0 1 2350 10 27 59 12 0.2533 0.0776 449 149
92-1-1-0.05-50-0 1 2350 41 5 48 2 0.9621 0.0007 105 226
92-1-1-0.05-50-0 1 2351 14 43 60 85 0.8451 0.8316 105 123
92-1-1-0.05-50-0 1 2351 10 27 57 11 0.2533 0.0776 449 149
92-1-1-0.05-50-0 1 2351 36 26 102 117 0.8162 0.8171 165 141
92-1-1-0.05-50-0 1 2351 41 5 49 1 0.9621 0.0007 105 226
92-1-1-0.05-50-0 1 2351 14 25 60 123 0.8451 0.9430 105 125
92-1-1-0.05-50-0 1 2352 36 37 102 74 0.8162 0.8481 165 127
92-1-1-0.05-50-0 1 2352 36 26 102 118 0.8162 0.8171 165 141
92-1-1-0.05-50-0 1 2352 14 20 62 80 0.8451 0.9922 105 102
92-1-1-0.05-50-0 1 2352 36 36 102 102 0.8162 0.8162 165 165
92-1-1-0.05-50-0 1 2353 41 4 50 1 0.9621 0.0723 105 351
92-1-1-0.05-50-0 1 2353 20 33 77 1 0.9922 0.6893 102 191
92-1-1-0.05-50-0 1 2353 36 26 103 116 0.8162 0.8171 165 141
92-1-1-0.05-50-0 1 2353 36 26 103 115 0.8162 0.8171 165 141
92-1-1-0.05-50-0 1 2353 14 43 65 84 0.8451 0.8316 105 123
92-1-1-0.05-50-0 1 2353 36 2 103 120 0.8162 0.8198 165 167
92-1-1-0.05-50-0 1 2354 10 27 62 9 0.2533 0.0776 449 149
92-1-1-0.05-50-0 1 2354 14 36 64 106 0.8451 0.8162 105 165
92-1-1-0.05-50-0 1 2354 14 14 64 64 0.8451 0.8451 105 105
92-1-1-0.05-50-0 1 2354 14 41 63 51 0.8451 0.9621 105 105
92-1-1-0.05-50-0 1 2354 36 43 105 83 0.8162 0.8316 165 123
92-1-1-0.05-50-0 1 2354 41 11 50 2 0.9621 0.0504 105 384
92-1-1-0.05-50-0 1 2354 36 26 105 109 0.8162 0.8171 165 141
92-1-1-0.05-50-0 1 2354 36 2 105 116 0.8162 0.8198 165 167
92-1-1-0.05-50-0 1 2355 14 40 68 51 0.8451 0.9739 105 104
92-1-1-0.05-50-0 1 2355 14 26 68 109 0.8451 0.8171 105 141
92-1-1-0.05-50-0 1 2355 36 36 104 104 0.8162 0.8162 165 165
92-1-1-0.05-50-0 1 2355 10 27 63 7 0.2533 0.0776 449 149
92-1-1-0.05-50-0 1 2355 36 43 103 81 0.8162 0.8316 165 123
92-1-1-0.05-50-0 1 2355 14 13 68 151 0.8451 0.8878 105 151
92-1-1-0.05-50-0 1 2356 36 37 105 81 0.8162 0.8481 165 127
92-1-1-0.05-50-0 1 2356 36 26 105 105 0.8162 0.8171 165 141
92-1-1-0.05-50-0 1 2357 14 37 76 81 0.8451 0.8481 105 127
92-1-1-0.05-50-0 1 2357 14 13 76 151 0.8451 0.8878 105 151
92-1-1-0.05-50-0 1 2357 37 18 80 1 0.8481 0.2181 127 226
92-1-1-0.05-50-0 1 2357 14 47 76 93 0.8451 0.9293 105 103
92-1-1-0.05-50-0 1 2357 14 7 76 97 0.8451 0.9267 105 106
92-1-1-0.05-50-0 1 2357 36 43 108 83 0.8162 0.8316 165 123
92-1-1-0.05-50-0 1 2358 14 36 73 110 0.8451 0.8162 105 165
92-1-1-0.05-50-0 1 2358 36 26 109 101 0.8162 0.8171 165 141
92-1-1-0.05-50-0 1 2358 37 24 80 1 0.8481 0.1940 127 254
92-1-1-0.05-50-0 1 2358 36 26 109 100 0.8162 0.8171 165 141
92-1-1-0.05-50-0 1 2359 36 14 112 73 0.8162 0.8451 165 105
92-1-1-0.05-50-0 1 2359 14 7 72 94 0.8451 0.9267 105 106
92-1-1-0.05-50-0 1 2359 36 26 112 96 0.8162 0.8171 165 141
92-1-1-0.05-50-0 1 2359 36 26 112 95 0.8162 0.8171 165 141
92-1-1-0.05-50-0 1 2360 14 7 73 94 0.8451 0.9267 105 106
92-1-1-0.05-50-0 1 2360 14 36 73 111 0.8451 0.8162 105 165
92-1-1-0.05-50-0 1 2360 14 40 73 47 0.8451 0.9739 105 104
92-1-1-0.05-50-0 1 2360 36 36 110 110 0.8162 0.8162 165 165
92-1-1-0.05-50-0 1 2361 14 7 77 92 0.8451 0.9267 105 106
92-1-1-0.05-50-0 1 2361 37 24 83 1 0.8481 0.1940 127 254
92-1-1-0.05-50-0 1 2361 36 36 111 111 0.8162 0.8162 165 165
92-1-1-0.05-50-0 1 2361 19 19 6 6 0.8072 0.8072 134 134
92-1-1-0.05-50-0 1 2362 14 26 78 101 0.8451 0.8171 105 141
92-1-1-0.05-50-0 1 2362 36 43 104 79 0.8162 0.8316 165 123
92-1-1-0.05-50-0 1 2362 36 37 104 84 0.8162 0.8481 165 127
92-1-1-0.05-50-0 1 2362 14 2 78 127 0.8451 0.8198 105 167
92-1-1-0.05-50-0 1 2363 36 26 105 102 0.8162 0.8171 165 141
92-1-1-0.05-50-0 1 2363 14 13 75 150 0.8451 0.8878 105 151
92-1-1-0.05-50-0 1 2363 10 27 68 4 0.2533 0.0776 449 149
92-1-1-0.05-50-0 1 2363 37 39 83 1 0.8481 0.2187 127 309
92-1-1-0.05-50-0 1 2363 10 27 68 3 0.2533 0.0776 449 149
92-1-1-0.05-50-0 1 2363 36 2 105 129 0.8162 0.8198 165 167
92-1-1-0.05-50-0 1 2363 14 25 75 120 0.8451 0.9430 105 125
92-1-1-0.05-50-0 1 2364 14 14 77 77 0.8451 0.8451 105 105
92-1-1-0.05-50-0 1 2364 14 25 76 121 0.8451 0.9430 105 125
92-1-1-0.05-50-0 1 2364 36 26 109 103 0.8162 0.8171 165 141
92-1-1-0.05-50-0 1 2364 14 37 76 83 0.8451 0.8481 105 127
92-1-1-0.05-50-0 1 2364 14 36 76 109 0.8451 0.8162 105 165
92-1-1-0.05-50-0 1 2365 2 44 129 2 0.8198 0.7034 167 118
92-1-1-0.05-50-0 1 2365 43 24 85 1 0.8316 0.1940 123 254
92-1-1-0.05-50-0 1 2365 36 2 108 129 0.8162 0.8198 165 167
92-1-1-0.05-50-0 1 2365 14 26 76 103 0.8451 0.8171 105 141
92-1-1-0.05-50-0 1 2365 14 13 76 143 0.8451 0.8878 105 151
92-1-1-0.05-50-0 1 2365 14 13 76 142 0.8451 0.8878 105 151
92-1-1-0.05-50-0 1 2366 36 36 110 110 0.8162 0.8162 165 165
92-1-1-0.05-50-0 1 2366 20 28 74 1 0.9922 0.3846 102 311
92-1-1-0.05-50-0 1 2366 36 43 109 85 0.8162 0.8316 165 123
92-1-1-0.05-50-0 1 2366 14 20 74 74 0.8451 0.9922 105 102
92-1-1-0.05-50-0 1 2366 14 47 74 88 0.8451 0.9293 105 103
92-1-1-0.05-50-0 1 2366 36 14 109 74 0.8162 0.8451 165 105
92-1-1-0.05-50-0 1 2367 36 43 107 85 0.8162 0.8316 165 123
92-1-1-0.05-50-0 1 2367 14 13 71 139 0.8451 0.8878 105 151
92-1-1-0.05-50-0 1 2367 14 41 71 47 0.8451 0.9621 105 105
92-1-1-0.05-50-0 1 2367 36 36 107 107 0.8162 0.8162 165 165
92-1-1-0.05-50-0 1 2368 14 14 70 70 0.8451 0.8451 105 105
92-1-1-0.05-50-0 1 2368 36 36 107 107 0.8162 0.8162 165 165
92-1-1-0.05-50-0 1 2368 10 27 69 2 0.2533 0.0776 449 149
92-1-1-0.05-50-0 1 2368 36 26 106 93 0.8162 0.8171 165 141
92-1-1-0.05-50-0 1 2368 14 13 69 142 0.8451 0.8878 105 151
92-1-1-0.05-50-0 1 2369 36 43 106 83 0.8162 0.8316 165 123
92-1-1-0.05-50-0 1 2369 14 26 69 94 0.8451 0.8171 105 141
92-1-1-0.05-50-0 1 2369 14 40 69 43 0.8451 0.9739 105 104
92-1-1-0.05-50-0 1 2369 36 26 106 93 0.8162 0.8171 165 141
92-1-1-0.05-50-0 1 2369 36 26 106 92 0.8162 0.8171 165 141
92-1-1-0.05-50-0 1 2370 41 22 46 1 0.9621 0.0160 105 311
92-1-1-0.05-50-0 1 2370 14 20 69 74 0.8451 0.9922 105 102
92-1-1-0.05-50-0 1 2370 36 26 103 93 0.8162 0.8171 165 141
92-1-1-0.05-50-0 1 2370 36 2 103 116 0.8162 0.8198 165 167
92-1-1-0.05-50-0 1 2370 36 43 103 83 0.8162 0.8316 165 123
92-1-1-0.05-50-0 1 2370 36 14 103 69 0.8162 0.8451 165 105
92-1-1-0.05-50-0 1 2370 2 29 115 1 0.8198 0.6728 167 177
92-1-1-0.05-50-0 1 2371 14 41 71 48 0.8451 0.9621 105 105
92-1-1-0.05-50-0 1 2371 36 43 106 79 0.8162 0.8316 165 123
92-1-1-0.05-50-0 1 2371 36 26 106 97 0.8162 0.8171 165 141
92-1-1-0.05-50-0 1 2371 36 26 106 96 0.8162 0.8171 165 141
92-1-1-0.05-50-0 1 2372 1 10 6 79 0.2520 0.2533 409 449
92-1-1-0.05-50-0 1 2372 14 13 73 143 0.8451 0.8878 105 151
92-1-1-0.05-50-0 1 2372 14 13 73 142 0.8451 0.8878 105 151
92-1-1-0.05-50-0 1 2372 36 36 106 106 0.8162 0.8162 165 165
92-1-1-0.05-50-0 1 2372 36 26 105 93 0.8162 0.8171 165 141
92-1-1-0.05-50-0 1 2373 14 7 73 81 0.8451 0.9267 105 106
92-1-1-0.05-50-0 1 2373 14 26 73 87 0.8451 0.8171 105 141
92-1-1-0.05-50-0 1 2373 14 43 73 81 0.8451 0.8316 105 123
92-1-1-0.05-50-0 1 2373 36 14 104 73 0.8162 0.8451 165 105
92-1-1-0.05-50-0 1 2373 10 27 82 2 0.2533 0.0776 449 149
92-1-1-0.05-50-0 1 2374 14 36 70 101 0.8451 0.8162 105 165
92-1-1-0.05-50-0 1 2374 36 2 100 122 0.8162 0.8198 165 167
92-1-1-0.05-50-0 1 2374 14 25 70 125 0.8451 0.9430 105 125
92-1-1-0.05-50-0 1 2374 14 13 70 138 0.8451 0.8878 105 151
92-1-1-0.05-50-0 1 2374 36 2 100 121 0.8162 0.8198 165 167
92-1-1-0.05-50-0 1 2375 36 2 99 121 0.8162 0.8198 165 167
92-1-1-0.05-50-0 1 2375 36 36 99 99 0.8162 0.8162 165 165
92-1-1-0.05-50-0 1 2375 36 43 98 86 0.8162 0.8316 165 123
92-1-1-0.05-50-0 1 2376 36 36 100 100 0.8162 0.8162 165 165
92-1-1-0.05-50-0 1 2376 10 27 86 1 0.2533 0.0776 449 149
92-1-1-0.05-50-0 1 2376 14 37 68 85 0.8451 0.8481 105 127
92-1-1-0.05-50-0 1 2377 36 26 99 91 0.8162 0.8171 165 141
92-1-1-0.05-50-0 1 2377 36 26 99 90 0.8162 0.8171 165 141
92-1-1-0.05-50-0 1 2377 1 8 10 70 0.2520 0.2506 409 303
92-1-1-0.05-50-0 1 2377 36 36 99 99 0.8162 0.8162 165 165
92-1-1-0.05-50-0 1 2377 14 36 65 98 0.8451 0.8162 105 165
92-1-1-0.05-50-0 1 2378 14 13 65 141 0.8451 0.8878 105 151
92-1-1-0.05-50-0 1 2378 36 2 93 116 0.8162 0.8198 165 167
92-1-1-0.05-50-0 1 2378 36 36 93 93 0.8162 0.8162 165 165
92-1-1-0.05-50-0 1 2379 14 14 60 60 0.8451 0.8451 105 105
92-1-1-0.05-50-0 1 2379 36 2 93 113 0.8162 0.8198 165 167
92-1-1-0.05-50-0 1 2379 36 36 93 93 0.8162 0.8162 165 165
92-1-1-0.05-50-0 1 2379 25 35 125 1 0.9430 0.0354 125 158
92-1-1-0.05-50-0 1 2380 14 37 57 82 0.8451 0.8481 105 127
92-1-1-0.05-50-0 1 2380 36 36 92 92 0.8162 0.8162 165 165
92-1-1-0.05-50-0 1 2380 1 10 12 97 0.2520 0.2533 409 449
92-1-1-0.05-50-0 1 2380 14 14 57 57 0.8451 0.8451 105 105
92-1-1-0.05-50-0 1 2380 36 43 91 79 0.8162 0.8316 165 123
92-1-1-0.05-50-0 1 2381 20 44 78 1 0.9922 0.7034 102 118
92-1-1-0.05-50-0 1 2381 36 37 94 75 0.8162 0.8481 165 127
92-1-1-0.05-50-0 1 2381 14 43 61 80 0.8451 0.8316 105 123
92-1-1-0.05-50-0 1 2381 36 36 94 94 0.8162 0.8162 165 165
92-1-1-0.05-50-0 1 2381 36 43 93 79 0.8162 0.8316 165 123
92-1-1-0.05-50-0 1 2381 14 2 61 116 0.8451 0.8198 105 167
92-1-1-0.05-50-0 1 2382 36 36 94 94 0.8162 0.8162 165 165
92-1-1-0.05-50-0 1 2382 26 6 92 1 0.8171 0.4266 141 249
92-1-1-0.05-50-0 1 2382 14 20 62 76 0.8451 0.9922 105 102
92-1-1-0.05-50-0 1 2383 36 36 93 93 0.8162 0.8162 165 165
92-1-1-0.05-50-0 1 2383 36 14 92 63 0.8162 0.8451 165 105
92-1-1-0.05-50-0 1 2383 2 21 122 1 0.8198 0.4184 167 158
92-1-1-0.05-50-0 1 2384 41 5 53 2 0.9621 0.0007 105 226
92-1-1-0.05-50-0 1 2384 14 36 63 91 0.8451 0.8162 105 165
92-1-1-0.05-50-0 1 2384 41 5 53 1 0.9621 0.0007 105 226
92-1-1-0.05-50-0 1 2384 14 36 63 90 0.8451 0.8162 105 165
92-1-1-0.05-50-0 1 2384 36 14 89 63 0.8162 0.8451 165 105
92-1-1-0.05-50-0 1 2384 36 43 89 83 0.8162 0.8316 165 123
92-1-1-0.05-50-0 1 2384 36 36 89 89 0.8162 0.8162 165 165
92-1-1-0.05-50-0 1 2385 40 21 44 1 0.9739 0.4184 104 158
92-1-1-0.05-50-0 1 2385 14 20 60 78 0.8451 0.9922 105 102
92-1-1-0.05-50-0 1 2385 36 2 91 124 0.8162 0.8198 165 167
92-1-1-0.05-50-0 1 2385 36 36 91 91 0.8162 0.8162 165 165
92-1-1-0.05-50-0 1 2386 14 20 62 79 0.8451 0.9922 105 102
92-1-1-0.05-50-0 1 2386 36 37 93 83 0.8162 0.8481 165 127
92-1-1-0.05-50-0 1 2386 36 36 93 93 0.8162 0.8162 165 165
92-1-1-0.05-50-0 1 2386 36 43 92 79 0.8162 0.8316 165 123
92-1-1-0.05-50-0 1 2386 14 26 62 94 0.8451 0.8171 105 141
92-1-1-0.05-50-0 1 2387 14 2 65 124 0.8451 0.8198 105 167
92-1-1-0.05-50-0 1 2387 36 14 92 65 0.8162 0.8451 165 105
92-1-1-0.05-50-0 1 2388 20 33 76 1 0.9922 0.6893 102 191
92-1-1-0.05-50-0 1 2388 36 14 91 62 0.8162 0.8451 165 105
92-1-1-0.05-50-0 1 2389 36 36 93 93 0.8162 0.8162 165 165
92-1-1-0.05-50-0 1 2389 14 25 61 124 0.8451 0.9430 105 125
92-1-1-0.05-50-0 1 2389 36 2 92 125 0.8162 0.8198 165 167
92-1-1-0.05-50-0 1 2389 14 40 61 46 0.8451 0.9739 105 104
92-1-1-0.05-50-0 1 2390 14 43 61 79 0.8451 0.8316 105 123
92-1-1-0.05-50-0 1 2390 41 11 54 1 0.9621 0.0504 105 384
92-1-1-0.05-50-0 1 2390 36 26 96 101 0.8162 0.8171 165 141
92-1-1-0.05-50-0 1 2390 36 14 96 61 0.8162 0.8451 165 105
92-1-1-0.05-50-0 1 2391 36 26 94 100 0.8162 0.8171 165 141
92-1-1-0.05-50-0 1 2391 1 8 20 65 0.2520 0.2506 409 303
92-1-1-0.05-50-0 1 2392 14 37 54 78 0.8451 0.8481 105 127
92-1-1-0.05-50-0 1 2392 37 50 77 1 0.8481 0.2147 127 147
92-1-1-0.05-50-0 1 2392 1 10 20 99 0.2520 0.2533 409 449
92-1-1-0.05-50-0 1 2392 36 26 91 100 0.8162 0.8171 165 141
92-1-1-0.05-50-0 1 2393 36 26 94 99 0.8162 0.8171 165 141
92-1-1-0.05-50-0 1 2393 1 10 20 101 0.2520 0.2533 409 449
92-1-1-0.05-50-0 1 2393 36 37 94 78 0.8162 0.8481 165 127
92-1-1-0.05-50-0 1 2394 14 26 53 100 0.8451 0.8171 105 141
92-1-1-0.05-50-0 1 2394 25 22 125 1 0.9430 0.0160 125 311
92-1-1-0.05-50-0 1 2394 36 2 94 134 0.8162 0.8198 165 167
92-1-1-0.05-50-0 1 2394 36 37 94 76 0.8162 0.8481 165 127
92-1-1-0.05-50-0 1 2395 36 26 94 101 0.8162 0.8171 165 141
92-1-1-0.05-50-0 1 2395 36 37 94 79 0.8162 0.8481 165 127
92-1-1-0.05-50-0 1 2395 14 37 54 78 0.8451 0.8481 105 127
92-1-1-0.05-50-0 1 2395 36 14 94 54 0.8162 0.8451 165 105
92-1-1-0.05-50-0 1 2396 36 37 91 81 0.8162 0.8481 165 127
92-1-1-0.05-50-0 1 2396 36 43 91 79 0.8162 0.8316 165 123
92-1-1-0.05-50-0 1 2396 36 14 91 54 0.8162 0.8451 165 105
92-1-1-0.05-50-0 1 2397 1 10 24 109 0.2520 0.2533 409 449
92-1-1-0.05-50-0 1 2397 1 8 24 77 0.2520 0.2506 409 303
92-1-1-0.05-50-0 1 2397 36 43 91 74 0.8162 0.8316 165 123
92-1-1-0.05-50-0 1 2397 36 2 91 135 0.8162 0.8198 165 167
92-1-1-0.05-50-0 1 2397 7 31 79 1 0.9267 0.5626 106 252
92-1-1-0.05-50-0 1 2397 36 43 91 73 0.8162 0.8316 165 123
92-1-1-0.05-50-0 1 2398 43 49 71 1 0.8316 0.1842 123 136
92-1-1-0.05-50-0 1 2398 36 2 93 128 0.8162 0.8198 165 167
92-1-1-0.05-50-0 1 2399 1 10 26 108 0.2520 0.2533 409 449
92-1-1-0.05-50-0 1 2399 40 34 29 1 0.9739 0.7448 104 168
92-1-1-0.05-50-0 1 2399 36 2 95 130 0.8162 0.8198 165 167
92-1-1-0.05-50-0 1 2399 36 2 95 129 0.8162 0.8198 165 167
92-1-1-0.05-50-0 1 2399 36 43 95 75 0.8162 0.8316 165 123
92-1-1-0.05-50-0 1 2399 14 43 55 74 0.8451 0.8316 105 123
92-1-1-0.05-50-0 1 2399 14 14 55 55 0.8451 0.8451 105 105
92-1-1-0.05-50-0 1 2399 1 10 26 107 0.2520 0.2533 409 449
92-1-1-0.05-50-0 1 2400 14 7 56 87 0.8451 0.9267 105 106
92-1-1-0.05-50-0 1 2400 1 1 27 27 0.2520 0.2520 409 409
92-1-1-0.05-50-0 1 2401 2 33 133 2 0.8198 0.6893 167 191
92-1-1-0.05-50-0 1 2401 1 8 27 87 0.2520 0.2506 409 303
92-1-1-0.05-50-0 1 2401 14 2 58 133 0.8451 0.8198 105 167
92-1-1-0.05-50-0 1 2402 36 43 95 78 0.8162 0.8316 165 123
92-1-1-0.05-50-0 1 2402 14 43 55 77 0.8451 0.8316 105 123
92-1-1-0.05-50-0 1 2402 14 13 55 151 0.8451 0.8878 105 151
92-1-1-0.05-50-0 1 2402 36 26 95 87 0.8162 0.8171 165 141
92-1-1-0.05-50-0 1 2402 14 26 55 86 0.8451 0.8171 105 141
92-1-1-0.05-50-0 1 2403 36 14 96 54 0.8162 0.8451 165 105
92-1-1-0.05-50-0 1 2403 14 41 53 52 0.8451 0.9621 105 105
92-1-1-0.05-50-0 1 2403 40 3 34 1 0.9739 0.4813 104 321
92-1-1-0.05-50-0 1 2403 14 2 53 137 0.8451 0.8198 105 167
92-1-1-0.05-50-0 1 2403 2 33 136 1 0.8198 0.6893 167 191
92-1-1-0.05-50-0 1 2404 36 14 98 56 0.8162 0.8451 165 105
92-1-1-0.05-50-0 1 2404 36 14 98 55 0.8162 0.8451 165 105
92-1-1-0.05-50-0 1 2405 36 37 99 80 0.8162 0.8481 165 127
92-1-1-0.05-50-0 1 2405 14 37 58 79 0.8451 0.8481 105 127
92-1-1-0.05-50-0 1 2405 36 37 99 78 0.8162 0.8481 165 127
92-1-1-0.05-50-0 1 2405 1 10 23 107 0.2520 0.2533 409 449
92-1-1-0.05-50-0 1 2405 14 37 58 77 0.8451 0.8481 105 127
92-1-1-0.05-50-0 1 2406 14 7 61 89 0.8451 0.9267 105 106
92-1-1-0.05-50-0 1 2406 36 2 100 137 0.8162 0.8198 165 167
92-1-1-0.05-50-0 1 2406 14 13 61 146 0.8451 0.8878 105 151
92-1-1-0.05-50-0 1 2407 36 36 100 100 0.8162 0.8162 165 165
92-1-1-0.05-50-0 1 2407 40 34 34 1 0.9739 0.7448 104 168
92-1-1-0.05-50-0 1 2408 14 47 62 84 0.8451 0.9293 105 103
92-1-1-0.05-50-0 1 2408 36 36 102 102 0.8162 0.8162 165 165
92-1-1-0.05-50-0 1 2408 36 2 101 137 0.8162 0.8198 165 167
92-1-1-0.05-50-0 1 2408 20 17 85 1 0.9922 0.6398 102 197
92-1-1-0.05-50-0 1 2408 1 8 25 90 0.2520 0.2506 409 303
92-1-1-0.05-50-0 1 2409 36 36 99 99 0.8162 0.8162 165 165
92-1-1-0.05-50-0 1 2409 36 36 98 98 0.8162 0.8162 165 165
92-1-1-0.05-50-0 1 2409 20 31 83 1 0.9922 0.5626 102 252
92-1-1-0.05-50-0 1 2409 14 14 62 62 0.8451 0.8451 105 105
92-1-1-0.05-50-0 1 2410 36 43 95 79 0.8162 0.8316 165 123
92-1-1-0.05-50-0 1 2410 36 14 95 62 0.8162 0.8451 165 105
92-1-1-0.05-50-0 1 2410 14 37 61 75 0.8451 0.8481 105 127
92-1-1-0.05-50-0 1 2410 14 2 61 141 0.8451 0.8198 105 167
92-1-1-0.05-50-0 1 2410 36 2 95 140 0.8162 0.8198 165 167
92-1-1-0.05-50-0 1 2410 36 43 95 78 0.8162 0.8316 165 123
92-1-1-0.05-50-0 1 2411 26 46 86 1 0.8171 0.3451 141 327
92-1-1-0.05-50-0 1 2411 14 14 63 63 0.8451 0.8451 105 105
92-1-1-0.05-50-0 1 2411 36 26 92 86 0.8162 0.8171 165 141
92-1-1-0.05-50-0 1 2411 1 8 29 89 0.2520 0.2506 409 303
92-1-1-0.05-50-0 1 2412 14 26 62 88 0.8451 0.8171 105 141
92-1-1-0.05-50-0 1 2412 36 14 96 62 0.8162 0.8451 165 105
92-1-1-0.05-50-0 1 2412 14 25 61 116 0.8451 0.9430 105 125
92-1-1-0.05-50-0 1 2413 36 2 96 142 0.8162 0.8198 165 167
92-1-1-0.05-50-0 1 2413 36 37 96 68 0.8162 0.8481 165 127
92-1-1-0.05-50-0 1 2413 36 26 96 87 0.8162 0.8171 165 141
92-1-1-0.05-50-0 1 2414 14 37 61 65 0.8451 0.8481 105 127
92-1-1-0.05-50-0 1 2414 14 37 61 64 0.8451 0.8481 105 127
92-1-1-0.05-50-0 1 2415 40 42 32 2 0.9739 0.7447 104 106
92-1-1-0.05-50-0 1 2415 14 25 60 118 0.8451 0.9430 105 125
92-1-1-0.05-50-0 1 2415 2 44 151 1 0.8198 0.7034 167 118
92-1-1-0.05-50-0 1 2415 36 37 93 57 0.8162 0.8481 165 127
92-1-1-0.05-50-0 1 2415 36 26 93 85 0.8162 0.8171 165 141
92-1-1-0.05-50-0 1 2415 1 8 29 98 0.2520 0.2506 409 303
92-1-1-0.05-50-0 1 2416 1 10 29 115 0.2520 0.2533 409 449
92-1-1-0.05-50-0 1 2416 14 7 63 85 0.8451 0.9267 105 106
92-1-1-0.05-50-0 1 2416 14 25 63 117 0.8451 0.9430 105 125
92-1-1-0.05-50-0 1 2416 14 40 63 31 0.8451 0.9739 105 104
92-1-1-0.05-50-0 1 2416 36 36 95 95 0.8162 0.8162 165 165
92-1-1-0.05-50-0 1 2417 36 2 97 145 0.8162 0.8198 165 167
92-1-1-0.05-50-0 1 2417 36 36 97 97 0.8162 0.8162 165 165
92-1-1-0.05-50-0 1 2417 20 9 75 1 0.9922 0.6134 102 161
92-1-1-0.05-50-0 1 2417 36 14 96 63 0.8162 0.8451 165 105
92-1-1-0.05-50-0 1 2417 10 27 116 2 0.2533 0.0776 449 149
92-1-1-0.05-50-0 1 2417 14 2 62 144 0.8451 0.8198 105 167
92-1-1-0.05-50-0 1 2418 2 32 144 1 0.8198 0.6514 167 215
92-1-1-0.05-50-0 1 2418 41 4 52 1 0.9621 0.0723 105 351
92-1-1-0.05-50-0 1 2418 14 26 62 78 0.8451 0.8171 105 141
92-1-1-0.05-50-0 1 2418 14 25 62 116 0.8451 0.9430 105 125
92-1-1-0.05-50-0 1 2418 10 27 111 1 0.2533 0.0776 449 149
92-1-1-0.05-50-0 1 2418 14 14 62 62 0.8451 0.8451 105 105
92-1-1-0.05-50-0 1 2418 36 2 97 144 0.8162 0.8198 165 167
92-1-1-0.05-50-0 1 2419 14 37 65 53 0.8451 0.8481 105 127
92-1-1-0.05-50-0 1 2419 14 43 65 85 0.8451 0.8316 105 123
92-1-1-0.05-50-0 1 2419 1 10 35 116 0.2520 0.2533 409 449
92-1-1-0.05-50-0 1 2419 36 2 97 146 0.8162 0.8198 165 167
92-1-1-0.05-50-0 1 2420 36 43 93 85 0.8162 0.8316 165 123
92-1-1-0.05-50-0 1 2420 36 36 93 93 0.8162 0.8162 165 165
92-1-1-0.05-50-0 1 2421 14 25 66 118 0.8451 0.9430 105 125
92-1-1-0.05-50-0 1 2421 14 13 66 151 0.8451 0.8878 105 151
92-1-1-0.05-50-0 1 2421 14 40 66 29 0.8451 0.9739 105 104
92-1-1-0.05-50-0 1 2422 2 31 143 2 0.8198 0.5626 167 252
92-1-1-0.05-50-0 1 2422 36 43 101 86 0.8162 0.8316 165 123
92-1-1-0.05-50-0 1 2422 36 2 101 143 0.8162 0.8198 165 167
92-1-1-0.05-50-0 1 2422 14 47 67 95 0.8451 0.9293 105 103
92-1-1-0.05-50-0 1 2423 36 26 101 70 0.8162 0.8171 165 141
92-1-1-0.05-50-0 1 2423 36 2 101 146 0.8162 0.8198 165 167
92-1-1-0.05-50-0 1 2423 1 8 36 108 0.2520 0.2506 409 303
92-1-1-0.05-50-0 1 2423 36 2 101 145 0.8162 0.8198 165 167
92-1-1-0.05-50-0 1 2424 1 10 37 115 0.2520 0.2533 409 449
92-1-1-0.05-50-0 1 2424 1 8 37 106 0.2520 0.2506 409 303
92-1-1-0.05-50-0 1 2424 1 10 37 114 0.2520 0.2533 409 449
92-1-1-0.05-50-0 1 2424 2 31 141 1 0.8198 0.5626 167 252
92-1-1-0.05-50-0 1 2424 36 26 104 68 0.8162 0.8171 165 141
92-1-1-0.05-50-0 1 2424 36 14 104 68 0.8162 0.8451 165 105
92-1-1-0.05-50-0 1 2425 14 13 66 151 0.8451 0.8878 105 151
92-1-1-0.05-50-0 1 2425 14 25 66 125 0.8451 0.9430 105 125
92-1-1-0.05-50-0 1 2425 20 38 75 1 0.9922 0.6163 102 270
92-1-1-0.05-50-0 1 2425 14 20 66 75 0.8451 0.9922 105 102
92-1-1-0.05-50-0 1 2425 36 2 103 141 0.8162 0.8198 165 167
92-1-1-0.05-50-0 1 2425 20 17 74 1 0.9922 0.6398 102 197
92-1-1-0.05-50-0 1 2425 36 36 103 103 0.8162 0.8162 165 165
92-1-1-0.05-50-0 1 2426 14 13 68 142 0.8451 0.8878 105 151
92-1-1-0.05-50-0 1 2426 36 26 101 64 0.8162 0.8171 165 141
92-1-1-0.05-50-0 1 2426 36 37 101 46 0.8162 0.8481 165 127
92-1-1-0.05-50-0 1 2426 36 2 101 143 0.8162 0.8198 165 167
92-1-1-0.05-50-0 1 2426 36 37 101 45 0.8162 0.8481 165 127
92-1-1-0.05-50-0 1 2426 36 14 101 68 0.8162 0.8451 165 105
92-1-1-0.05-50-0 1 2426 36 2 101 142 0.8162 0.8198 165 167
92-1-1-0.05-50-0 1 2426 14 13 67 141 0.8451 0.8878 105 151
92-1-1-0.05-50-0 1 2426 14 26 67 63 0.8451 0.8171 105 141
92-1-1-0.05-50-0 1 2427 36 36 104 104 0.8162 0.8162 165 165
92-1-1-0.05-50-0 1 2427 1 10 35 121 0.2520 0.2533 409 449
92-1-1-0.05-50-0 1 2427 1 8 35 110 0.2520 0.2506 409 303
92-1-1-0.05-50-0 1 2427 14 26 62 62 0.8451 0.8171 105 141
92-1-1-0.05-50-0 1 2427 41 35 51 1 0.9621 0.0354 105 158
92-1-1-0.05-50-0 1 2427 37 39 44 2 0.8481 0.2187 127 309
92-1-1-0.05-50-0 1 2427 36 36 103 103 0.8162 0.8162 165 165
92-1-1-0.05-50-0 1 2428 36 37 106 45 0.8162 0.8481 165 127
92-1-1-0.05-50-0 1 2428 36 43 106 105 0.8162 0.8316 165 123
92-1-1-0.05-50-0 1 2428 36 37 106 44 0.8162 0.8481 165 127
92-1-1-0.05-50-0 1 2428 14 41 64 51 0.8451 0.9621 105 105
92-1-1-0.05-50-0 1 2428 36 2 106 139 0.8162 0.8198 165 167
92-1-1-0.05-50-0 1 2429 40 17 30 1 0.9739 0.6398 104 197
92-1-1-0.05-50-0 1 2429 36 2 105 139 0.8162 0.8198 165 167
92-1-1-0.05-50-0 1 2429 36 36 105 105 0.8162 0.8162 165 165
92-1-1-0.05-50-0 1 2429 36 36 104 104 0.8162 0.8162 165 165
92-1-1-0.05-50-0 1 2430 36 2 109 139 0.8162 0.8198 165 167
92-1-1-0.05-50-0 1 2430 14 2 65 138 0.8451 0.8198 105 167
92-1-1-0.05-50-0 1 2430 1 8 37 109 0.2520 0.2506 409 303
92-1-1-0.05-50-0 1 2430 1 8 37 108 0.2520 0.2506 409 303
92-1-1-0.05-50-0 1 2430 36 2 109 137 0.8162 0.8198 165 167
92-1-1-0.05-50-0 1 2430 36 26 109 65 0.8162 0.8171 165 141
92-1-1-0.05-50-0 1 2431 36 2 110 138 0.8162 0.8198 165 167
92-1-1-0.05-50-0 1 2431 14 36 66 110 0.8451 0.8162 105 165
92-1-1-0.05-50-0 1 2431 1 10 36 119 0.2520 0.2533 409 449
92-1-1-0.05-50-0 1 2431 14 13 66 134 0.8451 0.8878 105 151
92-1-1-0.05-50-0 1 2432 36 26 111 66 0.8162 0.8171 165 141
92-1-1-0.05-50-0 1 2432 14 19 67 3 0.8451 0.8072 105 134
92-1-1-0.05-50-0 1 2432 36 43 111 103 0.8162 0.8316 165 123
92-1-1-0.05-50-0 1 2432 14 14 67 67 0.8451 0.8451 105 105
92-1-1-0.05-50-0 1 2432 36 43 111 102 0.8162 0.8316 165 123
92-1-1-0.05-50-0 1 2432 36 36 111 111 0.8162 0.8162 165 165
92-1-1-0.05-50-0 1 2432 40 30 31 1 0.9739 0.6008 104 266
92-1-1-0.05-50-0 1 2432 14 7 66 93 0.8451 0.9267 105 106
92-1-1-0.05-50-0 1 2433 36 2 111 141 0.8162 0.8198 165 167
92-1-1-0.05-50-0 1 2433 36 2 111 140 0.8162 0.8198 165 167
92-1-1-0.05-50-0 1 2433 36 26 111 69 0.8162 0.8171 165 141
92-1-1-0.05-50-0 1 2434 36 2 110 135 0.8162 0.8198 165 167
92-1-1-0.05-50-0 1 2434 36 2 110 134 0.8162 0.8198 165 167
92-1-1-0.05-50-0 1 2434 14 26 66 69 0.8451 0.8171 105 141
92-1-1-0.05-50-0 1 2434 20 29 73 2 0.9922 0.6728 102 177
92-1-1-0.05-50-0 1 2434 14 37 66 39 0.8451 0.8481 105 127
92-1-1-0.05-50-0 1 2434 36 26 110 68 0.8162 0.8171 165 141
92-1-1-0.05-50-0 1 2435 1 8 33 121 0.2520 0.2506 409 303
92-1-1-0.05-50-0 1 2435 36 36 112 112 0.8162 0.8162 165 165
92-1-1-0.05-50-0 1 2435 36 37 111 38 0.8162 0.8481 165 127
92-1-1-0.05-50-0 1 2435 36 2 111 135 0.8162 0.8198 165 167
92-1-1-0.05-50-0 1 2435 36 14 111 63 0.8162 0.8451 165 105
92-1-1-0.05-50-0 1 2435 36 37 111 37 0.8162 0.8481 165 127
92-1-1-0.05-50-0 1 2436 36 36 115 115 0.8162 0.8162 165 165
92-1-1-0.05-50-0 1 2436 14 7 65 89 0.8451 0.9267 105 106
92-1-1-0.05-50-0 1 2436 36 26 114 73 0.8162 0.8171 165 141
92-1-1-0.05-50-0 1 2436 36 26 114 72 0.8162 0.8171 165 141
92-1-1-0.05-50-0 1 2437 36 37 113 36 0.8162 0.8481 165 127
92-1-1-0.05-50-0 1 2437 7 31 86 1 0.9267 0.5626 106 252
92-1-1-0.05-50-0 1 2438 14 2 68 133 0.8451 0.8198 105 167
92-1-1-0.05-50-0 1 2438 36 2 115 132 0.8162 0.8198 165 167
92-1-1-0.05-50-0 1 2438 36 2 115 131 0.8162 0.8198 165 167
92-1-1-0.05-50-0 1 2438 36 2 115 130 0.8162 0.8198 165 167
92-1-1-0.05-50-0 1 2438 36 36 115 115 0.8162 0.8162 165 165
92-1-1-0.05-50-0 1 2439 14 36 69 115 0.8451 0.8162 105 165
92-1-1-0.05-50-0 1 2439 20 29 69 1 0.9922 0.6728 102 177
92-1-1-0.05-50-0 1 2439 14 26 69 70 0.8451 0.8171 105 141
92-1-1-0.05-50-0 1 2439 1 8 31 126 0.2520 0.2506 409 303
92-1-1-0.05-50-0 1 2439 36 2 114 133 0.8162 0.8198 165 167
92-1-1-0.05-50-0 1 2439 14 20 69 69 0.8451 0.9922 105 102
92-1-1-0.05-50-0 1 2439 36 14 114 69 0.8162 0.8451 165 105
92-1-1-0.05-50-0 1 2439 36 2 114 132 0.8162 0.8198 165 167
92-1-1-0.05-50-0 1 2440 36 43 115 108 0.8162 0.8316 165 123
92-1-1-0.05-50-0 1 2440 14 37 67 36 0.8451 0.8481 105 127
92-1-1-0.05-50-0 1 2440 14 13 67 133 0.8451 0.8878 105 151
92-1-1-0.05-50-0 1 2440 14 14 67 67 0.8451 0.8451 105 105
92-1-1-0.05-50-0 1 2440 36 26 115 65 0.8162 0.8171 165 141
92-1-1-0.05-50-0 1 2440 1 10 32 126 0.2520 0.2533 409 449
92-1-1-0.05-50-0 1 2441 25 22 125 1 0.9430 0.0160 125 311
92-1-1-0.05-50-0 1 2441 1 10 31 128 0.2520 0.2533 409 449
92-1-1-0.05-50-0 1 2441 36 43 113 106 0.8162 0.8316 165 123
92-1-1-0.05-50-0 1 2442 36 43 112 113 0.8162 0.8316 165 123
92-1-1-0.05-50-0 1 2442 1 1 32 32 0.2520 0.2520 409 409
92-1-1-0.05-50-0 1 2442 36 26 112 64 0.8162 0.8171 165 141
92-1-1-0.05-50-0 1 2442 14 25 61 125 0.8451 0.9430 105 125
92-1-1-0.05-50-0 1 2443 1 10 32 124 0.2520 0.2533 409 449
92-1-1-0.05-50-0 1 2444 36 36 114 114 0.8162 0.8162 165 165
92-1-1-0.05-50-0 1 2444 14 40 64 40 0.8451 0.9739 105 104
92-1-1-0.05-50-0 1 2444 1 8 31 137 0.2520 0.2506 409 303
92-1-1-0.05-50-0 1 2444 36 36 113 113 0.8162 0.8162 165 165
92-1-1-0.05-50-0 1 2445 14 13 63 131 0.8451 0.8878 105 151
92-1-1-0.05-50-0 1 2445 36 14 116 63 0.8162 0.8451 165 105
92-1-1-0.05-50-0 1 2445 36 36 116 116 0.8162 0.8162 165 165
92-1-1-0.05-50-0 1 2446 14 20 64 64 0.8451 0.9922 105 102
92-1-1-0.05-50-0 1 2446 14 26 64 60 0.8451 0.8171 105 141
92-1-1-0.05-50-0 1 2446 36 2 114 131 0.8162 0.8198 165 167
92-1-1-0.05-50-0 1 2446 36 2 114 130 0.8162 0.8198 165 167
92-1-1-0.05-50-0 1 2447 20 6 65 1 0.9922 0.4266 102 249
92-1-1-0.05-50-0 1 2447 1 10 35 123 0.2520 0.2533 409 449
92-1-1-0.05-50-0 1 2448 36 43 117 118 0.8162 0.8316 165 123
92-1-1-0.05-50-0 1 2448 36 36 117 117 0.8162 0.8162 165 165
92-1-1-0.05-50-0 1 2448 14 47 68 95 0.8451 0.9293 105 103
92-1-1-0.05-50-0 1 2448 36 26 116 57 0.8162 0.8171 165 141
92-1-1-0.05-50-0 1 2449 36 2 120 123 0.8162 0.8198 165 167
92-1-1-0.05-50-0 1 2449 40 15 35 2 0.9739 0.7918 104 149
92-1-1-0.05-50-0 1 2449 14 25 69 120 0.8451 0.9430 105 125
92-1-1-0.05-50-0 1 2449 14 25 69 119 0.8451 0.9430 105 125
92-1-1-0.05-50-0 1 2449 14 26 69 60 0.8451 0.8171 105 141
92-1-1-0.05-50-0 1 2449 36 26 120 59 0.8162 0.8171 165 141
92-1-1-0.05-50-0 1 2449 14 47 69 94 0.8451 0.9293 105 103
92-1-1-0.05-50-0 1 2450 36 2 121 120 0.8162 0.8198 165 167
92-1-1-0.05-50-0 1 2450 14 2 65 119 0.8451 0.8198 105 167
92-1-1-0.05-50-0 1 2450 1 8 36 152 0.2520 0.2506 409 303
92-1-1-0.05-50-0 1 2451 36 36 126 126 0.8162 0.8162 165 165
92-1-1-0.05-50-0 1 2452 14 43 65 123 0.8451 0.8316 105 123
92-1-1-0.05-50-0 1 2452 36 26 125 65 0.8162 0.8171 165 141
92-1-1-0.05-50-0 1 2452 36 37 125 46 0.8162 0.8481 165 127
92-1-1-0.05-50-0 1 2452 36 37 125 45 0.8162 0.8481 165 127
92-1-1-0.05-50-0 1 2452 20 46 60 2 0.9922 0.3451 102 327
92-1-1-0.05-50-0 1 2453 14 36 64 126 0.8451 0.8162 105 165
92-1-1-0.05-50-0 1 2453 36 2 125 113 0.8162 0.8198 165 167
92-1-1-0.05-50-0 1 2453 36 2 125 112 0.8162 0.8198 165 167
92-1-1-0.05-50-0 1 2453 36 43 125 118 0.8162 0.8316 165 123
92-1-1-0.05-50-0 1 2453 36 26 125 65 0.8162 0.8171 165 141
92-1-1-0.05-50-0 1 2454 14 20 63 62 0.8451 0.9922 105 102
92-1-1-0.05-50-0 1 2454 36 2 124 113 0.8162 0.8198 165 167
92-1-1-0.05-50-0 1 2454 1 8 38 158 0.2520 0.2506 409 303
92-1-1-0.05-50-0 1 2454 40 21 35 1 0.9739 0.4184 104 158
92-1-1-0.05-50-0 1 2455 36 37 122 48 0.8162 0.8481 165 127
92-1-1-0.05-50-0 1 2455 36 14 122 63 0.8162 0.8451 165 105
92-1-1-0.05-50-0 1 2455 1 10 39 129 0.2520 0.2533 409 449
92-1-1-0.05-50-0 1 2455 1 8 39 162 0.2520 0.2506 409 303
92-1-1-0.05-50-0 1 2456 1 8 39 166 0.2520 0.2506 409 303
92-1-1-0.05-50-0 1 2456 1 1 39 39 0.2520 0.2520 409 409
92-1-1-0.05-50-0 1 2456 36 14 124 63 0.8162 0.8451 165 105
92-1-1-0.05-50-0 1 2456 36 14 124 62 0.8162 0.8451 165 105
92-1-1-0.05-50-0 1 2456 36 37 124 50 0.8162 0.8481 165 127
92-1-1-0.05-50-0 1 2456 36 36 124 124 0.8162 0.8162 165 165
92-1-1-0.05-50-0 1 2456 1 10 38 130 0.2520 0.2533 409 449
92-1-1-0.05-50-0 1 2457 1 1 37 37 0.2520 0.2520 409 409
92-1-1-0.05-50-0 1 2458 36 2 121 115 0.8162 0.8198 165 167
92-1-1-0.05-50-0 1 2458 1 8 38 165 0.2520 0.2506 409 303
92-1-1-0.05-50-0 1 2458 20 46 62 1 0.9922 0.3451 102 327
92-1-1-0.05-50-0 1 2459 36 14 119 65 0.8162 0.8451 165 105
92-1-1-0.05-50-0 1 2459 43 12 117 1 0.8316 0.1896 123 325
92-1-1-0.05-50-0 1 2459 36 14 119 64 0.8162 0.8451 165 105
92-1-1-0.05-50-0 1 2459 36 43 119 117 0.8162 0.8316 165 123
92-1-1-0.05-50-0 1 2460 1 8 43 169 0.2520 0.2506 409 303
92-1-1-0.05-50-0 1 2460 36 36 120 120 0.8162 0.8162 165 165
92-1-1-0.05-50-0 1 2460 14 13 64 151 0.8451 0.8878 105 151
92-1-1-0.05-50-0 1 2461 37 50 44 1 0.8481 0.2147 127 147
92-1-1-0.05-50-0 1 2461 36 36 122 122 0.8162 0.8162 165 165
92-1-1-0.05-50-0 1 2461 36 36 121 121 0.8162 0.8162 165 165
92-1-1-0.05-50-0 1 2461 14 36 64 120 0.8451 0.8162 105 165
92-1-1-0.05-50-0 1 2462 14 25 65 125 0.8451 0.9430 105 125
92-1-1-0.05-50-0 1 2462 14 14 65 65 0.8451 0.8451 105 105
92-1-1-0.05-50-0 1 2462 14 41 64 61 0.8451 0.9621 105 105
92-1-1-0.05-50-0 1 2462 1 8 45 174 0.2520 0.2506 409 303
92-1-1-0.05-50-0 1 2462 1 10 45 134 0.2520 0.2533 409 449
92-1-1-0.05-50-0 1 2462 1 8 45 173 0.2520 0.2506 409 303
92-1-1-0.05-50-0 1 2462 36 26 127 76 0.8162 0.8171 165 141
92-1-1-0.05-50-0 1 2463 37 23 44 2 0.8481 0.1698 127 476
92-1-1-0.05-50-0 1 2463 14 26 66 79 0.8451 0.8171 105 141
92-1-1-0.05-50-0 1 2463 36 43 128 110 0.8162 0.8316 165 123
92-1-1-0.05-50-0 1 2463 36 26 128 78 0.8162 0.8171 165 141
92-1-1-0.05-50-0 1 2464 41 11 54 1 0.9621 0.0504 105 384
92-1-1-0.05-50-0 1 2464 14 13 70 151 0.8451 0.8878 105 151
92-1-1-0.05-50-0 1 2464 14 2 70 120 0.8451 0.8198 105 167
92-1-1-0.05-50-0 1 2464 1 8 44 181 0.2520 0.2506 409 303
92-1-1-0.05-50-0 1 2464 36 2 128 119 0.8162 0.8198 165 167
92-1-1-0.05-50-0 1 2464 36 26 128 74 0.8162 0.8171 165 141
92-1-1-0.05-50-0 1 2464 36 43 128 109 0.8162 0.8316 165 123
92-1-1-0.05-50-0 1 2464 14 47 70 102 0.8451 0.9293 105 103
92-1-1-0.05-50-0 1 2464 1 10 44 131 0.2520 0.2533 409 449
92-1-1-0.05-50-0 1 2464 36 36 128 128 0.8162 0.8162 165 165
92-1-1-0.05-50-0 1 2465 14 36 71 130 0.8451 0.8162 105 165
92-1-1-0.05-50-0 1 2465 14 43 71 109 0.8451 0.8316 105 123
92-1-1-0.05-50-0 1 2465 36 26 129 71 0.8162 0.8171 165 141
92-1-1-0.05-50-0 1 2465 36 36 129 129 0.8162 0.8162 165 165
92-1-1-0.05-50-0 1 2465 36 2 128 120 0.8162 0.8198 165 167
92-1-1-0.05-50-0 1 2465 36 14 128 71 0.8162 0.8451 165 105
92-1-1-0.05-50-0 1 2465 36 2 128 119 0.8162 0.8198 165 167
92-1-1-0.05-50-0 1 2465 1 10 47 132 0.2520 0.2533 409 449
92-1-1-0.05-50-0 1 2466 36 43 128 112 0.8162 0.8316 165 123
92-1-1-0.05-50-0 1 2466 36 2 128 120 0.8162 0.8198 165 167
92-1-1-0.05-50-0 1 2466 36 14 128 70 0.8162 0.8451 165 105
92-1-1-0.05-50-0 1 2466 36 26 128 69 0.8162 0.8171 165 141
92-1-1-0.05-50-0 1 2466 14 13 69 151 0.8451 0.8878 105 151
92-1-1-0.05-50-0 1 2466 14 47 69 103 0.8451 0.9293 105 103
92-1-1-0.05-50-0 1 2466 14 41 69 54 0.8451 0.9621 105 105
92-1-1-0.05-50-0 1 2467 36 26 128 69 0.8162 0.8171 165 141
92-1-1-0.05-50-0 1 2467 36 37 128 47 0.8162 0.8481 165 127
92-1-1-0.05-50-0 1 2467 1 8 48 188 0.2520 0.2506 409 303
92-1-1-0.05-50-0 1 2468 40 15 38 1 0.9739 0.7918 104 149
92-1-1-0.05-50-0 1 2468 14 43 64 112 0.8451 0.8316 105 123
92-1-1-0.05-50-0 1 2468 36 36 126 126 0.8162 0.8162 165 165
92-1-1-0.05-50-0 1 2469 36 14 133 66 0.8162 0.8451 165 105
92-1-1-0.05-50-0 1 2469 36 36 133 133 0.8162 0.8162 165 165
92-1-1-0.05-50-0 1 2469 1 10 50 135 0.2520 0.2533 409 449
92-1-1-0.05-50-0 1 2470 36 14 130 62 0.8162 0.8451 165 105
92-1-1-0.05-50-0 1 2470 14 43 61 110 0.8451 0.8316 105 123
92-1-1-0.05-50-0 1 2470 36 36 130 130 0.8162 0.8162 165 165
92-1-1-0.05-50-0 1 2470 2 3 131 1 0.8198 0.4813 167 321
92-1-1-0.05-50-0 1 2470 36 43 129 109 0.8162 0.8316 165 123
92-1-1-0.05-50-0 1 2470 36 36 129 129 0.8162 0.8162 165 165
92-1-1-0.05-50-0 1 2470 1 8 47 193 0.2520 0.2506 409 303
92-1-1-0.05-50-0 1 2470 36 26 128 66 0.8162 0.8171 165 141
92-1-1-0.05-50-0 1 2470 25 35 123 1 0.9430 0.0354 125 158
92-1-1-0.05-50-0 1 2470 1 10 47 136 0.2520 0.2533 409 449
92-1-1-0.05-50-0 1 2470 14 40 61 39 0.8451 0.9739 105 104
92-1-1-0.05-50-0 1 2471 36 26 129 64 0.8162 0.8171 165 141
92-1-1-0.05-50-0 1 2471 1 8 49 195 0.2520 0.2506 409 303
92-1-1-0.05-50-0 1 2471 14 14 61 61 0.8451 0.8451 105 105
92-1-1-0.05-50-0 1 2471 1 8 49 194 0.2520 0.2506 409 303
92-1-1-0.05-50-0 1 2471 14 37 60 57 0.8451 0.8481 105 127
92-1-1-0.05-50-0 1 2471 36 43 129 114 0.8162 0.8316 165 123
92-1-1-0.05-50-0 1 2472 36 36 123 123 0.8162 0.8162 165 165
92-1-1-0.05-50-0 1 2472 36 14 122 60 0.8162 0.8451 165 105
92-1-1-0.05-50-0 1 2473 40 3 35 1 0.9739 0.4813 104 321
92-1-1-0.05-50-0 1 2473 36 36 126 126 0.8162 0.8162 165 165
92-1-1-0.05-50-0 1 2473 1 10 49 132 0.2520 0.2533 409 449
92-1-1-0.05-50-0 1 2473 41 4 59 3 0.9621 0.0723 105 351
92-1-1-0.05-50-0 1 2474 20 45 80 2 0.9922 0.3816 102 173
92-1-1-0.05-50-0 1 2474 1 1 49 49 0.2520 0.2520 409 409
92-1-1-0.05-50-0 1 2474 14 13 64 142 0.8451 0.8878 105 151
92-1-1-0.05-50-0 1 2474 40 45 34 1 0.9739 0.3816 104 173
92-1-1-0.05-50-0 1 2475 41 11 61 1 0.9621 0.0504 105 384
92-1-1-0.05-50-0 1 2475 36 36 130 130 0.8162 0.8162 165 165
92-1-1-0.05-50-0 1 2475 36 36 129 129 0.8162 0.8162 165 165
92-1-1-0.05-50-0 1 2475 2 31 143 1 0.8198 0.5626 167 252
92-1-1-0.05-50-0 1 2475 41 4 61 3 0.9621 0.0723 105 351
92-1-1-0.05-50-0 1 2475 36 36 128 128 0.8162 0.8162 165 165
92-1-1-0.05-50-0 1 2475 36 2 127 143 0.8162 0.8198 165 167
92-1-1-0.05-50-0 1 2475 14 25 63 121 0.8451 0.9430 105 125
92-1-1-0.05-50-0 1 2476 36 36 122 122 0.8162 0.8162 165 165
92-1-1-0.05-50-0 1 2476 36 2 121 146 0.8162 0.8198 165 167
92-1-1-0.05-50-0 1 2476 36 26 121 63 0.8162 0.8171 165 141
92-1-1-0.05-50-0 1 2476 1 8 46 212 0.2520 0.2506 409 303
92-1-1-0.05-50-0 1 2476 36 36 121 121 0.8162 0.8162 165 165
92-1-1-0.05-50-0 1 2476 25 11 124 1 0.9430 0.0504 125 384
92-1-1-0.05-50-0 1 2477 10 27 131 1 0.2533 0.0776 449 149
92-1-1-0.05-50-0 1 2477 1 8 47 219 0.2520 0.2506 409 303
92-1-1-0.05-50-0 1 2477 36 43 127 123 0.8162 0.8316 165 123
92-1-1-0.05-50-0 1 2478 1 8 47 225 0.2520 0.2506 409 303
92-1-1-0.05-50-0 1 2478 36 14 127 65 0.8162 0.8451 165 105
92-1-1-0.05-50-0 1 2478 14 7 64 100 0.8451 0.9267 105 106
92-1-1-0.05-50-0 1 2478 36 14 127 64 0.8162 0.8451 165 105
92-1-1-0.05-50-0 1 2478 36 2 127 145 0.8162 0.8198 165 167
92-1-1-0.05-50-0 1 2478 36 2 127 144 0.8162 0.8198 165 167
92-1-1-0.05-50-0 1 2478 36 36 127 127 0.8162 0.8162 165 165
92-1-1-0.05-50-0 1 2479 36 2 128 148 0.8162 0.8198 165 167
92-1-1-0.05-50-0 1 2479 14 25 69 123 0.8451 0.9430 105 125
92-1-1-0.05-50-0 1 2479 1 10 46 132 0.2520 0.2533 409 449
92-1-1-0.05-50-0 1 2479 14 2 69 147 0.8451 0.8198 105 167
92-1-1-0.05-50-0 1 2479 36 2 128 146 0.8162 0.8198 165 167
92-1-1-0.05-50-0 1 2479 36 37 128 48 0.8162 0.8481 165 127
92-1-1-0.05-50-0 1 2479 14 47 69 93 0.8451 0.9293 105 103
92-1-1-0.05-50-0 1 2479 1 10 46 131 0.2520 0.2533 409 449
92-1-1-0.05-50-0 1 2479 14 37 69 47 0.8451 0.8481 105 127
92-1-1-0.05-50-0 1 2480 14 41 68 58 0.8451 0.9621 105 105
92-1-1-0.05-50-0 1 2480 1 8 45 230 0.2520 0.2506 409 303
92-1-1-0.05-50-0 1 2480 1 1 45 45 0.2520 0.2520 409 409
92-1-1-0.05-50-0 1 2480 14 43 68 123 0.8451 0.8316 105 123
92-1-1-0.05-50-0 1 2480 36 2 127 152 0.8162 0.8198 165 167
92-1-1-0.05-50-0 1 2480 14 25 68 122 0.8451 0.9430 105 125
92-1-1-0.05-50-0 1 2480 36 14 127 68 0.8162 0.8451 165 105
92-1-1-0.05-50-0 1 2481 36 14 128 68 0.8162 0.8451 165 105
92-1-1-0.05-50-0 1 2481 36 43 128 123 0.8162 0.8316 165 123
92-1-1-0.05-50-0 1 2481 36 14 128 67 0.8162 0.8451 165 105
92-1-1-0.05-50-0 1 2481 36 37 128 46 0.8162 0.8481 165 127
92-1-1-0.05-50-0 1 2481 14 26 66 57 0.8451 0.8171 105 141
92-1-1-0.05-50-0 1 2482 36 2 131 153 0.8162 0.8198 165 167
92-1-1-0.05-50-0 1 2482 1 10 46 132 0.2520 0.2533 409 449
92-1-1-0.05-50-0 1 2482 1 8 46 230 0.2520 0.2506 409 303
92-1-1-0.05-50-0 1 2482 36 2 131 152 0.8162 0.8198 165 167
92-1-1-0.05-50-0 1 2484 36 43 128 123 0.8162 0.8316 165 123
92-1-1-0.05-50-0 1 2484 14 36 66 128 0.8451 0.8162 105 165
92-1-1-0.05-50-0 1 2484 36 36 127 127 0.8162 0.8162 165 165
92-1-1-0.05-50-0 1 2484 14 37 66 43 0.8451 0.8481 105 127
92-1-1-0.05-50-0 1 2484 25 11 125 1 0.9430 0.0504 125 384
92-1-1-0.05-50-0 1 2485 26 45 60 2 0.8171 0.3816 141 173
92-1-1-0.05-50-0 1 2485 25 22 122 1 0.9430 0.0160 125 311
92-1-1-0.05-50-0 1 2485 36 43 131 123 0.8162 0.8316 165 123
92-1-1-0.05-50-0 1 2486 14 26 62 59 0.8451 0.8171 105 141
92-1-1-0.05-50-0 1 2486 14 43 62 120 0.8451 0.8316 105 123
92-1-1-0.05-50-0 1 2486 14 47 62 95 0.8451 0.9293 105 103
92-1-1-0.05-50-0 1 2487 36 2 128 152 0.8162 0.8198 165 167
92-1-1-0.05-50-0 1 2487 36 26 128 59 0.8162 0.8171 165 141
92-1-1-0.05-50-0 1 2487 14 20 66 82 0.8451 0.9922 105 102
92-1-1-0.05-50-0 1 2487 26 45 58 1 0.8171 0.3816 141 173
92-1-1-0.05-50-0 1 2488 36 2 129 144 0.8162 0.8198 165 167
92-1-1-0.05-50-0 1 2488 1 8 45 236 0.2520 0.2506 409 303
92-1-1-0.05-50-0 1 2489 2 17 144 1 0.8198 0.6398 167 197
92-1-1-0.05-50-0 1 2489 36 43 131 117 0.8162 0.8316 165 123
92-1-1-0.05-50-0 1 2489 36 26 131 61 0.8162 0.8171 165 141
92-1-1-0.05-50-0 1 2489 14 43 69 116 0.8451 0.8316 105 123
92-1-1-0.05-50-0 1 2489 14 2 69 144 0.8451 0.8198 105 167
92-1-1-0.05-50-0 1 2489 1 10 47 155 0.2520 0.2533 409 449
92-1-1-0.05-50-0 1 2490 36 26 128 60 0.8162 0.8171 165 141
92-1-1-0.05-50-0 1 2490 36 36 128 128 0.8162 0.8162 165 165
92-1-1-0.05-50-0 1 2490 1 1 43 43 0.2520 0.2520 409 409
92-1-1-0.05-50-0 1 2490 1 8 42 233 0.2520 0.2506 409 303
92-1-1-0.05-50-0 1 2491 14 43 74 110 0.8451 0.8316 105 123
92-1-1-0.05-50-0 1 2491 36 19 128 2 0.8162 0.8072 165 134
92-1-1-0.05-50-0 1 2491 36 43 128 109 0.8162 0.8316 165 123
92-1-1-0.05-50-0 1 2491 14 36 74 128 0.8451 0.8162 105 165
92-1-1-0.05-50-0 1 2492 14 47 74 103 0.8451 0.9293 105 103
92-1-1-0.05-50-0 1 2492 36 2 127 146 0.8162 0.8198 165 167
92-1-1-0.05-50-0 1 2492 36 36 127 127 0.8162 0.8162 165 165
92-1-1-0.05-50-0 1 2492 36 2 126 145 0.8162 0.8198 165 167
92-1-1-0.05-50-0 1 2492 1 10 42 167 0.2520 0.2533 409 449
92-1-1-0.05-50-0 1 2492 36 37 126 47 0.8162 0.8481 165 127
92-1-1-0.05-50-0 1 2492 36 36 126 126 0.8162 0.8162 165 165
92-1-1-0.05-50-0 1 2493 36 14 125 72 0.8162 0.8451 165 105
92-1-1-0.05-50-0 1 2493 14 26 71 65 0.8451 0.8171 105 141
92-1-1-0.05-50-0 1 2493 1 1 39 39 0.2520 0.2520 409 409
92-1-1-0.05-50-0 1 2493 36 36 125 125 0.8162 0.8162 165 165
92-1-1-0.05-50-0 1 2493 14 26 71 64 0.8451 0.8171 105 141
92-1-1-0.05-50-0 1 2494 36 37 128 49 0.8162 0.8481 165 127
92-1-1-0.05-50-0 1 2494 36 2 128 149 0.8162 0.8198 165 167
92-1-1-0.05-50-0 1 2494 14 14 68 68 0.8451 0.8451 105 105
92-1-1-0.05-50-0 1 2494 14 26 67 63 0.8451 0.8171 105 141
92-1-1-0.05-50-0 1 2494 14 37 67 48 0.8451 0.8481 105 127
92-1-1-0.05-50-0 1 2494 14 26 67 62 0.8451 0.8171 105 141
92-1-1-0.05-50-0 1 2494 36 36 128 128 0.8162 0.8162 165 165
92-1-1-0.05-50-0 1 2494 14 2 67 148 0.8451 0.8198 105 167
92-1-1-0.05-50-0 1 2494 36 26 127 61 0.8162 0.8171 165 141
92-1-1-0.05-50-0 1 2494 14 20 67 81 0.8451 0.9922 105 102
92-1-1-0.05-50-0 1 2495 43 24 114 2 0.8316 0.1940 123 254
92-1-1-0.05-50-0 1 2495 1 10 36 167 0.2520 0.2533 409 449
92-1-1-0.05-50-0 1 2495 36 37 128 49 0.8162 0.8481 165 127
92-1-1-0.05-50-0 1 2495 43 24 114 1 0.8316 0.1940 123 254
92-1-1-0.05-50-0 1 2495 14 47 67 102 0.8451 0.9293 105 103
92-1-1-0.05-50-0 1 2495 36 36 128 128 0.8162 0.8162 165 165
92-1-1-0.05-50-0 1 2495 14 20 67 82 0.8451 0.9922 105 102
92-1-1-0.05-50-0 1 2495 14 14 67 67 0.8451 0.8451 105 105
92-1-1-0.05-50-0 1 2496 14 20 72 83 0.8451 0.9922 105 102
92-1-1-0.05-50-0 1 2496 1 8 37 255 0.2520 0.2506 409 303
92-1-1-0.05-50-0 1 2496 36 2 127 153 0.8162 0.8198 165 167
92-1-1-0.05-50-0 1 2496 36 36 127 127 0.8162 0.8162 165 165
92-1-1-0.05-50-0 1 2496 36 37 126 51 0.8162 0.8481 165 127
92-1-1-0.05-50-0 1 2496 14 20 72 82 0.8451 0.9922 105 102
92-1-1-0.05-50-0 1 2496 14 40 72 45 0.8451 0.9739 105 104
92-1-1-0.05-50-0 1 2496 36 36 126 126 0.8162 0.8162 165 165
92-1-1-0.05-50-0 1 2497 40 34 43 2 0.9739 0.7448 104 168
92-1-1-0.05-50-0 1 2497 14 14 74 74 0.8451 0.8451 105 105
92-1-1-0.05-50-0 1 2497 1 10 36 167 0.2520 0.2533 409 449
92-1-1-0.05-50-0 1 2497 36 36 125 125 0.8162 0.8162 165 165
92-1-1-0.05-50-0 1 2497 36 43 124 121 0.8162 0.8316 165 123
92-1-1-0.05-50-0 1 2497 14 41 73 74 0.8451 0.9621 105 105
92-1-1-0.05-50-0 1 2497 36 36 124 124 0.8162 0.8162 165 165
92-1-1-0.05-50-0 1 2498 26 45 59 1 0.8171 0.3816 141 173
92-1-1-0.05-50-0 1 2498 1 8 36 251 0.2520 0.2506 409 303
92-1-1-0.05-50-0 1 2498 36 37 122 53 0.8162 0.8481 165 127
92-1-1-0.05-50-0 1 2499 41 4 82 1 0.9621 0.0723 105 351
92-1-1-0.05-50-0 1 2499 14 25 74 125 0.8451 0.9430 105 125
92-1-1-0.05-50-0 1 2499 1 8 35 247 0.2520 0.2506 409 303
92-1-1-0.05-50-0 1 2499 36 2 118 153 0.8162 0.8198 165 167
92-1-1-0.05-50-0 1 2499 36 43 118 122 0.8162 0.8316 165 123
92-1-1-0.05-50-0 1 2499 1 10 35 180 0.2520 0.2533 409 449
92-1-1-0.05-50-0 1 2499 36 36 118 118 0.8162 0.8162 165 165
92-1-1-0.05-50-0 1 2499 36 2 117 152 0.8162 0.8198 165 167
92-1-1-0.05-50-0 1 2499 37 23 52 1 0.8481 0.1698 127 476
92-1-1-0.05-50-0 1 2500 36 43 118 123 0.8162 0.8316 165 123
92-1-1-0.05-50-0 1 2500 14 41 76 81 0.8451 0.9621 105 105
92-1-1-0.05-50-0 1 2500 36 2 118 153 0.8162 0.8198 165 167
92-1-1-0.05-50-0 1 2500 36 14 118 76 0.8162 0.8451 165 105
92-1-1-0.05-50-0 1 2500 1 8 36 251 0.2520 0.2506 409 303
92-1-1-0.05-50-0 1 2500 36 14 118 75 0.8162 0.8451 165 105
