93-0-1-0.05-50-0 0 2302 31 5 22 1 0.5626 0.0007 252 226
93-0-1-0.05-50-0 0 2302 4 21 10 1 0.0723 0.4184 351 158
93-0-1-0.05-50-0 0 2303 8 31 6 22 0.2506 0.5626 303 252
93-0-1-0.05-50-0 0 2303 10 22 1 9 0.2533 0.0160 449 311
93-0-1-0.05-50-0 0 2304 33 3 4 4 0.6893 0.4813 191 321
93-0-1-0.05-50-0 0 2304 31 48 22 7 0.5626 0.1153 252 334
93-0-1-0.05-50-0 0 2305 48 26 6 2 0.1153 0.8171 334 141
93-0-1-0.05-50-0 0 2305 31 8 23 7 0.5626 0.2506 252 303
93-0-1-0.05-50-0 0 2306 33 10 4 1 0.6893 0.2533 191 449
93-0-1-0.05-50-0 0 2306 20 32 3 1 0.9922 0.6514 102 215
93-0-1-0.05-50-0 0 2307 49 8 7 8 0.1842 0.2506 136 303
93-0-1-0.05-50-0 0 2307 8 31 7 25 0.2506 0.5626 303 252
93-0-1-0.05-50-0 0 2308 22 39 10 2 0.0160 0.2187 311 309
93-0-1-0.05-50-0 0 2308 31 22 25 10 0.5626 0.0160 252 311
93-0-1-0.05-50-0 0 2309 31 31 24 24 0.5626 0.5626 252 252
93-0-1-0.05-50-0 0 2309 26 46 1 2 0.8171 0.3451 141 327
93-0-1-0.05-50-0 0 2310 31 8 24 7 0.5626 0.2506 252 303
93-0-1-0.05-50-0 0 2310 2 33 4 4 0.8198 0.6893 167 191
93-0-1-0.05-50-0 0 2311 31 8 23 7 0.5626 0.2506 252 303
93-0-1-0.05-50-0 0 2311 1 48 4 7 0.2520 0.1153 409 334
93-0-1-0.05-50-0 0 2312 49 49 9 9 0.1842 0.1842 136 136
93-0-1-0.05-50-0 0 2312 1 49 4 8 0.2520 0.1842 409 136
93-0-1-0.05-50-0 0 2313 48 4 5 8 0.1153 0.0723 334 351
93-0-1-0.05-50-0 0 2313 31 4 26 7 0.5626 0.0723 252 351
93-0-1-0.05-50-0 0 2314 8 1 10 4 0.2506 0.2520 303 409
93-0-1-0.05-50-0 0 2314 31 49 27 7 0.5626 0.1842 252 136
93-0-1-0.05-50-0 0 2315 12 31 6 29 0.1896 0.5626 325 252
93-0-1-0.05-50-0 0 2315 22 29 11 3 0.0160 0.6728 311 177
93-0-1-0.05-50-0 0 2316 31 29 28 2 0.5626 0.6728 252 177
93-0-1-0.05-50-0 0 2316 48 4 4 7 0.1153 0.0723 334 351
93-0-1-0.05-50-0 0 2317 33 31 4 29 0.6893 0.5626 191 252
93-0-1-0.05-50-0 0 2317 3 8 2 9 0.4813 0.2506 321 303
93-0-1-0.05-50-0 0 2318 2 1 3 3 0.8198 0.2520 167 409
93-0-1-0.05-50-0 0 2318 1 22 2 11 0.2520 0.0160 409 311
93-0-1-0.05-50-0 0 2319 12 31 7 28 0.1896 0.5626 325 252
93-0-1-0.05-50-0 0 2319 4 2 5 4 0.0723 0.8198 351 167
93-0-1-0.05-50-0 0 2320 22 8 11 9 0.0160 0.2506 311 303
93-0-1-0.05-50-0 0 2320 12 4 9 5 0.1896 0.0723 325 351
93-0-1-0.05-50-0 0 2321 12 22 9 11 0.1896 0.0160 325 311
93-0-1-0.05-50-0 0 2321 22 8 10 8 0.0160 0.2506 311 303
93-0-1-0.05-50-0 0 2322 48 7 3 1 0.1153 0.9267 334 106
93-0-1-0.05-50-0 0 2323 22 36 12 2 0.0160 0.8162 311 165
93-0-1-0.05-50-0 0 2324 20 31 2 24 0.9922 0.5626 102 252
93-0-1-0.05-50-0 0 2324 25 22 1 12 0.9430 0.0160 125 311
93-0-1-0.05-50-0 0 2325 8 31 9 22 0.2506 0.5626 303 252
93-0-1-0.05-50-0 0 2325 31 12 21 9 0.5626 0.1896 252 325
93-0-1-0.05-50-0 0 2326 8 22 9 10 0.2506 0.0160 303 311
93-0-1-0.05-50-0 0 2326 23 31 1 21 0.1698 0.5626 476 252
93-0-1-0.05-50-0 0 2327 31 8 21 10 0.5626 0.2506 252 303
93-0-1-0.05-50-0 0 2327 31 22 21 9 0.5626 0.0160 252 311
93-0-1-0.05-50-0 0 2328 8 8 8 8 0.2506 0.2506 303 303
93-0-1-0.05-50-0 0 2328 31 12 19 9 0.5626 0.1896 252 325
93-0-1-0.05-50-0 0 2329 31 25 21 1 0.5626 0.9430 252 125
93-0-1-0.05-50-0 0 2329 1 16 2 2 0.2520 0.2228 409 149
93-0-1-0.05-50-0 0 2330 49 8 9 8 0.1842 0.2506 136 303
93-0-1-0.05-50-0 0 2330 43 49 4 9 0.8316 0.1842 123 136
93-0-1-0.05-50-0 0 2331 20 8 4 7 0.9922 0.2506 102 303
93-0-1-0.05-50-0 0 2332 22 12 8 6 0.0160 0.1896 311 325
93-0-1-0.05-50-0 0 2333 48 43 5 5 0.1153 0.8316 334 123
93-0-1-0.05-50-0 0 2333 22 12 9 5 0.0160 0.1896 311 325
93-0-1-0.05-50-0 0 2334 33 21 4 3 0.6893 0.4184 191 158
93-0-1-0.05-50-0 0 2334 4 4 7 7 0.0723 0.0723 351 351
93-0-1-0.05-50-0 0 2335 4 19 6 1 0.0723 0.8072 351 134
93-0-1-0.05-50-0 0 2335 16 33 2 4 0.2228 0.6893 149 191
93-0-1-0.05-50-0 0 2336 12 3 4 2 0.1896 0.4813 325 321
93-0-1-0.05-50-0 0 2336 49 15 7 5 0.1842 0.7918 136 149
93-0-1-0.05-50-0 0 2337 13 43 3 3 0.8878 0.8316 151 123
93-0-1-0.05-50-0 0 2337 22 41 10 4 0.0160 0.9621 311 105
93-0-1-0.05-50-0 0 2338 31 46 18 5 0.5626 0.3451 252 327
93-0-1-0.05-50-0 0 2338 22 33 10 4 0.0160 0.6893 311 191
93-0-1-0.05-50-0 0 2339 31 40 18 1 0.5626 0.9739 252 104
93-0-1-0.05-50-0 0 2339 8 20 5 5 0.2506 0.9922 303 102
93-0-1-0.05-50-0 0 2340 46 20 5 4 0.3451 0.9922 327 102
93-0-1-0.05-50-0 0 2340 48 23 8 4 0.1153 0.1698 334 476
93-0-1-0.05-50-0 0 2341 22 42 12 1 0.0160 0.7447 311 106
93-0-1-0.05-50-0 0 2341 31 49 21 7 0.5626 0.1842 252 136
93-0-1-0.05-50-0 0 2342 31 3 23 1 0.5626 0.4813 252 321
93-0-1-0.05-50-0 0 2342 36 31 2 23 0.8162 0.5626 165 252
93-0-1-0.05-50-0 0 2343 48 12 8 2 0.1153 0.1896 334 325
93-0-1-0.05-50-0 0 2343 2 31 5 23 0.8198 0.5626 167 252
93-0-1-0.05-50-0 0 2344 13 22 3 12 0.8878 0.0160 151 311
93-0-1-0.05-50-0 0 2344 8 1 7 1 0.2506 0.2520 303 409
93-0-1-0.05-50-0 0 2345 2 46 9 6 0.8198 0.3451 167 327
93-0-1-0.05-50-0 0 2345 41 48 3 11 0.9621 0.1153 105 334
93-0-1-0.05-50-0 0 2346 8 4 6 4 0.2506 0.0723 303 351
93-0-1-0.05-50-0 0 2346 43 31 2 22 0.8316 0.5626 123 252
93-0-1-0.05-50-0 0 2347 4 31 3 21 0.0723 0.5626 351 252
93-0-1-0.05-50-0 0 2347 48 7 11 1 0.1153 0.9267 334 106
93-0-1-0.05-50-0 0 2348 31 34 20 2 0.5626 0.7448 252 168
93-0-1-0.05-50-0 0 2348 22 48 16 11 0.0160 0.1153 311 334
93-0-1-0.05-50-0 0 2349 31 44 20 1 0.5626 0.7034 252 118
93-0-1-0.05-50-0 0 2349 48 15 10 5 0.1153 0.7918 334 149
93-0-1-0.05-50-0 0 2350 8 15 6 4 0.2506 0.7918 303 149
93-0-1-0.05-50-0 0 2350 22 49 19 7 0.0160 0.1842 311 136
93-0-1-0.05-50-0 0 2351 48 22 11 17 0.1153 0.0160 334 311
93-0-1-0.05-50-0 0 2351 46 48 6 11 0.3451 0.1153 327 334
93-0-1-0.05-50-0 0 2352 49 31 7 21 0.1842 0.5626 136 252
93-0-1-0.05-50-0 0 2352 31 31 20 20 0.5626 0.5626 252 252
93-0-1-0.05-50-0 0 2353 46 48 7 11 0.3451 0.1153 327 334
93-0-1-0.05-50-0 0 2353 2 22 11 16 0.8198 0.0160 167 311
93-0-1-0.05-50-0 0 2354 40 2 2 11 0.9739 0.8198 104 167
93-0-1-0.05-50-0 0 2354 22 31 17 21 0.0160 0.5626 311 252
93-0-1-0.05-50-0 0 2355 3 8 3 4 0.4813 0.2506 321 303
93-0-1-0.05-50-0 0 2355 8 22 3 17 0.2506 0.0160 303 311
93-0-1-0.05-50-0 0 2356 22 31 16 18 0.0160 0.5626 311 252
93-0-1-0.05-50-0 0 2356 15 41 2 4 0.7918 0.9621 149 105
93-0-1-0.05-50-0 0 2357 31 31 17 17 0.5626 0.5626 252 252
93-0-1-0.05-50-0 0 2357 36 2 1 10 0.8162 0.8198 165 167
93-0-1-0.05-50-0 0 2358 48 2 14 9 0.1153 0.8198 334 167
93-0-1-0.05-50-0 0 2358 46 23 7 4 0.3451 0.1698 327 476
93-0-1-0.05-50-0 0 2359 22 41 16 2 0.0160 0.9621 311 105
93-0-1-0.05-50-0 0 2359 2 22 8 16 0.8198 0.0160 167 311
93-0-1-0.05-50-0 0 2360 46 44 8 1 0.3451 0.7034 327 118
93-0-1-0.05-50-0 0 2360 2 22 8 15 0.8198 0.0160 167 311
93-0-1-0.05-50-0 0 2361 48 31 17 16 0.1153 0.5626 334 252
93-0-1-0.05-50-0 0 2361 43 2 2 7 0.8316 0.8198 123 167
93-0-1-0.05-50-0 0 2362 31 31 16 16 0.5626 0.5626 252 252
93-0-1-0.05-50-0 0 2362 46 31 8 15 0.3451 0.5626 327 252
93-0-1-0.05-50-0 0 2363 48 41 18 1 0.1153 0.9621 334 105
93-0-1-0.05-50-0 0 2363 47 22 2 13 0.9293 0.0160 103 311
93-0-1-0.05-50-0 0 2364 22 48 12 20 0.0160 0.1153 311 334
93-0-1-0.05-50-0 0 2364 31 46 16 9 0.5626 0.3451 252 327
93-0-1-0.05-50-0 0 2365 22 12 14 1 0.0160 0.1896 311 325
93-0-1-0.05-50-0 0 2365 31 48 16 21 0.5626 0.1153 252 334
93-0-1-0.05-50-0 0 2366 48 34 21 1 0.1153 0.7448 334 168
93-0-1-0.05-50-0 0 2366 40 33 2 8 0.9739 0.6893 104 191
93-0-1-0.05-50-0 0 2367 49 46 7 7 0.1842 0.3451 136 327
93-0-1-0.05-50-0 0 2367 22 22 15 15 0.0160 0.0160 311 311
93-0-1-0.05-50-0 0 2368 15 24 4 2 0.7918 0.1940 149 254
93-0-1-0.05-50-0 0 2368 48 2 21 6 0.1153 0.8198 334 167
93-0-1-0.05-50-0 0 2369 23 13 4 3 0.1698 0.8878 476 151
93-0-1-0.05-50-0 0 2369 42 31 2 14 0.7447 0.5626 106 252
93-0-1-0.05-50-0 0 2370 22 48 15 19 0.0160 0.1153 311 334
93-0-1-0.05-50-0 0 2370 15 23 4 4 0.7918 0.1698 149 476
93-0-1-0.05-50-0 0 2371 40 4 3 4 0.9739 0.0723 104 351
93-0-1-0.05-50-0 0 2371 45 8 4 5 0.3816 0.2506 173 303
93-0-1-0.05-50-0 0 2372 33 33 8 8 0.6893 0.6893 191 191
93-0-1-0.05-50-0 0 2372 4 40 4 3 0.0723 0.9739 351 104
93-0-1-0.05-50-0 0 2373 49 33 10 6 0.1842 0.6893 136 191
93-0-1-0.05-50-0 0 2373 33 31 5 12 0.6893 0.5626 191 252
93-0-1-0.05-50-0 0 2374 45 2 4 6 0.3816 0.8198 173 167
93-0-1-0.05-50-0 0 2374 48 4 18 5 0.1153 0.0723 334 351
93-0-1-0.05-50-0 0 2375 48 47 18 4 0.1153 0.9293 334 103
93-0-1-0.05-50-0 0 2375 31 48 11 18 0.5626 0.1153 252 334
93-0-1-0.05-50-0 0 2376 2 49 5 9 0.8198 0.1842 167 136
93-0-1-0.05-50-0 0 2376 22 22 20 20 0.0160 0.0160 311 311
93-0-1-0.05-50-0 0 2377 22 46 19 5 0.0160 0.3451 311 327
93-0-1-0.05-50-0 0 2377 22 48 19 20 0.0160 0.1153 311 334
93-0-1-0.05-50-0 0 2378 4 31 7 11 0.0723 0.5626 351 252
93-0-1-0.05-50-0 0 2378 24 20 3 1 0.1940 0.9922 254 102
93-0-1-0.05-50-0 0 2379 31 48 11 18 0.5626 0.1153 252 334
93-0-1-0.05-50-0 0 2379 22 13 21 4 0.0160 0.8878 311 151
93-0-1-0.05-50-0 0 2380 4 48 7 18 0.0723 0.1153 351 334
93-0-1-0.05-50-0 0 2380 22 31 20 10 0.0160 0.5626 311 252
93-0-1-0.05-50-0 0 2381 31 47 10 4 0.5626 0.9293 252 103
93-0-1-0.05-50-0 0 2381 31 48 10 16 0.5626 0.1153 252 334
93-0-1-0.05-50-0 0 2382 2 22 4 21 0.8198 0.0160 167 311
93-0-1-0.05-50-0 0 2382 22 41 20 2 0.0160 0.9621 311 105
93-0-1-0.05-50-0 0 2383 31 44 11 3 0.5626 0.7034 252 118
93-0-1-0.05-50-0 0 2383 22 44 19 2 0.0160 0.7034 311 118
93-0-1-0.05-50-0 0 2384 3 23 2 4 0.4813 0.1698 321 476
93-0-1-0.05-50-0 0 2384 10 36 2 1 0.2533 0.8162 449 165
93-0-1-0.05-50-0 0 2385 22 22 19 19 0.0160 0.0160 311 311
93-0-1-0.05-50-0 0 2385 4 2 10 3 0.0723 0.8198 351 167
93-0-1-0.05-50-0 0 2386 46 27 3 4 0.3451 0.0776 327 149
93-0-1-0.05-50-0 0 2386 28 4 4 11 0.3846 0.0723 311 351
93-0-1-0.05-50-0 0 2387 22 22 18 18 0.0160 0.0160 311 311
93-0-1-0.05-50-0 0 2387 13 8 3 5 0.8878 0.2506 151 303
93-0-1-0.05-50-0 0 2388 45 4 5 10 0.3816 0.0723 173 351
93-0-1-0.05-50-0 0 2388 22 2 18 3 0.0160 0.8198 311 167
93-0-1-0.05-50-0 0 2389 31 27 13 3 0.5626 0.0776 252 149
93-0-1-0.05-50-0 0 2389 49 22 8 20 0.1842 0.0160 136 311
93-0-1-0.05-50-0 0 2390 31 23 14 5 0.5626 0.1698 252 476
93-0-1-0.05-50-0 0 2390 49 3 9 3 0.1842 0.4813 136 321
93-0-1-0.05-50-0 0 2391 3 24 2 6 0.4813 0.1940 321 254
93-0-1-0.05-50-0 0 2391 43 24 3 5 0.8316 0.1940 123 254
93-0-1-0.05-50-0 0 2392 48 25 16 1 0.1153 0.9430 334 125
93-0-1-0.05-50-0 0 2392 8 22 4 20 0.2506 0.0160 303 311
93-0-1-0.05-50-0 0 2393 43 31 3 14 0.8316 0.5626 123 252
93-0-1-0.05-50-0 0 2393 45 30 7 2 0.3816 0.6008 173 266
93-0-1-0.05-50-0 0 2394 45 22 7 25 0.3816 0.0160 173 311
93-0-1-0.05-50-0 0 2394 22 3 24 2 0.0160 0.4813 311 321
93-0-1-0.05-50-0 0 2395 22 33 22 5 0.0160 0.6893 311 191
93-0-1-0.05-50-0 0 2395 4 31 9 12 0.0723 0.5626 351 252
93-0-1-0.05-50-0 0 2396 4 47 10 6 0.0723 0.9293 351 103
93-0-1-0.05-50-0 0 2396 28 22 2 23 0.3846 0.0160 311 311
93-0-1-0.05-50-0 0 2397 22 28 22 2 0.0160 0.3846 311 311
93-0-1-0.05-50-0 0 2397 4 5 11 3 0.0723 0.0007 351 226
93-0-1-0.05-50-0 0 2398 5 48 2 18 0.0007 0.1153 226 334
93-0-1-0.05-50-0 0 2398 8 48 4 17 0.2506 0.1153 303 334
93-0-1-0.05-50-0 0 2399 41 40 2 1 0.9621 0.9739 105 104
93-0-1-0.05-50-0 0 2399 45 45 9 9 0.3816 0.3816 173 173
93-0-1-0.05-50-0 0 2400 4 33 11 4 0.0723 0.6893 351 191
93-0-1-0.05-50-0 0 2400 8 15 5 5 0.2506 0.7918 303 149
93-0-1-0.05-50-0 0 2401 49 31 11 9 0.1842 0.5626 136 252
93-0-1-0.05-50-0 0 2401 46 8 6 6 0.3451 0.2506 327 303
93-0-1-0.05-50-0 0 2402 5 13 2 4 0.0007 0.8878 226 151
93-0-1-0.05-50-0 0 2402 23 31 4 9 0.1698 0.5626 476 252
93-0-1-0.05-50-0 0 2403 24 2 5 2 0.1940 0.8198 254 167
93-0-1-0.05-50-0 0 2403 48 8 19 6 0.1153 0.2506 334 303
93-0-1-0.05-50-0 0 2404 48 49 20 12 0.1153 0.1842 334 136
93-0-1-0.05-50-0 0 2404 18 49 3 11 0.2181 0.1842 226 136
93-0-1-0.05-50-0 0 2405 46 49 6 9 0.3451 0.1842 327 136
93-0-1-0.05-50-0 0 2405 13 46 1 6 0.8878 0.3451 151 327
93-0-1-0.05-50-0 0 2406 22 24 26 5 0.0160 0.1940 311 254
93-0-1-0.05-50-0 0 2406 22 5 26 2 0.0160 0.0007 311 226
93-0-1-0.05-50-0 0 2407 8 8 5 5 0.2506 0.2506 303 303
93-0-1-0.05-50-0 0 2407 48 31 24 8 0.1153 0.5626 334 252
93-0-1-0.05-50-0 0 2408 48 23 23 4 0.1153 0.1698 334 476
93-0-1-0.05-50-0 0 2408 4 23 10 3 0.0723 0.1698 351 476
93-0-1-0.05-50-0 0 2409 48 46 24 4 0.1153 0.3451 334 327
93-0-1-0.05-50-0 0 2409 4 22 10 28 0.0723 0.0160 351 311
93-0-1-0.05-50-0 0 2410 47 22 8 27 0.9293 0.0160 103 311
93-0-1-0.05-50-0 0 2410 9 49 1 9 0.6134 0.1842 161 136
93-0-1-0.05-50-0 0 2411 18 4 3 12 0.2181 0.0723 226 351
93-0-1-0.05-50-0 0 2411 4 49 11 10 0.0723 0.1842 351 136
93-0-1-0.05-50-0 0 2412 24 22 4 27 0.1940 0.0160 254 311
93-0-1-0.05-50-0 0 2412 6 22 3 26 0.4266 0.0160 249 311
93-0-1-0.05-50-0 0 2412 8 49 5 10 0.2506 0.1842 303 136
93-0-1-0.05-50-0 0 2413 24 24 5 5 0.1940 0.1940 254 254
93-0-1-0.05-50-0 0 2413 22 33 24 4 0.0160 0.6893 311 191
93-0-1-0.05-50-0 0 2413 31 48 13 27 0.5626 0.1153 252 334
93-0-1-0.05-50-0 0 2414 3 48 2 25 0.4813 0.1153 321 334
93-0-1-0.05-50-0 0 2414 48 22 24 26 0.1153 0.0160 334 311
93-0-1-0.05-50-0 0 2414 22 45 25 10 0.0160 0.3816 311 173
93-0-1-0.05-50-0 0 2415 45 33 11 3 0.3816 0.6893 173 191
93-0-1-0.05-50-0 0 2415 45 4 11 11 0.3816 0.0723 173 351
93-0-1-0.05-50-0 0 2415 31 31 12 12 0.5626 0.5626 252 252
93-0-1-0.05-50-0 0 2416 27 10 2 4 0.0776 0.2533 149 449
93-0-1-0.05-50-0 0 2416 16 24 3 5 0.2228 0.1940 149 254
93-0-1-0.05-50-0 0 2417 45 6 14 3 0.3816 0.4266 173 249
93-0-1-0.05-50-0 0 2417 47 49 6 8 0.9293 0.1842 103 136
93-0-1-0.05-50-0 0 2418 46 22 4 27 0.3451 0.0160 327 311
93-0-1-0.05-50-0 0 2418 39 10 1 2 0.2187 0.2533 309 449
93-0-1-0.05-50-0 0 2418 4 45 11 14 0.0723 0.3816 351 173
93-0-1-0.05-50-0 0 2419 22 22 28 28 0.0160 0.0160 311 311
93-0-1-0.05-50-0 0 2419 45 31 13 11 0.3816 0.5626 173 252
93-0-1-0.05-50-0 0 2419 48 37 23 1 0.1153 0.8481 334 127
93-0-1-0.05-50-0 0 2420 24 4 3 12 0.1940 0.0723 254 351
93-0-1-0.05-50-0 0 2420 22 23 28 1 0.0160 0.1698 311 476
93-0-1-0.05-50-0 0 2421 48 39 21 1 0.1153 0.2187 334 309
93-0-1-0.05-50-0 0 2421 22 46 28 4 0.0160 0.3451 311 327
93-0-1-0.05-50-0 0 2421 22 22 28 28 0.0160 0.0160 311 311
93-0-1-0.05-50-0 0 2422 16 45 7 14 0.2228 0.3816 149 173
93-0-1-0.05-50-0 0 2422 22 24 27 3 0.0160 0.1940 311 254
93-0-1-0.05-50-0 0 2423 4 45 12 14 0.0723 0.3816 351 173
93-0-1-0.05-50-0 0 2423 45 4 13 12 0.3816 0.0723 173 351
93-0-1-0.05-50-0 0 2424 5 49 3 11 0.0007 0.1842 226 136
93-0-1-0.05-50-0 0 2424 27 8 2 9 0.0776 0.2506 149 303
93-0-1-0.05-50-0 0 2425 8 49 8 10 0.2506 0.1842 303 136
93-0-1-0.05-50-0 0 2425 45 22 12 28 0.3816 0.0160 173 311
93-0-1-0.05-50-0 0 2426 4 6 11 3 0.0723 0.4266 351 249
93-0-1-0.05-50-0 0 2426 49 48 8 24 0.1842 0.1153 136 334
93-0-1-0.05-50-0 0 2426 22 38 29 2 0.0160 0.6163 311 270
93-0-1-0.05-50-0 0 2427 4 16 13 6 0.0723 0.2228 351 149
93-0-1-0.05-50-0 0 2427 22 8 30 8 0.0160 0.2506 311 303
93-0-1-0.05-50-0 0 2427 22 22 30 30 0.0160 0.0160 311 311
93-0-1-0.05-50-0 0 2428 16 49 5 10 0.2228 0.1842 149 136
93-0-1-0.05-50-0 0 2428 25 36 1 4 0.9430 0.8162 125 165
93-0-1-0.05-50-0 0 2428 5 16 3 5 0.0007 0.2228 226 149
93-0-1-0.05-50-0 0 2429 49 4 9 14 0.1842 0.0723 136 351
93-0-1-0.05-50-0 0 2429 16 4 4 13 0.2228 0.0723 149 351
93-0-1-0.05-50-0 0 2429 4 27 12 2 0.0723 0.0776 351 149
93-0-1-0.05-50-0 0 2430 48 48 25 25 0.1153 0.1153 334 334
93-0-1-0.05-50-0 0 2430 47 9 5 3 0.9293 0.6134 103 161
93-0-1-0.05-50-0 0 2430 47 48 5 24 0.9293 0.1153 103 334
93-0-1-0.05-50-0 0 2431 31 20 13 2 0.5626 0.9922 252 102
93-0-1-0.05-50-0 0 2431 5 45 5 13 0.0007 0.3816 226 173
93-0-1-0.05-50-0 0 2431 31 31 13 13 0.5626 0.5626 252 252
93-0-1-0.05-50-0 0 2432 47 36 5 3 0.9293 0.8162 103 165
93-0-1-0.05-50-0 0 2432 4 22 11 35 0.0723 0.0160 351 311
93-0-1-0.05-50-0 0 2432 22 22 34 34 0.0160 0.0160 311 311
93-0-1-0.05-50-0 0 2433 22 45 37 11 0.0160 0.3816 311 173
93-0-1-0.05-50-0 0 2433 48 6 25 6 0.1153 0.4266 334 249
93-0-1-0.05-50-0 0 2433 31 48 11 25 0.5626 0.1153 252 334
93-0-1-0.05-50-0 0 2434 36 33 3 3 0.8162 0.6893 165 191
93-0-1-0.05-50-0 0 2434 31 4 12 9 0.5626 0.0723 252 351
93-0-1-0.05-50-0 0 2434 49 33 10 2 0.1842 0.6893 136 191
93-0-1-0.05-50-0 0 2435 8 5 8 6 0.2506 0.0007 303 226
93-0-1-0.05-50-0 0 2435 48 22 24 40 0.1153 0.0160 334 311
93-0-1-0.05-50-0 0 2435 48 27 24 2 0.1153 0.0776 334 149
93-0-1-0.05-50-0 0 2436 22 48 41 22 0.0160 0.1153 311 334
93-0-1-0.05-50-0 0 2436 31 49 11 11 0.5626 0.1842 252 136
93-0-1-0.05-50-0 0 2436 5 48 4 21 0.0007 0.1153 226 334
93-0-1-0.05-50-0 0 2437 15 22 4 40 0.7918 0.0160 149 311
93-0-1-0.05-50-0 0 2437 22 4 39 9 0.0160 0.0723 311 351
93-0-1-0.05-50-0 0 2437 24 48 4 21 0.1940 0.1153 254 334
93-0-1-0.05-50-0 0 2438 45 20 12 1 0.3816 0.9922 173 102
93-0-1-0.05-50-0 0 2438 8 6 7 5 0.2506 0.4266 303 249
93-0-1-0.05-50-0 0 2438 5 45 5 12 0.0007 0.3816 226 173
93-0-1-0.05-50-0 0 2439 4 24 7 4 0.0723 0.1940 351 254
93-0-1-0.05-50-0 0 2439 22 48 41 21 0.0160 0.1153 311 334
93-0-1-0.05-50-0 0 2439 5 47 6 3 0.0007 0.9293 226 103
93-0-1-0.05-50-0 0 2440 49 46 13 4 0.1842 0.3451 136 327
93-0-1-0.05-50-0 0 2440 5 49 6 13 0.0007 0.1842 226 136
93-0-1-0.05-50-0 0 2440 9 4 2 7 0.6134 0.0723 161 351
93-0-1-0.05-50-0 0 2441 22 22 43 43 0.0160 0.0160 311 311
93-0-1-0.05-50-0 0 2441 22 5 42 7 0.0160 0.0007 311 226
93-0-1-0.05-50-0 0 2441 7 4 2 7 0.9267 0.0723 106 351
93-0-1-0.05-50-0 0 2442 5 49 6 12 0.0007 0.1842 226 136
93-0-1-0.05-50-0 0 2442 36 48 3 18 0.8162 0.1153 165 334
93-0-1-0.05-50-0 0 2442 45 22 10 41 0.3816 0.0160 173 311
93-0-1-0.05-50-0 0 2443 16 22 4 42 0.2228 0.0160 149 311
93-0-1-0.05-50-0 0 2443 3 49 2 11 0.4813 0.1842 321 136
93-0-1-0.05-50-0 0 2443 48 40 16 1 0.1153 0.9739 334 104
93-0-1-0.05-50-0 0 2444 48 22 15 44 0.1153 0.0160 334 311
93-0-1-0.05-50-0 0 2444 8 16 6 4 0.2506 0.2228 303 149
93-0-1-0.05-50-0 0 2444 22 11 43 2 0.0160 0.0504 311 384
93-0-1-0.05-50-0 0 2445 5 22 6 43 0.0007 0.0160 226 311
93-0-1-0.05-50-0 0 2445 35 45 3 12 0.0354 0.3816 158 173
93-0-1-0.05-50-0 0 2445 38 27 3 1 0.6163 0.0776 270 149
93-0-1-0.05-50-0 0 2446 49 45 10 12 0.1842 0.3816 136 173
93-0-1-0.05-50-0 0 2446 48 22 14 41 0.1153 0.0160 334 311
93-0-1-0.05-50-0 0 2446 30 5 5 6 0.6008 0.0007 266 226
93-0-1-0.05-50-0 0 2447 31 10 12 2 0.5626 0.2533 252 449
93-0-1-0.05-50-0 0 2447 49 49 10 10 0.1842 0.1842 136 136
93-0-1-0.05-50-0 0 2447 7 22 2 43 0.9267 0.0160 106 311
93-0-1-0.05-50-0 0 2448 31 16 10 4 0.5626 0.2228 252 149
93-0-1-0.05-50-0 0 2448 7 22 2 44 0.9267 0.0160 106 311
93-0-1-0.05-50-0 0 2448 22 15 43 4 0.0160 0.7918 311 149
93-0-1-0.05-50-0 0 2449 9 6 2 8 0.6134 0.4266 161 249
93-0-1-0.05-50-0 0 2449 49 22 9 42 0.1842 0.0160 136 311
93-0-1-0.05-50-0 0 2449 38 22 3 41 0.6163 0.0160 270 311
93-0-1-0.05-50-0 0 2450 45 22 12 42 0.3816 0.0160 173 311
93-0-1-0.05-50-0 0 2450 22 31 41 9 0.0160 0.5626 311 252
93-0-1-0.05-50-0 0 2450 22 22 41 41 0.0160 0.0160 311 311
93-0-1-0.05-50-0 0 2451 48 45 10 12 0.1153 0.3816 334 173
93-0-1-0.05-50-0 0 2451 49 6 8 6 0.1842 0.4266 136 249
93-0-1-0.05-50-0 0 2451 45 22 11 39 0.3816 0.0160 173 311
93-0-1-0.05-50-0 0 2452 49 22 8 37 0.1842 0.0160 136 311
93-0-1-0.05-50-0 0 2452 22 22 36 36 0.0160 0.0160 311 311
93-0-1-0.05-50-0 0 2452 7 8 2 10 0.9267 0.2506 106 303
93-0-1-0.05-50-0 0 2453 24 44 6 3 0.1940 0.7034 254 118
93-0-1-0.05-50-0 0 2453 22 46 35 3 0.0160 0.3451 311 327
93-0-1-0.05-50-0 0 2453 36 22 4 35 0.8162 0.0160 165 311
93-0-1-0.05-50-0 0 2454 45 22 10 35 0.3816 0.0160 173 311
93-0-1-0.05-50-0 0 2454 5 22 3 34 0.0007 0.0160 226 311
93-0-1-0.05-50-0 0 2454 46 38 2 1 0.3451 0.6163 327 270
93-0-1-0.05-50-0 0 2455 45 9 10 3 0.3816 0.6134 173 161
93-0-1-0.05-50-0 0 2455 31 22 9 33 0.5626 0.0160 252 311
93-0-1-0.05-50-0 0 2455 31 22 9 32 0.5626 0.0160 252 311
93-0-1-0.05-50-0 0 2456 22 22 29 29 0.0160 0.0160 311 311
93-0-1-0.05-50-0 0 2456 48 32 10 5 0.1153 0.6514 334 215
93-0-1-0.05-50-0 0 2456 3 44 2 3 0.4813 0.7034 321 118
93-0-1-0.05-50-0 0 2457 49 4 11 9 0.1842 0.0723 136 351
93-0-1-0.05-50-0 0 2457 8 4 16 8 0.2506 0.0723 303 351
93-0-1-0.05-50-0 0 2457 15 22 2 29 0.7918 0.0160 149 311
93-0-1-0.05-50-0 0 2458 22 36 29 4 0.0160 0.8162 311 165
93-0-1-0.05-50-0 0 2458 30 6 3 7 0.6008 0.4266 266 249
93-0-1-0.05-50-0 0 2458 31 49 9 10 0.5626 0.1842 252 136
93-0-1-0.05-50-0 0 2459 22 48 31 12 0.0160 0.1153 311 334
93-0-1-0.05-50-0 0 2459 45 16 12 3 0.3816 0.2228 173 149
93-0-1-0.05-50-0 0 2459 8 49 16 8 0.2506 0.1842 303 136
93-0-1-0.05-50-0 0 2460 2 46 1 1 0.8198 0.3451 167 327
93-0-1-0.05-50-0 0 2460 22 5 33 4 0.0160 0.0007 311 226
93-0-1-0.05-50-0 0 2460 8 22 16 33 0.2506 0.0160 303 311
93-0-1-0.05-50-0 0 2461 4 9 8 4 0.0723 0.6134 351 161
93-0-1-0.05-50-0 0 2461 22 22 33 33 0.0160 0.0160 311 311
93-0-1-0.05-50-0 0 2461 45 47 11 3 0.3816 0.9293 173 103
93-0-1-0.05-50-0 0 2462 31 22 8 33 0.5626 0.0160 252 311
93-0-1-0.05-50-0 0 2462 22 15 32 2 0.0160 0.7918 311 149
93-0-1-0.05-50-0 0 2463 22 22 33 33 0.0160 0.0160 311 311
93-0-1-0.05-50-0 0 2463 48 45 9 12 0.1153 0.3816 334 173
93-0-1-0.05-50-0 0 2463 16 8 3 18 0.2228 0.2506 149 303
93-0-1-0.05-50-0 0 2464 11 9 1 3 0.0504 0.6134 384 161
93-0-1-0.05-50-0 0 2464 4 4 9 9 0.0723 0.0723 351 351
93-0-1-0.05-50-0 0 2464 32 39 5 5 0.6514 0.2187 215 309
93-0-1-0.05-50-0 0 2465 8 7 17 2 0.2506 0.9267 303 106
93-0-1-0.05-50-0 0 2465 22 3 34 2 0.0160 0.4813 311 321
93-0-1-0.05-50-0 0 2465 30 41 2 1 0.6008 0.9621 266 105
93-0-1-0.05-50-0 0 2466 31 22 7 35 0.5626 0.0160 252 311
93-0-1-0.05-50-0 0 2466 22 24 34 5 0.0160 0.1940 311 254
93-0-1-0.05-50-0 0 2466 33 9 1 2 0.6893 0.6134 191 161
93-0-1-0.05-50-0 0 2467 32 31 4 7 0.6514 0.5626 215 252
93-0-1-0.05-50-0 0 2467 1 22 1 35 0.2520 0.0160 409 311
93-0-1-0.05-50-0 0 2467 48 8 13 18 0.1153 0.2506 334 303
93-0-1-0.05-50-0 0 2468 39 22 5 34 0.2187 0.0160 309 311
93-0-1-0.05-50-0 0 2468 3 8 1 17 0.4813 0.2506 321 303
93-0-1-0.05-50-0 0 2468 45 22 13 33 0.3816 0.0160 173 311
93-0-1-0.05-50-0 0 2469 22 45 34 13 0.0160 0.3816 311 173
93-0-1-0.05-50-0 0 2469 32 8 4 16 0.6514 0.2506 215 303
93-0-1-0.05-50-0 0 2469 22 22 34 34 0.0160 0.0160 311 311
93-0-1-0.05-50-0 0 2470 44 31 3 7 0.7034 0.5626 118 252
93-0-1-0.05-50-0 0 2470 4 49 7 8 0.0723 0.1842 351 136
93-0-1-0.05-50-0 0 2470 24 49 3 7 0.1940 0.1842 254 136
93-0-1-0.05-50-0 0 2471 24 4 3 7 0.1940 0.0723 254 351
93-0-1-0.05-50-0 0 2471 4 4 6 6 0.0723 0.0723 351 351
93-0-1-0.05-50-0 0 2471 13 32 2 4 0.8878 0.6514 151 215
93-0-1-0.05-50-0 0 2472 30 39 2 6 0.6008 0.2187 266 309
93-0-1-0.05-50-0 0 2472 45 4 15 5 0.3816 0.0723 173 351
93-0-1-0.05-50-0 0 2472 22 22 40 40 0.0160 0.0160 311 311
93-0-1-0.05-50-0 0 2473 8 49 15 7 0.2506 0.1842 303 136
93-0-1-0.05-50-0 0 2473 22 22 40 40 0.0160 0.0160 311 311
93-0-1-0.05-50-0 0 2473 6 36 9 3 0.4266 0.8162 249 165
93-0-1-0.05-50-0 0 2474 5 22 3 40 0.0007 0.0160 226 311
93-0-1-0.05-50-0 0 2474 8 6 15 11 0.2506 0.4266 303 249
93-0-1-0.05-50-0 0 2474 22 8 39 15 0.0160 0.2506 311 303
93-0-1-0.05-50-0 0 2475 4 48 4 12 0.0723 0.1153 351 334
93-0-1-0.05-50-0 0 2475 16 22 4 42 0.2228 0.0160 149 311
93-0-1-0.05-50-0 0 2475 2 39 2 6 0.8198 0.2187 167 309
93-0-1-0.05-50-0 0 2476 48 16 11 4 0.1153 0.2228 334 149
93-0-1-0.05-50-0 0 2476 9 5 2 3 0.6134 0.0007 161 226
93-0-1-0.05-50-0 0 2476 48 22 11 45 0.1153 0.0160 334 311
93-0-1-0.05-50-0 0 2477 6 43 9 3 0.4266 0.8316 249 123
93-0-1-0.05-50-0 0 2477 22 22 45 45 0.0160 0.0160 311 311
93-0-1-0.05-50-0 0 2477 16 6 3 9 0.2228 0.4266 149 249
93-0-1-0.05-50-0 0 2478 22 32 43 4 0.0160 0.6514 311 215
93-0-1-0.05-50-0 0 2478 35 36 4 2 0.0354 0.8162 158 165
93-0-1-0.05-50-0 0 2478 22 18 43 4 0.0160 0.2181 311 226
93-0-1-0.05-50-0 0 2479 35 22 4 44 0.0354 0.0160 158 311
93-0-1-0.05-50-0 0 2479 18 49 3 8 0.2181 0.1842 226 136
93-0-1-0.05-50-0 0 2479 22 22 43 43 0.0160 0.0160 311 311
93-0-1-0.05-50-0 0 2480 8 4 15 5 0.2506 0.0723 303 351
93-0-1-0.05-50-0 0 2480 35 22 4 40 0.0354 0.0160 158 311
93-0-1-0.05-50-0 0 2480 22 16 39 2 0.0160 0.2228 311 149
93-0-1-0.05-50-0 0 2481 48 31 13 8 0.1153 0.5626 334 252
93-0-1-0.05-50-0 0 2481 22 24 39 3 0.0160 0.1940 311 254
93-0-1-0.05-50-0 0 2481 49 22 6 39 0.1842 0.0160 136 311
93-0-1-0.05-50-0 0 2482 46 22 2 41 0.3451 0.0160 327 311
93-0-1-0.05-50-0 0 2482 22 2 40 3 0.0160 0.8198 311 167
93-0-1-0.05-50-0 0 2482 45 48 14 11 0.3816 0.1153 173 334
93-0-1-0.05-50-0 0 2483 22 46 42 2 0.0160 0.3451 311 327
93-0-1-0.05-50-0 0 2483 22 22 42 42 0.0160 0.0160 311 311
93-0-1-0.05-50-0 0 2483 3 22 4 41 0.4813 0.0160 321 311
93-0-1-0.05-50-0 0 2484 32 22 2 41 0.6514 0.0160 215 311
93-0-1-0.05-50-0 0 2484 3 49 4 6 0.4813 0.1842 321 136
93-0-1-0.05-50-0 0 2485 22 22 40 40 0.0160 0.0160 311 311
93-0-1-0.05-50-0 0 2485 22 3 39 4 0.0160 0.4813 311 321
93-0-1-0.05-50-0 0 2486 31 42 6 1 0.5626 0.7447 252 106
93-0-1-0.05-50-0 0 2486 22 21 37 2 0.0160 0.4184 311 158
93-0-1-0.05-50-0 0 2487 22 49 36 5 0.0160 0.1842 311 136
93-0-1-0.05-50-0 0 2487 22 22 36 36 0.0160 0.0160 311 311
93-0-1-0.05-50-0 0 2488 45 22 12 34 0.3816 0.0160 173 311
93-0-1-0.05-50-0 0 2488 45 8 12 14 0.3816 0.2506 173 303
93-0-1-0.05-50-0 0 2489 22 22 32 32 0.0160 0.0160 311 311
93-0-1-0.05-50-0 0 2489 45 18 11 2 0.3816 0.2181 173 226
93-0-1-0.05-50-0 0 2490 45 13 11 2 0.3816 0.8878 173 151
93-0-1-0.05-50-0 0 2490 22 8 31 13 0.0160 0.2506 311 303
93-0-1-0.05-50-0 0 2491 16 44 2 9 0.2228 0.7034 149 118
93-0-1-0.05-50-0 0 2491 22 42 33 1 0.0160 0.7447 311 106
93-0-1-0.05-50-0 0 2492 22 8 32 13 0.0160 0.2506 311 303
93-0-1-0.05-50-0 0 2492 48 22 15 32 0.1153 0.0160 334 311
93-0-1-0.05-50-0 0 2493 43 33 2 2 0.8316 0.6893 123 191
93-0-1-0.05-50-0 0 2493 6 22 6 31 0.4266 0.0160 249 311
93-0-1-0.05-50-0 0 2494 48 8 15 11 0.1153 0.2506 334 303
93-0-1-0.05-50-0 0 2494 45 31 10 8 0.3816 0.5626 173 252
93-0-1-0.05-50-0 0 2495 8 3 10 6 0.2506 0.4813 303 321
93-0-1-0.05-50-0 0 2495 48 22 14 32 0.1153 0.0160 334 311
93-0-1-0.05-50-0 0 2496 36 5 1 2 0.8162 0.0007 165 226
93-0-1-0.05-50-0 0 2496 22 22 35 35 0.0160 0.0160 311 311
93-0-1-0.05-50-0 0 2496 8 47 10 2 0.2506 0.9293 303 103
93-0-1-0.05-50-0 0 2497 35 8 6 11 0.0354 0.2506 158 303
93-0-1-0.05-50-0 0 2497 48 32 14 2 0.1153 0.6514 334 215
93-0-1-0.05-50-0 0 2497 46 45 1 13 0.3451 0.3816 327 173
93-0-1-0.05-50-0 0 2498 22 45 38 14 0.0160 0.3816 311 173
93-0-1-0.05-50-0 0 2498 4 45 2 13 0.0723 0.3816 351 173
93-0-1-0.05-50-0 0 2498 22 25 38 1 0.0160 0.9430 311 125
93-0-1-0.05-50-0 0 2499 2 49 3 6 0.8198 0.1842 167 136
93-0-1-0.05-50-0 0 2499 6 22 6 39 0.4266 0.0160 249 311
93-0-1-0.05-50-0 0 2499 35 4 7 2 0.0354 0.0723 158 351
93-0-1-0.05-50-0 0 2500 45 22 12 39 0.3816 0.0160 173 311
93-0-1-0.05-50-0 0 2500 49 22 6 38 0.1842 0.0160 136 311
93-0-1-0.05-50-0 0 2500 44 22 7 37 0.7034 0.0160 118 311
