94-0-1-0.05-50-0 0 2302 45 45 33 33 0.3816 0.3816 173 173
94-0-1-0.05-50-0 0 2302 1 45 17 32 0.2520 0.3816 409 173
94-0-1-0.05-50-0 0 2303 17 45 1 33 0.6398 0.3816 197 173
94-0-1-0.05-50-0 0 2303 48 45 6 32 0.1153 0.3816 334 173
94-0-1-0.05-50-0 0 2304 45 22 31 4 0.3816 0.0160 173 311
94-0-1-0.05-50-0 0 2304 30 30 5 5 0.6008 0.6008 266 266
94-0-1-0.05-50-0 0 2305 11 42 7 2 0.0504 0.7447 384 106
94-0-1-0.05-50-0 0 2305 45 11 33 7 0.3816 0.0504 173 384
94-0-1-0.05-50-0 0 2306 45 36 32 2 0.3816 0.8162 173 165
94-0-1-0.05-50-0 0 2306 44 1 3 15 0.7034 0.2520 118 409
94-0-1-0.05-50-0 0 2307 1 19 14 2 0.2520 0.8072 409 134
94-0-1-0.05-50-0 0 2307 10 45 16 32 0.2533 0.3816 449 173
94-0-1-0.05-50-0 0 2308 10 19 15 1 0.2533 0.8072 449 134
94-0-1-0.05-50-0 0 2308 11 45 6 29 0.0504 0.3816 384 173
94-0-1-0.05-50-0 0 2309 45 48 28 6 0.3816 0.1153 173 334
94-0-1-0.05-50-0 0 2309 48 45 5 28 0.1153 0.3816 334 173
94-0-1-0.05-50-0 0 2310 1 48 14 4 0.2520 0.1153 409 334
94-0-1-0.05-50-0 0 2310 45 33 30 2 0.3816 0.6893 173 191
94-0-1-0.05-50-0 0 2311 45 10 31 16 0.3816 0.2533 173 449
94-0-1-0.05-50-0 0 2311 10 1 15 14 0.2533 0.2520 449 409
94-0-1-0.05-50-0 0 2312 13 45 4 31 0.8878 0.3816 151 173
94-0-1-0.05-50-0 0 2312 10 45 15 30 0.2533 0.3816 449 173
94-0-1-0.05-50-0 0 2313 10 11 16 13 0.2533 0.0504 449 384
94-0-1-0.05-50-0 0 2313 12 30 4 6 0.1896 0.6008 325 266
94-0-1-0.05-50-0 0 2314 45 10 33 16 0.3816 0.2533 173 449
94-0-1-0.05-50-0 0 2314 38 42 2 1 0.6163 0.7447 270 106
94-0-1-0.05-50-0 0 2315 24 45 1 33 0.1940 0.3816 254 173
94-0-1-0.05-50-0 0 2315 45 45 32 32 0.3816 0.3816 173 173
94-0-1-0.05-50-0 0 2316 1 10 13 17 0.2520 0.2533 409 449
94-0-1-0.05-50-0 0 2316 45 1 33 13 0.3816 0.2520 173 409
94-0-1-0.05-50-0 0 2317 45 11 32 14 0.3816 0.0504 173 384
94-0-1-0.05-50-0 0 2317 45 27 32 2 0.3816 0.0776 173 149
94-0-1-0.05-50-0 0 2318 30 45 5 34 0.6008 0.3816 266 173
94-0-1-0.05-50-0 0 2318 49 45 1 33 0.1842 0.3816 136 173
94-0-1-0.05-50-0 0 2319 11 45 13 32 0.0504 0.3816 384 173
94-0-1-0.05-50-0 0 2319 49 45 2 31 0.1842 0.3816 136 173
94-0-1-0.05-50-0 0 2320 10 10 15 15 0.2533 0.2533 449 449
94-0-1-0.05-50-0 0 2320 13 35 3 3 0.8878 0.0354 151 158
94-0-1-0.05-50-0 0 2321 1 49 17 3 0.2520 0.1842 409 136
94-0-1-0.05-50-0 0 2321 18 5 1 2 0.2181 0.0007 226 226
94-0-1-0.05-50-0 0 2322 22 1 7 16 0.0160 0.2520 311 409
94-0-1-0.05-50-0 0 2322 49 1 2 15 0.1842 0.2520 136 409
94-0-1-0.05-50-0 0 2323 45 45 35 35 0.3816 0.3816 173 173
94-0-1-0.05-50-0 0 2323 1 12 14 7 0.2520 0.1896 409 325
94-0-1-0.05-50-0 0 2324 1 30 14 4 0.2520 0.6008 409 266
94-0-1-0.05-50-0 0 2324 45 10 33 14 0.3816 0.2533 173 449
94-0-1-0.05-50-0 0 2325 12 13 6 3 0.1896 0.8878 325 151
94-0-1-0.05-50-0 0 2325 44 49 2 1 0.7034 0.1842 118 136
94-0-1-0.05-50-0 0 2326 3 1 1 14 0.4813 0.2520 321 409
94-0-1-0.05-50-0 0 2326 1 45 13 32 0.2520 0.3816 409 173
94-0-1-0.05-50-0 0 2327 1 45 15 32 0.2520 0.3816 409 173
94-0-1-0.05-50-0 0 2327 35 29 1 1 0.0354 0.6728 158 177
94-0-1-0.05-50-0 0 2328 45 33 32 5 0.3816 0.6893 173 191
94-0-1-0.05-50-0 0 2328 33 45 4 32 0.6893 0.3816 191 173
94-0-1-0.05-50-0 0 2329 22 12 6 8 0.0160 0.1896 311 325
94-0-1-0.05-50-0 0 2329 45 27 30 2 0.3816 0.0776 173 149
94-0-1-0.05-50-0 0 2330 18 1 5 15 0.2181 0.2520 226 409
94-0-1-0.05-50-0 0 2330 1 11 14 13 0.2520 0.0504 409 384
94-0-1-0.05-50-0 0 2331 48 18 4 5 0.1153 0.2181 334 226
94-0-1-0.05-50-0 0 2331 45 11 29 13 0.3816 0.0504 173 384
94-0-1-0.05-50-0 0 2332 1 10 16 14 0.2520 0.2533 409 449
94-0-1-0.05-50-0 0 2332 10 13 13 3 0.2533 0.8878 449 151
94-0-1-0.05-50-0 0 2333 28 10 1 14 0.3846 0.2533 311 449
94-0-1-0.05-50-0 0 2333 1 10 17 13 0.2520 0.2533 409 449
94-0-1-0.05-50-0 0 2334 23 1 2 18 0.1698 0.2520 476 409
94-0-1-0.05-50-0 0 2334 45 1 28 17 0.3816 0.2520 173 409
94-0-1-0.05-50-0 0 2335 1 10 15 14 0.2520 0.2533 409 449
94-0-1-0.05-50-0 0 2335 10 30 13 7 0.2533 0.6008 449 266
94-0-1-0.05-50-0 0 2336 45 45 27 27 0.3816 0.3816 173 173
94-0-1-0.05-50-0 0 2336 11 45 15 26 0.0504 0.3816 384 173
94-0-1-0.05-50-0 0 2337 10 45 12 24 0.2533 0.3816 449 173
94-0-1-0.05-50-0 0 2337 35 30 1 6 0.0354 0.6008 158 266
94-0-1-0.05-50-0 0 2338 23 5 3 2 0.1698 0.0007 476 226
94-0-1-0.05-50-0 0 2338 45 19 22 4 0.3816 0.8072 173 134
94-0-1-0.05-50-0 0 2339 37 45 1 21 0.8481 0.3816 127 173
94-0-1-0.05-50-0 0 2339 45 8 20 4 0.3816 0.2506 173 303
94-0-1-0.05-50-0 0 2340 45 45 22 22 0.3816 0.3816 173 173
94-0-1-0.05-50-0 0 2340 22 10 5 10 0.0160 0.2533 311 449
94-0-1-0.05-50-0 0 2341 22 46 7 1 0.0160 0.3451 311 327
94-0-1-0.05-50-0 0 2341 44 33 2 4 0.7034 0.6893 118 191
94-0-1-0.05-50-0 0 2342 23 11 4 21 0.1698 0.0504 476 384
94-0-1-0.05-50-0 0 2342 13 39 2 1 0.8878 0.2187 151 309
94-0-1-0.05-50-0 0 2343 11 12 20 11 0.0504 0.1896 384 325
94-0-1-0.05-50-0 0 2343 28 31 1 4 0.3846 0.5626 311 252
94-0-1-0.05-50-0 0 2344 48 27 5 2 0.1153 0.0776 334 149
94-0-1-0.05-50-0 0 2344 11 10 20 12 0.0504 0.2533 384 449
94-0-1-0.05-50-0 0 2345 30 1 8 15 0.6008 0.2520 266 409
94-0-1-0.05-50-0 0 2345 48 11 5 22 0.1153 0.0504 334 384
94-0-1-0.05-50-0 0 2346 45 30 25 9 0.3816 0.6008 173 266
94-0-1-0.05-50-0 0 2346 18 48 2 5 0.2181 0.1153 226 334
94-0-1-0.05-50-0 0 2347 12 1 10 14 0.1896 0.2520 325 409
94-0-1-0.05-50-0 0 2347 35 12 2 10 0.0354 0.1896 158 325
94-0-1-0.05-50-0 0 2348 23 10 4 11 0.1698 0.2533 476 449
94-0-1-0.05-50-0 0 2348 12 12 10 10 0.1896 0.1896 325 325
94-0-1-0.05-50-0 0 2348 23 1 4 14 0.1698 0.2520 476 409
94-0-1-0.05-50-0 0 2349 41 45 2 30 0.9621 0.3816 105 173
94-0-1-0.05-50-0 0 2349 11 31 22 3 0.0504 0.5626 384 252
94-0-1-0.05-50-0 0 2349 50 11 6 22 0.2147 0.0504 147 384
94-0-1-0.05-50-0 0 2350 1 11 14 22 0.2520 0.0504 409 384
94-0-1-0.05-50-0 0 2350 48 45 5 29 0.1153 0.3816 334 173
94-0-1-0.05-50-0 0 2350 45 11 28 21 0.3816 0.0504 173 384
94-0-1-0.05-50-0 0 2351 50 10 7 12 0.2147 0.2533 147 449
94-0-1-0.05-50-0 0 2351 11 32 20 5 0.0504 0.6514 384 215
94-0-1-0.05-50-0 0 2351 28 11 2 20 0.3846 0.0504 311 384
94-0-1-0.05-50-0 0 2352 45 11 27 21 0.3816 0.0504 173 384
94-0-1-0.05-50-0 0 2352 12 44 9 7 0.1896 0.7034 325 118
94-0-1-0.05-50-0 0 2352 45 33 27 3 0.3816 0.6893 173 191
94-0-1-0.05-50-0 0 2353 22 1 4 14 0.0160 0.2520 311 409
94-0-1-0.05-50-0 0 2353 10 45 12 27 0.2533 0.3816 449 173
94-0-1-0.05-50-0 0 2353 45 1 26 13 0.3816 0.2520 173 409
94-0-1-0.05-50-0 0 2354 44 49 4 1 0.7034 0.1842 118 136
94-0-1-0.05-50-0 0 2354 30 37 12 3 0.6008 0.8481 266 127
94-0-1-0.05-50-0 0 2354 11 32 22 5 0.0504 0.6514 384 215
94-0-1-0.05-50-0 0 2355 19 10 2 13 0.8072 0.2533 134 449
94-0-1-0.05-50-0 0 2355 44 11 4 22 0.7034 0.0504 118 384
94-0-1-0.05-50-0 0 2355 37 15 3 3 0.8481 0.7918 127 149
94-0-1-0.05-50-0 0 2356 48 26 6 1 0.1153 0.8171 334 141
94-0-1-0.05-50-0 0 2356 48 30 6 12 0.1153 0.6008 334 266
94-0-1-0.05-50-0 0 2356 1 12 10 9 0.2520 0.1896 409 325
94-0-1-0.05-50-0 0 2357 33 23 3 4 0.6893 0.1698 191 476
94-0-1-0.05-50-0 0 2357 1 45 10 25 0.2520 0.3816 409 173
94-0-1-0.05-50-0 0 2358 10 50 14 6 0.2533 0.2147 449 147
94-0-1-0.05-50-0 0 2358 44 42 6 1 0.7034 0.7447 118 106
94-0-1-0.05-50-0 0 2358 27 45 1 24 0.0776 0.3816 149 173
94-0-1-0.05-50-0 0 2359 45 1 23 9 0.3816 0.2520 173 409
94-0-1-0.05-50-0 0 2359 32 10 2 14 0.6514 0.2533 215 449
94-0-1-0.05-50-0 0 2360 48 45 7 23 0.1153 0.3816 334 173
94-0-1-0.05-50-0 0 2360 38 12 1 8 0.6163 0.1896 270 325
94-0-1-0.05-50-0 0 2361 11 1 26 9 0.0504 0.2520 384 409
94-0-1-0.05-50-0 0 2361 10 48 13 7 0.2533 0.1153 449 334
94-0-1-0.05-50-0 0 2362 10 1 13 8 0.2533 0.2520 449 409
94-0-1-0.05-50-0 0 2362 11 5 27 3 0.0504 0.0007 384 226
94-0-1-0.05-50-0 0 2362 1 23 7 5 0.2520 0.1698 409 476
94-0-1-0.05-50-0 0 2363 11 11 27 27 0.0504 0.0504 384 384
94-0-1-0.05-50-0 0 2363 45 30 25 11 0.3816 0.6008 173 266
94-0-1-0.05-50-0 0 2364 11 33 25 3 0.0504 0.6893 384 191
94-0-1-0.05-50-0 0 2364 45 44 24 5 0.3816 0.7034 173 118
94-0-1-0.05-50-0 0 2365 31 48 2 6 0.5626 0.1153 252 334
94-0-1-0.05-50-0 0 2365 5 12 2 5 0.0007 0.1896 226 325
94-0-1-0.05-50-0 0 2366 45 48 26 5 0.3816 0.1153 173 334
94-0-1-0.05-50-0 0 2366 12 16 5 1 0.1896 0.2228 325 149
94-0-1-0.05-50-0 0 2367 45 1 26 5 0.3816 0.2520 173 409
94-0-1-0.05-50-0 0 2367 29 10 3 14 0.6728 0.2533 177 449
94-0-1-0.05-50-0 0 2368 12 29 6 3 0.1896 0.6728 325 177
94-0-1-0.05-50-0 0 2368 11 50 26 5 0.0504 0.2147 384 147
94-0-1-0.05-50-0 0 2369 30 18 10 7 0.6008 0.2181 266 226
94-0-1-0.05-50-0 0 2369 10 45 13 27 0.2533 0.3816 449 173
94-0-1-0.05-50-0 0 2370 30 29 10 2 0.6008 0.6728 266 177
94-0-1-0.05-50-0 0 2370 30 30 10 10 0.6008 0.6008 266 266
94-0-1-0.05-50-0 0 2371 37 12 3 7 0.8481 0.1896 127 325
94-0-1-0.05-50-0 0 2371 45 37 30 3 0.3816 0.8481 173 127
94-0-1-0.05-50-0 0 2372 1 48 4 3 0.2520 0.1153 409 334
94-0-1-0.05-50-0 0 2372 12 45 8 29 0.1896 0.3816 325 173
94-0-1-0.05-50-0 0 2373 12 11 9 27 0.1896 0.0504 325 384
94-0-1-0.05-50-0 0 2373 23 45 4 26 0.1698 0.3816 476 173
94-0-1-0.05-50-0 0 2374 12 8 8 3 0.1896 0.2506 325 303
94-0-1-0.05-50-0 0 2374 11 31 29 5 0.0504 0.5626 384 252
94-0-1-0.05-50-0 0 2375 19 33 1 3 0.8072 0.6893 134 191
94-0-1-0.05-50-0 0 2375 50 12 3 8 0.2147 0.1896 147 325
94-0-1-0.05-50-0 0 2376 11 27 30 1 0.0504 0.0776 384 149
94-0-1-0.05-50-0 0 2376 11 23 30 7 0.0504 0.1698 384 476
94-0-1-0.05-50-0 0 2377 50 23 2 6 0.2147 0.1698 147 476
94-0-1-0.05-50-0 0 2377 37 11 3 27 0.8481 0.0504 127 384
94-0-1-0.05-50-0 0 2378 45 19 24 2 0.3816 0.8072 173 134
94-0-1-0.05-50-0 0 2378 11 44 26 3 0.0504 0.7034 384 118
94-0-1-0.05-50-0 0 2379 1 11 5 28 0.2520 0.0504 409 384
94-0-1-0.05-50-0 0 2379 5 45 4 23 0.0007 0.3816 226 173
94-0-1-0.05-50-0 0 2380 9 44 4 2 0.6134 0.7034 161 118
94-0-1-0.05-50-0 0 2380 31 11 5 27 0.5626 0.0504 252 384
94-0-1-0.05-50-0 0 2381 45 45 25 25 0.3816 0.3816 173 173
94-0-1-0.05-50-0 0 2381 23 30 5 10 0.1698 0.6008 476 266
94-0-1-0.05-50-0 0 2382 12 11 7 24 0.1896 0.0504 325 384
94-0-1-0.05-50-0 0 2382 9 5 4 4 0.6134 0.0007 161 226
94-0-1-0.05-50-0 0 2383 45 20 28 1 0.3816 0.9922 173 102
94-0-1-0.05-50-0 0 2383 33 45 3 28 0.6893 0.3816 191 173
94-0-1-0.05-50-0 0 2384 10 8 13 3 0.2533 0.2506 449 303
94-0-1-0.05-50-0 0 2384 45 15 25 5 0.3816 0.7918 173 149
94-0-1-0.05-50-0 0 2385 45 35 25 1 0.3816 0.0354 173 158
94-0-1-0.05-50-0 0 2385 31 10 8 13 0.5626 0.2533 252 449
94-0-1-0.05-50-0 0 2386 18 18 10 10 0.2181 0.2181 226 226
94-0-1-0.05-50-0 0 2386 45 10 24 12 0.3816 0.2533 173 449
94-0-1-0.05-50-0 0 2387 10 18 11 10 0.2533 0.2181 449 226
94-0-1-0.05-50-0 0 2387 22 9 3 5 0.0160 0.6134 311 161
94-0-1-0.05-50-0 0 2388 11 10 18 12 0.0504 0.2533 384 449
94-0-1-0.05-50-0 0 2388 45 18 21 9 0.3816 0.2181 173 226
94-0-1-0.05-50-0 0 2389 22 45 4 21 0.0160 0.3816 311 173
94-0-1-0.05-50-0 0 2389 11 1 18 3 0.0504 0.2520 384 409
94-0-1-0.05-50-0 0 2390 11 10 18 10 0.0504 0.2533 384 449
94-0-1-0.05-50-0 0 2390 11 45 18 21 0.0504 0.3816 384 173
94-0-1-0.05-50-0 0 2391 5 30 3 11 0.0007 0.6008 226 266
94-0-1-0.05-50-0 0 2391 9 15 4 5 0.6134 0.7918 161 149
94-0-1-0.05-50-0 0 2392 12 22 6 4 0.1896 0.0160 325 311
94-0-1-0.05-50-0 0 2392 30 30 11 11 0.6008 0.6008 266 266
94-0-1-0.05-50-0 0 2393 12 40 6 1 0.1896 0.9739 325 104
94-0-1-0.05-50-0 0 2393 45 10 20 8 0.3816 0.2533 173 449
94-0-1-0.05-50-0 0 2394 12 11 6 19 0.1896 0.0504 325 384
94-0-1-0.05-50-0 0 2394 44 45 3 19 0.7034 0.3816 118 173
94-0-1-0.05-50-0 0 2395 12 45 6 18 0.1896 0.3816 325 173
94-0-1-0.05-50-0 0 2395 22 10 3 9 0.0160 0.2533 311 449
94-0-1-0.05-50-0 0 2396 50 10 1 8 0.2147 0.2533 147 449
94-0-1-0.05-50-0 0 2396 28 11 1 19 0.3846 0.0504 311 384
94-0-1-0.05-50-0 0 2397 30 44 12 3 0.6008 0.7034 266 118
94-0-1-0.05-50-0 0 2397 18 21 6 1 0.2181 0.4184 226 158
94-0-1-0.05-50-0 0 2398 5 36 4 1 0.0007 0.8162 226 165
94-0-1-0.05-50-0 0 2398 10 18 7 5 0.2533 0.2181 449 226
94-0-1-0.05-50-0 0 2399 41 30 2 13 0.9621 0.6008 105 266
94-0-1-0.05-50-0 0 2399 1 15 3 5 0.2520 0.7918 409 149
94-0-1-0.05-50-0 0 2400 15 30 5 13 0.7918 0.6008 149 266
94-0-1-0.05-50-0 0 2400 9 5 3 5 0.6134 0.0007 161 226
94-0-1-0.05-50-0 0 2401 31 48 10 9 0.5626 0.1153 252 334
94-0-1-0.05-50-0 0 2401 31 28 10 1 0.5626 0.3846 252 311
94-0-1-0.05-50-0 0 2402 8 11 3 24 0.2506 0.0504 303 384
94-0-1-0.05-50-0 0 2402 45 48 15 8 0.3816 0.1153 173 334
94-0-1-0.05-50-0 0 2403 1 31 4 13 0.2520 0.5626 409 252
94-0-1-0.05-50-0 0 2403 15 11 7 23 0.7918 0.0504 149 384
94-0-1-0.05-50-0 0 2404 42 48 4 7 0.7447 0.1153 106 334
94-0-1-0.05-50-0 0 2404 15 42 7 4 0.7918 0.7447 149 106
94-0-1-0.05-50-0 0 2405 1 12 4 4 0.2520 0.1896 409 325
94-0-1-0.05-50-0 0 2405 31 45 13 15 0.5626 0.3816 252 173
94-0-1-0.05-50-0 0 2406 10 11 6 27 0.2533 0.0504 449 384
94-0-1-0.05-50-0 0 2406 11 45 26 15 0.0504 0.3816 384 173
94-0-1-0.05-50-0 0 2407 11 45 22 13 0.0504 0.3816 384 173
94-0-1-0.05-50-0 0 2407 45 30 12 16 0.3816 0.6008 173 266
94-0-1-0.05-50-0 0 2408 23 30 6 15 0.1698 0.6008 476 266
94-0-1-0.05-50-0 0 2408 11 49 23 1 0.0504 0.1842 384 136
94-0-1-0.05-50-0 0 2409 11 42 22 5 0.0504 0.7447 384 106
94-0-1-0.05-50-0 0 2409 30 8 16 4 0.6008 0.2506 266 303
94-0-1-0.05-50-0 0 2410 11 30 22 16 0.0504 0.6008 384 266
94-0-1-0.05-50-0 0 2410 23 27 6 1 0.1698 0.0776 476 149
94-0-1-0.05-50-0 0 2411 48 30 6 15 0.1153 0.6008 334 266
94-0-1-0.05-50-0 0 2411 11 22 23 6 0.0504 0.0160 384 311
94-0-1-0.05-50-0 0 2412 11 31 24 12 0.0504 0.5626 384 252
94-0-1-0.05-50-0 0 2412 9 30 2 12 0.6134 0.6008 161 266
94-0-1-0.05-50-0 0 2413 31 44 11 4 0.5626 0.7034 252 118
94-0-1-0.05-50-0 0 2413 30 33 11 2 0.6008 0.6893 266 191
94-0-1-0.05-50-0 0 2414 11 11 26 26 0.0504 0.0504 384 384
94-0-1-0.05-50-0 0 2414 11 23 25 6 0.0504 0.1698 384 476
94-0-1-0.05-50-0 0 2415 37 30 1 10 0.8481 0.6008 127 266
94-0-1-0.05-50-0 0 2415 36 45 1 16 0.8162 0.3816 165 173
94-0-1-0.05-50-0 0 2416 48 15 8 6 0.1153 0.7918 334 149
94-0-1-0.05-50-0 0 2416 1 11 4 25 0.2520 0.0504 409 384
94-0-1-0.05-50-0 0 2417 8 12 6 2 0.2506 0.1896 303 325
94-0-1-0.05-50-0 0 2417 31 20 11 1 0.5626 0.9922 252 102
94-0-1-0.05-50-0 0 2418 45 45 19 19 0.3816 0.3816 173 173
94-0-1-0.05-50-0 0 2418 26 47 3 1 0.8171 0.9293 141 103
94-0-1-0.05-50-0 0 2419 25 1 3 5 0.9430 0.2520 125 409
94-0-1-0.05-50-0 0 2419 11 10 25 6 0.0504 0.2533 384 449
94-0-1-0.05-50-0 0 2420 18 31 2 11 0.2181 0.5626 226 252
94-0-1-0.05-50-0 0 2420 31 8 10 6 0.5626 0.2506 252 303
94-0-1-0.05-50-0 0 2421 11 14 29 2 0.0504 0.8451 384 105
94-0-1-0.05-50-0 0 2421 48 11 11 29 0.1153 0.0504 334 384
94-0-1-0.05-50-0 0 2422 10 11 4 28 0.2533 0.0504 449 384
94-0-1-0.05-50-0 0 2422 45 11 22 27 0.3816 0.0504 173 384
94-0-1-0.05-50-0 0 2423 26 5 3 4 0.8171 0.0007 141 226
94-0-1-0.05-50-0 0 2423 48 11 10 26 0.1153 0.0504 334 384
94-0-1-0.05-50-0 0 2424 11 11 26 26 0.0504 0.0504 384 384
94-0-1-0.05-50-0 0 2424 48 22 10 7 0.1153 0.0160 334 311
94-0-1-0.05-50-0 0 2425 30 23 11 7 0.6008 0.1698 266 476
94-0-1-0.05-50-0 0 2425 9 29 2 3 0.6134 0.6728 161 177
94-0-1-0.05-50-0 0 2426 10 5 3 4 0.2533 0.0007 449 226
94-0-1-0.05-50-0 0 2426 39 11 1 25 0.2187 0.0504 309 384
94-0-1-0.05-50-0 0 2427 11 10 25 3 0.0504 0.2533 384 449
94-0-1-0.05-50-0 0 2427 30 30 11 11 0.6008 0.6008 266 266
94-0-1-0.05-50-0 0 2428 1 45 4 21 0.2520 0.3816 409 173
94-0-1-0.05-50-0 0 2428 45 30 20 9 0.3816 0.6008 173 266
94-0-1-0.05-50-0 0 2429 11 37 23 4 0.0504 0.8481 384 127
94-0-1-0.05-50-0 0 2429 31 5 4 4 0.5626 0.0007 252 226
94-0-1-0.05-50-0 0 2430 15 24 8 1 0.7918 0.1940 149 254
94-0-1-0.05-50-0 0 2430 5 11 2 24 0.0007 0.0504 226 384
94-0-1-0.05-50-0 0 2431 33 30 1 9 0.6893 0.6008 191 266
94-0-1-0.05-50-0 0 2431 48 22 6 6 0.1153 0.0160 334 311
94-0-1-0.05-50-0 0 2432 9 44 2 5 0.6134 0.7034 161 118
94-0-1-0.05-50-0 0 2432 42 48 5 6 0.7447 0.1153 106 334
94-0-1-0.05-50-0 0 2433 42 26 6 3 0.7447 0.8171 106 141
94-0-1-0.05-50-0 0 2433 42 45 6 21 0.7447 0.3816 106 173
94-0-1-0.05-50-0 0 2434 1 30 4 11 0.2520 0.6008 409 266
94-0-1-0.05-50-0 0 2434 30 18 10 2 0.6008 0.2181 266 226
94-0-1-0.05-50-0 0 2435 11 34 24 2 0.0504 0.7448 384 168
94-0-1-0.05-50-0 0 2435 31 30 3 10 0.5626 0.6008 252 266
94-0-1-0.05-50-0 0 2436 30 21 8 1 0.6008 0.4184 266 158
94-0-1-0.05-50-0 0 2436 31 42 4 6 0.5626 0.7447 252 106
94-0-1-0.05-50-0 0 2437 23 15 7 5 0.1698 0.7918 476 149
94-0-1-0.05-50-0 0 2437 45 45 27 27 0.3816 0.3816 173 173
94-0-1-0.05-50-0 0 2438 48 11 4 28 0.1153 0.0504 334 384
94-0-1-0.05-50-0 0 2438 45 22 26 6 0.3816 0.0160 173 311
94-0-1-0.05-50-0 0 2439 8 25 10 3 0.2506 0.9430 303 125
94-0-1-0.05-50-0 0 2439 45 11 26 27 0.3816 0.0504 173 384
94-0-1-0.05-50-0 0 2440 45 23 27 7 0.3816 0.1698 173 476
94-0-1-0.05-50-0 0 2440 27 45 1 27 0.0776 0.3816 149 173
94-0-1-0.05-50-0 0 2441 11 30 24 10 0.0504 0.6008 384 266
94-0-1-0.05-50-0 0 2441 31 37 4 3 0.5626 0.8481 252 127
94-0-1-0.05-50-0 0 2442 45 11 26 23 0.3816 0.0504 173 384
94-0-1-0.05-50-0 0 2442 23 22 5 8 0.1698 0.0160 476 311
94-0-1-0.05-50-0 0 2443 5 45 2 27 0.0007 0.3816 226 173
94-0-1-0.05-50-0 0 2443 4 23 1 5 0.0723 0.1698 351 476
94-0-1-0.05-50-0 0 2444 45 39 26 3 0.3816 0.2187 173 309
94-0-1-0.05-50-0 0 2444 11 15 22 4 0.0504 0.7918 384 149
94-0-1-0.05-50-0 0 2445 8 42 11 4 0.2506 0.7447 303 106
94-0-1-0.05-50-0 0 2445 8 28 11 1 0.2506 0.3846 303 311
94-0-1-0.05-50-0 0 2446 19 22 2 8 0.8072 0.0160 134 311
94-0-1-0.05-50-0 0 2446 48 4 3 1 0.1153 0.0723 334 351
94-0-1-0.05-50-0 0 2447 48 11 3 23 0.1153 0.0504 334 384
94-0-1-0.05-50-0 0 2447 22 8 8 10 0.0160 0.2506 311 303
94-0-1-0.05-50-0 0 2448 32 8 5 10 0.6514 0.2506 215 303
94-0-1-0.05-50-0 0 2448 39 45 2 25 0.2187 0.3816 309 173
94-0-1-0.05-50-0 0 2449 45 14 23 1 0.3816 0.8451 173 105
94-0-1-0.05-50-0 0 2449 42 11 3 21 0.7447 0.0504 106 384
94-0-1-0.05-50-0 0 2450 31 30 2 11 0.5626 0.6008 252 266
94-0-1-0.05-50-0 0 2450 23 11 4 19 0.1698 0.0504 476 384
94-0-1-0.05-50-0 0 2451 11 8 18 11 0.0504 0.2506 384 303
94-0-1-0.05-50-0 0 2451 11 11 18 18 0.0504 0.0504 384 384
94-0-1-0.05-50-0 0 2452 8 45 10 22 0.2506 0.3816 303 173
94-0-1-0.05-50-0 0 2452 22 37 13 2 0.0160 0.8481 311 127
94-0-1-0.05-50-0 0 2453 7 11 1 16 0.9267 0.0504 106 384
94-0-1-0.05-50-0 0 2453 45 32 22 4 0.3816 0.6514 173 215
94-0-1-0.05-50-0 0 2454 15 45 2 20 0.7918 0.3816 149 173
94-0-1-0.05-50-0 0 2454 23 48 4 4 0.1698 0.1153 476 334
94-0-1-0.05-50-0 0 2455 32 22 3 13 0.6514 0.0160 215 311
94-0-1-0.05-50-0 0 2455 42 40 7 1 0.7447 0.9739 106 104
94-0-1-0.05-50-0 0 2456 42 11 7 13 0.7447 0.0504 106 384
94-0-1-0.05-50-0 0 2456 48 8 4 12 0.1153 0.2506 334 303
94-0-1-0.05-50-0 0 2457 45 42 21 7 0.3816 0.7447 173 106
94-0-1-0.05-50-0 0 2457 23 11 6 13 0.1698 0.0504 476 384
94-0-1-0.05-50-0 0 2458 33 50 2 1 0.6893 0.2147 191 147
94-0-1-0.05-50-0 0 2458 48 34 4 2 0.1153 0.7448 334 168
94-0-1-0.05-50-0 0 2459 23 8 7 10 0.1698 0.2506 476 303
94-0-1-0.05-50-0 0 2459 45 19 21 3 0.3816 0.8072 173 134
94-0-1-0.05-50-0 0 2460 33 11 2 8 0.6893 0.0504 191 384
94-0-1-0.05-50-0 0 2460 18 45 2 22 0.2181 0.3816 226 173
94-0-1-0.05-50-0 0 2461 45 42 21 6 0.3816 0.7447 173 106
94-0-1-0.05-50-0 0 2461 30 5 11 2 0.6008 0.0007 266 226
94-0-1-0.05-50-0 0 2462 34 45 1 20 0.7448 0.3816 168 173
94-0-1-0.05-50-0 0 2462 31 8 1 7 0.5626 0.2506 252 303
94-0-1-0.05-50-0 0 2463 11 32 8 6 0.0504 0.6514 384 215
94-0-1-0.05-50-0 0 2463 23 41 7 3 0.1698 0.9621 476 105
94-0-1-0.05-50-0 0 2464 45 25 17 1 0.3816 0.9430 173 125
94-0-1-0.05-50-0 0 2464 30 42 12 6 0.6008 0.7447 266 106
94-0-1-0.05-50-0 0 2465 22 30 15 13 0.0160 0.6008 311 266
94-0-1-0.05-50-0 0 2465 7 35 2 2 0.9267 0.0354 106 158
94-0-1-0.05-50-0 0 2466 15 27 1 1 0.7918 0.0776 149 149
94-0-1-0.05-50-0 0 2466 11 2 9 1 0.0504 0.8198 384 167
94-0-1-0.05-50-0 0 2467 42 11 5 10 0.7447 0.0504 106 384
94-0-1-0.05-50-0 0 2467 39 22 2 15 0.2187 0.0160 309 311
94-0-1-0.05-50-0 0 2468 11 30 11 12 0.0504 0.6008 384 266
94-0-1-0.05-50-0 0 2468 46 23 2 8 0.3451 0.1698 327 476
94-0-1-0.05-50-0 0 2469 19 45 2 21 0.8072 0.3816 134 173
94-0-1-0.05-50-0 0 2469 23 35 8 2 0.1698 0.0354 476 158
94-0-1-0.05-50-0 0 2470 30 30 11 11 0.6008 0.6008 266 266
94-0-1-0.05-50-0 0 2470 22 8 15 6 0.0160 0.2506 311 303
94-0-1-0.05-50-0 0 2471 11 45 12 21 0.0504 0.3816 384 173
94-0-1-0.05-50-0 0 2471 45 45 20 20 0.3816 0.3816 173 173
94-0-1-0.05-50-0 0 2472 11 22 12 16 0.0504 0.0160 384 311
94-0-1-0.05-50-0 0 2472 23 35 10 1 0.1698 0.0354 476 158
94-0-1-0.05-50-0 0 2473 46 45 2 19 0.3451 0.3816 327 173
94-0-1-0.05-50-0 0 2473 45 30 18 8 0.3816 0.6008 173 266
94-0-1-0.05-50-0 0 2474 45 33 20 1 0.3816 0.6893 173 191
94-0-1-0.05-50-0 0 2474 22 22 15 15 0.0160 0.0160 311 311
94-0-1-0.05-50-0 0 2475 24 49 1 2 0.1940 0.1842 254 136
94-0-1-0.05-50-0 0 2475 23 45 9 19 0.1698 0.3816 476 173
94-0-1-0.05-50-0 0 2476 36 22 1 15 0.8162 0.0160 165 311
94-0-1-0.05-50-0 0 2476 34 8 1 5 0.7448 0.2506 168 303
94-0-1-0.05-50-0 0 2477 30 31 7 2 0.6008 0.5626 266 252
94-0-1-0.05-50-0 0 2477 11 18 15 2 0.0504 0.2181 384 226
94-0-1-0.05-50-0 0 2478 23 3 10 2 0.1698 0.4813 476 321
94-0-1-0.05-50-0 0 2478 30 11 7 16 0.6008 0.0504 266 384
94-0-1-0.05-50-0 0 2479 45 23 21 12 0.3816 0.1698 173 476
94-0-1-0.05-50-0 0 2479 48 30 6 7 0.1153 0.6008 334 266
94-0-1-0.05-50-0 0 2480 45 45 22 22 0.3816 0.3816 173 173
94-0-1-0.05-50-0 0 2480 32 32 8 8 0.6514 0.6514 215 215
94-0-1-0.05-50-0 0 2481 8 11 5 17 0.2506 0.0504 303 384
94-0-1-0.05-50-0 0 2481 32 5 8 3 0.6514 0.0007 215 226
94-0-1-0.05-50-0 0 2482 22 23 14 10 0.0160 0.1698 311 476
94-0-1-0.05-50-0 0 2482 46 45 2 23 0.3451 0.3816 327 173
94-0-1-0.05-50-0 0 2483 11 4 15 1 0.0504 0.0723 384 351
94-0-1-0.05-50-0 0 2483 8 22 5 15 0.2506 0.0160 303 311
94-0-1-0.05-50-0 0 2484 19 23 5 10 0.8072 0.1698 134 476
94-0-1-0.05-50-0 0 2484 30 42 9 7 0.6008 0.7447 266 106
94-0-1-0.05-50-0 0 2485 22 25 15 2 0.0160 0.9430 311 125
94-0-1-0.05-50-0 0 2485 49 32 2 7 0.1842 0.6514 136 215
94-0-1-0.05-50-0 0 2486 32 5 6 2 0.6514 0.0007 215 226
94-0-1-0.05-50-0 0 2486 22 8 16 6 0.0160 0.2506 311 303
94-0-1-0.05-50-0 0 2487 45 49 28 2 0.3816 0.1842 173 136
94-0-1-0.05-50-0 0 2487 49 22 1 17 0.1842 0.0160 136 311
94-0-1-0.05-50-0 0 2488 45 39 29 5 0.3816 0.2187 173 309
94-0-1-0.05-50-0 0 2488 32 22 6 16 0.6514 0.0160 215 311
94-0-1-0.05-50-0 0 2488 42 15 6 1 0.7447 0.7918 106 149
94-0-1-0.05-50-0 0 2489 32 8 6 4 0.6514 0.2506 215 303
94-0-1-0.05-50-0 0 2489 19 22 7 15 0.8072 0.0160 134 311
94-0-1-0.05-50-0 0 2489 45 48 28 8 0.3816 0.1153 173 334
94-0-1-0.05-50-0 0 2490 23 11 7 21 0.1698 0.0504 476 384
94-0-1-0.05-50-0 0 2490 22 11 14 20 0.0160 0.0504 311 384
94-0-1-0.05-50-0 0 2490 11 48 19 7 0.0504 0.1153 384 334
94-0-1-0.05-50-0 0 2491 44 48 2 5 0.7034 0.1153 118 334
94-0-1-0.05-50-0 0 2491 42 22 6 14 0.7447 0.0160 106 311
94-0-1-0.05-50-0 0 2491 18 11 8 18 0.2181 0.0504 226 384
94-0-1-0.05-50-0 0 2492 23 42 7 6 0.1698 0.7447 476 106
94-0-1-0.05-50-0 0 2492 45 32 30 7 0.3816 0.6514 173 215
94-0-1-0.05-50-0 0 2492 18 1 9 2 0.2181 0.2520 226 409
94-0-1-0.05-50-0 0 2493 30 45 9 32 0.6008 0.3816 266 173
94-0-1-0.05-50-0 0 2493 45 22 31 13 0.3816 0.0160 173 311
94-0-1-0.05-50-0 0 2493 6 11 6 15 0.4266 0.0504 249 384
94-0-1-0.05-50-0 0 2494 45 49 32 1 0.3816 0.1842 173 136
94-0-1-0.05-50-0 0 2494 45 19 32 5 0.3816 0.8072 173 134
94-0-1-0.05-50-0 0 2495 32 46 7 5 0.6514 0.3451 215 327
94-0-1-0.05-50-0 0 2495 39 39 5 5 0.2187 0.2187 309 309
94-0-1-0.05-50-0 0 2496 46 19 5 3 0.3451 0.8072 327 134
94-0-1-0.05-50-0 0 2496 11 9 15 4 0.0504 0.6134 384 161
94-0-1-0.05-50-0 0 2497 30 45 9 32 0.6008 0.3816 266 173
94-0-1-0.05-50-0 0 2497 22 18 14 9 0.0160 0.2181 311 226
94-0-1-0.05-50-0 0 2497 11 6 15 6 0.0504 0.4266 384 249
94-0-1-0.05-50-0 0 2498 23 48 8 4 0.1698 0.1153 476 334
94-0-1-0.05-50-0 0 2498 39 18 4 8 0.2187 0.2181 309 226
94-0-1-0.05-50-0 0 2498 23 1 8 1 0.1698 0.2520 476 409
94-0-1-0.05-50-0 0 2499 11 5 15 2 0.0504 0.0007 384 226
94-0-1-0.05-50-0 0 2499 30 26 9 3 0.6008 0.8171 266 141
94-0-1-0.05-50-0 0 2499 6 45 5 32 0.4266 0.3816 249 173
94-0-1-0.05-50-0 0 2500 11 45 16 31 0.0504 0.3816 384 173
94-0-1-0.05-50-0 0 2500 22 30 14 9 0.0160 0.6008 311 266
94-0-1-0.05-50-0 0 2500 45 48 30 3 0.3816 0.1153 173 334
