98-1-1-0.05-50-0 1 2302 1 1 110 110 0.2520 0.2520 409 409
98-1-1-0.05-50-0 1 2302 37 18 14 12 0.8481 0.2181 127 226
98-1-1-0.05-50-0 1 2302 36 2 57 72 0.8162 0.8198 165 167
98-1-1-0.05-50-0 1 2302 36 2 57 71 0.8162 0.8198 165 167
98-1-1-0.05-50-0 1 2302 40 6 44 1 0.9739 0.4266 104 249
98-1-1-0.05-50-0 1 2303 1 8 113 199 0.2520 0.2506 409 303
98-1-1-0.05-50-0 1 2303 36 36 56 56 0.8162 0.8162 165 165
98-1-1-0.05-50-0 1 2303 1 8 113 198 0.2520 0.2506 409 303
98-1-1-0.05-50-0 1 2303 36 43 55 16 0.8162 0.8316 165 123
98-1-1-0.05-50-0 1 2304 36 2 56 71 0.8162 0.8198 165 167
98-1-1-0.05-50-0 1 2304 18 48 11 9 0.2181 0.1153 226 334
98-1-1-0.05-50-0 1 2304 14 25 31 124 0.8451 0.9430 105 125
98-1-1-0.05-50-0 1 2304 2 21 70 1 0.8198 0.4184 167 158
98-1-1-0.05-50-0 1 2304 40 29 44 1 0.9739 0.6728 104 177
98-1-1-0.05-50-0 1 2304 1 8 110 207 0.2520 0.2506 409 303
98-1-1-0.05-50-0 1 2304 36 2 56 70 0.8162 0.8198 165 167
98-1-1-0.05-50-0 1 2304 37 18 16 11 0.8481 0.2181 127 226
98-1-1-0.05-50-0 1 2304 10 27 50 144 0.2533 0.0776 449 149
98-1-1-0.05-50-0 1 2305 1 1 113 113 0.2520 0.2520 409 409
98-1-1-0.05-50-0 1 2305 10 27 52 142 0.2533 0.0776 449 149
98-1-1-0.05-50-0 1 2305 2 32 70 1 0.8198 0.6514 167 215
98-1-1-0.05-50-0 1 2305 1 1 112 112 0.2520 0.2520 409 409
98-1-1-0.05-50-0 1 2305 14 20 32 86 0.8451 0.9922 105 102
98-1-1-0.05-50-0 1 2305 1 8 111 210 0.2520 0.2506 409 303
98-1-1-0.05-50-0 1 2306 1 8 113 212 0.2520 0.2506 409 303
98-1-1-0.05-50-0 1 2306 1 10 113 53 0.2520 0.2533 409 449
98-1-1-0.05-50-0 1 2306 1 8 113 211 0.2520 0.2506 409 303
98-1-1-0.05-50-0 1 2306 1 8 113 210 0.2520 0.2506 409 303
98-1-1-0.05-50-0 1 2306 36 26 57 29 0.8162 0.8171 165 141
98-1-1-0.05-50-0 1 2306 25 11 121 2 0.9430 0.0504 125 384
98-1-1-0.05-50-0 1 2306 14 13 29 151 0.8451 0.8878 105 151
98-1-1-0.05-50-0 1 2306 14 43 29 15 0.8451 0.8316 105 123
98-1-1-0.05-50-0 1 2306 1 8 113 209 0.2520 0.2506 409 303
98-1-1-0.05-50-0 1 2306 36 2 57 69 0.8162 0.8198 165 167
98-1-1-0.05-50-0 1 2306 1 8 113 208 0.2520 0.2506 409 303
98-1-1-0.05-50-0 1 2307 41 11 105 1 0.9621 0.0504 105 384
98-1-1-0.05-50-0 1 2307 10 27 54 143 0.2533 0.0776 449 149
98-1-1-0.05-50-0 1 2307 14 2 30 64 0.8451 0.8198 105 167
98-1-1-0.05-50-0 1 2307 1 1 112 112 0.2520 0.2520 409 409
98-1-1-0.05-50-0 1 2307 18 48 9 9 0.2181 0.1153 226 334
98-1-1-0.05-50-0 1 2308 37 16 14 6 0.8481 0.2228 127 149
98-1-1-0.05-50-0 1 2308 10 27 55 146 0.2533 0.0776 449 149
98-1-1-0.05-50-0 1 2308 1 1 115 115 0.2520 0.2520 409 409
98-1-1-0.05-50-0 1 2308 18 48 7 8 0.2181 0.1153 226 334
98-1-1-0.05-50-0 1 2308 14 25 28 125 0.8451 0.9430 105 125
98-1-1-0.05-50-0 1 2308 36 37 59 14 0.8162 0.8481 165 127
98-1-1-0.05-50-0 1 2308 25 22 124 1 0.9430 0.0160 125 311
98-1-1-0.05-50-0 1 2308 10 27 55 145 0.2533 0.0776 449 149
98-1-1-0.05-50-0 1 2309 1 8 117 210 0.2520 0.2506 409 303
98-1-1-0.05-50-0 1 2309 36 2 55 67 0.8162 0.8198 165 167
98-1-1-0.05-50-0 1 2309 1 8 117 209 0.2520 0.2506 409 303
98-1-1-0.05-50-0 1 2309 1 10 117 55 0.2520 0.2533 409 449
98-1-1-0.05-50-0 1 2310 36 2 55 63 0.8162 0.8198 165 167
98-1-1-0.05-50-0 1 2310 1 10 118 52 0.2520 0.2533 409 449
98-1-1-0.05-50-0 1 2310 1 8 118 216 0.2520 0.2506 409 303
98-1-1-0.05-50-0 1 2310 36 26 55 32 0.8162 0.8171 165 141
98-1-1-0.05-50-0 1 2311 36 2 58 62 0.8162 0.8198 165 167
98-1-1-0.05-50-0 1 2311 1 8 127 215 0.2520 0.2506 409 303
98-1-1-0.05-50-0 1 2311 41 11 104 1 0.9621 0.0504 105 384
98-1-1-0.05-50-0 1 2311 36 14 58 30 0.8162 0.8451 165 105
98-1-1-0.05-50-0 1 2311 37 18 16 7 0.8481 0.2181 127 226
98-1-1-0.05-50-0 1 2312 1 18 127 6 0.2520 0.2181 409 226
98-1-1-0.05-50-0 1 2312 1 8 127 215 0.2520 0.2506 409 303
98-1-1-0.05-50-0 1 2312 37 18 17 5 0.8481 0.2181 127 226
98-1-1-0.05-50-0 1 2313 1 10 130 56 0.2520 0.2533 409 449
98-1-1-0.05-50-0 1 2313 1 1 130 130 0.2520 0.2520 409 409
98-1-1-0.05-50-0 1 2313 40 34 44 1 0.9739 0.7448 104 168
98-1-1-0.05-50-0 1 2314 48 27 7 138 0.1153 0.0776 334 149
98-1-1-0.05-50-0 1 2314 36 26 56 30 0.8162 0.8171 165 141
98-1-1-0.05-50-0 1 2314 10 27 54 137 0.2533 0.0776 449 149
98-1-1-0.05-50-0 1 2314 1 8 131 215 0.2520 0.2506 409 303
98-1-1-0.05-50-0 1 2314 36 2 56 58 0.8162 0.8198 165 167
98-1-1-0.05-50-0 1 2314 1 8 131 214 0.2520 0.2506 409 303
98-1-1-0.05-50-0 1 2314 1 8 131 213 0.2520 0.2506 409 303
98-1-1-0.05-50-0 1 2314 14 41 24 104 0.8451 0.9621 105 105
98-1-1-0.05-50-0 1 2314 1 8 131 212 0.2520 0.2506 409 303
98-1-1-0.05-50-0 1 2314 36 14 56 24 0.8162 0.8451 165 105
98-1-1-0.05-50-0 1 2314 1 8 131 211 0.2520 0.2506 409 303
98-1-1-0.05-50-0 1 2315 20 28 78 1 0.9922 0.3846 102 311
98-1-1-0.05-50-0 1 2315 14 40 23 46 0.8451 0.9739 105 104
98-1-1-0.05-50-0 1 2315 10 27 53 135 0.2533 0.0776 449 149
98-1-1-0.05-50-0 1 2315 37 18 19 4 0.8481 0.2181 127 226
98-1-1-0.05-50-0 1 2315 1 1 133 133 0.2520 0.2520 409 409
98-1-1-0.05-50-0 1 2315 10 27 53 134 0.2533 0.0776 449 149
98-1-1-0.05-50-0 1 2316 1 8 131 219 0.2520 0.2506 409 303
98-1-1-0.05-50-0 1 2317 36 14 58 23 0.8162 0.8451 165 105
98-1-1-0.05-50-0 1 2317 1 10 136 54 0.2520 0.2533 409 449
98-1-1-0.05-50-0 1 2317 14 25 22 116 0.8451 0.9430 105 125
98-1-1-0.05-50-0 1 2318 36 43 57 13 0.8162 0.8316 165 123
98-1-1-0.05-50-0 1 2318 36 14 57 21 0.8162 0.8451 165 105
98-1-1-0.05-50-0 1 2318 1 1 138 138 0.2520 0.2520 409 409
98-1-1-0.05-50-0 1 2318 1 1 137 137 0.2520 0.2520 409 409
98-1-1-0.05-50-0 1 2319 37 48 14 9 0.8481 0.1153 127 334
98-1-1-0.05-50-0 1 2319 1 8 136 244 0.2520 0.2506 409 303
98-1-1-0.05-50-0 1 2319 37 50 14 6 0.8481 0.2147 127 147
98-1-1-0.05-50-0 1 2319 1 8 136 243 0.2520 0.2506 409 303
98-1-1-0.05-50-0 1 2319 36 36 57 57 0.8162 0.8162 165 165
98-1-1-0.05-50-0 1 2319 10 27 52 133 0.2533 0.0776 449 149
98-1-1-0.05-50-0 1 2319 36 2 56 61 0.8162 0.8198 165 167
98-1-1-0.05-50-0 1 2320 1 8 137 242 0.2520 0.2506 409 303
98-1-1-0.05-50-0 1 2320 1 8 137 241 0.2520 0.2506 409 303
98-1-1-0.05-50-0 1 2321 1 10 139 54 0.2520 0.2533 409 449
98-1-1-0.05-50-0 1 2321 10 27 53 128 0.2533 0.0776 449 149
98-1-1-0.05-50-0 1 2321 40 33 45 1 0.9739 0.6893 104 191
98-1-1-0.05-50-0 1 2321 10 27 53 127 0.2533 0.0776 449 149
98-1-1-0.05-50-0 1 2321 37 18 17 3 0.8481 0.2181 127 226
98-1-1-0.05-50-0 1 2321 20 9 79 1 0.9922 0.6134 102 161
98-1-1-0.05-50-0 1 2321 36 2 57 63 0.8162 0.8198 165 167
98-1-1-0.05-50-0 1 2322 10 27 50 132 0.2533 0.0776 449 149
98-1-1-0.05-50-0 1 2322 36 2 54 65 0.8162 0.8198 165 167
98-1-1-0.05-50-0 1 2322 1 8 138 244 0.2520 0.2506 409 303
98-1-1-0.05-50-0 1 2322 10 27 50 131 0.2533 0.0776 449 149
98-1-1-0.05-50-0 1 2322 36 26 54 30 0.8162 0.8171 165 141
98-1-1-0.05-50-0 1 2323 1 8 140 249 0.2520 0.2506 409 303
98-1-1-0.05-50-0 1 2323 1 8 140 248 0.2520 0.2506 409 303
98-1-1-0.05-50-0 1 2323 1 8 140 247 0.2520 0.2506 409 303
98-1-1-0.05-50-0 1 2323 36 36 52 52 0.8162 0.8162 165 165
98-1-1-0.05-50-0 1 2323 36 14 51 20 0.8162 0.8451 165 105
98-1-1-0.05-50-0 1 2323 1 1 140 140 0.2520 0.2520 409 409
98-1-1-0.05-50-0 1 2323 36 2 51 64 0.8162 0.8198 165 167
98-1-1-0.05-50-0 1 2323 1 8 139 246 0.2520 0.2506 409 303
98-1-1-0.05-50-0 1 2324 1 1 137 137 0.2520 0.2520 409 409
98-1-1-0.05-50-0 1 2324 37 48 16 11 0.8481 0.1153 127 334
98-1-1-0.05-50-0 1 2324 1 8 136 240 0.2520 0.2506 409 303
98-1-1-0.05-50-0 1 2324 1 8 136 239 0.2520 0.2506 409 303
98-1-1-0.05-50-0 1 2324 1 1 136 136 0.2520 0.2520 409 409
98-1-1-0.05-50-0 1 2324 1 8 135 238 0.2520 0.2506 409 303
98-1-1-0.05-50-0 1 2324 41 11 103 1 0.9621 0.0504 105 384
98-1-1-0.05-50-0 1 2325 25 35 125 1 0.9430 0.0354 125 158
98-1-1-0.05-50-0 1 2325 1 1 136 136 0.2520 0.2520 409 409
98-1-1-0.05-50-0 1 2325 10 27 53 130 0.2533 0.0776 449 149
98-1-1-0.05-50-0 1 2326 40 34 41 1 0.9739 0.7448 104 168
98-1-1-0.05-50-0 1 2326 10 27 52 131 0.2533 0.0776 449 149
98-1-1-0.05-50-0 1 2327 48 27 11 128 0.1153 0.0776 334 149
98-1-1-0.05-50-0 1 2327 36 36 50 50 0.8162 0.8162 165 165
98-1-1-0.05-50-0 1 2327 36 36 49 49 0.8162 0.8162 165 165
98-1-1-0.05-50-0 1 2327 36 36 48 48 0.8162 0.8162 165 165
98-1-1-0.05-50-0 1 2327 1 10 137 53 0.2520 0.2533 409 449
98-1-1-0.05-50-0 1 2327 10 27 52 127 0.2533 0.0776 449 149
98-1-1-0.05-50-0 1 2327 10 27 52 126 0.2533 0.0776 449 149
98-1-1-0.05-50-0 1 2327 37 50 18 6 0.8481 0.2147 127 147
98-1-1-0.05-50-0 1 2327 1 8 137 254 0.2520 0.2506 409 303
98-1-1-0.05-50-0 1 2327 37 16 18 3 0.8481 0.2228 127 149
98-1-1-0.05-50-0 1 2328 1 8 138 259 0.2520 0.2506 409 303
98-1-1-0.05-50-0 1 2328 1 1 138 138 0.2520 0.2520 409 409
98-1-1-0.05-50-0 1 2328 10 27 52 123 0.2533 0.0776 449 149
98-1-1-0.05-50-0 1 2329 36 2 48 73 0.8162 0.8198 165 167
98-1-1-0.05-50-0 1 2329 14 47 22 90 0.8451 0.9293 105 103
98-1-1-0.05-50-0 1 2329 1 10 136 52 0.2520 0.2533 409 449
98-1-1-0.05-50-0 1 2329 1 8 136 260 0.2520 0.2506 409 303
98-1-1-0.05-50-0 1 2329 37 16 16 2 0.8481 0.2228 127 149
98-1-1-0.05-50-0 1 2330 48 27 11 130 0.1153 0.0776 334 149
98-1-1-0.05-50-0 1 2330 1 8 134 255 0.2520 0.2506 409 303
98-1-1-0.05-50-0 1 2330 10 27 50 129 0.2533 0.0776 449 149
98-1-1-0.05-50-0 1 2330 1 8 134 254 0.2520 0.2506 409 303
98-1-1-0.05-50-0 1 2330 20 28 93 1 0.9922 0.3846 102 311
98-1-1-0.05-50-0 1 2330 1 8 134 253 0.2520 0.2506 409 303
98-1-1-0.05-50-0 1 2330 10 27 50 128 0.2533 0.0776 449 149
98-1-1-0.05-50-0 1 2330 37 48 17 11 0.8481 0.1153 127 334
98-1-1-0.05-50-0 1 2330 1 1 134 134 0.2520 0.2520 409 409
98-1-1-0.05-50-0 1 2331 1 1 135 135 0.2520 0.2520 409 409
98-1-1-0.05-50-0 1 2331 1 1 134 134 0.2520 0.2520 409 409
98-1-1-0.05-50-0 1 2331 48 27 10 121 0.1153 0.0776 334 149
98-1-1-0.05-50-0 1 2331 7 3 104 1 0.9267 0.4813 106 321
98-1-1-0.05-50-0 1 2331 2 44 75 3 0.8198 0.7034 167 118
98-1-1-0.05-50-0 1 2331 36 36 49 49 0.8162 0.8162 165 165
98-1-1-0.05-50-0 1 2331 10 27 53 120 0.2533 0.0776 449 149
98-1-1-0.05-50-0 1 2332 20 44 94 2 0.9922 0.7034 102 118
98-1-1-0.05-50-0 1 2332 37 48 20 10 0.8481 0.1153 127 334
98-1-1-0.05-50-0 1 2332 1 8 133 257 0.2520 0.2506 409 303
98-1-1-0.05-50-0 1 2333 1 1 136 136 0.2520 0.2520 409 409
98-1-1-0.05-50-0 1 2333 1 10 135 56 0.2520 0.2533 409 449
98-1-1-0.05-50-0 1 2333 10 27 55 123 0.2533 0.0776 449 149
98-1-1-0.05-50-0 1 2333 1 10 135 55 0.2520 0.2533 409 449
98-1-1-0.05-50-0 1 2333 10 27 54 122 0.2533 0.0776 449 149
98-1-1-0.05-50-0 1 2333 10 27 54 121 0.2533 0.0776 449 149
98-1-1-0.05-50-0 1 2334 48 27 10 123 0.1153 0.0776 334 149
98-1-1-0.05-50-0 1 2334 1 1 139 139 0.2520 0.2520 409 409
98-1-1-0.05-50-0 1 2334 10 27 56 122 0.2533 0.0776 449 149
98-1-1-0.05-50-0 1 2334 1 8 138 264 0.2520 0.2506 409 303
98-1-1-0.05-50-0 1 2334 1 1 138 138 0.2520 0.2520 409 409
98-1-1-0.05-50-0 1 2334 14 41 21 105 0.8451 0.9621 105 105
98-1-1-0.05-50-0 1 2334 1 1 137 137 0.2520 0.2520 409 409
98-1-1-0.05-50-0 1 2334 1 10 136 56 0.2520 0.2533 409 449
98-1-1-0.05-50-0 1 2334 1 1 136 136 0.2520 0.2520 409 409
98-1-1-0.05-50-0 1 2335 10 27 59 129 0.2533 0.0776 449 149
98-1-1-0.05-50-0 1 2335 14 2 21 77 0.8451 0.8198 105 167
98-1-1-0.05-50-0 1 2335 36 14 45 21 0.8162 0.8451 165 105
98-1-1-0.05-50-0 1 2335 50 48 5 10 0.2147 0.1153 147 334
98-1-1-0.05-50-0 1 2335 37 48 19 9 0.8481 0.1153 127 334
98-1-1-0.05-50-0 1 2335 36 26 45 31 0.8162 0.8171 165 141
98-1-1-0.05-50-0 1 2336 20 44 98 1 0.9922 0.7034 102 118
98-1-1-0.05-50-0 1 2336 1 8 136 270 0.2520 0.2506 409 303
98-1-1-0.05-50-0 1 2336 48 27 8 128 0.1153 0.0776 334 149
98-1-1-0.05-50-0 1 2336 36 2 45 75 0.8162 0.8198 165 167
98-1-1-0.05-50-0 1 2337 10 27 60 130 0.2533 0.0776 449 149
98-1-1-0.05-50-0 1 2337 10 27 60 129 0.2533 0.0776 449 149
98-1-1-0.05-50-0 1 2337 1 8 131 268 0.2520 0.2506 409 303
98-1-1-0.05-50-0 1 2337 37 50 19 5 0.8481 0.2147 127 147
98-1-1-0.05-50-0 1 2337 1 8 131 267 0.2520 0.2506 409 303
98-1-1-0.05-50-0 1 2337 10 27 60 128 0.2533 0.0776 449 149
98-1-1-0.05-50-0 1 2337 20 17 98 1 0.9922 0.6398 102 197
98-1-1-0.05-50-0 1 2337 1 10 131 60 0.2520 0.2533 409 449
98-1-1-0.05-50-0 1 2338 36 14 50 17 0.8162 0.8451 165 105
98-1-1-0.05-50-0 1 2338 1 10 137 60 0.2520 0.2533 409 449
98-1-1-0.05-50-0 1 2338 1 1 137 137 0.2520 0.2520 409 409
98-1-1-0.05-50-0 1 2338 36 26 50 37 0.8162 0.8171 165 141
98-1-1-0.05-50-0 1 2338 37 48 20 10 0.8481 0.1153 127 334
98-1-1-0.05-50-0 1 2338 2 32 73 1 0.8198 0.6514 167 215
98-1-1-0.05-50-0 1 2338 2 21 73 2 0.8198 0.4184 167 158
98-1-1-0.05-50-0 1 2338 1 8 136 270 0.2520 0.2506 409 303
98-1-1-0.05-50-0 1 2338 25 22 117 1 0.9430 0.0160 125 311
98-1-1-0.05-50-0 1 2339 1 8 135 269 0.2520 0.2506 409 303
98-1-1-0.05-50-0 1 2339 1 8 135 268 0.2520 0.2506 409 303
98-1-1-0.05-50-0 1 2339 36 2 48 73 0.8162 0.8198 165 167
98-1-1-0.05-50-0 1 2339 1 8 135 267 0.2520 0.2506 409 303
98-1-1-0.05-50-0 1 2339 40 21 58 1 0.9739 0.4184 104 158
98-1-1-0.05-50-0 1 2340 10 27 60 130 0.2533 0.0776 449 149
98-1-1-0.05-50-0 1 2340 1 1 136 136 0.2520 0.2520 409 409
98-1-1-0.05-50-0 1 2340 36 36 47 47 0.8162 0.8162 165 165
98-1-1-0.05-50-0 1 2341 10 27 63 129 0.2533 0.0776 449 149
98-1-1-0.05-50-0 1 2341 37 48 19 10 0.8481 0.1153 127 334
98-1-1-0.05-50-0 1 2341 36 36 45 45 0.8162 0.8162 165 165
98-1-1-0.05-50-0 1 2341 14 2 18 75 0.8451 0.8198 105 167
98-1-1-0.05-50-0 1 2341 1 10 140 63 0.2520 0.2533 409 449
98-1-1-0.05-50-0 1 2342 36 43 42 17 0.8162 0.8316 165 123
98-1-1-0.05-50-0 1 2342 10 27 59 130 0.2533 0.0776 449 149
98-1-1-0.05-50-0 1 2342 1 1 139 139 0.2520 0.2520 409 409
98-1-1-0.05-50-0 1 2343 10 27 61 126 0.2533 0.0776 449 149
98-1-1-0.05-50-0 1 2343 50 48 4 10 0.2147 0.1153 147 334
98-1-1-0.05-50-0 1 2343 1 1 141 141 0.2520 0.2520 409 409
98-1-1-0.05-50-0 1 2343 1 1 140 140 0.2520 0.2520 409 409
98-1-1-0.05-50-0 1 2343 1 8 139 259 0.2520 0.2506 409 303
98-1-1-0.05-50-0 1 2343 10 27 61 125 0.2533 0.0776 449 149
98-1-1-0.05-50-0 1 2343 1 10 139 61 0.2520 0.2533 409 449
98-1-1-0.05-50-0 1 2343 37 50 17 4 0.8481 0.2147 127 147
98-1-1-0.05-50-0 1 2344 14 13 17 151 0.8451 0.8878 105 151
98-1-1-0.05-50-0 1 2344 1 8 147 262 0.2520 0.2506 409 303
98-1-1-0.05-50-0 1 2344 10 27 60 128 0.2533 0.0776 449 149
98-1-1-0.05-50-0 1 2344 10 27 60 127 0.2533 0.0776 449 149
98-1-1-0.05-50-0 1 2344 48 27 8 126 0.1153 0.0776 334 149
98-1-1-0.05-50-0 1 2344 36 26 41 44 0.8162 0.8171 165 141
98-1-1-0.05-50-0 1 2344 1 10 147 60 0.2520 0.2533 409 449
98-1-1-0.05-50-0 1 2344 10 27 59 125 0.2533 0.0776 449 149
98-1-1-0.05-50-0 1 2344 36 2 41 70 0.8162 0.8198 165 167
98-1-1-0.05-50-0 1 2344 10 27 59 124 0.2533 0.0776 449 149
98-1-1-0.05-50-0 1 2345 10 27 61 123 0.2533 0.0776 449 149
98-1-1-0.05-50-0 1 2345 1 8 155 262 0.2520 0.2506 409 303
98-1-1-0.05-50-0 1 2345 1 10 155 61 0.2520 0.2533 409 449
98-1-1-0.05-50-0 1 2346 37 12 22 5 0.8481 0.1896 127 325
98-1-1-0.05-50-0 1 2346 1 8 154 261 0.2520 0.2506 409 303
98-1-1-0.05-50-0 1 2346 36 14 44 18 0.8162 0.8451 165 105
98-1-1-0.05-50-0 1 2346 48 27 7 126 0.1153 0.0776 334 149
98-1-1-0.05-50-0 1 2346 1 8 154 260 0.2520 0.2506 409 303
98-1-1-0.05-50-0 1 2346 36 37 44 22 0.8162 0.8481 165 127
98-1-1-0.05-50-0 1 2346 36 2 44 68 0.8162 0.8198 165 167
98-1-1-0.05-50-0 1 2346 36 36 44 44 0.8162 0.8162 165 165
98-1-1-0.05-50-0 1 2346 41 11 105 1 0.9621 0.0504 105 384
98-1-1-0.05-50-0 1 2347 36 37 44 21 0.8162 0.8481 165 127
98-1-1-0.05-50-0 1 2347 36 2 44 69 0.8162 0.8198 165 167
98-1-1-0.05-50-0 1 2347 16 12 5 4 0.2228 0.1896 149 325
98-1-1-0.05-50-0 1 2347 14 41 15 99 0.8451 0.9621 105 105
98-1-1-0.05-50-0 1 2347 36 2 44 68 0.8162 0.8198 165 167
98-1-1-0.05-50-0 1 2347 50 48 3 6 0.2147 0.1153 147 334
98-1-1-0.05-50-0 1 2347 1 8 161 258 0.2520 0.2506 409 303
98-1-1-0.05-50-0 1 2347 36 37 44 20 0.8162 0.8481 165 127
98-1-1-0.05-50-0 1 2348 20 21 99 1 0.9922 0.4184 102 158
98-1-1-0.05-50-0 1 2348 36 2 46 70 0.8162 0.8198 165 167
98-1-1-0.05-50-0 1 2348 1 10 160 64 0.2520 0.2533 409 449
98-1-1-0.05-50-0 1 2348 36 26 46 51 0.8162 0.8171 165 141
98-1-1-0.05-50-0 1 2349 10 27 63 134 0.2533 0.0776 449 149
98-1-1-0.05-50-0 1 2349 1 1 168 168 0.2520 0.2520 409 409
98-1-1-0.05-50-0 1 2349 1 8 167 265 0.2520 0.2506 409 303
98-1-1-0.05-50-0 1 2349 48 27 5 133 0.1153 0.0776 334 149
98-1-1-0.05-50-0 1 2349 14 47 15 74 0.8451 0.9293 105 103
98-1-1-0.05-50-0 1 2350 1 10 166 67 0.2520 0.2533 409 449
98-1-1-0.05-50-0 1 2350 26 28 50 1 0.8171 0.3846 141 311
98-1-1-0.05-50-0 1 2350 25 22 114 1 0.9430 0.0160 125 311
98-1-1-0.05-50-0 1 2350 1 1 166 166 0.2520 0.2520 409 409
98-1-1-0.05-50-0 1 2350 43 12 14 3 0.8316 0.1896 123 325
98-1-1-0.05-50-0 1 2350 1 1 165 165 0.2520 0.2520 409 409
98-1-1-0.05-50-0 1 2350 1 1 164 164 0.2520 0.2520 409 409
98-1-1-0.05-50-0 1 2350 1 8 163 268 0.2520 0.2506 409 303
98-1-1-0.05-50-0 1 2350 1 1 163 163 0.2520 0.2520 409 409
98-1-1-0.05-50-0 1 2350 36 2 45 69 0.8162 0.8198 165 167
98-1-1-0.05-50-0 1 2351 10 27 65 130 0.2533 0.0776 449 149
98-1-1-0.05-50-0 1 2351 10 27 65 129 0.2533 0.0776 449 149
98-1-1-0.05-50-0 1 2351 1 8 168 277 0.2520 0.2506 409 303
98-1-1-0.05-50-0 1 2351 25 22 114 2 0.9430 0.0160 125 311
98-1-1-0.05-50-0 1 2352 1 8 172 285 0.2520 0.2506 409 303
98-1-1-0.05-50-0 1 2352 10 27 66 133 0.2533 0.0776 449 149
98-1-1-0.05-50-0 1 2352 1 8 172 284 0.2520 0.2506 409 303
98-1-1-0.05-50-0 1 2352 14 25 14 117 0.8451 0.9430 105 125
98-1-1-0.05-50-0 1 2352 1 8 172 283 0.2520 0.2506 409 303
98-1-1-0.05-50-0 1 2352 1 8 172 282 0.2520 0.2506 409 303
98-1-1-0.05-50-0 1 2353 36 36 44 44 0.8162 0.8162 165 165
98-1-1-0.05-50-0 1 2353 1 10 176 67 0.2520 0.2533 409 449
98-1-1-0.05-50-0 1 2353 36 26 43 51 0.8162 0.8171 165 141
98-1-1-0.05-50-0 1 2353 1 8 176 286 0.2520 0.2506 409 303
98-1-1-0.05-50-0 1 2353 36 37 43 22 0.8162 0.8481 165 127
98-1-1-0.05-50-0 1 2353 1 1 176 176 0.2520 0.2520 409 409
98-1-1-0.05-50-0 1 2353 10 27 66 133 0.2533 0.0776 449 149
98-1-1-0.05-50-0 1 2353 37 24 21 2 0.8481 0.1940 127 254
98-1-1-0.05-50-0 1 2354 1 1 182 182 0.2520 0.2520 409 409
98-1-1-0.05-50-0 1 2354 10 27 67 140 0.2533 0.0776 449 149
98-1-1-0.05-50-0 1 2354 1 1 181 181 0.2520 0.2520 409 409
98-1-1-0.05-50-0 1 2354 1 8 180 285 0.2520 0.2506 409 303
98-1-1-0.05-50-0 1 2354 36 26 44 50 0.8162 0.8171 165 141
98-1-1-0.05-50-0 1 2354 1 8 180 284 0.2520 0.2506 409 303
98-1-1-0.05-50-0 1 2354 10 27 67 139 0.2533 0.0776 449 149
98-1-1-0.05-50-0 1 2354 10 27 67 138 0.2533 0.0776 449 149
98-1-1-0.05-50-0 1 2355 10 27 68 137 0.2533 0.0776 449 149
98-1-1-0.05-50-0 1 2355 10 27 68 136 0.2533 0.0776 449 149
98-1-1-0.05-50-0 1 2355 10 27 68 135 0.2533 0.0776 449 149
98-1-1-0.05-50-0 1 2355 36 2 42 73 0.8162 0.8198 165 167
98-1-1-0.05-50-0 1 2355 37 50 20 4 0.8481 0.2147 127 147
98-1-1-0.05-50-0 1 2355 10 27 68 134 0.2533 0.0776 449 149
98-1-1-0.05-50-0 1 2355 1 1 185 185 0.2520 0.2520 409 409
98-1-1-0.05-50-0 1 2356 10 27 67 133 0.2533 0.0776 449 149
98-1-1-0.05-50-0 1 2356 1 8 181 291 0.2520 0.2506 409 303
98-1-1-0.05-50-0 1 2356 10 27 67 132 0.2533 0.0776 449 149
98-1-1-0.05-50-0 1 2356 36 14 41 13 0.8162 0.8451 165 105
98-1-1-0.05-50-0 1 2356 1 8 181 290 0.2520 0.2506 409 303
98-1-1-0.05-50-0 1 2356 10 27 67 131 0.2533 0.0776 449 149
98-1-1-0.05-50-0 1 2356 1 8 181 289 0.2520 0.2506 409 303
98-1-1-0.05-50-0 1 2356 48 27 5 130 0.1153 0.0776 334 149
98-1-1-0.05-50-0 1 2356 14 7 12 106 0.8451 0.9267 105 106
98-1-1-0.05-50-0 1 2356 1 1 181 181 0.2520 0.2520 409 409
98-1-1-0.05-50-0 1 2357 36 36 41 41 0.8162 0.8162 165 165
98-1-1-0.05-50-0 1 2357 1 8 176 297 0.2520 0.2506 409 303
98-1-1-0.05-50-0 1 2357 1 8 176 296 0.2520 0.2506 409 303
98-1-1-0.05-50-0 1 2357 1 8 176 295 0.2520 0.2506 409 303
98-1-1-0.05-50-0 1 2357 1 10 176 69 0.2520 0.2533 409 449
98-1-1-0.05-50-0 1 2357 36 37 40 20 0.8162 0.8481 165 127
98-1-1-0.05-50-0 1 2357 1 8 176 294 0.2520 0.2506 409 303
98-1-1-0.05-50-0 1 2357 10 27 68 130 0.2533 0.0776 449 149
98-1-1-0.05-50-0 1 2357 14 13 9 142 0.8451 0.8878 105 151
98-1-1-0.05-50-0 1 2357 14 7 9 106 0.8451 0.9267 105 106
98-1-1-0.05-50-0 1 2358 1 8 180 293 0.2520 0.2506 409 303
98-1-1-0.05-50-0 1 2358 10 27 70 131 0.2533 0.0776 449 149
98-1-1-0.05-50-0 1 2358 10 27 70 130 0.2533 0.0776 449 149
98-1-1-0.05-50-0 1 2358 41 22 78 3 0.9621 0.0160 105 311
98-1-1-0.05-50-0 1 2358 10 27 70 129 0.2533 0.0776 449 149
98-1-1-0.05-50-0 1 2359 1 8 185 293 0.2520 0.2506 409 303
98-1-1-0.05-50-0 1 2359 1 8 185 292 0.2520 0.2506 409 303
98-1-1-0.05-50-0 1 2359 1 1 185 185 0.2520 0.2520 409 409
98-1-1-0.05-50-0 1 2359 1 8 184 291 0.2520 0.2506 409 303
98-1-1-0.05-50-0 1 2359 1 8 184 290 0.2520 0.2506 409 303
98-1-1-0.05-50-0 1 2360 1 8 183 287 0.2520 0.2506 409 303
98-1-1-0.05-50-0 1 2360 14 25 10 110 0.8451 0.9430 105 125
98-1-1-0.05-50-0 1 2360 10 27 75 134 0.2533 0.0776 449 149
98-1-1-0.05-50-0 1 2360 1 1 183 183 0.2520 0.2520 409 409
98-1-1-0.05-50-0 1 2360 1 8 182 286 0.2520 0.2506 409 303
98-1-1-0.05-50-0 1 2360 14 36 10 39 0.8451 0.8162 105 165
98-1-1-0.05-50-0 1 2361 10 27 72 133 0.2533 0.0776 449 149
98-1-1-0.05-50-0 1 2361 1 1 178 178 0.2520 0.2520 409 409
98-1-1-0.05-50-0 1 2361 20 9 98 1 0.9922 0.6134 102 161
98-1-1-0.05-50-0 1 2361 1 8 177 279 0.2520 0.2506 409 303
98-1-1-0.05-50-0 1 2361 1 8 177 278 0.2520 0.2506 409 303
98-1-1-0.05-50-0 1 2361 48 27 9 132 0.1153 0.0776 334 149
98-1-1-0.05-50-0 1 2361 41 22 79 2 0.9621 0.0160 105 311
98-1-1-0.05-50-0 1 2361 10 27 72 131 0.2533 0.0776 449 149
98-1-1-0.05-50-0 1 2362 1 10 180 72 0.2520 0.2533 409 449
98-1-1-0.05-50-0 1 2362 1 1 180 180 0.2520 0.2520 409 409
98-1-1-0.05-50-0 1 2362 1 10 179 71 0.2520 0.2533 409 449
98-1-1-0.05-50-0 1 2362 10 27 70 138 0.2533 0.0776 449 149
98-1-1-0.05-50-0 1 2362 10 27 70 137 0.2533 0.0776 449 149
98-1-1-0.05-50-0 1 2362 1 8 179 283 0.2520 0.2506 409 303
98-1-1-0.05-50-0 1 2362 1 8 179 282 0.2520 0.2506 409 303
98-1-1-0.05-50-0 1 2362 10 27 70 136 0.2533 0.0776 449 149
98-1-1-0.05-50-0 1 2363 25 22 111 1 0.9430 0.0160 125 311
98-1-1-0.05-50-0 1 2363 14 7 10 97 0.8451 0.9267 105 106
98-1-1-0.05-50-0 1 2363 10 27 68 134 0.2533 0.0776 449 149
98-1-1-0.05-50-0 1 2363 1 8 180 283 0.2520 0.2506 409 303
98-1-1-0.05-50-0 1 2363 36 36 39 39 0.8162 0.8162 165 165
98-1-1-0.05-50-0 1 2364 10 27 71 138 0.2533 0.0776 449 149
98-1-1-0.05-50-0 1 2364 1 8 180 283 0.2520 0.2506 409 303
98-1-1-0.05-50-0 1 2364 1 8 180 282 0.2520 0.2506 409 303
98-1-1-0.05-50-0 1 2364 1 1 180 180 0.2520 0.2520 409 409
98-1-1-0.05-50-0 1 2364 1 10 179 71 0.2520 0.2533 409 449
98-1-1-0.05-50-0 1 2364 10 27 70 137 0.2533 0.0776 449 149
98-1-1-0.05-50-0 1 2365 10 27 71 137 0.2533 0.0776 449 149
98-1-1-0.05-50-0 1 2365 37 48 20 9 0.8481 0.1153 127 334
98-1-1-0.05-50-0 1 2365 1 1 177 177 0.2520 0.2520 409 409
98-1-1-0.05-50-0 1 2365 40 15 80 1 0.9739 0.7918 104 149
98-1-1-0.05-50-0 1 2365 48 27 8 136 0.1153 0.0776 334 149
98-1-1-0.05-50-0 1 2365 36 2 38 71 0.8162 0.8198 165 167
98-1-1-0.05-50-0 1 2365 37 16 20 8 0.8481 0.2228 127 149
98-1-1-0.05-50-0 1 2365 20 32 102 2 0.9922 0.6514 102 215
98-1-1-0.05-50-0 1 2365 1 39 176 2 0.2520 0.2187 409 309
98-1-1-0.05-50-0 1 2365 1 1 176 176 0.2520 0.2520 409 409
98-1-1-0.05-50-0 1 2365 1 1 175 175 0.2520 0.2520 409 409
98-1-1-0.05-50-0 1 2366 10 27 68 129 0.2533 0.0776 449 149
98-1-1-0.05-50-0 1 2366 1 1 177 177 0.2520 0.2520 409 409
98-1-1-0.05-50-0 1 2366 48 27 8 128 0.1153 0.0776 334 149
98-1-1-0.05-50-0 1 2366 10 27 68 127 0.2533 0.0776 449 149
98-1-1-0.05-50-0 1 2366 10 27 68 126 0.2533 0.0776 449 149
98-1-1-0.05-50-0 1 2366 1 10 176 68 0.2520 0.2533 409 449
98-1-1-0.05-50-0 1 2366 36 26 38 37 0.8162 0.8171 165 141
98-1-1-0.05-50-0 1 2367 10 27 66 129 0.2533 0.0776 449 149
98-1-1-0.05-50-0 1 2367 1 8 180 292 0.2520 0.2506 409 303
98-1-1-0.05-50-0 1 2367 10 27 66 128 0.2533 0.0776 449 149
98-1-1-0.05-50-0 1 2367 1 8 180 291 0.2520 0.2506 409 303
98-1-1-0.05-50-0 1 2367 36 43 35 15 0.8162 0.8316 165 123
98-1-1-0.05-50-0 1 2367 10 27 66 127 0.2533 0.0776 449 149
98-1-1-0.05-50-0 1 2367 1 1 180 180 0.2520 0.2520 409 409
98-1-1-0.05-50-0 1 2368 1 8 176 292 0.2520 0.2506 409 303
98-1-1-0.05-50-0 1 2368 10 27 71 134 0.2533 0.0776 449 149
98-1-1-0.05-50-0 1 2368 50 48 5 6 0.2147 0.1153 147 334
98-1-1-0.05-50-0 1 2368 20 33 102 1 0.9922 0.6893 102 191
98-1-1-0.05-50-0 1 2368 1 8 176 291 0.2520 0.2506 409 303
98-1-1-0.05-50-0 1 2369 14 20 14 100 0.8451 0.9922 105 102
98-1-1-0.05-50-0 1 2369 1 1 181 181 0.2520 0.2520 409 409
98-1-1-0.05-50-0 1 2369 41 4 83 1 0.9621 0.0723 105 351
98-1-1-0.05-50-0 1 2369 1 8 180 300 0.2520 0.2506 409 303
98-1-1-0.05-50-0 1 2370 1 1 175 175 0.2520 0.2520 409 409
98-1-1-0.05-50-0 1 2370 1 8 174 303 0.2520 0.2506 409 303
98-1-1-0.05-50-0 1 2370 10 27 73 127 0.2533 0.0776 449 149
98-1-1-0.05-50-0 1 2370 1 1 174 174 0.2520 0.2520 409 409
98-1-1-0.05-50-0 1 2370 1 8 173 302 0.2520 0.2506 409 303
98-1-1-0.05-50-0 1 2370 1 8 173 301 0.2520 0.2506 409 303
98-1-1-0.05-50-0 1 2371 10 27 75 125 0.2533 0.0776 449 149
98-1-1-0.05-50-0 1 2371 10 27 75 124 0.2533 0.0776 449 149
98-1-1-0.05-50-0 1 2371 40 32 77 1 0.9739 0.6514 104 215
98-1-1-0.05-50-0 1 2371 1 1 171 171 0.2520 0.2520 409 409
98-1-1-0.05-50-0 1 2371 1 8 170 303 0.2520 0.2506 409 303
98-1-1-0.05-50-0 1 2371 1 1 170 170 0.2520 0.2520 409 409
98-1-1-0.05-50-0 1 2371 10 27 75 123 0.2533 0.0776 449 149
98-1-1-0.05-50-0 1 2371 40 34 77 1 0.9739 0.7448 104 168
98-1-1-0.05-50-0 1 2372 1 1 174 174 0.2520 0.2520 409 409
98-1-1-0.05-50-0 1 2372 36 2 35 64 0.8162 0.8198 165 167
98-1-1-0.05-50-0 1 2372 36 37 35 19 0.8162 0.8481 165 127
98-1-1-0.05-50-0 1 2372 1 8 173 299 0.2520 0.2506 409 303
98-1-1-0.05-50-0 1 2372 1 1 173 173 0.2520 0.2520 409 409
98-1-1-0.05-50-0 1 2372 40 28 74 1 0.9739 0.3846 104 311
98-1-1-0.05-50-0 1 2372 14 25 13 99 0.8451 0.9430 105 125
98-1-1-0.05-50-0 1 2372 10 27 77 127 0.2533 0.0776 449 149
98-1-1-0.05-50-0 1 2372 1 8 172 298 0.2520 0.2506 409 303
98-1-1-0.05-50-0 1 2373 1 1 175 175 0.2520 0.2520 409 409
98-1-1-0.05-50-0 1 2373 1 8 174 297 0.2520 0.2506 409 303
98-1-1-0.05-50-0 1 2373 10 27 72 134 0.2533 0.0776 449 149
98-1-1-0.05-50-0 1 2373 1 8 174 296 0.2520 0.2506 409 303
98-1-1-0.05-50-0 1 2373 10 27 72 133 0.2533 0.0776 449 149
98-1-1-0.05-50-0 1 2373 1 10 174 72 0.2520 0.2533 409 449
98-1-1-0.05-50-0 1 2373 36 26 32 35 0.8162 0.8171 165 141
98-1-1-0.05-50-0 1 2373 10 27 71 132 0.2533 0.0776 449 149
98-1-1-0.05-50-0 1 2374 14 20 17 96 0.8451 0.9922 105 102
98-1-1-0.05-50-0 1 2374 10 27 74 136 0.2533 0.0776 449 149
98-1-1-0.05-50-0 1 2374 2 6 62 1 0.8198 0.4266 167 249
98-1-1-0.05-50-0 1 2374 10 27 74 135 0.2533 0.0776 449 149
98-1-1-0.05-50-0 1 2374 1 8 179 300 0.2520 0.2506 409 303
98-1-1-0.05-50-0 1 2374 1 8 179 299 0.2520 0.2506 409 303
98-1-1-0.05-50-0 1 2375 1 8 179 303 0.2520 0.2506 409 303
98-1-1-0.05-50-0 1 2375 10 27 80 134 0.2533 0.0776 449 149
98-1-1-0.05-50-0 1 2375 16 12 8 3 0.2228 0.1896 149 325
98-1-1-0.05-50-0 1 2375 1 8 179 302 0.2520 0.2506 409 303
98-1-1-0.05-50-0 1 2375 10 27 80 133 0.2533 0.0776 449 149
98-1-1-0.05-50-0 1 2375 10 27 80 132 0.2533 0.0776 449 149
98-1-1-0.05-50-0 1 2376 1 8 177 300 0.2520 0.2506 409 303
98-1-1-0.05-50-0 1 2376 10 27 81 130 0.2533 0.0776 449 149
98-1-1-0.05-50-0 1 2376 1 1 177 177 0.2520 0.2520 409 409
98-1-1-0.05-50-0 1 2377 1 8 176 302 0.2520 0.2506 409 303
98-1-1-0.05-50-0 1 2377 10 27 84 131 0.2533 0.0776 449 149
98-1-1-0.05-50-0 1 2377 1 1 176 176 0.2520 0.2520 409 409
98-1-1-0.05-50-0 1 2377 1 1 175 175 0.2520 0.2520 409 409
98-1-1-0.05-50-0 1 2377 1 1 174 174 0.2520 0.2520 409 409
98-1-1-0.05-50-0 1 2377 1 1 173 173 0.2520 0.2520 409 409
98-1-1-0.05-50-0 1 2377 1 8 172 301 0.2520 0.2506 409 303
98-1-1-0.05-50-0 1 2377 14 25 18 100 0.8451 0.9430 105 125
98-1-1-0.05-50-0 1 2377 20 32 97 1 0.9922 0.6514 102 215
98-1-1-0.05-50-0 1 2377 36 26 33 32 0.8162 0.8171 165 141
98-1-1-0.05-50-0 1 2377 14 40 18 68 0.8451 0.9739 105 104
98-1-1-0.05-50-0 1 2377 1 8 172 300 0.2520 0.2506 409 303
98-1-1-0.05-50-0 1 2378 48 27 6 132 0.1153 0.0776 334 149
98-1-1-0.05-50-0 1 2378 19 19 5 5 0.8072 0.8072 134 134
98-1-1-0.05-50-0 1 2378 1 8 172 300 0.2520 0.2506 409 303
98-1-1-0.05-50-0 1 2379 10 27 88 133 0.2533 0.0776 449 149
98-1-1-0.05-50-0 1 2379 1 1 177 177 0.2520 0.2520 409 409
98-1-1-0.05-50-0 1 2379 1 1 176 176 0.2520 0.2520 409 409
98-1-1-0.05-50-0 1 2379 14 25 17 96 0.8451 0.9430 105 125
98-1-1-0.05-50-0 1 2379 1 8 175 302 0.2520 0.2506 409 303
98-1-1-0.05-50-0 1 2379 1 10 175 88 0.2520 0.2533 409 449
98-1-1-0.05-50-0 1 2380 1 8 180 303 0.2520 0.2506 409 303
98-1-1-0.05-50-0 1 2380 10 27 90 132 0.2533 0.0776 449 149
98-1-1-0.05-50-0 1 2380 1 8 180 302 0.2520 0.2506 409 303
98-1-1-0.05-50-0 1 2380 10 27 90 131 0.2533 0.0776 449 149
98-1-1-0.05-50-0 1 2380 1 1 180 180 0.2520 0.2520 409 409
98-1-1-0.05-50-0 1 2380 10 27 90 130 0.2533 0.0776 449 149
98-1-1-0.05-50-0 1 2380 1 8 179 301 0.2520 0.2506 409 303
98-1-1-0.05-50-0 1 2380 1 8 179 300 0.2520 0.2506 409 303
98-1-1-0.05-50-0 1 2381 1 1 187 187 0.2520 0.2520 409 409
98-1-1-0.05-50-0 1 2381 14 20 18 99 0.8451 0.9922 105 102
98-1-1-0.05-50-0 1 2381 10 27 90 130 0.2533 0.0776 449 149
98-1-1-0.05-50-0 1 2381 1 10 186 90 0.2520 0.2533 409 449
98-1-1-0.05-50-0 1 2381 10 27 89 129 0.2533 0.0776 449 149
98-1-1-0.05-50-0 1 2381 1 8 186 302 0.2520 0.2506 409 303
98-1-1-0.05-50-0 1 2381 1 1 186 186 0.2520 0.2520 409 409
98-1-1-0.05-50-0 1 2381 10 27 89 128 0.2533 0.0776 449 149
98-1-1-0.05-50-0 1 2381 10 27 89 127 0.2533 0.0776 449 149
98-1-1-0.05-50-0 1 2382 1 1 181 181 0.2520 0.2520 409 409
98-1-1-0.05-50-0 1 2382 40 32 70 1 0.9739 0.6514 104 215
98-1-1-0.05-50-0 1 2382 1 8 180 303 0.2520 0.2506 409 303
98-1-1-0.05-50-0 1 2382 10 27 92 129 0.2533 0.0776 449 149
98-1-1-0.05-50-0 1 2383 37 48 19 6 0.8481 0.1153 127 334
98-1-1-0.05-50-0 1 2383 36 36 30 30 0.8162 0.8162 165 165
98-1-1-0.05-50-0 1 2383 1 1 183 183 0.2520 0.2520 409 409
98-1-1-0.05-50-0 1 2383 1 8 182 301 0.2520 0.2506 409 303
98-1-1-0.05-50-0 1 2383 14 13 20 121 0.8451 0.8878 105 151
98-1-1-0.05-50-0 1 2383 1 8 182 300 0.2520 0.2506 409 303
98-1-1-0.05-50-0 1 2383 14 7 20 102 0.8451 0.9267 105 106
98-1-1-0.05-50-0 1 2384 14 34 19 1 0.8451 0.7448 105 168
98-1-1-0.05-50-0 1 2384 1 8 185 296 0.2520 0.2506 409 303
98-1-1-0.05-50-0 1 2384 10 27 92 132 0.2533 0.0776 449 149
98-1-1-0.05-50-0 1 2384 1 8 185 295 0.2520 0.2506 409 303
98-1-1-0.05-50-0 1 2384 10 27 92 131 0.2533 0.0776 449 149
98-1-1-0.05-50-0 1 2384 1 1 185 185 0.2520 0.2520 409 409
98-1-1-0.05-50-0 1 2385 14 13 19 120 0.8451 0.8878 105 151
98-1-1-0.05-50-0 1 2385 1 8 186 297 0.2520 0.2506 409 303
98-1-1-0.05-50-0 1 2385 1 8 186 296 0.2520 0.2506 409 303
98-1-1-0.05-50-0 1 2385 10 27 92 131 0.2533 0.0776 449 149
98-1-1-0.05-50-0 1 2385 1 1 186 186 0.2520 0.2520 409 409
98-1-1-0.05-50-0 1 2385 36 14 27 19 0.8162 0.8451 165 105
98-1-1-0.05-50-0 1 2385 1 8 185 295 0.2520 0.2506 409 303
98-1-1-0.05-50-0 1 2386 37 16 18 6 0.8481 0.2228 127 149
98-1-1-0.05-50-0 1 2386 1 1 186 186 0.2520 0.2520 409 409
98-1-1-0.05-50-0 1 2386 10 27 94 135 0.2533 0.0776 449 149
98-1-1-0.05-50-0 1 2386 36 36 25 25 0.8162 0.8162 165 165
98-1-1-0.05-50-0 1 2386 1 8 185 300 0.2520 0.2506 409 303
98-1-1-0.05-50-0 1 2386 1 10 185 94 0.2520 0.2533 409 449
98-1-1-0.05-50-0 1 2386 1 8 185 299 0.2520 0.2506 409 303
98-1-1-0.05-50-0 1 2386 1 1 185 185 0.2520 0.2520 409 409
98-1-1-0.05-50-0 1 2386 1 8 184 298 0.2520 0.2506 409 303
98-1-1-0.05-50-0 1 2386 10 27 93 134 0.2533 0.0776 449 149
98-1-1-0.05-50-0 1 2387 40 3 71 2 0.9739 0.4813 104 321
98-1-1-0.05-50-0 1 2387 10 27 98 136 0.2533 0.0776 449 149
98-1-1-0.05-50-0 1 2387 1 10 186 98 0.2520 0.2533 409 449
98-1-1-0.05-50-0 1 2387 36 2 23 62 0.8162 0.8198 165 167
98-1-1-0.05-50-0 1 2387 1 50 186 8 0.2520 0.2147 409 147
98-1-1-0.05-50-0 1 2387 1 8 186 292 0.2520 0.2506 409 303
98-1-1-0.05-50-0 1 2387 1 8 186 291 0.2520 0.2506 409 303
98-1-1-0.05-50-0 1 2387 1 10 186 97 0.2520 0.2533 409 449
98-1-1-0.05-50-0 1 2387 19 19 4 4 0.8072 0.8072 134 134
98-1-1-0.05-50-0 1 2388 10 27 93 137 0.2533 0.0776 449 149
98-1-1-0.05-50-0 1 2388 1 10 191 93 0.2520 0.2533 409 449
98-1-1-0.05-50-0 1 2388 10 27 92 136 0.2533 0.0776 449 149
98-1-1-0.05-50-0 1 2388 10 27 92 135 0.2533 0.0776 449 149
98-1-1-0.05-50-0 1 2388 1 1 191 191 0.2520 0.2520 409 409
98-1-1-0.05-50-0 1 2388 1 1 190 190 0.2520 0.2520 409 409
98-1-1-0.05-50-0 1 2388 40 30 72 1 0.9739 0.6008 104 266
98-1-1-0.05-50-0 1 2389 1 1 192 192 0.2520 0.2520 409 409
98-1-1-0.05-50-0 1 2389 1 8 191 296 0.2520 0.2506 409 303
98-1-1-0.05-50-0 1 2389 10 27 94 135 0.2533 0.0776 449 149
98-1-1-0.05-50-0 1 2389 36 36 23 23 0.8162 0.8162 165 165
98-1-1-0.05-50-0 1 2390 1 8 194 302 0.2520 0.2506 409 303
98-1-1-0.05-50-0 1 2390 36 43 25 16 0.8162 0.8316 165 123
98-1-1-0.05-50-0 1 2390 37 16 19 4 0.8481 0.2228 127 149
98-1-1-0.05-50-0 1 2390 10 27 94 136 0.2533 0.0776 449 149
98-1-1-0.05-50-0 1 2390 1 8 194 301 0.2520 0.2506 409 303
98-1-1-0.05-50-0 1 2390 1 10 194 94 0.2520 0.2533 409 449
98-1-1-0.05-50-0 1 2390 14 2 18 63 0.8451 0.8198 105 167
98-1-1-0.05-50-0 1 2390 10 27 93 135 0.2533 0.0776 449 149
98-1-1-0.05-50-0 1 2390 1 50 194 8 0.2520 0.2147 409 147
98-1-1-0.05-50-0 1 2390 10 27 93 134 0.2533 0.0776 449 149
98-1-1-0.05-50-0 1 2391 10 27 94 134 0.2533 0.0776 449 149
98-1-1-0.05-50-0 1 2391 36 19 22 2 0.8162 0.8072 165 134
98-1-1-0.05-50-0 1 2391 1 1 193 193 0.2520 0.2520 409 409
98-1-1-0.05-50-0 1 2391 10 27 94 133 0.2533 0.0776 449 149
98-1-1-0.05-50-0 1 2391 1 8 192 303 0.2520 0.2506 409 303
98-1-1-0.05-50-0 1 2391 1 1 192 192 0.2520 0.2520 409 409
98-1-1-0.05-50-0 1 2391 1 8 191 302 0.2520 0.2506 409 303
98-1-1-0.05-50-0 1 2391 1 8 191 301 0.2520 0.2506 409 303
98-1-1-0.05-50-0 1 2392 10 27 92 136 0.2533 0.0776 449 149
98-1-1-0.05-50-0 1 2392 36 2 21 67 0.8162 0.8198 165 167
98-1-1-0.05-50-0 1 2392 14 7 18 105 0.8451 0.9267 105 106
98-1-1-0.05-50-0 1 2392 1 8 189 303 0.2520 0.2506 409 303
98-1-1-0.05-50-0 1 2392 1 8 189 302 0.2520 0.2506 409 303
98-1-1-0.05-50-0 1 2392 37 50 19 6 0.8481 0.2147 127 147
98-1-1-0.05-50-0 1 2393 1 1 199 199 0.2520 0.2520 409 409
98-1-1-0.05-50-0 1 2393 1 8 198 301 0.2520 0.2506 409 303
98-1-1-0.05-50-0 1 2393 1 8 198 300 0.2520 0.2506 409 303
98-1-1-0.05-50-0 1 2393 10 27 95 139 0.2533 0.0776 449 149
98-1-1-0.05-50-0 1 2393 1 8 198 299 0.2520 0.2506 409 303
98-1-1-0.05-50-0 1 2393 1 8 198 298 0.2520 0.2506 409 303
98-1-1-0.05-50-0 1 2393 10 27 95 138 0.2533 0.0776 449 149
98-1-1-0.05-50-0 1 2393 1 1 198 198 0.2520 0.2520 409 409
98-1-1-0.05-50-0 1 2393 1 8 197 297 0.2520 0.2506 409 303
98-1-1-0.05-50-0 1 2394 10 27 97 139 0.2533 0.0776 449 149
98-1-1-0.05-50-0 1 2394 1 8 202 300 0.2520 0.2506 409 303
98-1-1-0.05-50-0 1 2394 37 50 20 5 0.8481 0.2147 127 147
98-1-1-0.05-50-0 1 2394 1 1 202 202 0.2520 0.2520 409 409
98-1-1-0.05-50-0 1 2394 1 1 201 201 0.2520 0.2520 409 409
98-1-1-0.05-50-0 1 2394 10 27 97 138 0.2533 0.0776 449 149
98-1-1-0.05-50-0 1 2394 1 8 200 299 0.2520 0.2506 409 303
98-1-1-0.05-50-0 1 2394 10 27 97 137 0.2533 0.0776 449 149
98-1-1-0.05-50-0 1 2394 1 8 200 298 0.2520 0.2506 409 303
98-1-1-0.05-50-0 1 2394 10 27 97 136 0.2533 0.0776 449 149
98-1-1-0.05-50-0 1 2394 1 8 200 297 0.2520 0.2506 409 303
98-1-1-0.05-50-0 1 2394 1 1 200 200 0.2520 0.2520 409 409
98-1-1-0.05-50-0 1 2394 10 27 97 135 0.2533 0.0776 449 149
98-1-1-0.05-50-0 1 2394 1 10 199 97 0.2520 0.2533 409 449
98-1-1-0.05-50-0 1 2395 10 27 95 136 0.2533 0.0776 449 149
98-1-1-0.05-50-0 1 2395 1 1 199 199 0.2520 0.2520 409 409
98-1-1-0.05-50-0 1 2395 1 8 198 299 0.2520 0.2506 409 303
98-1-1-0.05-50-0 1 2395 1 8 198 298 0.2520 0.2506 409 303
98-1-1-0.05-50-0 1 2395 14 41 18 94 0.8451 0.9621 105 105
98-1-1-0.05-50-0 1 2395 1 8 198 297 0.2520 0.2506 409 303
98-1-1-0.05-50-0 1 2395 14 40 18 73 0.8451 0.9739 105 104
98-1-1-0.05-50-0 1 2396 25 11 93 1 0.9430 0.0504 125 384
98-1-1-0.05-50-0 1 2396 1 8 195 296 0.2520 0.2506 409 303
98-1-1-0.05-50-0 1 2396 1 8 195 295 0.2520 0.2506 409 303
98-1-1-0.05-50-0 1 2396 10 27 100 138 0.2533 0.0776 449 149
98-1-1-0.05-50-0 1 2396 14 41 18 92 0.8451 0.9621 105 105
98-1-1-0.05-50-0 1 2396 1 1 195 195 0.2520 0.2520 409 409
98-1-1-0.05-50-0 1 2396 50 48 4 4 0.2147 0.1153 147 334
98-1-1-0.05-50-0 1 2397 1 8 198 301 0.2520 0.2506 409 303
98-1-1-0.05-50-0 1 2397 2 6 69 1 0.8198 0.4266 167 249
98-1-1-0.05-50-0 1 2397 1 10 198 98 0.2520 0.2533 409 449
98-1-1-0.05-50-0 1 2397 1 1 198 198 0.2520 0.2520 409 409
98-1-1-0.05-50-0 1 2397 1 8 197 300 0.2520 0.2506 409 303
98-1-1-0.05-50-0 1 2397 1 8 197 299 0.2520 0.2506 409 303
98-1-1-0.05-50-0 1 2397 1 1 197 197 0.2520 0.2520 409 409
98-1-1-0.05-50-0 1 2398 1 8 198 290 0.2520 0.2506 409 303
98-1-1-0.05-50-0 1 2398 14 7 19 100 0.8451 0.9267 105 106
98-1-1-0.05-50-0 1 2398 1 8 198 289 0.2520 0.2506 409 303
98-1-1-0.05-50-0 1 2398 1 8 198 288 0.2520 0.2506 409 303
98-1-1-0.05-50-0 1 2398 10 27 102 141 0.2533 0.0776 449 149
98-1-1-0.05-50-0 1 2398 36 26 24 40 0.8162 0.8171 165 141
98-1-1-0.05-50-0 1 2398 1 8 198 287 0.2520 0.2506 409 303
98-1-1-0.05-50-0 1 2398 1 16 198 4 0.2520 0.2228 409 149
98-1-1-0.05-50-0 1 2399 10 27 107 140 0.2533 0.0776 449 149
98-1-1-0.05-50-0 1 2399 1 8 201 287 0.2520 0.2506 409 303
98-1-1-0.05-50-0 1 2399 1 1 201 201 0.2520 0.2520 409 409
98-1-1-0.05-50-0 1 2399 10 27 107 139 0.2533 0.0776 449 149
98-1-1-0.05-50-0 1 2399 10 27 107 138 0.2533 0.0776 449 149
98-1-1-0.05-50-0 1 2399 1 10 200 107 0.2520 0.2533 409 449
98-1-1-0.05-50-0 1 2400 10 27 110 139 0.2533 0.0776 449 149
98-1-1-0.05-50-0 1 2400 37 48 14 4 0.8481 0.1153 127 334
98-1-1-0.05-50-0 1 2400 1 8 205 298 0.2520 0.2506 409 303
98-1-1-0.05-50-0 1 2400 1 1 205 205 0.2520 0.2520 409 409
98-1-1-0.05-50-0 1 2400 1 8 204 297 0.2520 0.2506 409 303
98-1-1-0.05-50-0 1 2400 28 10 3 110 0.3846 0.2533 311 449
98-1-1-0.05-50-0 1 2400 1 10 204 109 0.2520 0.2533 409 449
98-1-1-0.05-50-0 1 2400 1 8 204 296 0.2520 0.2506 409 303
98-1-1-0.05-50-0 1 2400 1 1 204 204 0.2520 0.2520 409 409
98-1-1-0.05-50-0 1 2400 37 12 14 1 0.8481 0.1896 127 325
98-1-1-0.05-50-0 1 2400 1 1 203 203 0.2520 0.2520 409 409
98-1-1-0.05-50-0 1 2401 1 8 199 302 0.2520 0.2506 409 303
98-1-1-0.05-50-0 1 2401 1 8 199 301 0.2520 0.2506 409 303
98-1-1-0.05-50-0 1 2401 10 27 106 137 0.2533 0.0776 449 149
98-1-1-0.05-50-0 1 2401 20 28 97 3 0.9922 0.3846 102 311
98-1-1-0.05-50-0 1 2401 14 20 26 97 0.8451 0.9922 105 102
98-1-1-0.05-50-0 1 2402 10 27 105 139 0.2533 0.0776 449 149
98-1-1-0.05-50-0 1 2402 26 28 39 2 0.8171 0.3846 141 311
98-1-1-0.05-50-0 1 2402 1 10 205 105 0.2520 0.2533 409 449
98-1-1-0.05-50-0 1 2402 37 50 16 10 0.8481 0.2147 127 147
98-1-1-0.05-50-0 1 2402 1 10 205 104 0.2520 0.2533 409 449
98-1-1-0.05-50-0 1 2402 37 50 16 9 0.8481 0.2147 127 147
98-1-1-0.05-50-0 1 2402 10 27 103 138 0.2533 0.0776 449 149
98-1-1-0.05-50-0 1 2402 1 1 205 205 0.2520 0.2520 409 409
98-1-1-0.05-50-0 1 2403 1 8 207 303 0.2520 0.2506 409 303
98-1-1-0.05-50-0 1 2403 48 27 4 143 0.1153 0.0776 334 149
98-1-1-0.05-50-0 1 2403 1 10 207 106 0.2520 0.2533 409 449
98-1-1-0.05-50-0 1 2403 1 8 207 302 0.2520 0.2506 409 303
98-1-1-0.05-50-0 1 2403 10 27 105 142 0.2533 0.0776 449 149
98-1-1-0.05-50-0 1 2403 1 10 207 105 0.2520 0.2533 409 449
98-1-1-0.05-50-0 1 2404 1 1 206 206 0.2520 0.2520 409 409
98-1-1-0.05-50-0 1 2404 1 10 205 107 0.2520 0.2533 409 449
98-1-1-0.05-50-0 1 2404 1 8 205 303 0.2520 0.2506 409 303
98-1-1-0.05-50-0 1 2404 1 1 205 205 0.2520 0.2520 409 409
98-1-1-0.05-50-0 1 2404 1 8 204 302 0.2520 0.2506 409 303
98-1-1-0.05-50-0 1 2404 37 48 18 4 0.8481 0.1153 127 334
98-1-1-0.05-50-0 1 2404 20 32 96 1 0.9922 0.6514 102 215
98-1-1-0.05-50-0 1 2404 10 27 106 143 0.2533 0.0776 449 149
98-1-1-0.05-50-0 1 2404 1 8 204 301 0.2520 0.2506 409 303
98-1-1-0.05-50-0 1 2405 10 27 106 146 0.2533 0.0776 449 149
98-1-1-0.05-50-0 1 2405 20 29 97 1 0.9922 0.6728 102 177
98-1-1-0.05-50-0 1 2405 48 27 3 145 0.1153 0.0776 334 149
98-1-1-0.05-50-0 1 2405 36 2 30 78 0.8162 0.8198 165 167
98-1-1-0.05-50-0 1 2405 1 1 208 208 0.2520 0.2520 409 409
98-1-1-0.05-50-0 1 2405 1 10 207 106 0.2520 0.2533 409 449
98-1-1-0.05-50-0 1 2405 1 10 207 105 0.2520 0.2533 409 449
98-1-1-0.05-50-0 1 2405 36 2 30 77 0.8162 0.8198 165 167
98-1-1-0.05-50-0 1 2405 1 8 207 303 0.2520 0.2506 409 303
98-1-1-0.05-50-0 1 2406 25 11 105 2 0.9430 0.0504 125 384
98-1-1-0.05-50-0 1 2406 14 2 32 77 0.8451 0.8198 105 167
98-1-1-0.05-50-0 1 2406 10 27 110 149 0.2533 0.0776 449 149
98-1-1-0.05-50-0 1 2406 1 1 207 207 0.2520 0.2520 409 409
98-1-1-0.05-50-0 1 2406 14 7 32 102 0.8451 0.9267 105 106
98-1-1-0.05-50-0 1 2406 1 1 206 206 0.2520 0.2520 409 409
98-1-1-0.05-50-0 1 2406 1 1 205 205 0.2520 0.2520 409 409
98-1-1-0.05-50-0 1 2406 37 50 17 8 0.8481 0.2147 127 147
98-1-1-0.05-50-0 1 2406 41 11 99 1 0.9621 0.0504 105 384
98-1-1-0.05-50-0 1 2406 36 2 31 76 0.8162 0.8198 165 167
98-1-1-0.05-50-0 1 2406 10 27 110 148 0.2533 0.0776 449 149
98-1-1-0.05-50-0 1 2406 14 2 32 75 0.8451 0.8198 105 167
98-1-1-0.05-50-0 1 2407 1 1 210 210 0.2520 0.2520 409 409
98-1-1-0.05-50-0 1 2407 14 2 33 71 0.8451 0.8198 105 167
98-1-1-0.05-50-0 1 2407 1 8 209 303 0.2520 0.2506 409 303
98-1-1-0.05-50-0 1 2407 36 43 33 15 0.8162 0.8316 165 123
98-1-1-0.05-50-0 1 2407 14 40 33 58 0.8451 0.9739 105 104
98-1-1-0.05-50-0 1 2407 1 8 209 302 0.2520 0.2506 409 303
98-1-1-0.05-50-0 1 2407 1 8 209 301 0.2520 0.2506 409 303
98-1-1-0.05-50-0 1 2407 1 8 209 300 0.2520 0.2506 409 303
98-1-1-0.05-50-0 1 2408 1 10 204 116 0.2520 0.2533 409 449
98-1-1-0.05-50-0 1 2408 10 27 115 149 0.2533 0.0776 449 149
98-1-1-0.05-50-0 1 2408 1 10 204 115 0.2520 0.2533 409 449
98-1-1-0.05-50-0 1 2408 10 27 114 148 0.2533 0.0776 449 149
98-1-1-0.05-50-0 1 2408 1 10 204 114 0.2520 0.2533 409 449
98-1-1-0.05-50-0 1 2408 1 1 204 204 0.2520 0.2520 409 409
98-1-1-0.05-50-0 1 2408 1 8 203 303 0.2520 0.2506 409 303
98-1-1-0.05-50-0 1 2408 1 1 203 203 0.2520 0.2520 409 409
98-1-1-0.05-50-0 1 2409 1 8 210 302 0.2520 0.2506 409 303
98-1-1-0.05-50-0 1 2409 1 1 210 210 0.2520 0.2520 409 409
98-1-1-0.05-50-0 1 2409 1 8 209 301 0.2520 0.2506 409 303
98-1-1-0.05-50-0 1 2409 10 27 111 149 0.2533 0.0776 449 149
98-1-1-0.05-50-0 1 2409 1 1 209 209 0.2520 0.2520 409 409
98-1-1-0.05-50-0 1 2409 10 27 111 148 0.2533 0.0776 449 149
98-1-1-0.05-50-0 1 2409 1 8 208 300 0.2520 0.2506 409 303
98-1-1-0.05-50-0 1 2409 14 41 35 97 0.8451 0.9621 105 105
98-1-1-0.05-50-0 1 2410 1 10 207 112 0.2520 0.2533 409 449
98-1-1-0.05-50-0 1 2410 10 27 111 149 0.2533 0.0776 449 149
98-1-1-0.05-50-0 1 2410 37 50 15 7 0.8481 0.2147 127 147
98-1-1-0.05-50-0 1 2410 10 27 111 148 0.2533 0.0776 449 149
98-1-1-0.05-50-0 1 2410 1 8 207 298 0.2520 0.2506 409 303
98-1-1-0.05-50-0 1 2410 1 1 207 207 0.2520 0.2520 409 409
98-1-1-0.05-50-0 1 2410 1 1 206 206 0.2520 0.2520 409 409
98-1-1-0.05-50-0 1 2410 36 2 30 66 0.8162 0.8198 165 167
98-1-1-0.05-50-0 1 2410 1 8 205 297 0.2520 0.2506 409 303
98-1-1-0.05-50-0 1 2410 14 40 33 60 0.8451 0.9739 105 104
98-1-1-0.05-50-0 1 2411 1 8 204 303 0.2520 0.2506 409 303
98-1-1-0.05-50-0 1 2411 37 50 14 6 0.8481 0.2147 127 147
98-1-1-0.05-50-0 1 2411 41 5 97 2 0.9621 0.0007 105 226
98-1-1-0.05-50-0 1 2411 36 14 29 34 0.8162 0.8451 165 105
98-1-1-0.05-50-0 1 2411 10 27 105 148 0.2533 0.0776 449 149
98-1-1-0.05-50-0 1 2412 1 8 202 303 0.2520 0.2506 409 303
98-1-1-0.05-50-0 1 2412 36 14 29 34 0.8162 0.8451 165 105
98-1-1-0.05-50-0 1 2412 1 1 202 202 0.2520 0.2520 409 409
98-1-1-0.05-50-0 1 2412 1 8 201 302 0.2520 0.2506 409 303
98-1-1-0.05-50-0 1 2412 36 2 29 73 0.8162 0.8198 165 167
98-1-1-0.05-50-0 1 2412 1 8 201 301 0.2520 0.2506 409 303
98-1-1-0.05-50-0 1 2413 1 8 203 302 0.2520 0.2506 409 303
98-1-1-0.05-50-0 1 2413 1 8 203 301 0.2520 0.2506 409 303
98-1-1-0.05-50-0 1 2413 14 2 32 72 0.8451 0.8198 105 167
98-1-1-0.05-50-0 1 2413 1 1 203 203 0.2520 0.2520 409 409
98-1-1-0.05-50-0 1 2413 10 27 102 147 0.2533 0.0776 449 149
98-1-1-0.05-50-0 1 2413 1 1 202 202 0.2520 0.2520 409 409
98-1-1-0.05-50-0 1 2413 10 27 102 146 0.2533 0.0776 449 149
98-1-1-0.05-50-0 1 2413 1 8 201 300 0.2520 0.2506 409 303
98-1-1-0.05-50-0 1 2413 14 13 32 121 0.8451 0.8878 105 151
98-1-1-0.05-50-0 1 2413 1 10 201 102 0.2520 0.2533 409 449
98-1-1-0.05-50-0 1 2413 1 10 201 101 0.2520 0.2533 409 449
98-1-1-0.05-50-0 1 2413 1 1 201 201 0.2520 0.2520 409 409
98-1-1-0.05-50-0 1 2414 1 10 199 103 0.2520 0.2533 409 449
98-1-1-0.05-50-0 1 2414 1 8 199 303 0.2520 0.2506 409 303
98-1-1-0.05-50-0 1 2414 1 10 199 102 0.2520 0.2533 409 449
98-1-1-0.05-50-0 1 2414 1 1 199 199 0.2520 0.2520 409 409
98-1-1-0.05-50-0 1 2414 10 27 101 146 0.2533 0.0776 449 149
98-1-1-0.05-50-0 1 2414 1 8 198 302 0.2520 0.2506 409 303
98-1-1-0.05-50-0 1 2414 10 27 101 145 0.2533 0.0776 449 149
98-1-1-0.05-50-0 1 2414 1 8 198 301 0.2520 0.2506 409 303
98-1-1-0.05-50-0 1 2415 10 27 103 145 0.2533 0.0776 449 149
98-1-1-0.05-50-0 1 2415 14 20 31 102 0.8451 0.9922 105 102
98-1-1-0.05-50-0 1 2415 36 37 27 17 0.8162 0.8481 165 127
98-1-1-0.05-50-0 1 2415 1 1 197 197 0.2520 0.2520 409 409
98-1-1-0.05-50-0 1 2415 14 13 31 116 0.8451 0.8878 105 151
98-1-1-0.05-50-0 1 2415 1 8 196 301 0.2520 0.2506 409 303
98-1-1-0.05-50-0 1 2416 20 28 102 2 0.9922 0.3846 102 311
98-1-1-0.05-50-0 1 2416 1 8 201 303 0.2520 0.2506 409 303
98-1-1-0.05-50-0 1 2416 1 1 201 201 0.2520 0.2520 409 409
98-1-1-0.05-50-0 1 2416 14 13 31 116 0.8451 0.8878 105 151
98-1-1-0.05-50-0 1 2416 10 27 103 142 0.2533 0.0776 449 149
98-1-1-0.05-50-0 1 2416 1 8 200 302 0.2520 0.2506 409 303
98-1-1-0.05-50-0 1 2416 48 27 4 141 0.1153 0.0776 334 149
98-1-1-0.05-50-0 1 2416 10 27 103 140 0.2533 0.0776 449 149
98-1-1-0.05-50-0 1 2417 1 10 203 104 0.2520 0.2533 409 449
98-1-1-0.05-50-0 1 2417 1 8 203 301 0.2520 0.2506 409 303
98-1-1-0.05-50-0 1 2417 2 33 72 1 0.8198 0.6893 167 191
98-1-1-0.05-50-0 1 2417 1 8 203 300 0.2520 0.2506 409 303
98-1-1-0.05-50-0 1 2417 10 27 103 140 0.2533 0.0776 449 149
98-1-1-0.05-50-0 1 2417 10 27 103 139 0.2533 0.0776 449 149
98-1-1-0.05-50-0 1 2418 36 14 29 31 0.8162 0.8451 165 105
98-1-1-0.05-50-0 1 2418 1 1 210 210 0.2520 0.2520 409 409
98-1-1-0.05-50-0 1 2418 41 5 88 1 0.9621 0.0007 105 226
98-1-1-0.05-50-0 1 2418 1 10 209 101 0.2520 0.2533 409 449
98-1-1-0.05-50-0 1 2418 36 26 29 42 0.8162 0.8171 165 141
98-1-1-0.05-50-0 1 2418 36 2 29 69 0.8162 0.8198 165 167
98-1-1-0.05-50-0 1 2419 10 27 103 141 0.2533 0.0776 449 149
98-1-1-0.05-50-0 1 2419 1 8 216 303 0.2520 0.2506 409 303
98-1-1-0.05-50-0 1 2419 1 1 216 216 0.2520 0.2520 409 409
98-1-1-0.05-50-0 1 2419 1 10 215 103 0.2520 0.2533 409 449
98-1-1-0.05-50-0 1 2419 1 8 215 302 0.2520 0.2506 409 303
98-1-1-0.05-50-0 1 2419 1 10 215 102 0.2520 0.2533 409 449
98-1-1-0.05-50-0 1 2419 14 13 30 113 0.8451 0.8878 105 151
98-1-1-0.05-50-0 1 2419 10 27 101 140 0.2533 0.0776 449 149
98-1-1-0.05-50-0 1 2419 1 10 215 101 0.2520 0.2533 409 449
98-1-1-0.05-50-0 1 2419 1 10 215 100 0.2520 0.2533 409 449
98-1-1-0.05-50-0 1 2419 10 27 99 139 0.2533 0.0776 449 149
98-1-1-0.05-50-0 1 2420 1 8 214 303 0.2520 0.2506 409 303
98-1-1-0.05-50-0 1 2420 10 27 105 140 0.2533 0.0776 449 149
98-1-1-0.05-50-0 1 2420 40 9 64 2 0.9739 0.6134 104 161
98-1-1-0.05-50-0 1 2420 36 2 31 67 0.8162 0.8198 165 167
98-1-1-0.05-50-0 1 2420 1 8 214 302 0.2520 0.2506 409 303
98-1-1-0.05-50-0 1 2420 1 50 214 8 0.2520 0.2147 409 147
98-1-1-0.05-50-0 1 2421 1 1 217 217 0.2520 0.2520 409 409
98-1-1-0.05-50-0 1 2421 1 8 216 299 0.2520 0.2506 409 303
98-1-1-0.05-50-0 1 2421 10 27 110 139 0.2533 0.0776 449 149
98-1-1-0.05-50-0 1 2421 36 14 31 30 0.8162 0.8451 165 105
98-1-1-0.05-50-0 1 2421 36 2 31 66 0.8162 0.8198 165 167
98-1-1-0.05-50-0 1 2421 1 8 216 298 0.2520 0.2506 409 303
98-1-1-0.05-50-0 1 2421 1 8 216 297 0.2520 0.2506 409 303
98-1-1-0.05-50-0 1 2421 14 25 29 119 0.8451 0.9430 105 125
98-1-1-0.05-50-0 1 2421 10 27 110 138 0.2533 0.0776 449 149
98-1-1-0.05-50-0 1 2422 1 8 215 301 0.2520 0.2506 409 303
98-1-1-0.05-50-0 1 2422 36 36 33 33 0.8162 0.8162 165 165
98-1-1-0.05-50-0 1 2422 41 35 89 1 0.9621 0.0354 105 158
98-1-1-0.05-50-0 1 2422 10 27 116 137 0.2533 0.0776 449 149
98-1-1-0.05-50-0 1 2422 40 28 67 1 0.9739 0.3846 104 311
98-1-1-0.05-50-0 1 2423 1 10 217 117 0.2520 0.2533 409 449
98-1-1-0.05-50-0 1 2423 10 27 116 138 0.2533 0.0776 449 149
98-1-1-0.05-50-0 1 2423 1 10 217 116 0.2520 0.2533 409 449
98-1-1-0.05-50-0 1 2423 10 27 115 137 0.2533 0.0776 449 149
98-1-1-0.05-50-0 1 2423 10 27 115 136 0.2533 0.0776 449 149
98-1-1-0.05-50-0 1 2423 1 8 217 302 0.2520 0.2506 409 303
98-1-1-0.05-50-0 1 2423 20 44 101 2 0.9922 0.7034 102 118
98-1-1-0.05-50-0 1 2423 36 2 32 64 0.8162 0.8198 165 167
98-1-1-0.05-50-0 1 2423 1 8 217 301 0.2520 0.2506 409 303
98-1-1-0.05-50-0 1 2423 1 1 217 217 0.2520 0.2520 409 409
98-1-1-0.05-50-0 1 2423 10 27 115 135 0.2533 0.0776 449 149
98-1-1-0.05-50-0 1 2423 1 8 216 300 0.2520 0.2506 409 303
98-1-1-0.05-50-0 1 2424 14 25 23 120 0.8451 0.9430 105 125
98-1-1-0.05-50-0 1 2424 10 27 117 134 0.2533 0.0776 449 149
98-1-1-0.05-50-0 1 2424 10 27 117 133 0.2533 0.0776 449 149
98-1-1-0.05-50-0 1 2424 10 27 117 132 0.2533 0.0776 449 149
98-1-1-0.05-50-0 1 2424 1 8 218 303 0.2520 0.2506 409 303
98-1-1-0.05-50-0 1 2424 1 8 218 302 0.2520 0.2506 409 303
98-1-1-0.05-50-0 1 2424 1 8 218 301 0.2520 0.2506 409 303
98-1-1-0.05-50-0 1 2424 10 27 117 131 0.2533 0.0776 449 149
98-1-1-0.05-50-0 1 2425 10 27 122 130 0.2533 0.0776 449 149
98-1-1-0.05-50-0 1 2425 1 10 220 122 0.2520 0.2533 409 449
98-1-1-0.05-50-0 1 2425 1 8 220 301 0.2520 0.2506 409 303
98-1-1-0.05-50-0 1 2425 1 10 220 121 0.2520 0.2533 409 449
98-1-1-0.05-50-0 1 2425 1 8 220 300 0.2520 0.2506 409 303
98-1-1-0.05-50-0 1 2425 1 8 220 299 0.2520 0.2506 409 303
98-1-1-0.05-50-0 1 2426 1 8 224 302 0.2520 0.2506 409 303
98-1-1-0.05-50-0 1 2426 36 26 31 50 0.8162 0.8171 165 141
98-1-1-0.05-50-0 1 2426 1 8 224 301 0.2520 0.2506 409 303
98-1-1-0.05-50-0 1 2426 1 1 224 224 0.2520 0.2520 409 409
98-1-1-0.05-50-0 1 2426 36 14 31 20 0.8162 0.8451 165 105
98-1-1-0.05-50-0 1 2426 1 1 223 223 0.2520 0.2520 409 409
98-1-1-0.05-50-0 1 2427 1 1 225 225 0.2520 0.2520 409 409
98-1-1-0.05-50-0 1 2427 1 8 224 303 0.2520 0.2506 409 303
98-1-1-0.05-50-0 1 2427 1 10 224 120 0.2520 0.2533 409 449
98-1-1-0.05-50-0 1 2427 14 40 19 66 0.8451 0.9739 105 104
98-1-1-0.05-50-0 1 2427 1 10 224 119 0.2520 0.2533 409 449
98-1-1-0.05-50-0 1 2428 36 14 29 18 0.8162 0.8451 165 105
98-1-1-0.05-50-0 1 2428 20 9 93 1 0.9922 0.6134 102 161
98-1-1-0.05-50-0 1 2428 1 8 238 303 0.2520 0.2506 409 303
98-1-1-0.05-50-0 1 2428 37 50 13 5 0.8481 0.2147 127 147
98-1-1-0.05-50-0 1 2428 1 10 238 123 0.2520 0.2533 409 449
98-1-1-0.05-50-0 1 2428 10 27 122 128 0.2533 0.0776 449 149
98-1-1-0.05-50-0 1 2428 10 27 122 127 0.2533 0.0776 449 149
98-1-1-0.05-50-0 1 2428 1 8 238 302 0.2520 0.2506 409 303
98-1-1-0.05-50-0 1 2429 1 1 237 237 0.2520 0.2520 409 409
98-1-1-0.05-50-0 1 2429 36 2 29 67 0.8162 0.8198 165 167
98-1-1-0.05-50-0 1 2429 10 27 124 122 0.2533 0.0776 449 149
98-1-1-0.05-50-0 1 2429 1 10 236 124 0.2520 0.2533 409 449
98-1-1-0.05-50-0 1 2429 10 27 123 121 0.2533 0.0776 449 149
98-1-1-0.05-50-0 1 2429 1 1 236 236 0.2520 0.2520 409 409
98-1-1-0.05-50-0 1 2429 1 1 235 235 0.2520 0.2520 409 409
98-1-1-0.05-50-0 1 2430 40 28 70 3 0.9739 0.3846 104 311
98-1-1-0.05-50-0 1 2430 1 8 230 300 0.2520 0.2506 409 303
98-1-1-0.05-50-0 1 2430 1 1 230 230 0.2520 0.2520 409 409
98-1-1-0.05-50-0 1 2430 1 1 229 229 0.2520 0.2520 409 409
98-1-1-0.05-50-0 1 2430 1 1 228 228 0.2520 0.2520 409 409
98-1-1-0.05-50-0 1 2430 1 10 227 128 0.2520 0.2533 409 449
98-1-1-0.05-50-0 1 2430 10 27 127 120 0.2533 0.0776 449 149
98-1-1-0.05-50-0 1 2430 1 8 227 299 0.2520 0.2506 409 303
98-1-1-0.05-50-0 1 2430 10 27 127 119 0.2533 0.0776 449 149
98-1-1-0.05-50-0 1 2430 1 1 227 227 0.2520 0.2520 409 409
98-1-1-0.05-50-0 1 2430 10 27 127 118 0.2533 0.0776 449 149
98-1-1-0.05-50-0 1 2430 1 8 226 298 0.2520 0.2506 409 303
98-1-1-0.05-50-0 1 2430 10 27 127 117 0.2533 0.0776 449 149
98-1-1-0.05-50-0 1 2430 20 28 99 2 0.9922 0.3846 102 311
98-1-1-0.05-50-0 1 2430 10 27 127 116 0.2533 0.0776 449 149
98-1-1-0.05-50-0 1 2430 10 27 127 115 0.2533 0.0776 449 149
98-1-1-0.05-50-0 1 2431 10 27 128 115 0.2533 0.0776 449 149
98-1-1-0.05-50-0 1 2431 1 1 228 228 0.2520 0.2520 409 409
98-1-1-0.05-50-0 1 2431 1 8 227 299 0.2520 0.2506 409 303
98-1-1-0.05-50-0 1 2431 1 8 227 298 0.2520 0.2506 409 303
98-1-1-0.05-50-0 1 2431 36 2 33 68 0.8162 0.8198 165 167
98-1-1-0.05-50-0 1 2431 10 27 128 114 0.2533 0.0776 449 149
98-1-1-0.05-50-0 1 2431 1 8 227 297 0.2520 0.2506 409 303
98-1-1-0.05-50-0 1 2432 10 27 128 113 0.2533 0.0776 449 149
98-1-1-0.05-50-0 1 2432 1 1 234 234 0.2520 0.2520 409 409
98-1-1-0.05-50-0 1 2432 1 8 233 294 0.2520 0.2506 409 303
98-1-1-0.05-50-0 1 2432 10 27 128 112 0.2533 0.0776 449 149
98-1-1-0.05-50-0 1 2432 10 27 128 111 0.2533 0.0776 449 149
98-1-1-0.05-50-0 1 2432 1 8 233 293 0.2520 0.2506 409 303
98-1-1-0.05-50-0 1 2432 1 8 233 292 0.2520 0.2506 409 303
98-1-1-0.05-50-0 1 2432 1 8 233 291 0.2520 0.2506 409 303
98-1-1-0.05-50-0 1 2432 1 1 233 233 0.2520 0.2520 409 409
98-1-1-0.05-50-0 1 2432 1 1 232 232 0.2520 0.2520 409 409
98-1-1-0.05-50-0 1 2433 10 27 128 111 0.2533 0.0776 449 149
98-1-1-0.05-50-0 1 2433 10 27 128 110 0.2533 0.0776 449 149
98-1-1-0.05-50-0 1 2433 10 27 128 109 0.2533 0.0776 449 149
98-1-1-0.05-50-0 1 2433 36 2 34 62 0.8162 0.8198 165 167
98-1-1-0.05-50-0 1 2433 1 1 233 233 0.2520 0.2520 409 409
98-1-1-0.05-50-0 1 2433 36 26 34 53 0.8162 0.8171 165 141
98-1-1-0.05-50-0 1 2433 10 27 128 108 0.2533 0.0776 449 149
98-1-1-0.05-50-0 1 2433 14 13 18 130 0.8451 0.8878 105 151
98-1-1-0.05-50-0 1 2434 10 27 127 107 0.2533 0.0776 449 149
98-1-1-0.05-50-0 1 2434 1 1 229 229 0.2520 0.2520 409 409
98-1-1-0.05-50-0 1 2434 1 8 228 294 0.2520 0.2506 409 303
98-1-1-0.05-50-0 1 2434 1 8 228 293 0.2520 0.2506 409 303
98-1-1-0.05-50-0 1 2434 20 28 96 1 0.9922 0.3846 102 311
98-1-1-0.05-50-0 1 2434 1 8 228 292 0.2520 0.2506 409 303
98-1-1-0.05-50-0 1 2434 10 27 127 106 0.2533 0.0776 449 149
98-1-1-0.05-50-0 1 2434 1 8 228 291 0.2520 0.2506 409 303
98-1-1-0.05-50-0 1 2434 1 1 228 228 0.2520 0.2520 409 409
98-1-1-0.05-50-0 1 2434 1 10 227 127 0.2520 0.2533 409 449
98-1-1-0.05-50-0 1 2435 1 10 233 126 0.2520 0.2533 409 449
98-1-1-0.05-50-0 1 2435 10 27 125 105 0.2533 0.0776 449 149
98-1-1-0.05-50-0 1 2435 1 8 233 295 0.2520 0.2506 409 303
98-1-1-0.05-50-0 1 2435 10 27 125 104 0.2533 0.0776 449 149
98-1-1-0.05-50-0 1 2435 10 27 125 103 0.2533 0.0776 449 149
98-1-1-0.05-50-0 1 2435 37 16 16 5 0.8481 0.2228 127 149
98-1-1-0.05-50-0 1 2435 36 37 34 16 0.8162 0.8481 165 127
98-1-1-0.05-50-0 1 2435 10 27 125 102 0.2533 0.0776 449 149
98-1-1-0.05-50-0 1 2435 1 1 233 233 0.2520 0.2520 409 409
98-1-1-0.05-50-0 1 2435 10 27 125 101 0.2533 0.0776 449 149
98-1-1-0.05-50-0 1 2436 1 10 230 126 0.2520 0.2533 409 449
98-1-1-0.05-50-0 1 2436 1 10 230 125 0.2520 0.2533 409 449
98-1-1-0.05-50-0 1 2436 1 1 230 230 0.2520 0.2520 409 409
98-1-1-0.05-50-0 1 2436 1 10 229 124 0.2520 0.2533 409 449
98-1-1-0.05-50-0 1 2436 1 10 229 123 0.2520 0.2533 409 449
98-1-1-0.05-50-0 1 2436 10 27 122 102 0.2533 0.0776 449 149
98-1-1-0.05-50-0 1 2436 10 27 122 101 0.2533 0.0776 449 149
98-1-1-0.05-50-0 1 2436 14 20 16 94 0.8451 0.9922 105 102
98-1-1-0.05-50-0 1 2436 1 8 229 301 0.2520 0.2506 409 303
98-1-1-0.05-50-0 1 2436 20 46 93 1 0.9922 0.3451 102 327
98-1-1-0.05-50-0 1 2436 36 2 33 66 0.8162 0.8198 165 167
98-1-1-0.05-50-0 1 2437 41 35 92 1 0.9621 0.0354 105 158
98-1-1-0.05-50-0 1 2437 36 26 33 48 0.8162 0.8171 165 141
98-1-1-0.05-50-0 1 2437 14 14 17 17 0.8451 0.8451 105 105
98-1-1-0.05-50-0 1 2437 20 33 92 1 0.9922 0.6893 102 191
98-1-1-0.05-50-0 1 2437 1 1 235 235 0.2520 0.2520 409 409
98-1-1-0.05-50-0 1 2437 10 27 124 102 0.2533 0.0776 449 149
98-1-1-0.05-50-0 1 2437 1 8 234 296 0.2520 0.2506 409 303
98-1-1-0.05-50-0 1 2437 10 27 124 101 0.2533 0.0776 449 149
98-1-1-0.05-50-0 1 2438 1 1 238 238 0.2520 0.2520 409 409
98-1-1-0.05-50-0 1 2438 1 8 237 302 0.2520 0.2506 409 303
98-1-1-0.05-50-0 1 2438 1 8 237 301 0.2520 0.2506 409 303
98-1-1-0.05-50-0 1 2438 1 8 237 300 0.2520 0.2506 409 303
98-1-1-0.05-50-0 1 2438 10 27 120 102 0.2533 0.0776 449 149
98-1-1-0.05-50-0 1 2438 2 30 64 1 0.8198 0.6008 167 266
98-1-1-0.05-50-0 1 2438 1 10 237 120 0.2520 0.2533 409 449
98-1-1-0.05-50-0 1 2438 1 1 237 237 0.2520 0.2520 409 409
98-1-1-0.05-50-0 1 2438 1 8 236 299 0.2520 0.2506 409 303
98-1-1-0.05-50-0 1 2438 10 27 119 101 0.2533 0.0776 449 149
98-1-1-0.05-50-0 1 2438 1 1 236 236 0.2520 0.2520 409 409
98-1-1-0.05-50-0 1 2439 37 50 14 4 0.8481 0.2147 127 147
98-1-1-0.05-50-0 1 2439 10 27 122 103 0.2533 0.0776 449 149
98-1-1-0.05-50-0 1 2439 25 22 124 1 0.9430 0.0160 125 311
98-1-1-0.05-50-0 1 2439 14 13 16 130 0.8451 0.8878 105 151
98-1-1-0.05-50-0 1 2439 1 8 239 298 0.2520 0.2506 409 303
98-1-1-0.05-50-0 1 2439 14 47 16 102 0.8451 0.9293 105 103
98-1-1-0.05-50-0 1 2439 14 14 16 16 0.8451 0.8451 105 105
98-1-1-0.05-50-0 1 2439 1 8 239 297 0.2520 0.2506 409 303
98-1-1-0.05-50-0 1 2439 1 8 239 296 0.2520 0.2506 409 303
98-1-1-0.05-50-0 1 2440 10 27 122 107 0.2533 0.0776 449 149
98-1-1-0.05-50-0 1 2440 20 46 94 1 0.9922 0.3451 102 327
98-1-1-0.05-50-0 1 2440 1 1 239 239 0.2520 0.2520 409 409
98-1-1-0.05-50-0 1 2440 1 10 238 122 0.2520 0.2533 409 449
98-1-1-0.05-50-0 1 2440 1 8 238 303 0.2520 0.2506 409 303
98-1-1-0.05-50-0 1 2440 1 1 238 238 0.2520 0.2520 409 409
98-1-1-0.05-50-0 1 2440 48 27 3 106 0.1153 0.0776 334 149
98-1-1-0.05-50-0 1 2440 10 27 121 105 0.2533 0.0776 449 149
98-1-1-0.05-50-0 1 2441 37 16 14 4 0.8481 0.2228 127 149
98-1-1-0.05-50-0 1 2441 1 8 243 300 0.2520 0.2506 409 303
98-1-1-0.05-50-0 1 2441 1 10 243 125 0.2520 0.2533 409 449
98-1-1-0.05-50-0 1 2441 10 27 124 102 0.2533 0.0776 449 149
98-1-1-0.05-50-0 1 2441 1 1 243 243 0.2520 0.2520 409 409
98-1-1-0.05-50-0 1 2441 10 27 124 101 0.2533 0.0776 449 149
98-1-1-0.05-50-0 1 2442 1 1 251 251 0.2520 0.2520 409 409
98-1-1-0.05-50-0 1 2442 40 30 89 1 0.9739 0.6008 104 266
98-1-1-0.05-50-0 1 2442 1 1 250 250 0.2520 0.2520 409 409
98-1-1-0.05-50-0 1 2442 14 25 13 125 0.8451 0.9430 105 125
98-1-1-0.05-50-0 1 2442 10 27 127 98 0.2533 0.0776 449 149
98-1-1-0.05-50-0 1 2442 10 27 127 97 0.2533 0.0776 449 149
98-1-1-0.05-50-0 1 2442 37 16 13 3 0.8481 0.2228 127 149
98-1-1-0.05-50-0 1 2442 36 2 31 74 0.8162 0.8198 165 167
98-1-1-0.05-50-0 1 2442 10 27 127 96 0.2533 0.0776 449 149
98-1-1-0.05-50-0 1 2442 1 1 249 249 0.2520 0.2520 409 409
98-1-1-0.05-50-0 1 2443 41 4 97 2 0.9621 0.0723 105 351
98-1-1-0.05-50-0 1 2443 1 1 254 254 0.2520 0.2520 409 409
98-1-1-0.05-50-0 1 2443 1 8 253 301 0.2520 0.2506 409 303
98-1-1-0.05-50-0 1 2443 10 27 130 95 0.2533 0.0776 449 149
98-1-1-0.05-50-0 1 2443 1 8 253 300 0.2520 0.2506 409 303
98-1-1-0.05-50-0 1 2443 1 10 253 130 0.2520 0.2533 409 449
98-1-1-0.05-50-0 1 2443 1 10 253 129 0.2520 0.2533 409 449
98-1-1-0.05-50-0 1 2443 10 27 128 94 0.2533 0.0776 449 149
98-1-1-0.05-50-0 1 2443 36 2 30 74 0.8162 0.8198 165 167
98-1-1-0.05-50-0 1 2443 10 27 128 93 0.2533 0.0776 449 149
98-1-1-0.05-50-0 1 2443 10 27 128 92 0.2533 0.0776 449 149
98-1-1-0.05-50-0 1 2444 1 8 261 293 0.2520 0.2506 409 303
98-1-1-0.05-50-0 1 2444 1 1 261 261 0.2520 0.2520 409 409
98-1-1-0.05-50-0 1 2444 10 27 136 93 0.2533 0.0776 449 149
98-1-1-0.05-50-0 1 2444 1 10 260 136 0.2520 0.2533 409 449
98-1-1-0.05-50-0 1 2444 10 27 135 92 0.2533 0.0776 449 149
98-1-1-0.05-50-0 1 2444 10 27 135 91 0.2533 0.0776 449 149
98-1-1-0.05-50-0 1 2444 10 27 135 90 0.2533 0.0776 449 149
98-1-1-0.05-50-0 1 2444 1 1 260 260 0.2520 0.2520 409 409
98-1-1-0.05-50-0 1 2444 1 8 259 292 0.2520 0.2506 409 303
98-1-1-0.05-50-0 1 2444 10 27 135 89 0.2533 0.0776 449 149
98-1-1-0.05-50-0 1 2444 1 8 259 291 0.2520 0.2506 409 303
98-1-1-0.05-50-0 1 2444 1 10 259 135 0.2520 0.2533 409 449
98-1-1-0.05-50-0 1 2445 10 27 139 88 0.2533 0.0776 449 149
98-1-1-0.05-50-0 1 2445 10 27 139 87 0.2533 0.0776 449 149
98-1-1-0.05-50-0 1 2445 1 1 262 262 0.2520 0.2520 409 409
98-1-1-0.05-50-0 1 2445 10 27 139 86 0.2533 0.0776 449 149
98-1-1-0.05-50-0 1 2445 10 27 139 85 0.2533 0.0776 449 149
98-1-1-0.05-50-0 1 2445 36 36 27 27 0.8162 0.8162 165 165
98-1-1-0.05-50-0 1 2445 1 8 261 302 0.2520 0.2506 409 303
98-1-1-0.05-50-0 1 2445 10 27 139 84 0.2533 0.0776 449 149
98-1-1-0.05-50-0 1 2445 1 8 261 301 0.2520 0.2506 409 303
98-1-1-0.05-50-0 1 2445 1 1 261 261 0.2520 0.2520 409 409
98-1-1-0.05-50-0 1 2445 10 27 139 83 0.2533 0.0776 449 149
98-1-1-0.05-50-0 1 2445 1 10 260 139 0.2520 0.2533 409 449
98-1-1-0.05-50-0 1 2446 10 27 139 82 0.2533 0.0776 449 149
98-1-1-0.05-50-0 1 2446 1 1 259 259 0.2520 0.2520 409 409
98-1-1-0.05-50-0 1 2446 20 29 91 1 0.9922 0.6728 102 177
98-1-1-0.05-50-0 1 2446 1 8 258 300 0.2520 0.2506 409 303
98-1-1-0.05-50-0 1 2446 1 10 258 139 0.2520 0.2533 409 449
98-1-1-0.05-50-0 1 2446 1 8 258 299 0.2520 0.2506 409 303
98-1-1-0.05-50-0 1 2446 10 27 138 81 0.2533 0.0776 449 149
98-1-1-0.05-50-0 1 2446 1 10 258 138 0.2520 0.2533 409 449
98-1-1-0.05-50-0 1 2447 10 27 137 82 0.2533 0.0776 449 149
98-1-1-0.05-50-0 1 2447 1 10 265 137 0.2520 0.2533 409 449
98-1-1-0.05-50-0 1 2447 1 1 265 265 0.2520 0.2520 409 409
98-1-1-0.05-50-0 1 2447 36 2 27 72 0.8162 0.8198 165 167
98-1-1-0.05-50-0 1 2447 20 30 91 1 0.9922 0.6008 102 266
98-1-1-0.05-50-0 1 2447 10 27 136 81 0.2533 0.0776 449 149
98-1-1-0.05-50-0 1 2447 1 8 264 303 0.2520 0.2506 409 303
98-1-1-0.05-50-0 1 2448 1 8 264 303 0.2520 0.2506 409 303
98-1-1-0.05-50-0 1 2448 1 10 264 138 0.2520 0.2533 409 449
98-1-1-0.05-50-0 1 2448 36 36 28 28 0.8162 0.8162 165 165
98-1-1-0.05-50-0 1 2448 1 10 264 137 0.2520 0.2533 409 449
98-1-1-0.05-50-0 1 2448 10 27 136 85 0.2533 0.0776 449 149
98-1-1-0.05-50-0 1 2448 1 10 264 136 0.2520 0.2533 409 449
98-1-1-0.05-50-0 1 2448 1 8 264 302 0.2520 0.2506 409 303
98-1-1-0.05-50-0 1 2448 1 50 264 2 0.2520 0.2147 409 147
98-1-1-0.05-50-0 1 2448 1 8 264 301 0.2520 0.2506 409 303
98-1-1-0.05-50-0 1 2448 1 10 264 135 0.2520 0.2533 409 449
98-1-1-0.05-50-0 1 2448 10 27 134 84 0.2533 0.0776 449 149
98-1-1-0.05-50-0 1 2448 41 11 90 1 0.9621 0.0504 105 384
98-1-1-0.05-50-0 1 2448 1 8 264 300 0.2520 0.2506 409 303
98-1-1-0.05-50-0 1 2448 1 1 264 264 0.2520 0.2520 409 409
98-1-1-0.05-50-0 1 2448 10 27 134 83 0.2533 0.0776 449 149
98-1-1-0.05-50-0 1 2448 1 8 263 299 0.2520 0.2506 409 303
98-1-1-0.05-50-0 1 2449 36 2 25 69 0.8162 0.8198 165 167
98-1-1-0.05-50-0 1 2449 1 10 266 136 0.2520 0.2533 409 449
98-1-1-0.05-50-0 1 2449 1 10 266 135 0.2520 0.2533 409 449
98-1-1-0.05-50-0 1 2449 1 8 266 303 0.2520 0.2506 409 303
98-1-1-0.05-50-0 1 2449 1 8 266 302 0.2520 0.2506 409 303
98-1-1-0.05-50-0 1 2449 10 27 134 85 0.2533 0.0776 449 149
98-1-1-0.05-50-0 1 2450 1 1 272 272 0.2520 0.2520 409 409
98-1-1-0.05-50-0 1 2450 1 1 271 271 0.2520 0.2520 409 409
98-1-1-0.05-50-0 1 2450 20 3 92 1 0.9922 0.4813 102 321
98-1-1-0.05-50-0 1 2450 1 8 270 303 0.2520 0.2506 409 303
98-1-1-0.05-50-0 1 2450 1 8 270 302 0.2520 0.2506 409 303
98-1-1-0.05-50-0 1 2450 1 8 270 301 0.2520 0.2506 409 303
98-1-1-0.05-50-0 1 2451 1 1 275 275 0.2520 0.2520 409 409
98-1-1-0.05-50-0 1 2451 1 1 274 274 0.2520 0.2520 409 409
98-1-1-0.05-50-0 1 2451 1 1 273 273 0.2520 0.2520 409 409
98-1-1-0.05-50-0 1 2451 1 8 272 298 0.2520 0.2506 409 303
98-1-1-0.05-50-0 1 2451 36 2 25 72 0.8162 0.8198 165 167
98-1-1-0.05-50-0 1 2451 36 37 25 13 0.8162 0.8481 165 127
98-1-1-0.05-50-0 1 2451 1 10 272 135 0.2520 0.2533 409 449
98-1-1-0.05-50-0 1 2451 36 36 25 25 0.8162 0.8162 165 165
98-1-1-0.05-50-0 1 2452 1 10 271 134 0.2520 0.2533 409 449
98-1-1-0.05-50-0 1 2452 1 8 271 303 0.2520 0.2506 409 303
98-1-1-0.05-50-0 1 2452 10 27 133 89 0.2533 0.0776 449 149
98-1-1-0.05-50-0 1 2452 10 27 133 88 0.2533 0.0776 449 149
98-1-1-0.05-50-0 1 2452 36 2 25 69 0.8162 0.8198 165 167
98-1-1-0.05-50-0 1 2452 1 16 271 4 0.2520 0.2228 409 149
98-1-1-0.05-50-0 1 2452 1 10 271 133 0.2520 0.2533 409 449
98-1-1-0.05-50-0 1 2452 36 2 25 68 0.8162 0.8198 165 167
98-1-1-0.05-50-0 1 2452 41 5 90 1 0.9621 0.0007 105 226
98-1-1-0.05-50-0 1 2453 1 8 274 303 0.2520 0.2506 409 303
98-1-1-0.05-50-0 1 2453 1 10 274 136 0.2520 0.2533 409 449
98-1-1-0.05-50-0 1 2453 10 27 135 87 0.2533 0.0776 449 149
98-1-1-0.05-50-0 1 2453 10 27 135 86 0.2533 0.0776 449 149
98-1-1-0.05-50-0 1 2453 1 8 274 302 0.2520 0.2506 409 303
98-1-1-0.05-50-0 1 2453 1 1 274 274 0.2520 0.2520 409 409
98-1-1-0.05-50-0 1 2453 1 1 273 273 0.2520 0.2520 409 409
98-1-1-0.05-50-0 1 2453 1 10 272 135 0.2520 0.2533 409 449
98-1-1-0.05-50-0 1 2453 1 10 272 134 0.2520 0.2533 409 449
98-1-1-0.05-50-0 1 2454 1 8 278 299 0.2520 0.2506 409 303
98-1-1-0.05-50-0 1 2454 10 27 136 90 0.2533 0.0776 449 149
98-1-1-0.05-50-0 1 2454 10 27 136 89 0.2533 0.0776 449 149
98-1-1-0.05-50-0 1 2454 10 27 136 88 0.2533 0.0776 449 149
98-1-1-0.05-50-0 1 2454 1 8 278 298 0.2520 0.2506 409 303
98-1-1-0.05-50-0 1 2454 1 8 278 297 0.2520 0.2506 409 303
98-1-1-0.05-50-0 1 2454 37 12 11 2 0.8481 0.1896 127 325
98-1-1-0.05-50-0 1 2455 1 8 276 302 0.2520 0.2506 409 303
98-1-1-0.05-50-0 1 2455 1 8 276 301 0.2520 0.2506 409 303
98-1-1-0.05-50-0 1 2455 1 1 276 276 0.2520 0.2520 409 409
98-1-1-0.05-50-0 1 2455 1 8 275 300 0.2520 0.2506 409 303
98-1-1-0.05-50-0 1 2455 1 8 275 299 0.2520 0.2506 409 303
98-1-1-0.05-50-0 1 2455 10 27 135 90 0.2533 0.0776 449 149
98-1-1-0.05-50-0 1 2455 1 8 275 298 0.2520 0.2506 409 303
98-1-1-0.05-50-0 1 2455 1 1 275 275 0.2520 0.2520 409 409
98-1-1-0.05-50-0 1 2455 1 8 274 297 0.2520 0.2506 409 303
98-1-1-0.05-50-0 1 2455 1 10 274 135 0.2520 0.2533 409 449
98-1-1-0.05-50-0 1 2455 14 25 14 120 0.8451 0.9430 105 125
98-1-1-0.05-50-0 1 2455 10 27 134 89 0.2533 0.0776 449 149
98-1-1-0.05-50-0 1 2455 1 8 274 296 0.2520 0.2506 409 303
98-1-1-0.05-50-0 1 2455 1 8 274 295 0.2520 0.2506 409 303
98-1-1-0.05-50-0 1 2456 1 10 273 132 0.2520 0.2533 409 449
98-1-1-0.05-50-0 1 2456 1 10 273 131 0.2520 0.2533 409 449
98-1-1-0.05-50-0 1 2456 36 36 25 25 0.8162 0.8162 165 165
98-1-1-0.05-50-0 1 2456 1 10 273 130 0.2520 0.2533 409 449
98-1-1-0.05-50-0 1 2456 10 27 129 85 0.2533 0.0776 449 149
98-1-1-0.05-50-0 1 2456 1 1 273 273 0.2520 0.2520 409 409
98-1-1-0.05-50-0 1 2456 1 8 272 293 0.2520 0.2506 409 303
98-1-1-0.05-50-0 1 2456 1 8 272 292 0.2520 0.2506 409 303
98-1-1-0.05-50-0 1 2456 1 10 272 129 0.2520 0.2533 409 449
98-1-1-0.05-50-0 1 2457 48 27 2 85 0.1153 0.0776 334 149
98-1-1-0.05-50-0 1 2457 40 42 101 1 0.9739 0.7447 104 106
98-1-1-0.05-50-0 1 2457 1 1 272 272 0.2520 0.2520 409 409
98-1-1-0.05-50-0 1 2457 1 1 271 271 0.2520 0.2520 409 409
98-1-1-0.05-50-0 1 2457 1 8 270 300 0.2520 0.2506 409 303
98-1-1-0.05-50-0 1 2457 1 1 270 270 0.2520 0.2520 409 409
98-1-1-0.05-50-0 1 2457 10 27 133 84 0.2533 0.0776 449 149
98-1-1-0.05-50-0 1 2458 1 8 278 303 0.2520 0.2506 409 303
98-1-1-0.05-50-0 1 2458 14 25 13 123 0.8451 0.9430 105 125
98-1-1-0.05-50-0 1 2458 10 27 138 84 0.2533 0.0776 449 149
98-1-1-0.05-50-0 1 2458 10 27 138 83 0.2533 0.0776 449 149
98-1-1-0.05-50-0 1 2458 1 8 278 302 0.2520 0.2506 409 303
98-1-1-0.05-50-0 1 2458 1 8 278 301 0.2520 0.2506 409 303
98-1-1-0.05-50-0 1 2458 1 8 278 300 0.2520 0.2506 409 303
98-1-1-0.05-50-0 1 2458 10 27 138 82 0.2533 0.0776 449 149
98-1-1-0.05-50-0 1 2458 10 27 138 81 0.2533 0.0776 449 149
98-1-1-0.05-50-0 1 2459 1 1 273 273 0.2520 0.2520 409 409
98-1-1-0.05-50-0 1 2459 14 7 13 106 0.8451 0.9267 105 106
98-1-1-0.05-50-0 1 2459 10 27 138 82 0.2533 0.0776 449 149
98-1-1-0.05-50-0 1 2459 1 10 272 138 0.2520 0.2533 409 449
98-1-1-0.05-50-0 1 2459 36 37 26 13 0.8162 0.8481 165 127
98-1-1-0.05-50-0 1 2459 1 1 272 272 0.2520 0.2520 409 409
98-1-1-0.05-50-0 1 2459 1 8 271 300 0.2520 0.2506 409 303
98-1-1-0.05-50-0 1 2459 1 1 271 271 0.2520 0.2520 409 409
98-1-1-0.05-50-0 1 2459 1 1 270 270 0.2520 0.2520 409 409
98-1-1-0.05-50-0 1 2459 36 2 26 67 0.8162 0.8198 165 167
98-1-1-0.05-50-0 1 2459 1 8 269 299 0.2520 0.2506 409 303
98-1-1-0.05-50-0 1 2459 10 27 137 81 0.2533 0.0776 449 149
98-1-1-0.05-50-0 1 2460 10 27 134 87 0.2533 0.0776 449 149
98-1-1-0.05-50-0 1 2460 36 43 27 6 0.8162 0.8316 165 123
98-1-1-0.05-50-0 1 2460 41 22 95 1 0.9621 0.0160 105 311
98-1-1-0.05-50-0 1 2460 1 1 272 272 0.2520 0.2520 409 409
98-1-1-0.05-50-0 1 2460 10 27 134 86 0.2533 0.0776 449 149
98-1-1-0.05-50-0 1 2460 1 1 271 271 0.2520 0.2520 409 409
98-1-1-0.05-50-0 1 2460 1 8 270 303 0.2520 0.2506 409 303
98-1-1-0.05-50-0 1 2460 10 27 134 85 0.2533 0.0776 449 149
98-1-1-0.05-50-0 1 2460 1 8 270 302 0.2520 0.2506 409 303
98-1-1-0.05-50-0 1 2460 1 8 270 301 0.2520 0.2506 409 303
98-1-1-0.05-50-0 1 2460 1 1 270 270 0.2520 0.2520 409 409
98-1-1-0.05-50-0 1 2461 10 27 132 86 0.2533 0.0776 449 149
98-1-1-0.05-50-0 1 2461 1 1 270 270 0.2520 0.2520 409 409
98-1-1-0.05-50-0 1 2461 1 8 269 303 0.2520 0.2506 409 303
98-1-1-0.05-50-0 1 2461 1 10 269 132 0.2520 0.2533 409 449
98-1-1-0.05-50-0 1 2461 1 10 269 131 0.2520 0.2533 409 449
98-1-1-0.05-50-0 1 2461 1 8 269 302 0.2520 0.2506 409 303
98-1-1-0.05-50-0 1 2461 41 4 96 2 0.9621 0.0723 105 351
98-1-1-0.05-50-0 1 2462 1 8 272 298 0.2520 0.2506 409 303
98-1-1-0.05-50-0 1 2462 14 2 16 70 0.8451 0.8198 105 167
98-1-1-0.05-50-0 1 2462 10 27 125 88 0.2533 0.0776 449 149
98-1-1-0.05-50-0 1 2462 1 10 272 125 0.2520 0.2533 409 449
98-1-1-0.05-50-0 1 2462 10 27 124 87 0.2533 0.0776 449 149
98-1-1-0.05-50-0 1 2462 10 27 124 86 0.2533 0.0776 449 149
98-1-1-0.05-50-0 1 2462 10 27 124 85 0.2533 0.0776 449 149
98-1-1-0.05-50-0 1 2462 1 1 272 272 0.2520 0.2520 409 409
98-1-1-0.05-50-0 1 2462 10 27 124 84 0.2533 0.0776 449 149
98-1-1-0.05-50-0 1 2463 26 3 49 1 0.8171 0.4813 141 321
98-1-1-0.05-50-0 1 2463 1 1 265 265 0.2520 0.2520 409 409
98-1-1-0.05-50-0 1 2463 10 27 123 82 0.2533 0.0776 449 149
98-1-1-0.05-50-0 1 2463 1 1 264 264 0.2520 0.2520 409 409
98-1-1-0.05-50-0 1 2463 1 24 263 2 0.2520 0.1940 409 254
98-1-1-0.05-50-0 1 2463 36 2 25 69 0.8162 0.8198 165 167
98-1-1-0.05-50-0 1 2463 1 1 263 263 0.2520 0.2520 409 409
98-1-1-0.05-50-0 1 2463 1 1 262 262 0.2520 0.2520 409 409
98-1-1-0.05-50-0 1 2463 1 8 261 300 0.2520 0.2506 409 303
98-1-1-0.05-50-0 1 2463 1 10 261 123 0.2520 0.2533 409 449
98-1-1-0.05-50-0 1 2463 1 8 261 299 0.2520 0.2506 409 303
98-1-1-0.05-50-0 1 2463 1 1 261 261 0.2520 0.2520 409 409
98-1-1-0.05-50-0 1 2464 10 27 124 85 0.2533 0.0776 449 149
98-1-1-0.05-50-0 1 2464 1 10 253 124 0.2520 0.2533 409 449
98-1-1-0.05-50-0 1 2464 10 27 123 84 0.2533 0.0776 449 149
98-1-1-0.05-50-0 1 2464 10 27 123 83 0.2533 0.0776 449 149
98-1-1-0.05-50-0 1 2464 1 8 253 295 0.2520 0.2506 409 303
98-1-1-0.05-50-0 1 2464 1 8 253 294 0.2520 0.2506 409 303
98-1-1-0.05-50-0 1 2464 1 8 253 293 0.2520 0.2506 409 303
98-1-1-0.05-50-0 1 2464 10 27 123 82 0.2533 0.0776 449 149
98-1-1-0.05-50-0 1 2464 1 8 253 292 0.2520 0.2506 409 303
98-1-1-0.05-50-0 1 2464 36 2 23 65 0.8162 0.8198 165 167
98-1-1-0.05-50-0 1 2464 36 26 23 48 0.8162 0.8171 165 141
98-1-1-0.05-50-0 1 2465 41 4 97 1 0.9621 0.0723 105 351
98-1-1-0.05-50-0 1 2465 1 1 258 258 0.2520 0.2520 409 409
98-1-1-0.05-50-0 1 2465 1 1 257 257 0.2520 0.2520 409 409
98-1-1-0.05-50-0 1 2465 1 1 256 256 0.2520 0.2520 409 409
98-1-1-0.05-50-0 1 2465 1 1 255 255 0.2520 0.2520 409 409
98-1-1-0.05-50-0 1 2465 48 27 2 85 0.1153 0.0776 334 149
98-1-1-0.05-50-0 1 2465 1 8 254 291 0.2520 0.2506 409 303
98-1-1-0.05-50-0 1 2465 1 8 254 290 0.2520 0.2506 409 303
98-1-1-0.05-50-0 1 2465 1 1 254 254 0.2520 0.2520 409 409
98-1-1-0.05-50-0 1 2465 1 8 253 289 0.2520 0.2506 409 303
98-1-1-0.05-50-0 1 2465 10 27 127 84 0.2533 0.0776 449 149
98-1-1-0.05-50-0 1 2465 1 8 253 288 0.2520 0.2506 409 303
98-1-1-0.05-50-0 1 2466 1 8 256 296 0.2520 0.2506 409 303
98-1-1-0.05-50-0 1 2466 10 27 132 83 0.2533 0.0776 449 149
98-1-1-0.05-50-0 1 2466 1 8 256 295 0.2520 0.2506 409 303
98-1-1-0.05-50-0 1 2466 10 27 132 82 0.2533 0.0776 449 149
98-1-1-0.05-50-0 1 2466 10 27 132 81 0.2533 0.0776 449 149
98-1-1-0.05-50-0 1 2466 1 1 256 256 0.2520 0.2520 409 409
98-1-1-0.05-50-0 1 2466 1 1 255 255 0.2520 0.2520 409 409
98-1-1-0.05-50-0 1 2466 10 27 132 80 0.2533 0.0776 449 149
98-1-1-0.05-50-0 1 2466 1 1 254 254 0.2520 0.2520 409 409
98-1-1-0.05-50-0 1 2467 10 27 130 79 0.2533 0.0776 449 149
98-1-1-0.05-50-0 1 2467 20 38 101 1 0.9922 0.6163 102 270
98-1-1-0.05-50-0 1 2467 10 27 130 78 0.2533 0.0776 449 149
98-1-1-0.05-50-0 1 2467 1 10 251 130 0.2520 0.2533 409 449
98-1-1-0.05-50-0 1 2467 1 8 251 292 0.2520 0.2506 409 303
98-1-1-0.05-50-0 1 2467 1 8 251 291 0.2520 0.2506 409 303
98-1-1-0.05-50-0 1 2467 1 8 251 290 0.2520 0.2506 409 303
98-1-1-0.05-50-0 1 2467 10 27 129 77 0.2533 0.0776 449 149
98-1-1-0.05-50-0 1 2467 36 2 22 67 0.8162 0.8198 165 167
98-1-1-0.05-50-0 1 2467 10 27 129 76 0.2533 0.0776 449 149
98-1-1-0.05-50-0 1 2468 10 27 129 75 0.2533 0.0776 449 149
98-1-1-0.05-50-0 1 2468 1 8 254 295 0.2520 0.2506 409 303
98-1-1-0.05-50-0 1 2468 10 27 129 74 0.2533 0.0776 449 149
98-1-1-0.05-50-0 1 2468 1 10 254 129 0.2520 0.2533 409 449
98-1-1-0.05-50-0 1 2468 10 27 128 73 0.2533 0.0776 449 149
98-1-1-0.05-50-0 1 2469 1 1 259 259 0.2520 0.2520 409 409
98-1-1-0.05-50-0 1 2469 10 27 126 72 0.2533 0.0776 449 149
98-1-1-0.05-50-0 1 2469 1 8 258 302 0.2520 0.2506 409 303
98-1-1-0.05-50-0 1 2469 14 2 16 66 0.8451 0.8198 105 167
98-1-1-0.05-50-0 1 2469 36 26 22 47 0.8162 0.8171 165 141
98-1-1-0.05-50-0 1 2469 1 10 258 126 0.2520 0.2533 409 449
98-1-1-0.05-50-0 1 2469 1 10 258 125 0.2520 0.2533 409 449
98-1-1-0.05-50-0 1 2469 10 27 124 71 0.2533 0.0776 449 149
98-1-1-0.05-50-0 1 2469 1 8 258 301 0.2520 0.2506 409 303
98-1-1-0.05-50-0 1 2470 14 40 17 104 0.8451 0.9739 105 104
98-1-1-0.05-50-0 1 2470 1 8 259 303 0.2520 0.2506 409 303
98-1-1-0.05-50-0 1 2470 1 1 259 259 0.2520 0.2520 409 409
98-1-1-0.05-50-0 1 2470 10 27 122 71 0.2533 0.0776 449 149
98-1-1-0.05-50-0 1 2470 1 8 258 302 0.2520 0.2506 409 303
98-1-1-0.05-50-0 1 2470 1 1 258 258 0.2520 0.2520 409 409
98-1-1-0.05-50-0 1 2470 1 8 257 301 0.2520 0.2506 409 303
98-1-1-0.05-50-0 1 2470 10 27 122 70 0.2533 0.0776 449 149
98-1-1-0.05-50-0 1 2471 1 8 271 303 0.2520 0.2506 409 303
98-1-1-0.05-50-0 1 2471 1 8 271 302 0.2520 0.2506 409 303
98-1-1-0.05-50-0 1 2471 10 27 121 68 0.2533 0.0776 449 149
98-1-1-0.05-50-0 1 2471 1 10 271 121 0.2520 0.2533 409 449
98-1-1-0.05-50-0 1 2471 48 27 3 67 0.1153 0.0776 334 149
98-1-1-0.05-50-0 1 2471 10 27 120 66 0.2533 0.0776 449 149
98-1-1-0.05-50-0 1 2471 1 1 271 271 0.2520 0.2520 409 409
98-1-1-0.05-50-0 1 2471 1 8 270 301 0.2520 0.2506 409 303
98-1-1-0.05-50-0 1 2472 1 8 270 303 0.2520 0.2506 409 303
98-1-1-0.05-50-0 1 2472 1 1 270 270 0.2520 0.2520 409 409
98-1-1-0.05-50-0 1 2472 10 27 116 69 0.2533 0.0776 449 149
98-1-1-0.05-50-0 1 2472 1 10 269 116 0.2520 0.2533 409 449
98-1-1-0.05-50-0 1 2472 10 27 115 68 0.2533 0.0776 449 149
98-1-1-0.05-50-0 1 2472 1 8 269 302 0.2520 0.2506 409 303
98-1-1-0.05-50-0 1 2472 1 1 269 269 0.2520 0.2520 409 409
98-1-1-0.05-50-0 1 2472 1 8 268 301 0.2520 0.2506 409 303
98-1-1-0.05-50-0 1 2472 10 27 115 67 0.2533 0.0776 449 149
98-1-1-0.05-50-0 1 2472 1 10 268 115 0.2520 0.2533 409 449
98-1-1-0.05-50-0 1 2472 1 1 268 268 0.2520 0.2520 409 409
98-1-1-0.05-50-0 1 2472 1 10 267 114 0.2520 0.2533 409 449
98-1-1-0.05-50-0 1 2473 10 27 113 67 0.2533 0.0776 449 149
98-1-1-0.05-50-0 1 2473 1 8 260 303 0.2520 0.2506 409 303
98-1-1-0.05-50-0 1 2473 48 27 4 66 0.1153 0.0776 334 149
98-1-1-0.05-50-0 1 2473 1 1 260 260 0.2520 0.2520 409 409
98-1-1-0.05-50-0 1 2473 14 26 18 44 0.8451 0.8171 105 141
98-1-1-0.05-50-0 1 2473 1 8 259 302 0.2520 0.2506 409 303
98-1-1-0.05-50-0 1 2473 10 27 113 65 0.2533 0.0776 449 149
98-1-1-0.05-50-0 1 2473 36 2 21 70 0.8162 0.8198 165 167
98-1-1-0.05-50-0 1 2473 1 1 259 259 0.2520 0.2520 409 409
98-1-1-0.05-50-0 1 2473 10 27 113 64 0.2533 0.0776 449 149
98-1-1-0.05-50-0 1 2473 14 36 18 21 0.8451 0.8162 105 165
98-1-1-0.05-50-0 1 2473 37 48 4 4 0.8481 0.1153 127 334
98-1-1-0.05-50-0 1 2474 10 27 118 64 0.2533 0.0776 449 149
98-1-1-0.05-50-0 1 2474 1 8 260 300 0.2520 0.2506 409 303
98-1-1-0.05-50-0 1 2474 10 27 118 63 0.2533 0.0776 449 149
98-1-1-0.05-50-0 1 2474 1 10 260 118 0.2520 0.2533 409 449
98-1-1-0.05-50-0 1 2474 10 27 117 62 0.2533 0.0776 449 149
98-1-1-0.05-50-0 1 2474 10 27 117 61 0.2533 0.0776 449 149
98-1-1-0.05-50-0 1 2474 10 27 117 60 0.2533 0.0776 449 149
98-1-1-0.05-50-0 1 2474 10 27 117 59 0.2533 0.0776 449 149
98-1-1-0.05-50-0 1 2474 10 27 117 58 0.2533 0.0776 449 149
98-1-1-0.05-50-0 1 2474 1 1 260 260 0.2520 0.2520 409 409
98-1-1-0.05-50-0 1 2474 1 8 259 299 0.2520 0.2506 409 303
98-1-1-0.05-50-0 1 2475 10 27 124 59 0.2533 0.0776 449 149
98-1-1-0.05-50-0 1 2475 1 8 260 295 0.2520 0.2506 409 303
98-1-1-0.05-50-0 1 2475 1 1 260 260 0.2520 0.2520 409 409
98-1-1-0.05-50-0 1 2475 1 1 259 259 0.2520 0.2520 409 409
98-1-1-0.05-50-0 1 2475 1 8 258 294 0.2520 0.2506 409 303
98-1-1-0.05-50-0 1 2475 10 27 124 58 0.2533 0.0776 449 149
98-1-1-0.05-50-0 1 2475 10 27 124 57 0.2533 0.0776 449 149
98-1-1-0.05-50-0 1 2475 10 27 124 56 0.2533 0.0776 449 149
98-1-1-0.05-50-0 1 2475 1 10 258 124 0.2520 0.2533 409 449
98-1-1-0.05-50-0 1 2475 1 8 258 293 0.2520 0.2506 409 303
98-1-1-0.05-50-0 1 2475 1 8 258 292 0.2520 0.2506 409 303
98-1-1-0.05-50-0 1 2475 10 27 123 55 0.2533 0.0776 449 149
98-1-1-0.05-50-0 1 2475 1 16 258 3 0.2520 0.2228 409 149
98-1-1-0.05-50-0 1 2475 10 27 123 54 0.2533 0.0776 449 149
98-1-1-0.05-50-0 1 2475 10 27 123 53 0.2533 0.0776 449 149
98-1-1-0.05-50-0 1 2476 1 8 259 299 0.2520 0.2506 409 303
98-1-1-0.05-50-0 1 2476 1 8 259 298 0.2520 0.2506 409 303
98-1-1-0.05-50-0 1 2476 10 27 123 52 0.2533 0.0776 449 149
98-1-1-0.05-50-0 1 2476 9 8 2 297 0.6134 0.2506 161 303
98-1-1-0.05-50-0 1 2476 10 27 123 51 0.2533 0.0776 449 149
98-1-1-0.05-50-0 1 2476 1 1 259 259 0.2520 0.2520 409 409
98-1-1-0.05-50-0 1 2476 10 27 123 50 0.2533 0.0776 449 149
98-1-1-0.05-50-0 1 2476 1 1 258 258 0.2520 0.2520 409 409
98-1-1-0.05-50-0 1 2477 10 27 127 48 0.2533 0.0776 449 149
98-1-1-0.05-50-0 1 2477 10 27 127 47 0.2533 0.0776 449 149
98-1-1-0.05-50-0 1 2477 1 10 262 127 0.2520 0.2533 409 449
98-1-1-0.05-50-0 1 2477 10 27 126 46 0.2533 0.0776 449 149
98-1-1-0.05-50-0 1 2477 1 8 262 300 0.2520 0.2506 409 303
98-1-1-0.05-50-0 1 2477 1 10 262 126 0.2520 0.2533 409 449
98-1-1-0.05-50-0 1 2477 1 8 262 299 0.2520 0.2506 409 303
98-1-1-0.05-50-0 1 2477 1 8 262 298 0.2520 0.2506 409 303
98-1-1-0.05-50-0 1 2477 1 1 262 262 0.2520 0.2520 409 409
98-1-1-0.05-50-0 1 2477 1 39 261 1 0.2520 0.2187 409 309
98-1-1-0.05-50-0 1 2477 10 27 125 45 0.2533 0.0776 449 149
98-1-1-0.05-50-0 1 2477 10 27 125 44 0.2533 0.0776 449 149
98-1-1-0.05-50-0 1 2477 1 8 261 297 0.2520 0.2506 409 303
98-1-1-0.05-50-0 1 2478 1 10 268 125 0.2520 0.2533 409 449
98-1-1-0.05-50-0 1 2478 1 8 268 302 0.2520 0.2506 409 303
98-1-1-0.05-50-0 1 2478 1 8 268 301 0.2520 0.2506 409 303
98-1-1-0.05-50-0 1 2478 10 27 124 44 0.2533 0.0776 449 149
98-1-1-0.05-50-0 1 2478 1 1 268 268 0.2520 0.2520 409 409
98-1-1-0.05-50-0 1 2478 1 10 267 124 0.2520 0.2533 409 449
98-1-1-0.05-50-0 1 2478 1 8 267 300 0.2520 0.2506 409 303
98-1-1-0.05-50-0 1 2478 10 27 123 43 0.2533 0.0776 449 149
98-1-1-0.05-50-0 1 2478 1 1 267 267 0.2520 0.2520 409 409
98-1-1-0.05-50-0 1 2478 1 1 266 266 0.2520 0.2520 409 409
98-1-1-0.05-50-0 1 2478 1 8 265 299 0.2520 0.2506 409 303
98-1-1-0.05-50-0 1 2478 10 27 123 42 0.2533 0.0776 449 149
98-1-1-0.05-50-0 1 2479 1 1 266 266 0.2520 0.2520 409 409
98-1-1-0.05-50-0 1 2479 1 1 265 265 0.2520 0.2520 409 409
98-1-1-0.05-50-0 1 2479 1 1 264 264 0.2520 0.2520 409 409
98-1-1-0.05-50-0 1 2479 9 10 3 122 0.6134 0.2533 161 449
98-1-1-0.05-50-0 1 2479 1 8 263 303 0.2520 0.2506 409 303
98-1-1-0.05-50-0 1 2479 1 1 263 263 0.2520 0.2520 409 409
98-1-1-0.05-50-0 1 2479 10 27 121 40 0.2533 0.0776 449 149
98-1-1-0.05-50-0 1 2479 10 27 121 39 0.2533 0.0776 449 149
98-1-1-0.05-50-0 1 2480 10 27 124 38 0.2533 0.0776 449 149
98-1-1-0.05-50-0 1 2480 10 27 124 37 0.2533 0.0776 449 149
98-1-1-0.05-50-0 1 2480 20 9 95 4 0.9922 0.6134 102 161
98-1-1-0.05-50-0 1 2480 14 2 15 72 0.8451 0.8198 105 167
98-1-1-0.05-50-0 1 2480 40 9 97 3 0.9739 0.6134 104 161
98-1-1-0.05-50-0 1 2480 1 8 269 298 0.2520 0.2506 409 303
98-1-1-0.05-50-0 1 2480 1 8 269 297 0.2520 0.2506 409 303
98-1-1-0.05-50-0 1 2481 1 10 267 128 0.2520 0.2533 409 449
98-1-1-0.05-50-0 1 2481 1 8 267 288 0.2520 0.2506 409 303
98-1-1-0.05-50-0 1 2481 10 27 127 40 0.2533 0.0776 449 149
98-1-1-0.05-50-0 1 2481 1 1 267 267 0.2520 0.2520 409 409
98-1-1-0.05-50-0 1 2481 1 1 266 266 0.2520 0.2520 409 409
98-1-1-0.05-50-0 1 2481 10 27 127 39 0.2533 0.0776 449 149
98-1-1-0.05-50-0 1 2481 10 27 127 38 0.2533 0.0776 449 149
98-1-1-0.05-50-0 1 2482 10 27 128 38 0.2533 0.0776 449 149
98-1-1-0.05-50-0 1 2482 1 1 265 265 0.2520 0.2520 409 409
98-1-1-0.05-50-0 1 2482 41 5 86 1 0.9621 0.0007 105 226
98-1-1-0.05-50-0 1 2482 10 27 128 37 0.2533 0.0776 449 149
98-1-1-0.05-50-0 1 2482 10 27 128 36 0.2533 0.0776 449 149
98-1-1-0.05-50-0 1 2482 10 27 128 35 0.2533 0.0776 449 149
98-1-1-0.05-50-0 1 2482 1 10 264 128 0.2520 0.2533 409 449
98-1-1-0.05-50-0 1 2482 1 8 264 280 0.2520 0.2506 409 303
98-1-1-0.05-50-0 1 2482 37 18 5 2 0.8481 0.2181 127 226
98-1-1-0.05-50-0 1 2482 1 8 264 279 0.2520 0.2506 409 303
98-1-1-0.05-50-0 1 2482 36 36 16 16 0.8162 0.8162 165 165
98-1-1-0.05-50-0 1 2483 10 27 123 35 0.2533 0.0776 449 149
98-1-1-0.05-50-0 1 2483 40 46 103 2 0.9739 0.3451 104 327
98-1-1-0.05-50-0 1 2483 10 27 123 34 0.2533 0.0776 449 149
98-1-1-0.05-50-0 1 2483 10 27 123 33 0.2533 0.0776 449 149
98-1-1-0.05-50-0 1 2483 1 8 267 287 0.2520 0.2506 409 303
98-1-1-0.05-50-0 1 2483 1 1 267 267 0.2520 0.2520 409 409
98-1-1-0.05-50-0 1 2483 20 6 91 1 0.9922 0.4266 102 249
98-1-1-0.05-50-0 1 2483 14 7 14 105 0.8451 0.9267 105 106
98-1-1-0.05-50-0 1 2483 1 1 266 266 0.2520 0.2520 409 409
98-1-1-0.05-50-0 1 2483 1 8 265 286 0.2520 0.2506 409 303
98-1-1-0.05-50-0 1 2483 36 26 15 37 0.8162 0.8171 165 141
98-1-1-0.05-50-0 1 2483 50 48 2 2 0.2147 0.1153 147 334
98-1-1-0.05-50-0 1 2484 20 9 92 2 0.9922 0.6134 102 161
98-1-1-0.05-50-0 1 2484 1 8 267 284 0.2520 0.2506 409 303
98-1-1-0.05-50-0 1 2484 1 10 267 124 0.2520 0.2533 409 449
98-1-1-0.05-50-0 1 2484 1 1 267 267 0.2520 0.2520 409 409
98-1-1-0.05-50-0 1 2484 10 27 123 32 0.2533 0.0776 449 149
98-1-1-0.05-50-0 1 2484 1 1 266 266 0.2520 0.2520 409 409
98-1-1-0.05-50-0 1 2484 20 46 92 1 0.9922 0.3451 102 327
98-1-1-0.05-50-0 1 2485 1 10 270 126 0.2520 0.2533 409 449
98-1-1-0.05-50-0 1 2485 1 10 270 125 0.2520 0.2533 409 449
98-1-1-0.05-50-0 1 2485 10 27 124 32 0.2533 0.0776 449 149
98-1-1-0.05-50-0 1 2485 1 8 270 286 0.2520 0.2506 409 303
98-1-1-0.05-50-0 1 2485 1 8 270 285 0.2520 0.2506 409 303
98-1-1-0.05-50-0 1 2486 1 1 272 272 0.2520 0.2520 409 409
98-1-1-0.05-50-0 1 2486 1 10 271 129 0.2520 0.2533 409 449
98-1-1-0.05-50-0 1 2486 1 1 271 271 0.2520 0.2520 409 409
98-1-1-0.05-50-0 1 2486 1 8 270 283 0.2520 0.2506 409 303
98-1-1-0.05-50-0 1 2486 1 8 270 282 0.2520 0.2506 409 303
98-1-1-0.05-50-0 1 2486 1 1 270 270 0.2520 0.2520 409 409
98-1-1-0.05-50-0 1 2486 1 1 269 269 0.2520 0.2520 409 409
98-1-1-0.05-50-0 1 2486 10 27 128 28 0.2533 0.0776 449 149
98-1-1-0.05-50-0 1 2486 48 27 1 27 0.1153 0.0776 334 149
98-1-1-0.05-50-0 1 2487 10 27 127 24 0.2533 0.0776 449 149
98-1-1-0.05-50-0 1 2487 10 27 127 23 0.2533 0.0776 449 149
98-1-1-0.05-50-0 1 2487 1 1 274 274 0.2520 0.2520 409 409
98-1-1-0.05-50-0 1 2487 1 8 273 280 0.2520 0.2506 409 303
98-1-1-0.05-50-0 1 2487 10 27 127 22 0.2533 0.0776 449 149
98-1-1-0.05-50-0 1 2487 1 1 273 273 0.2520 0.2520 409 409
98-1-1-0.05-50-0 1 2487 1 8 272 279 0.2520 0.2506 409 303
98-1-1-0.05-50-0 1 2488 1 1 271 271 0.2520 0.2520 409 409
98-1-1-0.05-50-0 1 2488 10 27 130 19 0.2533 0.0776 449 149
98-1-1-0.05-50-0 1 2488 10 27 130 18 0.2533 0.0776 449 149
98-1-1-0.05-50-0 1 2488 1 8 270 280 0.2520 0.2506 409 303
98-1-1-0.05-50-0 1 2488 1 8 270 279 0.2520 0.2506 409 303
98-1-1-0.05-50-0 1 2488 1 8 270 278 0.2520 0.2506 409 303
98-1-1-0.05-50-0 1 2488 1 8 270 277 0.2520 0.2506 409 303
98-1-1-0.05-50-0 1 2488 1 16 270 5 0.2520 0.2228 409 149
98-1-1-0.05-50-0 1 2488 1 1 270 270 0.2520 0.2520 409 409
98-1-1-0.05-50-0 1 2489 1 1 272 272 0.2520 0.2520 409 409
98-1-1-0.05-50-0 1 2489 1 8 271 281 0.2520 0.2506 409 303
98-1-1-0.05-50-0 1 2489 1 1 271 271 0.2520 0.2520 409 409
98-1-1-0.05-50-0 1 2489 1 10 270 134 0.2520 0.2533 409 449
98-1-1-0.05-50-0 1 2489 1 8 270 280 0.2520 0.2506 409 303
98-1-1-0.05-50-0 1 2489 10 27 133 17 0.2533 0.0776 449 149
98-1-1-0.05-50-0 1 2490 1 10 273 136 0.2520 0.2533 409 449
98-1-1-0.05-50-0 1 2490 1 8 273 280 0.2520 0.2506 409 303
98-1-1-0.05-50-0 1 2490 2 9 70 1 0.8198 0.6134 167 161
98-1-1-0.05-50-0 1 2490 1 8 273 279 0.2520 0.2506 409 303
98-1-1-0.05-50-0 1 2490 10 27 135 17 0.2533 0.0776 449 149
98-1-1-0.05-50-0 1 2491 1 8 278 282 0.2520 0.2506 409 303
98-1-1-0.05-50-0 1 2491 1 16 278 5 0.2520 0.2228 409 149
98-1-1-0.05-50-0 1 2491 10 27 139 17 0.2533 0.0776 449 149
98-1-1-0.05-50-0 1 2491 1 8 278 281 0.2520 0.2506 409 303
98-1-1-0.05-50-0 1 2491 1 1 278 278 0.2520 0.2520 409 409
98-1-1-0.05-50-0 1 2491 1 8 277 280 0.2520 0.2506 409 303
98-1-1-0.05-50-0 1 2492 1 10 278 143 0.2520 0.2533 409 449
98-1-1-0.05-50-0 1 2492 40 31 98 1 0.9739 0.5626 104 252
98-1-1-0.05-50-0 1 2492 36 26 19 40 0.8162 0.8171 165 141
98-1-1-0.05-50-0 1 2492 14 40 8 98 0.8451 0.9739 105 104
98-1-1-0.05-50-0 1 2492 1 1 278 278 0.2520 0.2520 409 409
98-1-1-0.05-50-0 1 2492 14 25 8 125 0.8451 0.9430 105 125
98-1-1-0.05-50-0 1 2493 2 29 68 2 0.8198 0.6728 167 177
98-1-1-0.05-50-0 1 2493 1 8 273 276 0.2520 0.2506 409 303
98-1-1-0.05-50-0 1 2493 1 1 273 273 0.2520 0.2520 409 409
98-1-1-0.05-50-0 1 2493 10 27 141 15 0.2533 0.0776 449 149
98-1-1-0.05-50-0 1 2493 10 27 141 14 0.2533 0.0776 449 149
98-1-1-0.05-50-0 1 2493 1 10 272 141 0.2520 0.2533 409 449
98-1-1-0.05-50-0 1 2493 10 27 140 13 0.2533 0.0776 449 149
98-1-1-0.05-50-0 1 2493 20 29 94 1 0.9922 0.6728 102 177
98-1-1-0.05-50-0 1 2493 10 27 140 12 0.2533 0.0776 449 149
98-1-1-0.05-50-0 1 2494 43 24 4 2 0.8316 0.1940 123 254
98-1-1-0.05-50-0 1 2494 1 8 283 284 0.2520 0.2506 409 303
98-1-1-0.05-50-0 1 2494 10 27 142 10 0.2533 0.0776 449 149
98-1-1-0.05-50-0 1 2494 1 10 283 142 0.2520 0.2533 409 449
98-1-1-0.05-50-0 1 2494 1 8 283 283 0.2520 0.2506 409 303
98-1-1-0.05-50-0 1 2495 1 8 284 276 0.2520 0.2506 409 303
98-1-1-0.05-50-0 1 2495 1 8 284 275 0.2520 0.2506 409 303
98-1-1-0.05-50-0 1 2495 1 1 284 284 0.2520 0.2520 409 409
98-1-1-0.05-50-0 1 2495 1 8 283 274 0.2520 0.2506 409 303
98-1-1-0.05-50-0 1 2495 1 10 283 144 0.2520 0.2533 409 449
98-1-1-0.05-50-0 1 2495 1 10 283 143 0.2520 0.2533 409 449
98-1-1-0.05-50-0 1 2495 1 16 283 4 0.2520 0.2228 409 149
98-1-1-0.05-50-0 1 2495 1 8 283 273 0.2520 0.2506 409 303
98-1-1-0.05-50-0 1 2495 10 27 142 9 0.2533 0.0776 449 149
98-1-1-0.05-50-0 1 2496 1 1 286 286 0.2520 0.2520 409 409
98-1-1-0.05-50-0 1 2496 1 1 285 285 0.2520 0.2520 409 409
98-1-1-0.05-50-0 1 2496 10 27 144 8 0.2533 0.0776 449 149
98-1-1-0.05-50-0 1 2496 1 8 284 275 0.2520 0.2506 409 303
98-1-1-0.05-50-0 1 2496 10 27 144 7 0.2533 0.0776 449 149
98-1-1-0.05-50-0 1 2496 1 1 284 284 0.2520 0.2520 409 409
98-1-1-0.05-50-0 1 2496 1 1 283 283 0.2520 0.2520 409 409
98-1-1-0.05-50-0 1 2497 20 30 99 2 0.9922 0.6008 102 266
98-1-1-0.05-50-0 1 2497 1 10 284 145 0.2520 0.2533 409 449
98-1-1-0.05-50-0 1 2497 1 8 284 278 0.2520 0.2506 409 303
98-1-1-0.05-50-0 1 2497 1 8 284 277 0.2520 0.2506 409 303
98-1-1-0.05-50-0 1 2497 10 27 144 5 0.2533 0.0776 449 149
98-1-1-0.05-50-0 1 2497 1 10 284 144 0.2520 0.2533 409 449
98-1-1-0.05-50-0 1 2497 1 8 284 276 0.2520 0.2506 409 303
98-1-1-0.05-50-0 1 2497 1 10 284 143 0.2520 0.2533 409 449
98-1-1-0.05-50-0 1 2497 1 8 284 275 0.2520 0.2506 409 303
98-1-1-0.05-50-0 1 2497 1 8 284 274 0.2520 0.2506 409 303
98-1-1-0.05-50-0 1 2497 1 1 284 284 0.2520 0.2520 409 409
98-1-1-0.05-50-0 1 2498 1 8 290 277 0.2520 0.2506 409 303
98-1-1-0.05-50-0 1 2498 1 10 290 146 0.2520 0.2533 409 449
98-1-1-0.05-50-0 1 2498 1 8 290 276 0.2520 0.2506 409 303
98-1-1-0.05-50-0 1 2498 10 27 145 4 0.2533 0.0776 449 149
98-1-1-0.05-50-0 1 2498 1 10 290 145 0.2520 0.2533 409 449
98-1-1-0.05-50-0 1 2498 37 50 6 1 0.8481 0.2147 127 147
98-1-1-0.05-50-0 1 2498 1 8 290 275 0.2520 0.2506 409 303
98-1-1-0.05-50-0 1 2499 1 8 293 276 0.2520 0.2506 409 303
98-1-1-0.05-50-0 1 2499 1 8 293 275 0.2520 0.2506 409 303
98-1-1-0.05-50-0 1 2499 1 8 293 274 0.2520 0.2506 409 303
98-1-1-0.05-50-0 1 2499 1 1 293 293 0.2520 0.2520 409 409
98-1-1-0.05-50-0 1 2499 10 27 147 3 0.2533 0.0776 449 149
98-1-1-0.05-50-0 1 2499 1 1 292 292 0.2520 0.2520 409 409
98-1-1-0.05-50-0 1 2499 1 1 291 291 0.2520 0.2520 409 409
98-1-1-0.05-50-0 1 2499 10 27 147 2 0.2533 0.0776 449 149
98-1-1-0.05-50-0 1 2500 1 8 294 275 0.2520 0.2506 409 303
98-1-1-0.05-50-0 1 2500 40 29 99 2 0.9739 0.6728 104 177
98-1-1-0.05-50-0 1 2500 1 1 294 294 0.2520 0.2520 409 409
98-1-1-0.05-50-0 1 2500 1 1 293 293 0.2520 0.2520 409 409
